,foreground,bg_means,bg_stdev,pvals,minus_logs,regs,active
2,0.2,0.31683168316831684,0.2184868335207397,1.0,-0.0,0,0
3,0.2,0.3841584158415841,0.23493528633606167,1.0,-0.0,0,0
4,0.2,0.4217821782178217,0.24680290785553644,1.0,-0.0,0,0
5,0.4,0.5801980198019802,0.30766440569349635,1.0,-0.0,0,0
6,0.4,0.4613861386138614,0.2880354409676117,1.0,-0.0,0,0
7,0.2,0.4980198019801981,0.30506619895769416,1.0,-0.0,0,0
8,0.2,0.42970297029702975,0.2805738654108279,1.0,-0.0,0,0
9,0.2,0.48514851485148514,0.30487333471552847,1.0,-0.0,0,0
10,0.0,0.4693069306930694,0.3101397239435914,1.0,-0.0,0,0
11,0.0,0.45742574257425744,0.3009379840239663,1.0,-0.0,0,0
12,0.0,0.2752475247524752,0.23352907703454365,1.0,-0.0,0,0
13,0.0,0.37425742574257415,0.26945249414929195,1.0,-0.0,0,0
14,0.4,0.8633663366336632,0.40582949457716594,1.0,-0.0,0,0
15,0.4,0.8079207920792079,0.40679456179782375,1.0,-0.0,0,0
16,0.4,0.9683168316831683,0.4456457530835978,1.0,-0.0,0,0
17,0.4,0.9702970297029702,0.43179215628448037,1.0,-0.0,0,0
18,0.4,0.8712871287128712,0.42176823293080934,1.0,-0.0,0,0
19,0.0,0.2871287128712871,0.21325546727829955,1.0,-0.0,0,0
20,0.0,0.20198019801980197,0.1676749554852796,1.0,-0.0,0,0
21,0.0,0.041584158415841586,0.08116396646304633,1.0,-0.0,0,0
22,0.8,0.5564356435643565,0.31541763657444644,0.21999906329620295,0.657579168296686,0,0
23,0.8,0.5841584158415841,0.32173190772594434,0.2511503882470545,0.6000661461390205,0,0
24,0.8,0.801980198019802,0.3464045017256594,1.0,-0.0,0,0
25,0.8,0.8613861386138615,0.36775214883964824,1.0,-0.0,0,0
26,1.0,1.1099009900990098,0.4130315238598502,1.0,-0.0,0,0
27,0.2,0.7623762376237623,0.31429679016279594,1.0,-0.0,0,0
28,0.2,0.7346534653465345,0.3160510184295688,1.0,-0.0,0,0
29,0.2,0.5148514851485149,0.2538363621221713,1.0,-0.0,0,0
30,0.2,0.4554455445544555,0.24229727569017703,1.0,-0.0,0,0
31,0.0,0.28712871287128716,0.18329404301633478,1.0,-0.0,0,0
32,0.0,0.10891089108910891,0.12113245340338318,1.0,-0.0,0,0
33,0.0,0.10891089108910891,0.12113245340338318,1.0,-0.0,0,0
34,0.0,0.23168316831683164,0.1728793392928091,1.0,-0.0,0,0
35,0.0,0.23168316831683164,0.1728793392928091,1.0,-0.0,0,0
36,0.0,0.15247524752475247,0.14931796056640678,1.0,-0.0,0,0
37,0.0,0.12079207920792079,0.14094225464771679,1.0,-0.0,0,0
38,0.0,0.12079207920792079,0.14094225464771679,1.0,-0.0,0,0
39,0.0,0.021782178217821784,0.06230547612891991,1.0,-0.0,0,0
40,0.0,0.021782178217821784,0.06230547612891991,1.0,-0.0,0,0
41,0.0,0.021782178217821784,0.06230547612891991,1.0,-0.0,0,0
42,0.0,0.021782178217821784,0.06230547612891991,1.0,-0.0,0,0
43,0.0,0.021782178217821784,0.06230547612891991,1.0,-0.0,0,0
44,0.2,0.04752475247524753,0.09397077637785879,0.05233944412570533,1.2811708941229774,0,0
45,0.6,0.2772277227722772,0.2197573766179023,0.07094806399134451,1.1490594509372698,0,0
46,0.8,0.3504950495049505,0.2293442060026321,0.025000365266532584,1.6020536460447357,0,0
47,2.0,0.8534653465346533,0.39188914285073767,0.0017186281404234934,2.764818081446959,0,0
48,2.0,0.8534653465346533,0.39188914285073767,0.0017186281404234934,2.764818081446959,0,0
49,1.8,0.8059405940594059,0.3863568816978555,0.0050424498069584905,2.297358416103685,0,0
50,1.6,0.6237623762376239,0.33215423914870107,0.0016457847021038139,2.7836269788466645,0,0
51,1.4,0.5524752475247525,0.3033130785916438,0.0026012196063217564,2.584822981219091,0,0
52,0.2,0.04752475247524753,0.09809478080396702,0.06004850186537829,1.2214978232271951,0,0
53,0.2,0.04752475247524753,0.09809478080396702,0.06004850186537829,1.2214978232271951,0,0
54,0.2,0.04752475247524753,0.09809478080396702,0.06004850186537829,1.2214978232271951,0,0
55,0.0,0.0,0.0,1.0,-0.0,0,0
56,0.0,0.0,0.0,1.0,-0.0,0,0
57,0.0,0.0,0.0,1.0,-0.0,0,0
58,0.0,0.0,0.0,1.0,-0.0,0,0
59,0.2,0.06732673267326733,0.11000352009767249,0.11389293410569641,0.9435032186258504,0,0
60,0.2,0.07920792079207921,0.1261123431927973,0.16907845647801423,0.771911725511465,0,0
61,0.2,0.12079207920792076,0.149134022841685,0.2976681413832575,0.5262676442308094,0,0
62,0.2,0.12079207920792076,0.149134022841685,0.2976681413832575,0.5262676442308094,0,0
63,0.2,0.1277227722772277,0.1476675500000171,0.312258348046925,0.5054859421860101,0,0
64,0.0,0.05940594059405942,0.09138994660763826,1.0,-0.0,0,0
65,0.0,0.04752475247524753,0.08512548617902843,1.0,-0.0,0,0
66,0.0,0.015841584158415842,0.054012600780142014,1.0,-0.0,0,0
67,0.0,0.015841584158415842,0.054012600780142014,1.0,-0.0,0,0
68,0.0,0.009900990099009901,0.04338396495090424,1.0,-0.0,0,0
69,0.2,0.025742574257425745,0.06697637435757531,0.004637140001348011,2.3337497919853583,0,0
70,0.2,0.025742574257425745,0.06697637435757531,0.004637140001348011,2.3337497919853583,0,0
71,0.2,0.015841584158415842,0.05401260078014202,0.00032535620257014524,3.4876409094885674,0,0
72,0.4,0.047524752475247525,0.10205226714237722,0.0002763020078463148,3.5586159591174855,0,0
73,0.4,0.047524752475247525,0.10205226714237722,0.0002763020078463148,3.5586159591174855,0,0
74,0.2,0.031683168316831684,0.0730260947112308,0.01058647624307391,1.9752485727397298,0,0
75,0.2,0.031683168316831684,0.0730260947112308,0.01058647624307391,1.9752485727397298,0,0
76,0.2,0.031683168316831684,0.0730260947112308,0.01058647624307391,1.9752485727397298,0,0
77,0.0,0.10099009900990098,0.13386490123687583,1.0,-0.0,0,0
78,0.0,0.10099009900990098,0.13386490123687583,1.0,-0.0,0,0
79,0.0,0.10099009900990098,0.13386490123687583,1.0,-0.0,0,0
80,0.0,0.10099009900990098,0.13386490123687583,1.0,-0.0,0,0
81,0.0,0.10099009900990098,0.13386490123687583,1.0,-0.0,0,0
82,0.0,0.07326732673267328,0.11848138852793338,1.0,-0.0,0,0
83,0.0,0.07326732673267328,0.11848138852793338,1.0,-0.0,0,0
84,0.2,0.15247524752475244,0.16203780234042603,0.38464863179577735,0.4149358080191645,0,0
85,0.2,0.15247524752475244,0.16203780234042603,0.38464863179577735,0.4149358080191645,0,0
86,0.2,0.2613861386138614,0.21200144639414265,1.0,-0.0,0,0
87,0.2,0.2376237623762376,0.19440260619841393,1.0,-0.0,0,0
88,0.4,0.6376237623762375,0.3014327126033747,1.0,-0.0,0,0
89,0.4,0.6158415841584158,0.3241844827637763,1.0,-0.0,0,0
90,0.8,0.7544554455445543,0.35363032453501786,0.4487613442804667,0.34798455970357356,0,0
91,1.2,0.6930693069306929,0.3324846235535106,0.06367020287242371,1.1960637663410618,0,0
92,1.2,0.6435643564356435,0.30907586353936733,0.03590501512944556,1.4448448859363008,0,0
93,1.0,0.27326732673267323,0.2004406477960327,0.0001441037439826711,3.841324735564278,0,0
94,0.8,0.2178217821782178,0.18900261384538627,0.001034080958025487,2.9854454590685964,0,0
95,0.4,0.07920792079207921,0.12611234319279727,0.005484248282112358,2.260882892119115,0,0
96,0.0,0.0297029702970297,0.07112192077650681,1.0,-0.0,0,0
97,0.0,0.0297029702970297,0.07112192077650681,1.0,-0.0,0,0
98,0.2,0.041584158415841586,0.08116396646304633,0.025480968483881664,1.5937840693032386,0,0
99,0.2,0.16633663366336632,0.17591471140208167,0.42412104966371267,0.37251017242136986,0,0
100,0.8,0.5168316831683168,0.2703387339531366,0.1474443269432168,0.8313719326723996,0,0
101,1.2,0.6158415841584158,0.2947503300806277,0.023746596295340972,1.6243986309269287,0,0
102,1.4,0.6574257425742575,0.3035586082525919,0.007217938348202501,2.1415868317735747,0,0
103,1.2,0.6158415841584158,0.3000767800319147,0.025785566057114562,1.5886233303118358,0,0
104,1.2,0.4910891089108912,0.2835765249891967,0.006211545970405314,2.2068002963037325,0,0
105,0.6,0.14257425742574256,0.15501295675866078,0.0015843133058770097,2.8001589303483687,0,0
106,0.2,0.041584158415841586,0.08116396646304633,0.025480968483881664,1.5937840693032386,0,0
107,0.0,0.0,0.0,1.0,-0.0,0,0
108,0.0,0.0,0.0,1.0,-0.0,0,0
109,0.0,0.0,0.0,1.0,-0.0,0,0
110,0.0,0.0,0.0,1.0,-0.0,0,0
111,0.0,0.0,0.0,1.0,-0.0,0,0
112,0.0,0.0,0.0,1.0,-0.0,0,0
113,0.0,0.0,0.0,1.0,-0.0,0,0
114,0.0,0.05148514851485149,0.1001126705723924,1.0,-0.0,0,0
115,0.0,0.05148514851485149,0.1001126705723924,1.0,-0.0,0,0
116,0.0,0.10297029702970295,0.15054715096038185,1.0,-0.0,0,0
117,0.0,0.1287128712871287,0.1606525268671035,1.0,-0.0,0,0
118,0.2,0.20594059405940587,0.19991175388711227,1.0,-0.0,0,0
119,0.2,0.15445544554455445,0.1732192295336953,0.39630221655733144,0.40197349860720377,0,0
120,0.2,0.18217821782178212,0.1868954489346046,0.4620156498912872,0.3353433133046641,0,0
121,0.2,0.18217821782178212,0.18260818825185748,0.4611266516818227,0.33617977618906686,0,0
122,0.4,0.23366336633663365,0.19308707712077477,0.1944925990835185,0.7110969199852749,0,0
123,0.2,0.15841584158415842,0.15238521194115637,0.3924694974395642,0.40619409078738355,0,0
124,0.2,0.15841584158415842,0.15238521194115637,0.3924694974395642,0.40619409078738355,0,0
125,0.2,0.13069306930693067,0.13624568246946198,0.3054844719288998,0.5150108604688454,0,0
126,0.2,0.07722772277227724,0.105193069190443,0.12158221832020351,0.9151299369884706,0,0
127,0.2,0.04752475247524753,0.09397077637785879,0.05233944412570533,1.2811708941229774,0,0
128,0.2,0.12475247524752472,0.14583724862987696,0.30293796951493646,0.5186462898319877,0,0
129,0.4,0.16435643564356434,0.1697897117641665,0.082590544144463,1.0830696725459352,0,0
130,0.4,0.22376237623762374,0.19353333422369295,0.181244683903155,0.741734722883224,0,0
131,0.4,0.24752475247524752,0.20323817145853781,0.2265582831789283,0.6448200549893667,0,0
132,0.2,0.19999999999999998,0.18668552474285427,0.49999999999999994,0.30102999566398125,0,0
133,0.2,0.21188118811881182,0.20454592488897794,1.0,-0.0,0,0
134,0.2,0.2772277227722772,0.21242642902025957,1.0,-0.0,0,0
135,0.2,0.3841584158415842,0.25591330264129997,1.0,-0.0,0,0
136,0.4,0.4316831683168317,0.26058984618460523,1.0,-0.0,0,0
137,0.4,0.47722772277227726,0.2624640241707864,1.0,-0.0,0,0
138,0.4,0.4376237623762377,0.23833227705628676,1.0,-0.0,0,0
139,0.2,0.36039603960396055,0.23211434870641753,1.0,-0.0,0,0
140,0.2,0.194059405940594,0.17452724385370855,0.48642334268106524,0.31298559213513233,0,0
141,0.0,0.19207920792079203,0.1733097543528005,1.0,-0.0,0,0
142,0.0,0.4871287128712872,0.2690884378664249,1.0,-0.0,0,0
143,0.0,1.0633663366336634,0.31707911130690053,1.0,-0.0,0,0
144,0.0,1.0356435643564357,0.32627029990055234,1.0,-0.0,0,0
145,0.2,1.201980198019802,0.354317136575763,1.0,-0.0,0,0
146,0.4,1.1821782178217823,0.3702811454209485,1.0,-0.0,0,0
147,0.4,0.8396039603960395,0.33539667896618025,1.0,-0.0,0,0
148,0.4,0.29504950495049503,0.2261937475056417,0.3213292634914324,0.49304972140108394,0,0
149,0.6,0.6118811881188118,0.2797761229144543,1.0,-0.0,0,0
150,0.6,0.5801980198019802,0.28494216956442026,0.47229791220377143,0.3257839742208556,0,0
151,0.6,0.6752475247524753,0.3157282766432094,1.0,-0.0,0,0
152,0.6,0.7118811881188116,0.33100122003689825,1.0,-0.0,0,0
153,0.8,0.671287128712871,0.30126355477934985,0.3346010196202517,0.4754727399582798,0,0
154,0.6,0.3564356435643564,0.24471273989347184,0.15979343406384583,0.7964410698807558,0,0
155,0.6,0.3920792079207921,0.2608755889960309,0.212722234581723,0.6721871135224163,0,0
156,0.4,0.2871287128712871,0.19174207424808246,0.27804399208483754,0.5558864846280525,0,0
157,0.6,0.4059405940594061,0.23455109100730354,0.20401505471490194,0.6903377838566044,0,0
158,0.4,0.6158415841584158,0.28099282019907745,1.0,-0.0,0,0
159,0.8,0.7247524752475246,0.3280322190750458,0.4092826503826943,0.3879766648410703,0,0
160,0.6,0.6237623762376238,0.32492147256980075,1.0,-0.0,0,0
161,0.8,0.6792079207920791,0.327098505066087,0.35595821324163557,0.4486009818690807,0,0
162,0.6,0.5722772277227723,0.32215819614408314,0.46571202799627726,0.33188254535059586,0,0
163,0.6,0.3227722772277228,0.24041267660635549,0.12442795751816334,0.905082027750477,0,0
164,0.2,0.21188118811881182,0.20063618061766877,1.0,-0.0,1,0
165,0.6,0.45346534653465337,0.2826901730652345,0.3021043294811374,0.5198430507734118,0,0
166,0.4,0.5782178217821783,0.33407296303783574,1.0,-0.0,0,0
167,0.4,0.5326732673267326,0.3285458241894042,1.0,-0.0,0,0
168,0.4,0.6653465346534654,0.35833377978571335,1.0,-0.0,2,0
169,0.6,0.7960396039603961,0.37651891517031555,1.0,-0.0,0,0
170,0.2,0.5069306930693069,0.2822320601749715,1.0,-0.0,0,0
171,0.2,0.2851485148514852,0.20937726555067407,1.0,-0.0,0,0
172,0.2,0.2851485148514852,0.20937726555067407,1.0,-0.0,0,0
173,0.4,0.20198019801980194,0.17909574739952497,0.13443589015051033,0.8714847728481825,0,0
174,0.2,0.0712871287128713,0.10372911567294095,0.10732951799335329,0.9692808210103285,0,0
175,0.2,0.04950495049504951,0.08631483056516186,0.040617958542992695,1.3912819080063725,0,0
176,0.2,0.07326732673267328,0.10038647014365604,0.10339385835372801,0.9855052577827255,0,0
177,0.2,0.10297029702970295,0.12464241569787099,0.21814759659538457,0.6612495674175328,0,0
178,0.0,0.10495049504950495,0.14238160801780242,1.0,-0.0,0,0
179,0.0,0.13366336633663364,0.1568736817452543,1.0,-0.0,0,0
180,0.0,0.13366336633663364,0.1568736817452543,1.0,-0.0,0,0
181,0.0,0.13366336633663364,0.15432845757147495,1.0,-0.0,0,0
182,0.0,0.10297029702970298,0.1367627457412436,1.0,-0.0,0,0
183,0.0,0.05148514851485149,0.09607532254026299,1.0,-0.0,0,0
184,0.0,0.023762376237623766,0.06471340450838887,1.0,-0.0,0,0
185,0.0,0.023762376237623766,0.06471340450838887,1.0,-0.0,0,0
186,0.0,0.0,0.0,1.0,-0.0,0,0
