,foreground,bg_means,bg_stdev,pvals,minus_logs,regs,active
2,0.0,0.021782178217821784,0.06230547612891991,1.0,-0.0,0,0
3,0.0,0.0,0.0,1.0,-0.0,0,0
4,0.0,0.0,0.0,1.0,-0.0,0,0
5,0.0,0.0,0.0,1.0,-0.0,0,0
6,0.0,0.0,0.0,1.0,-0.0,0,0
7,0.0,0.0,0.0,1.0,-0.0,0,0
8,0.0,0.0,0.0,1.0,-0.0,0,0
9,0.0,0.0,0.0,1.0,-0.0,0,0
10,0.0,0.0,0.0,1.0,-0.0,0,0
11,0.0,0.021782178217821784,0.06230547612891991,1.0,-0.0,0,0
12,0.0,0.021782178217821784,0.06230547612891991,1.0,-0.0,0,0
13,0.0,0.021782178217821784,0.06230547612891991,1.0,-0.0,0,0
14,0.0,0.0297029702970297,0.07112192077650681,1.0,-0.0,0,0
15,0.0,0.04158415841584158,0.08116396646304633,1.0,-0.0,0,0
16,0.0,0.049504950495049514,0.09504950495049506,1.0,-0.0,0,0
17,0.0,0.049504950495049514,0.09504950495049506,1.0,-0.0,0,0
18,0.0,0.049504950495049514,0.09504950495049506,1.0,-0.0,0,0
19,0.0,0.041584158415841586,0.09039772047931348,1.0,-0.0,0,0
20,0.0,0.0297029702970297,0.07648795214189293,1.0,-0.0,0,0
21,0.0,0.0,0.0,1.0,-0.0,0,0
22,0.0,0.011881188118811881,0.047276579747775535,1.0,-0.0,0,0
23,0.0,0.011881188118811881,0.047276579747775535,1.0,-0.0,0,0
24,0.0,0.09900990099009899,0.12145573247679727,1.0,-0.0,0,0
25,0.0,0.20594059405940596,0.1767818940250744,1.0,-0.0,0,0
26,0.0,0.22178217821782176,0.18217821782178217,1.0,-0.0,0,0
27,0.2,0.2158415841584158,0.17951125796479814,1.0,-0.0,0,0
28,0.2,0.24356435643564353,0.18796241544687978,1.0,-0.0,0,0
29,0.2,0.15643564356435644,0.1702740025877676,0.39903389236860254,0.39899021548230784,0,0
30,0.2,0.04950495049504951,0.10304643034659554,0.0720820333641272,1.142172970830816,0,0
31,0.2,0.033663366336633666,0.07994704648786674,0.018735949469970602,1.7273242935431963,0,0
32,0.0,0.08118811881188118,0.11664694237642095,1.0,-0.0,0,0
33,0.0,0.061386138613861385,0.09224407682259103,1.0,-0.0,0,0
34,0.0,0.061386138613861385,0.09224407682259103,1.0,-0.0,0,0
35,0.0,0.061386138613861385,0.09224407682259103,1.0,-0.0,0,0
36,0.0,0.1089108910891089,0.12750384183766533,1.0,-0.0,0,0
37,0.0,0.06732673267326733,0.11000352009767247,1.0,-0.0,0,0
38,0.0,0.05940594059405942,0.10733330877518932,1.0,-0.0,0,0
39,0.0,0.08514851485148514,0.12054836637801526,1.0,-0.0,0,0
40,0.0,0.08514851485148514,0.12054836637801526,1.0,-0.0,0,0
41,0.0,0.03762376237623762,0.07816140339006157,1.0,-0.0,0,0
42,0.0,0.025742574257425748,0.0669763743575753,1.0,-0.0,0,0
43,0.0,0.025742574257425748,0.0669763743575753,1.0,-0.0,0,0
44,0.0,0.0,0.0,1.0,-0.0,0,0
45,0.0,0.0,0.0,1.0,-0.0,0,0
46,0.0,0.0,0.0,1.0,-0.0,0,0
47,0.0,0.041584158415841586,0.08116396646304633,1.0,-0.0,0,0
48,0.0,0.041584158415841586,0.08116396646304633,1.0,-0.0,0,0
49,0.0,0.041584158415841586,0.08116396646304633,1.0,-0.0,0,0
50,0.0,0.041584158415841586,0.08116396646304633,1.0,-0.0,0,0
51,0.0,0.041584158415841586,0.08116396646304633,1.0,-0.0,0,0
52,0.0,0.0,0.0,1.0,-0.0,0,0
53,0.0,0.0,0.0,1.0,-0.0,0,0
54,0.0,0.019801980198019802,0.0597350618970232,1.0,-0.0,0,0
55,0.0,0.019801980198019802,0.0597350618970232,1.0,-0.0,0,0
56,0.0,0.02970297029702971,0.07112192077650682,1.0,-0.0,0,0
57,0.0,0.02970297029702971,0.07112192077650682,1.0,-0.0,0,0
58,0.0,0.02970297029702971,0.07112192077650682,1.0,-0.0,0,0
59,0.0,0.009900990099009901,0.04338396495090425,1.0,-0.0,0,0
60,0.0,0.04356435643564357,0.08255312311158747,1.0,-0.0,0,0
61,0.0,0.033663366336633666,0.07482947971362847,1.0,-0.0,0,0
62,0.0,0.05544554455445545,0.09797478714338996,1.0,-0.0,0,0
63,0.0,0.05544554455445545,0.09797478714338996,1.0,-0.0,0,0
64,0.0,0.05544554455445545,0.09797478714338996,1.0,-0.0,0,0
65,0.0,0.09702970297029703,0.1338356059304222,1.0,-0.0,0,0
66,0.0,0.09702970297029703,0.1338356059304222,1.0,-0.0,0,0
67,0.0,0.07524752475247524,0.12539516989297084,1.0,-0.0,0,0
68,0.0,0.0891089108910891,0.13042276277287215,1.0,-0.0,0,0
69,0.2,0.19603960396039602,0.17344545299372824,0.49089147557538737,0.3090145094416144,0,0
70,0.2,0.12079207920792075,0.12921455921643918,0.26993971527336125,0.5687332145350796,0,0
71,0.2,0.12079207920792075,0.12921455921643918,0.26993971527336125,0.5687332145350796,0,0
72,0.2,0.12079207920792075,0.12921455921643918,0.26993971527336125,0.5687332145350796,0,0
73,0.2,0.10495049504950493,0.1213588391765906,0.2167517843992725,0.6640373185273338,0,0
74,0.0,0.0,0.0,1.0,-0.0,0,0
75,0.0,0.0,0.0,1.0,-0.0,0,0
76,0.0,0.011881188118811883,0.047276579747775535,1.0,-0.0,0,0
77,0.0,0.011881188118811883,0.047276579747775535,1.0,-0.0,0,0
78,0.0,0.011881188118811883,0.047276579747775535,1.0,-0.0,0,0
79,0.0,0.011881188118811883,0.047276579747775535,1.0,-0.0,0,0
80,0.0,0.011881188118811883,0.047276579747775535,1.0,-0.0,0,0
81,0.0,0.0,0.0,1.0,-0.0,0,0
82,0.0,0.0,0.0,1.0,-0.0,0,0
83,0.0,0.0,0.0,1.0,-0.0,0,0
84,0.0,0.03762376237623763,0.08307396817189318,1.0,-0.0,0,0
85,0.0,0.03762376237623763,0.08307396817189318,1.0,-0.0,0,0
86,0.0,0.03762376237623763,0.08307396817189318,1.0,-0.0,0,0
87,0.0,0.03762376237623763,0.08307396817189318,1.0,-0.0,0,0
88,0.0,0.03762376237623763,0.08307396817189318,1.0,-0.0,0,0
89,0.0,0.0,0.0,1.0,-0.0,0,0
90,0.0,0.025742574257425745,0.0669763743575753,1.0,-0.0,0,0
91,0.0,0.025742574257425745,0.0669763743575753,1.0,-0.0,0,0
92,0.0,0.06336633663366337,0.09721138779115705,1.0,-0.0,0,0
93,0.0,0.06336633663366337,0.09721138779115705,1.0,-0.0,0,0
94,0.0,0.06336633663366337,0.09721138779115705,1.0,-0.0,0,0
95,0.0,0.03762376237623763,0.07816140339006158,1.0,-0.0,0,0
96,0.0,0.03762376237623763,0.07816140339006158,1.0,-0.0,0,0
97,0.0,0.0,0.0,1.0,-0.0,0,0
98,0.0,0.0,0.0,1.0,-0.0,0,0
99,0.0,0.07326732673267328,0.10798889666879985,1.0,-0.0,0,0
100,0.0,0.07326732673267328,0.10798889666879985,1.0,-0.0,0,0
101,0.0,0.07326732673267328,0.10798889666879985,1.0,-0.0,0,0
102,0.0,0.07326732673267328,0.10798889666879985,1.0,-0.0,0,0
103,0.0,0.07326732673267328,0.10798889666879985,1.0,-0.0,0,0
104,0.0,0.0,0.0,1.0,-0.0,0,0
105,0.0,0.0,0.0,1.0,-0.0,0,0
106,0.0,0.0,0.0,1.0,-0.0,0,0
107,0.0,0.0,0.0,1.0,-0.0,0,0
108,0.0,0.0,0.0,1.0,-0.0,0,0
109,0.0,0.06534653465346535,0.10189845806153354,1.0,-0.0,0,0
110,0.0,0.06534653465346535,0.10189845806153354,1.0,-0.0,0,0
111,0.2,0.10099009900990098,0.12781100644043505,0.2192706971082659,0.6590194026794771,0,0
112,0.4,0.1485148514851485,0.14529850556708232,0.04174218907098087,1.379424779120148,0,0
113,0.6,0.2198019801980198,0.17689276383467162,0.015804775306294164,1.8012116740686421,0,0
114,0.8,0.18415841584158413,0.16333933170139628,8.151910975872867e-05,4.088740571751664,0,0
115,0.8,0.18415841584158413,0.16333933170139628,8.151910975872867e-05,4.088740571751664,0,0
116,0.6,0.1485148514851485,0.1425467520222985,0.0007693665229466119,3.1138667148525254,0,0
117,0.6,0.16633663366336632,0.15937826461670404,0.0032545402342634344,2.487510355122072,0,0
118,0.4,0.09306930693069307,0.12762679639066948,0.008088270648417724,2.0921443248814766,0,0
119,0.2,0.1198019801980198,0.13498793637349912,0.27621843680882996,0.5587473368467784,0,0
120,0.2,0.1504950495049505,0.1650824950547828,0.38213431772998396,0.41778395856515443,0,0
121,0.2,0.16237623762376235,0.17283397009132112,0.4138363750779762,0.3831713387032824,0,0
122,0.0,0.09702970297029703,0.1451905170679078,1.0,-0.0,0,0
123,0.0,0.09702970297029703,0.1451905170679078,1.0,-0.0,0,0
124,0.0,0.04158415841584159,0.08116396646304633,1.0,-0.0,0,0
125,0.2,0.0712871287128713,0.11110305060677654,0.12333004940280475,0.9089310945328979,0,0
126,0.2,0.0594059405940594,0.10733330877518932,0.0951177364230414,1.0217384934469724,0,0
127,0.2,0.0594059405940594,0.10733330877518932,0.0951177364230414,1.0217384934469724,0,0
128,0.2,0.0594059405940594,0.10733330877518932,0.0951177364230414,1.0217384934469724,0,0
129,0.2,0.0594059405940594,0.10733330877518932,0.0951177364230414,1.0217384934469724,0,0
130,0.0,0.0,0.0,1.0,-0.0,0,0
131,0.0,0.0,0.0,1.0,-0.0,0,0
132,0.0,0.0,0.0,1.0,-0.0,0,0
133,0.0,0.0,0.0,1.0,-0.0,0,0
134,0.0,0.0,0.0,1.0,-0.0,0,0
135,0.0,0.0,0.0,1.0,-0.0,0,0
136,0.0,0.0,0.0,1.0,-0.0,0,0
137,0.0,0.0,0.0,1.0,-0.0,0,0
138,0.0,0.0,0.0,1.0,-0.0,0,0
139,0.0,0.0,0.0,1.0,-0.0,0,0
140,0.0,0.0,0.0,1.0,-0.0,0,0
141,0.0,0.021782178217821784,0.06230547612891991,1.0,-0.0,0,0
142,0.0,0.021782178217821784,0.06230547612891991,1.0,-0.0,0,0
143,0.2,0.06534653465346536,0.10189845806153355,0.09317609402087913,1.0306954993045596,0,0
144,0.2,0.06534653465346536,0.10189845806153355,0.09317609402087913,1.0306954993045596,0,0
145,0.2,0.06534653465346536,0.10189845806153355,0.09317609402087913,1.0306954993045596,0,0
146,0.4,0.09306930693069305,0.12762679639066946,0.00808827064841771,2.0921443248814775,0,0
147,0.8,0.1287128712871287,0.15307840071356582,5.792619753800746e-06,5.2371249790524885,0,0
148,0.6,0.15445544554455443,0.17773311423617327,0.006091172534951324,2.2152990987556693,0,0
149,0.6,0.15445544554455443,0.17773311423617327,0.006091172534951324,2.2152990987556693,0,0
150,0.6,0.15445544554455443,0.17773311423617327,0.006091172534951324,2.2152990987556693,0,0
151,0.4,0.10297029702970295,0.14519051706790778,0.020388384252801175,1.6906171900088425,0,0
152,0.0,0.12475247524752472,0.16131019290626772,1.0,-0.0,0,0
153,0.0,0.057425742574257435,0.11375371577303027,1.0,-0.0,0,0
154,0.0,0.11287128712871286,0.15002532217723413,1.0,-0.0,0,0
155,0.0,0.11287128712871286,0.15002532217723413,1.0,-0.0,0,0
156,0.0,0.11287128712871286,0.15002532217723413,1.0,-0.0,0,0
157,0.0,0.05544554455445545,0.1019369320889802,1.0,-0.0,0,0
158,0.0,0.05544554455445545,0.1019369320889802,1.0,-0.0,0,0
159,0.0,0.0,0.0,1.0,-0.0,0,0
160,0.0,0.0,0.0,1.0,-0.0,0,0
161,0.0,0.0,0.0,1.0,-0.0,0,0
162,0.0,0.0,0.0,1.0,-0.0,0,0
163,0.0,0.0,0.0,1.0,-0.0,0,0
164,0.0,0.0,0.0,1.0,-0.0,0,0
165,0.0,0.017821782178217824,0.056980176514606566,1.0,-0.0,0,0
166,0.0,0.017821782178217824,0.056980176514606566,1.0,-0.0,0,0
167,0.0,0.017821782178217824,0.056980176514606566,1.0,-0.0,0,0
168,0.0,0.017821782178217824,0.056980176514606566,1.0,-0.0,0,0
169,0.0,0.051485148514851496,0.10011267057239238,1.0,-0.0,0,0
170,0.0,0.033663366336633666,0.07994704648786674,1.0,-0.0,0,0
171,0.0,0.033663366336633666,0.07994704648786674,1.0,-0.0,0,0
172,0.0,0.033663366336633666,0.07994704648786674,1.0,-0.0,0,0
173,0.0,0.033663366336633666,0.07994704648786674,1.0,-0.0,0,0
174,0.0,0.011881188118811883,0.04727657974777555,1.0,-0.0,0,0
175,0.0,0.011881188118811883,0.04727657974777555,1.0,-0.0,0,0
176,0.0,0.011881188118811883,0.04727657974777555,1.0,-0.0,0,0
177,0.0,0.011881188118811883,0.04727657974777555,1.0,-0.0,0,0
178,0.0,0.011881188118811883,0.04727657974777555,1.0,-0.0,0,0
179,0.0,0.0,0.0,1.0,-0.0,0,0
180,0.0,0.03960396039603961,0.08908690597387717,1.0,-0.0,0,0
181,0.0,0.03960396039603961,0.08908690597387717,1.0,-0.0,0,0
182,0.0,0.03960396039603961,0.08908690597387717,1.0,-0.0,0,0
183,0.0,0.09702970297029702,0.11471483847889298,1.0,-0.0,0,0
184,0.0,0.09702970297029702,0.11471483847889298,1.0,-0.0,0,0
185,0.0,0.0891089108910891,0.11765109526742927,1.0,-0.0,0,0
186,0.0,0.0891089108910891,0.11765109526742927,1.0,-0.0,0,0
187,0.0,0.0891089108910891,0.11765109526742927,1.0,-0.0,0,0
188,0.0,0.07722772277227723,0.11593886073904516,1.0,-0.0,0,0
189,0.0,0.07722772277227723,0.11593886073904516,1.0,-0.0,0,0
190,0.0,0.04554455445544555,0.08846854615322249,1.0,-0.0,0,0
191,0.0,0.04554455445544555,0.08846854615322249,1.0,-0.0,0,0
192,0.0,0.04554455445544555,0.08846854615322249,1.0,-0.0,0,0
193,0.0,0.0,0.0,1.0,-0.0,0,0
194,0.0,0.0,0.0,1.0,-0.0,0,0
195,0.0,0.0,0.0,1.0,-0.0,0,0
196,0.0,0.015841584158415842,0.05401260078014202,1.0,-0.0,0,0
197,0.0,0.015841584158415842,0.05401260078014202,1.0,-0.0,0,0
198,0.0,0.015841584158415842,0.05401260078014202,1.0,-0.0,0,0
199,0.0,0.015841584158415842,0.05401260078014202,1.0,-0.0,0,0
200,0.0,0.14653465346534655,0.1686077858012515,1.0,-0.0,0,0
201,0.0,0.12871287128712872,0.1606525268671035,1.0,-0.0,0,0
202,0.0,0.12871287128712872,0.1606525268671035,1.0,-0.0,0,0
203,0.0,0.12871287128712872,0.1606525268671035,1.0,-0.0,0,0
204,0.0,0.12871287128712872,0.1606525268671035,1.0,-0.0,0,0
205,0.0,0.0,0.0,1.0,-0.0,0,0
206,0.0,0.0,0.0,1.0,-0.0,0,0
207,0.0,0.0,0.0,1.0,-0.0,0,0
208,0.0,0.0,0.0,1.0,-0.0,0,0
209,0.0,0.11683168316831682,0.13280619910579972,1.0,-0.0,0,0
210,0.0,0.11683168316831682,0.13280619910579972,1.0,-0.0,0,0
211,0.0,0.11683168316831682,0.13280619910579972,1.0,-0.0,0,0
212,0.0,0.11683168316831682,0.13280619910579972,1.0,-0.0,0,0
213,0.0,0.11683168316831682,0.13280619910579972,1.0,-0.0,0,0
214,0.0,0.0,0.0,1.0,-0.0,0,0
215,0.0,0.033663366336633666,0.08475617647141663,1.0,-0.0,0,0
216,0.0,0.15643564356435644,0.16793200037318168,1.0,-0.0,0,0
217,0.0,0.17227722772277226,0.17355845414780538,1.0,-0.0,0,0
218,0.0,0.17227722772277226,0.17355845414780538,1.0,-0.0,0,0
219,0.0,0.17227722772277226,0.17355845414780538,1.0,-0.0,0,0
220,0.0,0.13861386138613863,0.15856428688449586,1.0,-0.0,0,0
221,0.0,0.015841584158415842,0.05401260078014202,1.0,-0.0,0,0
222,0.0,0.0,0.0,1.0,-0.0,0,0
223,0.0,0.0,0.0,1.0,-0.0,0,0
224,0.0,0.01386138613861386,0.05079507064705211,1.0,-0.0,0,0
225,0.2,0.08910891089108909,0.12734998170941406,0.19194299301932338,0.716827737407409,0,0
226,0.4,0.27128712871287125,0.2190603848498573,0.27841114902194675,0.555313377316647,0,0
227,0.4,0.27128712871287125,0.2190603848498573,0.27841114902194675,0.555313377316647,0,0
228,0.6,0.37425742574257426,0.22278767823551468,0.1554672102165905,0.8083611945704208,0,0
229,0.6,0.5504950495049504,0.26312055828709846,0.4253812948203054,0.3712216111303497,0,0
230,0.4,0.4732673267326733,0.27535434923990015,1.0,-0.0,0,0
231,0.2,0.30297029702970296,0.21911407831482066,1.0,-0.0,0,0
232,0.2,0.30297029702970296,0.21911407831482066,1.0,-0.0,0,0
233,0.0,0.20198019801980197,0.197999999009802,1.0,-0.0,0,0
234,0.0,0.031683168316831684,0.08316831683168317,1.0,-0.0,0,0
235,0.0,0.031683168316831684,0.08316831683168317,1.0,-0.0,0,0
236,0.2,0.10693069306930691,0.13368903310588712,0.24316349850456426,0.6141016168491317,0,0
237,0.2,0.13267326732673265,0.1414975848312859,0.31710294183422544,0.49879972890812296,0,0
238,0.2,0.13267326732673265,0.1414975848312859,0.31710294183422544,0.49879972890812296,0,0
