,foreground,bg_means,bg_stdev,pvals,minus_logs,regs,active
2,0.8,0.12079207920792076,0.14094225464771679,7.21213214084273e-07,6.141936324723749,0,0
3,0.8,0.16435643564356434,0.15516465761710682,2.0965438322747134e-05,4.6784960534053965,0,0
4,0.8,0.20198019801980197,0.17687059543257513,0.0003609617677119472,3.4425387951886206,0,0
5,0.2,0.10099009900990098,0.14791959918402456,0.2516362976712556,0.5992267132214628,0,0
6,0.0,0.0910891089108911,0.13057300215314485,1.0,-0.0,0,0
7,0.0,0.12673267326732673,0.139937106883602,1.0,-0.0,0,0
8,0.0,0.0712871287128713,0.10372911567294095,1.0,-0.0,0,0
9,0.0,0.033663366336633666,0.07482947971362845,1.0,-0.0,0,0
10,0.0,0.033663366336633666,0.07482947971362845,1.0,-0.0,0,0
11,0.0,0.033663366336633666,0.07482947971362845,1.0,-0.0,0,0
12,0.0,0.0,0.0,1.0,-0.0,0,0
13,0.0,0.0,0.0,1.0,-0.0,0,0
14,0.2,0.027722772277227727,0.06910862719451544,0.0063361735559086295,2.1981729353735644,0,0
15,0.2,0.027722772277227727,0.06910862719451544,0.0063361735559086295,2.1981729353735644,0,0
16,0.2,0.027722772277227727,0.06910862719451544,0.0063361735559086295,2.1981729353735644,0,0
17,0.2,0.027722772277227727,0.06910862719451544,0.0063361735559086295,2.1981729353735644,0,0
18,0.2,0.027722772277227727,0.06910862719451544,0.0063361735559086295,2.1981729353735644,0,0
19,0.0,0.0,0.0,1.0,-0.0,0,0
20,0.0,0.0,0.0,1.0,-0.0,0,0
21,0.0,0.0,0.0,1.0,-0.0,0,0
22,0.0,0.0,0.0,1.0,-0.0,0,0
23,0.0,0.0,0.0,1.0,-0.0,0,0
24,0.0,0.05940594059405942,0.0996808946427978,1.0,-0.0,0,0
25,0.0,0.09306930693069307,0.12448501897427099,1.0,-0.0,0,0
26,0.0,0.09306930693069307,0.12448501897427099,1.0,-0.0,0,0
27,0.0,0.09306930693069307,0.12448501897427099,1.0,-0.0,0,0
28,0.0,0.09306930693069307,0.12448501897427099,1.0,-0.0,0,0
29,0.0,0.033663366336633666,0.07482947971362845,1.0,-0.0,0,0
30,0.0,0.0,0.0,1.0,-0.0,0,0
31,0.0,0.01386138613861386,0.05079507064705212,1.0,-0.0,0,0
32,0.0,0.017821782178217824,0.05698017651460657,1.0,-0.0,0,0
33,0.0,0.0297029702970297,0.07112192077650681,1.0,-0.0,0,0
34,0.0,0.0297029702970297,0.07112192077650681,1.0,-0.0,0,0
35,0.0,0.09900990099009901,0.14521752172118102,1.0,-0.0,0,0
36,0.0,0.08514851485148514,0.13304219431477882,1.0,-0.0,0,0
37,0.0,0.1306930693069307,0.17896433311200005,1.0,-0.0,0,0
38,0.0,0.1188118811881188,0.17160446766964985,1.0,-0.0,0,0
39,0.0,0.12871287128712872,0.17253877949142146,1.0,-0.0,0,0
40,0.0,0.05940594059405942,0.0996808946427978,1.0,-0.0,0,0
41,0.0,0.11485148514851484,0.13598641357140118,1.0,-0.0,0,0
42,0.0,0.1089108910891089,0.13650445892763632,1.0,-0.0,0,0
43,0.0,0.11287128712871286,0.1390657415135005,1.0,-0.0,0,0
44,0.0,0.10297029702970295,0.1367627457412436,1.0,-0.0,0,0
45,0.0,0.10297029702970295,0.1367627457412436,1.0,-0.0,0,0
46,0.0,0.04752475247524753,0.09809478080396702,1.0,-0.0,0,0
47,0.0,0.0039603960396039604,0.02786385599895107,1.0,-0.0,0,0
48,0.0,0.0,0.0,1.0,-0.0,0,0
49,0.0,0.0,0.0,1.0,-0.0,0,0
50,0.0,0.0,0.0,1.0,-0.0,0,0
51,0.0,0.011881188118811883,0.047276579747775535,1.0,-0.0,0,0
52,0.0,0.011881188118811883,0.047276579747775535,1.0,-0.0,0,0
53,0.0,0.011881188118811883,0.047276579747775535,1.0,-0.0,0,0
54,0.0,0.011881188118811883,0.047276579747775535,1.0,-0.0,0,0
55,0.0,0.011881188118811883,0.047276579747775535,1.0,-0.0,0,0
56,0.0,0.0,0.0,1.0,-0.0,0,0
57,0.0,0.0,0.0,1.0,-0.0,0,0
58,0.0,0.0,0.0,1.0,-0.0,0,0
59,0.0,0.007920792079207921,0.03900537743285587,1.0,-0.0,0,0
60,0.0,0.031683168316831684,0.07826167463512675,1.0,-0.0,0,0
61,0.0,0.033663366336633666,0.07994704648786674,1.0,-0.0,0,0
62,0.0,0.04752475247524753,0.09397077637785879,1.0,-0.0,0,0
63,0.0,0.19405940594059407,0.17900814859389347,1.0,-0.0,0,0
64,0.0,0.23762376237623767,0.19440260619841393,1.0,-0.0,0,0
65,0.0,0.21386138613861383,0.18295143702892827,1.0,-0.0,0,0
66,0.0,0.23366336633663365,0.19512739059128734,1.0,-0.0,0,0
67,0.0,0.2198019801980198,0.18985132378941597,1.0,-0.0,0,0
68,0.0,0.08712871287128712,0.12716510382576102,1.0,-0.0,0,0
69,0.0,0.03564356435643565,0.09074407316744237,1.0,-0.0,0,0
70,0.0,0.04356435643564357,0.09991664009142863,1.0,-0.0,0,0
71,0.0,0.021782178217821784,0.06230547612891991,1.0,-0.0,0,0
72,0.0,0.021782178217821784,0.06230547612891991,1.0,-0.0,0,0
73,0.0,0.14653465346534653,0.14863361587956597,1.0,-0.0,0,0
74,0.0,0.16633663366336632,0.15687368174525435,1.0,-0.0,0,0
75,0.0,0.15841584158415842,0.15238521194115637,1.0,-0.0,0,0
76,0.0,0.30693069306930687,0.20978887347562813,1.0,-0.0,0,0
77,0.0,0.30693069306930687,0.20978887347562813,1.0,-0.0,0,0
78,0.0,0.20198019801980197,0.197999999009802,1.0,-0.0,0,0
79,0.0,0.18217821782178217,0.1868954489346046,1.0,-0.0,0,0
80,0.0,0.18217821782178217,0.1868954489346046,1.0,-0.0,0,0
81,0.0,0.031683168316831684,0.07826167463512675,1.0,-0.0,0,0
82,0.0,0.031683168316831684,0.07826167463512675,1.0,-0.0,0,0
83,0.0,0.0,0.0,1.0,-0.0,0,0
84,0.0,0.07920792079207921,0.12293186689242579,1.0,-0.0,0,0
85,0.0,0.07920792079207921,0.12293186689242579,1.0,-0.0,0,0
86,0.0,0.10099009900990098,0.1557448087305797,1.0,-0.0,0,0
87,0.0,0.10099009900990098,0.1557448087305797,1.0,-0.0,0,0
88,0.0,0.11485148514851484,0.16493991622145585,1.0,-0.0,0,0
89,0.0,0.03564356435643565,0.09074407316744237,1.0,-0.0,0,0
90,0.0,0.047524752475247525,0.10205226714237722,1.0,-0.0,0,0
91,0.0,0.025742574257425748,0.07264925278354116,1.0,-0.0,0,0
92,0.0,0.025742574257425748,0.07264925278354116,1.0,-0.0,0,0
93,0.0,0.033663366336633666,0.07482947971362845,1.0,-0.0,0,0
94,0.0,0.06930693069306931,0.12084076279122662,1.0,-0.0,0,0
95,0.0,0.09306930693069307,0.12762679639066948,1.0,-0.0,0,0
96,0.2,0.1564356435643564,0.1702740025877676,0.3990338923686025,0.3989902154823079,0,0
97,0.4,0.16831683168316827,0.17057311261273692,0.08719010394135447,1.0595328046035912,0,0
98,0.4,0.1465346534653465,0.15893479355105836,0.05538120151727918,1.2566376262960464,0,0
99,0.4,0.10891089108910887,0.14494724878689189,0.02230880702517923,1.6515236532138924,0,0
100,0.4,0.07326732673267328,0.11509022642946842,0.0022632803634886505,2.6452616445542345,0,0
101,0.2,0.025742574257425748,0.0669763743575753,0.0046371400013480064,2.3337497919853587,0,0
102,0.0,0.013861386138613863,0.05079507064705211,1.0,-0.0,0,0
103,0.0,0.013861386138613863,0.05079507064705211,1.0,-0.0,0,0
104,0.0,0.013861386138613863,0.05079507064705211,1.0,-0.0,0,0
105,0.0,0.013861386138613863,0.05079507064705211,1.0,-0.0,0,0
106,0.0,0.011881188118811883,0.047276579747775535,1.0,-0.0,0,0
107,0.0,0.011881188118811883,0.047276579747775535,1.0,-0.0,0,0
108,0.0,0.023762376237623766,0.06471340450838887,1.0,-0.0,0,0
109,0.0,0.023762376237623766,0.06471340450838887,1.0,-0.0,0,0
110,0.0,0.031683168316831684,0.0730260947112308,1.0,-0.0,0,0
111,0.0,0.023762376237623763,0.06471340450838887,1.0,-0.0,0,0
112,0.2,0.07920792079207921,0.11631029826208643,0.1495109975624142,0.8253268608177716,0,0
113,0.2,0.06732673267326733,0.11000352009767247,0.11389293410569636,0.9435032186258506,0,0
114,0.4,0.07524752475247526,0.1189108498693262,0.0031565641891390605,2.5007853748126454,0,0
115,0.8,0.09306930693069307,0.13069306930693073,3.16727354566945e-08,7.499314426604561,0,0
116,1.0,0.11881188118811879,0.1520245363775781,3.388594710199856e-09,8.469980371454572,0,0
117,0.8,0.06336633663366338,0.11233152161332938,2.7326503047187676e-11,10.563415941102058,0,0
118,0.8,0.08514851485148514,0.130031327995105,1.9257089349550427e-08,7.715409354540408,0,0
119,0.8,0.08316831683168317,0.13575553664160483,6.448180175793161e-08,7.190562835926988,0,0
120,0.6,0.0871287128712871,0.127165103825761,2.7521347812835773e-05,4.560330301056302,0,0
121,0.4,0.08316831683168316,0.13280619910579974,0.008524034799117218,2.0693547859599786,0,0
122,0.8,0.1485148514851485,0.15834156674616875,1.9406942334050042e-05,4.71204288460417,0,0
123,1.2,0.15247524752475247,0.14931796056640678,1.1464957791234432e-12,11.940627539806062,0,0
124,1.0,0.14653465346534655,0.14863361587956597,4.6761733645396454e-09,8.330109396169899,0,0
125,0.8,0.13069306930693067,0.1447035715361989,1.869690550621653e-06,5.728230266874379,0,0
126,0.8,0.12475247524752475,0.1430958555654627,1.1859224916650114e-06,5.925943694228222,0,0
127,0.6,0.07524752475247524,0.1253951698929708,1.4271481184387597e-05,4.845530950723914,0,0
128,0.2,0.049504950495049514,0.09078727434730813,0.04869237040212954,1.3125390829709087,0,0
129,0.2,0.049504950495049514,0.09078727434730813,0.04869237040212954,1.3125390829709087,0,0
130,0.2,0.03564356435643565,0.08154954567118416,0.021930426384501912,1.6589529244266183,0,0
131,0.2,0.013861386138613863,0.05807080514303042,0.0006744368600574647,3.1710587021998844,0,0
132,0.0,0.0,0.0,1.0,-0.0,0,0
133,0.0,0.0,0.0,1.0,-0.0,0,0
134,0.0,0.0,0.0,1.0,-0.0,0,0
135,0.0,0.0,0.0,1.0,-0.0,0,0
136,0.0,0.0,0.0,1.0,-0.0,0,0
137,0.0,0.021782178217821784,0.06230547612891991,1.0,-0.0,0,0
138,0.0,0.021782178217821784,0.06230547612891991,1.0,-0.0,0,0
139,0.0,0.021782178217821784,0.06230547612891991,1.0,-0.0,0,0
140,0.2,0.039603960396039604,0.07970143286137867,0.022085672454221338,1.6558893730090938,0,0
141,0.2,0.039603960396039604,0.07970143286137867,0.022085672454221338,1.6558893730090938,0,0
142,0.2,0.05544554455445545,0.1019369320889802,0.07808409030039497,1.1074374449781044,0,0
143,0.2,0.05544554455445545,0.1019369320889802,0.07808409030039497,1.1074374449781044,0,0
144,0.2,0.05544554455445545,0.1019369320889802,0.07808409030039497,1.1074374449781044,0,0
145,0.0,0.03762376237623763,0.08307396817189318,1.0,-0.0,0,0
146,0.0,0.047524752475247525,0.09809478080396702,1.0,-0.0,0,0
147,0.0,0.009900990099009901,0.04338396495090424,1.0,-0.0,0,0
148,0.0,0.009900990099009901,0.04338396495090424,1.0,-0.0,0,0
149,0.0,0.009900990099009901,0.04338396495090424,1.0,-0.0,0,0
150,0.0,0.015841584158415842,0.05401260078014202,1.0,-0.0,0,0
151,0.0,0.0059405940594059415,0.033953323167291584,1.0,-0.0,0,0
152,0.0,0.0059405940594059415,0.033953323167291584,1.0,-0.0,0,0
153,0.0,0.0059405940594059415,0.033953323167291584,1.0,-0.0,0,0
154,0.0,0.0059405940594059415,0.033953323167291584,1.0,-0.0,0,0
155,0.0,0.0,0.0,1.0,-0.0,0,0
156,0.0,0.0,0.0,1.0,-0.0,0,0
157,0.0,0.0,0.0,1.0,-0.0,0,0
158,0.0,0.011881188118811883,0.047276579747775535,1.0,-0.0,0,0
159,0.0,0.011881188118811883,0.047276579747775535,1.0,-0.0,0,0
160,0.2,0.017821782178217824,0.0635517090529949,0.0020744436267099344,2.6830983626867595,0,0
161,0.2,0.017821782178217824,0.0635517090529949,0.0020744436267099344,2.6830983626867595,0,0
162,0.2,0.039603960396039604,0.08452453849668534,0.028872622852877186,1.5395137620565469,0,0
163,0.2,0.02772277227722772,0.06910862719451544,0.0063361735559086295,2.1981729353735644,0,0
164,0.2,0.057425742574257435,0.09885135821266286,0.07460753442729876,1.127217312004932,0,0
165,0.0,0.08118811881188118,0.13549532985786936,1.0,-0.0,0,0
166,0.0,0.11287128712871289,0.16023705603282307,1.0,-0.0,0,0
167,0.0,0.14059405940594058,0.15036471688371983,1.0,-0.0,0,0
168,0.0,0.15445544554455443,0.15384494732320814,1.0,-0.0,0,0
169,0.0,0.12475247524752472,0.13744913773527348,1.0,-0.0,0,0
170,0.0,0.09306930693069307,0.12126186845461279,1.0,-0.0,0,0
171,0.0,0.07524752475247524,0.11205191564986226,1.0,-0.0,0,0
172,0.0,0.06534653465346535,0.1164113937164283,1.0,-0.0,0,0
173,0.0,0.0712871287128713,0.11461224656227947,1.0,-0.0,0,0
174,0.0,0.0712871287128713,0.11461224656227947,1.0,-0.0,0,0
175,0.0,0.0712871287128713,0.11461224656227947,1.0,-0.0,0,0
176,0.0,0.057425742574257435,0.10656335878870264,1.0,-0.0,0,0
177,0.0,0.0297029702970297,0.07648795214189293,1.0,-0.0,0,0
178,0.0,0.009900990099009901,0.04338396495090424,1.0,-0.0,0,0
179,0.0,0.019801980198019802,0.06603299802191315,1.0,-0.0,0,0
180,0.0,0.019801980198019802,0.06603299802191315,1.0,-0.0,0,0
181,0.0,0.18415841584158418,0.17951125796479814,1.0,-0.0,0,0
182,0.0,0.17425742574257425,0.1816609099592826,1.0,-0.0,0,0
183,0.0,0.17425742574257425,0.1816609099592826,1.0,-0.0,0,0
184,0.0,0.16435643564356436,0.1721064363377486,1.0,-0.0,0,0
185,0.0,0.17425742574257427,0.17724708119287325,1.0,-0.0,0,0
186,0.0,0.009900990099009901,0.04338396495090424,1.0,-0.0,0,0
187,0.0,0.009900990099009901,0.04338396495090424,1.0,-0.0,0,0
188,0.0,0.009900990099009901,0.04338396495090424,1.0,-0.0,0,0
189,0.0,0.009900990099009901,0.04338396495090424,1.0,-0.0,0,0
190,0.0,0.0,0.0,1.0,-0.0,0,0
191,0.0,0.0,0.0,1.0,-0.0,0,0
192,0.0,0.02970297029702971,0.07648795214189293,1.0,-0.0,0,0
193,0.0,0.02970297029702971,0.07648795214189293,1.0,-0.0,0,0
194,0.0,0.02970297029702971,0.07648795214189293,1.0,-0.0,0,0
195,0.0,0.02970297029702971,0.07648795214189293,1.0,-0.0,0,0
196,0.0,0.02970297029702971,0.07648795214189293,1.0,-0.0,0,0
197,0.0,0.0,0.0,1.0,-0.0,0,0
198,0.0,0.015841584158415842,0.05401260078014202,1.0,-0.0,0,0
199,0.0,0.057425742574257435,0.09885135821266286,1.0,-0.0,0,0
200,0.0,0.057425742574257435,0.09885135821266286,1.0,-0.0,0,0
201,0.0,0.1465346534653465,0.17551302816760664,1.0,-0.0,0,0
202,0.0,0.1465346534653465,0.17551302816760664,1.0,-0.0,0,0
203,0.0,0.1287128712871287,0.1581681231502246,1.0,-0.0,0,0
204,0.0,0.08712871287128712,0.13324834725751067,1.0,-0.0,0,0
205,0.0,0.08712871287128712,0.13324834725751067,1.0,-0.0,0,0
206,0.0,0.0,0.0,1.0,-0.0,0,0
207,0.0,0.0,0.0,1.0,-0.0,0,0
208,0.0,0.01386138613861386,0.05079507064705211,1.0,-0.0,0,0
209,0.0,0.01386138613861386,0.05079507064705211,1.0,-0.0,0,0
210,0.0,0.01386138613861386,0.05079507064705211,1.0,-0.0,0,0
211,0.0,0.01386138613861386,0.05079507064705211,1.0,-0.0,0,0
212,0.0,0.01386138613861386,0.05079507064705211,1.0,-0.0,0,0
213,0.0,0.0,0.0,1.0,-0.0,0,0
214,0.0,0.0,0.0,1.0,-0.0,0,0
215,0.0,0.019801980198019802,0.0597350618970232,1.0,-0.0,0,0
216,0.0,0.019801980198019802,0.0597350618970232,1.0,-0.0,0,0
217,0.0,0.019801980198019802,0.0597350618970232,1.0,-0.0,0,0
218,0.0,0.019801980198019802,0.0597350618970232,1.0,-0.0,0,0
219,0.0,0.06732673267326733,0.10634234916512914,1.0,-0.0,0,0
220,0.0,0.047524752475247525,0.09397077637785882,1.0,-0.0,0,0
221,0.0,0.0712871287128713,0.11801714396634724,1.0,-0.0,0,0
222,0.0,0.0712871287128713,0.11801714396634724,1.0,-0.0,0,0
223,0.0,0.0712871287128713,0.11801714396634724,1.0,-0.0,0,0
224,0.0,0.08316831683168317,0.12670172889541695,1.0,-0.0,0,0
225,0.0,0.10495049504950495,0.1395723579145037,1.0,-0.0,0,0
226,0.0,0.08514851485148514,0.12694907267187808,1.0,-0.0,0,0
227,0.0,0.08514851485148514,0.12694907267187808,1.0,-0.0,0,0
228,0.0,0.16633663366336635,0.1713529319032391,1.0,-0.0,0,0
229,0.0,0.15049504950495046,0.1650824950547828,1.0,-0.0,0,0
230,0.0,0.14455445544554454,0.1492391578726081,1.0,-0.0,0,0
231,0.0,0.14059405940594055,0.15036471688371983,1.0,-0.0,0,0
232,0.0,0.15049504950495046,0.14999918308440097,1.0,-0.0,0,0
233,0.0,0.06930693069306931,0.11057238501634628,1.0,-0.0,0,0
234,0.0,0.025742574257425745,0.0669763743575753,1.0,-0.0,0,0
235,0.0,0.009900990099009901,0.04338396495090424,1.0,-0.0,0,0
236,0.0,0.009900990099009901,0.04338396495090424,1.0,-0.0,0,0
237,0.0,0.0,0.0,1.0,-0.0,0,0
238,0.0,0.0,0.0,1.0,-0.0,0,0
239,0.0,0.0,0.0,1.0,-0.0,0,0
240,0.0,0.0,0.0,1.0,-0.0,0,0
241,0.0,0.0,0.0,1.0,-0.0,0,0
242,0.0,0.0,0.0,1.0,-0.0,0,0
243,0.0,0.0,0.0,1.0,-0.0,0,0
244,0.0,0.0019801980198019802,0.019801980198019802,1.0,-0.0,0,0
245,0.0,0.0019801980198019802,0.019801980198019802,1.0,-0.0,0,0
246,0.0,0.019801980198019802,0.06603299802191315,1.0,-0.0,0,0
247,0.0,0.033663366336633666,0.08475617647141663,1.0,-0.0,0,0
248,0.0,0.033663366336633666,0.08475617647141663,1.0,-0.0,0,0
249,0.0,0.031683168316831684,0.08316831683168317,1.0,-0.0,0,0
250,0.0,0.031683168316831684,0.08316831683168317,1.0,-0.0,0,0
251,0.0,0.01386138613861386,0.05079507064705211,1.0,-0.0,0,0
252,0.0,0.0,0.0,1.0,-0.0,0,0
253,0.0,0.0,0.0,1.0,-0.0,0,0
254,0.0,0.009900990099009901,0.04338396495090424,1.0,-0.0,0,0
255,0.0,0.031683168316831684,0.0730260947112308,1.0,-0.0,0,0
256,0.0,0.03564356435643565,0.07653920035678292,1.0,-0.0,0,0
257,0.0,0.03564356435643565,0.07653920035678292,1.0,-0.0,0,0
258,0.0,0.09702970297029702,0.127780323207142,1.0,-0.0,0,0
259,0.0,0.0871287128712871,0.12401163019288061,1.0,-0.0,0,0
260,0.0,0.06534653465346536,0.11641139371642828,1.0,-0.0,0,0
261,0.0,0.061386138613861406,0.10806149425459212,1.0,-0.0,0,0
262,0.0,0.061386138613861406,0.10806149425459212,1.0,-0.0,0,0
263,0.0,0.0,0.0,1.0,-0.0,0,0
264,0.0,0.007920792079207921,0.03900537743285587,1.0,-0.0,0,0
265,0.0,0.007920792079207921,0.03900537743285587,1.0,-0.0,0,0
266,0.0,0.007920792079207921,0.03900537743285587,1.0,-0.0,0,0
267,0.0,0.007920792079207921,0.03900537743285587,1.0,-0.0,0,0
268,0.0,0.007920792079207921,0.03900537743285587,1.0,-0.0,0,0
269,0.0,0.0,0.0,1.0,-0.0,0,0
270,0.0,0.0,0.0,1.0,-0.0,0,0
271,0.0,0.0,0.0,1.0,-0.0,0,0
272,0.0,0.025742574257425745,0.06697637435757531,1.0,-0.0,0,0
273,0.0,0.025742574257425745,0.06697637435757531,1.0,-0.0,0,0
274,0.0,0.025742574257425745,0.06697637435757531,1.0,-0.0,0,0
275,0.0,0.025742574257425745,0.06697637435757531,1.0,-0.0,0,0
276,0.0,0.025742574257425745,0.06697637435757531,1.0,-0.0,0,0
277,0.0,0.0,0.0,1.0,-0.0,0,0
278,0.0,0.0,0.0,1.0,-0.0,0,0
279,0.0,0.0,0.0,1.0,-0.0,0,0
280,0.0,0.0,0.0,1.0,-0.0,0,0
281,0.0,0.0,0.0,1.0,-0.0,0,0
282,0.0,0.009900990099009901,0.04338396495090424,1.0,-0.0,0,0
283,0.0,0.009900990099009901,0.04338396495090424,1.0,-0.0,0,0
284,0.0,0.009900990099009901,0.04338396495090424,1.0,-0.0,0,0
285,0.0,0.009900990099009901,0.04338396495090424,1.0,-0.0,0,0
286,0.4,0.033663366336633666,0.07994704648786674,2.3000965330509323e-06,5.638253936638243,0,0
287,0.4,0.08118811881188118,0.11664694237642095,0.00313672736016238,2.5035232279145325,0,0
288,0.4,0.1603960396039604,0.17580322478754876,0.08645544974553422,1.0632076256426217,0,0
289,0.4,0.1762376237623762,0.1808388127814792,0.10797707685899917,0.9666684338678347,0,0
290,0.4,0.1762376237623762,0.1808388127814792,0.10797707685899917,0.9666684338678347,0,0
291,0.0,0.21782178217821782,0.2270761374491033,1.0,-0.0,0,0
292,0.0,0.18019801980198022,0.20777930122098495,1.0,-0.0,0,0
293,0.0,0.1188118811881188,0.14399729871443837,1.0,-0.0,0,0
294,0.0,0.10297029702970298,0.1396285351588451,1.0,-0.0,0,0
295,0.0,0.13564356435643563,0.1686194135234681,1.0,-0.0,0,0
296,0.0,0.11287128712871286,0.13024224675172555,1.0,-0.0,0,0
297,0.0,0.09306930693069305,0.11454380090280847,1.0,-0.0,0,0
298,0.0,0.11881188118811879,0.13549532985786933,1.0,-0.0,0,0
299,0.0,0.11881188118811879,0.13549532985786933,1.0,-0.0,0,0
300,0.0,0.10297029702970295,0.14243667729389659,1.0,-0.0,0,0
301,0.0,0.1396039603960396,0.16294274516570856,1.0,-0.0,0,0
302,0.0,0.17623762376237626,0.16953548350894254,1.0,-0.0,0,0
303,0.0,0.13663366336633662,0.13179850528549494,1.0,-0.0,0,0
304,0.0,0.13663366336633662,0.13179850528549494,1.0,-0.0,0,0
305,0.2,0.21188118811881188,0.2121493629977959,1.0,-0.0,0,0
306,0.2,0.1306930693069307,0.1811637704789335,0.35102113645021776,0.4546667320603164,0,0
307,0.2,0.09504950495049505,0.1556692594616519,0.250095596000268,0.6018939558089691,0,0
308,0.2,0.09108910891089109,0.14765427233510692,0.230376513888284,0.6375617978557012,0,0
309,0.2,0.09108910891089109,0.14765427233510692,0.230376513888284,0.6375617978557012,0,0
310,0.0,0.0,0.0,1.0,-0.0,0,0
311,0.0,0.0,0.0,1.0,-0.0,0,0
312,0.0,0.0059405940594059415,0.03395332316729158,1.0,-0.0,0,0
313,0.0,0.10099009900990098,0.14521752172118102,1.0,-0.0,0,0
314,0.0,0.21188118811881188,0.20260048415728582,1.0,-0.0,0,0
315,0.0,0.21188118811881188,0.20260048415728582,1.0,-0.0,0,0
316,0.0,0.2554455445544554,0.21821746239930154,1.0,-0.0,0,0
317,0.0,0.2495049504950495,0.21323707922331575,1.0,-0.0,0,0
318,0.0,0.15445544554455443,0.17549068547409524,1.0,-0.0,0,0
319,0.0,0.049504950495049514,0.09504950495049506,1.0,-0.0,0,0
320,0.0,0.049504950495049514,0.09504950495049506,1.0,-0.0,0,0
321,0.0,0.027722772277227727,0.07461957893630407,1.0,-0.0,0,0
322,0.0,0.04752475247524753,0.11309687375282088,1.0,-0.0,0,0
323,0.4,0.0891089108910891,0.13923481846532235,0.012779270895223514,1.8934939235808976,0,0
324,0.4,0.08316831683168316,0.12978985828256587,0.007321040435860059,2.135427194427488,0,0
325,0.6,0.09504950495049505,0.13670539084430264,0.0001105015629451201,3.95663157923099,0,0
326,0.6,0.07326732673267328,0.11509022642946842,2.361915611684151e-06,5.626735623248592,0,0
327,0.6,0.06336633663366337,0.10874875419996817,4.015369520370815e-07,6.396274481948555,0,0
328,0.2,0.021782178217821784,0.06836703565002801,0.0045699030283054085,2.3400930154046975,0,0
329,0.2,0.033663366336633666,0.08475617647141663,0.024850340762334614,1.6046676515911364,0,0
330,0.0,0.021782178217821784,0.06230547612891991,1.0,-0.0,0,0
331,0.0,0.021782178217821784,0.06230547612891991,1.0,-0.0,0,0
332,0.0,0.011881188118811883,0.047276579747775535,1.0,-0.0,0,0
333,0.0,0.011881188118811883,0.047276579747775535,1.0,-0.0,0,0
334,0.0,0.0,0.0,1.0,-0.0,0,0
335,0.0,0.0,0.0,1.0,-0.0,0,0
336,0.0,0.009900990099009901,0.04338396495090424,1.0,-0.0,0,0
337,0.0,0.009900990099009901,0.04338396495090424,1.0,-0.0,0,0
338,0.0,0.009900990099009901,0.04338396495090424,1.0,-0.0,0,0
339,0.0,0.009900990099009901,0.04338396495090424,1.0,-0.0,0,0
340,0.0,0.009900990099009901,0.04338396495090424,1.0,-0.0,0,0
341,0.0,0.0,0.0,1.0,-0.0,0,0
342,0.0,0.0,0.0,1.0,-0.0,0,0
343,0.0,0.0,0.0,1.0,-0.0,0,0
344,0.0,0.025742574257425748,0.06697637435757531,1.0,-0.0,0,0
345,0.0,0.025742574257425748,0.06697637435757531,1.0,-0.0,0,0
346,0.0,0.025742574257425748,0.06697637435757531,1.0,-0.0,0,0
347,0.0,0.025742574257425748,0.06697637435757531,1.0,-0.0,0,0
348,0.0,0.025742574257425748,0.06697637435757531,1.0,-0.0,0,0
349,0.0,0.0,0.0,1.0,-0.0,0,0
350,0.0,0.0,0.0,1.0,-0.0,0,0
351,0.0,0.0,0.0,1.0,-0.0,0,0
352,0.0,0.0,0.0,1.0,-0.0,0,0
353,0.0,0.0,0.0,1.0,-0.0,0,0
354,0.0,0.0,0.0,1.0,-0.0,0,0
355,0.0,0.0,0.0,1.0,-0.0,0,0
356,0.0,0.0,0.0,1.0,-0.0,0,0
357,0.0,0.0,0.0,1.0,-0.0,0,0
358,0.0,0.0,0.0,1.0,-0.0,0,0
359,0.0,0.0,0.0,1.0,-0.0,0,0
360,0.0,0.0,0.0,1.0,-0.0,0,0
361,0.0,0.0,0.0,1.0,-0.0,0,0
362,0.0,0.0,0.0,1.0,-0.0,0,0
363,0.0,0.0,0.0,1.0,-0.0,0,0
364,0.0,0.0,0.0,1.0,-0.0,0,0
365,0.0,0.0,0.0,1.0,-0.0,0,0
366,0.0,0.0,0.0,1.0,-0.0,0,0
367,0.0,0.0,0.0,1.0,-0.0,0,0
368,0.0,0.0,0.0,1.0,-0.0,0,0
369,0.0,0.0,0.0,1.0,-0.0,0,0
370,0.0,0.0,0.0,1.0,-0.0,0,0
371,0.0,0.0,0.0,1.0,-0.0,0,0
372,0.0,0.0,0.0,1.0,-0.0,0,0
373,0.0,0.0,0.0,1.0,-0.0,0,0
374,0.0,0.0,0.0,1.0,-0.0,0,0
375,0.0,0.0,0.0,1.0,-0.0,0,0
376,0.0,0.0,0.0,1.0,-0.0,0,0
377,0.0,0.0,0.0,1.0,-0.0,0,0
378,0.2,0.0039603960396039604,0.027863855998951064,9.918686161641043e-13,12.003545851085576,0,0
379,0.2,0.0039603960396039604,0.027863855998951064,9.918686161641043e-13,12.003545851085576,0,0
380,0.2,0.0039603960396039604,0.027863855998951064,9.918686161641043e-13,12.003545851085576,0,0
381,0.2,0.0039603960396039604,0.027863855998951064,9.918686161641043e-13,12.003545851085576,0,0
382,0.2,0.0039603960396039604,0.027863855998951064,9.918686161641043e-13,12.003545851085576,0,0
383,0.0,0.0,0.0,1.0,-0.0,0,0
384,0.0,0.0,0.0,1.0,-0.0,0,0
385,0.0,0.0,0.0,1.0,-0.0,0,0
386,0.0,0.0,0.0,1.0,-0.0,0,0
387,0.0,0.0,0.0,1.0,-0.0,0,0
388,0.0,0.0,0.0,1.0,-0.0,0,0
389,0.0,0.0,0.0,1.0,-0.0,0,0
390,0.0,0.0,0.0,1.0,-0.0,0,0
391,0.0,0.0,0.0,1.0,-0.0,0,0
392,0.0,0.0,0.0,1.0,-0.0,0,0
393,0.0,0.0,0.0,1.0,-0.0,0,0
394,0.0,0.0,0.0,1.0,-0.0,0,0
395,0.0,0.0,0.0,1.0,-0.0,0,0
396,0.0,0.0,0.0,1.0,-0.0,0,0
397,0.0,0.0,0.0,1.0,-0.0,0,0
398,0.0,0.0,0.0,1.0,-0.0,0,0
399,0.0,0.0,0.0,1.0,-0.0,0,0
400,0.0,0.0,0.0,1.0,-0.0,0,0
401,0.0,0.0,0.0,1.0,-0.0,0,0
402,0.0,0.0,0.0,1.0,-0.0,0,0
403,0.0,0.0,0.0,1.0,-0.0,0,0
404,0.0,0.0,0.0,1.0,-0.0,0,0
405,0.0,0.0,0.0,1.0,-0.0,0,0
406,0.0,0.0297029702970297,0.08150144802873932,1.0,-0.0,0,0
407,0.0,0.041584158415841586,0.09467748980500532,1.0,-0.0,0,0
408,0.2,0.08316831683168316,0.13575553664160483,0.19472824262570337,0.7105710555319672,0,0
409,0.2,0.08316831683168316,0.13575553664160483,0.19472824262570337,0.7105710555319672,0,0
410,0.2,0.11089108910891088,0.165248681544753,0.29486018940340974,0.530383859830507,0,0
411,0.2,0.08118811881188118,0.13549532985786933,0.19027844328163313,0.7206104103158429,0,0
412,0.2,0.06930693069306931,0.11751770396006173,0.13304459555834885,0.8760027623516582,0,0
413,0.0,0.027722772277227727,0.07461957893630407,1.0,-0.0,0,0
414,0.0,0.027722772277227727,0.07461957893630407,1.0,-0.0,0,0
415,0.0,0.0,0.0,1.0,-0.0,0,0
416,0.0,0.0,0.0,1.0,-0.0,0,0
417,0.0,0.0,0.0,1.0,-0.0,0,0
418,0.0,0.0,0.0,1.0,-0.0,0,0
419,0.0,0.0,0.0,1.0,-0.0,0,0
420,0.0,0.0,0.0,1.0,-0.0,0,0
421,0.0,0.061386138613861385,0.11515834731523733,1.0,-0.0,0,0
422,0.2,0.12673267326732673,0.15851482056387722,0.32196493319807473,0.4921914269001145,0,0
423,0.2,0.25742574257425743,0.2343503912349483,1.0,-0.0,0,0
424,0.2,0.25742574257425743,0.2343503912349483,1.0,-0.0,0,0
425,0.2,0.2891089108910891,0.2428791779241499,1.0,-0.0,0,0
426,0.2,0.2712871287128713,0.24142179254064428,1.0,-0.0,0,0
427,0.0,0.23168316831683164,0.2264363145967969,1.0,-0.0,0,0
428,0.0,0.14455445544554454,0.1667839341722421,1.0,-0.0,0,0
429,0.0,0.15247524752475247,0.1715359035858037,1.0,-0.0,0,0
430,0.0,0.1485148514851485,0.16082329112274815,1.0,-0.0,0,0
431,0.0,0.10891089108910887,0.14765427233510692,1.0,-0.0,0,0
432,0.0,0.12376237623762375,0.14291762832290003,1.0,-0.0,0,0
433,0.0,0.1089108910891089,0.1335716590419014,1.0,-0.0,0,0
434,0.0,0.17227722772277224,0.1802741651760957,1.0,-0.0,0,0
435,0.0,0.19801980198019803,0.21153854037344386,1.0,-0.0,0,0
436,0.0,0.20396039603960398,0.21430097835197912,1.0,-0.0,0,0
437,0.0,0.16435643564356436,0.18539984001180873,1.0,-0.0,0,0
438,0.0,0.13465346534653466,0.17600384984783346,1.0,-0.0,0,0
439,0.0,0.08118811881188118,0.11320083903331847,1.0,-0.0,0,0
440,0.0,0.027722772277227727,0.06910862719451544,1.0,-0.0,0,0
441,0.0,0.025742574257425745,0.06697637435757531,1.0,-0.0,0,0
442,0.0,0.025742574257425745,0.06697637435757531,1.0,-0.0,0,0
443,0.0,0.025742574257425745,0.06697637435757531,1.0,-0.0,0,0
444,0.0,0.009900990099009901,0.04338396495090424,1.0,-0.0,0,0
445,0.0,0.009900990099009901,0.04338396495090424,1.0,-0.0,0,0
446,0.0,0.0,0.0,1.0,-0.0,0,0
447,0.0,0.0,0.0,1.0,-0.0,0,0
448,0.0,0.0,0.0,1.0,-0.0,0,0
449,0.0,0.0,0.0,1.0,-0.0,0,0
450,0.0,0.0,0.0,1.0,-0.0,0,0
451,0.0,0.0,0.0,1.0,-0.0,0,0
452,0.0,0.0,0.0,1.0,-0.0,0,0
453,0.0,0.019801980198019802,0.0597350618970232,1.0,-0.0,0,0
454,0.0,0.019801980198019802,0.0597350618970232,1.0,-0.0,0,0
455,0.0,0.025742574257425748,0.07264925278354116,1.0,-0.0,0,0
456,0.0,0.04554455445544555,0.08846854615322249,1.0,-0.0,0,0
457,0.0,0.04554455445544555,0.08846854615322249,1.0,-0.0,0,0
458,0.0,0.031683168316831684,0.07826167463512675,1.0,-0.0,0,0
459,0.0,0.08712871287128714,0.12401163019288061,1.0,-0.0,0,0
460,0.0,0.08514851485148514,0.12054836637801526,1.0,-0.0,0,0
461,0.0,0.1485148514851485,0.1726977909735853,1.0,-0.0,0,0
462,0.2,0.18811881188118812,0.18630706513012396,0.47457585697814497,0.3236943593505994,0,0
463,0.2,0.21782178217821782,0.21266626092410074,1.0,-0.0,0,0
464,0.2,0.21782178217821782,0.1951876678075502,1.0,-0.0,0,0
465,0.2,0.21386138613861383,0.19347254159325522,1.0,-0.0,0,0
466,0.2,0.13267326732673265,0.1414975848312859,0.31710294183422544,0.49879972890812296,0,0
467,0.0,0.10099009900990097,0.12781100644043505,1.0,-0.0,0,0
468,0.0,0.11881188118811879,0.15714839508139802,1.0,-0.0,0,0
469,0.0,0.06336633663366338,0.1224524739306163,1.0,-0.0,0,0
470,0.0,0.1306930693069307,0.17448230314384702,1.0,-0.0,0,0
471,0.0,0.16435643564356436,0.18752381151289846,1.0,-0.0,0,0
472,0.0,0.15445544554455443,0.179947600995427,1.0,-0.0,0,0
473,0.0,0.09900990099009901,0.12781100644043505,1.0,-0.0,0,0
474,0.0,0.09900990099009901,0.12781100644043505,1.0,-0.0,0,0
475,0.0,0.031683168316831684,0.08316831683168317,1.0,-0.0,0,0
476,0.0,0.015841584158415842,0.05401260078014202,1.0,-0.0,0,0
477,0.0,0.015841584158415842,0.05401260078014202,1.0,-0.0,0,0
478,0.0,0.049504950495049514,0.09912864166957489,1.0,-0.0,0,0
479,0.0,0.07920792079207921,0.1261123431927973,1.0,-0.0,0,0
480,0.0,0.1465346534653465,0.1564231101634178,1.0,-0.0,0,0
481,0.0,0.22574257425742572,0.19225265211912826,1.0,-0.0,0,0
482,0.0,0.22574257425742572,0.19225265211912826,1.0,-0.0,0,0
483,0.0,0.2653465346534653,0.22357829982213775,1.0,-0.0,0,0
484,0.0,0.29504950495049503,0.22087864040437138,1.0,-0.0,0,0
485,0.0,0.22970297029702968,0.20174709904079255,1.0,-0.0,0,0
486,0.0,0.16237623762376235,0.17283397009132112,1.0,-0.0,0,0
487,0.2,0.18415841584158413,0.1881292336873445,0.46644637904922587,0.3311982739356898,0,0
488,0.2,0.14455445544554457,0.18904410273049704,0.38464863179577746,0.4149358080191644,0,0
489,0.2,0.100990099009901,0.1367914141716479,0.23459364655241444,0.629683753962141,0,0
490,0.2,0.11485148514851484,0.15246238855382305,0.28825537349637204,0.5402225880815854,0,0
491,0.2,0.08712871287128714,0.13618810981425267,0.20361174109044733,0.6911971824071221,0,0
492,0.0,0.06534653465346535,0.11976515267356391,1.0,-0.0,0,0
493,0.0,0.029702970297029712,0.07112192077650682,1.0,-0.0,0,0
494,0.0,0.013861386138613863,0.05079507064705211,1.0,-0.0,0,0
495,0.0,0.0,0.0,1.0,-0.0,0,0
496,0.0,0.0,0.0,1.0,-0.0,0,0
497,0.0,0.0,0.0,1.0,-0.0,0,0
498,0.0,0.0,0.0,1.0,-0.0,0,0
499,0.0,0.013861386138613863,0.05079507064705211,1.0,-0.0,0,0
500,0.0,0.013861386138613863,0.05079507064705211,1.0,-0.0,0,0
501,0.0,0.013861386138613863,0.05079507064705211,1.0,-0.0,0,0
502,0.0,0.02772277227722772,0.07461957893630407,1.0,-0.0,0,0
503,0.0,0.04356435643564357,0.08721867542790195,1.0,-0.0,0,0
504,0.2,0.05940594059405942,0.10733330877518932,0.0951177364230414,1.0217384934469724,0,0
505,0.4,0.07524752475247526,0.1189108498693262,0.0031565641891390605,2.5007853748126454,0,0
506,0.4,0.07524752475247526,0.1189108498693262,0.0031565641891390605,2.5007853748126454,0,0
507,0.4,0.08316831683168316,0.12028786177019754,0.004219950562944581,2.3746926368028127,0,0
508,0.4,0.09504950495049505,0.14513649268759363,0.017814821518811794,1.749218524353294,0,0
509,0.4,0.0891089108910891,0.13636075485692528,0.01130633060330483,1.9466783196815078,0,0
510,0.2,0.0910891089108911,0.1503125521928582,0.2343601285972624,0.6301162723599205,0,0
511,0.6,0.1504950495049505,0.19782168306918302,0.011535000868619298,1.9379823684392419,0,0
512,0.6,0.12673267326732673,0.17285665618055598,0.0030914758027691122,2.509834148409802,0,0
513,0.6,0.1089108910891089,0.1503125521928582,0.0005432385495574187,3.265009419018367,0,0
514,0.4,0.09306930693069307,0.15559367350941145,0.024268153659347428,1.6149632638847633,0,0
515,0.6,0.08712871287128712,0.127165103825761,2.7521347812835773e-05,4.560330301056302,0,0
516,0.2,0.0297029702970297,0.07112192077650681,0.008322928729312118,2.079723824290396,0,0
517,0.2,0.0297029702970297,0.07112192077650681,0.008322928729312118,2.079723824290396,0,0
518,0.2,0.019801980198019802,0.059735061897023205,0.001278047474114718,2.8934530136556162,0,0
519,0.2,0.011881188118811883,0.04727657974777555,3.458655652090612e-05,4.461092674713382,0,0
520,0.0,0.0,0.0,1.0,-0.0,0,0
521,0.0,0.0,0.0,1.0,-0.0,0,0
522,0.0,0.0,0.0,1.0,-0.0,0,0
523,0.0,0.0,0.0,1.0,-0.0,0,0
524,0.0,0.0,0.0,1.0,-0.0,0,0
525,0.0,0.0,0.0,1.0,-0.0,0,0
526,0.0,0.0,0.0,1.0,-0.0,0,0
527,0.0,0.0,0.0,1.0,-0.0,0,0
528,0.0,0.0,0.0,1.0,-0.0,0,0
529,0.0,0.013861386138613863,0.05079507064705211,1.0,-0.0,0,0
530,0.0,0.013861386138613863,0.05079507064705211,1.0,-0.0,0,0
531,0.0,0.013861386138613863,0.05079507064705211,1.0,-0.0,0,0
532,0.0,0.013861386138613863,0.05079507064705211,1.0,-0.0,0,0
533,0.0,0.013861386138613863,0.05079507064705211,1.0,-0.0,0,0
534,0.0,0.0,0.0,1.0,-0.0,0,0
535,0.0,0.0,0.0,1.0,-0.0,0,0
536,0.0,0.0,0.0,1.0,-0.0,0,0
537,0.0,0.0,0.0,1.0,-0.0,0,0
538,0.0,0.0,0.0,1.0,-0.0,0,0
539,0.0,0.011881188118811883,0.047276579747775535,1.0,-0.0,0,0
540,0.0,0.013861386138613863,0.050795070647052104,1.0,-0.0,0,0
541,0.0,0.023762376237623766,0.06471340450838887,1.0,-0.0,0,0
542,0.0,0.0297029702970297,0.07112192077650681,1.0,-0.0,0,0
543,0.0,0.0297029702970297,0.07112192077650681,1.0,-0.0,0,0
544,0.0,0.017821782178217824,0.056980176514606566,1.0,-0.0,0,0
545,0.0,0.015841584158415842,0.05401260078014202,1.0,-0.0,0,0
546,0.0,0.0059405940594059415,0.03395332316729157,1.0,-0.0,0,0
547,0.0,0.0,0.0,1.0,-0.0,0,0
548,0.0,0.0,0.0,1.0,-0.0,0,0
549,0.0,0.0,0.0,1.0,-0.0,0,0
550,0.0,0.023762376237623766,0.07056843438101175,1.0,-0.0,0,0
551,0.0,0.05544554455445544,0.10193693208898019,1.0,-0.0,0,0
552,0.0,0.05544554455445544,0.10193693208898019,1.0,-0.0,0,0
553,0.0,0.05544554455445544,0.10193693208898019,1.0,-0.0,0,0
554,0.0,0.061386138613861385,0.10433219700847123,1.0,-0.0,0,0
555,0.0,0.05346534653465347,0.09287951999650358,1.0,-0.0,0,0
556,0.0,0.021782178217821784,0.06230547612891991,1.0,-0.0,0,0
557,0.0,0.03762376237623763,0.08307396817189318,1.0,-0.0,0,0
558,0.0,0.03762376237623763,0.08307396817189318,1.0,-0.0,0,0
559,0.0,0.031683168316831684,0.0730260947112308,1.0,-0.0,0,0
560,0.0,0.04554455445544555,0.09283729243351321,1.0,-0.0,0,0
561,0.0,0.04554455445544555,0.09283729243351321,1.0,-0.0,0,0
562,0.0,0.06930693069306931,0.12084076279122662,1.0,-0.0,0,0
563,0.0,0.06930693069306931,0.12084076279122662,1.0,-0.0,0,0
564,0.0,0.09900990099009901,0.14246420394934614,1.0,-0.0,0,0
565,0.0,0.0693069306930693,0.12084076279122662,1.0,-0.0,0,0
566,0.0,0.0693069306930693,0.12084076279122662,1.0,-0.0,0,0
567,0.0,0.04752475247524753,0.09809478080396702,1.0,-0.0,0,0
568,0.0,0.04752475247524753,0.09809478080396702,1.0,-0.0,0,0
569,0.0,0.017821782178217824,0.056980176514606566,1.0,-0.0,0,0
570,0.0,0.017821782178217824,0.056980176514606566,1.0,-0.0,0,0
571,0.0,0.017821782178217824,0.056980176514606566,1.0,-0.0,0,0
572,0.0,0.023762376237623766,0.07056843438101175,1.0,-0.0,0,0
573,0.0,0.04554455445544555,0.09283729243351321,1.0,-0.0,0,0
574,0.0,0.11287128712871286,0.14464936528910635,1.0,-0.0,0,0
575,0.0,0.16633663366336632,0.17364880212589112,1.0,-0.0,0,0
576,0.0,0.3643564356435644,0.2570141416211099,1.0,-0.0,0,0
577,0.0,0.34059405940594056,0.25100913865332003,1.0,-0.0,0,0
578,0.0,0.3188118811881188,0.25043046950572356,1.0,-0.0,0,0
579,0.0,0.27128712871287125,0.2226468293652734,1.0,-0.0,0,0
580,0.0,0.2198019801980198,0.2039315561653939,1.0,-0.0,0,0
581,0.0,0.021782178217821784,0.06836703565002801,1.0,-0.0,0,0
582,0.0,0.05346534653465347,0.10104832334394513,1.0,-0.0,0,0
583,0.0,0.05346534653465347,0.10104832334394513,1.0,-0.0,0,0
584,0.0,0.09504950495049505,0.13078304733432375,1.0,-0.0,0,0
585,0.0,0.09504950495049505,0.13078304733432375,1.0,-0.0,0,0
586,0.0,0.09504950495049505,0.13078304733432375,1.0,-0.0,0,0
587,0.0,0.09108910891089105,0.1335716590419014,1.0,-0.0,0,0
588,0.0,0.09108910891089105,0.1335716590419014,1.0,-0.0,0,0
589,0.0,0.02772277227722773,0.07461957893630405,1.0,-0.0,0,0
590,0.0,0.02772277227722773,0.07461957893630405,1.0,-0.0,0,0
591,0.0,0.10099009900990097,0.1396566153069739,1.0,-0.0,0,0
592,0.0,0.08514851485148514,0.12379009590564582,1.0,-0.0,0,0
593,0.2,0.12079207920792079,0.14372473118118065,0.2907796499938946,0.5364359905386117,0,0
594,0.2,0.12475247524752475,0.14852805221860732,0.30621016232029796,0.5139804002922561,0,0
595,0.2,0.12475247524752475,0.14852805221860732,0.30621016232029796,0.5139804002922561,0,0
596,0.2,0.05148514851485149,0.1001126705723924,0.0689738517569684,1.1613155207112393,0,0
597,0.2,0.04752475247524753,0.09809478080396702,0.06004850186537829,1.2214978232271951,0,0
598,0.0,0.06732673267326733,0.11000352009767247,1.0,-0.0,0,0
599,0.0,0.0891089108910891,0.12734998170941406,1.0,-0.0,0,0
600,0.0,0.1188118811881188,0.13838736799727644,1.0,-0.0,0,0
601,0.0,0.1465346534653465,0.148633615879566,1.0,-0.0,0,0
602,0.0,0.13861386138613857,0.1427941099193659,1.0,-0.0,0,0
603,0.0,0.08118811881188118,0.11320083903331847,1.0,-0.0,0,0
604,0.0,0.097029702970297,0.127780323207142,1.0,-0.0,0,0
605,0.0,0.06732673267326733,0.10634234916512914,1.0,-0.0,0,0
606,0.0,0.09306930693069305,0.14505541839059363,1.0,-0.0,0,0
607,0.0,0.09306930693069305,0.14505541839059363,1.0,-0.0,0,0
608,0.0,0.22178217821782173,0.22320969157959364,1.0,-0.0,0,0
609,0.0,0.1881188118811881,0.19664871867623296,1.0,-0.0,0,0
610,0.0,0.2059405940594059,0.20768492042973294,1.0,-0.0,0,0
611,0.0,0.15445544554455443,0.18213516495155516,1.0,-0.0,0,0
612,0.0,0.21188118811881182,0.22128657496552867,1.0,-0.0,0,0
613,0.0,0.09504950495049505,0.1277189346265117,1.0,-0.0,0,0
614,0.0,0.10891089108910891,0.13650445892763632,1.0,-0.0,0,0
615,0.0,0.14059405940594058,0.14770737583343774,1.0,-0.0,0,0
616,0.0,0.16831683168316827,0.16345931947317976,1.0,-0.0,0,0
617,0.0,0.1564356435643564,0.1505211024869694,1.0,-0.0,0,0
618,0.0,0.14455445544554454,0.15186969892129912,1.0,-0.0,0,0
619,0.0,0.12079207920792079,0.14645435316515326,1.0,-0.0,0,0
620,0.0,0.07326732673267328,0.1115960618107356,1.0,-0.0,0,0
621,0.0,0.04554455445544555,0.09283729243351321,1.0,-0.0,0,0
622,0.0,0.0,0.0,1.0,-0.0,0,0
623,0.0,0.0,0.0,1.0,-0.0,0,0
624,0.0,0.0,0.0,1.0,-0.0,0,0
625,0.0,0.0,0.0,1.0,-0.0,0,0
626,0.0,0.0,0.0,1.0,-0.0,0,0
627,0.0,0.0,0.0,1.0,-0.0,0,0
