,foreground,bg_means,bg_stdev,pvals,minus_logs,regs,active
2,0.0,0.0,0.0,1.0,-0.0,0,0
3,0.0,0.0,0.0,1.0,-0.0,0,0
4,0.0,0.0,0.0,1.0,-0.0,0,0
5,0.0,0.0,0.0,1.0,-0.0,0,0
6,0.0,0.0,0.0,1.0,-0.0,0,0
7,0.0,0.0,0.0,1.0,-0.0,0,0
8,0.0,0.0,0.0,1.0,-0.0,0,0
9,0.0,0.0,0.0,1.0,-0.0,0,0
10,0.0,0.0,0.0,1.0,-0.0,0,0
11,0.0,0.0,0.0,1.0,-0.0,0,0
12,0.0,0.0,0.0,1.0,-0.0,0,0
13,0.0,0.0,0.0,1.0,-0.0,0,0
14,0.0,0.0,0.0,1.0,-0.0,0,0
15,0.0,0.0,0.0,1.0,-0.0,0,0
16,0.0,0.0,0.0,1.0,-0.0,0,0
17,0.0,0.0,0.0,1.0,-0.0,0,0
18,0.0,0.0,0.0,1.0,-0.0,0,0
19,0.0,0.0,0.0,1.0,-0.0,0,0
20,0.0,0.07722772277227724,0.11247106393000339,1.0,-0.0,0,0
21,0.0,0.07722772277227724,0.11247106393000339,1.0,-0.0,0,0
22,0.2,0.12277227722772276,0.1434243086117372,0.29513103292834175,0.5299851221810378,0,0
23,0.2,0.12277227722772276,0.1434243086117372,0.29513103292834175,0.5299851221810378,0,0
24,0.4,0.1564356435643564,0.16070133517048302,0.06480600256107849,1.1883847663759999,0,0
25,0.4,0.07722772277227724,0.1124710639300034,0.002053494791492543,2.6875063943583766,0,0
26,0.4,0.1267326732673267,0.12498799079651089,0.0143950531650683,1.8417867268086046,0,0
27,0.2,0.07920792079207921,0.09781456661567106,0.10843220472298494,0.9648417117433487,0,0
28,0.2,0.07920792079207921,0.09781456661567106,0.10843220472298494,0.9648417117433487,0,0
29,0.0,0.047524752475247525,0.08512548617902845,1.0,-0.0,0,0
30,0.0,0.047524752475247525,0.08512548617902845,1.0,-0.0,0,0
31,0.0,0.07524752475247526,0.11553229422427584,1.0,-0.0,0,0
32,0.0,0.07524752475247526,0.11553229422427584,1.0,-0.0,0,0
33,0.0,0.07524752475247526,0.11553229422427584,1.0,-0.0,0,0
34,0.0,0.07524752475247526,0.11553229422427584,1.0,-0.0,0,0
35,0.0,0.07524752475247526,0.11553229422427584,1.0,-0.0,0,0
36,0.0,0.0,0.0,1.0,-0.0,0,0
37,0.0,0.0,0.0,1.0,-0.0,0,0
38,0.0,0.0,0.0,1.0,-0.0,0,0
39,0.0,0.0,0.0,1.0,-0.0,0,0
40,0.0,0.0,0.0,1.0,-0.0,0,0
41,0.0,0.0,0.0,1.0,-0.0,0,0
42,0.0,0.0,0.0,1.0,-0.0,0,0
43,0.0,0.0,0.0,1.0,-0.0,0,0
44,0.0,0.0,0.0,1.0,-0.0,0,0
45,0.0,0.0,0.0,1.0,-0.0,0,0
46,0.0,0.0,0.0,1.0,-0.0,0,0
47,0.0,0.0,0.0,1.0,-0.0,0,0
48,0.0,0.0,0.0,1.0,-0.0,0,0
49,0.0,0.0,0.0,1.0,-0.0,0,0
50,0.0,0.13465346534653466,0.1352926008121879,1.0,-0.0,0,0
51,0.0,0.19207920792079206,0.1755800391893932,1.0,-0.0,0,0
52,0.0,0.19207920792079206,0.1755800391893932,1.0,-0.0,0,0
53,0.0,0.19207920792079206,0.1755800391893932,1.0,-0.0,1,0
54,0.0,0.19207920792079206,0.1755800391893932,1.0,-0.0,0,0
55,0.0,0.057425742574257414,0.10656335878870264,1.0,-0.0,0,0
56,0.0,0.0,0.0,1.0,-0.0,0,0
57,0.2,0.19999999999999996,5.551115123125783e-17,0.15865525393145707,0.7995455414919704,0,0
58,0.2,0.19999999999999996,5.551115123125783e-17,0.15865525393145707,0.7995455414919704,0,0
59,0.2,0.19999999999999996,5.551115123125783e-17,0.15865525393145707,0.7995455414919704,0,0
60,0.2,0.19999999999999996,5.551115123125783e-17,0.15865525393145707,0.7995455414919704,0,0
61,0.2,0.19999999999999996,5.551115123125783e-17,0.15865525393145707,0.7995455414919704,0,0
62,0.0,0.0,0.0,1.0,-0.0,0,0
63,0.0,0.0,0.0,1.0,-0.0,0,0
64,0.0,0.0,0.0,1.0,-0.0,0,0
65,0.0,0.019801980198019802,0.0597350618970232,1.0,-0.0,0,0
66,0.0,0.019801980198019802,0.0597350618970232,1.0,-0.0,0,0
67,0.0,0.14059405940594058,0.16541470107292755,1.0,-0.0,0,0
68,0.0,0.17821782178217818,0.1755353680172698,1.0,-0.0,0,0
69,0.0,0.17821782178217818,0.1755353680172698,1.0,-0.0,0,0
70,0.0,0.1584158415841584,0.16244866773856387,1.0,-0.0,0,0
71,0.0,0.19999999999999998,0.18455190581674866,1.0,-0.0,0,0
72,0.0,0.12475247524752475,0.12851469892742934,1.0,-0.0,0,0
73,0.0,0.08514851485148513,0.09889101773610912,1.0,-0.0,0,0
74,0.0,0.08514851485148513,0.09889101773610912,1.0,-0.0,0,0
75,0.0,0.08514851485148513,0.09889101773610912,1.0,-0.0,0,0
76,0.0,0.043564356435643575,0.08255312311158745,1.0,-0.0,0,0
77,0.0,0.0,0.0,1.0,-0.0,0,0
78,0.0,0.0,0.0,1.0,-0.0,0,0
79,0.0,0.07722772277227723,0.122580495370631,1.0,-0.0,0,0
80,0.0,0.07722772277227723,0.122580495370631,1.0,-0.0,0,0
81,0.0,0.07722772277227723,0.122580495370631,1.0,-0.0,0,0
82,0.0,0.07722772277227723,0.122580495370631,1.0,-0.0,0,0
83,0.0,0.07722772277227723,0.122580495370631,1.0,-0.0,0,0
84,0.0,0.0,0.0,1.0,-0.0,0,0
85,0.0,0.0,0.0,1.0,-0.0,0,0
86,0.0,0.0,0.0,1.0,-0.0,0,0
87,0.0,0.0,0.0,1.0,-0.0,0,0
88,0.0,0.0,0.0,1.0,-0.0,0,0
89,0.0,0.0,0.0,1.0,-0.0,0,0
90,0.0,0.0,0.0,1.0,-0.0,0,0
91,0.0,0.0,0.0,1.0,-0.0,0,0
92,0.0,0.0,0.0,1.0,-0.0,0,0
93,0.0,0.0,0.0,1.0,-0.0,0,0
94,0.0,0.0,0.0,1.0,-0.0,0,0
95,0.2,0.01386138613861386,0.05079507064705211,0.00012391038159364294,3.90689230556944,0,0
96,0.2,0.01386138613861386,0.05079507064705211,0.00012391038159364294,3.90689230556944,0,0
97,0.4,0.10495049504950493,0.11805036483793173,0.006221019559473783,2.206138433192264,0,0
98,0.4,0.15841584158415842,0.13878348885493255,0.04086572651512128,1.3886407757442392,0,0
99,0.4,0.15841584158415842,0.13878348885493255,0.04086572651512128,1.3886407757442392,0,0
100,0.2,0.14455445544554454,0.13821725438903087,0.34415566293407385,0.46324507992170944,0,0
101,0.2,0.14455445544554454,0.13821725438903087,0.34415566293407385,0.46324507992170944,0,0
102,0.0,0.05148514851485149,0.09186070102766894,1.0,-0.0,0,0
103,0.0,0.0,0.0,1.0,-0.0,0,0
104,0.0,0.0,0.0,1.0,-0.0,0,0
105,0.0,0.0,0.0,1.0,-0.0,0,0
106,0.0,0.0,0.0,1.0,-0.0,0,0
107,0.0,0.0,0.0,1.0,-0.0,0,0
108,0.0,0.0,0.0,1.0,-0.0,0,0
109,0.0,0.0,0.0,1.0,-0.0,0,0
110,0.0,0.0,0.0,1.0,-0.0,0,0
111,0.0,0.0,0.0,1.0,-0.0,0,0
112,0.0,0.0,0.0,1.0,-0.0,0,0
113,0.0,0.0,0.0,1.0,-0.0,0,0
114,0.0,0.0,0.0,1.0,-0.0,0,0
115,0.0,0.0,0.0,1.0,-0.0,0,0
116,0.0,0.0,0.0,1.0,-0.0,0,0
117,0.0,0.0,0.0,1.0,-0.0,0,0
118,0.0,0.0,0.0,1.0,-0.0,0,0
119,0.0,0.0,0.0,1.0,-0.0,0,0
120,0.0,0.0,0.0,1.0,-0.0,0,0
121,0.0,0.015841584158415842,0.054012600780142014,1.0,-0.0,0,0
122,0.0,0.015841584158415842,0.054012600780142014,1.0,-0.0,0,0
123,0.0,0.039603960396039604,0.07970143286137865,1.0,-0.0,0,0
124,0.0,0.2198019801980198,0.1791176404070512,1.0,-0.0,0,0
125,0.0,0.2198019801980198,0.1791176404070512,1.0,-0.0,0,0
126,0.0,0.33069306930693076,0.2276624974040361,1.0,-0.0,0,0
127,0.0,0.36435643564356446,0.23780521125111292,1.0,-0.0,0,0
128,0.0,0.3405940594059407,0.22257637150611512,1.0,-0.0,0,0
129,0.0,0.19999999999999998,0.1929448697744442,1.0,-0.0,0,0
130,0.0,0.19999999999999998,0.1929448697744442,1.0,-0.0,0,0
131,0.0,0.07326732673267328,0.12177815335858849,1.0,-0.0,0,0
132,0.0,0.03960396039603961,0.07970143286137867,1.0,-0.0,0,0
133,0.0,0.03960396039603961,0.07970143286137867,1.0,-0.0,0,0
134,0.0,0.0,0.0,1.0,-0.0,0,0
135,0.0,0.0,0.0,1.0,-0.0,0,0
136,0.0,0.0,0.0,1.0,-0.0,0,0
137,0.0,0.0,0.0,1.0,-0.0,0,0
138,0.0,0.0,0.0,1.0,-0.0,0,0
139,0.0,0.013861386138613863,0.05079507064705211,1.0,-0.0,0,0
140,0.0,0.09108910891089109,0.13650445892763635,1.0,-0.0,0,0
141,0.0,0.22178217821782176,0.20079246977914245,1.0,-0.0,0,0
142,0.2,0.2851485148514851,0.22043437703090285,1.0,-0.0,0,0
143,0.2,0.2851485148514851,0.22043437703090285,1.0,-0.0,0,0
144,0.2,0.27128712871287125,0.2190603848498573,1.0,-0.0,0,0
145,0.2,0.194059405940594,0.1699282214093064,0.4860560449274619,0.313313651315045,0,0
146,0.2,0.06336633663366337,0.10874875419996817,0.10448261079208833,0.9809559838634979,0,0
147,0.0,0.0,0.0,1.0,-0.0,0,0
148,0.0,0.0,0.0,1.0,-0.0,0,0
149,0.0,0.0,0.0,1.0,-0.0,0,0
150,0.0,0.0,0.0,1.0,-0.0,0,0
151,0.0,0.02772277227722772,0.06910862719451542,1.0,-0.0,0,0
152,0.2,0.1821782178217822,0.17371653227296088,0.45914372585499075,0.33805134588945024,0,0
153,0.2,0.1821782178217822,0.17371653227296088,0.45914372585499075,0.33805134588945024,0,0
154,0.2,0.1821782178217822,0.17371653227296088,0.45914372585499075,0.33805134588945024,2,0
155,0.2,0.1821782178217822,0.17371653227296088,0.45914372585499075,0.33805134588945024,0,0
156,0.2,0.15445544554455443,0.166218722942046,0.39204086748793565,0.40666865849130684,0,0
157,0.0,0.0,0.0,1.0,-0.0,0,0
158,0.0,0.0,0.0,1.0,-0.0,0,0
159,0.0,0.0,0.0,1.0,-0.0,0,0
160,0.0,0.0,0.0,1.0,-0.0,0,0
161,0.0,0.0,0.0,1.0,-0.0,0,0
162,0.0,0.0,0.0,1.0,-0.0,0,0
163,0.0,0.0,0.0,1.0,-0.0,0,0
164,0.0,0.019801980198019806,0.0597350618970232,1.0,-0.0,0,0
165,0.0,0.019801980198019806,0.0597350618970232,1.0,-0.0,0,0
166,0.0,0.019801980198019806,0.0597350618970232,1.0,-0.0,0,0
167,0.0,0.019801980198019806,0.0597350618970232,1.0,-0.0,0,0
168,0.0,0.019801980198019806,0.0597350618970232,1.0,-0.0,0,0
169,0.2,0.03168316831683169,0.07826167463512676,0.01575022170315114,1.8027133286186665,0,0
170,0.2,0.08118811881188118,0.11320083903331847,0.14695858512597854,0.8328050379416199,0,0
171,0.2,0.08118811881188118,0.11320083903331847,0.14695858512597854,0.8328050379416199,0,0
172,0.6,0.1584158415841584,0.17192407185067915,0.005107227314862296,2.2918148119323307,0,0
173,0.6,0.1584158415841584,0.17192407185067915,0.005107227314862296,2.2918148119323307,0,0
174,0.6,0.14653465346534653,0.1614073970084343,0.002481343109347619,2.605313179220889,0,0
175,0.6,0.09504950495049505,0.13078304733432375,5.64669895925414e-05,4.248205365055711,0,0
176,0.6,0.09504950495049505,0.13078304733432375,5.64669895925414e-05,4.248205365055711,0,0
177,0.2,0.041584158415841586,0.08590499787518362,0.03258561123651815,1.4869741281544258,0,0
178,0.2,0.041584158415841586,0.08590499787518362,0.03258561123651815,1.4869741281544258,0,0
179,0.0,0.021782178217821784,0.06230547612891991,1.0,-0.0,0,0
180,0.0,0.021782178217821784,0.06230547612891991,1.0,-0.0,0,0
181,0.0,0.021782178217821784,0.06230547612891991,1.0,-0.0,0,0
182,0.0,0.0,0.0,1.0,-0.0,0,0
183,0.0,0.0,0.0,1.0,-0.0,0,0
184,0.0,0.0,0.0,1.0,-0.0,0,0
185,0.0,0.0,0.0,1.0,-0.0,0,0
186,0.0,0.0,0.0,1.0,-0.0,0,0
187,0.0,0.0,0.0,1.0,-0.0,0,0
188,0.0,0.0,0.0,1.0,-0.0,0,0
189,0.0,0.0,0.0,1.0,-0.0,0,0
190,0.0,0.0,0.0,1.0,-0.0,0,0
191,0.0,0.0,0.0,1.0,-0.0,0,0
192,0.0,0.0,0.0,1.0,-0.0,0,0
193,0.0,0.0,0.0,1.0,-0.0,0,0
194,0.0,0.0,0.0,1.0,-0.0,0,0
195,0.0,0.0,0.0,1.0,-0.0,0,0
196,0.0,0.0,0.0,1.0,-0.0,0,0
197,0.0,0.0,0.0,1.0,-0.0,0,0
198,0.0,0.0,0.0,1.0,-0.0,0,0
199,0.0,0.0,0.0,1.0,-0.0,0,0
200,0.0,0.0,0.0,1.0,-0.0,0,0
201,0.0,0.0,0.0,1.0,-0.0,0,0
202,0.0,0.0,0.0,1.0,-0.0,0,0
203,0.0,0.0,0.0,1.0,-0.0,0,0
204,0.0,0.0,0.0,1.0,-0.0,0,0
205,0.0,0.0,0.0,1.0,-0.0,0,0
206,0.0,0.04950495049504951,0.08631483056516186,1.0,-0.0,0,0
207,0.0,0.04950495049504951,0.08631483056516186,1.0,-0.0,0,0
208,0.2,0.09900990099009901,0.12145573247679728,0.20284641041846635,0.6928326731913328,0,0
209,0.2,0.11287128712871289,0.13324834725751067,0.2565938744790233,0.5907537155047863,0,0
210,0.4,0.13465346534653463,0.15697363312955576,0.04547675961796454,1.3422104879195038,1,0
211,0.4,0.08514851485148514,0.12379009590564582,0.0054884971830115705,2.260546554360662,0,0
212,0.4,0.2594059405940594,0.22257637150611512,0.2638023792887084,0.5787212917794295,0,0
213,0.2,0.2099009900990099,0.19776220869301223,1.0,-0.0,0,0
214,0.2,0.19603960396039605,0.1866435115714563,0.49153546319868785,0.3084451433132366,0,0
215,0.0,0.17425742574257425,0.17272049494935865,1.0,-0.0,0,0
216,0.0,0.17425742574257425,0.17272049494935865,1.0,-0.0,0,0
217,0.0,0.0910891089108911,0.13650445892763632,1.0,-0.0,0,0
218,0.0,0.16435643564356436,0.18107717211333596,1.0,-0.0,0,0
219,0.0,0.16435643564356436,0.18107717211333596,1.0,-0.0,0,0
220,0.0,0.16435643564356436,0.18107717211333596,1.0,-0.0,0,0
221,0.0,0.19009900990099005,0.18748198619476633,1.0,-0.0,0,0
222,0.0,0.097029702970297,0.13084299831035082,1.0,-0.0,0,0
223,0.0,0.025742574257425748,0.06697637435757531,1.0,-0.0,0,0
224,0.0,0.047524752475247525,0.08965727859541998,1.0,-0.0,0,0
225,0.0,0.047524752475247525,0.08965727859541998,1.0,-0.0,0,0
226,0.0,0.021782178217821784,0.06230547612891991,1.0,-0.0,0,0
227,0.0,0.021782178217821784,0.06230547612891991,1.0,-0.0,0,0
228,0.0,0.021782178217821784,0.06230547612891991,1.0,-0.0,0,0
229,0.0,0.0,0.0,1.0,-0.0,0,0
230,0.0,0.0,0.0,1.0,-0.0,0,0
231,0.0,0.0,0.0,1.0,-0.0,0,0
232,0.0,0.0,0.0,1.0,-0.0,0,0
233,0.0,0.0,0.0,1.0,-0.0,0,0
234,0.0,0.0,0.0,1.0,-0.0,0,0
235,0.0,0.0,0.0,1.0,-0.0,0,0
236,0.0,0.0,0.0,1.0,-0.0,0,0
237,0.0,0.0,0.0,1.0,-0.0,0,0
238,0.0,0.0,0.0,1.0,-0.0,0,0
239,0.0,0.04356435643564357,0.08255312311158745,1.0,-0.0,0,0
240,0.0,0.15445544554455443,0.15891011998209012,1.0,-0.0,0,0
241,0.2,0.27722772277227725,0.20675770873787755,1.0,-0.0,0,0
242,0.2,0.3742574257425743,0.2480232603857612,1.0,-0.0,0,0
243,0.4,0.48316831683168315,0.26590749040149736,1.0,-0.0,0,0
244,0.6,0.4693069306930693,0.2601380342869119,0.30769346682301846,0.5118817249187237,0,0
245,0.8,0.46534653465346537,0.23732654679728532,0.07925551298422946,1.1009705186956258,0,0
246,0.8,0.3841584158415842,0.2650360234313486,0.05832394164085162,1.2341531332664575,0,0
247,1.0,0.3425742574257426,0.23094576734837932,0.002208976047649679,2.6558089932412723,0,0
248,1.0,0.3346534653465347,0.23226633891066023,0.002087784219050047,2.6803143894429935,0,0
249,0.8,0.4158415841584158,0.2512277469648112,0.06311683435253257,1.199854791447932,0,0
250,1.6,0.4871287128712872,0.23448421017018475,1.0371918961248942e-06,5.984140885155665,0,0
251,1.4,0.44554455445544555,0.2266959198885336,1.2752184435357982e-05,4.894415414683926,0,0
252,1.2,0.39207920792079204,0.2178577828035654,0.00010425439101668994,3.9819056442279877,0,0
253,1.0,0.28910891089108914,0.21336576232952045,0.0004314381727872297,3.365081432025716,0,0
254,1.0,0.17821782178217818,0.17096346688435152,7.669388458481139e-07,6.115239264433755,0,0
255,0.2,0.06732673267326733,0.10634234916512914,0.10608783743468066,0.9743344034481476,0,0
256,0.2,0.09306930693069305,0.12762679639066946,0.20106059762379253,0.6966730309011007,0,0
257,0.2,0.09306930693069305,0.12762679639066946,0.20106059762379253,0.6966730309011007,0,0
258,0.2,0.24554455445544554,0.20271657650803535,1.0,-0.0,0,0
259,0.2,0.24554455445544554,0.20271657650803535,1.0,-0.0,0,0
260,0.0,0.19801980198019803,0.17233412057057096,1.0,-0.0,0,0
261,0.0,0.20198019801980197,0.16288257206082216,1.0,-0.0,0,0
262,0.2,0.36633663366336633,0.2217291308553206,1.0,-0.0,0,0
263,0.2,0.21386138613861383,0.17856950998171084,1.0,-0.0,0,0
264,0.2,0.21386138613861383,0.17856950998171084,1.0,-0.0,0,0
265,0.2,0.19405940594059404,0.16992822140930644,0.48605604492746196,0.31331365131504496,0,0
266,0.2,0.16435643564356436,0.16264165701687974,0.4132650563523009,0.3837713149577109,0,0
267,0.0,0.051485148514851496,0.10399339410297731,1.0,-0.0,0,0
268,0.4,0.22574257425742575,0.16329131190564994,0.14295052948377396,0.8448142316914039,0,0
269,0.4,0.22574257425742575,0.16329131190564994,0.14295052948377396,0.8448142316914039,0,0
270,0.4,0.22574257425742575,0.16329131190564994,0.14295052948377396,0.8448142316914039,0,0
271,0.4,0.24950495049504945,0.16981280455064035,0.18774386931105397,0.7264342357770606,0,0
272,0.4,0.19801980198019797,0.15794484437710313,0.10048337784664031,0.9979057741293776,0,0
273,0.0,0.023762376237623766,0.06471340450838889,1.0,-0.0,0,0
274,0.0,0.023762376237623766,0.06471340450838889,1.0,-0.0,0,0
275,0.0,0.023762376237623766,0.06471340450838889,1.0,-0.0,0,0
276,0.0,0.0,0.0,1.0,-0.0,0,0
277,0.0,0.0,0.0,1.0,-0.0,0,0
278,0.0,0.0,0.0,1.0,-0.0,0,0
279,0.0,0.0,0.0,1.0,-0.0,0,0
280,0.0,0.0,0.0,1.0,-0.0,0,0
281,0.0,0.0,0.0,1.0,-0.0,0,0
282,0.0,0.0,0.0,1.0,-0.0,0,0
283,0.0,0.0,0.0,1.0,-0.0,0,0
284,0.0,0.0,0.0,1.0,-0.0,0,0
285,0.0,0.0,0.0,1.0,-0.0,0,0
286,0.0,0.0,0.0,1.0,-0.0,0,0
287,0.0,0.0,0.0,1.0,-0.0,0,0
288,0.0,0.0,0.0,1.0,-0.0,0,0
289,0.0,0.0,0.0,1.0,-0.0,0,0
290,0.0,0.0,0.0,1.0,-0.0,0,0
291,0.0,0.0,0.0,1.0,-0.0,0,0
292,0.0,0.0,0.0,1.0,-0.0,0,0
293,0.0,0.0,0.0,1.0,-0.0,0,0
294,0.0,0.0,0.0,1.0,-0.0,0,0
295,0.0,0.0,0.0,1.0,-0.0,0,0
296,0.0,0.0,0.0,1.0,-0.0,0,0
297,0.0,0.0,0.0,1.0,-0.0,0,0
298,0.0,0.0,0.0,1.0,-0.0,0,0
299,0.0,0.0,0.0,1.0,-0.0,0,0
300,0.0,0.09702970297029702,0.1367627457412436,1.0,-0.0,0,0
301,0.2,0.19801980198019797,0.1856112183041662,0.49574395483491207,0.30474257293273926,0,0
302,0.2,0.2237623762376237,0.19353333422369295,1.0,-0.0,0,0
303,0.2,0.2336633663366336,0.1971465895390676,1.0,-0.0,0,0
304,0.2,0.2554455445544554,0.19924374222741015,1.0,-0.0,0,0
305,0.2,0.1861386138613861,0.1623037751861083,0.4659701200360708,0.3316419312059342,0,0
306,0.0,0.08514851485148517,0.11378818137472192,1.0,-0.0,0,0
307,0.0,0.0594059405940594,0.09968089464279778,1.0,-0.0,0,0
308,0.0,0.04950495049504951,0.09078727434730813,1.0,-0.0,0,0
309,0.0,0.1287128712871287,0.1337476815110359,1.0,-0.0,0,0
310,0.0,0.13465346534653463,0.14380655568606185,1.0,-0.0,0,0
311,0.4,0.19999999999999998,0.18020889968243098,0.13353763116672873,0.8743963320140453,0,0
312,0.4,0.2693069306930693,0.1876074341754774,0.24301701724426744,0.6143633139057325,0,0
313,0.4,0.2693069306930693,0.1876074341754774,0.24301701724426744,0.6143633139057325,0,0
314,0.4,0.17029702970297034,0.15256522997432256,0.06608430442282848,1.1799016768529391,0,0
315,0.4,0.13663366336633662,0.13476989724493907,0.02533922174520789,1.5962067279274046,0,0
316,0.0,0.06930693069306931,0.09517318685701319,1.0,-0.0,0,0
317,0.0,0.13663366336633662,0.1460521894224616,1.0,-0.0,0,0
318,0.0,0.13663366336633662,0.1460521894224616,1.0,-0.0,0,0
319,0.0,0.13663366336633662,0.1460521894224616,1.0,-0.0,0,0
320,0.0,0.13663366336633662,0.1460521894224616,1.0,-0.0,0,0
321,0.0,0.16831683168316827,0.16101822851688022,1.0,-0.0,0,0
322,0.0,0.051485148514851496,0.09186070102766894,1.0,-0.0,0,0
323,0.0,0.051485148514851496,0.09186070102766894,1.0,-0.0,0,0
324,0.0,0.18217821782178217,0.18476425418501982,1.0,-0.0,0,0
325,0.0,0.21188118811881182,0.19051110448801098,1.0,-0.0,0,0
326,0.0,0.1801980198019802,0.17235687245139752,1.0,-0.0,0,0
327,0.0,0.2158415841584158,0.20232934296150185,1.0,-0.0,0,0
328,0.0,0.2158415841584158,0.20232934296150185,1.0,-0.0,0,0
329,0.0,0.1425742574257426,0.1719696811025362,1.0,-0.0,0,0
330,0.0,0.33069306930693065,0.2460550426456882,1.0,-0.0,0,0
331,0.0,0.33069306930693065,0.2460550426456882,1.0,-0.0,0,0
332,0.0,0.36435643564356435,0.2475960293415692,1.0,-0.0,0,0
333,0.0,0.40792079207920795,0.2562807743672234,1.0,-0.0,0,0
334,0.0,0.39801980198019804,0.25093101810159973,1.0,-0.0,0,0
335,0.0,0.18217821782178217,0.17142156917092394,1.0,-0.0,0,0
336,0.0,0.18217821782178217,0.17142156917092394,1.0,-0.0,0,0
337,0.0,0.09108910891089109,0.11781762202489916,1.0,-0.0,0,0
338,0.0,0.15445544554455445,0.15639804034834157,1.0,-0.0,0,0
339,0.0,0.1207920792079208,0.14645435316515326,1.0,-0.0,0,0
340,0.0,0.36633663366336633,0.24384592917009332,1.0,-0.0,0,0
341,0.0,0.36633663366336633,0.24384592917009332,1.0,-0.0,0,0
342,0.0,0.36633663366336633,0.24384592917009332,1.0,-0.0,0,0
343,0.0,0.2594059405940594,0.20008820719317433,1.0,-0.0,0,0
