,foreground,bg_means,bg_stdev,pvals,minus_logs,regs,active
2,0.2,0.05544554455445545,0.08952597667688962,0.05319163734110216,1.2741566410525873,0,0
3,0.2,0.31386138613861386,0.21481269896745533,1.0,-0.0,0,0
4,0.2,0.5386138613861386,0.19648913356682646,1.0,-0.0,0,0
5,0.2,0.5386138613861386,0.19648913356682646,1.0,-0.0,0,0
6,0.2,0.5386138613861386,0.19648913356682646,1.0,-0.0,0,0
7,0.0,0.5168316831683168,0.18512468740626128,1.0,-0.0,0,0
8,0.0,0.2574257425742574,0.19157840193976752,1.0,-0.0,0,0
9,0.6,0.22970297029702966,0.19977440467551036,0.03189992628636044,1.4962103204996806,0,0
10,0.8,0.6396039603960395,0.2856568626037752,0.2872287096031201,0.5417721528731259,0,0
11,0.8,0.6792079207920795,0.2884979302852019,0.3377202367206896,0.47144291498553637,0,0
12,0.8,0.6792079207920795,0.2884979302852019,0.3377202367206896,0.47144291498553637,0,0
13,1.4,1.1069306930693068,0.2430244357768744,0.11392315413196626,0.9433879994520821,0,0
14,0.8,0.9089108910891087,0.12113245340338313,1.0,-0.0,0,0
15,0.6,0.49900990099009906,0.20609286069319105,0.3120590570421504,0.5057632081596986,0,0
16,0.6,0.4594059405940595,0.18140170282136692,0.21915722421784184,0.6592442088510736,0,0
17,0.6,0.4594059405940595,0.18140170282136692,0.21915722421784184,0.6592442088510736,0,0
18,0.0,0.031683168316831684,0.0730260947112308,1.0,-0.0,0,0
19,0.0,0.0,0.0,1.0,-0.0,0,0
20,0.0,0.0,0.0,1.0,-0.0,0,0
21,0.0,0.0,0.0,1.0,-0.0,0,0
22,0.0,0.0,0.0,1.0,-0.0,0,0
23,0.0,0.0,0.0,1.0,-0.0,0,0
24,0.0,0.0,0.0,1.0,-0.0,0,0
25,0.0,0.0,0.0,1.0,-0.0,0,0
26,0.0,0.0,0.0,1.0,-0.0,0,0
27,0.0,0.0,0.0,1.0,-0.0,0,0
28,0.6,0.18217821782178217,0.15694865125096522,0.003882095122108763,2.4109338273966974,0,0
29,0.6,0.18217821782178217,0.15694865125096522,0.003882095122108763,2.4109338273966974,0,0
30,1.4,0.403960396039604,0.22511638005738316,4.832084051967444e-06,5.315865519960564,0,0
31,1.4,0.403960396039604,0.22511638005738316,4.832084051967444e-06,5.315865519960564,0,0
32,1.6,0.46534653465346537,0.23565188436930282,7.361614698801083e-07,6.133026916930585,0,0
33,1.0,0.3643564356435644,0.234450762597064,0.0033519804642662752,2.47469852115336,0,0
34,1.0,0.3643564356435644,0.234450762597064,0.0033519804642662752,2.47469852115336,0,0
35,0.2,0.14257425742574256,0.14981608173764543,0.3507456053772941,0.45500776170330226,0,0
36,0.2,0.14257425742574256,0.14981608173764543,0.3507456053772941,0.45500776170330226,0,0
37,0.0,0.07920792079207921,0.10560230990870005,1.0,-0.0,0,0
38,0.0,0.0,0.0,1.0,-0.0,0,0
39,0.0,0.23168316831683167,0.17962044309621494,1.0,-0.0,0,0
40,0.0,0.23168316831683167,0.17962044309621494,1.0,-0.0,0,0
41,0.0,0.23168316831683167,0.17962044309621494,1.0,-0.0,0,0
42,0.0,0.2732673267326733,0.2004406477960327,1.0,-0.0,0,0
43,0.0,0.5227722772277228,0.2250989609077415,1.0,-0.0,0,0
44,0.0,0.28910891089108914,0.18769101958135107,1.0,-0.0,0,0
45,0.0,0.28910891089108914,0.18769101958135107,1.0,-0.0,0,0
46,0.0,0.28910891089108914,0.18769101958135107,1.0,-0.0,0,0
47,0.0,0.24752475247524752,0.17382935720677026,1.0,-0.0,0,0
48,0.0,0.0,0.0,1.0,-0.0,0,0
49,0.0,0.04554455445544555,0.08387254884969256,1.0,-0.0,0,0
50,0.0,0.04554455445544555,0.08387254884969256,1.0,-0.0,0,0
51,0.0,0.04554455445544555,0.08387254884969256,1.0,-0.0,0,0
52,0.0,0.04554455445544555,0.08387254884969256,1.0,-0.0,0,0
53,0.0,0.04554455445544555,0.08387254884969256,1.0,-0.0,0,0
54,0.0,0.0,0.0,1.0,-0.0,0,0
55,0.0,0.06732673267326733,0.102550553475042,1.0,-0.0,0,0
56,0.0,0.06732673267326733,0.102550553475042,1.0,-0.0,0,0
57,0.0,0.06732673267326733,0.102550553475042,1.0,-0.0,0,0
58,0.0,0.06732673267326733,0.102550553475042,1.0,-0.0,0,0
59,0.0,0.06732673267326733,0.102550553475042,1.0,-0.0,0,0
60,0.0,0.0,0.0,1.0,-0.0,0,0
61,0.0,0.0,0.0,1.0,-0.0,0,0
62,0.0,0.0,0.0,1.0,-0.0,0,0
63,0.0,0.0,0.0,1.0,-0.0,0,0
64,0.0,0.0,0.0,1.0,-0.0,0,0
65,0.0,0.0,0.0,1.0,-0.0,0,0
66,0.0,0.0,0.0,1.0,-0.0,0,0
67,0.0,0.0,0.0,1.0,-0.0,0,0
68,0.0,0.0,0.0,1.0,-0.0,0,0
69,0.0,0.0,0.0,1.0,-0.0,0,0
70,0.0,0.0,0.0,1.0,-0.0,0,0
71,0.0,0.0,0.0,1.0,-0.0,0,0
72,0.0,0.025742574257425748,0.06697637435757531,1.0,-0.0,0,0
73,0.0,0.025742574257425748,0.06697637435757531,1.0,-0.0,0,0
74,0.2,0.20792079207920788,0.1614802616861395,1.0,-0.0,0,0
75,0.2,0.20792079207920788,0.1614802616861395,1.0,-0.0,0,0
76,0.2,0.20792079207920788,0.1614802616861395,1.0,-0.0,0,0
77,0.2,0.18217821782178212,0.14099788609043878,0.44970863524468774,0.3470687730878025,0,0
78,0.2,0.18217821782178212,0.14099788609043878,0.44970863524468774,0.3470687730878025,0,0
79,0.0,0.0,0.0,1.0,-0.0,0,0
80,0.0,0.0,0.0,1.0,-0.0,0,0
81,0.0,0.0,0.0,1.0,-0.0,0,0
82,0.0,0.0,0.0,1.0,-0.0,0,0
83,0.0,0.0,0.0,1.0,-0.0,0,0
84,0.0,0.0,0.0,1.0,-0.0,0,0
85,0.0,0.0,0.0,1.0,-0.0,0,0
86,0.0,0.0,0.0,1.0,-0.0,0,0
87,0.0,0.0,0.0,1.0,-0.0,0,0
88,0.0,0.0,0.0,1.0,-0.0,0,0
89,0.0,0.0,0.0,1.0,-0.0,0,0
90,0.0,0.0,0.0,1.0,-0.0,0,0
91,0.0,0.0,0.0,1.0,-0.0,0,0
92,0.0,0.0,0.0,1.0,-0.0,0,0
93,0.0,0.0,0.0,1.0,-0.0,0,0
94,0.0,0.0,0.0,1.0,-0.0,0,0
95,0.0,0.0,0.0,1.0,-0.0,0,0
96,0.0,0.0,0.0,1.0,-0.0,0,0
97,0.0,0.0,0.0,1.0,-0.0,0,0
98,0.0,0.0,0.0,1.0,-0.0,0,0
99,0.0,0.0,0.0,1.0,-0.0,0,0
100,0.0,0.0,0.0,1.0,-0.0,0,0
101,0.0,0.0,0.0,1.0,-0.0,0,0
102,0.0,0.0,0.0,1.0,-0.0,0,0
103,0.0,0.09504950495049502,0.11805036483793173,1.0,-0.0,0,0
104,0.0,0.1465346534653465,0.1375632034293735,1.0,-0.0,0,0
105,0.0,0.1465346534653465,0.1375632034293735,1.0,-0.0,0,0
106,0.0,0.20792079207920788,0.16631305820670148,1.0,-0.0,0,0
107,0.0,0.20792079207920788,0.16631305820670148,1.0,-0.0,0,0
108,0.0,0.11089108910891088,0.13042276277287215,1.0,-0.0,0,0
109,0.0,0.0613861386138614,0.09224407682259105,1.0,-0.0,0,0
110,0.0,0.0613861386138614,0.09224407682259105,1.0,-0.0,0,0
111,0.0,0.0,0.0,1.0,-0.0,0,0
112,0.0,0.0,0.0,1.0,-0.0,0,0
113,0.0,0.0,0.0,1.0,-0.0,0,0
114,0.0,0.0,0.0,1.0,-0.0,0,0
115,0.0,0.0,0.0,1.0,-0.0,0,0
116,0.0,0.0,0.0,1.0,-0.0,0,0
117,0.0,0.0,0.0,1.0,-0.0,0,0
118,0.0,0.0,0.0,1.0,-0.0,0,0
119,0.0,0.0,0.0,1.0,-0.0,0,0
120,0.0,0.0,0.0,1.0,-0.0,0,0
121,0.0,0.0,0.0,1.0,-0.0,0,0
122,0.0,0.0,0.0,1.0,-0.0,0,0
123,0.0,0.0,0.0,1.0,-0.0,0,0
124,0.0,0.0,0.0,1.0,-0.0,0,0
125,0.0,0.0,0.0,1.0,-0.0,0,0
126,0.0,0.0,0.0,1.0,-0.0,0,0
127,0.0,0.0,0.0,1.0,-0.0,0,0
128,0.0,0.0,0.0,1.0,-0.0,0,0
129,0.0,0.0,0.0,1.0,-0.0,0,0
130,0.0,0.0,0.0,1.0,-0.0,0,0
131,0.0,0.0,0.0,1.0,-0.0,0,0
132,0.0,0.0,0.0,1.0,-0.0,0,0
133,0.0,0.0,0.0,1.0,-0.0,0,0
134,0.0,0.0,0.0,1.0,-0.0,0,0
135,0.0,0.0,0.0,1.0,-0.0,0,0
136,0.0,0.0,0.0,1.0,-0.0,0,0
137,0.0,0.0,0.0,1.0,-0.0,0,0
138,0.0,0.0,0.0,1.0,-0.0,0,0
139,0.0,0.0,0.0,1.0,-0.0,0,0
140,0.0,0.0,0.0,1.0,-0.0,0,0
141,0.0,0.0,0.0,1.0,-0.0,0,0
142,0.0,0.0,0.0,1.0,-0.0,0,0
143,0.0,0.0,0.0,1.0,-0.0,0,0
144,0.0,0.0,0.0,1.0,-0.0,0,0
145,0.0,0.08910891089108909,0.09940515166741493,1.0,-0.0,0,0
146,0.0,0.08910891089108909,0.09940515166741493,1.0,-0.0,0,0
