,foreground,bg_means,bg_stdev,pvals,minus_logs,regs,active
2,0.6,0.1603960396039604,0.17580322478754876,0.006200110377475393,2.2076005789046826,0,0
3,0.0,0.05346534653465347,0.09704990696905227,1.0,-0.0,0,0
4,0.0,0.0,0.0,1.0,-0.0,0,0
5,0.0,0.0,0.0,1.0,-0.0,0,0
6,0.0,0.0,0.0,1.0,-0.0,0,0
7,0.0,0.0,0.0,1.0,-0.0,0,0
8,1.0,0.3247524752475248,0.190572841817578,0.00019761272886192506,3.7041850845639233,0,0
9,1.0,0.3247524752475248,0.190572841817578,0.00019761272886192506,3.7041850845639233,0,0
10,1.0,0.3247524752475248,0.190572841817578,0.00019761272886192506,3.7041850845639233,0,0
11,1.0,0.3247524752475248,0.190572841817578,0.00019761272886192506,3.7041850845639233,0,0
12,1.0,0.3247524752475248,0.190572841817578,0.00019761272886192506,3.7041850845639233,0,0
13,0.0,0.0,0.0,1.0,-0.0,0,0
14,0.0,0.0,0.0,1.0,-0.0,0,0
15,0.0,0.0,0.0,1.0,-0.0,0,0
16,0.0,0.0,0.0,1.0,-0.0,0,0
17,0.2,0.0594059405940594,0.09968089464279778,0.07920469585235763,1.1012490693914339,0,0
18,0.2,0.0594059405940594,0.09968089464279778,0.07920469585235763,1.1012490693914339,0,0
19,0.2,0.0594059405940594,0.09968089464279778,0.07920469585235763,1.1012490693914339,0,0
20,0.2,0.18415841584158413,0.18387074305594647,0.46567116826043853,0.3319206503065141,0,0
21,0.2,0.18415841584158413,0.18387074305594647,0.46567116826043853,0.3319206503065141,0,0
22,0.0,0.12277227722772276,0.15148191286261609,1.0,-0.0,0,0
23,0.2,0.15643564356435644,0.16555687101844338,0.3962219857292312,0.4020614298172311,0,0
24,0.4,0.25940594059405936,0.20008820719317433,0.2411337063349267,0.617742078498063,0,0
25,0.6,0.2633663366336634,0.20858921318437532,0.05327896290992712,1.2734442374203279,0,0
26,0.8,0.36435643564356435,0.21872002014232197,0.023197248824533504,1.634563519038989,0,0
27,0.8,0.36435643564356435,0.21872002014232197,0.023197248824533504,1.634563519038989,0,0
28,0.8,0.4693069306930693,0.24117803877552593,0.08516293656220149,1.0697493717666906,0,0
29,0.6,0.3663366336633664,0.22876215662023086,0.153526583087582,0.8138164157001893,0,0
30,0.6,0.39009900990099,0.23610072967586346,0.18699307062621895,0.7281744867498898,0,0
31,0.4,0.7009900990099008,0.36000413900397066,1.0,-0.0,0,0
32,0.4,0.7009900990099008,0.36000413900397066,1.0,-0.0,0,0
33,0.2,0.5643564356435644,0.3164106112851306,1.0,-0.0,0,0
34,0.2,0.5643564356435644,0.3164106112851306,1.0,-0.0,0,0
35,0.2,0.5099009900990099,0.26156609466864744,1.0,-0.0,0,0
36,0.4,0.19603960396039602,0.148870860429406,0.08533577950265882,1.0688688400803126,0,0
37,0.6,0.26534653465346536,0.19110706323080853,0.039961690589961484,1.3983561471137065,0,0
38,0.8,0.3227722772277228,0.2124264290202596,0.012334230390927124,1.9088879436530384,0,0
39,0.8,0.3643564356435644,0.2113530940851696,0.019641402698784734,1.706827500123973,0,0
40,0.6,0.2653465346534653,0.18478547560060524,0.0350675069452293,1.4550951083248276,0,0
41,0.6,0.2613861386138614,0.18825425035881396,0.036032678795508394,1.4433034497047623,0,0
42,0.4,0.19207920792079206,0.1755800391893932,0.11816817987544471,0.9274994537843755,0,0
43,0.2,0.13663366336633662,0.1460521894224616,0.3321947215859995,0.47860727255977775,0,0
44,0.2,0.09306930693069305,0.12126186845461277,0.18893807577263794,0.7236805120007753,0,0
45,0.2,0.09306930693069305,0.12126186845461277,0.18893807577263794,0.7236805120007753,0,0
46,0.0,0.0,0.0,1.0,-0.0,0,0
47,0.0,0.0,0.0,1.0,-0.0,0,0
48,0.2,0.0891089108910891,0.12097048989545554,0.17965547706514468,0.7455595381425463,0,0
49,0.2,0.0891089108910891,0.12097048989545554,0.17965547706514468,0.7455595381425463,0,0
50,0.2,0.16237623762376235,0.14271170492457227,0.3960306955913554,0.40227115142473113,0,0
51,0.2,0.16237623762376235,0.14271170492457227,0.3960306955913554,0.40227115142473113,0,0
52,0.2,0.16237623762376235,0.14271170492457227,0.3960306955913554,0.40227115142473113,0,0
53,0.0,0.0712871287128713,0.11110305060677653,1.0,-0.0,0,0
54,0.0,0.0712871287128713,0.11110305060677653,1.0,-0.0,0,0
55,0.0,0.0,0.0,1.0,-0.0,0,0
56,0.0,0.10297029702970298,0.12464241569787102,1.0,-0.0,0,0
57,0.0,0.10297029702970298,0.12464241569787102,1.0,-0.0,0,0
58,0.0,0.10297029702970298,0.12464241569787102,1.0,-0.0,0,0
59,0.0,0.10297029702970298,0.12464241569787102,1.0,-0.0,0,0
60,0.0,0.10297029702970298,0.12464241569787102,1.0,-0.0,0,0
61,0.0,0.0,0.0,1.0,-0.0,0,0
62,0.0,0.0,0.0,1.0,-0.0,0,0
63,0.0,0.0,0.0,1.0,-0.0,0,0
64,0.0,0.13267326732673265,0.1442693512878177,1.0,-0.0,0,0
65,0.0,0.2158415841584158,0.16333933170139625,1.0,-0.0,0,0
66,0.0,0.2158415841584158,0.16333933170139625,1.0,-0.0,0,0
67,0.0,0.2158415841584158,0.16333933170139625,1.0,-0.0,0,0
68,0.0,0.2158415841584158,0.16333933170139625,1.0,-0.0,0,0
69,0.0,0.08316831683168316,0.10251230974688937,1.0,-0.0,0,0
70,0.0,0.29702970297029707,0.17488635378867023,1.0,-0.0,0,0
71,0.0,0.42772277227722777,0.22165838129038765,1.0,-0.0,0,0
72,0.4,0.8277227722772278,0.32460755037221656,1.0,-0.0,0,0
73,0.4,0.8277227722772278,0.32460755037221656,1.0,-0.0,0,0
74,0.4,0.8277227722772278,0.32460755037221656,1.0,-0.0,0,0
75,0.4,0.5306930693069307,0.29035402571515206,1.0,-0.0,0,0
76,0.4,0.39999999999999997,0.25172671021102105,0.4999999999999999,0.3010299956639813,0,0
77,0.2,0.2772277227722772,0.18448815364518203,1.0,-0.0,0,0
78,0.2,0.2772277227722772,0.18448815364518203,1.0,-0.0,0,0
79,0.2,0.2772277227722772,0.18448815364518203,1.0,-0.0,0,0
80,0.2,0.4653465346534654,0.26116101916927786,1.0,-0.0,0,0
81,0.2,0.4653465346534654,0.26116101916927786,1.0,-0.0,0,0
82,0.0,0.8792079207920792,0.31726455577814333,1.0,-0.0,0,0
83,0.0,0.8792079207920792,0.31726455577814333,1.0,-0.0,0,0
84,0.0,0.8792079207920792,0.31726455577814333,1.0,-0.0,0,0
85,0.0,0.692079207920792,0.2943975786588007,1.0,-0.0,0,0
86,0.0,0.692079207920792,0.2943975786588007,1.0,-0.0,0,0
87,0.0,0.0,0.0,1.0,-0.0,0,0
88,0.0,0.0,0.0,1.0,-0.0,0,0
89,0.0,0.0,0.0,1.0,-0.0,0,0
90,0.0,0.0,0.0,1.0,-0.0,0,0
91,0.0,0.033663366336633666,0.07482947971362845,1.0,-0.0,0,0
92,0.0,0.033663366336633666,0.07482947971362845,1.0,-0.0,0,0
93,0.0,0.033663366336633666,0.07482947971362845,1.0,-0.0,0,0
94,0.4,0.24752475247524752,0.14931796056640678,0.15359293837731153,0.813628751064053,0,0
95,0.4,0.24752475247524752,0.14931796056640678,0.15359293837731153,0.813628751064053,0,0
96,0.4,0.2752475247524752,0.14583724862987696,0.19615862425426922,0.7073925930470509,0,0
97,0.4,0.34059405940594056,0.15806892707703052,0.3535242386351091,0.4515808043717552,0,0
98,0.4,0.34059405940594056,0.15806892707703052,0.3535242386351091,0.4515808043717552,0,0
99,0.0,0.12673267326732668,0.09636059453937774,1.0,-0.0,0,0
100,0.0,0.12673267326732668,0.09636059453937774,1.0,-0.0,0,0
101,0.0,0.06336633663366337,0.09304823860966917,1.0,-0.0,0,0
102,0.0,0.0,0.0,1.0,-0.0,0,0
103,0.0,0.0,0.0,1.0,-0.0,0,0
104,0.2,0.22376237623762374,0.17185563527720502,1.0,-0.0,0,0
105,0.2,0.22376237623762374,0.17185563527720502,1.0,-0.0,0,0
106,0.2,0.22376237623762374,0.17185563527720502,1.0,-0.0,0,0
107,0.2,0.3643564356435644,0.19780186026407592,1.0,-0.0,0,0
