,foreground,bg_means,bg_stdev,pvals,minus_logs,regs,active
2,0.0,0.015841584158415842,0.05401260078014202,1.0,-0.0,0,0
3,0.0,0.0613861386138614,0.10046456153636296,1.0,-0.0,0,0
4,0.0,0.0613861386138614,0.10046456153636296,1.0,-0.0,0,0
5,0.0,0.0613861386138614,0.10046456153636296,1.0,-0.0,0,0
6,0.0,0.16831683168316827,0.17057311261273692,1.0,-0.0,0,0
7,0.0,0.16831683168316827,0.17057311261273692,1.0,-0.0,0,0
8,0.0,0.1207920792079208,0.14645435316515326,1.0,-0.0,0,0
9,0.0,0.1207920792079208,0.14645435316515326,1.0,-0.0,0,0
10,0.0,0.1207920792079208,0.14645435316515326,1.0,-0.0,0,0
11,0.0,0.0,0.0,1.0,-0.0,0,0
12,0.0,0.0,0.0,1.0,-0.0,0,0
13,0.0,0.015841584158415842,0.05401260078014202,1.0,-0.0,0,0
14,0.0,0.0712871287128713,0.10372911567294095,1.0,-0.0,0,0
15,0.0,0.1277227722772277,0.14766755000001713,1.0,-0.0,0,0
16,0.0,0.1485148514851485,0.15834156674616873,1.0,-0.0,0,0
17,0.0,0.1485148514851485,0.15834156674616873,1.0,-0.0,0,0
18,0.0,0.13168316831683166,0.1521663323044604,1.0,-0.0,0,0
19,0.0,0.1089108910891089,0.14765427233510695,1.0,-0.0,0,0
20,0.0,0.0712871287128713,0.11801714396634724,1.0,-0.0,0,0
21,0.2,0.10297029702970295,0.13084299831035082,0.2291728857470876,0.6398367665781117,0,0
22,0.2,0.10297029702970295,0.13084299831035082,0.2291728857470876,0.6398367665781117,0,0
23,0.2,0.11683168316831682,0.15225649732072147,0.2924511013876268,0.5339467387196432,0,0
24,0.2,0.16039603960396034,0.17123847531982936,0.40854880985290754,0.3887560503103598,0,0
25,0.2,0.18415841584158413,0.1704581324091671,0.462977465760143,0.3344401466368767,0,0
26,0.0,0.13069306930693067,0.1552657091795062,1.0,-0.0,0,0
27,0.0,0.13069306930693067,0.1552657091795062,1.0,-0.0,0,0
28,0.0,0.11683168316831682,0.1442421691205886,1.0,-0.0,0,0
29,0.0,0.041584158415841586,0.09467748980500532,1.0,-0.0,0,0
30,0.0,0.0,0.0,1.0,-0.0,0,0
31,0.0,0.0,0.0,1.0,-0.0,0,0
32,0.2,0.057425742574257435,0.10277971700879983,0.08269301175340939,1.0825311903890302,0,0
33,0.2,0.057425742574257435,0.10277971700879983,0.08269301175340939,1.0825311903890302,0,0
34,0.2,0.057425742574257435,0.10277971700879983,0.08269301175340939,1.0825311903890302,0,0
35,0.2,0.057425742574257435,0.10277971700879983,0.08269301175340939,1.0825311903890302,0,0
36,0.2,0.057425742574257435,0.10277971700879983,0.08269301175340939,1.0825311903890302,0,0
37,0.0,0.017821782178217824,0.05698017651460657,1.0,-0.0,0,0
38,0.0,0.017821782178217824,0.05698017651460657,1.0,-0.0,0,0
39,0.0,0.017821782178217824,0.05698017651460657,1.0,-0.0,0,0
40,0.0,0.017821782178217824,0.05698017651460657,1.0,-0.0,0,0
41,0.0,0.017821782178217824,0.05698017651460657,1.0,-0.0,0,0
42,0.0,0.021782178217821784,0.06230547612891991,1.0,-0.0,0,0
43,0.0,0.021782178217821784,0.06230547612891991,1.0,-0.0,0,0
44,0.0,0.021782178217821784,0.06230547612891991,1.0,-0.0,0,0
45,0.0,0.021782178217821784,0.06230547612891991,1.0,-0.0,0,0
46,0.0,0.021782178217821784,0.06230547612891991,1.0,-0.0,0,0
47,0.0,0.0,0.0,1.0,-0.0,0,0
48,0.0,0.0,0.0,1.0,-0.0,0,0
49,0.0,0.0,0.0,1.0,-0.0,0,0
50,0.2,0.04950495049504951,0.09504950495049506,0.056672754609762926,1.2466256777282645,0,0
51,0.4,0.2059405940594059,0.18552669588707663,0.1477824049725382,0.8303772701239596,0,0
52,0.4,0.2059405940594059,0.18552669588707663,0.1477824049725382,0.8303772701239596,0,0
53,0.6,0.2871287128712871,0.2113901963577429,0.06942791501164947,1.1584658768366607,0,0
54,0.6,0.30594059405940593,0.21517746862900797,0.0858769055035984,1.0661236133616008,0,0
55,0.4,0.3069306930693069,0.2330416296225707,0.34481113348810255,0.4624187198357669,0,0
56,0.2,0.15247524752475247,0.16203780234042603,0.3846486317957774,0.41493580801916446,0,0
57,0.2,0.1722772277227723,0.17806373977319878,0.43813862657056557,0.35838845746558384,0,0
58,0.0,0.10099009900990098,0.13386490123687583,1.0,-0.0,0,0
59,0.2,0.13465346534653466,0.14102569358229589,0.3215509638069873,0.4927501843383153,0,0
60,0.2,0.08118811881188118,0.11320083903331846,0.14695858512597854,0.8328050379416199,0,0
61,0.2,0.08118811881188118,0.11320083903331846,0.14695858512597854,0.8328050379416199,0,0
62,0.2,0.11089108910891088,0.15018206119491914,0.27647706956305285,0.55834088235275,0,0
63,0.2,0.09900990099009899,0.14791959918402456,0.2473867028653915,0.6066236475823374,0,0
64,0.0,0.11683168316831682,0.15225649732072147,1.0,-0.0,0,0
65,0.0,0.14455445544554454,0.16196518848854283,1.0,-0.0,0,0
66,0.0,0.2752475247524752,0.1884832322263888,1.0,-0.0,0,0
67,0.0,0.2693069306930693,0.17673752662720535,1.0,-0.0,0,0
68,0.0,0.37821782178217833,0.21229717654159364,1.0,-0.0,0,0
69,0.0,0.3089108910891089,0.19805940198098992,1.0,-0.0,0,0
70,0.0,0.32871287128712867,0.22264682936527344,1.0,-0.0,0,0
71,0.0,0.19603960396039602,0.1711468549412428,1.0,-0.0,1,0
72,0.0,0.15247524752475244,0.15453158823862712,1.0,-0.0,0,0
73,0.0,0.06534653465346535,0.09793475658517417,1.0,-0.0,0,0
74,0.0,0.11881188118811878,0.11320083903331846,1.0,-0.0,0,0
75,0.0,0.07326732673267328,0.10038647014365605,1.0,-0.0,0,0
76,0.0,0.1267326732673267,0.1427391785420998,1.0,-0.0,0,0
77,0.0,0.1267326732673267,0.1427391785420998,1.0,-0.0,0,0
78,0.0,0.10297029702970295,0.13676274574124359,1.0,-0.0,0,0
79,0.0,0.05148514851485149,0.10773441987117183,1.0,-0.0,0,0
80,0.0,0.05148514851485149,0.10773441987117183,1.0,-0.0,0,0
81,0.0,0.0,0.0,1.0,-0.0,0,0
82,0.0,0.057425742574257435,0.09885135821266286,1.0,-0.0,0,0
83,0.0,0.057425742574257435,0.09885135821266286,1.0,-0.0,0,0
84,0.0,0.057425742574257435,0.09885135821266286,1.0,-0.0,0,0
85,0.0,0.057425742574257435,0.09885135821266286,1.0,-0.0,0,0
86,0.0,0.11485148514851483,0.130031327995105,1.0,-0.0,0,0
87,0.0,0.057425742574257435,0.09885135821266286,1.0,-0.0,0,0
88,0.0,0.057425742574257435,0.09885135821266286,1.0,-0.0,0,0
89,0.0,0.057425742574257435,0.09885135821266286,1.0,-0.0,0,0
90,0.0,0.057425742574257435,0.09885135821266286,1.0,-0.0,0,0
91,0.0,0.0,0.0,1.0,-0.0,0,0
92,0.2,0.06732673267326733,0.09861306612268303,0.0892492780205021,1.049395288414427,0,0
93,0.2,0.06732673267326733,0.09861306612268303,0.0892492780205021,1.049395288414427,0,0
94,0.4,0.12475247524752472,0.1345369326848557,0.020383685159553064,1.6907172972786502,0,0
95,0.4,0.12475247524752472,0.1345369326848557,0.020383685159553064,1.6907172972786502,0,0
96,0.4,0.12475247524752472,0.1345369326848557,0.020383685159553064,1.6907172972786502,0,0
97,0.2,0.17029702970297028,0.16503498246348225,0.4285841962189428,0.3679638473432998,0,0
98,0.2,0.17029702970297028,0.16503498246348225,0.4285841962189428,0.3679638473432998,0,0
99,0.0,0.11287128712871286,0.15264231556912292,1.0,-0.0,0,0
100,0.2,0.12871287128712872,0.1630990913423683,0.33102715943745453,0.48013637265953524,0,0
101,0.2,0.12871287128712872,0.1630990913423683,0.33102715943745453,0.48013637265953524,0,0
102,0.2,0.015841584158415842,0.05401260078014202,0.00032535620257014524,3.4876409094885674,0,0
103,0.4,0.06336633663366337,0.11233152161332939,0.001364205599377552,2.86512017224089,0,0
104,0.4,0.06336633663366337,0.11233152161332939,0.001364205599377552,2.86512017224089,0,0
105,0.2,0.04752475247524753,0.09397077637785879,0.05233944412570533,1.2811708941229774,0,0
106,0.4,0.08316831683168316,0.12670172889541695,0.006198971145448987,2.20768038516826,0,0
107,0.8,0.13861386138613857,0.15604664003838054,1.1256544132082432e-05,4.948594921627937,0,0
108,0.6,0.0891089108910891,0.13042276277287215,4.4793075220213884e-05,4.348789120513047,0,0
109,0.6,0.0891089108910891,0.13042276277287215,4.4793075220213884e-05,4.348789120513047,0,0
110,0.6,0.0891089108910891,0.13042276277287215,4.4793075220213884e-05,4.348789120513047,0,0
111,0.4,0.08712871287128714,0.12401163019288061,0.005819261745599884,2.2351321081592,0,0
112,0.0,0.033663366336633666,0.07994704648786674,1.0,-0.0,0,0
113,0.0,0.033663366336633666,0.07994704648786674,1.0,-0.0,0,0
114,0.0,0.06336633663366338,0.09721138779115705,1.0,-0.0,0,0
115,0.0,0.06336633663366338,0.09721138779115705,1.0,-0.0,0,0
116,0.0,0.0297029702970297,0.07112192077650681,1.0,-0.0,0,0
117,0.0,0.0297029702970297,0.07112192077650681,1.0,-0.0,0,0
118,0.0,0.0297029702970297,0.07112192077650681,1.0,-0.0,0,0
119,0.0,0.0,0.0,1.0,-0.0,0,0
120,0.0,0.033663366336633666,0.07482947971362847,1.0,-0.0,0,0
121,0.0,0.033663366336633666,0.07482947971362847,1.0,-0.0,0,0
122,0.0,0.033663366336633666,0.07482947971362847,1.0,-0.0,0,0
123,0.0,0.033663366336633666,0.07482947971362847,1.0,-0.0,0,0
124,0.0,0.033663366336633666,0.07482947971362847,1.0,-0.0,0,0
125,0.0,0.0,0.0,1.0,-0.0,0,0
126,0.0,0.0,0.0,1.0,-0.0,0,0
127,0.0,0.0,0.0,1.0,-0.0,0,0
128,0.0,0.0,0.0,1.0,-0.0,0,0
129,0.0,0.0,0.0,1.0,-0.0,0,0
130,0.0,0.14059405940594055,0.16541470107292755,1.0,-0.0,0,0
131,0.0,0.14059405940594055,0.16541470107292755,1.0,-0.0,0,0
132,0.0,0.14059405940594055,0.16541470107292755,1.0,-0.0,0,0
133,0.0,0.14059405940594055,0.16541470107292755,1.0,-0.0,0,0
134,0.0,0.14059405940594055,0.16541470107292755,1.0,-0.0,0,0
135,0.2,0.1069306930693069,0.12762679639066946,0.23293044793121243,0.6327737381539633,0,0
136,0.2,0.1069306930693069,0.12762679639066946,0.23293044793121243,0.6327737381539633,0,0
137,0.2,0.1069306930693069,0.12762679639066946,0.23293044793121243,0.6327737381539633,0,0
138,0.2,0.1069306930693069,0.12762679639066946,0.23293044793121243,0.6327737381539633,0,0
139,0.2,0.1069306930693069,0.12762679639066946,0.23293044793121243,0.6327737381539633,0,0
140,0.0,0.0,0.0,1.0,-0.0,0,0
141,0.0,0.0,0.0,1.0,-0.0,0,0
142,0.0,0.0,0.0,1.0,-0.0,0,0
143,0.0,0.0,0.0,1.0,-0.0,0,0
144,0.0,0.0,0.0,1.0,-0.0,0,0
145,0.0,0.0,0.0,1.0,-0.0,0,0
146,0.0,0.0,0.0,1.0,-0.0,0,0
147,0.0,0.0,0.0,1.0,-0.0,0,0
148,0.0,0.12673267326732673,0.16821196500273505,1.0,-0.0,0,0
149,0.0,0.1762376237623762,0.19353333422369293,1.0,-0.0,0,0
150,0.0,0.1762376237623762,0.19353333422369293,1.0,-0.0,0,0
151,0.0,0.20198019801980197,0.20391232731653072,1.0,-0.0,0,0
152,0.0,0.22970297029702968,0.21504986962753758,1.0,-0.0,0,0
153,0.0,0.100990099009901,0.12781100644043505,1.0,-0.0,0,0
154,0.0,0.05346534653465347,0.09287951999650357,1.0,-0.0,0,0
155,0.0,0.05346534653465347,0.09287951999650357,1.0,-0.0,0,0
156,0.0,0.039603960396039604,0.09342674148186497,1.0,-0.0,0,0
157,0.0,0.011881188118811881,0.047276579747775535,1.0,-0.0,0,0
