,foreground,bg_means,bg_stdev,pvals,minus_logs,regs,active
2,0.0,0.05148514851485149,0.08744317689433512,1.0,-0.0,0,0
3,0.0,0.05148514851485149,0.08744317689433512,1.0,-0.0,0,0
4,0.0,0.05148514851485149,0.08744317689433512,1.0,-0.0,0,0
5,0.0,0.05148514851485149,0.08744317689433512,1.0,-0.0,0,0
6,0.0,0.025742574257425745,0.06697637435757531,1.0,-0.0,0,0
7,0.0,0.0,0.0,1.0,-0.0,0,0
8,0.0,0.03564356435643565,0.07653920035678292,1.0,-0.0,0,0
9,0.0,0.03564356435643565,0.07653920035678292,1.0,-0.0,0,0
10,0.0,0.03564356435643565,0.07653920035678292,1.0,-0.0,0,0
11,0.0,0.12079207920792076,0.13224402263020987,1.0,-0.0,0,0
12,0.0,0.12079207920792076,0.13224402263020987,1.0,-0.0,0,0
13,0.0,0.08316831683168316,0.10996786833199856,1.0,-0.0,0,0
14,0.0,0.22970297029702968,0.20370069017874276,1.0,-0.0,0,0
15,0.0,0.22970297029702968,0.20370069017874276,1.0,-0.0,0,0
16,0.0,0.1465346534653465,0.16384268984901074,1.0,-0.0,0,0
17,0.0,0.19405940594059407,0.18552669588707663,1.0,-0.0,0,0
18,0.0,0.19405940594059407,0.18552669588707663,1.0,-0.0,0,0
19,0.0,0.047524752475247525,0.08512548617902845,1.0,-0.0,0,0
20,0.0,0.047524752475247525,0.08512548617902845,1.0,-0.0,0,0
21,0.0,0.047524752475247525,0.08512548617902845,1.0,-0.0,0,0
22,0.0,0.0,0.0,1.0,-0.0,0,0
23,0.0,0.05346534653465348,0.09287951999650357,1.0,-0.0,0,0
24,0.0,0.18217821782178217,0.17598156946925847,1.0,-0.0,0,0
25,0.0,0.18217821782178217,0.17598156946925847,1.0,-0.0,0,0
26,0.0,0.18217821782178217,0.17598156946925847,1.0,-0.0,0,0
27,0.0,0.18217821782178217,0.17598156946925847,1.0,-0.0,0,0
28,0.0,0.16831683168316833,0.17057311261273686,1.0,-0.0,0,0
29,0.0,0.039603960396039604,0.08908690597387718,1.0,-0.0,0,0
30,0.0,0.039603960396039604,0.08908690597387718,1.0,-0.0,0,0
31,0.0,0.09306930693069307,0.12448501897427099,1.0,-0.0,0,0
32,0.0,0.09306930693069307,0.12448501897427099,1.0,-0.0,0,0
33,0.0,0.05346534653465346,0.08851285797476045,1.0,-0.0,0,0
34,0.0,0.05346534653465346,0.08851285797476045,1.0,-0.0,0,0
35,0.0,0.05346534653465346,0.08851285797476045,1.0,-0.0,0,0
36,0.0,0.0,0.0,1.0,-0.0,0,0
37,0.0,0.0,0.0,1.0,-0.0,0,0
38,0.0,0.019801980198019802,0.059735061897023205,1.0,-0.0,0,0
39,0.0,0.12475247524752475,0.14852805221860732,1.0,-0.0,0,0
40,0.0,0.12475247524752475,0.14852805221860732,1.0,-0.0,0,0
41,0.2,0.2316831683168317,0.20630204381210301,1.0,-0.0,0,0
42,0.2,0.48514851485148514,0.27910257123514925,1.0,-0.0,0,0
43,0.2,0.46534653465346537,0.28018227573582566,1.0,-0.0,0,0
44,0.2,0.3603960396039604,0.2321143487064175,1.0,-0.0,0,0
45,0.2,0.3603960396039604,0.2321143487064175,1.0,-0.0,0,0
46,0.0,0.25346534653465347,0.1885664294196818,1.0,-0.0,0,0
47,0.0,0.049504950495049514,0.09078727434730813,1.0,-0.0,0,0
48,0.0,0.049504950495049514,0.09078727434730813,1.0,-0.0,0,0
49,0.0,0.049504950495049514,0.09078727434730813,1.0,-0.0,0,0
50,0.0,0.049504950495049514,0.09078727434730813,1.0,-0.0,0,0
51,0.0,0.049504950495049514,0.09078727434730813,1.0,-0.0,0,0
52,0.0,0.0,0.0,1.0,-0.0,0,0
53,0.4,0.2594059405940594,0.19405940594059407,0.23438254474293757,0.6300747348215935,0,0
54,0.4,0.2594059405940594,0.19405940594059407,0.23438254474293757,0.6300747348215935,0,0
55,0.4,0.2594059405940594,0.19405940594059407,0.23438254474293757,0.6300747348215935,0,0
56,0.4,0.33663366336633666,0.22502927082529486,0.38912836784814614,0.40990710753901705,0,0
57,0.4,0.33663366336633666,0.22502927082529486,0.38912836784814614,0.40990710753901705,0,0
58,0.0,0.10297029702970295,0.127780323207142,1.0,-0.0,0,0
59,0.0,0.10297029702970295,0.127780323207142,1.0,-0.0,0,0
60,0.0,0.14059405940594055,0.13943181578046687,1.0,-0.0,0,0
61,0.0,0.06336633663366337,0.09304823860966917,1.0,-0.0,0,0
62,0.0,0.08316831683168316,0.10996786833199856,1.0,-0.0,0,0
63,0.0,0.05544554455445545,0.09797478714338996,1.0,-0.0,0,0
64,0.0,0.05544554455445545,0.09797478714338996,1.0,-0.0,0,0
65,0.0,0.019801980198019802,0.059735061897023205,1.0,-0.0,0,0
66,0.0,0.019801980198019802,0.059735061897023205,1.0,-0.0,0,0
67,0.4,0.36633663366336633,0.24384592917009332,0.4450997445135781,0.3515426550016273,0,0
68,0.4,0.36633663366336633,0.24384592917009332,0.4450997445135781,0.3515426550016273,0,0
69,0.4,0.36633663366336633,0.24384592917009332,0.4450997445135781,0.3515426550016273,0,0
70,0.4,0.36633663366336633,0.24384592917009332,0.4450997445135781,0.3515426550016273,0,0
71,0.4,0.36633663366336633,0.24384592917009332,0.4450997445135781,0.3515426550016273,0,0
72,0.0,0.0,0.0,1.0,-0.0,0,0
73,0.0,0.0613861386138614,0.10433219700847123,1.0,-0.0,0,0
74,0.0,0.0613861386138614,0.10433219700847123,1.0,-0.0,0,0
75,0.0,0.0613861386138614,0.10433219700847123,1.0,-0.0,0,0
76,0.0,0.0613861386138614,0.10433219700847123,1.0,-0.0,0,0
77,0.0,0.29504950495049503,0.2279379095687393,1.0,-0.0,0,0
78,0.0,0.23366336633663365,0.21812759810261126,1.0,-0.0,0,0
79,0.2,0.26732673267326734,0.22912183230290262,1.0,-0.0,0,0
80,0.2,0.26732673267326734,0.22912183230290262,1.0,-0.0,0,0
81,0.2,0.26732673267326734,0.22912183230290262,1.0,-0.0,0,0
82,0.2,0.061386138613861385,0.10433219700847123,0.09199298471617674,1.0362452902111776,0,0
83,0.2,0.38019801980198026,0.24129182117588618,1.0,-0.0,0,0
84,0.0,0.3445544554455446,0.2471521948732077,1.0,-0.0,0,0
85,0.0,0.3445544554455446,0.2471521948732077,1.0,-0.0,0,0
86,0.0,0.3445544554455446,0.2471521948732077,1.0,-0.0,0,0
87,0.0,0.4099009900990099,0.2970165013567893,1.0,-0.0,0,0
88,0.0,0.09108910891089109,0.13057300215314485,1.0,-0.0,0,0
89,0.0,0.09108910891089109,0.13057300215314485,1.0,-0.0,0,0
90,0.0,0.09108910891089109,0.13057300215314485,1.0,-0.0,0,0
91,0.0,0.09108910891089109,0.13057300215314485,1.0,-0.0,0,0
92,0.0,0.0,0.0,1.0,-0.0,0,0
93,0.0,0.0,0.0,1.0,-0.0,0,0
94,0.0,0.0,0.0,1.0,-0.0,0,0
95,0.0,0.0,0.0,1.0,-0.0,0,0
96,0.8,0.49702970297029697,0.33254358622817537,0.18112939504653092,0.7420110633769548,0,0
97,0.8,0.49702970297029697,0.33254358622817537,0.18112939504653092,0.7420110633769548,0,0
98,0.8,0.49702970297029697,0.33254358622817537,0.18112939504653092,0.7420110633769548,0,0
99,1.0,0.8970297029702969,0.3792790047895733,0.39300725710779283,0.40559943005009585,0,0
100,1.0,0.8970297029702969,0.3792790047895733,0.39300725710779283,0.40559943005009585,0,0
101,0.2,0.4712871287128712,0.2663789579532711,1.0,-0.0,0,0
102,0.2,0.5009900990099009,0.2766471998218979,1.0,-0.0,0,0
103,0.2,0.5009900990099009,0.2766471998218979,1.0,-0.0,0,0
104,0.0,0.10099009900990094,0.11814997140733703,1.0,-0.0,0,0
105,0.0,0.10099009900990094,0.11814997140733703,1.0,-0.0,0,0
106,0.0,0.0297029702970297,0.07112192077650681,1.0,-0.0,0,0
107,0.0,0.0,0.0,1.0,-0.0,0,0
108,0.0,0.0,0.0,1.0,-0.0,0,0
109,0.0,0.06930693069306931,0.11751770396006173,1.0,-0.0,0,0
110,0.0,0.16237623762376235,0.1634113349368535,1.0,-0.0,0,0
111,0.0,0.16237623762376235,0.1634113349368535,1.0,-0.0,0,0
112,0.2,0.4257425742574258,0.28516226589505644,1.0,-0.0,0,0
113,0.4,0.4633663366336634,0.28966446012729485,1.0,-0.0,0,0
114,0.4,0.3940594059405941,0.26914671996324574,0.4911952791901056,0.3087458157910325,0,0
115,0.4,0.300990099009901,0.23818415768324583,0.33881976873794223,0.4700312583078753,0,0
116,0.4,0.300990099009901,0.23818415768324583,0.33881976873794223,0.4700312583078753,0,0
117,0.2,0.03762376237623763,0.08307396817189319,0.025315250600093635,1.5966177690988212,0,0
118,0.0,0.0,0.0,1.0,-0.0,0,0
119,0.0,0.019801980198019802,0.0597350618970232,1.0,-0.0,0,0
120,0.0,0.019801980198019802,0.0597350618970232,1.0,-0.0,0,0
121,0.0,0.057425742574257435,0.09885135821266286,1.0,-0.0,0,0
122,0.0,0.11287128712871286,0.127165103825761,1.0,-0.0,0,0
123,0.0,0.11287128712871286,0.127165103825761,1.0,-0.0,0,0
124,0.2,0.13861386138613857,0.14554118673277588,0.33659336216392766,0.47289445284029863,0,0
125,0.2,0.13861386138613857,0.14554118673277588,0.33659336216392766,0.47289445284029863,0,0
126,0.2,0.09900990099009901,0.13386490123687583,0.22529911544679287,0.6472405133686278,0,0
127,0.2,0.04356435643564357,0.0916470215081674,0.04391693044295191,1.3573680223438196,0,0
128,0.2,0.04356435643564357,0.0916470215081674,0.04391693044295191,1.3573680223438196,0,0
129,0.0,0.0,0.0,1.0,-0.0,0,0
130,0.0,0.0,0.0,1.0,-0.0,0,0
131,0.0,0.0,0.0,1.0,-0.0,0,0
132,0.0,0.0,0.0,1.0,-0.0,0,0
133,0.0,0.0,0.0,1.0,-0.0,0,0
134,0.0,0.0,0.0,1.0,-0.0,0,0
135,0.8,0.3841584158415842,0.25436104116168573,0.051040480566242316,1.2920852452139182,0,0
136,2.0,0.708910891089109,0.30510475717641833,1.160041752478213e-05,4.935526379269143,0,0
137,2.0,0.708910891089109,0.30510475717641833,1.160041752478213e-05,4.935526379269143,0,0
138,2.0,0.732673267326733,0.3137473634905087,2.680292747124774e-05,4.571817768837828,0,0
139,2.4,0.813861386138614,0.33092420925545163,8.21294451043788e-07,6.085501111410119,0,0
140,1.6,0.42970297029702975,0.23611733719036898,3.590169233385805e-07,6.444885079167272,0,0
141,0.4,0.12871287128712872,0.14781352559621008,0.03322813842967961,1.4784939889158184,0,0
142,0.4,0.17227722772277226,0.16417740457959706,0.08271279113430975,1.0824273237063449,0,0
143,0.4,0.1485148514851485,0.15065129981473455,0.04752704145418252,1.3230592195809807,0,0
144,0.2,0.18415841584158413,0.17504323271769953,0.4639445574865058,0.33353391560099993,0,0
145,0.2,0.18415841584158413,0.17504323271769953,0.4639445574865058,0.33353391560099993,0,0
146,0.2,0.18217821782178217,0.17371653227296088,0.4591437258549907,0.3380513458894503,0,0
147,0.2,0.22574257425742572,0.1880875429979268,1.0,-0.0,0,0
148,0.2,0.2435643564356436,0.1941806047070299,1.0,-0.0,0,0
149,0.0,0.2772277227722772,0.2215522145813563,1.0,-0.0,0,0
150,0.0,0.2772277227722772,0.2215522145813563,1.0,-0.0,0,0
151,0.4,0.48712871287128706,0.2616260525134851,1.0,-0.0,0,0
152,0.4,0.39999999999999997,0.2303677645216298,0.4999999999999999,0.3010299956639813,0,0
153,0.4,0.45544554455445535,0.2550384352803475,1.0,-0.0,0,0
154,0.4,0.30297029702970296,0.2136228959919582,0.3248387632861051,0.48833215160830223,0,0
155,0.6,0.4336633663366337,0.25651017686671324,0.25834368113828493,0.5878021564536609,0,0
156,0.4,0.23168316831683167,0.17515520306927512,0.1682865884280424,0.7739504936723212,0,0
157,0.4,0.23168316831683167,0.17515520306927512,0.1682865884280424,0.7739504936723212,0,0
158,0.4,0.1584158415841584,0.1443780287806589,0.047136577429274885,1.3266419546403365,0,0
159,0.4,0.1762376237623762,0.14968515793239018,0.06747198562886443,1.1708765088313688,0,0
160,0.2,0.04554455445544554,0.08846854615322249,0.040415922396446834,1.3934475050229045,0,0
161,0.0,0.07326732673267328,0.11848138852793338,1.0,-0.0,0,0
162,0.2,0.11485148514851484,0.14717547862227368,0.28144610039452667,0.5506047643740806,0,0
163,0.8,0.2198019801980198,0.18563234289517566,0.0008874481835347176,3.0518569951876886,0,0
164,0.8,0.2792079207920792,0.20310307176171224,0.005171050164882325,2.28642124907266,0,0
165,0.8,0.2792079207920792,0.20310307176171224,0.005171050164882325,2.28642124907266,0,0
166,0.8,0.2693069306930693,0.19987252088626603,0.003963566624008518,2.4019138373075744,0,0
167,0.6,0.22772277227722768,0.19706701472672836,0.02943991877972521,1.5310633924855515,0,0
168,0.0,0.22772277227722768,0.2010461805385672,1.0,-0.0,0,0
169,0.0,0.1841584158415841,0.16811869526171186,1.0,-0.0,0,0
170,0.0,0.1841584158415841,0.16811869526171186,1.0,-0.0,0,0
171,0.0,0.15247524752475244,0.16685445095398732,1.0,-0.0,0,0
172,0.0,0.3326732673267327,0.24255607125200096,1.0,-0.0,0,0
173,0.2,0.3425742574257426,0.25225577725614545,1.0,-0.0,0,0
174,0.2,0.30891089108910896,0.24458451733298237,1.0,-0.0,0,0
175,0.2,0.30891089108910896,0.24458451733298237,1.0,-0.0,0,0
176,0.2,0.3148514851485149,0.2600023376185323,1.0,-0.0,0,0
177,0.2,0.13564356435643565,0.1589471288992512,0.34277841549314736,0.4649865330946752,0,0
178,0.0,0.019801980198019802,0.0597350618970232,1.0,-0.0,0,0
179,0.0,0.019801980198019802,0.0597350618970232,1.0,-0.0,0,0
180,0.0,0.019801980198019802,0.0597350618970232,1.0,-0.0,0,0
181,0.0,0.0,0.0,1.0,-0.0,0,0
182,0.0,0.0,0.0,1.0,-0.0,0,0
183,0.0,0.0,0.0,1.0,-0.0,0,0
184,0.0,0.0,0.0,1.0,-0.0,0,0
185,0.0,0.0,0.0,1.0,-0.0,0,0
186,0.0,0.0,0.0,1.0,-0.0,0,0
187,0.0,0.07722772277227723,0.13191745702927896,1.0,-0.0,0,0
188,0.0,0.07722772277227723,0.13191745702927896,1.0,-0.0,0,0
189,0.2,0.22574257425742575,0.20808103207694084,1.0,-0.0,0,0
190,0.2,0.22574257425742575,0.20808103207694084,1.0,-0.0,0,0
191,0.2,0.2574257425742574,0.21310831841325156,1.0,-0.0,0,0
192,0.2,0.20990099009900992,0.17206086333646303,1.0,-0.0,0,0
193,0.4,0.37029702970297035,0.23103064579857804,0.44885004865446476,0.34789872340386374,0,0
194,0.2,0.22178217821782173,0.19067569294591244,1.0,-0.0,0,0
195,0.2,0.2633663366336633,0.19484585035722785,1.0,-0.0,0,0
196,0.2,0.23168316831683164,0.18611754673281874,1.0,-0.0,0,0
197,0.2,0.20198019801980194,0.17687059543257513,1.0,-0.0,0,0
198,0.0,0.04158415841584159,0.08116396646304633,1.0,-0.0,0,0
199,0.0,0.2475247524752475,0.21088876492002406,1.0,-0.0,0,0
