,foreground,bg_means,bg_stdev,pvals,minus_logs,regs,active
2,0.2,0.033663366336633666,0.07482947971362847,0.013112090674369026,1.8823280561396656,0,0
3,0.2,0.033663366336633666,0.07482947971362847,0.013112090674369026,1.8823280561396656,0,0
4,0.0,0.0,0.0,1.0,-0.0,0,0
5,0.0,0.0,0.0,1.0,-0.0,0,0
6,1.0,0.36633663366336633,0.19914531622613268,0.000731525049871226,3.135770797584362,0,0
7,1.0,0.39603960396039606,0.20677667298545127,0.0017454772940581269,2.7580857963080665,0,0
8,1.0,0.39603960396039606,0.20677667298545127,0.0017454772940581269,2.7580857963080665,0,0
9,1.0,0.39603960396039606,0.20677667298545127,0.0017454772940581269,2.7580857963080665,0,0
10,1.2,0.48712871287128723,0.2508059746065538,0.002239313082382577,2.649885182684663,0,0
11,0.2,0.15247524752475244,0.17382935720677029,0.39227330481880357,0.4064112456924468,0,0
12,0.2,0.12079207920792076,0.149134022841685,0.2976681413832575,0.5262676442308094,0,0
13,0.2,0.12079207920792076,0.149134022841685,0.2976681413832575,0.5262676442308094,0,0
14,0.2,0.1584158415841584,0.1696048562801098,0.4031575270181521,0.39452522743865126,0,0
15,0.0,0.1168316831683168,0.13864214704328154,1.0,-0.0,0,0
16,0.0,0.1287128712871287,0.13954426081146826,1.0,-0.0,0,0
17,0.0,0.22970297029702968,0.1916807135101792,1.0,-0.0,0,0
18,0.2,0.3336633663366337,0.22702432709649922,1.0,-0.0,0,0
19,0.6,0.41386138613861384,0.24576802351049826,0.22441254517817383,0.6489528686753849,0,0
20,0.6,0.3742574257425743,0.2415516939719114,0.17500966031852933,0.7569379781294914,0,0
21,0.8,0.3920792079207921,0.23194535389063478,0.039314788874803684,1.4054440522056273,0,0
22,1.0,0.36831683168316837,0.23332749816483858,0.0033918376945954913,2.4695649376735873,0,0
23,0.8,0.2891089108910891,0.19796038712603858,0.00492894967724759,2.3072456158086054,0,0
24,0.6,0.20198019801980197,0.18129359046727286,0.01406590629329617,1.851832280171578,0,0
25,0.6,0.1900990099009901,0.17434741150934763,0.009360041429094848,2.028722228998277,0,0
26,0.4,0.13267326732673265,0.13578441772620808,0.024490412401885733,1.6110039015900552,0,0
27,0.2,0.05346534653465348,0.10860442931328385,0.08862815178171936,1.0524283072157032,0,0
28,0.2,0.02772277227722772,0.07461957893630407,0.010478998804251384,1.9796802091996195,0,0
29,0.0,0.0,0.0,1.0,-0.0,0,0
30,0.2,0.031683168316831684,0.0730260947112308,0.01058647624307391,1.9752485727397298,0,0
31,0.2,0.031683168316831684,0.0730260947112308,0.01058647624307391,1.9752485727397298,0,0
32,0.2,0.031683168316831684,0.0730260947112308,0.01058647624307391,1.9752485727397298,0,0
33,0.2,0.031683168316831684,0.0730260947112308,0.01058647624307391,1.9752485727397298,0,0
34,0.2,0.031683168316831684,0.0730260947112308,0.01058647624307391,1.9752485727397298,0,0
35,0.0,0.023762376237623766,0.06471340450838887,1.0,-0.0,0,0
36,0.0,0.039603960396039604,0.08452453849668534,1.0,-0.0,0,0
37,0.0,0.06732673267326733,0.11000352009767247,1.0,-0.0,0,0
38,0.0,0.06732673267326733,0.11000352009767247,1.0,-0.0,0,0
39,0.0,0.06732673267326733,0.11000352009767247,1.0,-0.0,0,0
40,0.0,0.06732673267326733,0.11000352009767247,1.0,-0.0,0,0
41,0.0,0.051485148514851496,0.09186070102766894,1.0,-0.0,0,0
42,0.0,0.023762376237623766,0.06471340450838887,1.0,-0.0,0,0
43,0.0,0.023762376237623766,0.06471340450838887,1.0,-0.0,0,0
44,0.0,0.057425742574257435,0.10277971700879983,1.0,-0.0,0,0
45,0.0,0.04356435643564357,0.08255312311158745,1.0,-0.0,0,0
46,0.0,0.04356435643564357,0.08255312311158745,1.0,-0.0,0,0
47,0.0,0.04356435643564357,0.08255312311158745,1.0,-0.0,0,0
48,0.0,0.04356435643564357,0.08255312311158745,1.0,-0.0,0,0
49,0.0,0.0297029702970297,0.07648795214189293,1.0,-0.0,0,0
50,0.0,0.027722772277227727,0.06910862719451544,1.0,-0.0,0,0
51,0.0,0.2455445544554455,0.19474520163396825,1.0,-0.0,0,0
52,0.0,0.2455445544554455,0.19474520163396825,1.0,-0.0,0,0
53,0.0,0.2455445544554455,0.19474520163396825,1.0,-0.0,0,0
54,0.0,0.2356435643564356,0.20371993900374946,1.0,-0.0,0,0
55,0.0,0.22772277227722768,0.2010461805385672,1.0,-0.0,0,0
56,0.0,0.009900990099009901,0.04338396495090425,1.0,-0.0,0,0
57,0.0,0.009900990099009901,0.04338396495090425,1.0,-0.0,0,0
58,0.0,0.009900990099009901,0.04338396495090425,1.0,-0.0,0,0
59,0.0,0.0,0.0,1.0,-0.0,0,0
60,0.0,0.0,0.0,1.0,-0.0,0,0
61,0.0,0.0,0.0,1.0,-0.0,0,0
62,0.0,0.0,0.0,1.0,-0.0,0,0
63,0.0,0.0,0.0,1.0,-0.0,0,0
64,0.0,0.0,0.0,1.0,-0.0,0,0
65,0.0,0.0,0.0,1.0,-0.0,0,0
66,0.0,0.0,0.0,1.0,-0.0,0,0
67,0.0,0.023762376237623766,0.06471340450838887,1.0,-0.0,0,0
68,0.0,0.06930693069306931,0.11057238501634628,1.0,-0.0,0,0
69,0.0,0.19999999999999998,0.2048906977385796,1.0,-0.0,0,0
70,0.0,0.19999999999999998,0.2048906977385796,1.0,-0.0,0,0
71,0.0,0.19999999999999998,0.2048906977385796,1.0,-0.0,0,0
72,0.0,0.17623762376237626,0.18939639130642924,1.0,-0.0,0,0
73,0.0,0.15247524752475247,0.16921136785416444,1.0,-0.0,0,0
74,0.0,0.021782178217821784,0.06230547612891991,1.0,-0.0,0,0
75,0.0,0.021782178217821784,0.06230547612891991,1.0,-0.0,0,0
76,0.0,0.08514851485148514,0.10281786127324492,1.0,-0.0,0,0
77,0.0,0.13861386138613863,0.13999313775947436,1.0,-0.0,0,0
78,0.0,0.16831683168316827,0.15085938181973,1.0,-0.0,0,0
79,0.0,0.16831683168316827,0.15085938181973,1.0,-0.0,0,0
80,0.0,0.16831683168316827,0.15085938181973,1.0,-0.0,0,0
81,0.4,0.18217821782178217,0.17371653227296086,0.10494061895229502,0.9790563786094393,0,0
82,0.4,0.13069306930693064,0.1474150698648297,0.03386029043083722,1.4703093211246312,0,0
83,0.4,0.07722772277227724,0.11593886073904514,0.002684759588187431,2.5710945979339663,1,0
84,0.4,0.11485148514851484,0.1416914361980065,0.02208567245422131,1.6558893730090944,0,0
85,0.4,0.11485148514851484,0.1416914361980065,0.02208567245422131,1.6558893730090944,0,0
86,0.0,0.03762376237623763,0.09211646217515253,1.0,-0.0,0,0
87,0.0,0.03762376237623763,0.09211646217515253,1.0,-0.0,0,0
88,0.0,0.03762376237623763,0.09211646217515253,1.0,-0.0,0,0
89,0.0,0.07722772277227724,0.1124710639300034,1.0,-0.0,0,0
90,0.0,0.07722772277227724,0.1124710639300034,1.0,-0.0,0,0
91,0.0,0.09306930693069305,0.11795067415315191,1.0,-0.0,0,0
92,0.0,0.09306930693069305,0.11795067415315191,1.0,-0.0,0,0
93,0.0,0.09306930693069305,0.11795067415315191,1.0,-0.0,0,0
94,0.0,0.015841584158415842,0.05401260078014202,1.0,-0.0,0,0
95,0.0,0.015841584158415842,0.05401260078014202,1.0,-0.0,0,0
96,0.0,0.0,0.0,1.0,-0.0,0,0
97,0.0,0.0,0.0,1.0,-0.0,0,0
98,0.0,0.0,0.0,1.0,-0.0,0,0
99,0.0,0.009900990099009901,0.04338396495090425,1.0,-0.0,0,0
100,0.0,0.009900990099009901,0.04338396495090425,1.0,-0.0,0,0
101,0.0,0.031683168316831684,0.0730260947112308,1.0,-0.0,0,0
102,0.0,0.031683168316831684,0.0730260947112308,1.0,-0.0,0,0
103,0.0,0.031683168316831684,0.0730260947112308,1.0,-0.0,0,0
104,0.0,0.021782178217821784,0.06230547612891991,1.0,-0.0,0,0
105,0.0,0.07722772277227723,0.1193059036149867,1.0,-0.0,0,0
106,0.0,0.06534653465346535,0.10939585993610405,1.0,-0.0,0,0
107,0.0,0.06534653465346535,0.10939585993610405,1.0,-0.0,0,0
108,0.0,0.06534653465346535,0.10939585993610405,1.0,-0.0,0,0
109,0.0,0.10297029702970295,0.1367627457412436,1.0,-0.0,0,0
110,0.0,0.04752475247524753,0.09397077637785879,1.0,-0.0,0,0
111,0.0,0.03762376237623763,0.07816140339006157,1.0,-0.0,0,0
112,0.0,0.03762376237623763,0.07816140339006157,1.0,-0.0,0,0
113,0.0,0.1485148514851485,0.16082329112274815,1.0,-0.0,0,31
114,0.0,0.10891089108910891,0.13650445892763632,1.0,-0.0,0,0
115,0.0,0.11683168316831684,0.13864214704328154,1.0,-0.0,0,0
116,0.0,0.3742574257425743,0.22978830780797876,1.0,-0.0,0,0
117,0.0,0.3742574257425743,0.22978830780797876,1.0,-0.0,0,0
118,0.0,0.2633663366336633,0.18224277805692735,1.0,-0.0,0,0
119,0.0,0.2633663366336633,0.18224277805692735,1.0,-0.0,0,0
120,0.0,0.25544554455445545,0.17602612740628582,1.0,-0.0,0,0
121,0.0,0.0,0.0,1.0,-0.0,0,0
122,0.0,0.0,0.0,1.0,-0.0,0,0
123,0.0,0.0,0.0,1.0,-0.0,0,0
124,0.0,0.019801980198019802,0.059735061897023205,1.0,-0.0,0,0
125,0.0,0.019801980198019802,0.059735061897023205,1.0,-0.0,0,0
126,0.0,0.019801980198019802,0.059735061897023205,1.0,-0.0,0,0
127,0.0,0.019801980198019802,0.059735061897023205,1.0,-0.0,0,0
128,0.0,0.0613861386138614,0.10433219700847123,1.0,-0.0,0,0
129,0.0,0.041584158415841586,0.08590499787518362,1.0,-0.0,0,0
130,0.0,0.041584158415841586,0.08590499787518362,1.0,-0.0,0,0
131,0.0,0.1168316831683168,0.16232793292609263,1.0,-0.0,0,0
132,0.0,0.1168316831683168,0.16232793292609263,1.0,-0.0,0,0
133,0.0,0.32574257425742575,0.24155169397191137,1.0,-0.0,0,0
134,0.0,0.3405940594059407,0.247833470846131,1.0,-0.0,0,0
135,0.0,0.40990099009900993,0.2585201413127539,1.0,-0.0,0,0
136,0.0,0.3920792079207921,0.2593530291438781,1.0,-0.0,0,0
137,0.0,0.4376237623762377,0.2738979665295324,1.0,-0.0,0,0
138,0.0,0.1881188118811881,0.1884208102236084,1.0,-0.0,0,0
139,0.0,0.22376237623762374,0.20736370442096458,1.0,-0.0,0,0
140,0.0,0.2376237623762376,0.18819175240422528,1.0,-0.0,0,0
141,0.0,0.18019801980198016,0.17689276383467162,1.0,-0.0,0,0
142,0.0,0.1346534653465346,0.14102569358229589,1.0,-0.0,0,0
143,0.0,0.1346534653465346,0.14102569358229589,1.0,-0.0,0,0
144,0.0,0.291089108910891,0.21895295841846044,1.0,-0.0,0,0
145,0.0,0.2079207920792079,0.18222126052003706,1.0,-0.0,0,0
146,0.0,0.2079207920792079,0.18222126052003706,1.0,-0.0,0,0
147,0.0,0.2495049504950495,0.19377631402336742,1.0,-0.0,0,0
148,0.2,0.36039603960396044,0.23550207916544172,1.0,-0.0,0,0
149,0.2,0.15247524752475247,0.17609294317160962,0.3936245635601097,0.40491780788868925,0,8
150,0.2,0.15247524752475247,0.17609294317160962,0.3936245635601097,0.40491780788868925,0,0
151,0.2,0.3168316831683168,0.24739006236422048,1.0,-0.0,0,0
152,0.2,0.3425742574257426,0.23603428793269446,1.0,-0.0,0,0
153,0.0,0.24356435643564353,0.20605480458342282,1.0,-0.0,0,0
154,0.0,0.28316831683168314,0.19754398278558297,1.0,-0.0,0,0
155,0.0,0.3326732673267327,0.2166847008498613,1.0,-0.0,0,0
156,0.0,0.16633663366336632,0.1491077275011224,1.0,-0.0,0,0
157,0.0,0.09900990099009899,0.11814997140733703,1.0,-0.0,0,0
158,0.0,0.14653465346534653,0.17324186517306459,1.0,-0.0,0,0
159,0.0,0.10495049504950495,0.1581929124495149,1.0,-0.0,0,0
160,0.2,0.07326732673267328,0.11848138852793338,0.14239023387273103,0.8465197966586488,0,0
161,0.2,0.08514851485148514,0.130031327995105,0.1885478753020174,0.7245783571846862,0,0
162,0.2,0.08514851485148514,0.130031327995105,0.1885478753020174,0.7245783571846862,0,0
163,0.2,0.02772277227722772,0.06910862719451542,0.006336173555908623,2.198172935373565,0,0
164,0.2,0.02772277227722772,0.06910862719451542,0.006336173555908623,2.198172935373565,0,0
165,0.0,0.033663366336633666,0.07482947971362845,1.0,-0.0,0,0
166,0.0,0.021782178217821784,0.06230547612891991,1.0,-0.0,0,0
167,0.0,0.021782178217821784,0.06230547612891991,1.0,-0.0,0,0
168,0.0,0.021782178217821784,0.06230547612891991,1.0,-0.0,0,0
169,0.0,0.03168316831683169,0.07826167463512676,1.0,-0.0,0,0
170,0.0,0.009900990099009901,0.04338396495090424,1.0,-0.0,0,0
171,0.0,0.017821782178217824,0.05698017651460656,1.0,-0.0,0,0
172,0.0,0.017821782178217824,0.05698017651460656,1.0,-0.0,0,0
173,0.0,0.033663366336633666,0.07482947971362845,1.0,-0.0,0,0
174,0.0,0.023762376237623763,0.06471340450838887,1.0,-0.0,0,0
175,0.2,0.05346534653465347,0.10104832334394516,0.07350913727109529,1.1336586742521852,0,0
176,0.2,0.04554455445544555,0.09283729243351321,0.04808399917069303,1.3179994190099724,0,0
177,0.2,0.04554455445544555,0.09283729243351321,0.04808399917069303,1.3179994190099724,0,0
178,0.2,0.02970297029702971,0.07648795214189293,0.012991839772286904,1.8863293442020952,0,0
179,0.2,0.02970297029702971,0.07648795214189293,0.012991839772286904,1.8863293442020952,0,0
180,0.2,0.021782178217821784,0.06230547612891991,0.002115616449879084,2.6745630648030154,0,0
181,0.2,0.021782178217821784,0.06230547612891991,0.002115616449879084,2.6745630648030154,0,0
182,0.2,0.021782178217821784,0.06230547612891991,0.002115616449879084,2.6745630648030154,0,0
183,0.2,0.021782178217821784,0.06230547612891991,0.002115616449879084,2.6745630648030154,0,0
184,0.2,0.021782178217821784,0.06230547612891991,0.002115616449879084,2.6745630648030154,0,0
185,0.0,0.025742574257425745,0.07264925278354115,1.0,-0.0,0,0
186,0.0,0.025742574257425745,0.07264925278354115,1.0,-0.0,0,0
187,0.0,0.04356435643564357,0.09587103712404124,1.0,-0.0,0,0
188,0.2,0.04950495049504951,0.10304643034659555,0.07208203336412726,1.1421729708308157,0,0
189,0.2,0.04950495049504951,0.10304643034659555,0.07208203336412726,1.1421729708308157,0,0
190,0.2,0.023762376237623766,0.06471340450838889,0.0032311212459077425,2.490646745033819,0,0
191,0.2,0.023762376237623766,0.06471340450838889,0.0032311212459077425,2.490646745033819,0,0
192,0.2,0.0059405940594059415,0.03395332316729158,5.469865928325192e-09,8.262023318511567,0,0
193,0.0,0.0,0.0,1.0,-0.0,0,0
194,0.0,0.0,0.0,1.0,-0.0,0,0
195,0.2,0.015841584158415842,0.054012600780142014,0.00032535620257014524,3.4876409094885674,0,0
196,0.2,0.015841584158415842,0.054012600780142014,0.00032535620257014524,3.4876409094885674,0,0
197,0.2,0.015841584158415842,0.054012600780142014,0.00032535620257014524,3.4876409094885674,0,0
198,0.2,0.015841584158415842,0.054012600780142014,0.00032535620257014524,3.4876409094885674,0,0
199,0.2,0.015841584158415842,0.054012600780142014,0.00032535620257014524,3.4876409094885674,0,0
200,0.0,0.0,0.0,1.0,-0.0,0,0
201,0.0,0.0,0.0,1.0,-0.0,0,0
202,0.0,0.0,0.0,1.0,-0.0,0,0
203,0.0,0.0,0.0,1.0,-0.0,0,0
204,0.0,0.0,0.0,1.0,-0.0,0,0
