,foreground,bg_means,bg_stdev,pvals,minus_logs,regs,active
2,0.0,0.22772277227722768,0.2010461805385672,1.0,-0.0,0,0
3,0.0,0.28316831683168314,0.21483095216024586,1.0,-0.0,0,0
4,0.0,0.23960396039603957,0.19298551113766993,1.0,-0.0,0,0
5,0.0,0.21782178217821774,0.17371653227296086,1.0,-0.0,0,0
6,0.0,0.1742574257425742,0.15584548411842378,1.0,-0.0,0,0
7,0.0,0.05544554455445544,0.08952597667688962,1.0,-0.0,0,0
8,0.0,0.0,0.0,1.0,-0.0,0,0
9,0.0,0.02970297029702971,0.07112192077650681,1.0,-0.0,0,0
10,0.0,0.02970297029702971,0.07112192077650681,1.0,-0.0,0,0
11,0.0,0.06732673267326733,0.10634234916512914,1.0,-0.0,0,0
12,0.0,0.06732673267326733,0.10634234916512914,1.0,-0.0,0,0
13,0.0,0.12277227722772277,0.14615954128511635,1.0,-0.0,0,0
14,0.0,0.09306930693069305,0.11795067415315191,1.0,-0.0,0,0
15,0.0,0.09306930693069305,0.11795067415315191,1.0,-0.0,0,0
16,0.2,0.12475247524752472,0.09688815701168371,0.21868466413700394,0.6601816719884452,0,0
17,0.2,0.12475247524752472,0.09688815701168371,0.21868466413700394,0.6601816719884452,0,0
18,0.2,0.06732673267326733,0.09451167971312256,0.08019271897573955,1.0958650612944518,0,0
19,0.4,0.2831683168316832,0.2375907567836934,0.31145335746274444,0.5066069830762946,0,0
20,0.4,0.297029702970297,0.23481842386627266,0.33050820335559666,0.48081775666894666,0,0
21,0.2,0.22970297029702966,0.20563572254648982,1.0,-0.0,0,0
22,0.2,0.37623762376237624,0.2521780428925678,1.0,-0.0,0,0
23,0.2,0.37623762376237624,0.2521780428925678,1.0,-0.0,0,0
24,0.0,0.1603960396039604,0.14897618117864572,1.0,-0.0,0,0
25,0.0,0.14653465346534653,0.14320542361793698,1.0,-0.0,0,0
26,0.0,0.14653465346534653,0.14320542361793698,1.0,-0.0,0,0
27,0.0,0.0,0.0,1.0,-0.0,0,0
28,0.0,0.0,0.0,1.0,-0.0,0,0
29,0.0,0.019801980198019802,0.059735061897023205,1.0,-0.0,0,0
30,0.0,0.019801980198019802,0.059735061897023205,1.0,-0.0,0,0
31,1.6,0.30495049504950494,0.22266444034646488,3.0109443349057162e-09,8.521297273469887,0,0
32,1.6,0.30495049504950494,0.22266444034646488,3.0109443349057162e-09,8.521297273469887,0,0
33,1.6,0.36831683168316837,0.24653266530670753,2.926215590763546e-07,6.533693680114415,0,0
34,1.6,0.3465346534653466,0.23696277705586677,6.125384643760101e-08,7.212866634568738,0,0
35,1.6,0.49603960396039604,0.2944774839109711,8.881344821288833e-05,4.051521267977696,0,0
36,0.0,0.20990099009900987,0.18320845158368915,1.0,-0.0,0,0
37,0.0,0.20990099009900987,0.18320845158368915,1.0,-0.0,0,0
38,0.0,0.1485148514851485,0.16804870898437327,1.0,-0.0,0,0
39,0.2,0.19603960396039602,0.2029099161576158,0.49221393834533905,0.30784609225703075,0,0
40,0.2,0.04752475247524753,0.08512548617902843,0.03663203844700429,1.4361389136681444,0,0
41,0.4,0.2396039603960396,0.19704711600251681,0.20782293021572895,0.6823065361014867,0,0
42,0.4,0.2396039603960396,0.19704711600251681,0.20782293021572895,0.6823065361014867,0,0
43,0.4,0.2396039603960396,0.19704711600251681,0.20782293021572895,0.6823065361014867,0,0
44,0.2,0.1920792079207921,0.18651741527630286,0.4830633009758892,0.3159959552459803,0,0
45,0.2,0.1920792079207921,0.18651741527630286,0.4830633009758892,0.3159959552459803,0,0
46,0.2,0.041584158415841586,0.08116396646304633,0.025480968483881664,1.5937840693032386,0,0
47,0.2,0.041584158415841586,0.08116396646304633,0.025480968483881664,1.5937840693032386,0,0
48,0.2,0.041584158415841586,0.08116396646304633,0.025480968483881664,1.5937840693032386,0,0
49,0.2,0.041584158415841586,0.08116396646304633,0.025480968483881664,1.5937840693032386,0,0
50,0.2,0.041584158415841586,0.08116396646304633,0.025480968483881664,1.5937840693032386,0,0
51,0.0,0.0,0.0,1.0,-0.0,0,0
52,0.0,0.017821782178217824,0.056980176514606566,1.0,-0.0,0,0
53,0.0,0.08118811881188118,0.11999411807954947,1.0,-0.0,0,0
54,0.0,0.08118811881188118,0.11999411807954947,1.0,-0.0,0,0
55,0.0,0.11089108910891088,0.13923481846532235,1.0,-0.0,0,0
56,0.0,0.15445544554455443,0.15891011998209012,1.0,-0.0,0,0
57,0.2,0.25940594059405936,0.19405940594059404,1.0,-0.0,0,0
58,0.2,0.19603960396039605,0.15150779614565207,0.4895728830100112,0.31018264536671064,0,0
59,0.2,0.19603960396039605,0.15150779614565207,0.4895728830100112,0.31018264536671064,0,0
60,0.2,0.2435643564356436,0.17933642348653622,1.0,-0.0,0,0
61,0.2,0.29900990099009894,0.1900990099009901,1.0,-0.0,0,0
62,0.0,0.17623762376237617,0.14968515793239018,1.0,-0.0,0,0
63,0.0,0.17623762376237617,0.14968515793239018,1.0,-0.0,0,0
64,0.0,0.17623762376237617,0.14968515793239018,1.0,-0.0,0,0
65,0.0,0.097029702970297,0.13084299831035082,1.0,-0.0,0,0
66,0.0,0.023762376237623766,0.06471340450838887,1.0,-0.0,0,0
67,0.0,0.023762376237623766,0.06471340450838887,1.0,-0.0,0,0
68,0.0,0.08118811881188118,0.10964648079134362,1.0,-0.0,0,0
69,0.2,0.2594059405940594,0.16300289605747864,1.0,-0.0,0,0
70,0.2,0.2594059405940594,0.16300289605747864,1.0,-0.0,0,0
71,0.2,0.3445544554455447,0.20318028258820844,1.0,-0.0,0,0
72,0.2,0.3445544554455447,0.20318028258820844,1.0,-0.0,0,0
73,0.4,0.35841584158415857,0.20932107448675996,0.4212635472949806,0.375446119542918,0,0
74,0.2,0.1801980198019802,0.17463954503246998,0.454861586643846,0.3421207380722695,0,0
75,1.0,0.5148514851485148,0.29564031485086917,0.050397739288076455,1.2975889444420554,0,0
76,1.0,0.40792079207920795,0.2516020621666311,0.009305391361241387,2.031265356820872,0,0
77,1.0,0.40792079207920795,0.2516020621666311,0.009305391361241387,2.031265356820872,0,0
78,0.8,0.37821782178217833,0.24357240588807846,0.04166794114110025,1.3801979579816304,0,0
79,0.8,0.37821782178217833,0.24357240588807846,0.04166794114110025,1.3801979579816304,0,0
80,0.0,0.04158415841584159,0.08116396646304633,1.0,-0.0,0,0
81,0.0,0.04158415841584159,0.08116396646304633,1.0,-0.0,0,0
82,0.0,0.08118811881188118,0.09821462786247323,1.0,-0.0,0,0
83,0.2,0.11287128712871283,0.14188502271424044,0.26958132937662765,0.5693101893974305,0,0
84,0.2,0.11287128712871283,0.14188502271424044,0.26958132937662765,0.5693101893974305,0,0
85,0.2,0.11287128712871283,0.14188502271424044,0.26958132937662765,0.5693101893974305,0,0
86,0.4,0.3168316831683168,0.21666660382716726,0.3505433749787612,0.4552582363323085,0,0
87,0.4,0.27524752475247527,0.2122048051424763,0.27830402559675105,0.5554805116616057,0,0
88,0.4,0.34851485148514855,0.1703891070439521,0.3812642067119666,0.4187739646112956,0,0
89,0.4,0.5544554455445545,0.23694622879808233,1.0,-0.0,0,0
90,0.4,0.8099009900990097,0.2630758466452757,1.0,-0.0,0,0
91,0.2,0.6079207920792079,0.2869032915053439,1.0,-0.0,0,0
92,0.2,0.801980198019802,0.3347764727943026,1.0,-0.0,0,0
93,0.0,0.8594059405940593,0.33006996492696444,1.0,-0.0,0,0
94,0.0,0.6534653465346534,0.3232153916403066,1.0,-0.0,0,0
95,0.0,0.4455445544554456,0.28267630176450403,1.0,-0.0,0,0
96,0.0,0.4455445544554456,0.28267630176450403,1.0,-0.0,0,0
97,0.0,0.2514851485148515,0.2398901817173514,1.0,-0.0,0,0
98,0.2,0.401980198019802,0.21708245366010007,1.0,-0.0,0,0
99,0.2,0.401980198019802,0.21708245366010007,1.0,-0.0,0,0
100,0.4,0.6277227722772277,0.26999039655865287,1.0,-0.0,0,0
101,0.4,0.6277227722772277,0.26999039655865287,1.0,-0.0,0,0
102,0.4,0.6277227722772277,0.26999039655865287,1.0,-0.0,0,0
103,0.2,0.2732673267326733,0.20628303593038283,1.0,-0.0,0,0
104,0.2,0.2732673267326733,0.20628303593038283,1.0,-0.0,0,0
105,0.0,0.0,0.0,1.0,-0.0,0,0
106,0.0,0.0,0.0,1.0,-0.0,0,0
107,0.0,0.0,0.0,1.0,-0.0,0,0
108,0.0,0.0,0.0,1.0,-0.0,0,0
109,0.0,0.06930693069306931,0.11409790329416186,1.0,-0.0,0,0
110,0.0,0.06930693069306931,0.11409790329416186,1.0,-0.0,0,0
111,0.0,0.12277227722772276,0.13779105154150342,1.0,-0.0,0,0
112,0.0,0.3465346534653465,0.23018045285893685,1.0,-0.0,0,0
113,0.0,0.3465346534653465,0.23018045285893685,1.0,-0.0,0,0
114,0.0,0.2752475247524752,0.2122048051424763,1.0,-0.0,0,0
115,0.0,0.2752475247524752,0.2122048051424763,1.0,-0.0,0,0
116,0.0,0.27524752475247527,0.2122048051424763,1.0,-0.0,0,0
117,0.2,0.25544554455445545,0.16914183369554556,1.0,-0.0,0,0
118,0.4,0.306930693069307,0.1878789507822641,0.3101700262606366,0.5084001731844595,0,0
119,0.4,0.306930693069307,0.1878789507822641,0.3101700262606366,0.5084001731844595,0,0
120,0.6,0.3346534653465347,0.18902335942624512,0.08019271897573961,1.0958650612944516,0,0
