,foreground,bg_means,bg_stdev,pvals,minus_logs,regs,active
2,0.0,0.057425742574257435,0.09048443294095733,1.0,-0.0,0,0
3,0.4,0.06336633663366338,0.11917436454123627,0.0023661313934760144,2.625961142262117,0,0
4,0.4,0.07722772277227724,0.12888031758632065,0.006132370515258439,2.212371613134205,0,0
5,0.4,0.12475247524752475,0.16851473513974877,0.051195219742998295,1.2907705885585057,0,0
6,0.4,0.10891089108910891,0.15549283508436107,0.030600400595916136,1.5142728880459668,0,0
7,0.4,0.201980198019802,0.197999999009802,0.1586310544390559,0.7996117889521211,0,0
8,0.0,0.16435643564356434,0.17210643633774864,1.0,-0.0,0,0
9,0.0,0.15049504950495046,0.16508249505478284,1.0,-0.0,0,0
10,0.0,0.12079207920792079,0.1594028657227573,1.0,-0.0,0,0
11,0.0,0.13267326732673265,0.16951235294283323,1.0,-0.0,0,0
12,0.0,0.08514851485148514,0.1172170185104851,1.0,-0.0,0,0
13,0.0,0.07524752475247524,0.11205191564986226,1.0,-0.0,0,0
14,0.0,0.08118811881188118,0.11999411807954947,1.0,-0.0,0,0
15,0.0,0.06138613861386138,0.10433219700847123,1.0,-0.0,0,0
16,0.0,0.04950495049504951,0.09504950495049506,1.0,-0.0,0,0
17,0.2,0.027722772277227727,0.07975061610139514,0.015378620884094646,1.813082609221364,0,0
18,0.6,0.14059405940594058,0.16779184288566226,0.0030911589182648453,2.5098786670326656,0,0
19,0.6,0.2158415841584158,0.22459321788131212,0.0435901339449738,1.3606117964681241,0,0
20,0.6,0.2158415841584158,0.22459321788131212,0.0435901339449738,1.3606117964681241,0,0
21,0.6,0.2158415841584158,0.22459321788131212,0.0435901339449738,1.3606117964681241,0,0
22,0.4,0.19405940594059404,0.20188310615339294,0.15384094416896127,0.8129280633632351,0,0
23,0.0,0.07920792079207921,0.12293186689242577,1.0,-0.0,0,0
24,0.0,0.05346534653465347,0.10104832334394513,1.0,-0.0,0,0
25,0.0,0.06732673267326733,0.11698261772468856,1.0,-0.0,0,0
26,0.0,0.09306930693069305,0.13661931335176508,1.0,-0.0,0,0
27,0.0,0.09306930693069305,0.13661931335176508,1.0,-0.0,0,0
28,0.0,0.09306930693069305,0.13661931335176508,1.0,-0.0,0,0
29,0.0,0.049504950495049514,0.09504950495049506,1.0,-0.0,0,0
30,0.0,0.13465346534653463,0.14921288105967925,1.0,-0.0,0,0
31,0.0,0.1405940594059406,0.1605548657475207,1.0,-0.0,0,0
32,0.0,0.1405940594059406,0.1605548657475207,1.0,-0.0,0,0
33,0.0,0.1405940594059406,0.1605548657475207,1.0,-0.0,0,0
34,0.0,0.15643564356435644,0.18584345673901093,1.0,-0.0,0,0
35,0.0,0.06336633663366337,0.11233152161332939,1.0,-0.0,0,0
36,0.0,0.03168316831683169,0.07826167463512675,1.0,-0.0,0,0
37,0.0,0.03168316831683169,0.07826167463512675,1.0,-0.0,0,0
38,0.0,0.03168316831683169,0.07826167463512675,1.0,-0.0,0,0
39,0.0,0.0059405940594059415,0.033953323167291584,1.0,-0.0,0,0
40,0.0,0.0,0.0,1.0,-0.0,0,0
41,0.0,0.08118811881188118,0.12325042629382525,1.0,-0.0,0,0
42,0.0,0.16831683168316827,0.16345931947317976,1.0,-0.0,0,0
43,0.0,0.16831683168316827,0.16345931947317976,1.0,-0.0,0,0
44,0.0,0.16831683168316827,0.16345931947317976,1.0,-0.0,0,0
45,0.0,0.18415841584158413,0.16574624125023033,1.0,-0.0,0,0
46,0.0,0.10099009900990098,0.1367914141716479,1.0,-0.0,0,0
47,0.0,0.015841584158415842,0.05401260078014202,1.0,-0.0,0,0
48,0.0,0.015841584158415842,0.05401260078014202,1.0,-0.0,0,0
49,0.0,0.015841584158415842,0.05401260078014202,1.0,-0.0,0,0
50,0.0,0.039603960396039604,0.08452453849668534,1.0,-0.0,0,0
51,0.0,0.08712871287128712,0.13024224675172555,1.0,-0.0,0,53
52,0.0,0.08712871287128712,0.13024224675172555,1.0,-0.0,0,0
53,0.0,0.10495049504950495,0.14513649268759363,1.0,-0.0,0,0
54,0.0,0.14455445544554454,0.16196518848854283,1.0,-0.0,0,0
55,0.0,0.10693069306930691,0.12448501897427097,1.0,-0.0,0,0
56,0.0,0.0712871287128713,0.10747934055534186,1.0,-0.0,0,53
57,0.0,0.0712871287128713,0.10747934055534186,1.0,-0.0,0,0
58,0.0,0.05346534653465347,0.10104832334394513,1.0,-0.0,0,0
59,0.0,0.023762376237623766,0.06471340450838887,1.0,-0.0,0,0
60,0.0,0.019801980198019802,0.059735061897023205,1.0,-0.0,0,0
61,0.0,0.039603960396039604,0.08908690597387718,1.0,-0.0,0,0
62,0.0,0.057425742574257435,0.10277971700879983,1.0,-0.0,0,0
63,0.0,0.057425742574257435,0.10277971700879983,1.0,-0.0,0,0
64,0.0,0.08712871287128712,0.13324834725751067,1.0,-0.0,0,0
65,0.0,0.15247524752475247,0.17382935720677029,1.0,-0.0,0,0
66,0.0,0.1188118811881188,0.14939672169394075,1.0,-0.0,0,0
67,0.0,0.11287128712871286,0.13024224675172555,1.0,-0.0,0,0
68,0.0,0.14455445544554454,0.15445544554455445,1.0,-0.0,0,0
69,0.0,0.11089108910891088,0.13636075485692528,1.0,-0.0,0,0
70,0.0,0.047524752475247525,0.08965727859542,1.0,-0.0,0,0
71,0.0,0.06534653465346535,0.10571364605971598,1.0,-0.0,0,0
72,0.0,0.05346534653465346,0.09287951999650357,1.0,-0.0,0,0
73,0.0,0.023762376237623766,0.07056843438101175,1.0,-0.0,0,0
74,0.0,0.023762376237623766,0.06471340450838889,1.0,-0.0,0,0
75,0.0,0.03564356435643565,0.08154954567118416,1.0,-0.0,0,0
76,0.0,0.017821782178217824,0.05698017651460656,1.0,-0.0,0,0
77,0.0,0.017821782178217824,0.05698017651460656,1.0,-0.0,0,0
78,0.0,0.017821782178217824,0.05698017651460656,1.0,-0.0,0,0
79,0.0,0.017821782178217824,0.05698017651460656,1.0,-0.0,0,0
80,0.0,0.0059405940594059415,0.03395332316729158,1.0,-0.0,0,0
81,0.0,0.0059405940594059415,0.03395332316729158,1.0,-0.0,0,0
82,0.0,0.0059405940594059415,0.03395332316729158,1.0,-0.0,0,0
83,0.0,0.0059405940594059415,0.03395332316729158,1.0,-0.0,0,0
84,0.0,0.0,0.0,1.0,-0.0,0,0
85,0.0,0.025742574257425748,0.08283762638951243,1.0,-0.0,0,0
86,0.0,0.05940594059405942,0.10357779667819421,1.0,-0.0,0,0
87,0.0,0.05940594059405942,0.10357779667819421,1.0,-0.0,0,0
88,0.0,0.0712871287128713,0.11110305060677653,1.0,-0.0,0,0
89,0.0,0.0712871287128713,0.11110305060677653,1.0,-0.0,0,0
90,0.0,0.05346534653465347,0.09704990696905226,1.0,-0.0,0,0
91,0.0,0.06336633663366337,0.10504385908811757,1.0,-0.0,0,0
92,0.0,0.06336633663366337,0.10504385908811757,1.0,-0.0,0,0
93,0.0,0.1287128712871287,0.15307840071356582,1.0,-0.0,0,0
94,0.2,0.3663366336633664,0.25651017686671324,1.0,-0.0,0,0
95,0.2,0.35841584158415846,0.25842911843287836,1.0,-0.0,0,0
96,0.2,0.31485148514851485,0.23267116072355806,1.0,-0.0,0,0
97,0.2,0.31485148514851485,0.23267116072355806,1.0,-0.0,0,53
98,0.2,0.23564356435643566,0.20176653424136176,1.0,-0.0,0,0
99,0.2,0.17029702970297025,0.16503498246348225,0.4285841962189427,0.36796384734329984,0,0
100,0.2,0.23168316831683167,0.20046020966089126,1.0,-0.0,0,0
101,0.2,0.2455445544554455,0.20658695217021744,1.0,-0.0,0,0
102,0.2,0.2455445544554455,0.20658695217021744,1.0,-0.0,0,0
103,0.2,0.2772277227722772,0.21975737661790226,1.0,-0.0,0,0
104,0.0,0.10693069306930694,0.13948804962658473,1.0,-0.0,0,0
105,0.0,0.04554455445544555,0.08846854615322249,1.0,-0.0,0,0
106,0.0,0.05346534653465347,0.09287951999650358,1.0,-0.0,0,0
107,0.0,0.05346534653465347,0.09287951999650358,1.0,-0.0,0,0
108,0.0,0.021782178217821784,0.06230547612891991,1.0,-0.0,0,0
109,0.0,0.04554455445544555,0.08387254884969257,1.0,-0.0,0,0
110,0.0,0.07524752475247524,0.11553229422427584,1.0,-0.0,0,0
111,0.0,0.05346534653465347,0.10860442931328386,1.0,-0.0,0,0
112,0.4,0.09504950495049506,0.14513649268759363,0.017814821518811814,1.7492185243532936,0,0
113,0.4,0.09504950495049506,0.14513649268759363,0.017814821518811814,1.7492185243532936,0,0
114,0.4,0.0712871287128713,0.12454800153280307,0.004154527562924104,2.381478355389047,0,0
115,0.4,0.041584158415841586,0.09039772047931348,3.671690339710168e-05,4.435133953131464,0,0
116,0.4,0.041584158415841586,0.09039772047931348,3.671690339710168e-05,4.435133953131464,0,0
117,0.0,0.0,0.0,1.0,-0.0,0,0
118,0.0,0.0,0.0,1.0,-0.0,0,0
119,0.0,0.0,0.0,1.0,-0.0,0,0
120,0.0,0.0,0.0,1.0,-0.0,0,0
121,0.0,0.0,0.0,1.0,-0.0,0,0
122,0.0,0.0,0.0,1.0,-0.0,0,0
123,0.0,0.0,0.0,1.0,-0.0,0,0
124,0.0,0.041584158415841586,0.09039772047931348,1.0,-0.0,0,0
125,0.4,0.19603960396039602,0.17571398456617043,0.12287134127306466,0.9105494009081359,0,0
126,0.4,0.21188118811881188,0.17535656953133033,0.14168518533295132,0.848675557406075,0,0
127,0.4,0.21188118811881188,0.17535656953133033,0.14168518533295132,0.848675557406075,0,0
128,0.4,0.2554455445544554,0.18693740548445065,0.21967913836205977,0.6582111835183575,0,0
129,0.4,0.21386138613861388,0.17178717143997088,0.13928396141100446,0.8560988898339036,0,0
130,0.0,0.0594059405940594,0.1035777966781942,1.0,-0.0,0,0
131,0.0,0.15445544554455445,0.17091758912506996,1.0,-0.0,0,0
132,0.0,0.2455445544554455,0.2231745542804261,1.0,-0.0,0,0
133,0.0,0.20198019801980194,0.21153854037344386,1.0,-0.0,0,0
134,0.0,0.22772277227722768,0.22695522822803013,1.0,-0.0,0,0
135,0.0,0.24158415841584152,0.22570783126772284,1.0,-0.0,0,0
136,0.0,0.504950495049505,0.29597171313320203,1.0,-0.0,0,0
137,0.0,0.41386138613861384,0.2643990769184082,1.0,-0.0,0,0
138,0.0,0.5128712871287129,0.30625924640287056,1.0,-0.0,0,0
139,0.0,0.5346534653465347,0.3222555543198155,1.0,-0.0,0,0
140,0.0,0.5207920792079207,0.31601379581464767,1.0,-0.0,0,0
141,0.0,0.1485148514851485,0.15834156674616873,1.0,-0.0,0,0
142,0.0,0.1485148514851485,0.15834156674616873,1.0,-0.0,0,0
143,0.0,0.08514851485148514,0.12054836637801523,1.0,-0.0,0,0
144,0.0,0.07722772277227724,0.11593886073904515,1.0,-0.0,0,0
145,0.0,0.07722772277227724,0.11593886073904515,1.0,-0.0,0,0
146,0.0,0.07722772277227724,0.11593886073904515,1.0,-0.0,0,0
147,0.0,0.07722772277227724,0.11593886073904515,1.0,-0.0,0,0
148,0.0,0.05544554455445544,0.09384550979067553,1.0,-0.0,0,0
149,0.0,0.039603960396039604,0.08452453849668534,1.0,-0.0,0,0
150,0.0,0.039603960396039604,0.08452453849668534,1.0,-0.0,0,0
151,0.0,0.039603960396039604,0.08452453849668534,1.0,-0.0,0,0
152,0.0,0.039603960396039604,0.08452453849668534,1.0,-0.0,0,0
153,0.0,0.023762376237623766,0.06471340450838889,1.0,-0.0,0,0
154,0.0,0.0,0.0,1.0,-0.0,0,0
155,0.0,0.04752475247524753,0.08965727859541997,1.0,-0.0,0,0
156,0.0,0.07326732673267328,0.11848138852793338,1.0,-0.0,0,0
157,0.0,0.07326732673267328,0.11848138852793338,1.0,-0.0,0,0
158,0.0,0.08712871287128712,0.12401163019288063,1.0,-0.0,0,0
159,0.0,0.08712871287128712,0.12401163019288063,1.0,-0.0,0,0
160,0.0,0.039603960396039604,0.08452453849668534,1.0,-0.0,0,0
161,0.0,0.01386138613861386,0.05079507064705211,1.0,-0.0,0,0
162,0.0,0.01386138613861386,0.05079507064705211,1.0,-0.0,0,0
163,0.0,0.0,0.0,1.0,-0.0,0,0
164,0.0,0.0,0.0,1.0,-0.0,0,0
165,0.0,0.0,0.0,1.0,-0.0,0,0
166,0.0,0.0,0.0,1.0,-0.0,0,0
167,0.0,0.0,0.0,1.0,-0.0,0,0
168,0.0,0.0,0.0,1.0,-0.0,0,0
169,0.0,0.009900990099009901,0.04338396495090424,1.0,-0.0,0,0
170,0.0,0.009900990099009901,0.04338396495090424,1.0,-0.0,0,0
171,0.0,0.009900990099009901,0.04338396495090424,1.0,-0.0,0,0
172,0.0,0.009900990099009901,0.04338396495090424,1.0,-0.0,0,0
173,0.0,0.09504950495049505,0.12771893462651168,1.0,-0.0,0,0
174,0.4,0.11287128712871287,0.14464936528910635,0.02357234236501054,1.6275972598323143,0,0
175,0.4,0.11287128712871287,0.14464936528910635,0.02357234236501054,1.6275972598323143,0,0
176,0.4,0.1207920792079208,0.14913402284168503,0.030589838986393586,1.5144228089749425,0,0
177,0.4,0.1207920792079208,0.14913402284168503,0.030589838986393586,1.5144228089749425,0,0
178,0.4,0.03564356435643565,0.08626938974571076,1.2028311753886926e-05,4.919795324233125,0,0
179,0.0,0.007920792079207921,0.03900537743285587,1.0,-0.0,0,0
180,0.0,0.023762376237623766,0.07056843438101176,1.0,-0.0,0,0
181,0.0,0.015841584158415842,0.05401260078014202,1.0,-0.0,0,0
182,0.0,0.015841584158415842,0.05401260078014202,1.0,-0.0,0,0
183,0.0,0.015841584158415842,0.05401260078014202,1.0,-0.0,0,0
184,0.0,0.06336633663366337,0.10120342446875752,1.0,-0.0,0,0
185,0.0,0.04752475247524753,0.08965727859541997,1.0,-0.0,0,0
186,0.0,0.09900990099009901,0.1396566153069739,1.0,-0.0,0,0
187,0.0,0.14059405940594058,0.15036471688371983,1.0,-0.0,0,0
188,0.0,0.1564356435643564,0.15312962320143525,1.0,-0.0,0,0
189,0.0,0.1188118811881188,0.13838736799727644,1.0,-0.0,0,0
190,0.0,0.1504950495049505,0.1551899266764091,1.0,-0.0,0,0
191,0.0,0.12475247524752472,0.1511709677939985,1.0,-0.0,0,0
192,0.0,0.09306930693069305,0.13368903310588712,1.0,-0.0,0,0
193,0.0,0.17029702970297025,0.1810555160500984,1.0,-0.0,0,0
194,0.0,0.1742574257425742,0.18382808657861666,1.0,-0.0,0,0
195,0.0,0.2455445544554455,0.21595963707735685,1.0,-0.0,0,0
196,0.0,0.22574257425742572,0.2118534265147639,1.0,-0.0,0,0
197,0.2,0.3108910891089109,0.21336576232952045,1.0,-0.0,0,0
198,0.2,0.2356435643564356,0.1697897117641665,1.0,-0.0,0,0
199,0.2,0.2198019801980198,0.1700435599289386,1.0,-0.0,0,0
200,0.2,0.11683168316831684,0.13280619910579972,0.26557935309177677,0.5758056913027199,0,0
201,0.2,0.10891089108910891,0.12750384183766536,0.23748905286652017,0.6243564045201095,0,0
202,0.0,0.015841584158415842,0.05401260078014202,1.0,-0.0,0,0
203,0.0,0.0,0.0,1.0,-0.0,0,0
204,0.0,0.0,0.0,1.0,-0.0,0,0
205,0.0,0.0,0.0,1.0,-0.0,0,0
206,0.0,0.0,0.0,1.0,-0.0,0,0
207,0.0,0.0,0.0,1.0,-0.0,0,0
208,0.0,0.0,0.0,1.0,-0.0,0,0
209,0.0,0.0,0.0,1.0,-0.0,0,0
210,0.0,0.039603960396039604,0.09757374253271224,1.0,-0.0,0,0
211,0.0,0.10891089108910891,0.14494724878689189,1.0,-0.0,0,0
212,0.0,0.10891089108910891,0.14494724878689189,1.0,-0.0,0,0
213,0.0,0.10891089108910891,0.14494724878689189,1.0,-0.0,0,0
214,0.0,0.10891089108910891,0.14494724878689189,1.0,-0.0,0,0
215,0.0,0.06930693069306931,0.11057238501634628,1.0,-0.0,0,0
216,0.0,0.021782178217821784,0.06230547612891991,1.0,-0.0,0,0
217,0.0,0.04356435643564357,0.08721867542790195,1.0,-0.0,0,0
218,0.0,0.04356435643564357,0.08721867542790195,1.0,-0.0,0,0
219,0.0,0.04356435643564357,0.08721867542790195,1.0,-0.0,0,0
220,0.0,0.04356435643564357,0.08721867542790195,1.0,-0.0,0,0
221,0.0,0.07920792079207921,0.13520562388207177,1.0,-0.0,0,0
222,0.0,0.057425742574257435,0.11021718851545143,1.0,-0.0,0,0
223,0.0,0.07722772277227723,0.13191745702927898,1.0,-0.0,0,0
224,0.0,0.09108910891089109,0.13937555924568534,1.0,-0.0,0,0
225,0.0,0.09108910891089109,0.13937555924568534,1.0,-0.0,0,0
226,0.0,0.033663366336633666,0.07482947971362845,1.0,-0.0,0,0
227,0.0,0.033663366336633666,0.07482947971362845,1.0,-0.0,0,0
228,0.0,0.013861386138613863,0.05079507064705211,1.0,-0.0,0,0
229,0.0,0.0,0.0,1.0,-0.0,0,0
230,0.0,0.0,0.0,1.0,-0.0,0,0
231,0.0,0.04554455445544555,0.09700949476369022,1.0,-0.0,0,0
232,0.0,0.04554455445544555,0.09700949476369022,1.0,-0.0,0,0
233,0.0,0.04554455445544555,0.09700949476369022,1.0,-0.0,0,0
234,0.0,0.061386138613861385,0.11166631429601336,1.0,-0.0,0,0
235,0.0,0.061386138613861385,0.11166631429601336,1.0,-0.0,0,0
236,0.0,0.2198019801980198,0.19397856469320326,1.0,-0.0,0,0
237,0.0,0.2198019801980198,0.19397856469320326,1.0,-0.0,0,0
238,0.0,0.2514851485148515,0.20995702595943397,1.0,-0.0,0,0
239,0.0,0.23564356435643566,0.20176653424136176,1.0,-0.0,0,0
240,0.0,0.6158415841584158,0.33262611641340295,1.0,-0.0,0,0
241,0.0,0.4198019801980198,0.2821486870078208,1.0,-0.0,0,0
242,0.0,0.42970297029702964,0.2875449356034241,1.0,-0.0,0,0
243,0.4,0.6376237623762375,0.3556757576555708,1.0,-0.0,0,0
244,0.4,0.6376237623762375,0.3556757576555708,1.0,-0.0,0,0
245,0.4,0.2930693069306931,0.2208253759912974,0.3141106472854309,0.5029173422422495,0,0
246,0.4,0.30297029702970296,0.23481842386627264,0.33972578512610907,0.4688714890057516,0,0
247,0.4,0.2930693069306931,0.23304162962257066,0.3231716499363645,0.4905667444823113,0,0
248,0.0,0.06534653465346535,0.10939585993610405,1.0,-0.0,0,0
249,0.0,0.06534653465346535,0.10939585993610405,1.0,-0.0,0,0
250,0.0,0.02970297029702971,0.07112192077650681,1.0,-0.0,0,0
251,0.0,0.011881188118811883,0.047276579747775535,1.0,-0.0,0,0
252,0.2,0.06336633663366337,0.11233152161332939,0.1119271380917808,0.9510646007408702,0,0
253,0.2,0.07722772277227724,0.11930590361498669,0.15172703225002876,0.8189370368062708,0,0
254,0.2,0.07722772277227724,0.11930590361498669,0.15172703225002876,0.8189370368062708,0,0
255,0.2,0.07722772277227724,0.11930590361498669,0.15172703225002876,0.8189370368062708,0,0
256,0.2,0.08514851485148514,0.12379009590564582,0.17675768599419261,0.7526216925958915,0,0
257,0.0,0.033663366336633666,0.07994704648786674,1.0,-0.0,0,0
258,0.0,0.007920792079207921,0.03900537743285587,1.0,-0.0,0,0
259,0.0,0.007920792079207921,0.03900537743285587,1.0,-0.0,0,0
260,0.0,0.007920792079207921,0.03900537743285587,1.0,-0.0,0,0
261,0.0,0.0,0.0,1.0,-0.0,0,0
262,0.0,0.0,0.0,1.0,-0.0,0,0
263,0.0,0.039603960396039604,0.07970143286137865,1.0,-0.0,0,0
264,0.0,0.039603960396039604,0.07970143286137865,1.0,-0.0,0,0
265,0.0,0.039603960396039604,0.07970143286137865,1.0,-0.0,0,0
266,0.0,0.039603960396039604,0.07970143286137865,1.0,-0.0,0,0
267,0.0,0.10693069306930694,0.12762679639066948,1.0,-0.0,0,0
268,0.0,0.0891089108910891,0.11765109526742927,1.0,-0.0,0,0
269,0.0,0.10099009900990098,0.12145573247679727,1.0,-0.0,0,0
270,0.0,0.12178217821782177,0.13759170507754623,1.0,-0.0,0,0
271,0.0,0.13663366336633662,0.15397233406965347,1.0,-0.0,0,0
272,0.0,0.06732673267326733,0.11000352009767247,1.0,-0.0,0,0
273,0.0,0.05940594059405942,0.10357779667819421,1.0,-0.0,0,0
274,0.0,0.2653465346534653,0.2070230501177842,1.0,-0.0,0,0
275,0.0,0.2455445544554455,0.19676832257092536,1.0,-0.0,0,0
276,0.0,0.23168316831683167,0.19847472496357746,1.0,-0.0,0,0
277,0.0,0.2851485148514851,0.22043437703090285,1.0,-0.0,0,0
278,0.0,0.3326732673267327,0.2273867516587513,1.0,-0.0,0,0
279,0.0,0.11287128712871286,0.13024224675172555,1.0,-0.0,0,0
280,0.0,0.11287128712871286,0.13024224675172555,1.0,-0.0,0,0
281,0.0,0.11287128712871286,0.13024224675172555,1.0,-0.0,0,0
282,0.0,0.0594059405940594,0.0956253185556407,1.0,-0.0,0,0
283,0.0,0.015841584158415842,0.05401260078014202,1.0,-0.0,0,0
284,0.0,0.015841584158415842,0.05401260078014202,1.0,-0.0,0,0
285,0.0,0.015841584158415842,0.05401260078014202,1.0,-0.0,0,0
286,0.0,0.015841584158415842,0.05401260078014202,1.0,-0.0,0,0
287,0.0,0.015841584158415842,0.05401260078014202,1.0,-0.0,0,0
288,0.0,0.033663366336633666,0.07994704648786674,1.0,-0.0,0,0
289,0.0,0.033663366336633666,0.07994704648786674,1.0,-0.0,0,0
290,0.0,0.033663366336633666,0.07994704648786674,1.0,-0.0,0,0
291,0.0,0.2178217821782178,0.18260818825185748,1.0,-0.0,0,0
292,0.0,0.2178217821782178,0.18260818825185748,1.0,-0.0,0,0
293,0.0,0.1841584158415841,0.1704581324091671,1.0,-0.0,0,0
294,0.0,0.1841584158415841,0.1704581324091671,1.0,-0.0,0,0
295,0.0,0.20792079207920788,0.1710093323357157,1.0,-0.0,0,0
296,0.0,0.023762376237623766,0.07056843438101175,1.0,-0.0,0,0
297,0.0,0.11089108910891088,0.15018206119491914,1.0,-0.0,0,0
298,0.0,0.12079207920792076,0.15435386352400063,1.0,-0.0,0,0
299,0.0,0.12079207920792076,0.15435386352400063,1.0,-0.0,0,0
300,0.2,0.16435643564356434,0.1601881062665876,0.4119581803421917,0.3851468688417295,0,0
301,2.6,0.5881188118811882,0.31317193225297757,6.627955197633964e-11,10.178620435902385,0,0
302,2.6,0.5,0.3063680566550858,3.5781158552904793e-12,11.446345601583412,0,0
303,2.6,0.4891089108910891,0.30243270754642815,1.47901230032035e-12,11.830028214144392,0,0
304,2.6,0.510891089108911,0.3114644394618893,9.907813289591351e-12,11.004022186186344,0,0
305,3.0,0.6059405940594059,0.34406474815996446,1.7236724659236487e-12,11.763545255771184,0,0
306,0.6,0.18217821782178217,0.19920437766272145,0.017976755086316784,1.7452886983251565,0,0
307,0.6,0.18217821782178217,0.19920437766272145,0.017976755086316784,1.7452886983251565,0,0
308,0.6,0.1920792079207921,0.20666286139643167,0.024199592541638646,1.6161919463504646,0,0
309,0.6,0.19999999999999998,0.21433757034035342,0.031005641998398486,1.5085592717843659,0,0
310,0.0,0.03762376237623763,0.08771182015980238,1.0,-0.0,0,0
311,0.0,0.03762376237623763,0.08771182015980238,1.0,-0.0,0,0
312,0.0,0.03762376237623763,0.08771182015980238,1.0,-0.0,0,0
313,0.0,0.04554455445544555,0.09700949476369022,1.0,-0.0,0,0
314,0.0,0.017821782178217824,0.05698017651460657,1.0,-0.0,0,0
315,0.0,0.04554455445544555,0.08387254884969257,1.0,-0.0,0,0
316,0.0,0.04554455445544555,0.08387254884969257,1.0,-0.0,0,0
317,0.0,0.04554455445544555,0.08387254884969257,1.0,-0.0,0,0
318,0.0,0.027722772277227727,0.06910862719451544,1.0,-0.0,0,0
319,0.0,0.04356435643564357,0.08721867542790195,1.0,-0.0,0,0
320,0.0,0.015841584158415842,0.05401260078014202,1.0,-0.0,0,0
321,0.0,0.015841584158415842,0.05401260078014202,1.0,-0.0,0,0
322,0.0,0.015841584158415842,0.05401260078014202,1.0,-0.0,0,0
323,0.0,0.015841584158415842,0.05401260078014202,1.0,-0.0,0,0
324,0.0,0.0,0.0,1.0,-0.0,0,0
325,0.0,0.0,0.0,1.0,-0.0,0,0
326,0.0,0.0,0.0,1.0,-0.0,0,0
327,0.0,0.0,0.0,1.0,-0.0,0,0
328,0.0,0.0,0.0,1.0,-0.0,0,0
329,0.0,0.0,0.0,1.0,-0.0,0,0
330,0.0,0.0,0.0,1.0,-0.0,0,0
331,0.0,0.0,0.0,1.0,-0.0,0,0
332,0.0,0.0,0.0,1.0,-0.0,0,0
333,0.0,0.0,0.0,1.0,-0.0,0,0
334,0.0,0.0,0.0,1.0,-0.0,0,0
335,0.0,0.0,0.0,1.0,-0.0,0,0
336,0.0,0.0,0.0,1.0,-0.0,0,0
337,0.0,0.0,0.0,1.0,-0.0,0,0
338,0.0,0.025742574257425745,0.0669763743575753,1.0,-0.0,0,0
339,0.2,0.10693069306930691,0.12448501897427097,0.2273402954616615,0.6433235799123765,0,0
340,0.2,0.1178217821782178,0.12927523757583737,0.26249115888759367,0.5808853197284771,0,0
341,0.2,0.12673267326732673,0.13707776871189528,0.29649969333155696,0.5279757514885262,0,0
342,0.2,0.12673267326732673,0.13707776871189528,0.29649969333155696,0.5279757514885262,0,0
343,0.2,0.1287128712871287,0.13954426081146826,0.3047256810291634,0.5160909436792886,0,0
344,0.2,0.14653465346534653,0.15387043310940524,0.36411915772488007,0.43875647054333955,0,0
345,0.6,0.19801980198019797,0.18129359046727286,0.013301690724578222,1.8760931540940002,0,0
346,0.6,0.19009900990099005,0.17434741150934763,0.009360041429094832,2.0287222289982774,0,0
347,0.6,0.19009900990099005,0.17434741150934763,0.009360041429094832,2.0287222289982774,0,0
348,0.6,0.16237623762376235,0.16818865241652334,0.004634342577242939,2.3340118656890936,0,0
349,0.4,0.09108910891089109,0.12435895816322838,0.006495315309207846,2.18739976164634,0,0
350,0.0,0.05148514851485149,0.10011267057239238,1.0,-0.0,0,0
351,0.0,0.05148514851485149,0.10011267057239238,1.0,-0.0,0,0
352,0.0,0.05148514851485149,0.10011267057239238,1.0,-0.0,0,0
353,0.0,0.05148514851485149,0.10011267057239238,1.0,-0.0,0,0
354,0.0,0.021782178217821784,0.06836703565002801,1.0,-0.0,0,0
355,0.0,0.0,0.0,1.0,-0.0,0,0
356,0.0,0.0,0.0,1.0,-0.0,0,0
357,0.0,0.0,0.0,1.0,-0.0,0,0
358,0.0,0.0,0.0,1.0,-0.0,0,0
359,0.0,0.0,0.0,1.0,-0.0,0,0
360,0.2,0.02772277227722772,0.07461957893630407,0.010478998804251384,1.9796802091996195,0,0
361,0.6,0.06732673267326733,0.11000352009767247,6.416293528234783e-07,6.1927157764606875,0,0
362,0.6,0.09900990099009901,0.12145573247679728,1.854655289006053e-05,4.731736797636018,0,0
363,0.6,0.12178217821782177,0.13759170507754623,0.0002548277046015895,3.5937533577278993,0,0
364,0.6,0.12178217821782177,0.13759170507754623,0.0002548277046015895,3.5937533577278993,0,0
365,0.4,0.09306930693069305,0.12448501897427097,0.006839133419822932,2.1649989238400535,0,0
366,0.0,0.05346534653465347,0.10104832334394513,1.0,-0.0,0,0
367,0.0,0.021782178217821784,0.06836703565002801,1.0,-0.0,0,0
368,0.0,0.019801980198019802,0.0597350618970232,1.0,-0.0,0,0
369,0.0,0.019801980198019802,0.0597350618970232,1.0,-0.0,0,0
370,0.0,0.019801980198019802,0.0597350618970232,1.0,-0.0,0,0
371,0.4,0.10693069306930691,0.1306930693069307,0.012466983232904145,1.9042386246134682,0,0
372,0.6,0.15247524752475244,0.1466416521312762,0.0011372709449679512,2.94413605608056,0,0
373,0.6,0.13267326732673265,0.13578441772620808,0.00028905513549441335,3.5390193103328964,0,0
374,0.6,0.13267326732673265,0.13578441772620808,0.00028905513549441335,3.5390193103328964,0,0
375,0.6,0.22970297029702968,0.17662655937408128,0.018019068439394468,1.744267665193152,0,0
376,0.2,0.15445544554455445,0.16858452795083373,0.39351913338152744,0.4050341468627192,0,0
377,0.0,0.11683168316831682,0.1647496191679326,1.0,-0.0,0,0
378,0.0,0.11683168316831682,0.1647496191679326,1.0,-0.0,0,0
379,0.0,0.11683168316831682,0.1647496191679326,1.0,-0.0,0,0
380,0.0,0.04356435643564357,0.0916470215081674,1.0,-0.0,0,0
381,0.2,0.041584158415841586,0.08590499787518362,0.03258561123651815,1.4869741281544258,0,0
382,0.4,0.05544554455445545,0.09797478714338997,0.0002184188908596104,3.66070980259143,0,0
383,0.4,0.05544554455445545,0.09797478714338997,0.0002184188908596104,3.66070980259143,0,0
384,0.6,0.0712871287128713,0.11461224656227947,1.9839434068906868e-06,5.702470720501213,0,0
385,0.6,0.047524752475247525,0.09809478080396704,8.903718871338992e-09,8.050428560999679,0,0
386,0.4,0.03762376237623763,0.08771182015980238,1.802478650994888e-05,4.74412987046985,0,0
387,0.2,0.015841584158415842,0.05401260078014202,0.00032535620257014524,3.4876409094885674,0,0
388,0.2,0.025742574257425748,0.06697637435757531,0.004637140001348011,2.3337497919853583,0,0
389,0.0,0.009900990099009901,0.04338396495090425,1.0,-0.0,0,0
390,0.0,0.04554455445544555,0.08387254884969257,1.0,-0.0,0,0
391,0.0,0.04554455445544555,0.08387254884969257,1.0,-0.0,0,0
392,0.0,0.07920792079207921,0.10928827506175545,1.0,-0.0,0,0
393,0.0,0.08514851485148513,0.1172170185104851,1.0,-0.0,0,0
394,0.0,0.08910891089108909,0.11765109526742927,1.0,-0.0,0,0
395,0.0,0.05346534653465347,0.09704990696905226,1.0,-0.0,0,0
396,0.0,0.06336633663366337,0.10120342446875755,1.0,-0.0,0,0
397,0.0,0.0297029702970297,0.07648795214189293,1.0,-0.0,0,0
398,0.0,0.061386138613861385,0.11166631429601336,1.0,-0.0,0,0
399,0.0,0.0712871287128713,0.12454800153280307,1.0,-0.0,0,0
400,0.0,0.10297029702970295,0.15054715096038188,1.0,-0.0,0,0
401,0.0,0.10099009900990098,0.1557448087305797,1.0,-0.0,0,0
402,0.0,0.10099009900990098,0.1557448087305797,1.0,-0.0,0,0
403,0.0,0.06336633663366337,0.11233152161332939,1.0,-0.0,0,0
404,0.0,0.04950495049504951,0.09504950495049506,1.0,-0.0,0,0
405,0.0,0.017821782178217824,0.05698017651460656,1.0,-0.0,0,0
406,0.0,0.009900990099009901,0.04338396495090424,1.0,-0.0,0,0
407,0.0,0.009900990099009901,0.04338396495090424,1.0,-0.0,0,0
408,0.0,0.0,0.0,1.0,-0.0,0,0
409,0.0,0.007920792079207921,0.03900537743285587,1.0,-0.0,0,0
410,0.0,0.007920792079207921,0.03900537743285587,1.0,-0.0,0,0
411,0.0,0.007920792079207921,0.03900537743285587,1.0,-0.0,0,0
412,0.0,0.1485148514851485,0.16804870898437327,1.0,-0.0,0,0
413,0.0,0.18019801980198016,0.1813152180952015,1.0,-0.0,0,0
414,0.0,0.2316831683168317,0.21384305018572394,1.0,-0.0,0,0
415,0.0,0.2316831683168317,0.21384305018572394,1.0,-0.0,0,0
416,0.0,0.2316831683168317,0.21384305018572394,1.0,-0.0,0,0
417,0.0,0.11881188118811879,0.13838736799727644,1.0,-0.0,0,0
418,0.0,0.08712871287128712,0.11745095149573799,1.0,-0.0,0,0
419,0.0,0.027722772277227727,0.07461957893630405,1.0,-0.0,0,0
420,0.2,0.04554455445544555,0.09283729243351323,0.04808399917069303,1.3179994190099724,0,0
421,0.2,0.05346534653465347,0.10860442931328386,0.08862815178171936,1.0524283072157032,0,0
422,0.2,0.03564356435643565,0.08626938974571075,0.028380055950301408,1.5469867526811096,0,0
423,0.2,0.047524752475247525,0.09809478080396702,0.06004850186537825,1.2214978232271956,0,0
424,0.2,0.047524752475247525,0.09809478080396702,0.06004850186537825,1.2214978232271956,0,0
425,0.0,0.0297029702970297,0.07648795214189293,1.0,-0.0,0,0
426,0.0,0.03564356435643565,0.08154954567118415,1.0,-0.0,0,0
427,0.0,0.025742574257425738,0.0669763743575753,1.0,-0.0,0,0
428,0.0,0.013861386138613863,0.05079507064705211,1.0,-0.0,0,0
429,0.0,0.013861386138613863,0.05079507064705211,1.0,-0.0,0,0
430,0.0,0.013861386138613863,0.05079507064705211,1.0,-0.0,0,0
431,0.0,0.0,0.0,1.0,-0.0,0,0
432,0.0,0.0,0.0,1.0,-0.0,0,0
433,0.0,0.0,0.0,1.0,-0.0,0,0
434,0.0,0.0,0.0,1.0,-0.0,0,0
435,0.0,0.0,0.0,1.0,-0.0,0,0
436,0.0,0.0891089108910891,0.12734998170941406,1.0,-0.0,0,0
437,0.0,0.0891089108910891,0.12734998170941406,1.0,-0.0,0,0
438,0.0,0.0891089108910891,0.12734998170941406,1.0,-0.0,0,0
439,0.0,0.0891089108910891,0.12734998170941406,1.0,-0.0,0,0
440,0.0,0.11683168316831684,0.1442421691205886,1.0,-0.0,0,0
441,0.0,0.300990099009901,0.21913197321283037,1.0,-0.0,0,0
442,0.0,0.3841584158415843,0.25436104116168573,1.0,-0.0,0,0
443,0.2,0.47920792079207924,0.28986744382004337,1.0,-0.0,0,0
444,0.2,0.47920792079207924,0.28986744382004337,1.0,-0.0,0,0
445,0.2,0.45148514851485155,0.2723618230419244,1.0,-0.0,0,0
446,0.2,0.1782178217821782,0.18433931283543808,0.4529690554124824,0.34393146580756134,0,0
447,0.2,0.09504950495049505,0.13957235791450376,0.22604258799392601,0.6458097290460244,0,0
448,0.0,0.011881188118811883,0.047276579747775535,1.0,-0.0,0,0
449,0.0,0.12277227722772276,0.15407416763506465,1.0,-0.0,0,0
450,0.0,0.12277227722772276,0.15407416763506465,1.0,-0.0,0,0
451,0.0,0.12277227722772276,0.15407416763506465,1.0,-0.0,0,0
452,0.0,0.14653465346534653,0.1686077858012515,1.0,-0.0,0,0
453,0.0,0.16435643564356434,0.1896239939782038,1.0,-0.0,0,0
454,0.0,0.05148514851485149,0.10011267057239237,1.0,-0.0,0,0
455,0.0,0.06930693069306931,0.11409790329416186,1.0,-0.0,0,0
456,0.0,0.1089108910891089,0.14218869759220787,1.0,-0.0,0,0
457,0.0,0.10891089108910891,0.13650445892763632,1.0,-0.0,0,0
458,0.0,0.07920792079207921,0.11966689053257921,1.0,-0.0,0,0
459,0.0,0.07920792079207921,0.11966689053257921,1.0,-0.0,0,0
460,0.2,0.17623762376237617,0.15742262902456866,0.4400090061911394,0.35653843419770914,0,0
461,0.2,0.13663366336633662,0.1487391046195162,0.335045403516397,0.4748963357676366,0,0
462,0.2,0.39603960396039606,0.2532641528222927,1.0,-0.0,0,0
463,0.2,0.4118811881188118,0.2622398300373044,1.0,-0.0,0,0
464,0.2,0.46732673267326735,0.26592223641511753,1.0,-0.0,0,0
465,0.0,0.3544554455445545,0.22843624778486715,1.0,-0.0,0,0
466,0.0,0.36633663366336633,0.23219879999125884,1.0,-0.0,0,0
467,0.0,0.09702970297029702,0.127780323207142,1.0,-0.0,0,0
468,0.0,0.10099009900990098,0.1308729634998678,1.0,-0.0,0,0
469,0.0,0.04554455445544554,0.08846854615322249,1.0,-0.0,0,0
470,0.0,0.20990099009900987,0.18535753542711383,1.0,-0.0,0,0
471,0.2,0.42970297029702975,0.31639821833479836,1.0,-0.0,0,0
472,0.4,0.45346534653465354,0.31452127899039073,1.0,-0.0,0,0
473,0.4,0.4475247524752475,0.3173510594465842,1.0,-0.0,0,0
474,0.6,0.49306930693069306,0.3191130733962351,0.3687796696701603,0.43323302903227845,0,0
