,foreground,bg_means,bg_stdev,pvals,minus_logs,regs,active
2,0.2,0.10495049504950493,0.14513649268759363,0.256266922155892,0.5913074470824353,0,0
3,0.2,0.32574257425742575,0.23824999988427775,1.0,-0.0,0,0
4,0.2,0.32574257425742575,0.23824999988427775,1.0,-0.0,0,0
5,0.4,0.48514851485148514,0.29023245671950254,1.0,-0.0,0,0
6,0.6,0.6099009900990099,0.32380930413526454,1.0,-0.0,0,0
7,2.2,0.9702970297029703,0.3619377317638292,0.00033995590022272885,3.468577416875702,0,0
8,3.6,1.0613861386138614,0.45183241812124075,9.631931417398046e-09,8.016286618398503,0,0
9,6.6,1.8237623762376236,0.5912143091777564,3.3732881001096873e-16,15.471946565734994,0,0
10,6.6,1.710891089108911,0.5791596831906268,2.5633923016579382e-17,16.591184924284907,0,0
11,7.4,1.8198019801980199,0.6162839454198181,1.0068541335993204e-17,16.997033442615678,0,0
12,8.0,1.6950495049504946,0.5688926602931335,1.0000000000075981e-17,16.9999999999967,0,0
13,10.2,2.0772277227722777,0.6009697094751909,1e-17,17.0,0,0
14,7.8,1.4673267326732675,0.4523008091509803,1e-17,17.0,0,0
15,7.6,1.4435643564356433,0.44907293759921874,1e-17,17.0,0,0
16,6.8,1.2237623762376237,0.45753288359914807,1e-17,17.0,0,0
17,4.4,0.9128712871287128,0.4159358686135802,3.5619998182443144e-17,16.44830610703322,0,0
18,1.2,0.30099009900990104,0.251134080989904,0.00017192833248830516,3.7646525489707847,0,0
19,0.6,0.1603960396039604,0.18459439503241848,0.008622108044128551,2.064386539279065,0,0
20,0.6,0.14059405940594058,0.17244784995704746,0.0038605541366075213,2.4133503530489158,0,0
21,0.4,0.12871287128712872,0.16788529421169618,0.053057142324362164,1.2752561449715238,0,0
22,0.4,0.10297029702970298,0.1396285351588451,0.01669820082702791,1.7773303200492583,0,0
23,0.0,0.021782178217821784,0.06230547612891991,1.0,-0.0,0,0
24,0.0,1.0475247524752476,0.4702209422556909,1.0,-0.0,0,0
25,0.0,1.0910891089108912,0.4747274381942269,1.0,-0.0,0,0
26,0.0,1.0910891089108912,0.4747274381942269,1.0,-0.0,0,0
27,0.0,1.0910891089108912,0.4747274381942269,1.0,-0.0,0,0
28,0.0,1.0910891089108912,0.4747274381942269,1.0,-0.0,0,0
29,0.0,0.05544554455445544,0.1094316980566186,1.0,-0.0,0,0
30,0.0,0.0,0.0,1.0,-0.0,0,0
31,0.0,0.007920792079207921,0.03900537743285587,1.0,-0.0,0,0
32,0.0,0.007920792079207921,0.03900537743285587,1.0,-0.0,0,0
33,0.0,0.007920792079207921,0.03900537743285587,1.0,-0.0,0,0
34,0.0,0.04950495049504951,0.10304643034659555,1.0,-0.0,0,0
35,0.0,0.33861386138613864,0.24814970610408782,1.0,-0.0,0,0
36,0.0,0.5247524752475248,0.32070650368175285,1.0,-0.0,0,0
37,0.0,0.6039603960396039,0.3158896887542062,1.0,-0.0,0,0
38,0.0,0.6118811881188119,0.314433996824428,1.0,-0.0,0,0
39,0.2,0.6594059405940594,0.32766144620788995,1.0,-0.0,0,0
40,0.2,0.3722772277227724,0.24540078831814285,1.0,-0.0,0,0
41,0.2,0.3920792079207921,0.2882803806791595,1.0,-0.0,0,0
42,0.2,0.45940594059405937,0.27796225180778755,1.0,-0.0,0,0
43,0.2,0.47326732673267324,0.2782160600345898,1.0,-0.0,0,0
44,0.0,0.4198019801980198,0.25871724769234955,1.0,-0.0,0,0
45,0.0,0.4396039603960396,0.2625387130041957,1.0,-0.0,0,0
46,0.0,0.6039603960396039,0.31714093817914785,1.0,-0.0,0,0
47,0.0,0.45742574257425744,0.2630162192993953,1.0,-0.0,0,0
48,0.0,0.43564356435643564,0.24274998686292204,1.0,-0.0,0,0
49,0.0,0.39999999999999997,0.2421029974745018,1.0,-0.0,0,0
50,0.0,0.44752475247524753,0.28444633014656673,1.0,-0.0,0,0
51,0.0,0.27722772277227725,0.2501014400609417,1.0,-0.0,0,0
52,0.0,0.29306930693069305,0.25727337455701726,1.0,-0.0,0,0
53,0.0,0.596039603960396,0.3537411908651502,1.0,-0.0,0,0
54,0.2,0.8811881188118813,0.4433698300465099,1.0,-0.0,0,0
55,0.6,1.0396039603960394,0.4231141521231469,1.0,-0.0,0,0
56,0.6,0.8297029702970297,0.3597426347522685,1.0,-0.0,0,0
57,0.6,0.8138613861386137,0.35180713184061546,1.0,-0.0,0,0
58,0.6,0.6475247524752474,0.3271824087496694,1.0,-0.0,0,0
59,0.4,0.36237623762376237,0.22640167806663689,0.434007072990317,0.3625031927556116,0,0
60,0.0,0.44554455445544566,0.28267630176450403,1.0,-0.0,0,0
61,0.0,0.44554455445544566,0.28267630176450403,1.0,-0.0,0,0
62,0.0,0.44554455445544566,0.28267630176450403,1.0,-0.0,0,0
63,0.0,0.38019801980198026,0.23294065108257056,1.0,-0.0,0,0
64,0.0,0.4217821782178219,0.24680290785553646,1.0,-0.0,0,0
65,0.0,0.11089108910891092,0.1420507440353343,1.0,-0.0,0,0
66,0.0,0.13663366336633662,0.1565233492702535,1.0,-0.0,0,0
67,0.0,0.13663366336633662,0.1565233492702535,1.0,-0.0,0,0
68,0.0,0.06534653465346535,0.10939585993610405,1.0,-0.0,0,0
69,0.0,0.023762376237623766,0.06471340450838889,1.0,-0.0,0,0
70,0.0,0.04554455445544555,0.09283729243351323,1.0,-0.0,0,0
71,0.0,0.2158415841584158,0.20232934296150185,1.0,-0.0,0,0
72,0.0,0.4079207920792078,0.29372418136102507,1.0,-0.0,0,0
73,0.0,0.45742574257425744,0.3074476642747721,1.0,-0.0,0,0
74,0.0,0.5455445544554456,0.32197557021749446,1.0,-0.0,0,0
75,0.0,0.5227722772277228,0.31082171137349923,1.0,-0.0,0,0
76,0.0,0.3287128712871287,0.24948923414276183,1.0,-0.0,0,0
77,0.0,0.1386138613861386,0.14554118673277588,1.0,-0.0,0,0
78,0.0,0.12079207920792079,0.15435386352400063,1.0,-0.0,0,0
79,0.0,0.033663366336633666,0.07994704648786674,1.0,-0.0,0,0
80,0.0,0.051485148514851496,0.10399339410297731,1.0,-0.0,0,0
81,0.0,0.051485148514851496,0.10399339410297731,1.0,-0.0,0,0
82,0.0,0.07524752475247524,0.1253951698929708,1.0,-0.0,0,0
83,0.0,0.041584158415841586,0.09039772047931348,1.0,-0.0,0,0
84,0.0,0.06732673267326733,0.11698261772468857,1.0,-0.0,0,0
85,0.0,0.06930693069306931,0.11057238501634628,1.0,-0.0,0,0
86,0.0,0.06930693069306931,0.11057238501634628,1.0,-0.0,0,0
87,0.0,0.05544554455445544,0.09797478714338996,1.0,-0.0,0,0
88,0.0,0.12079207920792079,0.13520562388207177,1.0,-0.0,0,0
89,0.0,0.09306930693069305,0.11795067415315191,1.0,-0.0,0,0
90,0.0,0.12475247524752472,0.1345369326848557,1.0,-0.0,0,0
91,0.0,0.1603960396039604,0.14897618117864575,1.0,-0.0,0,0
92,0.0,0.24752475247524755,0.17382935720677029,1.0,-0.0,0,0
93,0.0,0.18415841584158413,0.1681186952617119,1.0,-0.0,0,0
94,0.0,0.398019801980198,0.28213478908465356,1.0,-0.0,0,0
95,0.0,0.39405940594059397,0.29444419269115857,1.0,-0.0,0,0
96,0.0,0.4198019801980198,0.283548868430396,1.0,-0.0,0,0
97,0.0,0.7841584158415842,0.36660947827066126,1.0,-0.0,0,0
98,0.0,0.8079207920792079,0.3679440251006849,1.0,-0.0,0,0
99,0.0,0.6435643564356436,0.29997222365939163,1.0,-0.0,0,0
100,0.0,0.598019801980198,0.3024586373880796,1.0,-0.0,0,0
101,0.0,0.5366336633663366,0.2841428912169967,1.0,-0.0,0,0
102,0.0,0.13267326732673268,0.16715967992400224,1.0,-0.0,0,0
103,0.0,0.17821782178217815,0.16863104044391106,1.0,-0.0,0,0
104,0.0,0.1287128712871287,0.1337476815110359,1.0,-0.0,0,0
105,0.0,0.1287128712871287,0.1337476815110359,1.0,-0.0,0,0
106,0.0,0.21584158415841578,0.19022273201620318,1.0,-0.0,0,0
107,0.0,0.15643564356435644,0.17711429524750807,1.0,-0.0,0,0
108,0.0,0.4693069306930694,0.29035402571515206,1.0,-0.0,0,0
109,0.0,0.5267326732673269,0.3001290445590082,1.0,-0.0,0,0
110,0.0,0.6613861386138613,0.3242570478419686,1.0,-0.0,0,0
111,0.0,0.598019801980198,0.3140221969892271,1.0,-0.0,0,0
112,0.0,0.8297029702970297,0.36520563974028114,1.0,-0.0,0,0
113,0.0,0.4495049504950495,0.28757220785042464,1.0,-0.0,0,0
114,0.2,0.5524752475247524,0.32353066465402225,1.0,-0.0,0,0
115,0.2,0.41584158415841593,0.2781596782202436,1.0,-0.0,0,0
116,0.2,0.3920792079207921,0.2727502641564118,1.0,-0.0,0,0
117,0.2,0.38811881188118813,0.2989377658709835,1.0,-0.0,0,0
118,0.2,0.43366336633663366,0.30710311349991404,1.0,-0.0,0,0
119,0.0,0.27524752475247527,0.24511300307419714,1.0,-0.0,0,0
120,0.0,0.27524752475247527,0.24511300307419714,1.0,-0.0,0,0
121,0.0,0.27524752475247527,0.24511300307419714,1.0,-0.0,0,0
122,0.0,0.07326732673267328,0.11509022642946842,1.0,-0.0,0,0
123,0.0,0.025742574257425745,0.0669763743575753,1.0,-0.0,0,0
124,0.0,0.025742574257425745,0.0669763743575753,1.0,-0.0,0,0
125,0.0,0.05544554455445545,0.10575073206193021,1.0,-0.0,0,0
126,0.0,0.45544554455445546,0.30716694835759484,1.0,-0.0,0,0
127,0.0,0.4297029702970297,0.30622083355328455,1.0,-0.0,0,0
128,0.0,0.4297029702970297,0.30622083355328455,1.0,-0.0,0,0
129,0.0,0.45346534653465354,0.30297676819595276,1.0,-0.0,0,0
130,0.0,0.46534653465346526,0.32592158552899486,1.0,-0.0,0,0
131,0.0,0.07722772277227723,0.1124710639300034,1.0,-0.0,0,0
132,0.0,0.26534653465346536,0.19520775607681637,1.0,-0.0,0,0
133,0.0,0.26534653465346536,0.19520775607681637,1.0,-0.0,0,0
134,0.0,0.4495049504950495,0.2834105451535025,1.0,-0.0,0,0
135,0.0,0.45148514851485144,0.26648198028954484,1.0,-0.0,0,0
136,0.0,0.5445544554455446,0.2857940986734762,1.0,-0.0,0,0
137,0.0,0.35643564356435653,0.23980843905585897,1.0,-0.0,0,0
138,0.0,0.3940594059405942,0.2601681794905923,1.0,-0.0,0,0
139,0.2,0.299009900990099,0.22093189197594218,1.0,-0.0,0,0
140,0.2,0.25544554455445545,0.1804698200406249,1.0,-0.0,0,0
141,0.2,0.16633663366336632,0.16184409300358457,0.4176149782033498,0.3792239332950453,0,0
142,0.8,0.6851485148514852,0.31759808295985437,0.3588160477606688,0.4451281417203329,0,0
143,1.0,0.7029702970297029,0.33254358622817537,0.18587361271594977,0.7307822598529414,0,0
144,1.6,0.706930693069307,0.35773141806916686,0.006271638260745961,2.202618999094747,0,0
145,1.6,0.7346534653465345,0.36814645266089857,0.009372851975509874,2.0281282416877935,0,0
146,1.6,0.7326732673267327,0.35630360590708854,0.007461649981538229,2.1271651271327396,0,0
147,1.0,0.21386138613861383,0.20345028972738727,5.576509397856588e-05,4.253637561564709,0,0
148,0.8,0.1584158415841584,0.17421241542909127,0.00011535690754189462,3.937956394922604,0,0
149,0.0,0.039603960396039604,0.09757374253271224,1.0,-0.0,0,0
150,0.0,0.07326732673267326,0.12177815335858849,1.0,-0.0,0,0
151,0.4,0.29306930693069305,0.22082537599129737,0.3141106472854308,0.5029173422422497,0,0
152,0.4,0.29504950495049503,0.22266444034646485,0.3186992378537929,0.49661897510890907,0,0
153,0.4,0.29504950495049503,0.22266444034646485,0.3186992378537929,0.49661897510890907,0,0
154,0.6,0.3287128712871287,0.23644924252315866,0.12562104046567046,0.9009376138404956,0,0
155,0.6,0.2653465346534653,0.20892731388689076,0.05460325989813496,1.2627814284764103,0,0
156,0.6,0.21188118811881188,0.19257871154715578,0.021932552437003313,1.6589108236439025,0,0
157,0.6,0.24158415841584158,0.19764320624996695,0.03488131184647979,1.4574071901106362,0,0
158,1.4,0.41782178217821786,0.27875111849137063,0.0002129474348917748,3.671727586954671,0,0
159,1.4,0.42376237623762375,0.29015138242487554,0.0003833008734423472,3.416460191101089,0,0
160,1.4,0.42376237623762375,0.29015138242487554,0.0003833008734423472,3.416460191101089,0,0
161,1.0,0.2455445544554455,0.2141179246085271,0.00021290250263616587,3.671819233466849,0,0
162,1.2,0.5603960396039604,0.2991999920318181,0.016269988243187334,1.7886127608874012,0,0
163,0.4,0.401980198019802,0.2944974568364371,1.0,-0.0,0,0
164,0.2,0.49504950495049505,0.3277212766559753,1.0,-0.0,0,0
165,0.2,0.49504950495049505,0.3277212766559753,1.0,-0.0,0,0
166,0.2,0.5168316831683168,0.3285338890037063,1.0,-0.0,0,0
167,0.0,0.1722772277227723,0.17355845414780538,1.0,-0.0,0,0
168,0.0,0.15445544554455445,0.15384494732320814,1.0,-0.0,0,0
169,0.0,0.05940594059405942,0.09138994660763824,1.0,-0.0,0,0
170,0.0,0.05940594059405942,0.09138994660763824,1.0,-0.0,0,0
171,0.0,0.06534653465346535,0.11295810453031019,1.0,-0.0,0,0
172,0.8,0.24356435643564361,0.21360453956691963,0.004593975497279112,2.3378113255155797,0,0
173,0.8,0.24356435643564361,0.21360453956691963,0.004593975497279112,2.3378113255155797,0,0
174,0.8,0.2198019801980198,0.20777930122098492,0.0026161225331879905,2.5823419185124763,0,0
175,0.8,0.2198019801980198,0.20777930122098492,0.0026161225331879905,2.5823419185124763,0,0
176,0.8,0.1920792079207921,0.18003474269593198,0.00036682377285358696,3.435542526642758,0,0
177,0.0,0.03564356435643565,0.08626938974571076,1.0,-0.0,0,0
178,0.0,0.03564356435643565,0.08626938974571076,1.0,-0.0,0,0
179,0.0,0.021782178217821784,0.06836703565002801,1.0,-0.0,0,0
180,0.0,0.021782178217821784,0.06836703565002801,1.0,-0.0,0,0
181,0.4,0.05544554455445544,0.11299281281336322,0.0011466916564030001,2.940553347508887,0,0
182,0.4,0.033663366336633666,0.07994704648786673,2.3000965330509277e-06,5.638253936638244,0,0
183,0.6,0.04356435643564357,0.09164702150816742,6.33572418030693e-10,9.19820373760197,0,0
184,0.6,0.04356435643564357,0.09164702150816742,6.33572418030693e-10,9.19820373760197,0,0
185,0.6,0.04356435643564357,0.09164702150816742,6.33572418030693e-10,9.19820373760197,0,0
186,0.2,0.009900990099009901,0.04338396495090424,5.885669548817485e-06,5.230204125035219,0,0
187,0.2,0.009900990099009901,0.04338396495090424,5.885669548817485e-06,5.230204125035219,0,0
188,0.0,0.0,0.0,1.0,-0.0,0,0
189,0.0,0.0,0.0,1.0,-0.0,0,0
190,0.0,0.0,0.0,1.0,-0.0,0,0
191,0.0,0.0,0.0,1.0,-0.0,0,0
192,0.0,0.1188118811881188,0.1669249379461988,1.0,-0.0,0,0
193,0.0,0.1188118811881188,0.1669249379461988,1.0,-0.0,0,0
194,0.0,0.1188118811881188,0.1669249379461988,1.0,-0.0,0,0
195,0.0,0.1188118811881188,0.1669249379461988,1.0,-0.0,0,0
196,0.0,0.1188118811881188,0.1669249379461988,1.0,-0.0,0,0
197,0.0,0.007920792079207921,0.03900537743285587,1.0,-0.0,0,0
198,0.0,0.007920792079207921,0.03900537743285587,1.0,-0.0,0,0
199,0.0,0.007920792079207921,0.03900537743285587,1.0,-0.0,0,0
200,0.0,0.007920792079207921,0.03900537743285587,1.0,-0.0,0,0
201,0.0,0.007920792079207921,0.03900537743285587,1.0,-0.0,0,0
202,0.0,0.0059405940594059415,0.03395332316729158,1.0,-0.0,0,0
203,0.0,0.03762376237623763,0.07816140339006158,1.0,-0.0,0,0
204,0.0,0.03960396039603961,0.08452453849668534,1.0,-0.0,0,0
205,0.4,0.10693069306930691,0.14229896414433016,0.01972163905374824,1.7050569939375249,0,0
206,1.0,0.18217821782178212,0.1951876678075502,1.3952304235160168e-05,4.855354062356268,0,0
207,1.0,0.1861386138613861,0.2014942708422178,2.6825008223602336e-05,4.571460136222605,0,0
208,1.0,0.15445544554455443,0.18643330369805652,2.8750898235703084e-06,5.5413485825320725,0,0
209,1.0,0.16237623762376235,0.19235460506266758,6.666075352721019e-06,5.176129781421667,0,0
210,0.6,0.09306930693069307,0.1450554183905936,0.0002372635974323094,3.6247688890351166,0,0
211,0.4,0.22970297029702966,0.22582940834697693,0.22539582120761126,0.6470541399460729,0,0
212,0.4,0.21980198019801975,0.21155707606157345,0.1971708156244653,0.705157367037947,0,0
213,0.4,0.21980198019801975,0.21155707606157345,0.1971708156244653,0.705157367037947,0,0
214,0.4,0.3920792079207921,0.29372418136102496,0.48924311953573874,0.310475273321823,0,0
215,0.4,0.3920792079207921,0.29372418136102496,0.48924311953573874,0.310475273321823,0,0
216,0.0,0.18217821782178217,0.18476425418501982,1.0,-0.0,0,0
217,0.0,0.18217821782178217,0.18476425418501982,1.0,-0.0,0,0
218,0.0,0.18217821782178217,0.18476425418501982,1.0,-0.0,0,0
219,0.0,0.015841584158415842,0.05401260078014202,1.0,-0.0,0,0
220,0.0,0.015841584158415842,0.05401260078014202,1.0,-0.0,0,0
221,0.0,0.033663366336633666,0.07482947971362845,1.0,-0.0,0,0
222,0.0,0.05346534653465347,0.09704990696905227,1.0,-0.0,0,0
223,0.4,0.34059405940594056,0.23130204753186281,0.39865394410124616,0.3994039348368126,0,0
224,0.4,0.3247524752475248,0.2352188534716693,0.37452043569221827,0.42652448005737215,0,0
225,1.2,0.6178217821782179,0.3331208681437766,0.040262447407361325,1.395099829467072,0,0
226,1.2,0.6237623762376239,0.3333444431700839,0.041935406925421886,1.3774191383957093,0,0
227,1.8,0.8079207920792082,0.40581983231523155,0.007250047030105837,2.139659176208427,0,0
228,1.6,0.6059405940594059,0.35538900237006166,0.0025781599781932066,2.5886901376067817,0,0
229,1.6,0.6435643564356436,0.3555544663360545,0.003572777726077863,2.4469940018050007,0,0
230,0.8,0.3485148514851486,0.25275271105915015,0.03702759558642743,1.4314744882597594,0,0
231,1.0,0.514851485148515,0.3225474525266906,0.06627585807549252,1.1786446407349813,0,0
232,0.6,0.5306930693069307,0.3075751777240249,0.410859996894959,0.38630614146753306,0,0
233,0.4,0.4455445544554455,0.28127177670597553,1.0,-0.0,0,0
234,0.4,0.4079207920792078,0.28132753481470163,1.0,-0.0,0,0
235,0.4,0.4079207920792078,0.28132753481470163,1.0,-0.0,0,0
236,0.2,0.22772277227722773,0.22165838129038765,1.0,-0.0,0,0
237,0.0,0.009900990099009901,0.04338396495090425,1.0,-0.0,0,0
238,0.0,0.009900990099009901,0.04338396495090425,1.0,-0.0,0,0
239,0.0,0.009900990099009901,0.04338396495090425,1.0,-0.0,0,0
240,0.0,0.021782178217821784,0.06836703565002801,1.0,-0.0,0,0
241,0.0,0.011881188118811883,0.04727657974777555,1.0,-0.0,0,0
242,0.0,0.011881188118811883,0.04727657974777555,1.0,-0.0,0,0
243,0.0,0.011881188118811883,0.04727657974777555,1.0,-0.0,0,0
244,0.0,0.011881188118811883,0.04727657974777555,1.0,-0.0,0,0
245,0.0,0.031683168316831684,0.0730260947112308,1.0,-0.0,0,0
246,0.0,0.041584158415841586,0.08590499787518362,1.0,-0.0,0,0
247,0.0,0.041584158415841586,0.08590499787518362,1.0,-0.0,0,0
248,0.0,0.041584158415841586,0.08590499787518362,1.0,-0.0,0,0
249,0.0,0.041584158415841586,0.08590499787518362,1.0,-0.0,0,0
250,0.0,0.009900990099009901,0.04338396495090424,1.0,-0.0,0,0
251,0.2,0.033663366336633666,0.07482947971362845,0.01311209067436901,1.882328056139666,0,0
252,0.2,0.08514851485148514,0.12694907267187808,0.1828107949282391,0.7379981628727221,0,0
253,0.2,0.09900990099009899,0.1308729634998678,0.2201564018743143,0.6572686812775224,0,0
254,0.2,0.09900990099009899,0.1308729634998678,0.2201564018743143,0.6572686812775224,0,0
255,0.2,0.09900990099009899,0.1308729634998678,0.2201564018743143,0.6572686812775224,0,0
256,0.0,0.07920792079207921,0.12293186689242577,1.0,-0.0,0,0
257,0.0,0.04554455445544554,0.10485704788018795,1.0,-0.0,0,0
258,0.0,0.031683168316831684,0.08316831683168317,1.0,-0.0,0,0
259,0.0,0.031683168316831684,0.08316831683168317,1.0,-0.0,0,0
260,0.0,0.031683168316831684,0.08316831683168317,1.0,-0.0,0,0
261,0.0,0.017821782178217824,0.056980176514606566,1.0,-0.0,0,0
262,0.0,0.0,0.0,1.0,-0.0,0,0
263,0.0,0.007920792079207921,0.03900537743285587,1.0,-0.0,0,0
264,0.0,0.007920792079207921,0.03900537743285587,1.0,-0.0,0,0
265,0.0,0.007920792079207921,0.03900537743285587,1.0,-0.0,0,0
266,0.0,0.007920792079207921,0.03900537743285587,1.0,-0.0,0,0
267,0.0,0.007920792079207921,0.03900537743285587,1.0,-0.0,0,0
268,0.0,0.007920792079207921,0.03900537743285587,1.0,-0.0,0,0
269,0.0,0.019801980198019802,0.06603299802191315,1.0,-0.0,0,0
270,0.0,0.019801980198019802,0.06603299802191315,1.0,-0.0,0,0
271,0.0,0.025742574257425745,0.07791016068477624,1.0,-0.0,0,0
272,0.0,0.05346534653465347,0.10860442931328386,1.0,-0.0,0,0
273,0.0,0.057425742574257435,0.10656335878870264,1.0,-0.0,0,0
274,0.0,0.05346534653465347,0.10104832334394513,1.0,-0.0,0,0
275,0.0,0.05544554455445544,0.1019369320889802,1.0,-0.0,0,0
276,0.0,0.04950495049504951,0.09912864166957489,1.0,-0.0,0,0
277,0.0,0.021782178217821784,0.07393328595086918,1.0,-0.0,0,0
278,0.0,0.009900990099009901,0.04338396495090424,1.0,-0.0,0,0
279,0.0,0.0019801980198019802,0.0198019801980198,1.0,-0.0,0,0
280,0.0,0.0,0.0,1.0,-0.0,0,0
281,0.0,0.0,0.0,1.0,-0.0,0,0
282,0.0,0.0,0.0,1.0,-0.0,0,0
283,0.0,0.0,0.0,1.0,-0.0,0,0
284,0.0,0.0,0.0,1.0,-0.0,0,0
285,0.0,0.0,0.0,1.0,-0.0,0,0
286,0.0,0.0,0.0,1.0,-0.0,0,0
287,0.0,0.0,0.0,1.0,-0.0,0,0
288,0.0,0.0,0.0,1.0,-0.0,0,0
289,0.0,0.019801980198019802,0.0597350618970232,1.0,-0.0,0,0
290,0.0,0.019801980198019802,0.0597350618970232,1.0,-0.0,0,0
291,0.0,0.019801980198019802,0.0597350618970232,1.0,-0.0,0,0
292,0.2,0.0297029702970297,0.07112192077650681,0.008322928729312118,2.079723824290396,0,0
293,0.2,0.03564356435643565,0.07653920035678292,0.015882722457572503,1.7990750531077893,0,0
294,0.4,0.039603960396039604,0.08452453849668534,1.0048801267895168e-05,4.9978857426005865,0,0
295,0.4,0.0594059405940594,0.0956253185556407,0.00018419128125608784,3.734730931098922,0,0
296,0.4,0.08316831683168316,0.10251230974688937,0.000998528461835446,3.0006395515825504,0,0
297,0.2,0.07326732673267328,0.10038647014365605,0.10339385835372795,0.9855052577827257,0,0
298,0.2,0.06930693069306931,0.09924724028627065,0.09394556775030256,1.0271237046213872,0,0
299,0.0,0.13465346534653466,0.17600384984783346,1.0,-0.0,0,0
300,0.0,0.13663366336633664,0.18653843724484256,1.0,-0.0,0,0
301,0.0,0.11287128712871286,0.16268986856589093,1.0,-0.0,0,0
302,0.0,0.16237623762376235,0.1881917524042253,1.0,-0.0,0,0
303,0.0,0.1782178217821782,0.18647536422960087,1.0,-0.0,0,0
304,0.0,0.09900990099009901,0.12467387119760154,1.0,-0.0,0,0
305,0.0,0.08316831683168317,0.10996786833199856,1.0,-0.0,0,0
306,0.0,0.08316831683168317,0.10996786833199856,1.0,-0.0,0,0
307,0.0,0.04356435643564357,0.08255312311158745,1.0,-0.0,0,0
308,0.0,0.025742574257425745,0.06697637435757531,1.0,-0.0,0,0
309,0.0,0.025742574257425745,0.0669763743575753,1.0,-0.0,0,0
310,0.2,0.04752475247524753,0.08965727859541997,0.044504787234598886,1.3515932708674616,0,0
311,1.0,0.08118811881188118,0.12325042629382525,4.499938205061663e-14,13.34679345008799,0,0
312,1.0,0.08910891089108909,0.13042276277287215,1.43302083718343e-12,11.843747494593591,0,0
313,1.0,0.10693069306930691,0.15041686348382532,1.4488141684966787e-09,8.838987315544745,0,0
314,1.0,0.1267326732673267,0.16343532896604634,4.566045257683933e-08,7.340459788188538,0,0
315,0.8,0.19603960396039602,0.19290421984883258,0.0008714101494433835,3.0597773860784994,0,0
316,0.0,0.16237623762376235,0.17511042352027043,1.0,-0.0,0,0
317,0.0,0.1564356435643564,0.1771142952475081,1.0,-0.0,0,0
318,0.8,0.19999999999999998,0.2068145962637134,0.001858984052134494,2.7307243359406868,0,0
319,0.8,0.16831683168316827,0.18181194346357277,0.0002560208778351652,3.591724617661213,0,0
320,0.8,0.10099009900990098,0.1396566153069739,2.790139738959032e-07,6.554374045350392,0,0
321,0.8,0.1584158415841584,0.1696048562801098,7.753166471331256e-05,4.110520891020252,0,0
322,0.8,0.14851485148514848,0.1558203213695525,1.4511335559924711e-05,4.838292615156117,0,0
323,0.0,0.08514851485148514,0.11378818137472194,1.0,-0.0,0,0
324,0.0,0.09504950495049506,0.12135883917659061,1.0,-0.0,0,0
325,0.0,0.06534653465346535,0.09793475658517416,1.0,-0.0,0,0
326,0.0,0.009900990099009901,0.04338396495090425,1.0,-0.0,0,0
327,0.0,0.013861386138613863,0.05079507064705211,1.0,-0.0,0,0
328,0.0,0.05148514851485149,0.10011267057239238,1.0,-0.0,0,0
329,0.0,0.041584158415841586,0.09467748980500532,1.0,-0.0,0,0
330,0.0,0.041584158415841586,0.09467748980500532,1.0,-0.0,0,0
331,0.0,0.1564356435643564,0.1793364234865362,1.0,-0.0,0,0
332,0.0,0.20990099009900987,0.20753382188631925,1.0,-0.0,0,0
333,0.0,0.3287128712871287,0.25730385537870554,1.0,-0.0,0,0
334,0.0,0.6217821782178218,0.3468682976577823,1.0,-0.0,0,0
335,0.4,0.7980198019801978,0.3685616135386568,1.0,-0.0,0,0
336,0.4,0.683168316831683,0.3034681730684188,1.0,-0.0,0,0
337,0.4,0.6732673267326733,0.32178065498497055,1.0,-0.0,0,0
338,0.4,0.5782178217821784,0.3182887288766425,1.0,-0.0,0,0
339,0.4,0.34059405940594056,0.2779622518077875,0.4153829200029008,0.3815513650493382,0,0
340,0.0,0.20198019801980197,0.165296132710568,1.0,-0.0,0,0
341,0.0,0.21188118811881188,0.17077988190051752,1.0,-0.0,0,0
342,0.0,0.16633663366336632,0.1517405470151922,1.0,-0.0,0,0
343,0.0,0.10297029702970295,0.127780323207142,1.0,-0.0,0,0
344,0.0,0.0594059405940594,0.10357779667819421,1.0,-0.0,0,0
345,0.0,0.0297029702970297,0.08150144802873932,1.0,-0.0,0,0
346,0.0,0.031683168316831684,0.07826167463512676,1.0,-0.0,0,0
347,0.0,0.02970297029702971,0.07648795214189293,1.0,-0.0,0,0
348,0.0,0.11485148514851483,0.14717547862227365,1.0,-0.0,0,0
349,0.0,0.10495049504950495,0.1423816080178024,1.0,-0.0,0,0
350,0.0,0.09702970297029703,0.14243667729389659,1.0,-0.0,0,0
351,0.2,0.5762376237623763,0.30479615484811334,1.0,-0.0,0,0
352,0.2,0.8673267326732674,0.37892733201595596,1.0,-0.0,0,0
353,0.2,0.7821782178217822,0.35275325558741044,1.0,-0.0,0,0
354,0.2,0.8940594059405941,0.38326936012617585,1.0,-0.0,0,0
355,0.2,0.902970297029703,0.3813616680921285,1.0,-0.0,0,0
356,0.0,0.41584158415841593,0.24805487785805308,1.0,-0.0,0,0
357,0.0,0.12277227722772276,0.14884451859775158,1.0,-0.0,0,0
358,0.0,0.12277227722772276,0.14884451859775158,1.0,-0.0,0,0
359,0.0,0.011881188118811883,0.04727657974777554,1.0,-0.0,0,0
360,0.0,0.13564356435643563,0.15643564356435644,1.0,-0.0,0,0
361,0.0,0.1485148514851485,0.16082329112274815,1.0,-0.0,0,0
362,0.0,0.1485148514851485,0.16082329112274815,1.0,-0.0,0,0
363,0.0,0.2099009900990099,0.20368143953463433,1.0,-0.0,0,0
364,0.0,0.33267326732673275,0.2598967467828993,1.0,-0.0,0,0
365,0.0,0.20198019801980197,0.19799999900980197,1.0,-0.0,0,0
366,0.0,0.1861386138613861,0.19752413211148517,1.0,-0.0,0,0
367,0.0,0.1861386138613861,0.19752413211148517,1.0,-0.0,0,0
368,0.0,0.12277227722772277,0.14615954128511632,1.0,-0.0,0,0
369,0.0,0.0,0.0,1.0,-0.0,0,0
370,0.0,0.09900990099009901,0.13965661530697393,1.0,-0.0,0,0
371,0.0,0.09900990099009901,0.13965661530697393,1.0,-0.0,0,0
372,0.0,0.09900990099009901,0.13965661530697393,1.0,-0.0,0,0
373,0.0,0.4158415841584158,0.2974254788993044,1.0,-0.0,0,0
374,0.0,0.4455445544554456,0.30033801171717717,1.0,-0.0,0,0
375,0.0,0.3465346534653466,0.26384977590417225,1.0,-0.0,0,0
376,0.0,0.3465346534653466,0.26384977590417225,1.0,-0.0,0,0
377,0.0,0.3465346534653466,0.26384977590417225,1.0,-0.0,0,0
378,0.0,0.04356435643564357,0.08721867542790196,1.0,-0.0,0,0
379,0.0,0.033663366336633666,0.07482947971362845,1.0,-0.0,0,0
380,0.0,0.09108910891089109,0.13650445892763632,1.0,-0.0,0,0
381,0.0,0.17623762376237626,0.1741448781459062,1.0,-0.0,0,0
382,0.0,0.17623762376237626,0.1741448781459062,1.0,-0.0,0,0
383,0.0,0.17425742574257425,0.17041211860554586,1.0,-0.0,0,0
384,0.0,0.37821782178217833,0.26832961863506516,1.0,-0.0,0,0
385,0.0,0.3366336633663367,0.2500387186956768,1.0,-0.0,0,0
386,0.0,0.2594059405940594,0.20785477499798227,1.0,-0.0,0,0
387,0.0,0.2594059405940594,0.20785477499798227,1.0,-0.0,0,0
388,0.0,0.33663366336633666,0.259368147802502,1.0,-0.0,0,0
389,0.0,0.12079207920792079,0.17137581404688165,1.0,-0.0,0,0
390,0.0,0.10891089108910891,0.16536728392960764,1.0,-0.0,0,0
391,0.0,0.10099009900990098,0.15057319492752774,1.0,-0.0,0,0
392,0.0,0.10099009900990098,0.15057319492752774,1.0,-0.0,0,0
393,0.0,0.025742574257425745,0.0669763743575753,1.0,-0.0,0,0
394,0.0,0.027722772277227727,0.07461957893630407,1.0,-0.0,0,0
395,0.0,0.03762376237623762,0.07816140339006158,1.0,-0.0,0,0
396,0.0,0.03762376237623762,0.07816140339006158,1.0,-0.0,0,0
397,0.0,0.03762376237623762,0.07816140339006158,1.0,-0.0,0,0
398,0.0,0.025742574257425745,0.0669763743575753,1.0,-0.0,0,0
399,0.0,0.013861386138613863,0.05079507064705211,1.0,-0.0,0,0
400,0.0,0.03564356435643565,0.07653920035678292,1.0,-0.0,0,0
401,0.0,0.1584158415841584,0.18307998940714806,1.0,-0.0,0,0
402,0.0,0.1584158415841584,0.18307998940714806,1.0,-0.0,0,0
403,0.0,0.1584158415841584,0.18307998940714806,1.0,-0.0,0,0
404,0.0,0.19009900990099005,0.19166025556535227,1.0,-0.0,0,0
405,0.0,0.15445544554455443,0.166218722942046,1.0,-0.0,0,0
406,0.0,0.031683168316831684,0.07826167463512675,1.0,-0.0,0,0
407,0.0,0.031683168316831684,0.07826167463512675,1.0,-0.0,0,0
408,0.0,0.031683168316831684,0.07826167463512675,1.0,-0.0,0,0
409,0.0,0.015841584158415842,0.054012600780142014,1.0,-0.0,0,0
410,0.0,0.03762376237623763,0.09211646217515253,1.0,-0.0,0,0
411,0.0,0.03762376237623763,0.09211646217515253,1.0,-0.0,0,0
412,0.0,0.03762376237623763,0.09211646217515253,1.0,-0.0,0,0
413,0.0,0.03762376237623763,0.09211646217515253,1.0,-0.0,0,0
414,0.0,0.021782178217821784,0.06230547612891991,1.0,-0.0,0,0
415,0.0,0.0,0.0,1.0,-0.0,0,0
416,0.0,0.0,0.0,1.0,-0.0,0,0
417,0.0,0.0,0.0,1.0,-0.0,0,0
418,0.0,0.0,0.0,1.0,-0.0,0,0
419,0.0,0.0,0.0,1.0,-0.0,0,0
420,0.0,0.0,0.0,1.0,-0.0,0,0
421,0.0,0.0,0.0,1.0,-0.0,0,0
422,0.0,0.0,0.0,1.0,-0.0,0,0
423,0.0,0.007920792079207921,0.03900537743285587,1.0,-0.0,0,0
424,0.0,0.007920792079207921,0.03900537743285587,1.0,-0.0,0,0
425,0.0,0.007920792079207921,0.03900537743285587,1.0,-0.0,0,0
426,0.0,0.03564356435643565,0.07653920035678292,1.0,-0.0,0,0
427,0.0,0.03564356435643565,0.07653920035678292,1.0,-0.0,0,0
428,0.0,0.12475247524752475,0.14583724862987696,1.0,-0.0,0,0
429,0.0,0.17623762376237626,0.18516704518908453,1.0,-0.0,0,0
430,0.0,0.47722772277227726,0.27714284414924206,1.0,-0.0,0,0
431,0.0,0.4495049504950495,0.2690738653697114,1.0,-0.0,0,0
432,0.0,0.4495049504950495,0.2690738653697114,1.0,-0.0,0,0
433,0.0,0.3722772277227724,0.27290835943543434,1.0,-0.0,0,0
434,0.0,0.3227722772277228,0.2501014400609417,1.0,-0.0,0,0
435,0.0,0.05346534653465347,0.10860442931328386,1.0,-0.0,0,0
436,0.0,0.08316831683168316,0.12353642740976017,1.0,-0.0,0,0
437,0.0,0.08712871287128714,0.127165103825761,1.0,-0.0,0,0
438,0.0,0.06732673267326733,0.1135467024699521,1.0,-0.0,0,0
439,0.0,0.06732673267326733,0.1135467024699521,1.0,-0.0,0,0
440,0.0,0.10495049504950496,0.15049504950495052,1.0,-0.0,0,0
441,0.0,0.07524752475247526,0.12539516989297084,1.0,-0.0,0,0
442,0.0,0.08118811881188118,0.12951766673875512,1.0,-0.0,0,0
443,0.0,0.10693069306930694,0.15302716108009237,1.0,-0.0,0,0
444,0.0,0.12475247524752477,0.16131019290626772,1.0,-0.0,0,0
445,0.0,0.0712871287128713,0.11801714396634724,1.0,-0.0,0,0
446,0.0,0.08514851485148514,0.130031327995105,1.0,-0.0,0,0
447,0.0,0.07524752475247526,0.12851469892742937,1.0,-0.0,0,0
448,0.0,0.07722772277227723,0.11593886073904514,1.0,-0.0,0,0
449,0.0,0.07326732673267328,0.11509022642946842,1.0,-0.0,0,0
450,0.0,0.10495049504950493,0.1395723579145037,1.0,-0.0,0,0
451,0.0,0.09108910891089109,0.13057300215314485,1.0,-0.0,0,0
452,0.0,0.10297029702970295,0.13962853515884507,1.0,-0.0,0,0
453,0.0,0.07524752475247526,0.12851469892742934,1.0,-0.0,0,0
454,0.0,0.1089108910891089,0.15292463030738873,1.0,-0.0,0,0
455,0.0,0.10297029702970298,0.13383560593042218,1.0,-0.0,0,0
456,0.0,0.10297029702970298,0.13383560593042218,1.0,-0.0,0,0
457,0.0,0.1425742574257426,0.15754712301715712,1.0,-0.0,0,0
458,0.0,0.1425742574257426,0.15754712301715712,1.0,-0.0,0,0
459,0.0,0.10297029702970298,0.13383560593042218,1.0,-0.0,0,0
460,0.0,0.17029702970297028,0.16503498246348225,1.0,-0.0,0,0
461,0.0,0.17029702970297028,0.16503498246348225,1.0,-0.0,0,0
462,0.0,0.13861386138613857,0.1427941099193659,1.0,-0.0,0,0
463,0.0,0.13861386138613857,0.1427941099193659,1.0,-0.0,0,0
464,0.0,0.1287128712871287,0.1337476815110359,1.0,-0.0,0,0
465,0.0,0.017821782178217824,0.05698017651460656,1.0,-0.0,0,0
466,0.0,0.017821782178217824,0.05698017651460656,1.0,-0.0,0,0
467,0.0,0.06534653465346535,0.10189845806153354,1.0,-0.0,0,0
468,0.0,0.06534653465346535,0.10189845806153354,1.0,-0.0,0,0
469,0.0,0.06534653465346535,0.10189845806153354,1.0,-0.0,0,0
470,0.0,0.09702970297029703,0.12464241569787102,1.0,-0.0,0,0
471,0.0,0.09702970297029703,0.12464241569787102,1.0,-0.0,0,0
472,0.0,0.22574257425742572,0.20808103207694084,1.0,-0.0,0,0
473,0.0,0.22574257425742572,0.20808103207694084,1.0,-0.0,0,0
474,0.0,0.22574257425742572,0.20808103207694084,1.0,-0.0,0,0
475,0.0,0.19603960396039602,0.20485241829915377,1.0,-0.0,0,0
476,0.0,0.24356435643564353,0.23980843905585897,1.0,-0.0,0,0
477,0.0,0.04950495049504951,0.10304643034659554,1.0,-0.0,0,0
478,0.0,0.04950495049504951,0.10304643034659554,1.0,-0.0,0,0
479,0.0,0.04950495049504951,0.10304643034659554,1.0,-0.0,0,0
480,0.0,0.2653465346534653,0.19110706323080853,1.0,-0.0,0,0
481,0.0,0.2594059405940594,0.18140170282136692,1.0,-0.0,0,0
482,0.0,0.2594059405940594,0.18140170282136692,1.0,-0.0,0,0
483,0.0,0.28316831683168314,0.19349280792564133,1.0,-0.0,0,0
484,0.0,0.28316831683168314,0.19349280792564133,1.0,-0.0,0,0
485,0.0,0.17623762376237626,0.19147603570112592,1.0,-0.0,0,0
486,0.0,0.13267326732673265,0.16235208707144264,1.0,-0.0,0,0
487,0.0,0.13267326732673265,0.16235208707144264,1.0,-0.0,0,0
488,0.0,0.12475247524752472,0.1588360762784592,1.0,-0.0,0,0
489,0.0,0.12475247524752472,0.1588360762784592,1.0,-0.0,0,0
490,0.0,0.04752475247524753,0.08965727859541997,1.0,-0.0,0,0
491,0.0,0.06336633663366337,0.10120342446875752,1.0,-0.0,0,0
492,0.0,0.09306930693069307,0.12448501897427099,1.0,-0.0,0,0
493,0.0,0.07722772277227724,0.11930590361498669,1.0,-0.0,0,0
494,0.0,0.07722772277227724,0.11930590361498669,1.0,-0.0,0,0
495,0.0,0.057425742574257435,0.11021718851545144,1.0,-0.0,0,0
496,0.0,0.06732673267326733,0.12673267326732676,1.0,-0.0,0,0
497,0.0,0.03762376237623763,0.10421938508467936,1.0,-0.0,0,0
498,0.0,0.03762376237623763,0.10421938508467936,1.0,-0.0,0,0
499,0.0,0.03762376237623763,0.10421938508467936,1.0,-0.0,0,0
500,0.0,0.04356435643564357,0.09991664009142864,1.0,-0.0,0,0
501,0.0,0.017821782178217824,0.0635517090529949,1.0,-0.0,0,0
502,0.0,0.017821782178217824,0.0635517090529949,1.0,-0.0,0,0
503,0.0,0.04356435643564357,0.09587103712404123,1.0,-0.0,0,0
504,0.0,0.04356435643564357,0.09587103712404123,1.0,-0.0,0,0
505,0.0,0.033663366336633666,0.07994704648786674,1.0,-0.0,0,0
506,0.0,0.11683168316831682,0.13864214704328154,1.0,-0.0,0,0
507,0.0,0.17029702970297028,0.1697666158364579,1.0,-0.0,0,0
508,0.0,0.14653465346534653,0.1564231101634178,1.0,-0.0,0,0
509,0.0,0.21188118811881188,0.18630706513012396,1.0,-0.0,0,0
510,0.0,0.20396039603960395,0.18875348902641545,1.0,-0.0,0,0
511,0.0,0.1188118811881188,0.14939672169394075,1.0,-0.0,0,0
512,0.0,0.07722772277227724,0.1257698574906964,1.0,-0.0,0,0
513,0.0,0.07524752475247526,0.1253951698929708,1.0,-0.0,0,0
514,0.0,0.009900990099009901,0.04338396495090425,1.0,-0.0,0,0
515,0.0,0.009900990099009901,0.04338396495090425,1.0,-0.0,0,0
516,0.0,0.015841584158415842,0.054012600780142014,1.0,-0.0,0,0
517,0.0,0.0059405940594059415,0.03395332316729157,1.0,-0.0,0,0
518,0.0,0.0059405940594059415,0.03395332316729157,1.0,-0.0,0,0
519,0.0,0.01386138613861386,0.05079507064705211,1.0,-0.0,0,0
520,0.0,0.01386138613861386,0.05079507064705211,1.0,-0.0,0,0
521,0.0,0.013861386138613863,0.05079507064705211,1.0,-0.0,0,0
522,0.0,0.0712871287128713,0.11110305060677653,1.0,-0.0,0,0
523,0.0,0.14455445544554454,0.16914183369554556,1.0,-0.0,0,0
524,0.0,0.14257425742574256,0.1696510890344863,1.0,-0.0,0,0
525,0.0,0.14257425742574256,0.1696510890344863,1.0,-0.0,0,0
526,0.0,0.15247524752475247,0.17382935720677029,1.0,-0.0,0,0
527,0.0,0.11485148514851484,0.14169143619800648,1.0,-0.0,0,0
528,0.0,0.04356435643564357,0.08255312311158745,1.0,-0.0,0,0
529,0.0,0.03762376237623763,0.07816140339006157,1.0,-0.0,0,0
530,0.0,0.03762376237623763,0.07816140339006157,1.0,-0.0,0,0
531,0.0,0.021782178217821784,0.06230547612891991,1.0,-0.0,0,0
532,0.0,0.0,0.0,1.0,-0.0,0,0
533,0.0,0.0,0.0,1.0,-0.0,0,0
534,0.0,0.023762376237623766,0.06471340450838889,1.0,-0.0,0,0
535,0.0,0.04752475247524753,0.08965727859541997,1.0,-0.0,0,0
536,0.0,0.04752475247524753,0.08965727859541997,1.0,-0.0,0,0
537,0.0,0.06930693069306931,0.11409790329416186,1.0,-0.0,0,0
538,0.0,0.08712871287128714,0.12401163019288061,1.0,-0.0,0,0
539,0.0,0.06336633663366337,0.10504385908811757,1.0,-0.0,0,0
540,0.0,0.039603960396039604,0.08452453849668534,1.0,-0.0,0,0
541,0.0,0.05742574257425742,0.09476028605152792,1.0,-0.0,0,0
542,0.0,0.03564356435643565,0.07653920035678292,1.0,-0.0,0,0
543,0.0,0.047524752475247525,0.09397077637785882,1.0,-0.0,0,0
544,0.0,0.0594059405940594,0.10357779667819421,1.0,-0.0,0,0
545,0.0,0.0594059405940594,0.10357779667819421,1.0,-0.0,0,0
546,0.0,0.04950495049504951,0.09912864166957489,1.0,-0.0,0,0
547,0.0,0.04950495049504951,0.09912864166957489,1.0,-0.0,0,0
548,0.0,0.05346534653465347,0.09287951999650357,1.0,-0.0,0,0
549,0.0,0.041584158415841586,0.08590499787518362,1.0,-0.0,0,0
550,0.0,0.041584158415841586,0.08590499787518362,1.0,-0.0,0,0
551,0.0,0.033663366336633666,0.07994704648786674,1.0,-0.0,0,0
552,0.0,0.033663366336633666,0.07994704648786674,1.0,-0.0,0,0
553,0.0,0.0,0.0,1.0,-0.0,0,0
554,0.0,0.0,0.0,1.0,-0.0,0,0
555,0.0,0.0,0.0,1.0,-0.0,0,0
556,0.2,0.02772277227722773,0.07461957893630405,0.010478998804251368,1.9796802091996202,0,0
557,0.2,0.02772277227722773,0.07461957893630405,0.010478998804251368,1.9796802091996202,0,0
558,0.4,0.03762376237623763,0.08307396817189318,6.4412529434457805e-06,5.19102964607219,0,0
559,0.4,0.03762376237623763,0.08307396817189318,6.4412529434457805e-06,5.19102964607219,0,0
560,0.4,0.04554455445544555,0.08846854615322249,3.080340316499904e-05,4.51140129992379,0,0
561,0.2,0.017821782178217824,0.05698017651460656,0.0006937928196726553,3.15877019915046,0,0
562,0.4,0.041584158415841586,0.08590499787518362,1.5081313231807476e-05,4.821560839865747,0,0
563,0.2,0.031683168316831684,0.07826167463512675,0.015750221703151112,1.8027133286186672,0,0
564,0.2,0.061386138613861385,0.1185475607690754,0.12114784922992501,0.9166842916037902,0,0
565,0.2,0.05346534653465347,0.10860442931328386,0.08862815178171936,1.0524283072157032,0,0
566,0.2,0.06336633663366337,0.11917436454123627,0.1257937221997103,0.9003410320390386,0,0
567,0.0,0.08910891089108909,0.12734998170941406,1.0,-0.0,0,0
568,0.0,0.09900990099009899,0.14791959918402456,1.0,-0.0,0,0
569,0.0,0.06930693069306931,0.11409790329416186,1.0,-0.0,0,0
570,0.0,0.09900990099009901,0.14791959918402456,1.0,-0.0,0,0
571,0.2,0.12277227722772276,0.17112394218192717,0.32588775119615376,0.48693196260294414,0,0
572,0.2,0.07326732673267328,0.13415750246300454,0.17241729479896295,0.7634191732036789,0,0
573,0.2,0.06336633663366337,0.12245247393061628,0.13225179138884718,0.8785984366082987,0,0
574,0.2,0.08118811881188118,0.12642288870900886,0.17366078882092117,0.7602982306092326,0,0
575,0.2,0.06534653465346535,0.10189845806153354,0.09317609402087902,1.03069549930456,0,0
576,0.2,0.09504950495049502,0.12457948087149172,0.19977140085777179,0.6994666849722295,0,0
577,0.2,0.09504950495049502,0.12457948087149172,0.19977140085777179,0.6994666849722295,0,0
578,0.2,0.09504950495049502,0.12457948087149172,0.19977140085777179,0.6994666849722295,0,0
579,0.2,0.07722772277227723,0.11930590361498669,0.15172703225002876,0.8189370368062708,0,0
580,0.2,0.06336633663366337,0.11580349716604711,0.11902494631501422,0.9243620057374958,0,0
581,0.0,0.0,0.0,1.0,-0.0,0,0
582,0.0,0.0,0.0,1.0,-0.0,0,0
583,0.0,0.0,0.0,1.0,-0.0,0,0
584,0.0,0.0,0.0,1.0,-0.0,0,0
585,0.0,0.0,0.0,1.0,-0.0,0,0
586,0.0,0.0,0.0,1.0,-0.0,0,0
587,0.4,0.1108910891089109,0.1527963700899836,0.02923756545581233,1.534058792901772,0,0
588,0.4,0.1108910891089109,0.1527963700899836,0.02923756545581233,1.534058792901772,0,0
589,0.4,0.1108910891089109,0.1527963700899836,0.02923756545581233,1.534058792901772,0,0
590,0.6,0.14455445544554454,0.16439221845954266,0.002798676888467422,2.553047238602693,0,0
591,0.8,0.1485148514851485,0.16567525277902487,4.206811449744294e-05,4.376046952725259,0,0
592,0.4,0.03564356435643565,0.07653920035678292,9.660966320372894e-07,6.014979431905753,0,0
593,0.4,0.05346534653465347,0.09287951999650358,9.535586614099483e-05,4.020652584691396,0,0
594,0.4,0.05346534653465347,0.09287951999650358,9.535586614099483e-05,4.020652584691396,0,0
595,0.2,0.021782178217821784,0.06230547612891991,0.002115616449879084,2.6745630648030154,0,0
596,0.0,0.017821782178217824,0.05698017651460656,1.0,-0.0,0,0
597,0.0,0.031683168316831684,0.07302609471123078,1.0,-0.0,0,0
598,0.0,0.05148514851485149,0.09186070102766893,1.0,-0.0,0,0
599,0.0,0.05148514851485149,0.09186070102766893,1.0,-0.0,0,0
600,0.0,0.05148514851485149,0.09186070102766893,1.0,-0.0,0,0
601,0.0,0.05148514851485149,0.09186070102766893,1.0,-0.0,0,0
602,0.0,0.04752475247524753,0.09397077637785879,1.0,-0.0,0,0
603,0.0,0.009900990099009901,0.04338396495090424,1.0,-0.0,0,0
604,0.0,0.009900990099009901,0.04338396495090424,1.0,-0.0,0,0
605,0.0,0.009900990099009901,0.04338396495090424,1.0,-0.0,0,0
606,0.0,0.009900990099009901,0.04338396495090424,1.0,-0.0,0,0
607,0.0,0.0,0.0,1.0,-0.0,0,0
608,0.0,0.0,0.0,1.0,-0.0,0,0
609,0.0,0.0,0.0,1.0,-0.0,0,0
610,0.0,0.0,0.0,1.0,-0.0,0,0
611,0.0,0.03762376237623763,0.08307396817189318,1.0,-0.0,0,0
612,0.2,0.1089108910891089,0.13650445892763632,0.2522910036310732,0.5980982355824722,0,0
613,0.2,0.16237623762376235,0.17511042352027043,0.41493926719196533,0.38201546438084427,0,0
614,0.2,0.22376237623762374,0.22032762052595836,1.0,-0.0,0,0
615,0.2,0.36633663366336633,0.27870891438022644,1.0,-0.0,0,0
616,0.2,0.5782178217821782,0.329296868799562,1.0,-0.0,0,0
617,0.0,0.5247524752475248,0.30682208234846037,1.0,-0.0,0,0
618,0.0,0.48514851485148514,0.29830748260974393,1.0,-0.0,0,0
619,0.0,0.4237623762376238,0.2775952302396048,1.0,-0.0,0,0
620,0.0,0.28118811881188116,0.23408252386209705,1.0,-0.0,0,0
621,0.0,0.03168316831683169,0.08316831683168319,1.0,-0.0,0,0
622,0.0,0.017821782178217824,0.0635517090529949,1.0,-0.0,0,0
623,0.0,0.0059405940594059415,0.033953323167291584,1.0,-0.0,0,0
624,0.0,0.021782178217821784,0.06836703565002801,1.0,-0.0,0,0
625,0.0,0.16435643564356434,0.1551646576171068,1.0,-0.0,0,0
626,0.0,0.16435643564356434,0.1551646576171068,1.0,-0.0,0,0
627,0.0,0.1584158415841584,0.15238521194115637,1.0,-0.0,0,0
628,0.0,0.19603960396039602,0.1801653762185231,1.0,-0.0,0,0
629,0.0,0.1801980198019802,0.17235687245139755,1.0,-0.0,0,0
630,0.0,0.04356435643564357,0.09164702150816742,1.0,-0.0,0,0
631,0.0,0.0712871287128713,0.11461224656227946,1.0,-0.0,0,0
632,0.0,0.10297029702970295,0.1396285351588451,1.0,-0.0,0,0
633,0.0,0.11089108910891088,0.14481192315867106,1.0,-0.0,0,0
634,0.0,0.15049504950495046,0.1744148703671667,1.0,-0.0,0,0
635,0.0,0.1584158415841584,0.18523056370168028,1.0,-0.0,0,0
636,0.0,0.17425742574257425,0.18166090995928266,1.0,-0.0,0,0
637,0.0,0.14059405940594058,0.17920518569106958,1.0,-0.0,0,0
638,0.0,0.13366336633663364,0.159378264616704,1.0,-0.0,0,0
639,0.0,0.09504950495049502,0.12771893462651168,1.0,-0.0,0,0
640,0.0,0.08118811881188118,0.11320083903331847,1.0,-0.0,0,0
641,0.0,0.03762376237623763,0.07816140339006158,1.0,-0.0,0,0
642,0.0,0.03762376237623763,0.07816140339006158,1.0,-0.0,0,0
643,0.0,0.0,0.0,1.0,-0.0,0,0
644,0.0,0.0,0.0,1.0,-0.0,0,0
645,0.0,0.0297029702970297,0.07112192077650681,1.0,-0.0,0,0
646,0.0,0.033663366336633666,0.07482947971362845,1.0,-0.0,0,0
647,0.0,0.05544554455445544,0.09797478714338996,1.0,-0.0,0,0
648,0.0,0.05544554455445544,0.09797478714338996,1.0,-0.0,0,0
649,0.0,0.09306930693069305,0.11795067415315191,1.0,-0.0,0,0
650,0.0,0.06336633663366337,0.10874875419996817,1.0,-0.0,0,0
651,0.0,0.10099009900990098,0.1396566153069739,1.0,-0.0,0,0
652,0.0,0.08118811881188118,0.12642288870900886,1.0,-0.0,0,0
653,0.0,0.08118811881188118,0.12642288870900886,1.0,-0.0,0,0
654,0.0,0.04356435643564357,0.08721867542790195,1.0,-0.0,0,0
655,0.0,0.09108910891089109,0.13057300215314482,1.0,-0.0,0,0
656,0.0,0.0613861386138614,0.10806149425459215,1.0,-0.0,0,0
657,0.0,0.08316831683168316,0.11351216354824961,1.0,-0.0,0,0
658,0.0,0.08316831683168316,0.11351216354824961,1.0,-0.0,0,0
659,0.0,0.08316831683168316,0.11351216354824961,1.0,-0.0,0,0
660,0.0,0.03564356435643565,0.07653920035678292,1.0,-0.0,0,0
661,0.0,0.023762376237623763,0.06471340450838887,1.0,-0.0,0,0
662,0.0,0.0,0.0,1.0,-0.0,0,0
663,0.0,0.009900990099009901,0.04338396495090424,1.0,-0.0,0,0
664,0.0,0.295049504950495,0.19819793967605753,1.0,-0.0,0,0
665,0.0,0.295049504950495,0.19819793967605753,1.0,-0.0,0,0
666,0.0,0.295049504950495,0.19819793967605753,1.0,-0.0,0,0
667,0.0,0.295049504950495,0.19819793967605753,1.0,-0.0,0,0
668,0.0,0.298019801980198,0.18773279832857553,1.0,-0.0,0,0
669,0.0,0.05742574257425742,0.10277971700879983,1.0,-0.0,0,0
670,0.0,0.05742574257425742,0.10277971700879983,1.0,-0.0,0,0
671,0.0,0.07524752475247526,0.11553229422427584,1.0,-0.0,0,0
672,0.0,0.1089108910891089,0.13650445892763632,1.0,-0.0,0,0
673,0.0,0.16237623762376235,0.17283397009132112,1.0,-0.0,0,0
674,0.0,0.11485148514851484,0.13886822488939993,1.0,-0.0,0,0
675,0.0,0.13663366336633664,0.16150454260676184,1.0,-0.0,0,0
676,0.0,0.3237623762376237,0.2317170153832382,1.0,-0.0,0,0
677,0.0,0.407920792079208,0.25473075217245145,1.0,-0.0,0,0
678,0.0,0.3435643564356436,0.24712839553165714,1.0,-0.0,0,0
679,0.0,0.3435643564356436,0.24712839553165714,1.0,-0.0,0,0
680,0.0,0.32277227722772284,0.2469140982299618,1.0,-0.0,0,0
681,0.0,0.1168316831683168,0.16474961916793257,1.0,-0.0,0,0
682,0.0,0.0,0.0,1.0,-0.0,0,0
683,0.0,0.0,0.0,1.0,-0.0,0,0
684,0.0,0.03762376237623763,0.07816140339006158,1.0,-0.0,0,0
685,0.0,0.03762376237623763,0.07816140339006158,1.0,-0.0,0,0
686,0.0,0.09900990099009901,0.1308729634998678,1.0,-0.0,0,0
687,0.0,0.09900990099009901,0.1308729634998678,1.0,-0.0,0,0
688,0.0,0.09900990099009901,0.1308729634998678,1.0,-0.0,0,0
689,0.0,0.0613861386138614,0.10433219700847124,1.0,-0.0,0,0
690,0.0,0.0613861386138614,0.10433219700847124,1.0,-0.0,0,0
691,0.0,0.013861386138613863,0.05079507064705211,1.0,-0.0,0,0
692,0.0,0.013861386138613863,0.05079507064705211,1.0,-0.0,0,0
693,0.0,0.013861386138613863,0.05079507064705211,1.0,-0.0,0,0
694,0.0,0.013861386138613863,0.05079507064705211,1.0,-0.0,0,0
695,0.0,0.013861386138613863,0.05079507064705211,1.0,-0.0,0,0
696,0.0,0.0,0.0,1.0,-0.0,0,0
697,0.0,0.0,0.0,1.0,-0.0,0,0
698,0.0,0.0,0.0,1.0,-0.0,0,0
699,0.0,0.09504950495049502,0.13078304733432372,1.0,-0.0,0,0
700,0.0,0.09504950495049502,0.13078304733432372,1.0,-0.0,0,0
701,0.0,0.11287128712871286,0.15264231556912292,1.0,-0.0,0,0
702,0.0,0.11287128712871286,0.15264231556912292,1.0,-0.0,0,0
703,0.0,0.1287128712871287,0.16550949460567813,1.0,-0.0,0,0
704,0.0,0.04356435643564356,0.09164702150816742,1.0,-0.0,0,0
705,0.0,0.04356435643564356,0.09164702150816742,1.0,-0.0,0,0
706,0.0,0.20198019801980194,0.1768705954325751,1.0,-0.0,0,0
707,0.0,0.20198019801980194,0.1768705954325751,1.0,-0.0,0,0
708,0.0,0.1861386138613861,0.1694660823392845,1.0,-0.0,0,0
709,0.0,0.2099009900990099,0.17660435755646178,1.0,-0.0,0,0
710,0.0,0.38613861386138615,0.24576802351049828,1.0,-0.0,0,0
711,0.0,0.2970297029702971,0.24147051376663706,1.0,-0.0,0,0
712,0.0,0.31287128712871287,0.23949756249886506,1.0,-0.0,0,0
713,0.0,0.31287128712871287,0.23949756249886506,1.0,-0.0,0,0
714,0.0,0.2792079207920792,0.23560195988492433,1.0,-0.0,0,0
715,0.0,0.10297029702970295,0.1396285351588451,1.0,-0.0,0,0
716,0.0,0.015841584158415842,0.054012600780142014,1.0,-0.0,0,0
717,0.0,0.0,0.0,1.0,-0.0,0,0
718,0.0,0.0,0.0,1.0,-0.0,0,0
719,0.0,0.0,0.0,1.0,-0.0,0,0
720,0.0,0.0,0.0,1.0,-0.0,0,0
721,0.0,0.0,0.0,1.0,-0.0,0,0
722,0.0,0.015841584158415842,0.054012600780142014,1.0,-0.0,0,0
723,0.0,0.1762376237623762,0.18939639130642924,1.0,-0.0,0,0
724,0.0,0.1841584158415841,0.19434208548729184,1.0,-0.0,0,0
725,0.0,0.2732673267326733,0.22110930458943143,1.0,-0.0,0,0
726,0.0,0.2732673267326733,0.22110930458943143,1.0,-0.0,0,0
727,0.0,0.29702970297029707,0.24147051376663706,1.0,-0.0,0,0
728,0.0,0.15247524752475247,0.1466416521312762,1.0,-0.0,0,0
729,0.0,0.14455445544554457,0.1465614104551551,1.0,-0.0,0,0
730,0.2,0.06336633663366337,0.10120342446875752,0.08849366552547523,1.0530878154692966,0,0
731,0.2,0.06930693069306931,0.10693069306930696,0.11081180122969687,0.9554139856724337,0,0
732,0.2,0.23366336633663365,0.22876215662023086,1.0,-0.0,0,0
733,0.2,0.22376237623762377,0.22913894563394208,1.0,-0.0,0,0
734,0.2,0.2653465346534653,0.25346534653465347,1.0,-0.0,0,0
735,0.0,0.2693069306930693,0.2460550426456882,1.0,-0.0,0,0
736,0.0,0.2633663366336633,0.2386939596879867,1.0,-0.0,0,0
737,0.0,0.05940594059405942,0.09562531855564071,1.0,-0.0,0,0
738,0.0,0.057425742574257435,0.09476028605152792,1.0,-0.0,0,0
739,0.0,0.015841584158415842,0.05401260078014202,1.0,-0.0,0,0
740,0.0,0.0019801980198019802,0.019801980198019802,1.0,-0.0,0,0
741,0.0,0.0019801980198019802,0.019801980198019802,1.0,-0.0,0,0
742,0.0,0.0019801980198019802,0.019801980198019802,1.0,-0.0,0,0
743,0.0,0.0,0.0,1.0,-0.0,0,0
744,0.0,0.0,0.0,1.0,-0.0,0,0
745,0.0,0.04356435643564357,0.0916470215081674,1.0,-0.0,0,0
746,0.0,0.08712871287128714,0.12401163019288061,1.0,-0.0,0,0
747,0.0,0.08712871287128714,0.12401163019288061,1.0,-0.0,0,0
748,0.0,0.08712871287128714,0.12401163019288061,1.0,-0.0,0,0
749,0.0,0.08712871287128714,0.12401163019288061,1.0,-0.0,0,0
750,0.0,0.04356435643564357,0.08255312311158745,1.0,-0.0,0,0
751,0.0,0.06534653465346535,0.10571364605971598,1.0,-0.0,0,0
752,0.0,0.06534653465346535,0.10571364605971598,1.0,-0.0,0,0
753,0.0,0.06534653465346535,0.10571364605971598,1.0,-0.0,0,0
754,0.0,0.06534653465346535,0.10571364605971598,1.0,-0.0,0,0
755,0.0,0.06534653465346535,0.10571364605971598,1.0,-0.0,0,0
756,0.0,0.0,0.0,1.0,-0.0,0,0
757,0.0,0.07326732673267328,0.12177815335858849,1.0,-0.0,0,0
758,0.0,0.08712871287128714,0.13024224675172552,1.0,-0.0,0,0
759,0.0,0.08712871287128714,0.13024224675172552,1.0,-0.0,0,0
760,0.0,0.08712871287128714,0.13024224675172552,1.0,-0.0,0,0
761,0.0,0.11485148514851484,0.16006566636008887,1.0,-0.0,0,0
762,0.0,0.25742574257425743,0.18312282014569334,1.0,-0.0,0,0
763,0.0,0.29504950495049503,0.20215484586740853,1.0,-0.0,0,0
764,0.0,0.29504950495049503,0.20215484586740853,1.0,-0.0,0,0
765,0.0,0.29504950495049503,0.20215484586740853,1.0,-0.0,0,0
766,0.0,0.2673267326732673,0.1975638314651393,1.0,-0.0,0,0
767,0.0,0.051485148514851496,0.10011267057239238,1.0,-0.0,0,0
768,0.0,0.0,0.0,1.0,-0.0,0,0
769,0.0,0.0,0.0,1.0,-0.0,0,0
770,0.0,0.0,0.0,1.0,-0.0,0,0
771,0.0,0.0,0.0,1.0,-0.0,0,0
772,0.4,0.100990099009901,0.1367914141716479,0.014412116792872342,1.8412722271007833,0,0
773,0.4,0.1861386138613861,0.18510350488002839,0.12397129552959714,0.9066788602910681,0,0
774,0.4,0.5504950495049505,0.32749386280282017,1.0,-0.0,0,0
775,1.2,0.908910891089109,0.4112523760564519,0.239531201410062,0.620637907228013,0,0
776,1.2,0.9762376237623763,0.4416773865979299,0.3062109121162622,0.513979336866246,0,0
777,0.8,1.0435643564356436,0.4446415491656035,1.0,-0.0,0,0
778,0.8,1.0891089108910892,0.44719167487668177,1.0,-0.0,0,0
