,foreground,bg_means,bg_stdev,pvals,minus_logs,regs,active
2,0.0,0.07524752475247526,0.1189108498693262,1.0,-0.0,0,0
3,0.0,0.07524752475247526,0.1189108498693262,1.0,-0.0,0,0
4,0.0,0.07524752475247526,0.1189108498693262,1.0,-0.0,0,0
5,0.0,0.08316831683168316,0.12670172889541698,1.0,-0.0,0,0
6,0.0,0.0891089108910891,0.13342479626077636,1.0,-0.0,0,0
7,0.0,0.04752475247524753,0.08965727859541997,1.0,-0.0,0,0
8,0.0,0.07920792079207921,0.12293186689242579,1.0,-0.0,0,0
9,0.0,0.07920792079207921,0.12293186689242579,1.0,-0.0,0,0
10,0.0,0.07128712871287128,0.11461224656227945,1.0,-0.0,0,0
11,0.0,0.0891089108910891,0.13042276277287218,1.0,-0.0,0,0
12,0.0,0.0712871287128713,0.11461224656227947,1.0,-0.0,0,0
13,0.0,0.039603960396039604,0.08908690597387718,1.0,-0.0,0,0
14,0.0,0.04356435643564356,0.09991664009142864,1.0,-0.0,0,0
15,0.0,0.04356435643564356,0.09991664009142864,1.0,-0.0,0,0
16,0.2,0.03762376237623762,0.09631989312487374,0.04591700207565371,1.3380264748022233,0,0
17,0.2,0.06534653465346535,0.10571364605971598,0.10137482685028305,0.9940698745616096,0,0
18,0.2,0.09306930693069305,0.13368903310588712,0.2118998952955819,0.6738692578836474,0,0
19,0.2,0.08910891089108909,0.12734998170941406,0.19194299301932338,0.716827737407409,0,0
20,0.2,0.09702970297029702,0.13084299831035082,0.21564796322227764,0.6662546393752193,0,0
21,0.0,0.08712871287128712,0.12716510382576102,1.0,-0.0,0,0
22,0.0,0.05742574257425744,0.11021718851545144,1.0,-0.0,0,0
23,0.0,0.0297029702970297,0.07648795214189293,1.0,-0.0,0,0
24,0.0,0.10297029702970295,0.13383560593042218,1.0,-0.0,0,0
25,0.0,0.09504950495049505,0.13078304733432375,1.0,-0.0,0,0
26,0.0,0.08712871287128712,0.12077584698595571,1.0,-0.0,0,0
27,0.0,0.07326732673267328,0.11509022642946844,1.0,-0.0,0,0
28,0.0,0.07326732673267328,0.11509022642946844,1.0,-0.0,0,0
29,0.0,0.0,0.0,1.0,-0.0,0,0
30,0.0,0.0,0.0,1.0,-0.0,0,0
31,0.0,0.0,0.0,1.0,-0.0,0,0
32,0.0,0.0059405940594059415,0.03395332316729158,1.0,-0.0,0,0
33,0.0,0.0059405940594059415,0.03395332316729158,1.0,-0.0,0,0
34,0.0,0.0059405940594059415,0.03395332316729158,1.0,-0.0,0,0
35,0.0,0.0059405940594059415,0.03395332316729158,1.0,-0.0,0,0
36,0.0,0.027722772277227727,0.06910862719451545,1.0,-0.0,0,0
37,0.2,0.04950495049504951,0.09078727434730813,0.0486923704021295,1.312539082970909,0,0
38,0.2,0.04950495049504951,0.09078727434730813,0.0486923704021295,1.312539082970909,0,0
39,0.2,0.04950495049504951,0.09078727434730813,0.0486923704021295,1.312539082970909,0,0
40,0.2,0.06534653465346535,0.10939585993610405,0.10918337986089162,0.9618434658808062,0,0
41,0.2,0.04356435643564357,0.08721867542790195,0.036438310127516485,1.438441772185106,0,0
42,0.0,0.015841584158415842,0.06090517425437506,1.0,-0.0,0,0
43,0.0,0.015841584158415842,0.06090517425437506,1.0,-0.0,0,0
44,0.0,0.015841584158415842,0.06090517425437506,1.0,-0.0,0,0
45,0.0,0.0,0.0,1.0,-0.0,0,0
46,0.0,0.023762376237623766,0.06471340450838889,1.0,-0.0,0,0
47,0.0,0.023762376237623766,0.06471340450838889,1.0,-0.0,0,0
48,0.0,0.023762376237623766,0.06471340450838889,1.0,-0.0,0,0
49,0.0,0.023762376237623766,0.06471340450838889,1.0,-0.0,0,0
50,0.0,0.023762376237623766,0.06471340450838889,1.0,-0.0,0,0
51,0.0,0.0,0.0,1.0,-0.0,0,0
52,0.0,0.0,0.0,1.0,-0.0,0,0
53,0.0,0.0,0.0,1.0,-0.0,0,0
54,0.0,0.0,0.0,1.0,-0.0,0,0
55,0.0,0.0,0.0,1.0,-0.0,0,0
56,0.0,0.007920792079207921,0.03900537743285587,1.0,-0.0,0,0
57,0.0,0.007920792079207921,0.03900537743285587,1.0,-0.0,0,0
58,0.0,0.03564356435643565,0.08154954567118416,1.0,-0.0,0,0
59,0.0,0.03564356435643565,0.08154954567118416,1.0,-0.0,0,0
60,0.0,0.03564356435643565,0.08154954567118416,1.0,-0.0,0,0
61,0.0,0.027722772277227727,0.07461957893630407,1.0,-0.0,0,0
62,0.0,0.027722772277227727,0.07461957893630407,1.0,-0.0,0,0
63,0.0,0.0,0.0,1.0,-0.0,0,0
64,0.0,0.0,0.0,1.0,-0.0,0,0
65,0.0,0.0,0.0,1.0,-0.0,0,0
66,0.0,0.0,0.0,1.0,-0.0,0,0
67,0.0,0.033663366336633666,0.07994704648786674,1.0,-0.0,0,0
68,0.0,0.033663366336633666,0.07994704648786674,1.0,-0.0,0,0
69,0.0,0.033663366336633666,0.07994704648786674,1.0,-0.0,0,0
70,0.0,0.05148514851485149,0.09186070102766891,1.0,-0.0,0,0
71,0.0,0.05148514851485149,0.09186070102766891,1.0,-0.0,0,0
72,0.0,0.017821782178217824,0.056980176514606566,1.0,-0.0,0,0
73,0.0,0.017821782178217824,0.056980176514606566,1.0,-0.0,0,0
74,0.0,0.12475247524752475,0.16374693140141006,1.0,-0.0,0,0
75,0.0,0.10693069306930694,0.16060370373062668,1.0,-0.0,0,0
76,0.0,0.10693069306930694,0.16060370373062668,1.0,-0.0,0,0
77,0.0,0.14059405940594058,0.16541470107292755,1.0,-0.0,0,0
78,0.0,0.1603960396039604,0.17580322478754876,1.0,-0.0,0,0
79,0.0,0.06336633663366337,0.1256450857759628,1.0,-0.0,0,0
80,0.0,0.06336633663366337,0.1256450857759628,1.0,-0.0,0,0
81,0.0,0.06336633663366337,0.1256450857759628,1.0,-0.0,0,0
82,0.0,0.05940594059405942,0.0996808946427978,1.0,-0.0,0,0
83,0.0,0.051485148514851496,0.096075322540263,1.0,-0.0,0,0
84,0.0,0.039603960396039604,0.07970143286137865,1.0,-0.0,0,0
85,0.0,0.04356435643564357,0.08255312311158745,1.0,-0.0,0,0
86,0.0,0.04356435643564357,0.08255312311158745,1.0,-0.0,0,0
87,0.0,0.02772277227722772,0.07461957893630407,1.0,-0.0,0,0
88,0.0,0.04158415841584158,0.08590499787518362,1.0,-0.0,0,0
89,0.0,0.04158415841584158,0.08590499787518362,1.0,-0.0,0,0
90,0.0,0.03762376237623762,0.08307396817189318,1.0,-0.0,0,0
91,0.0,0.03762376237623762,0.08307396817189318,1.0,-0.0,0,0
92,0.0,0.025742574257425745,0.07264925278354116,1.0,-0.0,0,0
93,0.0,0.017821782178217824,0.05698017651460656,1.0,-0.0,0,0
94,0.0,0.017821782178217824,0.05698017651460656,1.0,-0.0,0,0
95,0.0,0.05148514851485149,0.10399339410297728,1.0,-0.0,0,0
96,0.0,0.05148514851485149,0.10399339410297728,1.0,-0.0,0,0
97,0.0,0.05148514851485149,0.10399339410297728,1.0,-0.0,0,0
98,0.0,0.033663366336633666,0.08475617647141663,1.0,-0.0,0,0
99,0.4,0.08316831683168317,0.12978985828256584,0.007321040435860059,2.135427194427488,0,0
100,0.4,0.04950495049504951,0.09078727434730813,5.655013932087107e-05,4.247566320779003,0,0
101,0.4,0.06534653465346535,0.10189845806153354,0.0005113874169786654,3.291249962277541,0,0
102,0.4,0.06534653465346535,0.10189845806153354,0.0005113874169786654,3.291249962277541,0,0
103,0.4,0.06534653465346535,0.10189845806153354,0.0005113874169786654,3.291249962277541,0,0
104,0.0,0.015841584158415842,0.054012600780142014,1.0,-0.0,0,0
105,0.0,0.015841584158415842,0.054012600780142014,1.0,-0.0,0,0
106,0.0,0.0,0.0,1.0,-0.0,0,0
107,0.0,0.0,0.0,1.0,-0.0,0,0
108,0.0,0.0,0.0,1.0,-0.0,0,0
109,0.0,0.0,0.0,1.0,-0.0,0,0
110,0.0,0.0039603960396039604,0.02786385599895107,1.0,-0.0,0,0
111,0.0,0.0039603960396039604,0.02786385599895107,1.0,-0.0,0,0
112,0.0,0.0039603960396039604,0.02786385599895107,1.0,-0.0,0,0
113,0.0,0.0297029702970297,0.07112192077650681,1.0,-0.0,0,0
114,0.0,0.0297029702970297,0.07112192077650681,1.0,-0.0,0,0
115,0.0,0.025742574257425745,0.06697637435757531,1.0,-0.0,0,0
116,0.0,0.057425742574257435,0.09885135821266286,1.0,-0.0,0,0
117,0.0,0.061386138613861385,0.10046456153636296,1.0,-0.0,0,0
118,0.0,0.03564356435643565,0.07653920035678292,1.0,-0.0,0,0
119,0.0,0.03564356435643565,0.07653920035678292,1.0,-0.0,0,0
120,0.0,0.05346534653465347,0.10104832334394513,1.0,-0.0,0,0
121,0.0,0.021782178217821784,0.06836703565002801,1.0,-0.0,0,0
122,0.0,0.017821782178217824,0.056980176514606566,1.0,-0.0,0,0
123,0.0,0.017821782178217824,0.056980176514606566,1.0,-0.0,0,0
124,0.0,0.017821782178217824,0.056980176514606566,1.0,-0.0,0,0
125,0.0,0.0059405940594059415,0.03395332316729158,1.0,-0.0,0,0
126,0.0,0.0059405940594059415,0.03395332316729158,1.0,-0.0,0,0
127,0.0,0.011881188118811883,0.047276579747775535,1.0,-0.0,0,0
128,0.0,0.011881188118811883,0.047276579747775535,1.0,-0.0,0,0
129,0.0,0.13663366336633662,0.15397233406965347,1.0,-0.0,0,0
130,0.0,0.1287128712871287,0.15307840071356582,1.0,-0.0,0,0
131,0.0,0.1287128712871287,0.15307840071356582,1.0,-0.0,0,0
132,0.0,0.12277227722772276,0.15148191286261606,1.0,-0.0,0,0
133,0.0,0.12277227722772276,0.15148191286261606,1.0,-0.0,0,0
134,0.0,0.015841584158415842,0.05401260078014202,1.0,-0.0,0,0
135,0.0,0.015841584158415842,0.05401260078014202,1.0,-0.0,0,0
136,0.0,0.015841584158415842,0.05401260078014202,1.0,-0.0,0,0
137,0.0,0.015841584158415842,0.05401260078014202,1.0,-0.0,0,0
138,0.0,0.015841584158415842,0.05401260078014202,1.0,-0.0,0,0
139,0.0,0.009900990099009901,0.04338396495090424,1.0,-0.0,0,0
140,0.0,0.009900990099009901,0.04338396495090424,1.0,-0.0,0,0
141,0.0,0.009900990099009901,0.04338396495090424,1.0,-0.0,0,0
142,0.0,0.009900990099009901,0.04338396495090424,1.0,-0.0,0,0
143,0.0,0.009900990099009901,0.04338396495090424,1.0,-0.0,0,0
144,0.0,0.0,0.0,1.0,-0.0,0,0
145,0.0,0.0,0.0,1.0,-0.0,0,0
146,0.0,0.0,0.0,1.0,-0.0,0,0
147,0.0,0.025742574257425748,0.0669763743575753,1.0,-0.0,0,0
148,0.0,0.025742574257425748,0.0669763743575753,1.0,-0.0,0,0
149,0.0,0.05148514851485149,0.09186070102766893,1.0,-0.0,0,0
150,0.0,0.08118811881188118,0.11999411807954947,1.0,-0.0,0,0
151,0.0,0.08118811881188118,0.11999411807954947,1.0,-0.0,0,0
152,0.0,0.05544554455445545,0.09797478714338996,1.0,-0.0,0,0
153,0.0,0.05544554455445545,0.09797478714338996,1.0,-0.0,0,0
154,0.0,0.09306930693069305,0.12448501897427097,1.0,-0.0,0,0
155,0.0,0.06336633663366338,0.10120342446875752,1.0,-0.0,0,0
156,0.0,0.06336633663366338,0.10120342446875752,1.0,-0.0,0,0
157,0.0,0.08514851485148514,0.12379009590564582,1.0,-0.0,0,0
158,0.0,0.09702970297029702,0.13084299831035082,1.0,-0.0,0,0
159,0.0,0.033663366336633666,0.07482947971362847,1.0,-0.0,0,0
160,0.0,0.033663366336633666,0.07482947971362847,1.0,-0.0,0,0
161,0.0,0.15643564356435644,0.1505211024869694,1.0,-0.0,0,0
162,0.0,0.15247524752475247,0.15707352091130253,1.0,-0.0,0,0
163,0.0,0.14059405940594058,0.15554326246855826,1.0,-0.0,0,0
164,0.0,0.14059405940594058,0.15554326246855826,1.0,-0.0,0,0
165,0.0,0.14059405940594058,0.15554326246855826,1.0,-0.0,0,0
166,0.0,0.027722772277227727,0.06910862719451544,1.0,-0.0,0,0
167,0.0,0.009900990099009901,0.04338396495090424,1.0,-0.0,0,0
168,0.0,0.19603960396039605,0.17571398456617043,1.0,-0.0,0,0
169,0.0,0.19603960396039605,0.17571398456617043,1.0,-0.0,0,0
170,0.0,0.21386138613861383,0.1829514370289283,1.0,-0.0,0,0
171,0.0,0.23366336633663365,0.18894036343566833,1.0,-0.0,0,0
172,0.0,0.2594059405940594,0.19809899406573941,1.0,-0.0,0,0
173,0.0,0.07326732673267326,0.11848138852793338,1.0,-0.0,0,0
174,0.0,0.07326732673267326,0.11848138852793338,1.0,-0.0,0,0
175,0.0,0.05544554455445545,0.10575073206193022,1.0,-0.0,0,0
176,0.0,0.025742574257425748,0.06697637435757531,1.0,-0.0,0,0
177,0.0,0.0,0.0,1.0,-0.0,0,0
178,0.0,0.017821782178217824,0.056980176514606566,1.0,-0.0,0,0
179,0.0,0.017821782178217824,0.056980176514606566,1.0,-0.0,0,0
180,0.0,0.017821782178217824,0.056980176514606566,1.0,-0.0,0,0
181,0.0,0.025742574257425748,0.07264925278354116,1.0,-0.0,0,0
182,0.0,0.025742574257425748,0.07264925278354116,1.0,-0.0,0,0
183,0.0,0.007920792079207921,0.03900537743285587,1.0,-0.0,0,0
184,0.0,0.007920792079207921,0.03900537743285587,1.0,-0.0,0,0
185,0.0,0.025742574257425745,0.0669763743575753,1.0,-0.0,0,0
186,0.0,0.05742574257425742,0.09885135821266286,1.0,-0.0,0,0
187,0.0,0.05742574257425742,0.09885135821266286,1.0,-0.0,0,0
188,0.0,0.05742574257425742,0.09885135821266286,1.0,-0.0,0,0
189,0.0,0.05742574257425742,0.09885135821266286,1.0,-0.0,0,0
190,0.0,0.039603960396039604,0.08452453849668534,1.0,-0.0,0,0
191,0.0,0.0,0.0,1.0,-0.0,0,0
192,0.0,0.0,0.0,1.0,-0.0,0,0
193,0.0,0.013861386138613863,0.050795070647052104,1.0,-0.0,0,0
194,0.0,0.0297029702970297,0.07112192077650681,1.0,-0.0,0,0
195,0.0,0.0297029702970297,0.07112192077650681,1.0,-0.0,0,0
196,0.2,0.10891089108910891,0.1335716590419014,0.24763548256963241,0.6061871270988662,0,0
197,0.2,0.10891089108910891,0.1335716590419014,0.24763548256963241,0.6061871270988662,0,0
198,0.4,0.19009900990099005,0.20561665306784296,0.1536659476193017,0.8134223615146138,0,0
199,0.4,0.17425742574257425,0.18382808657861666,0.10972176462621432,0.959707216367683,0,0
200,0.4,0.17425742574257425,0.18382808657861666,0.10972176462621432,0.959707216367683,0,0
201,0.2,0.09306930693069305,0.14776046024695155,0.23463234733385618,0.6296121145556179,0,0
202,0.2,0.10891089108910891,0.16050601290423325,0.28518314462153804,0.5448761464715659,0,0
203,0.0,0.015841584158415842,0.05401260078014202,1.0,-0.0,0,0
204,0.0,0.019801980198019802,0.0597350618970232,1.0,-0.0,0,0
205,0.0,0.019801980198019802,0.0597350618970232,1.0,-0.0,0,0
206,0.0,0.019801980198019802,0.0597350618970232,1.0,-0.0,0,0
207,0.2,0.011881188118811883,0.047276579747775535,3.4586556520905853e-05,4.461092674713385,0,0
208,0.2,0.03762376237623763,0.08307396817189318,0.025315250600093615,1.5966177690988217,0,0
209,0.2,0.033663366336633666,0.07994704648786674,0.018735949469970602,1.7273242935431963,0,0
210,0.2,0.03762376237623763,0.08307396817189318,0.025315250600093615,1.5966177690988217,0,0
211,0.2,0.03762376237623763,0.08307396817189318,0.025315250600093615,1.5966177690988217,0,0
212,0.0,0.0297029702970297,0.07648795214189293,1.0,-0.0,0,0
213,0.0,0.0039603960396039604,0.02786385599895107,1.0,-0.0,0,0
214,0.0,0.06138613861386138,0.10433219700847123,1.0,-0.0,0,0
215,0.0,0.0891089108910891,0.11765109526742927,1.0,-0.0,0,0
216,0.0,0.0891089108910891,0.11765109526742927,1.0,-0.0,0,0
217,0.0,0.0891089108910891,0.11765109526742927,1.0,-0.0,0,0
218,0.0,0.1287128712871287,0.13954426081146826,1.0,-0.0,0,0
219,0.0,0.1564356435643564,0.16555687101844338,1.0,-0.0,0,0
220,0.0,0.12277227722772276,0.1566235242240411,1.0,-0.0,0,0
221,0.0,0.12277227722772276,0.1566235242240411,1.0,-0.0,0,0
222,0.0,0.12277227722772276,0.1566235242240411,1.0,-0.0,0,0
223,0.0,0.08514851485148514,0.130031327995105,1.0,-0.0,0,0
224,0.0,0.0,0.0,1.0,-0.0,0,0
225,0.0,0.0,0.0,1.0,-0.0,0,0
226,0.0,0.0,0.0,1.0,-0.0,0,0
227,0.0,0.0,0.0,1.0,-0.0,0,0
228,0.0,0.0,0.0,1.0,-0.0,0,0
229,0.0,0.0,0.0,1.0,-0.0,0,0
230,0.0,0.0,0.0,1.0,-0.0,0,0
231,0.0,0.02970297029702971,0.07112192077650681,1.0,-0.0,0,0
232,0.0,0.03168316831683169,0.0730260947112308,1.0,-0.0,0,0
233,0.0,0.03168316831683169,0.0730260947112308,1.0,-0.0,0,0
234,0.0,0.03168316831683169,0.0730260947112308,1.0,-0.0,0,0
235,0.0,0.03168316831683169,0.0730260947112308,1.0,-0.0,0,0
236,0.0,0.02970297029702971,0.07648795214189293,1.0,-0.0,0,0
237,0.0,0.027722772277227727,0.07461957893630405,1.0,-0.0,0,0
238,0.0,0.05148514851485149,0.10399339410297728,1.0,-0.0,0,0
239,0.0,0.06930693069306931,0.12084076279122662,1.0,-0.0,0,0
240,0.0,0.06930693069306931,0.12084076279122662,1.0,-0.0,0,0
241,0.0,0.041584158415841586,0.09877199139279148,1.0,-0.0,0,0
242,0.0,0.041584158415841586,0.09877199139279148,1.0,-0.0,0,0
243,0.0,0.04356435643564357,0.08721867542790195,1.0,-0.0,0,0
244,0.0,0.025742574257425748,0.06697637435757531,1.0,-0.0,0,0
245,0.0,0.08316831683168316,0.12028786177019754,1.0,-0.0,0,0
246,0.0,0.0891089108910891,0.13342479626077636,1.0,-0.0,0,0
247,0.0,0.0891089108910891,0.13342479626077636,1.0,-0.0,0,0
248,0.2,0.08712871287128712,0.127165103825761,0.18737894802554306,0.7272792035758483,0,0
249,0.2,0.11485148514851484,0.13598641357140118,0.2656067797011654,0.5757608436518118,0,0
250,0.2,0.057425742574257435,0.10277971700879983,0.08269301175340939,1.0825311903890302,0,0
251,0.2,0.17425742574257425,0.17499842451711448,0.4415258548359576,0.35504385995998367,0,0
252,0.2,0.17425742574257425,0.17499842451711448,0.4415258548359576,0.35504385995998367,0,0
253,0.0,0.1504950495049505,0.16981280455064038,1.0,-0.0,0,0
254,0.0,0.1207920792079208,0.1594028657227573,1.0,-0.0,0,0
255,0.0,0.1207920792079208,0.1594028657227573,1.0,-0.0,0,0
256,0.0,0.0,0.0,1.0,-0.0,0,0
257,0.0,0.03366336633663367,0.07482947971362848,1.0,-0.0,0,0
258,0.0,0.03366336633663367,0.07482947971362848,1.0,-0.0,0,0
259,0.0,0.09306930693069305,0.12762679639066946,1.0,-0.0,0,0
260,0.0,0.09306930693069305,0.12762679639066946,1.0,-0.0,0,0
261,0.0,0.09306930693069305,0.12762679639066946,1.0,-0.0,0,0
262,0.0,0.08118811881188118,0.1264228887090089,1.0,-0.0,0,0
263,0.0,0.08118811881188118,0.1264228887090089,1.0,-0.0,0,0
264,0.0,0.021782178217821784,0.06230547612891991,1.0,-0.0,0,0
265,0.0,0.031683168316831684,0.0730260947112308,1.0,-0.0,0,0
266,0.0,0.031683168316831684,0.0730260947112308,1.0,-0.0,0,0
267,0.0,0.009900990099009901,0.04338396495090425,1.0,-0.0,0,0
268,0.0,0.009900990099009901,0.04338396495090425,1.0,-0.0,0,0
269,0.0,0.009900990099009901,0.04338396495090425,1.0,-0.0,0,0
270,0.0,0.017821782178217824,0.056980176514606566,1.0,-0.0,0,0
271,0.0,0.0297029702970297,0.07112192077650681,1.0,-0.0,0,0
272,0.0,0.0297029702970297,0.07112192077650681,1.0,-0.0,0,0
273,0.0,0.0297029702970297,0.07112192077650681,1.0,-0.0,0,0
274,0.0,0.0297029702970297,0.07112192077650681,1.0,-0.0,0,0
275,0.0,0.011881188118811883,0.04727657974777555,1.0,-0.0,0,0
276,0.0,0.021782178217821784,0.06230547612891991,1.0,-0.0,0,0
277,0.0,0.0613861386138614,0.10433219700847123,1.0,-0.0,0,0
278,0.0,0.0871287128712871,0.11745095149573798,1.0,-0.0,0,0
279,0.0,0.0871287128712871,0.11745095149573798,1.0,-0.0,0,0
280,0.0,0.10693069306930691,0.13661931335176508,1.0,-0.0,0,0
281,0.0,0.1089108910891089,0.14494724878689189,1.0,-0.0,0,0
282,0.0,0.07524752475247524,0.13156027914354926,1.0,-0.0,0,0
283,0.0,0.049504950495049514,0.09912864166957489,1.0,-0.0,0,0
284,0.0,0.049504950495049514,0.09912864166957489,1.0,-0.0,0,0
285,0.0,0.02970297029702971,0.07648795214189293,1.0,-0.0,0,0
286,0.2,0.009900990099009901,0.04338396495090424,5.885669548817485e-06,5.230204125035219,0,0
287,0.4,0.05148514851485149,0.10011267057239238,0.00024956189489403055,3.602821725482382,0,0
288,0.4,0.15445544554455445,0.15639804034834157,0.05820783000558099,1.2350185909602391,0,0
289,0.4,0.15445544554455445,0.15639804034834157,0.05820783000558099,1.2350185909602391,0,0
290,0.4,0.15445544554455445,0.15639804034834157,0.05820783000558099,1.2350185909602391,0,0
291,0.2,0.15049504950495052,0.1551899266764091,0.37486481051314957,0.4261253259621395,0,0
292,0.0,0.100990099009901,0.12467387119760155,1.0,-0.0,0,0
293,0.2,0.017821782178217824,0.0635517090529949,0.0020744436267099344,2.6830983626867595,0,0
294,0.2,0.017821782178217824,0.0635517090529949,0.0020744436267099344,2.6830983626867595,0,0
295,0.2,0.017821782178217824,0.0635517090529949,0.0020744436267099344,2.6830983626867595,0,0
296,0.2,0.017821782178217824,0.0635517090529949,0.0020744436267099344,2.6830983626867595,0,0
297,0.2,0.04554455445544555,0.09700949476369022,0.05567344326657021,1.2543519178087963,0,0
298,0.0,0.0297029702970297,0.07648795214189293,1.0,-0.0,0,0
299,0.0,0.0297029702970297,0.07648795214189293,1.0,-0.0,0,0
300,0.0,0.0297029702970297,0.07648795214189293,1.0,-0.0,0,0
301,0.0,0.0297029702970297,0.07648795214189293,1.0,-0.0,0,0
302,0.0,0.0019801980198019802,0.0198019801980198,1.0,-0.0,0,0
303,0.0,0.0,0.0,1.0,-0.0,0,0
304,0.0,0.0,0.0,1.0,-0.0,0,0
305,0.0,0.0,0.0,1.0,-0.0,0,0
306,0.0,0.0,0.0,1.0,-0.0,0,0
307,0.0,0.0,0.0,1.0,-0.0,0,0
308,0.0,0.0,0.0,1.0,-0.0,0,0
309,0.0,0.021782178217821784,0.06230547612891991,1.0,-0.0,0,0
310,0.0,0.03564356435643565,0.08154954567118415,1.0,-0.0,0,0
311,0.0,0.04356435643564357,0.09164702150816742,1.0,-0.0,0,0
312,0.0,0.09306930693069305,0.1306930693069307,1.0,-0.0,0,0
313,0.0,0.10495049504950493,0.14513649268759363,1.0,-0.0,0,0
314,0.0,0.08316831683168316,0.11694909354640315,1.0,-0.0,0,0
315,0.0,0.06930693069306931,0.11057238501634631,1.0,-0.0,0,0
316,0.0,0.061386138613861385,0.10046456153636296,1.0,-0.0,0,0
317,0.0,0.0297029702970297,0.07112192077650681,1.0,-0.0,0,0
318,0.0,0.031683168316831684,0.08780118525701135,1.0,-0.0,0,0
319,0.0,0.05940594059405942,0.1178841668604928,1.0,-0.0,0,0
320,0.0,0.10891089108910891,0.15801930568918815,1.0,-0.0,0,0
321,0.0,0.17029702970297025,0.1916807135101792,1.0,-0.0,0,0
322,0.0,0.15247524752475247,0.18271552276312514,1.0,-0.0,0,0
323,0.0,0.1386138613861386,0.16825858048513265,1.0,-0.0,0,0
324,0.0,0.1089108910891089,0.15801930568918815,1.0,-0.0,0,0
325,0.0,0.0594059405940594,0.09968089464279778,1.0,-0.0,0,0
326,0.0,0.0,0.0,1.0,-0.0,0,0
327,0.0,0.09504950495049502,0.1245794808714917,1.0,-0.0,0,0
328,0.0,0.09504950495049502,0.1245794808714917,1.0,-0.0,0,0
329,0.0,0.09504950495049502,0.1245794808714917,1.0,-0.0,0,0
330,0.0,0.09504950495049502,0.1245794808714917,1.0,-0.0,0,0
331,0.0,0.09504950495049502,0.1245794808714917,1.0,-0.0,0,0
332,0.0,0.09306930693069305,0.1306930693069307,1.0,-0.0,0,0
333,0.0,0.09306930693069305,0.1306930693069307,1.0,-0.0,0,0
334,0.0,0.19405940594059404,0.20188310615339297,1.0,-0.0,0,0
335,0.0,0.19405940594059404,0.20188310615339297,1.0,-0.0,0,0
336,0.0,0.19405940594059404,0.20188310615339297,1.0,-0.0,0,0
337,0.0,0.11287128712871289,0.16268986856589096,1.0,-0.0,0,0
338,0.4,0.17227722772277224,0.20494810349204928,0.13325747281175293,0.8753084272551679,0,0
339,0.4,0.0712871287128713,0.12454800153280307,0.004154527562924104,2.381478355389047,0,0
340,0.4,0.0712871287128713,0.12454800153280307,0.004154527562924104,2.381478355389047,0,0
341,0.4,0.0712871287128713,0.12454800153280307,0.004154527562924104,2.381478355389047,0,0
342,0.4,0.05742574257425742,0.11021718851545144,0.0009412343369528337,3.026302237810157,0,0
343,0.0,0.0,0.0,1.0,-0.0,0,0
344,0.6,0.07128712871287131,0.11801714396634726,3.732734821081127e-06,5.427972861890427,0,0
345,0.6,0.07128712871287131,0.11801714396634726,3.732734821081127e-06,5.427972861890427,0,0
346,0.6,0.17227722772277226,0.19300582861007848,0.013341873838116568,1.874783170389241,0,0
347,0.6,0.19207920792079206,0.20083152306547483,0.021119424773974542,1.6753179147788877,0,0
348,0.6,0.21386138613861383,0.20920864708209408,0.03246711991312862,1.4885562349746182,0,0
349,0.0,0.14158415841584157,0.16960485628010974,1.0,-0.0,0,0
350,0.0,0.14158415841584157,0.16960485628010974,1.0,-0.0,0,0
351,0.0,0.041584158415841586,0.0946774898050053,1.0,-0.0,0,0
352,0.0,0.021782178217821784,0.06836703565002801,1.0,-0.0,0,0
353,0.0,0.0,0.0,1.0,-0.0,0,0
354,0.0,0.0891089108910891,0.11765109526742927,1.0,-0.0,0,0
355,0.0,0.0891089108910891,0.11765109526742927,1.0,-0.0,0,0
356,0.2,0.10693069306930691,0.12448501897427097,0.2273402954616615,0.6433235799123765,0,0
357,0.2,0.16435643564356434,0.16264165701687977,0.4132650563523008,0.38377131495771094,0,0
358,1.4,0.2435643564356436,0.17933642348653622,5.651305397761579e-11,10.24785122270054,0,0
359,1.4,0.15445544554455445,0.14860723199440568,3.6139102840835854e-17,16.442022633073112,0,0
360,1.4,0.15445544554455445,0.14860723199440568,3.6139102840835854e-17,16.442022633073112,0,0
361,1.2,0.13663366336633662,0.14331490790275034,5.866365805283092e-14,13.23163085948322,0,0
362,1.2,0.07920792079207921,0.11285391563386142,1.0000015205033665e-17,16.99999933965428,0,0
363,0.0,0.0,0.0,1.0,-0.0,0,0
364,0.0,0.0,0.0,1.0,-0.0,0,0
365,0.0,0.0,0.0,1.0,-0.0,0,0
366,0.0,0.0,0.0,1.0,-0.0,0,0
367,0.0,0.0,0.0,1.0,-0.0,0,0
368,0.2,0.0059405940594059415,0.03395332316729158,5.469865928325192e-09,8.262023318511567,0,0
369,0.2,0.0059405940594059415,0.03395332316729158,5.469865928325192e-09,8.262023318511567,0,0
370,0.2,0.023762376237623766,0.07056843438101175,0.00625538335613176,2.203746069767374,0,0
371,0.2,0.04752475247524753,0.09809478080396702,0.06004850186537829,1.2214978232271951,0,0
372,0.2,0.04752475247524753,0.09809478080396702,0.06004850186537829,1.2214978232271951,0,0
373,0.0,0.08316831683168317,0.12670172889541695,1.0,-0.0,0,0
374,0.0,0.08316831683168317,0.12670172889541695,1.0,-0.0,0,0
375,0.0,0.10099009900990098,0.15057319492752774,1.0,-0.0,0,0
376,0.0,0.07722772277227724,0.11593886073904514,1.0,-0.0,0,0
377,0.2,0.08514851485148514,0.12694907267187808,0.1828107949282391,0.7379981628727221,0,0
378,0.2,0.04356435643564357,0.09164702150816742,0.043916930442951946,1.3573680223438191,0,0
379,0.2,0.04356435643564357,0.09164702150816742,0.043916930442951946,1.3573680223438191,0,0
380,0.2,0.007920792079207921,0.03900537743285587,4.2303541670263104e-07,6.3736232717865695,0,0
381,0.2,0.007920792079207921,0.03900537743285587,4.2303541670263104e-07,6.3736232717865695,0,0
382,0.0,0.0,0.0,1.0,-0.0,0,0
383,0.0,0.0,0.0,1.0,-0.0,0,0
384,0.0,0.0,0.0,1.0,-0.0,0,0
385,0.0,0.023762376237623766,0.06471340450838889,1.0,-0.0,0,0
386,0.2,0.04950495049504951,0.09912864166957489,0.06448460512601864,1.190543955238279,0,0
387,0.2,0.061386138613861385,0.11854756076907538,0.12114784922992496,0.9166842916037904,0,0
388,0.2,0.061386138613861385,0.11854756076907538,0.12114784922992496,0.9166842916037904,0,0
389,0.2,0.06732673267326733,0.12032045569079852,0.13508613344131226,0.8693892289128149,0,0
390,0.2,0.0594059405940594,0.11096178792967841,0.10256882529016816,0.9889846183837064,0,0
391,0.0,0.033663366336633666,0.07994704648786674,1.0,-0.0,0,0
392,0.0,0.10099009900990098,0.15057319492752777,1.0,-0.0,0,0
393,0.0,0.10099009900990098,0.15057319492752777,1.0,-0.0,0,0
394,0.0,0.09504950495049502,0.14784005112815915,1.0,-0.0,0,0
395,0.0,0.07920792079207921,0.12611234319279727,1.0,-0.0,0,0
396,0.0,0.07920792079207921,0.12611234319279727,1.0,-0.0,0,0
397,0.0,0.0,0.0,1.0,-0.0,0,0
398,0.0,0.0,0.0,1.0,-0.0,0,0
399,0.0,0.0,0.0,1.0,-0.0,0,0
400,0.2,0.18415841584158418,0.1860121753000773,0.46606541275620395,0.33155312535850134,0,0
401,0.2,0.18415841584158418,0.1860121753000773,0.46606541275620395,0.33155312535850134,0,0
402,0.4,0.2099009900990099,0.21131598529828274,0.18416764989235068,0.7347866537651431,0,0
403,0.4,0.2099009900990099,0.21131598529828274,0.18416764989235068,0.7347866537651431,0,0
404,0.6,0.24158415841584158,0.22570783126772284,0.056147274503533406,1.250671320378555,0,0
405,0.6,0.1603960396039604,0.17580322478754876,0.006200110377475393,2.2076005789046826,0,0
406,0.6,0.16831683168316827,0.17740187251029735,0.0074796458123314764,2.1261189670275096,0,0
407,0.4,0.14059405940594058,0.16541470107292755,0.05841539420151275,1.233472688234124,0,0
408,0.4,0.24356435643564353,0.19005775129824676,0.2052268980675228,0.6877657190147262,0,0
409,0.2,0.21188118811881182,0.17535656953133033,1.0,-0.0,0,0
410,0.0,0.10891089108910891,0.13937555924568534,1.0,-0.0,0,0
411,0.0,0.11485148514851484,0.14169143619800648,1.0,-0.0,0,0
412,0.0,0.11485148514851484,0.14169143619800648,1.0,-0.0,0,0
413,0.0,0.013861386138613863,0.05079507064705211,1.0,-0.0,0,0
414,0.0,0.017821782178217824,0.056980176514606566,1.0,-0.0,0,0
415,0.0,0.017821782178217824,0.056980176514606566,1.0,-0.0,0,0
416,0.0,0.0039603960396039604,0.027863855998951064,1.0,-0.0,0,0
417,0.0,0.0039603960396039604,0.027863855998951064,1.0,-0.0,0,0
418,0.0,0.0039603960396039604,0.027863855998951064,1.0,-0.0,0,0
419,0.0,0.0,0.0,1.0,-0.0,0,0
420,0.0,0.0,0.0,1.0,-0.0,0,0
421,0.0,0.0,0.0,1.0,-0.0,0,0
422,0.0,0.0,0.0,1.0,-0.0,0,0
423,0.0,0.0059405940594059415,0.04410110386400019,1.0,-0.0,0,0
424,0.0,0.0059405940594059415,0.04410110386400019,1.0,-0.0,0,0
425,0.0,0.0059405940594059415,0.04410110386400019,1.0,-0.0,0,0
426,0.0,0.041584158415841586,0.09039772047931348,1.0,-0.0,0,0
427,0.0,0.05742574257425742,0.10656335878870263,1.0,-0.0,0,0
428,0.0,0.05544554455445545,0.1019369320889802,1.0,-0.0,0,0
429,0.0,0.0594059405940594,0.10357779667819421,1.0,-0.0,0,0
430,0.0,0.07326732673267328,0.1115960618107356,1.0,-0.0,0,0
431,0.0,0.03762376237623763,0.07816140339006158,1.0,-0.0,0,0
432,0.0,0.021782178217821784,0.06230547612891991,1.0,-0.0,0,0
433,0.0,0.023762376237623766,0.06471340450838887,1.0,-0.0,0,0
434,0.0,0.10297029702970295,0.13084299831035082,1.0,-0.0,0,0
435,0.0,0.0891089108910891,0.12734998170941406,1.0,-0.0,0,0
436,0.0,0.0891089108910891,0.12734998170941406,1.0,-0.0,0,0
437,0.0,0.17029702970297025,0.17885474744676658,1.0,-0.0,0,0
438,0.0,0.16435643564356434,0.17210643633774866,1.0,-0.0,0,0
439,0.0,0.07920792079207921,0.1261123431927973,1.0,-0.0,0,0
440,0.2,0.20792079207920788,0.20857041374193397,1.0,-0.0,0,0
441,0.2,0.20792079207920788,0.20857041374193397,1.0,-0.0,0,0
442,0.2,0.12673267326732673,0.15599637537608815,0.31929423625965986,0.49580892105722785,0,0
443,0.2,0.12673267326732673,0.15599637537608815,0.31929423625965986,0.49580892105722785,0,0
444,0.2,0.12673267326732673,0.15599637537608815,0.31929423625965986,0.49580892105722785,0,0
445,0.0,0.0059405940594059415,0.033953323167291584,1.0,-0.0,0,0
446,0.0,0.019801980198019802,0.059735061897023205,1.0,-0.0,0,0
447,0.0,0.019801980198019802,0.059735061897023205,1.0,-0.0,0,0
448,0.0,0.019801980198019802,0.059735061897023205,1.0,-0.0,0,0
449,0.0,0.04356435643564357,0.08721867542790195,1.0,-0.0,0,0
450,0.0,0.03762376237623762,0.08307396817189318,1.0,-0.0,0,0
451,0.0,0.023762376237623766,0.06471340450838887,1.0,-0.0,0,0
452,0.0,0.023762376237623766,0.06471340450838887,1.0,-0.0,0,0
453,0.0,0.023762376237623766,0.06471340450838887,1.0,-0.0,0,0
454,0.0,0.0,0.0,1.0,-0.0,0,0
455,0.0,0.009900990099009901,0.051713128147329084,1.0,-0.0,0,0
456,0.0,0.009900990099009901,0.051713128147329084,1.0,-0.0,0,0
457,0.0,0.009900990099009901,0.051713128147329084,1.0,-0.0,0,0
458,0.0,0.10693069306930691,0.15811853289249214,1.0,-0.0,0,0
459,0.0,0.12079207920792079,0.15940286572275733,1.0,-0.0,0,0
460,0.0,0.11089108910891088,0.14752142995793407,1.0,-0.0,0,0
461,0.0,0.12475247524752475,0.15883607627845922,1.0,-0.0,0,0
462,0.0,0.12475247524752475,0.15883607627845922,1.0,-0.0,0,0
463,0.0,0.04950495049504951,0.09504950495049506,1.0,-0.0,0,0
464,0.0,0.03564356435643565,0.08154954567118415,1.0,-0.0,0,0
465,0.0,0.03564356435643565,0.08154954567118415,1.0,-0.0,0,0
466,0.0,0.021782178217821784,0.06230547612891991,1.0,-0.0,0,0
467,0.0,0.03762376237623763,0.07816140339006158,1.0,-0.0,0,0
468,0.0,0.015841584158415842,0.054012600780142014,1.0,-0.0,0,0
469,0.0,0.015841584158415842,0.054012600780142014,1.0,-0.0,0,0
470,0.0,0.023762376237623766,0.06471340450838889,1.0,-0.0,0,0
471,0.0,0.03564356435643565,0.07653920035678292,1.0,-0.0,0,0
472,0.0,0.019801980198019802,0.059735061897023205,1.0,-0.0,0,0
473,0.0,0.019801980198019802,0.059735061897023205,1.0,-0.0,0,0
474,0.2,0.04752475247524753,0.09809478080396702,0.06004850186537829,1.2214978232271951,0,0
475,0.2,0.04752475247524753,0.09397077637785879,0.05233944412570533,1.2811708941229774,0,0
476,0.2,0.061386138613861385,0.11166631429601336,0.10724339580581539,0.9696294427647089,0,0
477,0.2,0.061386138613861385,0.11166631429601336,0.10724339580581539,0.9696294427647089,0,0
478,0.2,0.08514851485148514,0.13598641357140118,0.1991725255351211,0.7007705696845145,0,0
479,0.0,0.05742574257425742,0.11021718851545144,1.0,-0.0,0,0
480,0.0,0.04950495049504951,0.09912864166957487,1.0,-0.0,0,0
481,0.0,0.023762376237623766,0.07056843438101174,1.0,-0.0,0,0
482,0.0,0.023762376237623766,0.07056843438101174,1.0,-0.0,0,0
483,0.0,0.0,0.0,1.0,-0.0,0,0
484,0.0,0.0891089108910891,0.11765109526742927,1.0,-0.0,0,0
485,0.0,0.0891089108910891,0.11765109526742927,1.0,-0.0,0,0
486,0.0,0.0891089108910891,0.11765109526742927,1.0,-0.0,0,0
487,0.0,0.09900990099009901,0.12781100644043505,1.0,-0.0,0,0
488,0.0,0.09900990099009901,0.12781100644043505,1.0,-0.0,0,0
489,0.0,0.009900990099009901,0.04338396495090424,1.0,-0.0,0,0
490,0.0,0.017821782178217824,0.0635517090529949,1.0,-0.0,0,0
491,0.0,0.017821782178217824,0.0635517090529949,1.0,-0.0,0,0
492,0.0,0.007920792079207921,0.03900537743285587,1.0,-0.0,0,0
493,0.0,0.03960396039603961,0.08452453849668534,1.0,-0.0,0,0
494,0.0,0.03960396039603961,0.08452453849668534,1.0,-0.0,0,0
495,0.0,0.031683168316831684,0.0730260947112308,1.0,-0.0,0,0
496,0.0,0.03564356435643565,0.07653920035678292,1.0,-0.0,0,0
497,0.0,0.03564356435643565,0.07653920035678292,1.0,-0.0,0,0
498,0.0,0.0039603960396039604,0.02786385599895106,1.0,-0.0,0,0
499,0.0,0.007920792079207921,0.03900537743285587,1.0,-0.0,0,0
500,0.0,0.007920792079207921,0.03900537743285587,1.0,-0.0,0,0
501,0.0,0.0039603960396039604,0.02786385599895106,1.0,-0.0,0,0
502,0.0,0.0039603960396039604,0.02786385599895106,1.0,-0.0,0,0
503,0.0,0.011881188118811883,0.047276579747775535,1.0,-0.0,0,0
504,0.0,0.007920792079207921,0.03900537743285587,1.0,-0.0,0,0
505,0.0,0.007920792079207921,0.03900537743285587,1.0,-0.0,0,0
506,0.0,0.05940594059405942,0.10357779667819422,1.0,-0.0,0,0
507,0.0,0.18415841584158413,0.1681186952617119,1.0,-0.0,0,0
508,0.0,0.19801980198019797,0.17687059543257513,1.0,-0.0,0,0
509,0.0,0.19801980198019797,0.17687059543257513,1.0,-0.0,0,0
510,0.0,0.19801980198019797,0.17687059543257513,1.0,-0.0,0,0
511,0.0,0.14653465346534653,0.1564231101634178,1.0,-0.0,0,0
512,0.0,0.02178217821782178,0.06836703565002801,1.0,-0.0,0,0
513,0.0,0.0,0.0,1.0,-0.0,0,0
514,0.0,0.0,0.0,1.0,-0.0,0,0
515,0.0,0.0,0.0,1.0,-0.0,0,0
516,0.0,0.0,0.0,1.0,-0.0,0,0
517,0.0,0.0,0.0,1.0,-0.0,0,0
518,0.0,0.0,0.0,1.0,-0.0,0,0
519,0.0,0.0,0.0,1.0,-0.0,0,0
520,0.0,0.0,0.0,1.0,-0.0,0,0
521,0.0,0.0,0.0,1.0,-0.0,0,0
522,0.0,0.013861386138613863,0.05079507064705211,1.0,-0.0,0,0
523,0.0,0.013861386138613863,0.05079507064705211,1.0,-0.0,0,0
524,0.0,0.025742574257425745,0.0669763743575753,1.0,-0.0,0,0
525,0.0,0.025742574257425745,0.0669763743575753,1.0,-0.0,0,0
526,0.0,0.039603960396039604,0.09342674148186496,1.0,-0.0,0,0
527,0.0,0.025742574257425745,0.08283762638951243,1.0,-0.0,0,0
528,0.0,0.025742574257425745,0.08283762638951243,1.0,-0.0,0,0
529,0.0,0.17425742574257427,0.1859700100098835,1.0,-0.0,0,0
530,0.0,0.17425742574257427,0.1859700100098835,1.0,-0.0,0,0
531,0.0,0.1603960396039604,0.18025241263723207,1.0,-0.0,0,0
532,0.0,0.16633663366336635,0.18036114909680317,1.0,-0.0,0,0
533,0.0,0.16633663366336635,0.18036114909680317,1.0,-0.0,0,0
534,0.0,0.0059405940594059415,0.033953323167291584,1.0,-0.0,0,0
535,0.0,0.0059405940594059415,0.033953323167291584,1.0,-0.0,0,0
536,0.0,0.04950495049504951,0.09078727434730813,1.0,-0.0,0,0
537,0.0,0.04356435643564357,0.08721867542790195,1.0,-0.0,0,0
538,0.0,0.04356435643564357,0.08721867542790195,1.0,-0.0,0,0
539,0.0,0.06336633663366337,0.10120342446875752,1.0,-0.0,0,0
540,0.0,0.06336633663366337,0.10120342446875752,1.0,-0.0,0,0
