,foreground,bg_means,bg_stdev,pvals,minus_logs,regs,active
2,0.0,0.0,0.0,1.0,-0.0,0,0
3,0.0,0.0,0.0,1.0,-0.0,0,0
4,0.6,0.24554455445544554,0.2546691709429351,0.0819873855649257,1.0862529622622639,0,0
5,0.6,0.24554455445544554,0.2546691709429351,0.0819873855649257,1.0862529622622639,0,0
6,0.6,0.24554455445544554,0.2546691709429351,0.0819873855649257,1.0862529622622639,0,0
7,0.8,0.2851485148514852,0.2861094918203091,0.03597051498009183,1.4440533444608556,0,0
8,0.8,0.2851485148514852,0.2861094918203091,0.03597051498009183,1.4440533444608556,0,0
9,0.2,0.13465346534653463,0.13818888176132993,0.3181499748810212,0.4973681067167222,0,0
10,0.8,0.42574257425742573,0.28792651198916097,0.09682848481293461,1.013996864000607,0,0
11,1.0,0.5247524752475248,0.2949764013363752,0.053574884554088514,1.2710387561251695,0,0
12,0.8,0.5049504950495051,0.2946305750717017,0.15831144474231412,0.8004876877354432,0,0
13,0.8,0.5049504950495051,0.2946305750717017,0.15831144474231412,0.8004876877354432,0,0
14,0.8,0.41188118811881197,0.26223983003730444,0.06943465753050392,1.1584237022077262,0,0
15,0.2,0.13465346534653463,0.16194097663572968,0.3432826085471103,0.4643481983317365,0,0
16,0.0,0.10099009900990098,0.12781100644043505,1.0,-0.0,0,0
17,0.4,0.3584158415841585,0.22394630134846624,0.4263446888002761,0.3702391428814544,0,0
18,0.4,0.4534653465346534,0.2451769845430692,1.0,-0.0,0,0
19,0.4,0.4811881188118811,0.25200694289002823,1.0,-0.0,0,0
20,0.6,0.6039603960396039,0.2814111512632161,1.0,-0.0,0,0
21,1.0,0.805940594059406,0.32876058343939213,0.27750289113685744,0.5567324878629523,0,0
22,0.6,0.5306930693069308,0.2944175570049408,0.4069477752569892,0.3904613214209688,0,0
23,0.6,0.43366336633663377,0.25651017686671324,0.258343681138285,0.5878021564536607,0,0
24,0.6,0.41386138613861395,0.24415126903691498,0.22291348017324197,0.6518636677789099,0,0
25,0.4,0.31386138613861386,0.229087601805617,0.353455729228121,0.4516649743874812,0,0
26,0.2,0.18415841584158413,0.15333434204044308,0.4588568824850866,0.3383227498420019,0,0
27,0.2,0.2059405940594059,0.1652012167494195,1.0,-0.0,0,0
28,0.2,0.23960396039603957,0.17580322478754873,1.0,-0.0,0,0
29,0.2,0.23168316831683167,0.17962044309621494,1.0,-0.0,0,0
30,0.2,0.19405940594059404,0.1767818940250744,0.486596431775095,0.3128310800868039,0,0
31,0.0,0.05544554455445545,0.09384550979067555,1.0,-0.0,0,0
32,0.0,0.0891089108910891,0.12734998170941406,1.0,-0.0,0,0
33,0.0,0.05544554455445545,0.09797478714338996,1.0,-0.0,0,0
34,0.0,0.05544554455445545,0.09797478714338996,1.0,-0.0,0,0
35,0.0,0.15445544554455445,0.1613831014717559,1.0,-0.0,0,0
36,0.2,0.5217821782178217,0.2896238463173421,1.0,-0.0,0,0
37,0.2,0.46534653465346526,0.2715688354524161,1.0,-0.0,0,0
38,0.2,0.5999999999999999,0.30442284297787625,1.0,-0.0,0,0
39,0.4,0.6653465346534654,0.31854733504804145,1.0,-0.0,0,0
40,0.4,0.6712871287128712,0.31789425779850233,1.0,-0.0,0,0
41,0.2,0.44158415841584164,0.27187188549992036,1.0,-0.0,0,0
42,0.2,0.4752475247524752,0.2755394135771999,1.0,-0.0,0,0
43,0.2,0.40792079207920795,0.21785778280356538,1.0,-0.0,0,0
44,0.0,0.3425742574257426,0.18527289727867036,1.0,-0.0,0,0
45,0.0,0.23762376237623767,0.16818865241652334,1.0,-0.0,0,0
46,0.2,0.5148514851485149,0.31509424603431424,1.0,-0.0,0,0
47,0.2,0.4811881188118813,0.30595180856757176,1.0,-0.0,0,0
48,0.2,0.4257425742574258,0.2906644710350511,1.0,-0.0,0,0
49,0.2,0.5445544554455446,0.3425227455119153,1.0,-0.0,0,0
50,0.2,0.5445544554455446,0.3425227455119153,1.0,-0.0,0,0
51,0.2,0.40594059405940597,0.2428468866020735,1.0,-0.0,0,0
52,0.2,0.49702970297029697,0.27663302550653973,1.0,-0.0,0,0
53,0.2,0.6435643564356435,0.32652258472194035,1.0,-0.0,0,0
54,0.4,0.8336633663366337,0.38390315087536614,1.0,-0.0,0,0
55,0.4,0.8534653465346534,0.38680318541175673,1.0,-0.0,0,0
56,0.2,0.6198019801980198,0.33360313232502614,1.0,-0.0,0,0
57,0.2,0.700990099009901,0.36000413900397066,1.0,-0.0,0,0
58,0.2,0.6752475247524752,0.34336884898643494,1.0,-0.0,0,0
59,0.0,0.607920792079208,0.29237273386600793,1.0,-0.0,0,0
60,0.0,0.5881188118811881,0.28814432876697155,1.0,-0.0,0,0
61,0.0,0.6633663366336632,0.296421820216463,1.0,-0.0,0,0
62,0.2,0.5584158415841584,0.2776376036436077,1.0,-0.0,0,0
63,0.2,0.4277227722772278,0.23719433144061855,1.0,-0.0,0,0
64,0.2,0.1861386138613861,0.15223074133689166,0.4637244026995978,0.33374004950224534,0,0
65,0.2,0.22970297029702968,0.1810555160500984,1.0,-0.0,0,0
66,0.2,0.11089108910891088,0.14752142995793405,0.2729083748352631,0.563983136778129,0,0
67,0.0,0.12277227722772276,0.15407416763506465,1.0,-0.0,0,0
68,0.0,0.12277227722772276,0.15407416763506465,1.0,-0.0,0,0
69,0.0,0.12277227722772276,0.15407416763506465,1.0,-0.0,0,0
70,0.0,0.07920792079207921,0.1261123431927973,1.0,-0.0,0,0
71,0.0,0.17227722772277226,0.1567736666367484,1.0,-0.0,0,0
72,0.0,0.09108910891089109,0.11440678673785577,1.0,-0.0,0,0
73,0.2,0.19801980198019797,0.17233412057057096,0.4954160712475375,0.3050299090523377,0,0
74,0.2,0.19801980198019797,0.17233412057057096,0.4954160712475375,0.3050299090523377,0,0
75,0.2,0.19801980198019797,0.17233412057057096,0.4954160712475375,0.3050299090523377,0,0
76,0.2,0.10495049504950493,0.1423816080178024,0.2522044715005415,0.5982472177994327,0,0
77,0.2,0.10495049504950493,0.1423816080178024,0.2522044715005415,0.5982472177994327,0,0
78,0.2,0.03762376237623763,0.08307396817189318,0.025315250600093615,1.5966177690988217,0,0
79,0.8,0.17425742574257425,0.17272049494935862,0.00014568045807344834,3.836598701627894,0,0
80,2.0,0.4712871287128713,0.2364492425231587,5.0552444592236424e-11,10.296257838149174,0,0
81,2.2,0.5366336633663367,0.25783668646369884,5.5469346548080375e-11,10.255946950260238,0,0
82,2.2,0.5405940594059405,0.25724289012364326,5.5654180589904635e-11,10.254502207089681,0,0
83,2.0,0.500990099009901,0.251134080989904,1.1938352106925334e-09,8.923055616277011,0,0
84,1.4,0.36633663366336633,0.22876215662023086,3.1138632944091512e-06,5.506700457852349,0,0
85,0.2,0.06732673267326733,0.102550553475042,0.09787844017657178,1.009312960326638,0,0
86,0.4,0.09504950495049505,0.14238160801780242,0.016105477556676698,1.793026393032768,0,0
87,0.6,0.2376237623762376,0.19642925572494643,0.032532005003753396,1.487689169572974,0,0
88,0.6,0.2376237623762376,0.19642925572494643,0.032532005003753396,1.487689169572974,0,0
89,0.6,0.304950495049505,0.22087864040437144,0.09080746186020773,1.0418784630255709,0,0
90,0.6,0.304950495049505,0.22087864040437144,0.09080746186020773,1.0418784630255709,0,0
91,0.2,0.21386138613861388,0.18933427036517264,1.0,-0.0,0,0
92,0.0,0.06732673267326733,0.10634234916512914,1.0,-0.0,0,0
93,0.0,0.24356435643564353,0.19213023717381655,1.0,-0.0,0,0
94,0.0,0.1762376237623762,0.1599186147292671,1.0,-0.0,0,0
95,0.0,0.1762376237623762,0.1599186147292671,1.0,-0.0,0,0
96,0.0,0.1881188118811881,0.16844491341098405,1.0,-0.0,0,0
97,0.0,0.1881188118811881,0.16844491341098405,1.0,-0.0,0,0
98,0.0,0.011881188118811883,0.047276579747775535,1.0,-0.0,0,0
99,0.0,0.1069306930693069,0.13368903310588712,1.0,-0.0,0,0
100,0.0,0.13663366336633662,0.13767717461995008,1.0,-0.0,0,0
101,0.0,0.1287128712871287,0.1337476815110359,1.0,-0.0,0,0
102,0.0,0.14257425742574256,0.14443233686186507,1.0,-0.0,0,0
103,0.0,0.405940594059406,0.22769694214247413,1.0,-0.0,0,0
104,0.0,0.3207920792079209,0.22174681471951554,1.0,-0.0,0,0
105,0.2,0.3821782178217822,0.2487179163264568,1.0,-0.0,0,0
106,0.2,0.3782178217821782,0.2515708905054613,1.0,-0.0,0,0
107,0.2,0.3643564356435644,0.24274998686292204,1.0,-0.0,0,0
108,0.2,0.09900990099009897,0.14791959918402456,0.24738670286539144,0.6066236475823374,0,0
109,0.2,0.1485148514851485,0.1816393234925723,0.38841704471294647,0.41070172041604763,0,0
110,0.2,0.2594059405940594,0.09968089464279777,1.0,-0.0,0,0
111,0.2,0.2811881188118812,0.12642288870900886,1.0,-0.0,0,0
112,0.2,0.31485148514851485,0.1388682248893999,1.0,-0.0,0,0
113,0.2,0.31485148514851485,0.1388682248893999,1.0,-0.0,0,0
114,0.6,0.5425742574257427,0.2292244931245589,0.401091907275937,0.3967561005734784,0,0
115,0.4,0.36435643564356435,0.23104761774686897,0.4386986840487325,0.35783366833321556,0,0
116,0.4,0.3425742574257426,0.23265430721147748,0.40252042839902347,0.395212073766087,0,0
117,0.4,0.3247524752475248,0.21406297796087279,0.3625989483980022,0.44057345977059026,0,0
118,0.6,0.514851485148515,0.26453251821064194,0.3737706743754755,0.4273947758745775,0,0
119,0.2,0.30693069306930687,0.20209664668789026,1.0,-0.0,0,0
120,0.2,0.29900990099009894,0.19825728333914974,1.0,-0.0,0,0
121,0.4,0.40396039603960393,0.22511638005738313,1.0,-0.0,0,0
122,0.4,0.4376237623762377,0.2192929615826872,1.0,-0.0,0,0
123,0.2,0.3148514851485148,0.21126030989610492,1.0,-0.0,0,0
124,0.2,0.2356435643564356,0.18107717211333596,1.0,-0.0,0,0
125,0.4,0.3722772277227723,0.22869358283073454,0.451757463147141,0.34509466405347644,0,0
126,0.2,0.2831683168316832,0.22910471769355642,1.0,-0.0,0,0
127,0.2,0.3742574257425743,0.2527682244985423,1.0,-0.0,0,0
128,0.2,0.4455445544554456,0.245160990741262,1.0,-0.0,0,0
129,0.4,0.501980198019802,0.25250436640467455,1.0,-0.0,0,0
130,0.2,0.4514851485148515,0.23823354104001201,1.0,-0.0,0,0
131,0.2,0.43564356435643564,0.22932710798896516,1.0,-0.0,0,0
132,0.2,0.2930693069306931,0.20209664668789026,1.0,-0.0,0,0
133,0.2,0.1564356435643564,0.15821769786485684,0.3915258295622037,0.4072395815848257,0,0
134,0.0,0.09900990099009901,0.12467387119760155,1.0,-0.0,0,0
135,0.4,0.3207920792079208,0.23391495098367848,0.3674485866297448,0.4348034187703409,0,0
136,0.6,0.625742574257426,0.31549221808561473,1.0,-0.0,0,0
137,0.6,0.625742574257426,0.31549221808561473,1.0,-0.0,0,0
138,0.6,0.6950495049504951,0.3348935807395343,1.0,-0.0,0,0
139,0.6,0.6950495049504951,0.3348935807395343,1.0,-0.0,0,0
140,0.2,0.3762376237623762,0.2674220585447911,1.0,-0.0,0,0
141,0.2,0.3742574257425743,0.2635077413883528,1.0,-0.0,0,0
142,0.2,0.4257425742574257,0.2823709607494391,1.0,-0.0,0,0
143,0.2,0.35643564356435653,0.2542376846844204,1.0,-0.0,0,0
144,0.2,0.6554455445544555,0.3366918994472785,1.0,-0.0,0,0
145,0.2,0.6554455445544555,0.3366918994472785,1.0,-0.0,0,0
146,0.0,0.37623762376237624,0.2537436590834272,1.0,-0.0,0,1
147,0.0,0.3237623762376238,0.24338720112931456,1.0,-0.0,0,0
148,0.0,0.3237623762376238,0.24338720112931456,1.0,-0.0,0,0
149,0.0,0.023762376237623766,0.06471340450838887,1.0,-0.0,0,0
150,0.0,0.05544554455445545,0.1019369320889802,1.0,-0.0,0,0
151,0.0,0.07326732673267328,0.10425700262248065,1.0,-0.0,0,0
152,0.0,0.22970297029702968,0.18960331411621106,1.0,-0.0,0,0
153,0.0,0.29900990099009905,0.21913197321283034,1.0,-0.0,0,0
154,0.0,0.34257425742574266,0.2360342879326945,1.0,-0.0,0,0
155,0.0,0.3089108910891089,0.23634971986318065,1.0,-0.0,0,0
156,0.0,0.26732673267326734,0.22210019632174183,1.0,-0.0,0,0
157,0.0,0.1584158415841584,0.16960485628010974,1.0,-0.0,0,0
158,0.0,0.10495049504950496,0.13670539084430264,1.0,-0.0,0,0
159,0.2,0.13366336633663364,0.1568736817452543,0.33619631210162443,0.47340705485460505,0,0
160,0.2,0.31683168316831684,0.2342332369524158,1.0,-0.0,0,0
161,0.2,0.31683168316831684,0.2342332369524158,1.0,-0.0,0,0
162,0.2,0.3346534653465347,0.22709340493990418,1.0,-0.0,0,0
163,0.2,0.31485148514851485,0.2239988236416518,1.0,-0.0,0,0
164,0.0,0.2792079207920792,0.21814557392349168,1.0,-0.0,0,0
165,0.0,0.09504950495049505,0.11805036483793176,1.0,-0.0,0,0
166,0.0,0.11287128712871286,0.13324834725751067,1.0,-0.0,0,0
167,0.0,0.08118811881188118,0.12325042629382527,1.0,-0.0,0,0
168,0.0,0.08118811881188118,0.12325042629382527,1.0,-0.0,0,0
169,0.0,0.17029702970297028,0.1853786889262329,1.0,-0.0,0,0
170,0.0,0.2554455445544554,0.2218175360782645,1.0,-0.0,0,0
171,0.0,0.4950495049504951,0.29057002278851696,1.0,-0.0,0,0
172,0.0,0.4653465346534654,0.27876518510851644,1.0,-0.0,0,0
173,0.0,0.4653465346534654,0.27876518510851644,1.0,-0.0,0,0
174,0.4,0.6455445544554456,0.3445544554455445,1.0,-0.0,0,0
175,0.4,0.5603960396039604,0.31215609446404846,1.0,-0.0,0,0
176,0.4,0.300990099009901,0.2297200403353468,0.33323329327600515,0.4772516148170892,0,0
177,0.4,0.300990099009901,0.2297200403353468,0.33323329327600515,0.4772516148170892,0,0
178,0.4,0.3346534653465346,0.23732654679728532,0.3915258295622037,0.4072395815848257,0,0
179,0.0,0.1603960396039604,0.15420136502124185,1.0,-0.0,0,0
180,0.8,0.31683168316831684,0.23082688508352958,0.018165366131682376,1.7407558442991005,0,0
181,1.0,0.4356435643564357,0.27343946364847316,0.01951277975673063,1.709680857360228,0,0
182,1.2,0.5287128712871287,0.29055652767563844,0.010434406232545006,1.981532259321681,0,0
183,1.2,0.4970297029702971,0.27084592293261256,0.004723192587864833,2.325764345733537,0,0
184,1.2,0.36831683168316837,0.2528767919262506,0.0005029221679189851,3.29849922102511,0,0
185,0.4,0.24356435643564353,0.20020575633120588,0.21729117507614243,0.6629579114777322,0,0
186,0.2,0.12475247524752475,0.145837248629877,0.30293796951493657,0.5186462898319875,0,0
187,0.0,0.0712871287128713,0.09983812012638045,1.0,-0.0,0,0
188,0.0,0.0712871287128713,0.09983812012638045,1.0,-0.0,0,0
189,0.2,0.15049504950495046,0.13615931435779074,0.35808542878934757,0.44601335093764394,0,0
190,0.4,0.15643564356435638,0.1451635073909802,0.04668700530583169,1.3308039825880122,0,0
191,1.0,0.44158415841584175,0.2629864005566772,0.01686168293704257,1.7730990813248422,0,0
192,1.4,0.5623762376237624,0.3242207673330056,0.004890199154244986,2.3106734537949016,0,0
193,1.4,0.5623762376237624,0.3242207673330056,0.004890199154244986,2.3106734537949016,0,0
194,1.4,0.5237623762376238,0.3218598535343073,0.0032402884932167487,2.4894163214494354,0,0
195,1.2,0.4831683168316832,0.31246997699127727,0.010892900659235562,1.962856457015802,0,0
196,0.8,0.2792079207920792,0.20504374403274056,0.005544094470880116,2.2561693779935847,0,0
