,foreground,bg_means,bg_stdev,pvals,minus_logs,regs,active
2,0.2,0.23366336633663368,0.1517405470151922,1.0,-0.0,0,0
3,0.2,0.23762376237623759,0.1609695163002105,1.0,-0.0,0,0
4,0.2,0.14653465346534653,0.1564231101634178,0.36625087925190963,0.4362213240336179,0,0
5,0.4,1.0138613861386139,0.4012430445331077,1.0,-0.0,0,0
6,0.4,1.0138613861386139,0.4012430445331077,1.0,-0.0,0,0
7,0.2,0.9465346534653467,0.3888455511646282,1.0,-0.0,0,0
8,0.2,1.1485148514851484,0.4055588642277355,1.0,-0.0,0,0
9,0.2,1.316831683168317,0.40518161358368154,1.0,-0.0,0,0
10,0.0,0.41584158415841593,0.2192393119276745,1.0,-0.0,0,0
11,0.0,0.41584158415841593,0.2192393119276745,1.0,-0.0,0,0
12,0.0,0.47722772277227726,0.22859068357565784,1.0,-0.0,0,0
13,0.0,1.2158415841584156,0.43843390805924704,1.0,-0.0,0,0
14,0.0,1.0455445544554454,0.4248528580405192,1.0,-0.0,0,0
15,0.0,1.1267326732673266,0.44027243795805215,1.0,-0.0,0,0
16,0.0,1.1267326732673266,0.44027243795805215,1.0,-0.0,0,0
17,0.0,1.0653465346534652,0.4379148711441294,1.0,-0.0,0,0
18,0.0,0.08118811881188118,0.11999411807954947,1.0,-0.0,0,0
19,0.0,0.08118811881188118,0.11999411807954947,1.0,-0.0,0,0
20,0.0,0.0,0.0,1.0,-0.0,0,0
21,0.0,0.0,0.0,1.0,-0.0,0,0
22,0.0,0.0,0.0,1.0,-0.0,0,0
23,0.0,0.11287128712871286,0.15774610904280742,1.0,-0.0,0,0
24,0.0,0.11287128712871286,0.15774610904280742,1.0,-0.0,0,0
25,0.0,0.11287128712871286,0.15774610904280742,1.0,-0.0,0,0
26,0.0,0.16039603960396034,0.18025241263723205,1.0,-0.0,0,0
27,0.0,0.38811881188118813,0.25766934399387126,1.0,-0.0,0,0
28,0.0,0.27326732673267323,0.21382471266048456,1.0,-0.0,0,0
29,0.0,0.27326732673267323,0.21382471266048456,1.0,-0.0,0,0
30,0.0,0.27326732673267323,0.21382471266048456,1.0,-0.0,0,0
31,0.0,0.22772277227722768,0.17355845414780538,1.0,-0.0,0,0
32,0.0,0.0,0.0,1.0,-0.0,0,0
33,0.0,0.0,0.0,1.0,-0.0,0,0
34,0.0,0.0,0.0,1.0,-0.0,0,0
35,0.0,0.0,0.0,1.0,-0.0,0,0
36,0.0,0.12871287128712874,0.1630990913423683,1.0,-0.0,0,0
37,0.0,0.12871287128712874,0.1630990913423683,1.0,-0.0,0,0
38,0.0,0.12871287128712874,0.1630990913423683,1.0,-0.0,0,0
39,0.0,0.12871287128712874,0.1630990913423683,1.0,-0.0,0,0
40,0.0,0.12871287128712874,0.1630990913423683,1.0,-0.0,0,0
41,0.0,0.0,0.0,1.0,-0.0,0,0
42,0.0,0.0,0.0,1.0,-0.0,0,0
43,0.0,0.0,0.0,1.0,-0.0,0,0
44,0.0,0.0,0.0,1.0,-0.0,0,0
45,0.0,0.0,0.0,1.0,-0.0,0,0
46,0.0,0.0,0.0,1.0,-0.0,0,0
47,0.0,0.0,0.0,1.0,-0.0,0,0
48,1.0,0.3405940594059407,0.22610705333684253,0.001770799099585535,2.751830707522833,0,0
49,1.0,0.3405940594059407,0.22610705333684253,0.001770799099585535,2.751830707522833,0,0
50,4.6,1.4613861386138616,0.4985067398830753,1.5268172713830166e-10,9.816212935948565,0,0
51,4.6,1.4613861386138616,0.4985067398830753,1.5268172713830166e-10,9.816212935948565,0,0
52,4.6,1.4613861386138616,0.4985067398830753,1.5268172713830166e-10,9.816212935948565,0,0
53,3.8,1.1524752475247524,0.43340559272251733,5.023748194360563e-10,9.298972136894337,0,0
54,3.8,1.1524752475247524,0.43340559272251733,5.023748194360563e-10,9.298972136894337,0,0
55,0.2,0.029702970297029712,0.07112192077650682,0.008322928729312128,2.0797238242903955,0,0
56,0.2,0.029702970297029712,0.07112192077650682,0.008322928729312128,2.0797238242903955,0,0
57,0.2,0.029702970297029712,0.07112192077650682,0.008322928729312128,2.0797238242903955,0,0
58,0.0,0.0,0.0,1.0,-0.0,0,0
59,3.6,1.1940594059405942,0.47799535649143066,2.409313567924439e-07,6.618106673659999,0,0
60,3.6,1.1940594059405942,0.47799535649143066,2.409313567924439e-07,6.618106673659999,0,0
61,4.6,1.8613861386138615,0.5202760685738239,7.05652738946547e-08,7.151408968440949,0,0
62,4.6,1.8613861386138615,0.5202760685738239,7.05652738946547e-08,7.151408968440949,0,0
63,4.6,1.8613861386138615,0.5202760685738239,7.05652738946547e-08,7.151408968440949,0,0
64,1.0,0.6673267326732673,0.37577877178596464,0.18800006471987074,0.725842001228459,0,0
65,1.6,1.0792079207920793,0.4268968924329905,0.11124226333193606,0.9537301835747702,0,0
66,0.6,0.4118811881188118,0.20260048415728577,0.17656867998572212,0.7530863297260825,0,0
67,0.6,0.4118811881188118,0.20260048415728577,0.17656867998572212,0.7530863297260825,0,0
68,0.6,0.4118811881188118,0.20260048415728577,0.17656867998572212,0.7530863297260825,0,0
69,0.6,0.4118811881188118,0.20260048415728577,0.17656867998572212,0.7530863297260825,0,0
70,0.0,0.0,0.0,1.0,-0.0,0,0
71,0.0,0.0,0.0,1.0,-0.0,0,0
72,0.0,0.0,0.0,1.0,-0.0,0,0
73,0.0,0.0,0.0,1.0,-0.0,0,0
74,0.0,0.0,0.0,1.0,-0.0,0,0
75,0.0,0.0,0.0,1.0,-0.0,0,0
76,0.0,0.0,0.0,1.0,-0.0,0,0
77,0.0,0.11287128712871286,0.1390657415135005,1.0,-0.0,0,0
78,0.0,0.11287128712871286,0.1390657415135005,1.0,-0.0,0,0
79,0.0,1.287128712871287,0.4645157952395766,1.0,-0.0,0,0
80,0.0,1.287128712871287,0.4645157952395766,1.0,-0.0,0,0
81,0.0,1.287128712871287,0.4645157952395766,1.0,-0.0,0,0
82,0.0,1.1742574257425742,0.46387380183517235,1.0,-0.0,0,0
83,0.0,1.1742574257425742,0.46387380183517235,1.0,-0.0,0,0
84,0.0,0.0,0.0,1.0,-0.0,0,0
85,0.0,0.0,0.0,1.0,-0.0,0,0
86,0.0,0.0,0.0,1.0,-0.0,0,0
87,0.0,0.08514851485148513,0.11378818137472192,1.0,-0.0,0,0
88,0.2,0.43366336633663366,0.2217291308553206,1.0,-0.0,0,0
89,0.2,0.43366336633663366,0.2217291308553206,1.0,-0.0,0,0
90,0.2,0.43366336633663366,0.2217291308553206,1.0,-0.0,0,0
91,0.2,0.43366336633663366,0.2217291308553206,1.0,-0.0,0,0
92,0.2,0.3485148514851486,0.18594892377930267,1.0,-0.0,0,0
93,0.0,0.0,0.0,1.0,-0.0,0,0
94,0.0,0.0,0.0,1.0,-0.0,0,0
95,0.0,0.0,0.0,1.0,-0.0,0,0
96,0.0,0.0,0.0,1.0,-0.0,0,0
97,0.0,0.12277227722772276,0.1406358883529878,1.0,-0.0,0,0
98,0.0,0.12277227722772276,0.1406358883529878,1.0,-0.0,0,0
99,0.0,0.12277227722772276,0.1406358883529878,1.0,-0.0,0,0
100,0.0,0.12277227722772276,0.1406358883529878,1.0,-0.0,0,0
101,0.0,0.12277227722772276,0.1406358883529878,1.0,-0.0,0,0
102,0.0,0.0,0.0,1.0,-0.0,0,0
103,0.0,0.0,0.0,1.0,-0.0,0,0
104,0.0,0.0,0.0,1.0,-0.0,0,0
105,0.0,0.0,0.0,1.0,-0.0,0,0
106,0.0,0.0,0.0,1.0,-0.0,0,0
107,0.0,0.0,0.0,1.0,-0.0,0,0
108,0.0,0.04950495049504951,0.09078727434730813,1.0,-0.0,0,0
109,0.0,0.04950495049504951,0.09078727434730813,1.0,-0.0,0,0
110,0.0,0.04950495049504951,0.09078727434730813,1.0,-0.0,0,0
111,0.0,0.04950495049504951,0.09078727434730813,1.0,-0.0,0,0
112,0.0,0.04950495049504951,0.09078727434730813,1.0,-0.0,0,0
113,0.0,0.0,0.0,1.0,-0.0,0,0
114,0.0,0.0,0.0,1.0,-0.0,0,0
115,0.0,0.057425742574257435,0.09476028605152792,1.0,-0.0,0,0
116,0.0,0.057425742574257435,0.09476028605152792,1.0,-0.0,0,0
117,0.0,0.6633663366336632,0.3208043024196156,1.0,-0.0,0,0
118,0.0,0.6633663366336632,0.3208043024196156,1.0,-0.0,0,0
119,0.0,0.7287128712871285,0.3442128726754973,1.0,-0.0,0,0
120,0.0,0.6693069306930691,0.33352084390379877,1.0,-0.0,0,0
121,0.0,0.7445544554455444,0.3583447224446195,1.0,-0.0,0,0
122,0.0,0.1386138613861386,0.16348330645980427,1.0,-0.0,0,0
123,0.0,0.1386138613861386,0.16348330645980427,1.0,-0.0,0,0
124,0.0,0.07326732673267328,0.10798889666879984,1.0,-0.0,0,0
125,0.0,0.07326732673267328,0.10798889666879984,1.0,-0.0,0,0
126,0.0,0.0,0.0,1.0,-0.0,0,0
127,0.0,0.0,0.0,1.0,-0.0,0,0
128,0.0,0.0,0.0,1.0,-0.0,0,0
129,0.0,0.0,0.0,1.0,-0.0,0,0
130,0.0,0.0,0.0,1.0,-0.0,0,0
131,0.0,0.0,0.0,1.0,-0.0,0,0
132,0.0,0.05346534653465348,0.10489443673781407,1.0,-0.0,0,0
133,0.0,0.05346534653465348,0.10489443673781407,1.0,-0.0,0,0
134,0.0,0.05346534653465348,0.10489443673781407,1.0,-0.0,0,0
135,0.0,0.5326732673267327,0.32612604952142854,1.0,-0.0,0,0
136,0.0,0.6554455445544555,0.34825597946427883,1.0,-0.0,0,0
137,0.0,0.6019801980198021,0.32880828866832185,1.0,-0.0,0,0
138,0.0,0.6019801980198021,0.32880828866832185,1.0,-0.0,0,0
139,0.0,0.6019801980198021,0.32880828866832185,1.0,-0.0,0,0
140,0.0,0.1217821782178218,0.14044058001185858,1.0,-0.0,0,0
141,0.0,0.0,0.0,1.0,-0.0,0,0
142,0.0,0.0,0.0,1.0,-0.0,0,0
143,0.0,0.0,0.0,1.0,-0.0,0,0
144,0.0,0.0,0.0,1.0,-0.0,0,0
145,0.0,0.0,0.0,1.0,-0.0,0,0
146,0.0,0.0,0.0,1.0,-0.0,0,0
147,0.0,0.057425742574257435,0.09476028605152792,1.0,-0.0,0,0
148,0.0,0.057425742574257435,0.09476028605152792,1.0,-0.0,0,0
149,0.0,0.057425742574257435,0.09476028605152792,1.0,-0.0,0,0
150,0.0,0.057425742574257435,0.09476028605152792,1.0,-0.0,0,0
151,0.0,0.057425742574257435,0.09476028605152792,1.0,-0.0,0,0
152,0.0,0.0,0.0,1.0,-0.0,0,0
153,0.0,0.0,0.0,1.0,-0.0,0,0
154,0.0,0.0,0.0,1.0,-0.0,0,0
155,0.0,0.0,0.0,1.0,-0.0,0,0
156,0.0,0.0,0.0,1.0,-0.0,0,0
157,0.0,0.0,0.0,1.0,-0.0,0,0
158,0.0,0.0,0.0,1.0,-0.0,0,0
159,0.0,0.0,0.0,1.0,-0.0,0,0
160,0.0,0.04356435643564357,0.08255312311158745,1.0,-0.0,0,0
161,0.0,0.04356435643564357,0.08255312311158745,1.0,-0.0,0,0
162,0.0,0.18019801980198016,0.1813152180952015,1.0,-0.0,0,0
163,0.0,0.18019801980198016,0.1813152180952015,1.0,-0.0,0,0
164,0.0,0.18019801980198016,0.1813152180952015,1.0,-0.0,0,0
