,foreground,bg_means,bg_stdev,pvals,minus_logs,regs,active
2,0.0,0.02970297029702971,0.07112192077650681,1.0,-0.0,0,0
3,0.0,0.02970297029702971,0.07112192077650681,1.0,-0.0,0,0
4,0.0,0.02970297029702971,0.07112192077650681,1.0,-0.0,0,0
5,0.2,0.025742574257425745,0.06697637435757531,0.004637140001348011,2.3337497919853583,0,0
6,0.2,0.025742574257425745,0.06697637435757531,0.004637140001348011,2.3337497919853583,0,0
7,0.2,0.025742574257425745,0.06697637435757531,0.004637140001348011,2.3337497919853583,0,0
8,0.2,0.06930693069306931,0.11057238501634631,0.11860911207080795,0.925881945288305,0,0
9,0.2,0.12178217821782177,0.14044058001185858,0.28878215612969627,0.5394296453607942,0,0
10,0.0,0.12574257425742574,0.1397688794853172,1.0,-0.0,0,0
11,0.0,0.12574257425742574,0.1397688794853172,1.0,-0.0,0,0
12,0.0,0.12574257425742574,0.1397688794853172,1.0,-0.0,0,0
13,0.0,0.08118811881188118,0.11320083903331847,1.0,-0.0,0,0
14,0.0,0.02970297029702971,0.07112192077650682,1.0,-0.0,0,0
15,0.0,0.0,0.0,1.0,-0.0,0,0
16,0.0,0.0,0.0,1.0,-0.0,0,0
17,0.0,0.0,0.0,1.0,-0.0,0,0
18,0.0,0.0,0.0,1.0,-0.0,0,0
19,0.0,0.0,0.0,1.0,-0.0,0,0
20,0.0,0.0,0.0,1.0,-0.0,0,0
21,0.0,0.0,0.0,1.0,-0.0,0,0
22,0.0,0.0,0.0,1.0,-0.0,0,0
23,0.0,0.0,0.0,1.0,-0.0,0,0
24,0.0,0.0,0.0,1.0,-0.0,0,0
25,0.2,0.05148514851485149,0.09186070102766893,0.052967229359378705,1.2759927437984668,0,0
26,0.4,0.08712871287128714,0.127165103825761,0.006939984119015222,2.1586415233537832,0,0
27,0.6,0.11485148514851484,0.13886822488939993,0.00023828697339413812,3.622899698894329,0,0
28,0.8,0.17029702970297025,0.1674175159433525,8.452542377298138e-05,4.073012643196845,0,0
29,0.8,0.17029702970297025,0.1674175159433525,8.452542377298138e-05,4.073012643196845,0,0
30,0.6,0.11683168316831682,0.1442421691205886,0.00040449237200763135,3.3930896639805845,0,0
31,0.4,0.08118811881188118,0.12951766673875514,0.006917252800710744,2.1600663521299848,0,0
32,0.2,0.05346534653465348,0.10104832334394513,0.07350913727109526,1.1336586742521855,0,0
33,0.0,0.0,0.0,1.0,-0.0,0,0
34,0.0,0.025742574257425745,0.0669763743575753,1.0,-0.0,0,0
35,0.0,0.025742574257425745,0.0669763743575753,1.0,-0.0,0,0
36,0.0,0.025742574257425745,0.0669763743575753,1.0,-0.0,0,0
37,0.0,0.025742574257425745,0.0669763743575753,1.0,-0.0,0,0
38,0.0,0.025742574257425745,0.0669763743575753,1.0,-0.0,0,0
39,0.0,0.0,0.0,1.0,-0.0,0,0
40,0.0,0.16633663366336632,0.15937826461670404,1.0,-0.0,0,0
41,0.0,0.35049504950495053,0.20759049672836247,1.0,-0.0,0,0
42,0.2,0.4415841584158416,0.24424761284955798,1.0,-0.0,0,0
43,0.2,0.6039603960396039,0.29782072887953615,1.0,-0.0,0,0
44,0.2,0.6237623762376238,0.3187688304984096,1.0,-0.0,0,0
45,0.2,0.4574257425742574,0.29696368903394,1.0,-0.0,1,0
46,0.2,0.41584158415841577,0.2837976804332139,1.0,-0.0,0,0
47,0.0,0.3584158415841584,0.26147613212267823,1.0,-0.0,0,0
48,0.0,0.19603960396039605,0.19084013945594866,1.0,-0.0,1,0
49,1.0,0.46138613861386146,0.27103406567875754,0.02344706074985993,1.6299115913336506,0,0
50,1.4,1.0198019801980198,0.39048581114932984,0.1651142154090488,0.782215534805402,0,0
51,1.8,1.003960396039604,0.38586941619195264,0.019557422319879038,1.708688386052659,0,0
52,1.8,0.9702970297029703,0.3800845540258103,0.014519998742035675,1.8380334212617508,2,0
53,1.8,0.9702970297029703,0.3800845540258103,0.014519998742035675,1.8380334212617508,1,0
54,0.8,0.683168316831683,0.3034681730684188,0.35012305770765617,0.45577928739132967,0,0
55,0.4,0.12673267326732673,0.139937106883602,0.02542243521578166,1.5947828507088087,0,0
56,0.0,0.05940594059405942,0.0996808946427978,1.0,-0.0,0,0
57,0.0,0.05940594059405942,0.0996808946427978,1.0,-0.0,0,0
58,0.0,0.12475247524752472,0.1511709677939985,1.0,-0.0,0,0
59,0.0,0.12475247524752472,0.1511709677939985,1.0,-0.0,0,0
60,0.0,0.12475247524752472,0.1511709677939985,1.0,-0.0,0,0
61,0.0,0.06534653465346536,0.10939585993610405,1.0,-0.0,0,0
62,0.0,0.06534653465346536,0.10939585993610405,1.0,-0.0,0,0
63,0.0,0.025742574257425745,0.06697637435757531,1.0,-0.0,1,0
64,0.0,0.025742574257425745,0.06697637435757531,1.0,-0.0,0,0
65,0.2,0.08514851485148514,0.12379009590564582,0.17675768599419261,0.7526216925958915,0,0
66,0.2,0.08514851485148514,0.12379009590564582,0.17675768599419261,0.7526216925958915,0,0
67,0.2,0.08514851485148514,0.12379009590564582,0.17675768599419261,0.7526216925958915,0,0
68,0.2,0.0594059405940594,0.11096178792967841,0.10256882529016816,0.9889846183837064,0,0
69,0.2,0.09306930693069307,0.13661931335176508,0.21690432421099848,0.6637317897919139,0,0
70,0.0,0.033663366336633666,0.07482947971362847,1.0,-0.0,0,0
71,0.0,0.033663366336633666,0.07482947971362847,1.0,-0.0,0,0
72,0.0,0.033663366336633666,0.07482947971362847,1.0,-0.0,0,0
73,0.0,0.033663366336633666,0.07482947971362847,1.0,-0.0,0,0
74,0.0,0.0,0.0,1.0,-0.0,0,0
75,0.0,0.0,0.0,1.0,-0.0,0,0
76,0.0,0.07326732673267328,0.10425700262248065,1.0,-0.0,0,0
77,0.0,0.07326732673267328,0.10425700262248065,1.0,-0.0,0,0
78,0.0,0.07326732673267328,0.10425700262248065,1.0,-0.0,0,0
79,0.0,0.07326732673267328,0.10425700262248065,1.0,-0.0,0,0
80,0.2,0.3980198019801981,0.2662464420883653,1.0,-0.0,0,0
81,0.2,0.3237623762376237,0.24662012912453637,1.0,-0.0,0,0
82,0.2,0.4613861386138614,0.2680957037002187,1.0,-0.0,0,0
83,0.4,0.5762376237623763,0.2832444680544748,1.0,-0.0,0,0
84,0.4,0.6534653465346534,0.3081610599964688,1.0,-0.0,0,0
85,0.2,0.33069306930693076,0.22766249740403607,1.0,-0.0,0,0
86,1.8,0.9366336633663365,0.3909173704888874,0.013602463653619293,1.8663824258744501,0,0
87,1.8,0.7999999999999998,0.3658707232597518,0.0031360559813976108,2.503616193374375,0,0
88,1.6,0.6851485148514852,0.32131725743186734,0.0022053470664824782,2.6565230537258118,1,0
89,1.6,0.6079207920792078,0.3107586272642718,0.00070537389778203,3.151580615350371,0,0
90,1.6,0.6079207920792078,0.3107586272642718,0.00070537389778203,3.151580615350371,0,0
91,0.0,0.0,0.0,1.0,-0.0,0,0
92,0.0,0.0,0.0,1.0,-0.0,0,0
93,0.0,0.0,0.0,1.0,-0.0,0,0
94,0.0,0.0,0.0,1.0,-0.0,0,0
95,0.0,0.0,0.0,1.0,-0.0,0,0
96,0.0,0.0,0.0,1.0,-0.0,0,0
97,0.0,0.0,0.0,1.0,-0.0,0,0
98,0.0,0.0,0.0,1.0,-0.0,0,0
99,0.0,0.0,0.0,1.0,-0.0,0,0
100,0.0,0.06534653465346536,0.10571364605971599,1.0,-0.0,0,0
101,0.6,0.5158415841584157,0.2672680536992469,0.376424890671251,0.42432166706260294,0,0
102,0.8,0.5722772277227722,0.28007029240771714,0.20808280166640536,0.6817638133493392,0,0
103,0.8,0.6158415841584158,0.29205067825087716,0.2641608377945108,0.5781315667003153,0,0
104,0.8,0.693069306930693,0.30385556291985416,0.3624517913221731,0.44074974952076096,0,0
105,1.0,0.7663366336633662,0.307103113499914,0.22336947923899642,0.6509761683001518,0,0
106,0.4,0.3158415841584159,0.2146757505511933,0.34751960470209753,0.45902069042989996,0,0
107,0.2,0.2594059405940594,0.20205783792196594,1.0,-0.0,0,0
108,0.4,0.2910891089108911,0.21530499200983352,0.30648283470061477,0.5135938441588159,0,0
109,0.4,0.21386138613861383,0.187230838076401,0.16007092428401076,0.7956875473422975,0,0
110,0.2,0.07524752475247526,0.11205191564986228,0.13278007588509982,0.8768670874855233,0,0
111,0.2,0.07524752475247526,0.11205191564986228,0.13278007588509982,0.8768670874855233,0,0
112,0.2,0.07524752475247526,0.11205191564986228,0.13278007588509982,0.8768670874855233,0,0
113,0.0,0.0,0.0,1.0,-0.0,0,0
114,0.0,0.0,0.0,1.0,-0.0,0,0
115,0.0,0.0,0.0,1.0,-0.0,0,0
116,0.0,0.0,0.0,1.0,-0.0,0,0
117,0.0,0.0,0.0,1.0,-0.0,0,0
118,0.0,0.04356435643564357,0.08255312311158745,1.0,-0.0,0,0
119,0.0,0.04356435643564357,0.08255312311158745,1.0,-0.0,0,0
120,0.0,0.04356435643564357,0.08255312311158745,1.0,-0.0,0,0
121,0.0,0.04356435643564357,0.08255312311158745,1.0,-0.0,0,0
122,0.0,0.04356435643564357,0.08255312311158745,1.0,-0.0,0,0
123,0.0,0.0,0.0,1.0,-0.0,0,0
124,0.0,0.0,0.0,1.0,-0.0,0,0
125,0.0,0.033663366336633666,0.07482947971362845,1.0,-0.0,1,0
126,0.6,0.1287128712871287,0.1423540653909816,0.0004653668866391127,3.33220452234181,0,0
127,1.8,0.4455445544554456,0.2854646212669768,1.0438708937469724e-06,5.981353211679074,0,0
128,2.0,0.5445544554455446,0.303274292579432,7.968762781839587e-07,6.098609101280091,0,0
129,2.0,0.6356435643564355,0.32868901261380484,1.6558255255952026e-05,4.780985426768055,1,0
130,2.0,0.7762376237623763,0.3585306965472143,0.0003209405662229521,3.493575385511809,0,0
131,1.4,0.6811881188118813,0.349458668015141,0.019846498705861356,1.7023160998251263,0,0
132,0.2,0.36435643564356435,0.264606623184001,1.0,-0.0,0,0
133,0.0,0.26534653465346536,0.20120215122186993,1.0,-0.0,0,0
134,0.0,0.17425742574257425,0.1656989189819567,1.0,-0.0,0,0
135,0.0,0.07326732673267328,0.10798889666879984,1.0,-0.0,0,0
136,0.0,0.17227722772277226,0.16417740457959706,1.0,-0.0,0,0
137,0.2,0.29900990099009905,0.21548703735563077,1.0,-0.0,0,0
138,0.2,0.29900990099009905,0.21548703735563077,1.0,-0.0,0,0
139,1.0,0.8534653465346534,0.37747581561392085,0.3489354458118228,0.45725491149606634,0,0
140,1.4,0.9564356435643564,0.3905862163375746,0.1280541526885568,0.8926063331621104,0,0
141,1.4,0.8594059405940594,0.36101567882953356,0.06714129724976806,1.173010271920696,1,0
142,1.2,0.7544554455445545,0.3387585817773061,0.09421675165418093,1.0258718731712677,0,0
143,1.2,0.7544554455445545,0.3387585817773061,0.09421675165418093,1.0258718731712677,0,0
144,1.8,0.7702970297029703,0.37058812088046206,0.0027299842136782847,2.563839864289732,0,0
145,1.6,0.6435643564356437,0.3360857509577921,0.002214942215607901,2.6546375993596367,0,0
146,2.2,0.9465346534653465,0.41352489992567953,0.001218029746347273,2.91434210536757,0,0
147,2.2,1.0495049504950495,0.42719990042834477,0.003539477147187184,2.4510608873703172,0,0
148,2.2,1.1049504950495048,0.43835340813155205,0.006243094257186956,2.204600108114177,0,0
149,0.8,0.5346534653465347,0.28578037803213396,0.1765746295129228,0.7530716963080681,0,0
150,0.6,0.6554455445544555,0.3307582789800013,1.0,-0.0,0,0
151,0.0,0.3544554455445545,0.23526885925194688,1.0,-0.0,0,0
152,0.0,0.22772277227722773,0.17806373977319878,1.0,-0.0,0,0
153,0.0,0.17425742574257425,0.17724708119287327,1.0,-0.0,0,0
154,0.0,0.17425742574257425,0.17724708119287327,1.0,-0.0,0,0
155,0.0,0.0,0.0,1.0,-0.0,0,0
156,0.0,0.041584158415841586,0.08590499787518362,1.0,-0.0,0,0
157,0.0,0.0891089108910891,0.13923481846532235,1.0,-0.0,0,0
158,0.0,0.0891089108910891,0.13923481846532235,1.0,-0.0,0,0
159,0.0,0.0891089108910891,0.13923481846532235,1.0,-0.0,0,0
160,0.0,0.0891089108910891,0.13923481846532235,1.0,-0.0,0,0
161,0.0,0.04752475247524753,0.09397077637785879,1.0,-0.0,0,0
162,0.0,0.10495049504950493,0.12771893462651168,1.0,-0.0,0,0
163,0.0,0.10495049504950493,0.12771893462651168,1.0,-0.0,0,0
164,0.0,0.10495049504950493,0.12771893462651168,1.0,-0.0,0,0
165,0.0,0.12277227722772274,0.14342430861173722,1.0,-0.0,0,0
166,0.0,0.2376237623762376,0.19642925572494643,1.0,-0.0,0,0
167,0.0,0.13267326732673265,0.1442693512878177,1.0,-0.0,0,0
168,0.0,0.39999999999999997,0.260995808167848,1.0,-0.0,2,0
169,0.0,0.39999999999999997,0.260995808167848,1.0,-0.0,0,0
170,0.0,0.3821782178217822,0.25962503029796624,1.0,-0.0,0,0
171,0.0,0.2673267326732673,0.2166847008498613,1.0,-0.0,0,0
172,0.0,0.815841584158416,0.42745682968114423,1.0,-0.0,0,0
173,0.0,1.1980198019801982,0.4507376128608367,1.0,-0.0,0,0
174,0.0,1.5128712871287127,0.463662425498482,1.0,-0.0,0,0
175,0.2,1.8574257425742573,0.51152006719121,1.0,-0.0,0,0
176,0.2,1.8574257425742573,0.51152006719121,1.0,-0.0,0,0
177,0.6,1.5881188118811882,0.5080124596415561,1.0,-0.0,0,0
178,0.6,0.9366336633663366,0.4220935029154221,1.0,-0.0,0,0
179,0.6,0.6217821782178218,0.33288536378903527,1.0,-0.0,0,0
180,0.4,0.27722772277227725,0.23031669463047466,0.29699653450876723,0.5272486181996233,0,0
181,1.2,0.7366336633663365,0.37541337540254766,0.1085487394432433,0.9643752155630598,0,0
182,0.8,0.5069306930693069,0.31536790576821316,0.17636853265686608,0.7535788983002881,0,0
183,0.8,0.6435643564356435,0.33726208088782206,0.32138119140776966,0.492979543586489,0,0
184,0.8,0.6435643564356435,0.33726208088782206,0.32138119140776966,0.492979543586489,0,0
185,0.8,0.6435643564356435,0.33726208088782206,0.32138119140776966,0.492979543586489,0,0
186,0.0,0.2396039603960396,0.17804171717219025,1.0,-0.0,0,0
187,0.0,0.19207920792079206,0.1614802616861395,1.0,-0.0,0,0
188,0.0,0.07920792079207921,0.11285391563386142,1.0,-0.0,0,0
189,0.0,0.07920792079207921,0.11285391563386142,1.0,-0.0,0,0
190,0.0,0.07920792079207921,0.11285391563386142,1.0,-0.0,0,0
191,0.0,0.025742574257425748,0.06697637435757531,1.0,-0.0,0,0
192,0.0,0.25940594059405936,0.2000882071931743,1.0,-0.0,0,0
193,0.0,0.23366336633663365,0.1910249725641211,1.0,-0.0,0,0
194,0.0,0.3643564356435644,0.234450762597064,1.0,-0.0,0,0
195,0.0,0.7663366336633664,0.3246558658521853,1.0,-0.0,0,0
196,0.0,0.7663366336633664,0.3246558658521853,1.0,-0.0,0,0
197,0.0,0.5326732673267327,0.30737113081361656,1.0,-0.0,0,0
198,0.0,0.6257425742574257,0.3204741120656461,1.0,-0.0,0,0
199,0.0,0.49702970297029714,0.2808951199730324,1.0,-0.0,0,0
200,0.0,0.14257425742574256,0.16730036701294593,1.0,-0.0,0,0
201,0.0,0.21584158415841584,0.19229343978313213,1.0,-0.0,0,0
202,0.0,0.2356435643564356,0.20371993900374946,1.0,-0.0,0,0
203,0.0,0.14257425742574253,0.1416637593862964,1.0,-0.0,0,0
204,0.0,0.40198019801980206,0.25250436640467455,1.0,-0.0,0,0
205,0.6,0.8198019801980199,0.3394870335324648,1.0,-0.0,0,0
206,0.6,0.7465346534653466,0.3411002455466847,1.0,-0.0,0,0
207,0.8,1.2574257425742574,0.45322748744634167,1.0,-0.0,0,0
208,1.0,1.6217821782178217,0.5088530999278146,1.0,-0.0,0,0
209,1.0,1.3613861386138615,0.4740744598385662,1.0,-0.0,0,0
210,0.4,0.8960396039603962,0.37493782773834666,1.0,-0.0,0,0
211,0.4,0.8960396039603962,0.37493782773834666,1.0,-0.0,0,0
212,0.2,0.36435643564356435,0.2675833018868731,1.0,-0.0,0,0
213,0.0,0.33069306930693076,0.23282278743285656,1.0,-0.0,0,0
214,0.0,0.3584158415841584,0.2409828582427928,1.0,-0.0,0,0
215,0.0,0.3584158415841584,0.2409828582427928,1.0,-0.0,0,0
216,0.0,0.3584158415841584,0.2409828582427928,1.0,-0.0,0,0
217,0.0,0.3584158415841584,0.2409828582427928,1.0,-0.0,0,0
218,0.0,0.16435643564356434,0.16018810626658758,1.0,-0.0,0,0
