,foreground,bg_means,bg_stdev,pvals,minus_logs,regs,active
2,0.0,0.041584158415841586,0.08116396646304633,1.0,-0.0,0,0
3,0.0,0.041584158415841586,0.08116396646304633,1.0,-0.0,0,0
4,0.0,0.09306930693069305,0.11454380090280848,1.0,-0.0,0,0
5,0.0,0.05148514851485149,0.096075322540263,1.0,-0.0,0,0
6,0.0,0.0712871287128713,0.10747934055534188,1.0,-0.0,0,0
7,0.0,0.0712871287128713,0.10747934055534188,1.0,-0.0,0,0
8,0.2,0.07524752475247526,0.11205191564986228,0.13278007588509982,0.8768670874855233,0,0
9,0.2,0.023762376237623766,0.06471340450838887,0.003231121245907738,2.4906467450338194,0,0
10,0.2,0.023762376237623766,0.06471340450838887,0.003231121245907738,2.4906467450338194,0,0
11,0.2,0.0712871287128713,0.11461224656227946,0.1307125990009052,0.8836825500410105,0,0
12,0.2,0.0712871287128713,0.11461224656227946,0.1307125990009052,0.8836825500410105,0,0
13,0.0,0.06732673267326733,0.11000352009767247,1.0,-0.0,0,0
14,0.0,0.0891089108910891,0.12420120222231067,1.0,-0.0,0,0
15,0.0,0.0891089108910891,0.12420120222231067,1.0,-0.0,0,0
16,0.0,0.04356435643564357,0.08255312311158745,1.0,-0.0,0,0
17,0.0,0.12673267326732673,0.1534365990321625,1.0,-0.0,0,0
18,0.0,0.12673267326732673,0.1534365990321625,1.0,-0.0,0,0
19,0.0,0.10495049504950495,0.1423816080178024,1.0,-0.0,0,0
20,0.0,0.10495049504950495,0.1423816080178024,1.0,-0.0,0,0
21,0.0,0.08316831683168316,0.12028786177019754,1.0,-0.0,0,0
22,0.0,0.0,0.0,1.0,-0.0,0,0
23,0.0,0.013861386138613863,0.05079507064705211,1.0,-0.0,0,0
24,0.0,0.041584158415841586,0.08116396646304633,1.0,-0.0,0,0
25,0.0,0.041584158415841586,0.08116396646304633,1.0,-0.0,0,0
26,0.0,0.09306930693069305,0.12762679639066946,1.0,-0.0,0,0
27,0.0,0.09306930693069305,0.12762679639066946,1.0,-0.0,0,0
28,0.0,0.09108910891089109,0.12750384183766536,1.0,-0.0,0,0
29,0.0,0.06336633663366337,0.09721138779115705,1.0,-0.0,0,0
30,0.0,0.06336633663366337,0.09721138779115705,1.0,-0.0,0,0
31,0.0,0.011881188118811883,0.047276579747775535,1.0,-0.0,0,0
32,0.0,0.011881188118811883,0.047276579747775535,1.0,-0.0,0,0
33,0.0,0.0,0.0,1.0,-0.0,0,0
34,0.0,0.039603960396039604,0.07970143286137867,1.0,-0.0,0,0
35,0.0,0.039603960396039604,0.07970143286137867,1.0,-0.0,0,0
36,0.0,0.08514851485148514,0.11025275966000045,1.0,-0.0,0,0
37,0.0,0.08514851485148514,0.11025275966000045,1.0,-0.0,0,0
38,0.0,0.1465346534653465,0.143205423617937,1.0,-0.0,0,0
39,0.0,0.10495049504950495,0.1307830473343237,1.0,-0.0,0,0
40,0.0,0.10495049504950495,0.1307830473343237,1.0,-0.0,0,0
41,0.0,0.0594059405940594,0.0996808946427978,1.0,-0.0,0,0
42,0.0,0.0594059405940594,0.0996808946427978,1.0,-0.0,0,0
43,0.0,0.0,0.0,1.0,-0.0,0,0
44,0.0,0.0,0.0,1.0,-0.0,0,0
45,0.0,0.0,0.0,1.0,-0.0,0,0
46,0.0,0.0,0.0,1.0,-0.0,0,0
47,0.0,0.007920792079207921,0.03900537743285587,1.0,-0.0,0,0
48,0.0,0.021782178217821784,0.06230547612891991,1.0,-0.0,0,0
49,0.0,0.021782178217821784,0.06230547612891991,1.0,-0.0,0,0
50,0.0,0.021782178217821784,0.06230547612891991,1.0,-0.0,0,0
51,0.0,0.021782178217821784,0.06230547612891991,1.0,-0.0,0,0
52,0.0,0.013861386138613863,0.05079507064705211,1.0,-0.0,0,0
53,0.0,0.0,0.0,1.0,-0.0,0,0
54,0.0,0.0,0.0,1.0,-0.0,0,0
55,0.0,0.0,0.0,1.0,-0.0,0,0
56,0.0,0.007920792079207921,0.03900537743285587,1.0,-0.0,0,0
57,0.0,0.007920792079207921,0.03900537743285587,1.0,-0.0,0,0
58,0.0,0.06534653465346535,0.10571364605971598,1.0,-0.0,0,0
59,0.0,0.08712871287128714,0.1207758469859557,1.0,-0.0,0,0
60,0.2,0.13861386138613863,0.14554118673277588,0.3365933621639278,0.4728944528402984,0,0
61,0.2,0.1297029702970297,0.14728201173692715,0.3165758858037518,0.49952216926272625,0,0
62,0.2,0.1297029702970297,0.14728201173692715,0.3165758858037518,0.49952216926272625,0,0
63,0.2,0.07128712871287128,0.09983812012638045,0.09866155529018229,1.0058520426482542,0,0
64,0.2,0.04950495049504951,0.08631483056516186,0.040617958542992695,1.3912819080063725,0,0
65,0.0,0.0,0.0,1.0,-0.0,0,0
66,0.0,0.0,0.0,1.0,-0.0,0,0
67,0.0,0.0,0.0,1.0,-0.0,0,0
68,0.0,0.07524752475247526,0.10845991237726064,1.0,-0.0,0,0
69,0.0,0.07524752475247526,0.10845991237726064,1.0,-0.0,0,0
70,0.0,0.07524752475247526,0.10845991237726064,1.0,-0.0,0,0
71,0.2,0.14059405940594058,0.15036471688371983,0.3463922966247934,0.46043177476827185,0,0
72,0.2,0.14059405940594058,0.15036471688371983,0.3463922966247934,0.46043177476827185,0,0
73,0.2,0.06336633663366338,0.10120342446875752,0.08849366552547523,1.0530878154692966,0,0
74,0.2,0.06336633663366338,0.10120342446875752,0.08849366552547523,1.0530878154692966,0,0
75,0.2,0.10297029702970295,0.127780323207142,0.2238222754810133,0.6500966933346087,0,0
76,0.0,0.0396039603960396,0.09342674148186496,1.0,-0.0,0,0
77,0.2,0.08118811881188118,0.1264228887090089,0.17366078882092117,0.7602982306092326,0,0
78,0.4,0.2376237623762376,0.19843520784522387,0.20659768975058979,0.6848745392257906,0,0
79,0.4,0.2376237623762376,0.19843520784522387,0.20659768975058979,0.6848745392257906,0,0
80,0.8,0.33267326732673275,0.19145555588549418,0.007325051845570667,2.1351892970945943,0,0
81,0.8,0.33267326732673275,0.19145555588549418,0.007325051845570667,2.1351892970945943,0,0
82,0.6,0.2891089108910891,0.1745721729943302,0.03746649737623864,1.4263569058193115,0,0
83,0.4,0.1346534653465346,0.14380655568606185,0.0325069160362252,1.4880242305032718,0,0
84,0.4,0.1346534653465346,0.14380655568606185,0.0325069160362252,1.4880242305032718,0,0
85,0.0,0.0,0.0,1.0,-0.0,0,0
86,0.0,0.0,0.0,1.0,-0.0,0,0
87,0.0,0.019801980198019802,0.0597350618970232,1.0,-0.0,0,0
88,0.0,0.03762376237623763,0.08307396817189318,1.0,-0.0,0,0
89,0.0,0.03762376237623763,0.08307396817189318,1.0,-0.0,0,0
90,0.0,0.03762376237623763,0.08307396817189318,1.0,-0.0,0,0
91,0.0,0.047524752475247525,0.08965727859541998,1.0,-0.0,0,0
92,0.0,0.03564356435643565,0.08154954567118415,1.0,-0.0,0,0
93,0.0,0.017821782178217824,0.05698017651460656,1.0,-0.0,0,0
94,0.0,0.07722772277227724,0.10135828825401766,1.0,-0.0,0,0
95,0.0,0.07722772277227724,0.10135828825401766,1.0,-0.0,0,0
96,0.0,0.06732673267326733,0.09861306612268303,1.0,-0.0,0,0
97,0.0,0.08712871287128712,0.11745095149573799,1.0,-0.0,0,0
98,0.0,0.08712871287128712,0.11745095149573799,1.0,-0.0,0,0
99,0.0,0.04554455445544555,0.09700949476369022,1.0,-0.0,0,0
100,0.0,0.04554455445544555,0.09700949476369022,1.0,-0.0,0,0
