,foreground,bg_means,bg_stdev,pvals,minus_logs,regs,active
2,0.2,0.1762376237623762,0.1786353744371313,0.44708812040213564,0.34960686963620075,0,0
3,0.2,0.1762376237623762,0.1786353744371313,0.44708812040213564,0.34960686963620075,0,0
4,0.2,0.1762376237623762,0.1786353744371313,0.44708812040213564,0.34960686963620075,0,0
5,0.2,0.1881188118811881,0.18200594523684843,0.473975882961207,0.3242437557169101,0,0
6,0.2,0.19801980198019797,0.1834651060895124,0.4956941709927601,0.30478618805584073,0,0
7,0.0,0.10297029702970295,0.12464241569787099,1.0,-0.0,0,0
8,0.0,0.10297029702970295,0.12464241569787099,1.0,-0.0,0,0
9,0.0,0.10297029702970295,0.12464241569787099,1.0,-0.0,0,0
10,0.0,0.031683168316831684,0.07826167463512675,1.0,-0.0,0,0
11,0.0,0.021782178217821784,0.06230547612891992,1.0,-0.0,0,0
12,0.0,0.0,0.0,1.0,-0.0,0,0
13,0.0,0.0,0.0,1.0,-0.0,0,0
14,0.0,0.0,0.0,1.0,-0.0,0,0
15,0.0,0.017821782178217824,0.05698017651460656,1.0,-0.0,0,0
16,0.0,0.03564356435643565,0.08626938974571075,1.0,-0.0,0,0
17,0.0,0.03564356435643565,0.08626938974571075,1.0,-0.0,0,0
18,0.0,0.03762376237623762,0.09211646217515253,1.0,-0.0,0,0
19,0.0,0.2574257425742574,0.22220610121355305,1.0,-0.0,0,0
20,0.0,0.2712871287128713,0.2279207060584263,1.0,-0.0,0,0
21,0.0,0.5663366336633664,0.27870891438022644,1.0,-0.0,0,0
22,0.0,0.5663366336633664,0.27870891438022644,1.0,-0.0,0,0
23,0.0,0.6376237623762376,0.30793193447096817,1.0,-0.0,0,0
24,0.0,0.41782178217821786,0.26416168151528385,1.0,-0.0,0,0
25,0.0,0.38613861386138615,0.2552535927813389,1.0,-0.0,0,0
26,0.0,0.1485148514851485,0.1816393234925723,1.0,-0.0,0,0
27,0.0,0.1485148514851485,0.1816393234925723,1.0,-0.0,0,0
28,0.0,0.24356435643564353,0.20605480458342285,1.0,-0.0,0,0
29,0.0,0.30297029702970296,0.21176086154922535,1.0,-0.0,0,0
30,0.0,0.30297029702970296,0.21176086154922535,1.0,-0.0,0,0
31,0.0,0.22772277227722768,0.19504699199265746,1.0,-0.0,0,0
32,0.0,0.22772277227722768,0.19504699199265746,1.0,-0.0,0,0
33,0.0,0.05940594059405942,0.11447531431916541,1.0,-0.0,0,0
34,0.0,0.07722772277227724,0.1124710639300034,1.0,-0.0,0,0
35,0.0,0.07722772277227724,0.1124710639300034,1.0,-0.0,0,0
36,0.0,0.08514851485148514,0.1172170185104851,1.0,-0.0,0,0
37,0.0,0.08514851485148514,0.1172170185104851,1.0,-0.0,0,0
38,0.0,0.36237623762376237,0.2974650275304078,1.0,-0.0,0,0
39,0.0,0.29900990099009905,0.2664378327374916,1.0,-0.0,0,0
40,0.0,0.29900990099009905,0.2664378327374916,1.0,-0.0,0,0
41,0.0,0.2910891089108911,0.2662906213705226,1.0,-0.0,0,0
42,0.0,0.40594059405940586,0.2848733545877932,1.0,-0.0,0,0
43,0.0,0.13069306930693067,0.1419402846531281,1.0,-0.0,0,0
44,0.0,0.11287128712871287,0.1332483472575107,1.0,-0.0,0,0
45,0.0,0.19207920792079206,0.1733097543528005,1.0,-0.0,0,0
46,0.0,0.19207920792079206,0.1733097543528005,1.0,-0.0,0,0
47,0.0,0.08118811881188118,0.11999411807954947,1.0,-0.0,0,0
48,0.0,0.08118811881188118,0.11999411807954947,1.0,-0.0,0,0
49,0.0,0.21386138613861388,0.1914145896807061,1.0,-0.0,0,0
50,0.0,0.1584158415841584,0.17192407185067915,1.0,-0.0,0,0
51,0.0,0.1584158415841584,0.17192407185067915,1.0,-0.0,0,0
52,0.0,0.15445544554455445,0.17091758912506996,1.0,-0.0,0,0
53,0.0,0.2792079207920792,0.2181455739234917,1.0,-0.0,0,0
54,0.0,0.1485148514851485,0.15834156674616875,1.0,-0.0,0,0
55,0.0,0.12475247524752475,0.15117096779399852,1.0,-0.0,0,0
56,0.0,0.12475247524752475,0.15117096779399852,1.0,-0.0,0,0
57,0.0,0.12475247524752475,0.15117096779399852,1.0,-0.0,0,0
58,0.0,0.0,0.0,1.0,-0.0,0,0
59,0.2,0.017821782178217824,0.05698017651460656,0.0006937928196726553,3.15877019915046,0,0
60,0.2,0.017821782178217824,0.05698017651460656,0.0006937928196726553,3.15877019915046,0,0
61,0.2,0.017821782178217824,0.05698017651460656,0.0006937928196726553,3.15877019915046,0,0
62,0.2,0.017821782178217824,0.05698017651460656,0.0006937928196726553,3.15877019915046,0,0
63,0.2,0.017821782178217824,0.05698017651460656,0.0006937928196726553,3.15877019915046,0,0
64,0.0,0.0,0.0,1.0,-0.0,0,0
65,0.0,0.0,0.0,1.0,-0.0,0,0
66,0.0,0.0,0.0,1.0,-0.0,0,0
67,0.0,0.0,0.0,1.0,-0.0,0,0
68,0.2,0.007920792079207921,0.03900537743285587,4.2303541670263104e-07,6.3736232717865695,0,0
69,0.2,0.007920792079207921,0.03900537743285587,4.2303541670263104e-07,6.3736232717865695,0,0
70,0.2,0.007920792079207921,0.03900537743285587,4.2303541670263104e-07,6.3736232717865695,0,0
71,0.2,0.007920792079207921,0.03900537743285587,4.2303541670263104e-07,6.3736232717865695,0,0
72,0.2,0.007920792079207921,0.03900537743285587,4.2303541670263104e-07,6.3736232717865695,0,0
73,0.0,0.011881188118811883,0.04727657974777555,1.0,-0.0,0,0
74,0.0,0.011881188118811883,0.04727657974777555,1.0,-0.0,0,0
75,0.0,0.011881188118811883,0.04727657974777555,1.0,-0.0,0,0
76,0.0,0.011881188118811883,0.04727657974777555,1.0,-0.0,0,0
77,0.0,0.011881188118811883,0.04727657974777555,1.0,-0.0,0,0
78,0.0,0.0,0.0,1.0,-0.0,0,0
79,0.0,0.0,0.0,1.0,-0.0,0,0
80,0.0,0.0,0.0,1.0,-0.0,0,0
81,0.0,0.0,0.0,1.0,-0.0,0,0
82,0.0,0.0,0.0,1.0,-0.0,0,0
83,0.0,0.0,0.0,1.0,-0.0,0,0
84,0.0,0.0,0.0,1.0,-0.0,0,0
85,0.0,0.0,0.0,1.0,-0.0,0,0
86,0.0,0.0,0.0,1.0,-0.0,0,0
87,0.0,0.0,0.0,1.0,-0.0,0,0
88,0.0,0.0,0.0,1.0,-0.0,0,0
89,0.0,0.0,0.0,1.0,-0.0,0,0
90,0.0,0.02772277227722773,0.07461957893630405,1.0,-0.0,0,0
91,0.0,0.057425742574257435,0.09885135821266286,1.0,-0.0,0,0
92,0.0,0.10495049504950495,0.15049504950495052,1.0,-0.0,0,0
93,0.0,0.12475247524752475,0.15632280678012317,1.0,-0.0,0,0
94,0.0,0.12475247524752475,0.15632280678012317,1.0,-0.0,0,0
95,0.0,0.29900990099009905,0.2365155676976814,1.0,-0.0,0,0
96,0.0,0.26930693069306927,0.22059441491696832,1.0,-0.0,0,0
97,0.0,0.22178217821782173,0.20662491026923688,1.0,-0.0,0,0
98,0.0,0.20198019801980197,0.18983066869238602,1.0,-0.0,0,0
99,0.0,0.20198019801980197,0.18983066869238602,1.0,-0.0,0,0
100,0.0,0.0,0.0,1.0,-0.0,0,0
101,0.0,0.0,0.0,1.0,-0.0,0,0
102,0.0,0.0,0.0,1.0,-0.0,0,0
103,0.0,0.0,0.0,1.0,-0.0,0,0
104,0.0,0.0,0.0,1.0,-0.0,0,0
105,0.0,0.0,0.0,1.0,-0.0,0,0
106,0.0,0.0,0.0,1.0,-0.0,0,0
107,0.0,0.0,0.0,1.0,-0.0,0,0
108,0.0,0.0,0.0,1.0,-0.0,0,0
109,0.2,0.1584158415841584,0.17421241542909127,0.4056698765562471,0.3918272400923491,0,0
110,0.2,0.1801980198019802,0.1791176404070512,0.4559854369816893,0.3410490273783009,0,0
111,0.2,0.1801980198019802,0.1791176404070512,0.4559854369816893,0.3410490273783009,0,0
112,0.2,0.18811881188118812,0.19051110448801098,0.4751361604651154,0.32318191613340186,0,0
113,0.2,0.18811881188118812,0.19051110448801098,0.4751361604651154,0.32318191613340186,0,0
114,0.0,0.02970297029702971,0.07648795214189294,1.0,-0.0,0,0
115,0.0,0.03564356435643565,0.08626938974571076,1.0,-0.0,0,0
116,0.0,0.03564356435643565,0.08626938974571076,1.0,-0.0,0,0
117,0.0,0.1267326732673267,0.13415750246300454,1.0,-0.0,0,0
118,0.0,0.1267326732673267,0.13415750246300454,1.0,-0.0,0,0
119,0.0,0.21386138613861383,0.18510350488002839,1.0,-0.0,0,0
120,0.0,0.18613861386138614,0.17407731466008644,1.0,-0.0,0,0
121,0.0,0.2514851485148515,0.19831660924442426,1.0,-0.0,0,0
122,0.0,0.1603960396039604,0.17804171717219025,1.0,-0.0,0,0
123,0.0,0.21188118811881188,0.19462435446028697,1.0,-0.0,0,0
124,0.0,0.13267326732673268,0.13867042693078493,1.0,-0.0,0,0
125,0.0,0.15247524752475244,0.1519471373722842,1.0,-0.0,0,0
126,0.0,0.09900990099009897,0.14246420394934614,1.0,-0.0,0,0
127,0.0,0.09306930693069305,0.13948804962658473,1.0,-0.0,0,0
128,0.0,0.041584158415841586,0.09039772047931348,1.0,-0.0,0,0
129,0.0,0.033663366336633666,0.08475617647141663,1.0,-0.0,0,0
130,0.0,0.013861386138613863,0.05079507064705211,1.0,-0.0,0,0
131,0.0,0.0,0.0,1.0,-0.0,0,0
132,0.0,0.0,0.0,1.0,-0.0,0,0
133,0.0,0.0,0.0,1.0,-0.0,0,0
134,0.0,0.08118811881188118,0.1264228887090089,1.0,-0.0,0,0
135,0.0,0.08118811881188118,0.1264228887090089,1.0,-0.0,0,0
136,0.0,0.09306930693069307,0.13948804962658473,1.0,-0.0,0,0
137,0.0,0.09306930693069307,0.13948804962658473,1.0,-0.0,0,0
138,0.0,0.09306930693069307,0.13948804962658473,1.0,-0.0,0,0
139,0.0,0.023762376237623766,0.07056843438101175,1.0,-0.0,0,0
140,0.0,0.02772277227722772,0.07461957893630405,1.0,-0.0,0,0
141,0.0,0.015841584158415842,0.05401260078014202,1.0,-0.0,0,0
142,0.0,0.015841584158415842,0.05401260078014202,1.0,-0.0,0,0
143,0.0,0.015841584158415842,0.05401260078014202,1.0,-0.0,0,0
144,0.0,0.0039603960396039604,0.02786385599895107,1.0,-0.0,0,0
145,0.0,0.0,0.0,1.0,-0.0,0,0
146,0.0,0.0,0.0,1.0,-0.0,0,0
147,0.0,0.06534653465346535,0.1164113937164283,1.0,-0.0,0,0
148,0.0,0.17227722772277226,0.17126137275595765,1.0,-0.0,0,0
149,0.0,0.19405940594059404,0.17452724385370855,1.0,-0.0,0,0
150,0.0,0.19405940594059404,0.17452724385370855,1.0,-0.0,0,0
151,0.0,0.24554455445544554,0.21226023280572862,1.0,-0.0,0,0
152,0.0,0.21188118811881188,0.2026004841572858,1.0,-0.0,0,0
153,0.0,0.10495049504950493,0.12771893462651168,1.0,-0.0,0,0
154,0.0,0.18613861386138614,0.17407731466008644,1.0,-0.0,0,0
155,0.0,0.18613861386138614,0.17407731466008644,1.0,-0.0,0,0
156,0.0,0.13267326732673265,0.16477341831853243,1.0,-0.0,0,0
157,0.0,0.100990099009901,0.1557448087305797,1.0,-0.0,0,0
158,0.0,0.100990099009901,0.1557448087305797,1.0,-0.0,0,0
159,0.0,0.0,0.0,1.0,-0.0,0,0
160,0.0,0.0,0.0,1.0,-0.0,0,0
161,0.0,0.0,0.0,1.0,-0.0,0,0
162,0.0,0.0,0.0,1.0,-0.0,0,0
163,0.0,0.0297029702970297,0.07648795214189293,1.0,-0.0,0,0
164,0.0,0.0297029702970297,0.07648795214189293,1.0,-0.0,0,0
165,0.0,0.031683168316831684,0.07826167463512675,1.0,-0.0,0,0
166,0.0,0.031683168316831684,0.07826167463512675,1.0,-0.0,0,0
167,0.0,0.031683168316831684,0.07826167463512675,1.0,-0.0,0,0
168,0.0,0.025742574257425745,0.07264925278354116,1.0,-0.0,0,0
169,0.0,0.025742574257425745,0.07264925278354116,1.0,-0.0,0,0
170,0.0,0.023762376237623766,0.06471340450838887,1.0,-0.0,0,0
171,0.0,0.17029702970297025,0.17885474744676655,1.0,-0.0,0,0
172,0.0,0.17029702970297025,0.17885474744676655,1.0,-0.0,0,0
173,0.0,0.17227722772277224,0.1846156359731749,1.0,-0.0,0,0
174,0.0,0.17227722772277224,0.1846156359731749,1.0,-0.0,0,0
175,0.0,0.1881188118811881,0.18630706513012396,1.0,-0.0,0,0
176,0.0,0.041584158415841586,0.09467748980500533,1.0,-0.0,0,0
177,0.0,0.04752475247524753,0.09809478080396702,1.0,-0.0,0,0
178,0.0,0.021782178217821784,0.062305476128919915,1.0,-0.0,0,0
179,0.0,0.04752475247524753,0.09397077637785879,1.0,-0.0,0,0
180,0.0,0.031683168316831684,0.07826167463512676,1.0,-0.0,0,0
181,0.0,0.08316831683168317,0.13280619910579972,1.0,-0.0,0,0
182,0.0,0.07722772277227723,0.12888031758632065,1.0,-0.0,0,0
183,0.0,0.07722772277227723,0.12888031758632065,1.0,-0.0,0,0
184,0.0,0.06336633663366337,0.11917436454123627,1.0,-0.0,0,0
185,0.0,0.06336633663366337,0.11917436454123627,1.0,-0.0,0,0
186,0.0,0.05544554455445545,0.09384550979067555,1.0,-0.0,0,0
187,0.0,0.05544554455445545,0.09384550979067555,1.0,-0.0,0,0
188,0.0,0.07326732673267328,0.10798889666879984,1.0,-0.0,0,0
189,0.0,0.061386138613861385,0.10046456153636296,1.0,-0.0,0,0
190,0.0,0.3841584158415842,0.27240501051909144,1.0,-0.0,0,0
191,0.0,0.34851485148514855,0.2619855114224353,1.0,-0.0,0,0
192,0.0,0.4000000000000001,0.26699649569399087,1.0,-0.0,0,0
193,0.0,0.4336633663366337,0.28012628966758046,1.0,-0.0,0,0
194,0.0,0.4594059405940595,0.28360417885098066,1.0,-0.0,0,0
195,0.0,0.1376237623762376,0.1609695163002105,1.0,-0.0,0,0
196,0.0,0.1267326732673267,0.1534365990321625,1.0,-0.0,0,0
197,0.0,0.07722772277227724,0.12576985749069639,1.0,-0.0,0,0
198,0.0,0.049504950495049514,0.09078727434730813,1.0,-0.0,0,0
199,0.0,0.023762376237623766,0.06471340450838887,1.0,-0.0,0,0
200,0.0,0.023762376237623766,0.06471340450838887,1.0,-0.0,0,0
201,0.0,0.023762376237623766,0.06471340450838887,1.0,-0.0,0,0
202,0.0,0.06336633663366337,0.10120342446875752,1.0,-0.0,0,0
203,0.0,0.07722772277227724,0.1124710639300034,1.0,-0.0,0,0
204,0.0,0.08514851485148513,0.11378818137472192,1.0,-0.0,0,0
205,0.0,0.08514851485148513,0.11378818137472192,1.0,-0.0,0,0
206,0.0,0.09504950495049502,0.11805036483793173,1.0,-0.0,0,0
207,0.0,0.11089108910891088,0.13342479626077636,1.0,-0.0,0,0
208,0.0,0.12673267326732673,0.14818445096134422,1.0,-0.0,0,0
209,0.0,0.1801980198019802,0.1791176404070512,1.0,-0.0,0,0
210,0.0,0.19207920792079206,0.18222126052003706,1.0,-0.0,0,0
211,0.0,0.18217821782178217,0.17598156946925847,1.0,-0.0,0,0
212,0.0,0.12475247524752472,0.1588360762784592,1.0,-0.0,0,0
213,0.2,0.07524752475247526,0.11891084986932621,0.1470600443380226,0.8325053074261874,0,0
214,0.2,0.019801980198019802,0.06603299802191315,0.003177215148072976,2.4979533755231182,0,0
215,0.2,0.025742574257425745,0.07791016068477624,0.012654752832206337,1.897746332896654,0,0
216,0.2,0.06336633663366337,0.11233152161332939,0.1119271380917808,0.9510646007408702,0,0
217,0.2,0.0891089108910891,0.14752142995793407,0.22611731458954903,0.6456661809417341,0,0
218,0.0,0.09504950495049505,0.1423816080178024,1.0,-0.0,0,0
219,0.0,0.1306930693069307,0.15779581634167553,1.0,-0.0,0,0
220,0.0,0.12673267326732673,0.15083338726765974,1.0,-0.0,0,0
221,0.0,0.2594059405940594,0.20594059405940598,1.0,-0.0,0,0
222,0.0,0.24356435643564353,0.2002057563312059,1.0,-0.0,0,0
223,0.0,0.31584158415841584,0.21833423068900526,1.0,-0.0,0,0
224,0.0,0.3188118811881188,0.2289506286383308,1.0,-0.0,0,0
225,0.2,0.35049504950495053,0.2507903397859416,1.0,-0.0,0,0
226,0.2,0.19207920792079203,0.1865174152763028,0.483063300975889,0.31599595524598045,0,0
227,0.2,0.2198019801980198,0.21155707606157345,1.0,-0.0,0,0
228,0.6,0.2356435643564356,0.21135309408516964,0.042360882711092035,1.373034998692924,0,0
229,0.6,0.20396039603960395,0.19290421984883258,0.020034468664446053,1.6982221710330803,0,0
230,0.4,0.1603960396039604,0.17804171717219025,0.08918766429912407,1.0496952094948897,0,0
231,0.4,0.1465346534653465,0.17551302816760664,0.07434982958385349,1.1287200225808551,0,0
232,0.4,0.10891089108910887,0.1503125521928582,0.02639964378966521,1.5784019330251113,0,0
233,0.0,0.011881188118811883,0.04727657974777554,1.0,-0.0,0,0
234,0.0,0.0,0.0,1.0,-0.0,0,0
235,0.2,0.0039603960396039604,0.027863855998951064,9.918686161641043e-13,12.003545851085576,0,0
236,0.2,0.0039603960396039604,0.027863855998951064,9.918686161641043e-13,12.003545851085576,0,0
237,0.2,0.0039603960396039604,0.027863855998951064,9.918686161641043e-13,12.003545851085576,0,0
238,0.2,0.0039603960396039604,0.027863855998951064,9.918686161641043e-13,12.003545851085576,0,0
239,0.4,0.03762376237623763,0.08307396817189318,6.4412529434457805e-06,5.19102964607219,0,0
240,0.2,0.033663366336633666,0.07994704648786674,0.018735949469970602,1.7273242935431963,0,0
241,0.2,0.033663366336633666,0.07994704648786674,0.018735949469970602,1.7273242935431963,0,0
242,0.2,0.033663366336633666,0.07994704648786674,0.018735949469970602,1.7273242935431963,0,0
243,0.2,0.033663366336633666,0.07994704648786674,0.018735949469970602,1.7273242935431963,0,0
244,0.0,0.0,0.0,1.0,-0.0,0,0
245,0.0,0.0,0.0,1.0,-0.0,0,0
246,0.0,0.0,0.0,1.0,-0.0,0,0
247,0.2,0.0019801980198019802,0.019801980198019802,1.0000007619853025e-17,16.999999669074114,0,0
248,0.2,0.0019801980198019802,0.019801980198019802,1.0000007619853025e-17,16.999999669074114,0,0
249,0.2,0.031683168316831684,0.08316831683168317,0.021494876961718305,1.6676650364739216,0,0
250,0.2,0.031683168316831684,0.08316831683168317,0.021494876961718305,1.6676650364739216,0,0
251,0.2,0.031683168316831684,0.08316831683168317,0.021494876961718305,1.6676650364739216,0,0
252,0.6,0.16435643564356434,0.1917011692717774,0.011527745883083133,1.9382556056492324,0,0
253,0.6,0.1900990099009901,0.18748198619476633,0.01439505316506832,1.8417867268086041,0,0
254,0.8,0.20198019801980197,0.1856112183041662,0.0006367296199371776,3.196044946781263,0,0
255,0.8,0.20198019801980197,0.1856112183041662,0.0006367296199371776,3.196044946781263,0,0
256,0.8,0.20198019801980197,0.1856112183041662,0.0006367296199371776,3.196044946781263,0,0
257,0.4,0.10495049504950493,0.14784005112815915,0.022981409534774278,1.6386233379453259,0,0
258,0.8,0.16831683168316833,0.18823342001292903,0.0003956070016370245,3.4027360306607646,0,0
259,1.0,0.21386138613861383,0.1851035048800284,1.0831546145107234e-05,4.965309545742107,0,0
260,1.0,0.22772277227722773,0.1950469919926575,3.7562562637882245e-05,4.425244786439836,0,0
261,1.0,0.23564356435643566,0.19780186026407595,5.5714836223849804e-05,4.254029141770852,0,0
262,1.0,0.20198019801980197,0.18346510608951241,6.815918953591872e-06,5.166475582299029,0,0
263,0.6,0.11287128712871286,0.13024224675172555,9.194632091154826e-05,4.036465643693761,0,0
264,0.2,0.025742574257425748,0.06697637435757531,0.004637140001348011,2.3337497919853583,0,0
265,0.6,0.16633663366336635,0.16902587986434298,0.005148948209960917,2.2882814764464703,0,0
266,0.6,0.16237623762376235,0.17283397009132112,0.005669936988467081,2.246421767511521,0,0
267,1.2,0.2633663366336634,0.21420947103393714,6.1412294425184795e-06,5.21174467663538,0,0
268,1.2,0.2633663366336634,0.21420947103393714,6.1412294425184795e-06,5.21174467663538,0,0
269,1.4,0.33267326732673275,0.24740591206551257,8.013762659667596e-06,5.096163524034971,0,0
270,1.0,0.1801980198019802,0.18348647776016433,3.949284449990776e-06,5.403481584771328,0,0
271,1.0,0.21386138613861383,0.2110931955839434,9.799475509300468e-05,4.0087971681352865,0,0
272,0.2,0.15445544554455443,0.17773311423617327,0.39887793707479335,0.39915998492772303,0,0
273,0.2,0.17623762376237617,0.18939639130642924,0.4500782217460279,0.34671200106807876,0,0
274,0.0,0.10495049504950493,0.15049504950495052,1.0,-0.0,0,0
275,0.0,0.10495049504950493,0.15049504950495052,1.0,-0.0,0,0
276,0.0,0.06732673267326733,0.11698261772468857,1.0,-0.0,0,0
277,0.0,0.021782178217821784,0.06230547612891991,1.0,-0.0,0,0
278,0.0,0.0,0.0,1.0,-0.0,0,0
279,0.0,0.0,0.0,1.0,-0.0,0,0
280,0.0,0.007920792079207921,0.03900537743285587,1.0,-0.0,0,0
281,0.0,0.013861386138613863,0.05079507064705211,1.0,-0.0,0,0
282,0.0,0.017821782178217824,0.05698017651460656,1.0,-0.0,0,0
283,0.0,0.017821782178217824,0.05698017651460656,1.0,-0.0,0,0
284,0.0,0.017821782178217824,0.05698017651460656,1.0,-0.0,0,0
285,0.2,0.041584158415841586,0.09467748980500532,0.04714244196908596,1.326587924861529,0,0
286,0.2,0.08712871287128714,0.13024224675172555,0.19307354504257346,0.7142772292196833,0,0
287,0.2,0.09108910891089109,0.13357165904190144,0.20742906007312073,0.6831304005732743,0,0
288,0.4,0.14059405940594058,0.16779184288566226,0.06105246275343797,1.2142968126583946,0,0
289,0.4,0.2059405940594059,0.2038353937815092,0.1705384007706119,0.7681778139442225,0,0
290,0.2,0.19405940594059404,0.19590954781832295,0.48790466812533867,0.31166502666867885,0,0
291,0.4,0.1762376237623762,0.16953548350894254,0.09344159835667339,1.0294597413837905,0,0
292,0.6,0.19801980198019803,0.19190560696373418,0.01809987219153196,1.7423244917997869,0,0
293,0.8,0.17227722772277226,0.17355845414780538,0.00014914522292139914,3.8263906524065177,0,0
294,0.8,0.1188118811881188,0.1467218499235066,1.7192807287616937e-06,5.764653204756841,0,0
295,0.8,0.09900990099009901,0.12781100644043505,2.0722269578079223e-08,7.683562680815933,0,0
296,0.6,0.07722772277227724,0.12258049537063101,1.0007364434091756e-05,4.999680284402938,0,0
297,0.4,0.04752475247524753,0.09809478080396702,0.00016331392774761414,3.7869767761573785,0,0
298,0.0,0.025742574257425748,0.06697637435757531,1.0,-0.0,0,0
299,0.0,0.019801980198019806,0.05973506189702319,1.0,-0.0,0,0
300,0.0,0.019801980198019806,0.05973506189702319,1.0,-0.0,0,0
301,0.2,0.033663366336633666,0.09363635974286645,0.03783262235554177,1.4221335546874274,0,0
302,0.2,0.033663366336633666,0.09363635974286645,0.03783262235554177,1.4221335546874274,0,0
303,0.2,0.033663366336633666,0.09363635974286645,0.03783262235554177,1.4221335546874274,0,0
304,0.2,0.025742574257425745,0.07791016068477626,0.012654752832206356,1.8977463328966535,0,0
305,0.2,0.025742574257425745,0.07791016068477626,0.012654752832206356,1.8977463328966535,0,0
306,0.0,0.0,0.0,1.0,-0.0,0,0
307,0.0,0.025742574257425738,0.07264925278354116,1.0,-0.0,0,0
308,0.0,0.025742574257425738,0.07264925278354116,1.0,-0.0,0,0
309,0.0,0.031683168316831684,0.07826167463512675,1.0,-0.0,0,0
310,0.0,0.057425742574257435,0.10277971700879983,1.0,-0.0,0,0
311,0.0,0.057425742574257435,0.10277971700879983,1.0,-0.0,0,0
312,0.0,0.031683168316831684,0.0730260947112308,1.0,-0.0,0,0
313,0.0,0.03762376237623762,0.07816140339006157,1.0,-0.0,0,0
314,0.0,0.031683168316831684,0.0730260947112308,1.0,-0.0,0,0
315,0.0,0.0059405940594059415,0.033953323167291584,1.0,-0.0,0,0
316,0.0,0.0059405940594059415,0.033953323167291584,1.0,-0.0,0,0
317,0.0,0.0059405940594059415,0.033953323167291584,1.0,-0.0,0,0
318,0.0,0.0,0.0,1.0,-0.0,0,0
319,0.0,0.019801980198019802,0.059735061897023205,1.0,-0.0,0,0
320,0.2,0.09108910891089109,0.12750384183766536,0.19650337127395107,0.7066299943312295,0,0
321,0.2,0.09108910891089109,0.12750384183766536,0.19650337127395107,0.7066299943312295,0,0
322,0.4,0.13168316831683166,0.1521663323044604,0.03892387925098641,1.4097838833743443,0,0
323,0.4,0.13168316831683166,0.1521663323044604,0.03892387925098641,1.4097838833743443,0,0
324,0.4,0.11089108910891088,0.13923481846532235,0.018927910261660824,1.7228973317270233,0,0
325,0.2,0.05940594059405942,0.10733330877518932,0.0951177364230414,1.0217384934469724,0,0
326,0.2,0.05940594059405942,0.10733330877518932,0.0951177364230414,1.0217384934469724,0,0
327,0.0,0.019801980198019802,0.0597350618970232,1.0,-0.0,0,0
328,0.0,0.019801980198019802,0.0597350618970232,1.0,-0.0,0,0
329,0.0,0.023762376237623766,0.06471340450838889,1.0,-0.0,0,0
330,0.0,0.011881188118811881,0.055019580156236855,1.0,-0.0,0,0
331,0.0,0.015841584158415842,0.06090517425437506,1.0,-0.0,0,0
332,0.0,0.015841584158415842,0.06090517425437506,1.0,-0.0,0,0
333,0.0,0.031683168316831684,0.09640127876941058,1.0,-0.0,0,0
334,0.0,0.031683168316831684,0.08780118525701135,1.0,-0.0,0,0
335,0.0,0.0297029702970297,0.07648795214189293,1.0,-0.0,0,0
336,0.0,0.025742574257425745,0.0669763743575753,1.0,-0.0,0,0
337,0.0,0.025742574257425745,0.0669763743575753,1.0,-0.0,0,0
338,0.0,0.009900990099009901,0.04338396495090425,1.0,-0.0,0,0
339,0.2,0.1584158415841584,0.1599921574393993,0.39746516006351823,0.400700933561704,0,0
340,0.2,0.16039603960396034,0.15925520208224236,0.4018032452859212,0.39598655986234405,0,0
341,0.4,0.2693069306930693,0.21329223863253066,0.27002354092853975,0.5685983719532548,0,0
342,0.4,0.2693069306930693,0.21329223863253066,0.27002354092853975,0.5685983719532548,0,0
343,0.4,0.2693069306930693,0.21329223863253066,0.27002354092853975,0.5685983719532548,0,0
344,0.2,0.16633663366336635,0.1971465895390676,0.43220900388942274,0.36430619002389947,0,0
345,0.2,0.19009900990099013,0.2113159852982828,0.48131481235673645,0.31757077280049795,0,0
346,0.2,0.10495049504950495,0.11805036483793173,0.2103634989455866,0.6770296142413372,0,0
347,0.2,0.10495049504950495,0.11805036483793173,0.2103634989455866,0.6770296142413372,0,0
348,0.2,0.13267326732673265,0.13283572143563108,0.306132815837922,0.5140901138085936,0,0
349,0.4,0.13861386138613857,0.15604664003838054,0.04696207629287587,1.3282527102569288,0,0
350,0.6,0.15841584158415842,0.17647108799335676,0.006169411151070666,2.209756285892974,0,0
351,0.4,0.13465346534653463,0.1737391031211394,0.06334693260650373,1.198274409735892,0,0
352,0.4,0.13465346534653463,0.1737391031211394,0.06334693260650373,1.198274409735892,0,0
353,0.4,0.10891089108910891,0.16050601290423325,0.034871871148553946,1.4575247487040508,0,0
354,0.2,0.05544554455445545,0.10943169805661859,0.09325802196181344,1.0303138003353092,0,0
355,0.2,0.06336633663366337,0.11917436454123627,0.1257937221997103,0.9003410320390386,0,0
356,0.2,0.05940594059405942,0.11447531431916541,0.10969336149637444,0.9598196545832711,0,0
357,0.2,0.05940594059405942,0.11447531431916541,0.10969336149637444,0.9598196545832711,0,0
358,0.2,0.05940594059405942,0.11447531431916541,0.10969336149637444,0.9598196545832711,0,0
359,0.4,0.1069306930693069,0.15041686348382532,0.02568471642283427,1.5903252248268596,0,0
360,0.2,0.047524752475247525,0.09809478080396704,0.06004850186537829,1.2214978232271951,0,0
361,0.2,0.047524752475247525,0.09809478080396704,0.06004850186537829,1.2214978232271951,0,0
362,0.2,0.047524752475247525,0.09809478080396704,0.06004850186537829,1.2214978232271951,0,0
363,0.2,0.047524752475247525,0.09809478080396704,0.06004850186537829,1.2214978232271951,0,0
364,0.0,0.0,0.0,1.0,-0.0,0,0
365,0.0,0.0,0.0,1.0,-0.0,0,0
366,0.0,0.0,0.0,1.0,-0.0,0,0
367,0.0,0.0,0.0,1.0,-0.0,0,0
368,0.0,0.0,0.0,1.0,-0.0,0,0
369,0.0,0.0,0.0,1.0,-0.0,0,0
370,0.2,0.031683168316831684,0.0730260947112308,0.01058647624307391,1.9752485727397298,0,0
371,0.6,0.11089108910891088,0.13923481846532232,0.0002216765499871921,3.654280246217093,0,0
372,0.6,0.1168316831683168,0.1442421691205886,0.00040449237200763135,3.3930896639805845,0,0
373,0.6,0.16633663366336632,0.1642729120947021,0.004146576385825177,2.382310329886914,0,0
374,0.6,0.16633663366336632,0.1642729120947021,0.004146576385825177,2.382310329886914,0,0
375,0.4,0.15247524752475244,0.1519471373722842,0.05165451324713222,1.286891726560763,0,0
376,0.0,0.0712871287128713,0.11110305060677654,1.0,-0.0,0,0
377,0.6,0.15346534653465346,0.1927211890787555,0.010251914165415536,1.9891950386214692,0,0
378,0.6,0.14455445544554454,0.18904410273049702,0.007993709985801227,2.097251612124319,0,0
379,0.6,0.19405940594059404,0.21332900364851207,0.028527766253791102,1.5447322326062058,0,0
380,0.6,0.1762376237623762,0.20155264396038766,0.017755196513831232,1.7506745165811648,0,0
381,0.6,0.1762376237623762,0.20155264396038766,0.017755196513831232,1.7506745165811648,0,0
382,0.0,0.1168316831683168,0.14696218071508488,1.0,-0.0,0,0
383,0.0,0.10495049504950493,0.13670539084430264,1.0,-0.0,0,0
384,0.0,0.06336633663366337,0.09721138779115705,1.0,-0.0,0,0
385,0.0,0.08910891089108909,0.11765109526742928,1.0,-0.0,0,0
386,0.0,0.097029702970297,0.12464241569787099,1.0,-0.0,0,0
387,0.0,0.09702970297029702,0.12464241569787099,1.0,-0.0,0,0
388,0.0,0.07722772277227724,0.12258049537063101,1.0,-0.0,0,0
389,0.4,0.10099009900990098,0.12781100644043505,0.00965558432337917,2.015221439052845,0,0
390,0.4,0.07524752475247524,0.10845991237726066,0.0013757524682680082,2.8614596993387473,0,0
391,0.4,0.06732673267326733,0.10634234916512914,0.0008790328968664411,3.0559948716153893,0,0
392,0.4,0.04356435643564356,0.09587103712404124,0.00010045649966109397,3.998021958610833,0,0
393,0.4,0.03564356435643565,0.09074407316744237,2.9696547060178094e-05,4.527294044955163,0,0
394,0.0,0.0059405940594059415,0.03395332316729158,1.0,-0.0,0,0
395,0.0,0.0059405940594059415,0.03395332316729158,1.0,-0.0,0,0
396,0.0,0.009900990099009901,0.04338396495090424,1.0,-0.0,0,0
397,0.0,0.0039603960396039604,0.027863855998951064,1.0,-0.0,0,0
398,0.0,0.0039603960396039604,0.027863855998951064,1.0,-0.0,0,0
399,0.0,0.0039603960396039604,0.027863855998951064,1.0,-0.0,0,0
400,0.0,0.0039603960396039604,0.027863855998951064,1.0,-0.0,0,0
401,0.0,0.0,0.0,1.0,-0.0,0,0
402,0.0,0.0,0.0,1.0,-0.0,0,0
403,0.0,0.0,0.0,1.0,-0.0,0,0
404,0.0,0.0,0.0,1.0,-0.0,0,0
405,0.0,0.0,0.0,1.0,-0.0,0,0
406,0.0,0.0,0.0,1.0,-0.0,0,0
407,0.0,0.009900990099009901,0.04338396495090424,1.0,-0.0,0,0
408,0.0,0.009900990099009901,0.04338396495090424,1.0,-0.0,0,0
409,0.0,0.009900990099009901,0.04338396495090424,1.0,-0.0,0,0
410,0.0,0.009900990099009901,0.04338396495090424,1.0,-0.0,0,0
411,0.0,0.009900990099009901,0.04338396495090424,1.0,-0.0,0,0
412,0.0,0.0,0.0,1.0,-0.0,0,0
413,0.0,0.0,0.0,1.0,-0.0,0,0
414,0.0,0.0,0.0,1.0,-0.0,0,0
415,0.0,0.0,0.0,1.0,-0.0,0,0
416,0.0,0.02772277227722773,0.06910862719451544,1.0,-0.0,0,0
417,0.0,0.02772277227722773,0.06910862719451544,1.0,-0.0,0,0
418,0.0,0.07722772277227723,0.1193059036149867,1.0,-0.0,0,0
419,0.0,0.07722772277227723,0.1193059036149867,1.0,-0.0,0,0
420,0.0,0.07722772277227723,0.1193059036149867,1.0,-0.0,0,0
421,0.0,0.049504950495049514,0.09504950495049506,1.0,-0.0,0,0
422,0.0,0.11683168316831682,0.15483578457286823,1.0,-0.0,0,0
423,0.0,0.07920792079207921,0.11285391563386142,1.0,-0.0,0,0
424,0.0,0.07920792079207921,0.11285391563386142,1.0,-0.0,0,0
425,0.2,0.08712871287128712,0.12077584698595571,0.17500966031852921,0.7569379781294916,0,0
426,0.2,0.16831683168316833,0.1585395556534503,0.4208013204251023,0.37592290608712153,0,0
427,0.2,0.09900990099009903,0.13087296349986777,0.2201564018743143,0.6572686812775224,0,0
428,0.2,0.12277227722772276,0.16160162980675777,0.31636442600450354,0.49981235721777156,0,0
429,0.2,0.14356435643564355,0.16910705589447975,0.3692926682028659,0.43262931458201914,0,0
430,0.0,0.14455445544554454,0.1667839341722421,1.0,-0.0,0,0
431,0.0,0.10495049504950493,0.13957235791450373,1.0,-0.0,0,0
432,0.0,0.14257425742574253,0.15754712301715712,1.0,-0.0,0,0
433,0.0,0.11683168316831682,0.14146987009498416,1.0,-0.0,0,0
434,0.0,0.10297029702970298,0.13084299831035082,1.0,-0.0,0,0
435,0.0,0.22772277227722773,0.19300582861007848,1.0,-0.0,0,0
436,0.0,0.18613861386138614,0.17178717143997094,1.0,-0.0,0,0
437,0.0,0.19801980198019803,0.17002049848448067,1.0,-0.0,0,0
438,0.0,0.18613861386138614,0.16472581657889446,1.0,-0.0,0,0
439,0.0,0.19603960396039605,0.1711468549412428,1.0,-0.0,0,0
440,0.0,0.1069306930693069,0.13948804962658473,1.0,-0.0,0,0
441,0.0,0.1069306930693069,0.13948804962658473,1.0,-0.0,0,0
442,0.0,0.05940594059405942,0.0996808946427978,1.0,-0.0,0,0
443,0.0,0.05940594059405942,0.0996808946427978,1.0,-0.0,0,0
444,0.0,0.04356435643564357,0.09164702150816742,1.0,-0.0,0,0
445,0.0,0.0,0.0,1.0,-0.0,0,0
446,0.0,0.0,0.0,1.0,-0.0,0,0
447,0.0,0.10297029702970295,0.15571962971356434,1.0,-0.0,0,0
448,0.0,0.10297029702970295,0.15571962971356434,1.0,-0.0,0,0
449,0.0,0.10297029702970295,0.15571962971356434,1.0,-0.0,0,0
450,0.0,0.12871287128712872,0.1702279390125739,1.0,-0.0,0,0
451,0.0,0.1504950495049505,0.1810988255869097,1.0,-0.0,0,0
452,0.0,0.17623762376237626,0.1872936566784291,1.0,-0.0,0,0
453,0.0,0.17623762376237626,0.1872936566784291,1.0,-0.0,0,0
454,0.0,0.17623762376237626,0.1872936566784291,1.0,-0.0,0,0
455,0.0,0.1504950495049505,0.17667095463917198,1.0,-0.0,0,0
456,0.0,0.12871287128712872,0.1630990913423683,1.0,-0.0,0,0
457,0.0,0.0,0.0,1.0,-0.0,0,0
458,0.0,0.06534653465346535,0.10939585993610405,1.0,-0.0,0,0
459,0.0,0.13267326732673268,0.16235208707144264,1.0,-0.0,0,0
460,0.0,0.13267326732673268,0.16235208707144264,1.0,-0.0,0,0
461,0.0,0.13267326732673268,0.16235208707144264,1.0,-0.0,0,0
462,0.0,0.13267326732673268,0.16235208707144264,1.0,-0.0,0,0
463,0.0,0.06732673267326733,0.12356816445008076,1.0,-0.0,0,0
464,0.0,0.039603960396039604,0.08452453849668534,1.0,-0.0,0,0
465,0.0,0.09306930693069305,0.11795067415315191,1.0,-0.0,0,0
466,0.0,0.09306930693069305,0.11795067415315191,1.0,-0.0,0,0
467,0.0,0.10495049504950495,0.12771893462651165,1.0,-0.0,0,0
468,0.0,0.1900990099009901,0.16013914153786712,1.0,-0.0,0,0
469,0.0,0.1504950495049505,0.1577212495187317,1.0,-0.0,0,0
470,0.0,0.22970297029702966,0.19576939073208807,1.0,-0.0,0,0
471,0.0,0.22970297029702966,0.19576939073208807,1.0,-0.0,0,0
472,0.0,0.2178217821782178,0.1951876678075502,1.0,-0.0,0,0
473,0.0,0.13267326732673268,0.15739771840980324,1.0,-0.0,0,0
474,0.0,0.13267326732673268,0.15739771840980324,1.0,-0.0,0,0
475,0.0,0.033663366336633666,0.08475617647141663,1.0,-0.0,0,0
476,0.0,0.033663366336633666,0.08475617647141663,1.0,-0.0,0,0
477,0.0,0.033663366336633666,0.08475617647141663,1.0,-0.0,0,0
478,0.0,0.033663366336633666,0.08475617647141663,1.0,-0.0,0,0
479,0.0,0.033663366336633666,0.08475617647141663,1.0,-0.0,0,0
480,0.0,0.20396039603960395,0.17344545299372824,1.0,-0.0,0,0
481,0.0,0.20396039603960395,0.17344545299372824,1.0,-0.0,0,0
482,0.0,0.22178217821782176,0.17777723316802724,1.0,-0.0,0,0
483,0.0,0.2356435643564356,0.18539984001180873,1.0,-0.0,0,0
484,0.0,0.3584158415841584,0.2409828582427928,1.0,-0.0,0,0
485,0.0,0.1782178217821782,0.1821782178217822,1.0,-0.0,0,0
486,0.0,0.1782178217821782,0.1821782178217822,1.0,-0.0,0,0
487,0.0,0.16039603960396043,0.17353585980361697,1.0,-0.0,0,0
488,0.0,0.14653465346534653,0.17324186517306459,1.0,-0.0,0,0
489,0.0,0.19009900990099005,0.17660435755646178,1.0,-0.0,0,0
490,0.0,0.26930693069306927,0.2114272921194319,1.0,-0.0,0,0
491,0.0,0.3485148514851485,0.2495992278271482,1.0,-0.0,0,0
492,0.0,0.3485148514851485,0.2495992278271482,1.0,-0.0,0,0
493,0.0,0.4178217821782178,0.2953085446702138,1.0,-0.0,0,0
494,0.0,0.25148514851485143,0.22977124284135111,1.0,-0.0,0,0
495,0.0,0.21782178217821782,0.21818152112220704,1.0,-0.0,0,0
496,0.0,0.1386138613861386,0.16825858048513265,1.0,-0.0,0,0
497,0.0,0.15049504950495052,0.1744148703671667,1.0,-0.0,0,0
498,0.0,0.1326732673267327,0.17183281702904268,1.0,-0.0,0,0
499,0.0,0.24950495049504953,0.23106458844855163,1.0,-0.0,0,0
500,0.0,0.18019801980198016,0.20000980272026075,1.0,-0.0,0,0
501,0.0,0.18019801980198016,0.20000980272026075,1.0,-0.0,0,0
502,0.0,0.17029702970297025,0.1916807135101792,1.0,-0.0,0,0
503,0.0,0.11485148514851484,0.16493991622145585,1.0,-0.0,0,0
