,foreground,bg_means,bg_stdev,pvals,minus_logs,regs,active
2,0.0,0.021782178217821784,0.06836703565002801,1.0,-0.0,0,0
3,0.0,0.021782178217821784,0.06836703565002801,1.0,-0.0,0,0
4,0.0,0.021782178217821784,0.06836703565002801,1.0,-0.0,0,0
5,0.0,0.051485148514851496,0.1001126705723924,1.0,-0.0,0,0
6,0.0,0.03960396039603961,0.08452453849668534,1.0,-0.0,0,0
7,0.2,0.08712871287128714,0.127165103825761,0.18737894802554306,0.7272792035758483,0,0
8,0.2,0.100990099009901,0.13965661530697393,0.2391769893682687,0.6212806050811618,0,0
9,0.2,0.100990099009901,0.13965661530697393,0.2391769893682687,0.6212806050811618,0,0
10,0.2,0.0712871287128713,0.11461224656227947,0.13071259900090526,0.8836825500410104,0,0
11,0.2,0.08712871287128714,0.127165103825761,0.18737894802554306,0.7272792035758483,0,0
12,0.0,0.0297029702970297,0.07648795214189293,1.0,-0.0,0,0
13,0.0,0.027722772277227727,0.07461957893630407,1.0,-0.0,0,0
14,0.0,0.027722772277227727,0.07461957893630407,1.0,-0.0,0,0
15,0.0,0.027722772277227727,0.07461957893630407,1.0,-0.0,0,0
16,0.0,0.011881188118811883,0.047276579747775535,1.0,-0.0,0,0
17,0.0,0.05346534653465347,0.10104832334394513,1.0,-0.0,0,0
18,0.0,0.09108910891089109,0.14218869759220787,1.0,-0.0,0,0
19,0.0,0.09108910891089109,0.14218869759220787,1.0,-0.0,0,0
20,0.0,0.09108910891089109,0.14218869759220787,1.0,-0.0,0,0
21,0.0,0.09108910891089109,0.14218869759220787,1.0,-0.0,0,0
22,0.0,0.08118811881188118,0.12325042629382527,1.0,-0.0,0,0
23,0.0,0.031683168316831684,0.07302609471123078,1.0,-0.0,0,0
24,0.0,0.031683168316831684,0.07302609471123078,1.0,-0.0,0,0
25,0.0,0.031683168316831684,0.07302609471123078,1.0,-0.0,0,0
26,0.0,0.06336633663366337,0.10504385908811757,1.0,-0.0,0,0
27,0.0,0.041584158415841586,0.09039772047931349,1.0,-0.0,0,0
28,0.0,0.1386138613861386,0.14554118673277588,1.0,-0.0,0,0
29,0.0,0.1386138613861386,0.14554118673277588,1.0,-0.0,0,0
30,0.0,0.1386138613861386,0.14554118673277588,1.0,-0.0,0,0
31,0.0,0.20198019801980194,0.1676749554852796,1.0,-0.0,0,0
32,0.0,0.19207920792079206,0.1564982955127068,1.0,-0.0,0,0
33,0.0,0.09504950495049506,0.13078304733432375,1.0,-0.0,0,0
34,0.0,0.09504950495049506,0.13078304733432375,1.0,-0.0,0,0
35,0.0,0.09504950495049506,0.13078304733432375,1.0,-0.0,0,0
36,0.0,0.0,0.0,1.0,-0.0,0,0
37,0.0,0.0,0.0,1.0,-0.0,0,0
38,0.0,0.017821782178217824,0.056980176514606566,1.0,-0.0,0,0
39,0.0,0.02970297029702971,0.07112192077650681,1.0,-0.0,0,0
40,0.0,0.02970297029702971,0.07112192077650681,1.0,-0.0,0,0
41,0.0,0.033663366336633666,0.07482947971362847,1.0,-0.0,0,0
42,0.0,0.033663366336633666,0.07482947971362847,1.0,-0.0,0,0
43,0.0,0.03168316831683169,0.07826167463512676,1.0,-0.0,0,0
44,0.0,0.03762376237623763,0.07816140339006158,1.0,-0.0,0,0
45,0.0,0.03762376237623763,0.07816140339006158,1.0,-0.0,0,0
46,0.0,0.03366336633663367,0.07482947971362847,1.0,-0.0,0,0
47,0.0,0.03366336633663367,0.07482947971362847,1.0,-0.0,0,0
48,0.0,0.05148514851485149,0.1001126705723924,1.0,-0.0,0,0
49,0.0,0.033663366336633666,0.08475617647141663,1.0,-0.0,0,0
50,0.0,0.033663366336633666,0.08475617647141663,1.0,-0.0,0,0
51,0.0,0.033663366336633666,0.08475617647141663,1.0,-0.0,0,0
52,0.0,0.033663366336633666,0.08475617647141663,1.0,-0.0,0,0
53,0.0,0.0,0.0,1.0,-0.0,0,0
54,0.0,0.0,0.0,1.0,-0.0,0,0
55,0.0,0.0,0.0,1.0,-0.0,0,0
56,0.0,0.0,0.0,1.0,-0.0,0,13
57,0.0,0.03168316831683169,0.0730260947112308,1.0,-0.0,0,0
58,0.0,0.03168316831683169,0.0730260947112308,1.0,-0.0,0,0
59,0.0,0.03168316831683169,0.0730260947112308,1.0,-0.0,0,0
60,0.0,0.03168316831683169,0.0730260947112308,1.0,-0.0,0,0
61,0.0,0.03168316831683169,0.0730260947112308,1.0,-0.0,0,0
62,0.0,0.009900990099009901,0.04338396495090424,1.0,-0.0,0,0
63,0.0,0.05940594059405942,0.11096178792967841,1.0,-0.0,0,0
64,0.0,0.15148514851485148,0.19119937310169952,1.0,-0.0,0,0
65,0.0,0.1613861386138614,0.19849448057254127,1.0,-0.0,0,0
66,0.0,0.1613861386138614,0.19849448057254127,1.0,-0.0,0,0
67,0.0,0.15049504950495052,0.18754472067408434,1.0,-0.0,0,0
68,0.0,0.11089108910891086,0.15279637008998356,1.0,-0.0,0,0
69,0.0,0.0198019801980198,0.06603299802191315,1.0,-0.0,0,0
70,0.0,0.009900990099009901,0.04338396495090424,1.0,-0.0,0,0
71,0.0,0.009900990099009901,0.04338396495090424,1.0,-0.0,0,0
72,0.2,0.033663366336633666,0.08475617647141663,0.024850340762334614,1.6046676515911364,0,0
73,0.2,0.023762376237623763,0.06471340450838887,0.003231121245907738,2.4906467450338194,0,0
74,0.2,0.023762376237623763,0.06471340450838887,0.003231121245907738,2.4906467450338194,0,0
75,0.2,0.023762376237623763,0.06471340450838887,0.003231121245907738,2.4906467450338194,0,0
76,0.2,0.023762376237623763,0.06471340450838887,0.003231121245907738,2.4906467450338194,0,0
77,0.0,0.0039603960396039604,0.027863855998951064,1.0,-0.0,0,0
78,0.2,0.015841584158415842,0.06090517425437505,0.0012485575013819572,2.9035914517444867,0,0
79,0.2,0.047524752475247525,0.08965727859542,0.044504787234598886,1.3515932708674616,0,0
80,0.4,0.06732673267326733,0.1135467024699521,0.0016957022669887311,2.7706503992224962,0,0
81,0.4,0.06732673267326733,0.1135467024699521,0.0016957022669887311,2.7706503992224962,0,0
82,0.4,0.06336633663366337,0.10874875419996817,0.0009823491490400878,3.0077341267229323,0,0
83,0.2,0.05148514851485149,0.09186070102766893,0.052967229359378705,1.2759927437984668,0,0
84,0.2,0.019801980198019806,0.05973506189702319,0.0012780474741147156,2.893453013655617,0,0
85,0.0,0.009900990099009901,0.04338396495090425,1.0,-0.0,0,0
86,0.0,0.009900990099009901,0.04338396495090425,1.0,-0.0,0,0
87,0.0,0.009900990099009901,0.04338396495090425,1.0,-0.0,0,0
88,0.0,0.009900990099009901,0.04338396495090425,1.0,-0.0,0,0
89,0.0,0.009900990099009901,0.04338396495090425,1.0,-0.0,0,0
90,0.0,0.0,0.0,1.0,-0.0,0,0
91,0.0,0.011881188118811883,0.047276579747775535,1.0,-0.0,0,0
92,0.0,0.021782178217821784,0.06230547612891991,1.0,-0.0,0,0
93,0.0,0.021782178217821784,0.06230547612891991,1.0,-0.0,0,0
94,0.0,0.021782178217821784,0.06230547612891991,1.0,-0.0,0,0
95,0.0,0.021782178217821784,0.06230547612891991,1.0,-0.0,0,0
96,0.0,0.021782178217821784,0.06230547612891991,1.0,-0.0,0,0
97,0.0,0.011881188118811881,0.047276579747775535,1.0,-0.0,0,0
98,0.2,0.017821782178217824,0.05698017651460656,0.0006937928196726553,3.15877019915046,0,0
99,0.2,0.017821782178217824,0.05698017651460656,0.0006937928196726553,3.15877019915046,0,0
100,0.2,0.017821782178217824,0.05698017651460656,0.0006937928196726553,3.15877019915046,0,0
101,0.2,0.019801980198019802,0.0597350618970232,0.0012780474741147156,2.893453013655617,0,0
102,0.2,0.019801980198019802,0.0597350618970232,0.0012780474741147156,2.893453013655617,0,0
103,0.0,0.05742574257425742,0.11021718851545144,1.0,-0.0,0,0
104,0.0,0.05742574257425742,0.11021718851545144,1.0,-0.0,0,0
105,0.0,0.05742574257425742,0.11021718851545144,1.0,-0.0,0,0
106,0.0,0.04356435643564357,0.08721867542790195,1.0,-0.0,0,0
107,0.0,0.04356435643564357,0.08721867542790195,1.0,-0.0,0,0
108,0.0,0.02772277227722772,0.06910862719451544,1.0,-0.0,0,0
109,0.0,0.02772277227722772,0.06910862719451544,1.0,-0.0,0,0
110,0.0,0.02772277227722772,0.06910862719451544,1.0,-0.0,0,0
111,0.0,0.031683168316831684,0.07826167463512675,1.0,-0.0,0,0
112,0.0,0.06534653465346535,0.1230275213228441,1.0,-0.0,0,0
113,0.0,0.03762376237623762,0.09211646217515253,1.0,-0.0,0,0
114,0.0,0.03762376237623762,0.09211646217515253,1.0,-0.0,0,0
115,0.0,0.03762376237623762,0.09211646217515253,1.0,-0.0,0,0
116,0.0,0.033663366336633666,0.07994704648786674,1.0,-0.0,0,0
117,0.0,0.0,0.0,1.0,-0.0,0,0
118,0.0,0.023762376237623763,0.06471340450838887,1.0,-0.0,0,0
119,0.0,0.0712871287128713,0.11461224656227947,1.0,-0.0,0,0
120,0.0,0.0712871287128713,0.11461224656227947,1.0,-0.0,0,0
121,0.0,0.07524752475247526,0.11553229422427584,1.0,-0.0,0,0
122,0.2,0.08514851485148513,0.12694907267187808,0.1828107949282391,0.7379981628727221,0,0
123,0.4,0.0871287128712871,0.11402914890208293,0.003036779787965209,2.517586699796923,0,0
124,0.4,0.03960396039603961,0.07970143286137867,3.0654172572123462e-06,5.513510402003252,0,0
125,0.4,0.03960396039603961,0.07970143286137867,3.0654172572123462e-06,5.513510402003252,0,0
126,0.4,0.03564356435643565,0.07653920035678292,9.660966320372894e-07,6.014979431905753,0,0
127,0.2,0.025742574257425748,0.0669763743575753,0.0046371400013480064,2.3337497919853587,0,0
128,0.0,0.0,0.0,1.0,-0.0,0,0
129,0.0,0.0,0.0,1.0,-0.0,0,0
130,0.0,0.0,0.0,1.0,-0.0,0,0
131,0.0,0.0,0.0,1.0,-0.0,0,0
132,0.0,0.0,0.0,1.0,-0.0,0,0
133,0.0,0.0,0.0,1.0,-0.0,0,0
134,0.0,0.0,0.0,1.0,-0.0,0,0
135,0.0,0.0,0.0,1.0,-0.0,0,0
136,0.0,0.0,0.0,1.0,-0.0,0,0
137,0.0,0.0,0.0,1.0,-0.0,0,0
138,0.0,0.0,0.0,1.0,-0.0,0,0
139,0.2,0.013861386138613863,0.05079507064705211,0.00012391038159364294,3.90689230556944,0,0
140,0.2,0.013861386138613863,0.05079507064705211,0.00012391038159364294,3.90689230556944,0,0
141,0.2,0.023762376237623766,0.06471340450838887,0.003231121245907738,2.4906467450338194,0,0
142,0.2,0.06930693069306931,0.11057238501634628,0.11860911207080789,0.9258819452883051,0,0
143,0.2,0.07920792079207921,0.11966689053257923,0.1563907784536167,0.8057888585957333,0,0
144,0.0,0.06534653465346535,0.11295810453031022,1.0,-0.0,0,0
145,0.0,0.06534653465346535,0.11295810453031022,1.0,-0.0,0,0
146,0.0,0.05544554455445544,0.10575073206193021,1.0,-0.0,0,0
147,0.0,0.019801980198019802,0.0597350618970232,1.0,-0.0,0,0
148,0.0,0.009900990099009901,0.04338396495090424,1.0,-0.0,0,0
149,0.0,0.009900990099009901,0.04338396495090424,1.0,-0.0,0,0
150,0.0,0.009900990099009901,0.04338396495090424,1.0,-0.0,0,0
151,0.0,0.025742574257425745,0.0669763743575753,1.0,-0.0,0,0
152,0.0,0.015841584158415842,0.05401260078014202,1.0,-0.0,0,0
153,0.0,0.03762376237623763,0.07816140339006158,1.0,-0.0,0,0
154,0.0,0.10495049504950493,0.13078304733432372,1.0,-0.0,0,0
155,0.0,0.14059405940594058,0.14770737583343774,1.0,-0.0,0,0
156,0.0,0.1465346534653465,0.1564231101634178,1.0,-0.0,0,0
157,0.0,0.19603960396039602,0.1801653762185231,1.0,-0.0,0,0
158,0.0,0.2059405940594059,0.1767818940250744,1.0,-0.0,0,0
159,0.0,0.1386138613861386,0.1427941099193659,1.0,-0.0,0,0
160,0.0,0.10297029702970295,0.12142344330103676,1.0,-0.0,0,0
161,0.0,0.08118811881188118,0.11320083903331847,1.0,-0.0,0,0
162,0.0,0.04554455445544555,0.08846854615322249,1.0,-0.0,0,0
163,0.0,0.017821782178217824,0.056980176514606566,1.0,-0.0,0,0
164,0.0,0.039603960396039604,0.07970143286137865,1.0,-0.0,0,0
165,0.0,0.039603960396039604,0.07970143286137865,1.0,-0.0,0,0
166,0.0,0.039603960396039604,0.07970143286137865,1.0,-0.0,0,0
167,0.0,0.025742574257425748,0.06697637435757531,1.0,-0.0,0,0
168,0.0,0.021782178217821784,0.06230547612891991,1.0,-0.0,0,0
169,0.0,0.009900990099009901,0.04338396495090424,1.0,-0.0,0,0
170,0.0,0.009900990099009901,0.04338396495090424,1.0,-0.0,0,0
171,0.0,0.009900990099009901,0.04338396495090424,1.0,-0.0,0,0
172,0.0,0.009900990099009901,0.04338396495090424,1.0,-0.0,0,0
173,0.0,0.009900990099009901,0.04338396495090424,1.0,-0.0,0,0
174,0.0,0.0,0.0,1.0,-0.0,0,0
175,0.0,0.0,0.0,1.0,-0.0,0,0
176,0.0,0.0,0.0,1.0,-0.0,0,0
177,0.0,0.0,0.0,1.0,-0.0,0,0
178,0.0,0.0,0.0,1.0,-0.0,0,0
179,0.0,0.009900990099009901,0.04338396495090424,1.0,-0.0,0,0
180,0.0,0.015841584158415842,0.054012600780142014,1.0,-0.0,0,0
181,0.0,0.015841584158415842,0.054012600780142014,1.0,-0.0,0,0
182,0.0,0.015841584158415842,0.054012600780142014,1.0,-0.0,0,0
183,0.0,0.023762376237623766,0.06471340450838887,1.0,-0.0,0,0
184,0.0,0.013861386138613863,0.05079507064705211,1.0,-0.0,0,0
185,0.0,0.023762376237623766,0.06471340450838887,1.0,-0.0,0,0
186,0.2,0.0297029702970297,0.07112192077650681,0.008322928729312118,2.079723824290396,0,0
187,0.2,0.0297029702970297,0.07112192077650681,0.008322928729312118,2.079723824290396,0,0
188,0.2,0.021782178217821784,0.06230547612891991,0.002115616449879084,2.6745630648030154,0,0
189,0.2,0.021782178217821784,0.06230547612891991,0.002115616449879084,2.6745630648030154,0,0
190,0.2,0.0059405940594059415,0.03395332316729158,5.469865928325192e-09,8.262023318511567,0,0
191,0.0,0.0,0.0,1.0,-0.0,0,0
192,0.0,0.0,0.0,1.0,-0.0,0,0
193,0.0,0.0,0.0,1.0,-0.0,0,0
194,0.0,0.0,0.0,1.0,-0.0,0,0
195,0.0,0.0,0.0,1.0,-0.0,0,0
196,0.0,0.0,0.0,1.0,-0.0,0,0
197,0.0,0.0,0.0,1.0,-0.0,0,0
198,0.0,0.0,0.0,1.0,-0.0,0,0
199,0.0,0.0,0.0,1.0,-0.0,0,0
200,0.0,0.009900990099009901,0.04338396495090425,1.0,-0.0,0,0
201,0.0,0.009900990099009901,0.04338396495090425,1.0,-0.0,0,0
202,0.0,0.059405940594059396,0.11096178792967841,1.0,-0.0,0,0
203,0.0,0.07524752475247526,0.12219602867755656,1.0,-0.0,0,0
204,0.0,0.10693069306930694,0.1530271610800924,1.0,-0.0,0,0
205,0.2,0.13663366336633664,0.16870078513860487,0.353602028912162,0.4514852517392013,0,0
206,0.2,0.16633663366336635,0.17364880212589112,0.4231431818027592,0.3735126526131154,0,0
207,0.2,0.11485148514851484,0.14717547862227362,0.2814461003945266,0.5506047643740807,0,0
208,0.2,0.09900990099009901,0.1308729634998678,0.2201564018743143,0.6572686812775224,0,0
209,0.2,0.06732673267326733,0.11000352009767247,0.11389293410569636,0.9435032186258506,0,0
210,0.0,0.027722772277227727,0.06910862719451544,1.0,-0.0,0,0
211,0.0,0.0,0.0,1.0,-0.0,0,0
212,0.0,0.0,0.0,1.0,-0.0,0,0
213,0.0,0.0059405940594059415,0.033953323167291584,1.0,-0.0,0,0
214,0.0,0.0059405940594059415,0.033953323167291584,1.0,-0.0,0,0
215,0.0,0.0059405940594059415,0.033953323167291584,1.0,-0.0,0,0
216,0.0,0.0059405940594059415,0.033953323167291584,1.0,-0.0,0,0
217,0.0,0.0059405940594059415,0.033953323167291584,1.0,-0.0,0,0
218,0.2,0.061386138613861385,0.11166631429601336,0.10724339580581539,0.9696294427647089,0,0
219,0.2,0.09504950495049502,0.1337769960717191,0.21636803837097374,0.6648068922914057,0,0
220,0.2,0.1069306930693069,0.13661931335176508,0.24786267822600483,0.6057888619402982,0,0
221,0.2,0.1069306930693069,0.13661931335176508,0.24786267822600483,0.6057888619402982,0,0
222,0.2,0.1069306930693069,0.13661931335176508,0.24786267822600483,0.6057888619402982,0,0
223,0.0,0.07524752475247524,0.12851469892742934,1.0,-0.0,0,0
224,0.0,0.04554455445544554,0.10100951085035129,1.0,-0.0,0,0
225,0.0,0.033663366336633666,0.08475617647141663,1.0,-0.0,0,0
226,0.0,0.033663366336633666,0.08475617647141663,1.0,-0.0,0,0
227,0.0,0.04356435643564357,0.09164702150816742,1.0,-0.0,0,0
228,0.0,0.013861386138613863,0.05079507064705211,1.0,-0.0,0,0
229,0.0,0.009900990099009901,0.04338396495090424,1.0,-0.0,0,0
230,0.0,0.009900990099009901,0.04338396495090424,1.0,-0.0,0,0
231,0.0,0.05148514851485149,0.1001126705723924,1.0,-0.0,0,0
232,0.0,0.041584158415841586,0.08590499787518362,1.0,-0.0,0,0
233,0.0,0.07524752475247526,0.1189108498693262,1.0,-0.0,0,0
234,0.0,0.07524752475247526,0.1189108498693262,1.0,-0.0,0,0
235,0.0,0.10099009900990098,0.1338649012368758,1.0,-0.0,0,0
236,0.0,0.0594059405940594,0.10733330877518932,1.0,-0.0,0,0
237,0.0,0.09108910891089109,0.12113245340338318,1.0,-0.0,0,0
238,0.0,0.06534653465346536,0.10571364605971599,1.0,-0.0,0,0
239,0.0,0.06534653465346536,0.10571364605971599,1.0,-0.0,0,0
240,0.0,0.03960396039603961,0.08452453849668534,1.0,-0.0,0,0
241,0.0,0.03960396039603961,0.08452453849668534,1.0,-0.0,0,0
242,0.0,0.007920792079207921,0.03900537743285587,1.0,-0.0,0,0
243,0.0,0.0,0.0,1.0,-0.0,0,0
244,0.0,0.0,0.0,1.0,-0.0,0,0
245,0.0,0.0,0.0,1.0,-0.0,0,0
246,0.0,0.0019801980198019802,0.0198019801980198,1.0,-0.0,0,0
247,0.0,0.0019801980198019802,0.0198019801980198,1.0,-0.0,0,0
248,0.0,0.0019801980198019802,0.0198019801980198,1.0,-0.0,0,0
249,0.0,0.0019801980198019802,0.0198019801980198,1.0,-0.0,0,0
250,0.0,0.0019801980198019802,0.0198019801980198,1.0,-0.0,0,0
251,0.0,0.0,0.0,1.0,-0.0,0,0
252,0.0,0.0,0.0,1.0,-0.0,0,0
253,0.0,0.009900990099009901,0.04338396495090425,1.0,-0.0,0,0
254,0.0,0.009900990099009901,0.04338396495090425,1.0,-0.0,0,0
255,0.0,0.009900990099009901,0.04338396495090425,1.0,-0.0,0,0
256,0.0,0.017821782178217824,0.05698017651460656,1.0,-0.0,0,0
257,0.0,0.017821782178217824,0.05698017651460656,1.0,-0.0,0,0
258,0.0,0.007920792079207921,0.03900537743285587,1.0,-0.0,0,0
259,0.0,0.04950495049504951,0.09912864166957489,1.0,-0.0,0,0
260,0.0,0.05148514851485149,0.10399339410297728,1.0,-0.0,0,0
261,0.0,0.05940594059405942,0.11447531431916541,1.0,-0.0,0,0
262,0.0,0.05940594059405942,0.11447531431916541,1.0,-0.0,0,0
263,0.0,0.10297029702970295,0.1367627457412436,1.0,-0.0,0,0
264,0.0,0.061386138613861385,0.09224407682259103,1.0,-0.0,0,0
265,0.0,0.05940594059405942,0.09138994660763826,1.0,-0.0,0,0
266,0.0,0.09504950495049505,0.1277189346265117,1.0,-0.0,0,0
267,0.0,0.19603960396039605,0.1801653762185231,1.0,-0.0,0,0
268,0.0,0.1603960396039604,0.17353585980361697,1.0,-0.0,0,0
269,0.0,0.1603960396039604,0.17353585980361697,1.0,-0.0,0,0
270,0.0,0.1603960396039604,0.17353585980361697,1.0,-0.0,0,0
271,0.0,0.10693069306930694,0.13948804962658476,1.0,-0.0,0,0
272,0.0,0.0594059405940594,0.1073333087751893,1.0,-0.0,0,0
273,0.0,0.05148514851485149,0.09607532254026299,1.0,-0.0,0,0
274,0.0,0.05544554455445545,0.1019369320889802,1.0,-0.0,0,0
275,0.0,0.10693069306930691,0.14776046024695155,1.0,-0.0,0,0
276,0.0,0.10693069306930691,0.14776046024695155,1.0,-0.0,0,0
277,0.0,0.05544554455445545,0.09384550979067555,1.0,-0.0,0,0
278,0.0,0.05544554455445545,0.09384550979067555,1.0,-0.0,0,0
279,0.0,0.051485148514851496,0.08744317689433512,1.0,-0.0,0,0
280,0.0,0.0,0.0,1.0,-0.0,0,0
281,0.0,0.0,0.0,1.0,-0.0,0,0
282,0.2,0.019801980198019802,0.0597350618970232,0.0012780474741147156,2.893453013655617,0,0
283,0.2,0.019801980198019802,0.0597350618970232,0.0012780474741147156,2.893453013655617,0,0
284,0.2,0.049504950495049514,0.09078727434730813,0.04869237040212954,1.3125390829709087,0,0
285,0.2,0.07722772277227724,0.10889288780093087,0.12977421193735644,0.886811599723601,0,0
286,0.2,0.08712871287128712,0.11402914890208296,0.1611247194908752,0.7928378257202849,0,0
287,0.0,0.06732673267326733,0.11000352009767247,1.0,-0.0,0,0
288,0.0,0.06732673267326733,0.11000352009767247,1.0,-0.0,0,0
289,0.0,0.03762376237623763,0.08771182015980238,1.0,-0.0,0,0
290,0.0,0.009900990099009901,0.04338396495090425,1.0,-0.0,0,0
291,0.0,0.0,0.0,1.0,-0.0,0,0
292,0.0,0.011881188118811883,0.047276579747775535,1.0,-0.0,0,0
293,0.0,0.015841584158415842,0.05401260078014202,1.0,-0.0,0,0
294,0.0,0.015841584158415842,0.05401260078014202,1.0,-0.0,0,0
295,0.0,0.015841584158415842,0.05401260078014202,1.0,-0.0,0,0
296,0.0,0.023762376237623766,0.06471340450838889,1.0,-0.0,0,0
297,0.0,0.017821782178217824,0.05698017651460656,1.0,-0.0,0,0
298,0.0,0.01386138613861386,0.05079507064705211,1.0,-0.0,0,0
299,0.0,0.02178217821782178,0.06230547612891991,1.0,-0.0,0,0
300,0.0,0.02178217821782178,0.06230547612891991,1.0,-0.0,0,0
301,0.0,0.013861386138613863,0.05079507064705211,1.0,-0.0,0,0
302,0.0,0.007920792079207921,0.03900537743285587,1.0,-0.0,0,0
303,0.0,0.007920792079207921,0.03900537743285587,1.0,-0.0,0,0
304,0.0,0.013861386138613863,0.05079507064705211,1.0,-0.0,0,0
305,0.0,0.013861386138613863,0.05079507064705211,1.0,-0.0,0,0
306,0.0,0.01782178217821782,0.05698017651460657,1.0,-0.0,0,0
307,0.0,0.031683168316831684,0.0730260947112308,1.0,-0.0,0,0
308,0.0,0.04554455445544554,0.08846854615322249,1.0,-0.0,0,0
309,0.0,0.039603960396039604,0.0890869059738772,1.0,-0.0,0,0
310,0.0,0.04356435643564357,0.09587103712404123,1.0,-0.0,0,0
311,0.0,0.039603960396039604,0.0890869059738772,1.0,-0.0,0,0
312,0.0,0.025742574257425745,0.07264925278354115,1.0,-0.0,0,0
313,0.0,0.011881188118811881,0.047276579747775535,1.0,-0.0,0,0
314,0.0,0.0039603960396039604,0.02786385599895106,1.0,-0.0,0,0
315,0.2,0.013861386138613863,0.05079507064705211,0.00012391038159364294,3.90689230556944,0,0
316,0.2,0.013861386138613863,0.05079507064705211,0.00012391038159364294,3.90689230556944,0,0
317,0.2,0.013861386138613863,0.05079507064705211,0.00012391038159364294,3.90689230556944,0,0
318,0.4,0.03564356435643565,0.08154954567118415,3.949284449990799e-06,5.403481584771325,0,0
319,0.4,0.03564356435643565,0.08154954567118415,3.949284449990799e-06,5.403481584771325,0,0
320,0.2,0.039603960396039604,0.09342674148186494,0.04300687269944547,1.36646213658456,0,0
321,0.2,0.05742574257425742,0.10277971700879983,0.08269301175340939,1.0825311903890302,0,0
322,0.4,0.09702970297029702,0.12142344330103674,0.006295108153103138,2.2009968040958476,0,0
323,0.2,0.08316831683168316,0.10630546955619442,0.13587998705995685,0.8668445031604848,0,0
324,0.2,0.10495049504950493,0.1307830473343237,0.23368270656166545,0.6313734259164431,0,7
325,0.2,0.11287128712871286,0.13618810981425267,0.2611619149353208,0.5830901556488499,0,0
326,0.2,0.11089108910891088,0.1420507440353343,0.26523019637673806,0.5763770331585043,0,0
327,0.0,0.09504950495049505,0.1277189346265117,1.0,-0.0,0,0
328,0.0,0.08712871287128712,0.12401163019288061,1.0,-0.0,0,0
329,0.0,0.06534653465346535,0.1164113937164283,1.0,-0.0,0,0
330,0.0,0.04752475247524753,0.08512548617902843,1.0,-0.0,0,0
331,0.0,0.031683168316831684,0.0730260947112308,1.0,-0.0,0,0
332,0.0,0.007920792079207921,0.03900537743285587,1.0,-0.0,0,0
333,0.0,0.049504950495049514,0.09504950495049506,1.0,-0.0,0,0
334,0.0,0.049504950495049514,0.09504950495049506,1.0,-0.0,0,0
335,0.0,0.041584158415841586,0.09039772047931348,1.0,-0.0,0,0
336,0.0,0.041584158415841586,0.09039772047931348,1.0,-0.0,0,0
337,0.0,0.041584158415841586,0.09039772047931348,1.0,-0.0,0,0
338,0.0,0.0,0.0,1.0,-0.0,0,0
339,0.0,0.0,0.0,1.0,-0.0,0,0
340,0.0,0.0,0.0,1.0,-0.0,0,0
341,0.0,0.01386138613861386,0.05079507064705211,1.0,-0.0,0,0
342,0.0,0.01386138613861386,0.05079507064705211,1.0,-0.0,0,0
343,0.0,0.06336633663366337,0.10120342446875752,1.0,-0.0,0,0
344,0.0,0.06336633663366337,0.10120342446875752,1.0,-0.0,0,0
345,0.0,0.0712871287128713,0.10372911567294095,1.0,-0.0,0,0
346,0.0,0.057425742574257435,0.09476028605152792,1.0,-0.0,0,0
347,0.0,0.057425742574257435,0.09476028605152792,1.0,-0.0,0,0
348,0.0,0.007920792079207921,0.03900537743285587,1.0,-0.0,0,0
349,0.0,0.007920792079207921,0.03900537743285587,1.0,-0.0,0,0
350,0.0,0.0,0.0,1.0,-0.0,0,0
351,0.0,0.0,0.0,1.0,-0.0,0,0
352,0.0,0.0,0.0,1.0,-0.0,0,0
353,0.0,0.0,0.0,1.0,-0.0,0,0
354,0.0,0.0,0.0,1.0,-0.0,0,0
355,0.0,0.0,0.0,1.0,-0.0,0,0
356,0.0,0.0,0.0,1.0,-0.0,0,0
357,0.0,0.0,0.0,1.0,-0.0,0,0
358,0.0,0.0,0.0,1.0,-0.0,0,0
359,0.0,0.0,0.0,1.0,-0.0,0,0
360,0.0,0.0,0.0,1.0,-0.0,0,0
361,0.0,0.0,0.0,1.0,-0.0,0,0
362,0.0,0.0,0.0,1.0,-0.0,0,0
363,0.0,0.0,0.0,1.0,-0.0,0,0
364,0.0,0.0,0.0,1.0,-0.0,0,0
365,0.0,0.0,0.0,1.0,-0.0,0,0
366,0.0,0.0,0.0,1.0,-0.0,0,0
367,0.0,0.0,0.0,1.0,-0.0,0,0
368,0.0,0.0,0.0,1.0,-0.0,0,0
369,0.0,0.0,0.0,1.0,-0.0,0,0
370,0.0,0.0,0.0,1.0,-0.0,0,0
371,0.0,0.017821782178217824,0.056980176514606566,1.0,-0.0,0,0
372,0.0,0.023762376237623763,0.06471340450838889,1.0,-0.0,0,0
373,0.0,0.023762376237623763,0.06471340450838889,1.0,-0.0,0,0
374,0.0,0.023762376237623763,0.06471340450838889,1.0,-0.0,0,0
375,0.0,0.023762376237623763,0.06471340450838889,1.0,-0.0,0,0
376,0.0,0.021782178217821784,0.06230547612891991,1.0,-0.0,0,0
377,0.0,0.041584158415841586,0.08590499787518362,1.0,-0.0,0,0
378,0.0,0.07326732673267328,0.10798889666879984,1.0,-0.0,0,0
379,0.0,0.10693069306930694,0.13661931335176508,1.0,-0.0,0,0
380,0.0,0.14455445544554454,0.1518696989212991,1.0,-0.0,0,0
381,0.0,0.12871287128712872,0.14510947295494067,1.0,-0.0,0,0
382,0.0,0.12475247524752475,0.16614793634378638,1.0,-0.0,0,0
383,0.0,0.09306930693069307,0.14776046024695155,1.0,-0.0,0,0
384,0.0,0.10099009900990098,0.15318082856090073,1.0,-0.0,0,0
385,0.0,0.06534653465346535,0.12620558708220353,1.0,-0.0,0,0
386,0.0,0.07920792079207921,0.13224402263020987,1.0,-0.0,0,0
387,0.0,0.05544554455445545,0.1094316980566186,1.0,-0.0,0,0
388,0.0,0.06336633663366337,0.11233152161332938,1.0,-0.0,0,0
389,0.0,0.021782178217821784,0.06230547612891991,1.0,-0.0,0,0
390,0.0,0.021782178217821784,0.06230547612891991,1.0,-0.0,0,0
391,0.0,0.007920792079207921,0.03900537743285587,1.0,-0.0,0,0
392,0.0,0.007920792079207921,0.03900537743285587,1.0,-0.0,0,0
393,0.0,0.03762376237623763,0.09211646217515253,1.0,-0.0,0,0
394,0.2,0.16633663366336632,0.14369744599229098,0.4073894006469073,0.3899902745514716,0,0
395,0.2,0.19009900990099005,0.1389529092502878,0.47159768927462276,0.3264283315195674,0,0
396,0.2,0.19009900990099005,0.1389529092502878,0.47159768927462276,0.3264283315195674,0,0
397,0.4,0.35049504950495053,0.20373918601017008,0.40400967915206903,0.3936082300577656,0,0
398,0.4,0.3118811881188119,0.18736691842841588,0.31907006252361647,0.496113942565288,0,0
399,0.2,0.22772277227722773,0.17126137275595765,1.0,-0.0,0,0
400,0.4,0.3445544554455446,0.1782618207513172,0.377887264810719,0.422637744006846,0,0
401,0.4,0.3445544554455446,0.1782618207513172,0.377887264810719,0.422637744006846,0,0
402,0.2,0.18415841584158413,0.16574624125023033,0.46192813309267083,0.3354255868445192,0,0
403,0.2,0.18415841584158413,0.16574624125023033,0.46192813309267083,0.3354255868445192,0,0
404,0.2,0.14059405940594058,0.15036471688371983,0.3463922966247934,0.46043177476827185,0,0
405,0.0,0.0,0.0,1.0,-0.0,0,0
406,0.0,0.0,0.0,1.0,-0.0,0,0
407,0.0,0.0,0.0,1.0,-0.0,0,0
408,0.0,0.0,0.0,1.0,-0.0,0,0
409,0.0,0.0,0.0,1.0,-0.0,0,0
410,0.0,0.0,0.0,1.0,-0.0,0,0
411,0.0,0.0,0.0,1.0,-0.0,0,0
412,0.0,0.0,0.0,1.0,-0.0,0,0
413,0.0,0.0,0.0,1.0,-0.0,0,0
414,0.0,0.007920792079207921,0.03900537743285587,1.0,-0.0,0,0
415,0.0,0.02772277227722773,0.06910862719451544,1.0,-0.0,0,0
416,0.0,0.06534653465346535,0.10571364605971598,1.0,-0.0,0,0
417,0.0,0.06534653465346535,0.10571364605971598,1.0,-0.0,0,0
418,0.0,0.06534653465346535,0.10571364605971598,1.0,-0.0,0,0
419,0.0,0.057425742574257435,0.09885135821266286,1.0,-0.0,0,0
420,0.0,0.03762376237623763,0.08771182015980238,1.0,-0.0,0,0
421,0.0,0.0,0.0,1.0,-0.0,0,0
422,0.0,0.0,0.0,1.0,-0.0,0,0
423,0.0,0.0,0.0,1.0,-0.0,0,0
424,0.0,0.0297029702970297,0.07112192077650681,1.0,-0.0,0,0
425,0.0,0.05148514851485149,0.096075322540263,1.0,-0.0,0,0
426,0.0,0.06336633663366338,0.10504385908811757,1.0,-0.0,0,0
427,0.0,0.0891089108910891,0.13042276277287215,1.0,-0.0,0,0
428,0.0,0.14653465346534653,0.14041265664345218,1.0,-0.0,0,0
429,0.0,0.11485148514851484,0.13304219431477882,1.0,-0.0,0,0
430,0.0,0.09306930693069307,0.11795067415315193,1.0,-0.0,0,0
431,0.0,0.09108910891089109,0.11781762202489916,1.0,-0.0,0,0
432,0.0,0.08118811881188118,0.11320083903331844,1.0,-0.0,0,0
433,0.0,0.05346534653465348,0.10104832334394513,1.0,-0.0,0,0
434,0.0,0.05346534653465348,0.10104832334394513,1.0,-0.0,0,0
435,0.0,0.05346534653465348,0.10104832334394513,1.0,-0.0,0,0
436,0.0,0.04356435643564357,0.09164702150816742,1.0,-0.0,0,0
437,0.0,0.027722772277227727,0.07975061610139512,1.0,-0.0,0,0
438,0.0,0.10297029702970298,0.1367627457412436,1.0,-0.0,0,0
439,0.0,0.16435643564356434,0.16744093589393827,1.0,-0.0,0,0
440,0.0,0.17821782178217815,0.1732644978552662,1.0,-0.0,0,0
441,0.0,0.17821782178217815,0.1732644978552662,1.0,-0.0,0,0
442,0.0,0.17821782178217815,0.1732644978552662,1.0,-0.0,0,0
443,0.0,0.07326732673267328,0.10425700262248065,1.0,-0.0,0,0
444,0.0,0.031683168316831684,0.0730260947112308,1.0,-0.0,0,0
445,0.0,0.02772277227722772,0.07461957893630407,1.0,-0.0,0,0
446,0.0,0.02772277227722772,0.07461957893630407,1.0,-0.0,0,0
447,0.0,0.05544554455445545,0.09797478714338996,1.0,-0.0,0,0
448,0.0,0.05544554455445545,0.09797478714338996,1.0,-0.0,0,0
449,0.0,0.03762376237623763,0.07816140339006158,1.0,-0.0,0,0
450,0.0,0.027722772277227727,0.06910862719451544,1.0,-0.0,0,0
451,0.0,0.027722772277227727,0.06910862719451544,1.0,-0.0,0,0
452,0.0,0.0,0.0,1.0,-0.0,0,0
453,0.0,0.0019801980198019802,0.019801980198019802,1.0,-0.0,0,0
454,0.0,0.0019801980198019802,0.019801980198019802,1.0,-0.0,0,0
455,0.0,0.021782178217821784,0.06230547612891991,1.0,-0.0,0,0
456,0.0,0.021782178217821784,0.06230547612891991,1.0,-0.0,0,0
457,0.0,0.1168316831683168,0.1442421691205886,1.0,-0.0,0,0
458,0.0,0.13465346534653463,0.14921288105967925,1.0,-0.0,0,0
459,0.0,0.13465346534653463,0.14921288105967925,1.0,-0.0,0,0
460,0.0,0.12277227722772276,0.15148191286261609,1.0,-0.0,0,0
461,0.0,0.12277227722772276,0.15148191286261609,1.0,-0.0,0,0
462,0.0,0.027722772277227727,0.07461957893630407,1.0,-0.0,0,0
463,0.0,0.009900990099009901,0.04338396495090424,1.0,-0.0,0,0
464,0.0,0.023762376237623766,0.07056843438101175,1.0,-0.0,0,0
465,0.0,0.013861386138613863,0.05079507064705211,1.0,-0.0,0,0
466,0.0,0.013861386138613863,0.05079507064705211,1.0,-0.0,0,0
467,0.0,0.013861386138613863,0.05079507064705211,1.0,-0.0,0,0
468,0.0,0.013861386138613863,0.05079507064705211,1.0,-0.0,0,0
469,0.0,0.0,0.0,1.0,-0.0,0,0
470,0.0,0.0,0.0,1.0,-0.0,0,0
471,0.0,0.0,0.0,1.0,-0.0,0,0
472,0.0,0.0,0.0,1.0,-0.0,0,0
473,0.0,0.0,0.0,1.0,-0.0,0,0
474,0.0,0.0,0.0,1.0,-0.0,0,0
475,0.0,0.0,0.0,1.0,-0.0,0,0
476,0.0,0.0,0.0,1.0,-0.0,0,0
477,0.0,0.0,0.0,1.0,-0.0,0,0
478,0.0,0.0,0.0,1.0,-0.0,0,0
479,0.0,0.0,0.0,1.0,-0.0,0,0
480,0.0,0.0,0.0,1.0,-0.0,0,0
481,0.0,0.0,0.0,1.0,-0.0,0,0
482,0.0,0.0,0.0,1.0,-0.0,0,0
483,0.0,0.0,0.0,1.0,-0.0,0,0
484,0.0,0.0,0.0,1.0,-0.0,0,0
485,0.0,0.0,0.0,1.0,-0.0,0,0
486,0.0,0.0059405940594059415,0.03395332316729158,1.0,-0.0,0,0
487,0.0,0.0059405940594059415,0.03395332316729158,1.0,-0.0,0,0
488,0.0,0.02970297029702971,0.07648795214189293,1.0,-0.0,0,0
489,0.0,0.0712871287128713,0.11110305060677654,1.0,-0.0,0,0
490,0.0,0.08712871287128712,0.12077584698595571,1.0,-0.0,0,0
491,0.0,0.09504950495049505,0.12135883917659061,1.0,-0.0,0,0
492,0.0,0.09504950495049505,0.12135883917659061,1.0,-0.0,0,0
493,0.0,0.0712871287128713,0.10747934055534188,1.0,-0.0,0,0
494,0.0,0.043564356435643575,0.09587103712404123,1.0,-0.0,0,0
495,0.0,0.057425742574257435,0.10277971700879983,1.0,-0.0,0,0
496,0.0,0.05346534653465347,0.09704990696905226,1.0,-0.0,0,0
497,0.0,0.06930693069306931,0.11409790329416186,1.0,-0.0,0,0
498,0.0,0.06930693069306931,0.11409790329416186,1.0,-0.0,0,0
499,0.0,0.05544554455445546,0.09384550979067553,1.0,-0.0,0,0
500,0.0,0.08712871287128712,0.14188502271424044,1.0,-0.0,0,0
501,0.0,0.08514851485148514,0.13886822488939993,1.0,-0.0,0,0
502,0.0,0.06930693069306931,0.12084076279122662,1.0,-0.0,0,0
503,0.0,0.08712871287128712,0.13324834725751067,1.0,-0.0,0,0
504,0.2,0.11089108910891088,0.1420507440353343,0.26523019637673806,0.5763770331585043,0,0
505,0.2,0.04950495049504951,0.09912864166957489,0.06448460512601864,1.190543955238279,0,0
506,0.2,0.041584158415841586,0.09039772047931348,0.03984979219979861,1.3995739389282478,0,0
507,0.2,0.041584158415841586,0.09039772047931348,0.03984979219979861,1.3995739389282478,0,0
508,0.2,0.023762376237623766,0.06471340450838887,0.003231121245907738,2.4906467450338194,0,0
509,0.0,0.0,0.0,1.0,-0.0,0,0
510,0.0,0.0,0.0,1.0,-0.0,0,0
511,0.0,0.0,0.0,1.0,-0.0,0,0
512,0.0,0.041584158415841586,0.0946774898050053,1.0,-0.0,0,0
513,0.0,0.07524752475247526,0.1403009075953929,1.0,-0.0,0,0
514,0.2,0.08910891089108909,0.14481192315867106,0.22190974263245022,0.6538236302662829,0,0
515,0.2,0.19207920792079206,0.1927822186435128,0.483613374497299,0.31550169707913833,0,0
516,0.2,0.2693069306930693,0.2187917198722081,1.0,-0.0,0,0
517,0.2,0.22772277227722773,0.18885733097134835,1.0,-0.0,0,0
518,0.2,0.19405940594059407,0.1675813868644411,0.4858608529338754,0.3134880917575408,0,0
519,0.0,0.21584158415841584,0.17276589394999792,1.0,-0.0,0,0
520,0.0,0.12475247524752475,0.1485280522186073,1.0,-0.0,0,0
521,0.0,0.04752475247524753,0.09397077637785879,1.0,-0.0,0,0
522,0.0,0.04752475247524753,0.09397077637785879,1.0,-0.0,0,0
523,0.0,0.04752475247524753,0.09397077637785879,1.0,-0.0,0,0
524,0.0,0.011881188118811883,0.047276579747775535,1.0,-0.0,0,0
525,0.0,0.0,0.0,1.0,-0.0,0,0
526,0.0,0.0,0.0,1.0,-0.0,0,0
527,0.0,0.0,0.0,1.0,-0.0,0,0
528,0.0,0.0,0.0,1.0,-0.0,0,0
529,0.0,0.0,0.0,1.0,-0.0,0,0
530,0.0,0.0,0.0,1.0,-0.0,0,0
531,0.0,0.0,0.0,1.0,-0.0,0,0
532,0.0,0.0,0.0,1.0,-0.0,0,0
533,0.0,0.0,0.0,1.0,-0.0,0,0
534,0.2,0.031683168316831684,0.08316831683168317,0.021494876961718305,1.6676650364739216,0,0
535,0.2,0.031683168316831684,0.08316831683168317,0.021494876961718305,1.6676650364739216,0,0
536,0.2,0.04950495049504951,0.09912864166957489,0.06448460512601864,1.190543955238279,0,0
537,0.2,0.05544554455445545,0.1019369320889802,0.07808409030039497,1.1074374449781044,0,0
538,0.2,0.05544554455445545,0.1019369320889802,0.07808409030039497,1.1074374449781044,0,0
539,0.0,0.023762376237623763,0.06471340450838887,1.0,-0.0,0,0
540,0.0,0.023762376237623763,0.06471340450838887,1.0,-0.0,0,0
541,0.0,0.0059405940594059415,0.033953323167291584,1.0,-0.0,0,0
542,0.0,0.0,0.0,1.0,-0.0,0,0
543,0.0,0.007920792079207921,0.03900537743285587,1.0,-0.0,0,0
544,0.0,0.025742574257425748,0.06697637435757531,1.0,-0.0,0,0
545,0.0,0.025742574257425748,0.06697637435757531,1.0,-0.0,0,0
546,0.0,0.025742574257425748,0.06697637435757531,1.0,-0.0,0,0
547,0.0,0.025742574257425748,0.06697637435757531,1.0,-0.0,0,0
548,0.0,0.027722772277227727,0.06910862719451544,1.0,-0.0,0,0
549,0.0,0.009900990099009901,0.04338396495090425,1.0,-0.0,0,0
550,0.0,0.009900990099009901,0.04338396495090425,1.0,-0.0,0,0
551,0.0,0.019801980198019802,0.059735061897023205,1.0,-0.0,0,0
552,0.2,0.12277227722772276,0.13191745702927898,0.2791311303144557,0.5541917257834535,0,0
553,0.2,0.14257425742574256,0.13883998529075728,0.3395795148208562,0.4690585165099514,0,0
554,0.2,0.19009900990099005,0.16501122103762106,0.47607705271756073,0.32232275135118926,0,0
555,0.4,0.28712871287128716,0.19582947033783946,0.2821807379213506,0.549472635159909,0,0
556,0.4,0.3227722772277228,0.2009291230727259,0.35035839407376534,0.4554874729863149,0,0
557,0.2,0.2653465346534653,0.18691642838675968,1.0,-0.0,0,0
558,0.2,0.2356435643564356,0.18325125229717662,1.0,-0.0,0,0
559,0.2,0.23762376237623759,0.18819175240422528,1.0,-0.0,0,0
560,0.0,0.14653465346534653,0.15127468716660813,1.0,-0.0,0,0
561,0.0,0.10099009900990098,0.1147490154015875,1.0,-0.0,0,0
562,0.0,0.05544554455445545,0.1019369320889802,1.0,-0.0,0,0
563,0.0,0.06336633663366337,0.11233152161332939,1.0,-0.0,0,0
564,0.0,0.013861386138613863,0.05079507064705211,1.0,-0.0,0,0
565,0.0,0.007920792079207921,0.03900537743285587,1.0,-0.0,0,0
566,0.0,0.007920792079207921,0.03900537743285587,1.0,-0.0,0,0
567,0.0,0.05148514851485149,0.09186070102766893,1.0,-0.0,0,0
568,0.0,0.07722772277227724,0.12888031758632065,1.0,-0.0,0,0
569,0.2,0.1108910891089109,0.14481192315867106,0.2691643234257635,0.5699825045005107,0,0
570,0.6,0.1396039603960396,0.16294274516570859,0.002360285025910845,2.6270355488494337,0,0
571,0.6,0.1396039603960396,0.16294274516570859,0.002360285025910845,2.6270355488494337,0,0
572,0.6,0.09504950495049502,0.12771893462651165,3.8490880558949215e-05,4.414642153402207,0,0
573,0.6,0.061386138613861385,0.10433219700847123,1.2184358755350983e-07,6.914197322149402,0,0
574,0.4,0.027722772277227727,0.06910862719451544,3.5853288547446714e-08,7.445471003663998,0,0
575,0.0,0.0,0.0,1.0,-0.0,0,0
576,0.0,0.0,0.0,1.0,-0.0,0,0
577,0.0,0.0,0.0,1.0,-0.0,0,0
578,0.0,0.0,0.0,1.0,-0.0,0,0
579,0.0,0.0,0.0,1.0,-0.0,0,0
580,0.0,0.0,0.0,1.0,-0.0,0,0
581,0.0,0.0,0.0,1.0,-0.0,0,0
582,0.0,0.0,0.0,1.0,-0.0,0,0
583,0.0,0.0,0.0,1.0,-0.0,0,0
584,0.0,0.0,0.0,1.0,-0.0,0,0
585,0.0,0.0,0.0,1.0,-0.0,0,0
586,0.0,0.0,0.0,1.0,-0.0,0,0
587,0.0,0.011881188118811883,0.047276579747775535,1.0,-0.0,0,0
588,0.0,0.011881188118811883,0.047276579747775535,1.0,-0.0,0,0
589,0.0,0.011881188118811883,0.047276579747775535,1.0,-0.0,0,0
590,0.0,0.019801980198019802,0.059735061897023205,1.0,-0.0,0,0
591,0.0,0.05544554455445545,0.09384550979067553,1.0,-0.0,0,0
592,0.0,0.1762376237623762,0.16479721403218364,1.0,-0.0,0,0
593,0.2,0.26732673267326723,0.18299429785580867,1.0,-0.0,0,0
594,0.8,0.31386138613861386,0.2034502897273873,0.008436322670337462,2.073846817829292,0,0
595,0.8,0.30594059405940593,0.19792076731434868,0.006275733042425359,2.2023355387414787,0,0
596,0.8,0.2752475247524752,0.1987116626424095,0.00413585101084243,2.3834351145791155,0,0
597,0.8,0.17425742574257425,0.17272049494935865,0.00014568045807344875,3.8365987016278926,0,0
598,0.6,0.08118811881188118,0.12951766673875514,3.0914051182890746e-05,4.509844078369648,0,0
599,0.0,0.03564356435643565,0.08154954567118415,1.0,-0.0,0,0
600,0.0,0.03564356435643565,0.08154954567118415,1.0,-0.0,0,0
601,0.0,0.02970297029702971,0.07112192077650681,1.0,-0.0,0,0
602,0.0,0.0,0.0,1.0,-0.0,0,0
603,0.2,0.007920792079207921,0.03900537743285587,4.2303541670263104e-07,6.3736232717865695,0,0
604,0.2,0.019801980198019802,0.0597350618970232,0.0012780474741147156,2.893453013655617,0,0
605,0.2,0.10495049504950493,0.13078304733432372,0.2336827065616655,0.6313734259164431,0,0
606,0.2,0.10495049504950493,0.13078304733432372,0.2336827065616655,0.6313734259164431,0,0
