,foreground,bg_means,bg_stdev,pvals,minus_logs,regs,active
2,0.2,0.0891089108910891,0.11765109526742927,0.17295763001760883,0.7620602743466306,0,0
3,0.2,0.06732673267326733,0.11000352009767249,0.11389293410569641,0.9435032186258504,0,0
4,0.2,0.06732673267326733,0.11000352009767249,0.11389293410569641,0.9435032186258504,0,0
5,0.8,0.33168316831683176,0.2014456136560161,0.010041850476283152,1.9981862495827234,0,0
6,1.0,0.36831683168316826,0.206302043812103,0.0010995609937135022,2.9587806748993715,0,0
7,1.2,0.504950495049505,0.26935060798986027,0.004933384405095167,2.3068550433646635,0,0
8,1.4,0.5801980198019803,0.2617609074505705,0.0008684742664247329,3.061243045513155,0,0
9,1.4,0.5801980198019803,0.2617609074505705,0.0008684742664247329,3.061243045513155,0,0
10,0.8,0.31683168316831684,0.2202920235274991,0.014142588134537478,1.8494711061195295,0,0
11,0.8,0.36435643564356446,0.22932710798896516,0.02873886769799425,1.5415303469255321,0,0
12,0.4,0.22772277227722768,0.1802741651760957,0.16962703830781511,0.7705049206408704,0,0
13,0.2,0.13267326732673265,0.12673267326732673,0.2976227743664078,0.5263338392443568,0,0
14,0.2,0.20198019801980194,0.17233412057057096,1.0,-0.0,0,0
15,0.4,0.2891089108910891,0.21150146412386042,0.3000335157436531,0.5228302289819686,0,0
16,0.2,0.30693069306930687,0.22961760107034876,1.0,-0.0,0,0
17,0.2,0.38811881188118824,0.22833323256078536,1.0,-0.0,0,0
18,0.2,0.4376237623762377,0.2481022965116595,1.0,-0.0,0,0
19,0.2,0.4435643564356436,0.23140374111669773,1.0,-0.0,0,0
20,0.0,0.4079207920792079,0.22676509777231907,1.0,-0.0,0,0
21,0.0,0.30495049504950494,0.20215484586740853,1.0,-0.0,0,0
22,0.0,0.19999999999999996,0.1711926712598098,1.0,-0.0,0,0
23,0.0,0.1287128712871287,0.1337476815110359,1.0,-0.0,0,0
24,0.0,0.0712871287128713,0.11110305060677653,1.0,-0.0,0,0
25,0.0,0.06336633663366338,0.09721138779115705,1.0,-0.0,0,0
26,0.0,0.08712871287128712,0.10685732723352115,1.0,-0.0,0,0
27,0.0,0.08712871287128712,0.10685732723352115,1.0,-0.0,0,0
28,0.0,0.08712871287128712,0.10685732723352115,1.0,-0.0,0,0
29,0.0,0.06732673267326733,0.09861306612268303,1.0,-0.0,0,0
30,0.0,0.049504950495049514,0.08631483056516184,1.0,-0.0,0,0
31,0.0,0.16831683168316833,0.16345931947317976,1.0,-0.0,0,0
32,0.0,0.16831683168316833,0.16345931947317976,1.0,-0.0,0,0
33,0.0,0.39207920792079215,0.2403311116585944,1.0,-0.0,0,0
34,0.0,0.39207920792079215,0.2403311116585944,1.0,-0.0,0,0
35,0.0,0.3663366336633664,0.2287621566202309,1.0,-0.0,0,0
36,0.0,0.2376237623762376,0.17735766020493526,1.0,-0.0,0,0
37,0.0,0.2495049504950495,0.17667095463917196,1.0,-0.0,0,32
38,0.0,0.13861386138613857,0.14279410991936586,1.0,-0.0,0,0
39,0.0,0.13861386138613857,0.14279410991936586,1.0,-0.0,0,0
40,0.0,0.13861386138613857,0.14279410991936586,1.0,-0.0,0,32
41,0.0,0.12277227722772276,0.1406358883529878,1.0,-0.0,0,0
42,0.0,0.15049504950495046,0.149999183084401,1.0,-0.0,0,0
43,0.0,0.03762376237623763,0.07816140339006158,1.0,-0.0,0,0
44,0.0,0.03762376237623763,0.07816140339006158,1.0,-0.0,0,0
45,0.0,0.11683168316831682,0.13575553664160483,1.0,-0.0,0,0
46,0.0,0.13861386138613863,0.15348770198080078,1.0,-0.0,0,0
47,0.0,0.09900990099009901,0.1308729634998678,1.0,-0.0,0,0
48,0.0,0.09900990099009901,0.1308729634998678,1.0,-0.0,0,0
49,0.0,0.18019801980198016,0.1629066439699258,1.0,-0.0,0,0
50,0.0,0.16039603960396034,0.16654866260050913,1.0,-0.0,0,0
51,0.0,0.14059405940594055,0.14770737583343774,1.0,-0.0,0,0
52,0.0,0.16633663366336632,0.1713529319032391,1.0,-0.0,0,0
53,0.0,0.2613861386138614,0.19849448057254127,1.0,-0.0,0,0
54,0.0,0.24158415841584158,0.17421241542909124,1.0,-0.0,0,0
55,0.0,0.2574257425742574,0.18094719685640656,1.0,-0.0,0,0
56,0.0,0.2574257425742574,0.18094719685640656,1.0,-0.0,0,0
57,0.6,0.4673267326732673,0.23084387201257958,0.28273641714817804,0.5486182497067953,0,0
58,0.6,0.3722772277227723,0.20494810349204928,0.13325747281175299,0.8753084272551677,0,0
59,0.8,0.36435643564356435,0.21506810269125484,0.021402510576166316,1.6695352796684007,0,0
60,0.8,0.2871287128712871,0.2095083194248961,0.0071830660448503674,2.1436901404186837,0,0
61,1.0,0.3584158415841584,0.24262072700984713,0.004091898442621505,2.388075153639351,0,0
62,0.4,0.12079207920792079,0.13810372890425895,0.021602325150882774,1.6654995013559455,0,0
63,0.4,0.12079207920792079,0.13810372890425895,0.021602325150882774,1.6654995013559455,0,0
64,0.2,0.097029702970297,0.127780323207142,0.2101680035868297,0.6774334011688357,0,0
65,0.2,0.097029702970297,0.127780323207142,0.2101680035868297,0.6774334011688357,0,0
66,0.0,0.027722772277227727,0.06910862719451544,1.0,-0.0,0,0
67,0.0,0.027722772277227727,0.06910862719451544,1.0,-0.0,0,0
68,0.0,0.027722772277227727,0.06910862719451544,1.0,-0.0,0,0
69,0.0,0.04554455445544555,0.08387254884969257,1.0,-0.0,0,0
70,0.0,0.21584158415841584,0.18387074305594647,1.0,-0.0,0,0
71,0.0,0.21584158415841584,0.18387074305594647,1.0,-0.0,0,0
72,0.0,0.24752475247524752,0.1911891186503177,1.0,-0.0,0,0
73,0.0,0.38811881188118813,0.2607252370793313,1.0,-0.0,0,0
74,0.0,0.34257425742574255,0.24909600306560614,1.0,-0.0,0,0
75,0.0,0.17227722772277226,0.17355845414780538,1.0,-0.0,0,0
76,0.0,0.17227722772277226,0.17355845414780538,1.0,-0.0,0,0
77,0.0,0.16435643564356434,0.17664875840130068,1.0,-0.0,0,0
78,0.0,0.1168316831683168,0.1442421691205886,1.0,-0.0,0,0
79,0.0,0.18613861386138608,0.15481045770845203,1.0,-0.0,0,0
80,0.0,0.21188118811881182,0.16844491341098405,1.0,-0.0,0,0
81,0.0,0.3207920792079208,0.20696621988837896,1.0,-0.0,0,0
82,0.0,0.3099009900990099,0.19371559764587087,1.0,-0.0,0,0
83,0.2,0.2514851485148515,0.17944571499737333,1.0,-0.0,0,0
84,0.2,0.37821782178217833,0.23019748749006905,1.0,-0.0,0,0
85,0.2,0.4356435643564357,0.2570141416211099,1.0,-0.0,0,0
86,0.2,0.3564356435643564,0.23980843905585897,1.0,-0.0,0,0
87,0.2,0.3564356435643564,0.23815122975640254,1.0,-0.0,0,0
88,0.0,0.3188118811881188,0.22546448043548958,1.0,-0.0,0,0
89,0.0,0.14653465346534653,0.14594475859555073,1.0,-0.0,0,0
90,0.0,0.061386138613861385,0.09224407682259103,1.0,-0.0,0,0
91,0.0,0.033663366336633666,0.07482947971362845,1.0,-0.0,0,0
92,0.2,0.09504950495049505,0.13078304733432372,0.21113830602558958,0.6754329671360484,0,0
93,0.2,0.09504950495049505,0.13078304733432372,0.21113830602558958,0.6754329671360484,0,0
94,0.4,0.30297029702970296,0.21176086154922535,0.3234028937280399,0.4902560984540537,0,0
95,0.4,0.30297029702970296,0.21176086154922535,0.3234028937280399,0.4902560984540537,0,0
96,0.4,0.30297029702970296,0.21176086154922535,0.3234028937280399,0.4902560984540537,0,0
97,0.2,0.22772277227722773,0.17806373977319878,1.0,-0.0,0,0
98,0.2,0.22772277227722773,0.17806373977319878,1.0,-0.0,0,0
99,0.0,0.0,0.0,1.0,-0.0,0,0
100,0.2,0.06732673267326733,0.10634234916512914,0.10608783743468066,0.9743344034481476,0,0
101,0.2,0.06732673267326733,0.10634234916512914,0.10608783743468066,0.9743344034481476,0,0
102,0.2,0.06732673267326733,0.10634234916512914,0.10608783743468066,0.9743344034481476,0,0
103,0.2,0.10099009900990098,0.13386490123687583,0.2297636175030388,0.6387187396538443,0,0
104,0.2,0.25742574257425743,0.21124174816783503,1.0,-0.0,0,0
105,0.0,0.1900990099009901,0.18535753542711383,1.0,-0.0,0,0
106,0.0,0.22970297029702968,0.20563572254648982,1.0,-0.0,0,0
107,0.0,0.22970297029702968,0.20563572254648982,1.0,-0.0,0,0
108,0.0,0.19603960396039602,0.1866435115714563,1.0,-0.0,0,0
109,0.0,0.09108910891089109,0.11089108910891092,1.0,-0.0,0,0
110,0.2,0.1198019801980198,0.13498793637349912,0.27621843680882996,0.5587473368467784,0,0
111,0.2,0.10693069306930691,0.13948804962658473,0.25231560183735696,0.598055894221315,0,0
112,0.2,0.10693069306930691,0.13948804962658473,0.25231560183735696,0.598055894221315,0,0
113,0.2,0.10693069306930691,0.13948804962658473,0.25231560183735696,0.598055894221315,0,0
114,0.6,0.19603960396039605,0.18235032765499154,0.013369793496344989,1.873875300598185,0,0
115,0.4,0.2198019801980198,0.17235687245139755,0.14789743142743889,0.8300393684410814,0,0
116,0.4,0.2415841584158416,0.16960485628010977,0.17514448634482233,0.7566035299860795,0,0
117,0.4,0.2415841584158416,0.16960485628010977,0.17514448634482233,0.7566035299860795,0,0
118,0.4,0.2415841584158416,0.16960485628010977,0.17514448634482233,0.7566035299860795,0,0
119,0.0,0.1881188118811881,0.16844491341098405,1.0,-0.0,0,0
120,0.2,0.3425742574257426,0.2074582313458819,1.0,-0.0,0,0
121,0.2,0.2910891089108911,0.2078170415357492,1.0,-0.0,0,0
122,0.6,0.3425742574257426,0.22574257425742578,0.1270700747277912,0.8959567146765758,0,0
123,0.6,0.3762376237623763,0.2325700213313751,0.16799238887436885,0.7747103941356905,0,0
124,0.6,0.3207920792079208,0.21448387586615456,0.09649811232292228,1.0154811821562786,0,0
125,0.4,0.1584158415841584,0.16486858056632595,0.07141770117442217,1.1461941331873573,0,0
126,0.4,0.23168316831683167,0.2024262207946621,0.2028464104184663,0.6928326731913329,0,0
127,0.2,0.3069306930693069,0.23133595036055812,1.0,-0.0,0,0
128,0.2,0.27326732673267323,0.2043541330747554,1.0,-0.0,0,0
129,0.4,0.29702970297029707,0.22269965813084433,0.32190694835564243,0.4922696489746977,1,0
130,0.8,0.3148514851485148,0.23938292726117907,0.021348445850954557,1.6706337357641141,0,0
131,0.8,0.2732673267326733,0.21566892903767937,0.007296589841363093,2.136880065785042,0,0
