,foreground,bg_means,bg_stdev,pvals,minus_logs,regs,active
2,0.0,0.13069306930693067,0.13330718954223236,1.0,-0.0,0,0
3,1.4,0.4574257425742575,0.28747674366668524,0.0005212763007093577,3.2829320193759077,0,0
4,1.4,0.4574257425742575,0.28747674366668524,0.0005212763007093577,3.2829320193759077,0,0
5,1.6,0.49504950495049505,0.2959717131332021,9.44945247626022e-05,4.024593354816422,0,0
6,1.6,0.49504950495049505,0.2959717131332021,9.44945247626022e-05,4.024593354816422,0,0
7,1.6,0.49504950495049505,0.2959717131332021,9.44945247626022e-05,4.024593354816422,1,0
8,0.2,0.13861386138613863,0.1427941099193659,0.33363686539697923,0.47672596776479237,0,0
9,0.2,0.13861386138613863,0.1427941099193659,0.33363686539697923,0.47672596776479237,0,0
10,0.0,0.0,0.0,1.0,-0.0,0,0
11,0.0,0.03960396039603961,0.07970143286137867,1.0,-0.0,0,0
12,0.0,0.03960396039603961,0.07970143286137867,1.0,-0.0,0,0
13,0.2,0.06930693069306931,0.11057238501634628,0.11860911207080789,0.9258819452883051,0,0
14,0.2,0.08514851485148513,0.12379009590564582,0.17675768599419256,0.7526216925958916,0,0
15,0.2,0.08514851485148513,0.12379009590564582,0.17675768599419256,0.7526216925958916,0,0
16,0.2,0.04554455445544555,0.09700949476369022,0.05567344326657021,1.2543519178087963,0,0
17,0.2,0.04554455445544555,0.09700949476369022,0.05567344326657021,1.2543519178087963,0,0
18,0.0,0.015841584158415842,0.05401260078014202,1.0,-0.0,0,0
19,0.0,0.0,0.0,1.0,-0.0,0,0
20,0.0,0.15445544554455443,0.15891011998209012,1.0,-0.0,0,0
21,0.0,0.15445544554455443,0.15891011998209012,1.0,-0.0,0,0
22,0.0,0.19801980198019797,0.189830668692386,1.0,-0.0,0,0
23,0.0,0.19801980198019797,0.189830668692386,1.0,-0.0,0,0
24,0.4,0.2475247524752475,0.21827136321830296,0.24241409145858556,0.6154421383637138,0,0
25,0.4,0.09306930693069305,0.1450554183905936,0.01717433061606676,1.7651201809300558,0,0
26,0.4,0.09306930693069305,0.1450554183905936,0.01717433061606676,1.7651201809300558,0,0
27,0.4,0.06930693069306931,0.11751770396006173,0.002446574726960859,2.6114415148269434,0,0
28,0.4,0.06930693069306931,0.11751770396006173,0.002446574726960859,2.6114415148269434,0,0
29,0.0,0.019801980198019802,0.059735061897023205,1.0,-0.0,0,0
30,0.0,0.019801980198019802,0.059735061897023205,1.0,-0.0,0,0
31,0.0,0.039603960396039604,0.0890869059738772,1.0,-0.0,0,0
32,0.0,0.019801980198019802,0.059735061897023205,1.0,-0.0,0,0
33,0.0,0.019801980198019802,0.059735061897023205,1.0,-0.0,0,0
34,0.0,0.019801980198019802,0.059735061897023205,1.0,-0.0,0,0
35,0.0,0.019801980198019802,0.059735061897023205,1.0,-0.0,0,0
36,0.0,0.0,0.0,1.0,-0.0,0,0
37,0.2,0.34257425742574266,0.25998725583902377,1.0,-0.0,0,0
38,0.2,0.34257425742574266,0.25998725583902377,1.0,-0.0,0,0
39,0.2,0.34257425742574266,0.25998725583902377,1.0,-0.0,0,0
40,0.2,0.34257425742574266,0.25998725583902377,1.0,-0.0,0,0
41,0.2,0.394059405940594,0.29578617583901534,1.0,-0.0,0,0
42,0.0,0.049504950495049514,0.10304643034659552,1.0,-0.0,0,0
43,0.0,0.049504950495049514,0.10304643034659552,1.0,-0.0,0,0
44,0.0,0.13465346534653463,0.15443005630372467,1.0,-0.0,0,0
45,0.0,0.13465346534653463,0.15443005630372467,1.0,-0.0,0,0
46,0.0,0.08316831683168316,0.11694909354640316,1.0,-0.0,0,0
47,0.0,0.08316831683168316,0.11694909354640316,1.0,-0.0,0,0
48,0.0,0.09702970297029702,0.124642415697871,1.0,-0.0,0,0
49,0.0,0.013861386138613863,0.05079507064705211,1.0,-0.0,0,0
50,0.0,0.013861386138613863,0.05079507064705211,1.0,-0.0,0,0
51,0.0,0.013861386138613863,0.05079507064705211,1.0,-0.0,0,0
52,0.2,0.03564356435643565,0.08154954567118415,0.0219304263845019,1.6589529244266186,0,0
53,0.2,0.0297029702970297,0.07648795214189293,0.012991839772286904,1.8863293442020952,0,0
54,0.4,0.09108910891089109,0.12435895816322838,0.006495315309207846,2.18739976164634,0,0
55,0.4,0.11089108910891086,0.13342479626077636,0.015123892478440452,1.8203364188647775,0,0
56,0.4,0.11089108910891086,0.13342479626077636,0.015123892478440452,1.8203364188647775,0,0
57,0.2,0.08910891089108909,0.12097048989545554,0.17965547706514468,0.7455595381425463,0,0
58,0.2,0.09306930693069304,0.12448501897427097,0.19517455309290538,0.7095768064016369,0,0
59,0.4,0.11089108910891088,0.1420507440353343,0.020912814716921486,1.6795875102832771,0,0
60,0.6,0.1861386138613861,0.16472581657889443,0.005995216411431858,2.2221951354017753,0,0
61,0.6,0.1861386138613861,0.16472581657889443,0.005995216411431858,2.2221951354017753,0,0
62,0.6,0.1861386138613861,0.16472581657889443,0.005995216411431858,2.2221951354017753,0,0
63,0.6,0.17425742574257425,0.15584548411842378,0.003149230250528688,2.5017955855119354,0,0
64,0.2,0.09306930693069307,0.13069306930693073,0.2066266877468202,0.6848135860465707,0,0
65,0.0,0.0,0.0,1.0,-0.0,0,0
66,0.0,0.0,0.0,1.0,-0.0,0,0
67,0.2,0.023762376237623766,0.06471340450838887,0.003231121245907738,2.4906467450338194,0,0
68,0.4,0.06930693069306931,0.09924724028627063,0.0004311015412453391,3.3654204244828096,0,0
69,0.4,0.06930693069306931,0.09924724028627063,0.0004311015412453391,3.3654204244828096,0,0
70,0.4,0.06930693069306931,0.09924724028627063,0.0004311015412453391,3.3654204244828096,0,0
71,0.6,0.11089108910891086,0.12420120222231065,4.107549054435431e-05,4.386417241296819,0,0
72,0.4,0.08712871287128712,0.11050143705587095,0.002317398878858797,2.6349992074798076,0,0
73,0.8,0.3207920792079208,0.2235256787176184,0.016022024484018845,1.7952826089329232,0,0
74,0.8,0.3207920792079208,0.2235256787176184,0.016022024484018845,1.7952826089329232,0,0
75,0.8,0.41386138613861384,0.23080989690429154,0.04716635338361786,1.3263676994717468,0,0
76,0.6,0.3722772277227722,0.22869358283073454,0.15968460649783128,0.7967369475764126,0,0
77,0.6,0.3722772277227722,0.22869358283073454,0.15968460649783128,0.7967369475764126,0,0
78,0.0,0.12079207920792079,0.15689867556071532,1.0,-0.0,0,0
79,0.0,0.12079207920792079,0.15689867556071532,1.0,-0.0,0,0
80,0.0,0.027722772277227727,0.07461957893630407,1.0,-0.0,0,0
81,0.0,0.027722772277227727,0.07461957893630407,1.0,-0.0,0,0
82,0.0,0.027722772277227727,0.07461957893630407,1.0,-0.0,0,0
83,0.0,0.05544554455445544,0.09797478714338995,1.0,-0.0,0,0
84,0.0,0.05544554455445544,0.09797478714338995,1.0,-0.0,0,0
85,0.0,0.05544554455445544,0.09797478714338995,1.0,-0.0,0,0
86,0.0,0.07524752475247526,0.11553229422427584,1.0,-0.0,0,0
87,0.0,0.08514851485148514,0.12054836637801526,1.0,-0.0,0,0
88,0.0,0.0297029702970297,0.07112192077650681,1.0,-0.0,0,0
89,0.0,0.16633663366336632,0.16902587986434298,1.0,-0.0,0,0
90,0.2,0.18415841584158418,0.17951125796479814,0.46483961851837363,0.3326968638994651,0,0
91,0.2,0.1861386138613861,0.18295143702892827,0.46980287768859824,0.32808432736162446,0,0
92,0.2,0.19801980198019803,0.1877327983285756,0.49579205087195444,0.3047004406382284,0,0
93,0.2,0.19801980198019803,0.1877327983285756,0.49579205087195444,0.3047004406382284,0,0
94,0.2,0.06336633663366337,0.10874875419996817,0.10448261079208833,0.9809559838634979,0,0
95,0.0,0.04554455445544555,0.08846854615322249,1.0,-0.0,0,0
96,0.0,0.023762376237623766,0.06471340450838887,1.0,-0.0,0,0
97,0.0,0.011881188118811883,0.047276579747775535,1.0,-0.0,0,0
98,0.0,0.011881188118811883,0.047276579747775535,1.0,-0.0,0,0
99,0.0,0.06534653465346535,0.10939585993610405,1.0,-0.0,0,0
100,0.0,0.06534653465346535,0.10939585993610405,1.0,-0.0,0,0
101,0.0,0.10297029702970298,0.1396285351588451,1.0,-0.0,0,0
102,0.0,0.09306930693069307,0.13069306930693073,1.0,-0.0,0,0
103,0.0,0.14059405940594058,0.15554326246855826,1.0,-0.0,0,0
104,0.0,0.08316831683168317,0.11351216354824961,1.0,-0.0,0,0
105,0.0,0.08316831683168317,0.11351216354824961,1.0,-0.0,0,0
106,0.0,0.04554455445544555,0.08846854615322249,1.0,-0.0,0,0
107,0.0,0.04554455445544555,0.08846854615322249,1.0,-0.0,0,0
108,0.2,0.03564356435643565,0.08154954567118415,0.0219304263845019,1.6589529244266186,0,0
109,0.4,0.0613861386138614,0.10433219700847124,0.0005861494943187688,3.231991605351054,0,0
110,0.4,0.10297029702970295,0.1367627457412436,0.014933066394861763,1.8258510039541993,0,0
111,0.4,0.10297029702970295,0.1367627457412436,0.014933066394861763,1.8258510039541993,0,0
112,0.4,0.18613861386138608,0.16472581657889446,0.09709436603488232,1.012805969586836,0,0
113,0.2,0.16633663366336632,0.1642729120947021,0.418815979973769,0.37797675611920145,0,0
114,0.0,0.14059405940594058,0.15554326246855826,1.0,-0.0,0,0
115,0.0,0.1504950495049505,0.16021258301915867,1.0,-0.0,0,0
116,0.0,0.1504950495049505,0.16021258301915867,1.0,-0.0,0,0
117,0.0,0.09108910891089109,0.12750384183766536,1.0,-0.0,0,0
118,0.0,0.07524752475247526,0.11553229422427584,1.0,-0.0,0,0
119,0.0,0.07524752475247526,0.11553229422427584,1.0,-0.0,0,0
120,0.0,0.023762376237623766,0.07056843438101175,1.0,-0.0,0,0
121,0.0,0.023762376237623766,0.07056843438101175,1.0,-0.0,0,0
122,0.0,0.049504950495049514,0.10304643034659554,1.0,-0.0,0,0
123,0.0,0.049504950495049514,0.10304643034659554,1.0,-0.0,0,0
124,0.0,0.049504950495049514,0.10304643034659554,1.0,-0.0,0,0
125,0.0,0.049504950495049514,0.10304643034659554,1.0,-0.0,0,0
126,0.0,0.07920792079207921,0.12293186689242579,1.0,-0.0,0,0
127,0.0,0.02970297029702971,0.07112192077650681,1.0,-0.0,0,0
128,0.0,0.02970297029702971,0.07112192077650681,1.0,-0.0,0,0
129,0.0,0.02970297029702971,0.07112192077650681,1.0,-0.0,0,0
130,0.0,0.02970297029702971,0.07112192077650681,1.0,-0.0,0,0
131,0.0,0.0,0.0,1.0,-0.0,0,0
132,0.0,0.0,0.0,1.0,-0.0,0,0
133,0.0,0.011881188118811881,0.047276579747775535,1.0,-0.0,0,0
134,0.0,0.3821782178217822,0.2715543960619791,1.0,-0.0,0,0
135,0.0,0.3920792079207921,0.27563901213949016,1.0,-0.0,0,0
136,0.0,0.4455445544554456,0.295016278280613,1.0,-0.0,0,0
137,0.0,0.4455445544554456,0.295016278280613,1.0,-0.0,0,0
138,0.0,0.4336633663366337,0.2871082273334033,1.0,-0.0,0,0
139,0.0,0.06336633663366337,0.10874875419996817,1.0,-0.0,0,0
140,0.0,0.05346534653465347,0.10104832334394516,1.0,-0.0,0,0
141,0.0,0.0,0.0,1.0,-0.0,0,0
142,0.0,0.02970297029702971,0.07648795214189293,1.0,-0.0,0,0
143,0.0,0.02970297029702971,0.07648795214189293,1.0,-0.0,0,0
144,0.0,0.04356435643564357,0.09587103712404124,1.0,-0.0,0,0
145,0.0,0.06732673267326733,0.12032045569079852,1.0,-0.0,0,0
146,0.0,0.06732673267326733,0.12032045569079852,1.0,-0.0,0,0
147,0.0,0.03762376237623763,0.08307396817189318,1.0,-0.0,0,0
148,0.0,0.05742574257425742,0.10656335878870264,1.0,-0.0,0,0
149,0.0,0.2891089108910891,0.2493162888797963,1.0,-0.0,0,0
150,0.0,0.29108910891089107,0.24780182512412924,1.0,-0.0,0,0
151,0.0,0.29108910891089107,0.24780182512412924,1.0,-0.0,0,0
152,0.0,0.29108910891089107,0.24780182512412924,1.0,-0.0,0,0
153,0.0,0.27128712871287125,0.23136984822144208,1.0,-0.0,0,0
154,0.0,0.025742574257425745,0.0669763743575753,1.0,-0.0,0,0
155,0.0,0.0,0.0,1.0,-0.0,0,0
156,0.0,0.06930693069306931,0.10316052497133553,1.0,-0.0,0,0
157,0.0,0.06930693069306931,0.10316052497133553,1.0,-0.0,0,0
158,0.0,0.06930693069306931,0.10316052497133553,1.0,-0.0,0,0
159,0.0,0.06930693069306931,0.10316052497133553,1.0,-0.0,0,0
160,0.0,0.06930693069306931,0.10316052497133553,1.0,-0.0,0,0
161,0.0,0.0,0.0,1.0,-0.0,0,0
162,0.0,0.01386138613861386,0.05079507064705211,1.0,-0.0,0,0
163,0.0,0.097029702970297,0.11811677855054843,1.0,-0.0,0,0
164,0.0,0.097029702970297,0.11811677855054843,1.0,-0.0,0,0
165,0.0,0.1089108910891089,0.12750384183766533,1.0,-0.0,0,0
166,0.0,0.1089108910891089,0.12750384183766533,1.0,-0.0,0,0
167,0.0,0.3168316831683168,0.19552888770427224,1.0,-0.0,0,0
168,0.0,0.2316831683168317,0.17515520306927512,1.0,-0.0,0,0
169,0.0,0.2415841584158416,0.1915374620094059,1.0,-0.0,0,0
170,0.0,0.3386138613861387,0.20823173355030913,1.0,-0.0,0,0
171,0.0,0.41584158415841593,0.22982243393986784,1.0,-0.0,0,0
172,0.0,0.19603960396039596,0.15915668354384258,1.0,-0.0,0,0
173,0.0,0.2455445544554455,0.17773311423617325,1.0,-0.0,0,0
174,0.0,0.2356435643564356,0.1766487584013007,1.0,-0.0,0,0
175,0.0,0.13267326732673265,0.15739771840980324,1.0,-0.0,0,0
176,0.0,0.1465346534653465,0.16384268984901074,1.0,-0.0,0,0
177,0.0,0.1465346534653465,0.16384268984901074,1.0,-0.0,0,0
178,0.2,0.1603960396039604,0.13503150195035502,0.38464863179577746,0.4149358080191644,0,0
179,0.2,0.1603960396039604,0.13503150195035502,0.38464863179577746,0.4149358080191644,0,0
180,0.2,0.17227722772277226,0.14358825338838258,0.4234515603407492,0.3731962624995395,0,0
181,0.2,0.08118811881188118,0.12325042629382525,0.1675260743172871,0.775917588323708,0,0
182,0.2,0.1415841584158416,0.16725348446557364,0.36344506624853823,0.4395612222960914,0,0
183,0.0,0.07722772277227723,0.122580495370631,1.0,-0.0,0,0
184,0.0,0.14455445544554454,0.15186969892129912,1.0,-0.0,0,0
185,0.0,0.12574257425742572,0.14532549015373283,1.0,-0.0,0,0
186,0.0,0.16633663366336632,0.1713529319032391,1.0,-0.0,0,0
187,0.0,0.10495049504950495,0.13670539084430264,1.0,-0.0,0,0
188,0.0,0.10495049504950495,0.13670539084430264,1.0,-0.0,0,0
189,0.0,0.06336633663366337,0.10504385908811757,1.0,-0.0,0,0
190,0.0,0.06336633663366337,0.10504385908811757,1.0,-0.0,0,0
191,0.0,0.22574257425742572,0.19632941873972973,1.0,-0.0,0,0
192,0.0,0.22574257425742572,0.19632941873972973,1.0,-0.0,0,0
193,0.0,0.25742574257425743,0.2055403574611095,1.0,-0.0,0,0
194,0.0,0.23366336633663365,0.20112418099951873,1.0,-0.0,0,0
195,0.0,0.27722772277227725,0.22155221458135632,1.0,-0.0,0,0
196,0.0,0.10297029702970295,0.13676274574124359,1.0,-0.0,0,0
197,0.0,0.10297029702970295,0.13676274574124359,1.0,-0.0,0,0
198,0.0,0.09900990099009897,0.12145573247679728,1.0,-0.0,0,0
199,0.2,0.12079207920792076,0.14094225464771679,0.2870619404511817,0.5420243837756054,0,0
200,0.2,0.10495049504950495,0.13377699607171908,0.2386948661603236,0.6221569216812192,0,0
201,0.2,0.100990099009901,0.1367914141716479,0.23459364655241444,0.629683753962141,0,0
202,0.2,0.13069306930693067,0.1419402846531281,0.3126749433702565,0.5049069201387143,0,0
203,0.2,0.16435643564356434,0.17439238698062573,0.4190254823928311,0.37775956527695465,0,0
204,0.0,0.14257425742574256,0.1575471230171571,1.0,-0.0,0,0
205,0.0,0.1306930693069307,0.1474150698648297,1.0,-0.0,0,0
206,0.0,0.10495049504950495,0.1395723579145037,1.0,-0.0,0,0
207,0.2,0.11485148514851484,0.1416914361980065,0.2739388863041897,0.5623463141913831,0,0
208,0.2,0.05346534653465347,0.09704990696905226,0.0655357875709919,1.1835214771048093,0,0
209,0.2,0.05346534653465347,0.09704990696905226,0.0655357875709919,1.1835214771048093,0,0
210,0.2,0.03762376237623763,0.08307396817189318,0.025315250600093615,1.5966177690988217,0,0
211,0.2,0.03762376237623763,0.08307396817189318,0.025315250600093615,1.5966177690988217,0,0
212,0.0,0.0,0.0,1.0,-0.0,0,0
213,0.0,0.0,0.0,1.0,-0.0,0,0
214,0.0,0.0,0.0,1.0,-0.0,0,0
215,0.0,0.0,0.0,1.0,-0.0,0,0
216,0.0,0.0,0.0,1.0,-0.0,0,0
217,0.0,0.0,0.0,1.0,-0.0,0,0
218,0.0,0.0,0.0,1.0,-0.0,0,0
219,0.0,0.0,0.0,1.0,-0.0,0,0
220,0.0,0.0,0.0,1.0,-0.0,0,0
221,0.0,0.033663366336633666,0.07482947971362847,1.0,-0.0,0,0
222,0.0,0.033663366336633666,0.07482947971362847,1.0,-0.0,0,0
223,0.0,0.033663366336633666,0.07482947971362847,1.0,-0.0,0,0
224,0.0,0.033663366336633666,0.07482947971362847,1.0,-0.0,0,0
225,0.0,0.033663366336633666,0.07482947971362847,1.0,-0.0,0,0
226,0.0,0.0,0.0,1.0,-0.0,0,0
227,0.0,0.0,0.0,1.0,-0.0,0,0
228,0.0,0.0,0.0,1.0,-0.0,0,0
229,0.0,0.04950495049504951,0.09078727434730813,1.0,-0.0,0,0
230,0.0,0.04950495049504951,0.09078727434730813,1.0,-0.0,0,0
231,0.0,0.14257425742574256,0.14981608173764543,1.0,-0.0,0,0
232,0.0,0.14257425742574256,0.14981608173764543,1.0,-0.0,0,0
233,0.0,0.14257425742574256,0.14981608173764543,1.0,-0.0,0,0
234,0.0,0.09108910891089109,0.1243589581632284,1.0,-0.0,0,0
235,0.0,0.09108910891089109,0.1243589581632284,1.0,-0.0,0,0
236,0.0,0.0,0.0,1.0,-0.0,0,0
237,0.0,0.025742574257425745,0.0669763743575753,1.0,-0.0,0,0
238,0.0,0.025742574257425745,0.0669763743575753,1.0,-0.0,0,0
239,0.0,0.08514851485148514,0.11378818137472192,1.0,-0.0,0,0
240,0.0,0.08514851485148514,0.11378818137472192,1.0,-0.0,0,0
241,0.0,0.11683168316831684,0.14146987009498416,1.0,-0.0,0,0
242,0.0,0.09108910891089109,0.13057300215314485,1.0,-0.0,0,0
243,0.0,0.1287128712871287,0.15564406822280066,1.0,-0.0,0,0
244,0.0,0.06930693069306931,0.11057238501634628,1.0,-0.0,0,0
245,0.0,0.06930693069306931,0.11057238501634628,1.0,-0.0,0,0
