,foreground,bg_means,bg_stdev,pvals,minus_logs,regs,active
2,0.0,0.011881188118811883,0.047276579747775535,1.0,-0.0,0,0
3,0.0,0.011881188118811883,0.047276579747775535,1.0,-0.0,0,0
4,0.0,0.08712871287128712,0.127165103825761,1.0,-0.0,0,0
5,0.0,0.08712871287128712,0.127165103825761,1.0,-0.0,0,0
6,0.0,0.08712871287128712,0.127165103825761,1.0,-0.0,0,0
7,0.0,0.07524752475247526,0.11553229422427584,1.0,-0.0,0,0
8,0.0,0.07524752475247526,0.11553229422427584,1.0,-0.0,0,0
9,0.0,0.0,0.0,1.0,-0.0,0,0
10,0.0,0.0,0.0,1.0,-0.0,0,0
11,0.0,0.0,0.0,1.0,-0.0,0,0
12,0.0,0.0297029702970297,0.07648795214189293,1.0,-0.0,0,0
13,0.0,0.0297029702970297,0.07648795214189293,1.0,-0.0,0,0
14,0.0,0.0297029702970297,0.07648795214189293,1.0,-0.0,0,0
15,0.0,0.0297029702970297,0.07648795214189293,1.0,-0.0,0,0
16,0.0,0.07524752475247526,0.12851469892742934,1.0,-0.0,0,0
17,0.0,0.061386138613861385,0.10046456153636296,1.0,-0.0,0,0
18,0.0,0.0712871287128713,0.11110305060677654,1.0,-0.0,0,0
19,0.0,0.0712871287128713,0.11110305060677654,1.0,-0.0,0,0
20,0.0,0.0712871287128713,0.11110305060677654,1.0,-0.0,0,0
21,0.0,0.03564356435643565,0.08154954567118415,1.0,-0.0,0,0
22,0.0,0.019801980198019802,0.05973506189702319,1.0,-0.0,0,0
23,0.0,0.009900990099009901,0.04338396495090424,1.0,-0.0,0,0
24,0.0,0.051485148514851496,0.10011267057239238,1.0,-0.0,0,0
25,0.2,0.06336633663366337,0.10504385908811757,0.09667550266855758,1.014683561115634,0,0
26,0.2,0.05346534653465347,0.09704990696905226,0.0655357875709919,1.1835214771048093,0,0
27,0.2,0.05346534653465347,0.09704990696905226,0.0655357875709919,1.1835214771048093,0,0
28,0.4,0.06534653465346535,0.10939585993610405,0.0011099951699931328,2.954678910988022,0,0
29,0.4,0.031683168316831684,0.07826167463512675,1.2617472219627355e-06,5.899027642796046,0,0
30,0.2,0.019801980198019802,0.05973506189702322,0.001278047474114718,2.8934530136556162,0,0
31,0.2,0.019801980198019802,0.05973506189702322,0.001278047474114718,2.8934530136556162,0,0
32,0.2,0.019801980198019802,0.05973506189702322,0.001278047474114718,2.8934530136556162,0,0
33,0.0,0.007920792079207921,0.03900537743285587,1.0,-0.0,0,0
34,0.0,0.0,0.0,1.0,-0.0,0,0
35,0.0,0.0,0.0,1.0,-0.0,0,0
36,0.0,0.0,0.0,1.0,-0.0,0,0
37,0.0,0.0,0.0,1.0,-0.0,0,0
38,0.0,0.0059405940594059415,0.03395332316729158,1.0,-0.0,0,0
39,0.0,0.0059405940594059415,0.03395332316729158,1.0,-0.0,0,0
40,0.0,0.0059405940594059415,0.03395332316729158,1.0,-0.0,0,0
41,0.0,0.015841584158415842,0.05401260078014202,1.0,-0.0,0,0
42,0.0,0.02970297029702971,0.08150144802873932,1.0,-0.0,0,0
43,0.0,0.023762376237623766,0.0759735686861421,1.0,-0.0,0,0
44,0.0,0.023762376237623766,0.0759735686861421,1.0,-0.0,0,0
45,0.0,0.09900990099009899,0.12781100644043505,1.0,-0.0,0,0
46,0.0,0.0891089108910891,0.1142352879354927,1.0,-0.0,0,0
47,0.0,0.07524752475247526,0.10474480123119365,1.0,-0.0,0,0
48,0.0,0.08118811881188118,0.11320083903331847,1.0,-0.0,0,0
49,0.0,0.08118811881188118,0.11320083903331847,1.0,-0.0,0,0
50,0.0,0.0059405940594059415,0.03395332316729158,1.0,-0.0,0,0
51,0.0,0.0059405940594059415,0.03395332316729158,1.0,-0.0,0,0
52,0.0,0.08712871287128712,0.13324834725751067,1.0,-0.0,0,0
53,0.0,0.08118811881188118,0.1264228887090089,1.0,-0.0,0,0
54,0.0,0.08118811881188118,0.1264228887090089,1.0,-0.0,0,0
55,0.0,0.08118811881188118,0.1264228887090089,1.0,-0.0,0,0
56,0.2,0.12079207920792079,0.149134022841685,0.2976681413832576,0.5262676442308092,0,0
57,0.2,0.039603960396039604,0.08452453849668534,0.028872622852877186,1.5395137620565469,0,0
58,0.2,0.039603960396039604,0.08452453849668534,0.028872622852877186,1.5395137620565469,0,0
59,0.2,0.08118811881188118,0.12951766673875514,0.17948195868240235,0.7459791996676151,0,0
60,0.2,0.08712871287128712,0.14188502271424047,0.21315776641592055,0.6712988391832502,0,0
61,0.0,0.04752475247524753,0.09809478080396702,1.0,-0.0,0,0
62,0.0,0.09900990099009901,0.1367914141716479,1.0,-0.0,0,0
63,0.0,0.09900990099009901,0.1367914141716479,1.0,-0.0,0,0
64,0.0,0.05742574257425742,0.0947602860515279,1.0,-0.0,0,0
65,0.0,0.06930693069306931,0.10693069306930696,1.0,-0.0,0,0
66,0.0,0.09108910891089109,0.12113245340338318,1.0,-0.0,0,0
67,0.0,0.039603960396039604,0.08452453849668534,1.0,-0.0,0,0
68,0.0,0.10297029702970298,0.13962853515884507,1.0,-0.0,0,0
69,0.0,0.12574257425742574,0.14532549015373283,1.0,-0.0,0,0
70,0.0,0.10693069306930694,0.1306930693069307,1.0,-0.0,0,0
71,0.0,0.08514851485148514,0.12054836637801526,1.0,-0.0,0,0
72,0.0,0.08514851485148514,0.12054836637801526,1.0,-0.0,0,0
73,0.0,0.021782178217821784,0.06230547612891991,1.0,-0.0,0,0
74,0.0,0.0,0.0,1.0,-0.0,0,0
75,0.0,0.0,0.0,1.0,-0.0,0,0
76,0.0,0.0,0.0,1.0,-0.0,0,0
77,0.0,0.0,0.0,1.0,-0.0,0,0
78,0.0,0.013861386138613863,0.05079507064705211,1.0,-0.0,0,0
79,0.0,0.039603960396039604,0.08452453849668534,1.0,-0.0,0,0
80,1.6,0.18415841584158418,0.19229343978313213,8.997380779698848e-14,13.045883899280437,0,0
81,1.6,0.2099009900990099,0.19975477565019395,1.7131561701512318e-12,11.766203045240307,0,0
82,1.6,0.2099009900990099,0.19975477565019395,1.7131561701512318e-12,11.766203045240307,0,0
83,1.6,0.19603960396039602,0.18450940681657277,1.3804847672185441e-14,13.859968381164833,0,0
84,1.6,0.17029702970297028,0.17208365134574602,5.858809288422452e-17,16.232190638591522,0,0
85,0.0,0.025742574257425748,0.06697637435757531,1.0,-0.0,0,0
86,0.0,0.0,0.0,1.0,-0.0,0,0
87,0.0,0.0059405940594059415,0.033953323167291584,1.0,-0.0,0,0
88,0.0,0.0059405940594059415,0.033953323167291584,1.0,-0.0,0,0
89,0.0,0.025742574257425748,0.06697637435757531,1.0,-0.0,0,0
90,0.0,0.05544554455445546,0.10575073206193022,1.0,-0.0,0,0
91,0.0,0.05544554455445546,0.10575073206193022,1.0,-0.0,0,0
92,0.0,0.049504950495049514,0.09504950495049506,1.0,-0.0,0,0
93,0.0,0.07326732673267328,0.11848138852793338,1.0,-0.0,0,0
94,0.0,0.05346534653465348,0.10860442931328386,1.0,-0.0,0,0
95,0.0,0.023762376237623766,0.06471340450838889,1.0,-0.0,0,0
96,0.2,0.04752475247524753,0.09809478080396702,0.06004850186537829,1.2214978232271951,0,0
97,0.6,0.13663366336633662,0.1539723340696535,0.001308765363375416,2.8831382071736518,0,0
98,0.6,0.11089108910891088,0.14481192315867106,0.00036567878942108864,3.436900229447372,0,0
99,0.6,0.11089108910891088,0.14481192315867106,0.00036567878942108864,3.436900229447372,0,0
100,0.6,0.11089108910891088,0.14481192315867106,0.00036567878942108864,3.436900229447372,0,0
101,0.4,0.13069306930693064,0.1500775867049221,0.03637057716153082,1.4392498071091826,0,0
102,0.0,0.041584158415841586,0.08590499787518362,1.0,-0.0,0,0
103,0.0,0.041584158415841586,0.08590499787518362,1.0,-0.0,0,0
104,0.0,0.041584158415841586,0.08590499787518362,1.0,-0.0,0,0
105,0.0,0.049504950495049514,0.09504950495049506,1.0,-0.0,0,0
106,0.0,0.007920792079207921,0.03900537743285587,1.0,-0.0,0,0
107,0.0,0.007920792079207921,0.03900537743285587,1.0,-0.0,0,0
108,0.0,0.007920792079207921,0.03900537743285587,1.0,-0.0,0,0
109,0.0,0.031683168316831684,0.07826167463512675,1.0,-0.0,0,0
110,0.0,0.023762376237623766,0.06471340450838887,1.0,-0.0,0,0
111,0.0,0.07524752475247524,0.10474480123119363,1.0,-0.0,0,0
112,0.0,0.07524752475247524,0.10474480123119363,1.0,-0.0,0,0
113,0.0,0.09108910891089109,0.11440678673785577,1.0,-0.0,0,0
114,0.0,0.06732673267326733,0.09861306612268304,1.0,-0.0,0,0
115,0.0,0.06732673267326733,0.09861306612268304,1.0,-0.0,0,0
116,0.0,0.015841584158415842,0.05401260078014202,1.0,-0.0,0,0
117,0.0,0.015841584158415842,0.05401260078014202,1.0,-0.0,0,0
118,0.0,0.0059405940594059415,0.033953323167291584,1.0,-0.0,0,0
119,0.0,0.009900990099009901,0.04338396495090425,1.0,-0.0,0,0
120,0.0,0.009900990099009901,0.04338396495090425,1.0,-0.0,0,0
121,0.0,0.009900990099009901,0.04338396495090425,1.0,-0.0,0,0
122,0.0,0.017821782178217824,0.05698017651460655,1.0,-0.0,0,0
123,0.0,0.011881188118811881,0.04727657974777554,1.0,-0.0,0,0
124,0.0,0.007920792079207921,0.03900537743285587,1.0,-0.0,0,0
125,0.2,0.12376237623762375,0.14291762832290003,0.29686537892557485,0.5274404478007101,0,0
126,0.2,0.12376237623762375,0.14291762832290003,0.29686537892557485,0.5274404478007101,0,0
127,0.2,0.11485148514851483,0.13886822488939993,0.26988509889216605,0.5688210933892305,0,0
128,0.2,0.14257425742574256,0.14981608173764543,0.3507456053772941,0.45500776170330226,0,0
129,0.2,0.14257425742574256,0.14981608173764543,0.3507456053772941,0.45500776170330226,0,0
130,0.0,0.025742574257425745,0.0669763743575753,1.0,-0.0,0,0
131,0.0,0.025742574257425745,0.0669763743575753,1.0,-0.0,0,0
132,0.0,0.025742574257425745,0.0669763743575753,1.0,-0.0,0,0
133,0.0,0.0,0.0,1.0,-0.0,0,0
134,0.0,0.0,0.0,1.0,-0.0,0,0
135,0.0,0.0,0.0,1.0,-0.0,0,0
136,0.0,0.0,0.0,1.0,-0.0,0,0
137,0.0,0.0,0.0,1.0,-0.0,0,0
138,0.0,0.027722772277227727,0.07461957893630405,1.0,-0.0,0,0
139,0.0,0.027722772277227727,0.07461957893630405,1.0,-0.0,0,0
140,0.0,0.031683168316831684,0.07826167463512675,1.0,-0.0,0,0
141,0.0,0.031683168316831684,0.07826167463512675,1.0,-0.0,0,0
142,0.0,0.10099009900990098,0.13679141417164786,1.0,-0.0,0,0
143,0.0,0.07326732673267328,0.12177815335858849,1.0,-0.0,0,0
144,0.0,0.07326732673267328,0.12177815335858849,1.0,-0.0,0,0
145,0.0,0.06930693069306931,0.12084076279122662,1.0,-0.0,0,0
146,0.0,0.06930693069306931,0.12084076279122662,1.0,-0.0,0,0
147,0.2,0.09108910891089109,0.13357165904190144,0.20742906007312073,0.6831304005732743,0,0
148,0.2,0.09108910891089109,0.13357165904190144,0.20742906007312073,0.6831304005732743,0,0
149,0.2,0.09108910891089109,0.13357165904190144,0.20742906007312073,0.6831304005732743,0,0
150,0.2,0.09108910891089109,0.13357165904190144,0.20742906007312073,0.6831304005732743,0,0
151,0.2,0.17029702970297025,0.1626175458823589,0.4275342125418262,0.3690291260267839,0,0
152,0.0,0.08514851485148513,0.10660014917778038,1.0,-0.0,0,0
153,0.0,0.08514851485148513,0.10660014917778038,1.0,-0.0,0,0
154,0.0,0.11287128712871286,0.13324834725751067,1.0,-0.0,0,0
155,0.0,0.11287128712871286,0.13324834725751067,1.0,-0.0,0,0
156,0.4,0.09306930693069307,0.13948804962658473,0.013888961884467409,1.8573302139237258,0,0
157,0.4,0.08514851485148514,0.130031327995105,0.007731469484087688,2.111737953924119,0,0
158,0.4,0.08514851485148514,0.130031327995105,0.007731469484087688,2.111737953924119,0,0
159,0.4,0.057425742574257435,0.10277971700879983,0.00042943261266422447,3.3671049767551833,0,0
160,0.4,0.057425742574257435,0.10277971700879983,0.00042943261266422447,3.3671049767551833,0,0
161,0.0,0.0,0.0,1.0,-0.0,0,0
162,0.0,0.0,0.0,1.0,-0.0,0,0
163,0.0,0.0,0.0,1.0,-0.0,0,0
164,0.0,0.0,0.0,1.0,-0.0,0,0
165,0.0,0.007920792079207921,0.03900537743285587,1.0,-0.0,0,0
166,0.0,0.007920792079207921,0.03900537743285587,1.0,-0.0,0,0
167,0.0,0.021782178217821784,0.06836703565002801,1.0,-0.0,0,0
168,0.0,0.021782178217821784,0.06836703565002801,1.0,-0.0,0,0
169,0.0,0.033663366336633666,0.07994704648786674,1.0,-0.0,0,0
170,0.0,0.025742574257425745,0.0669763743575753,1.0,-0.0,0,0
171,0.0,0.025742574257425745,0.0669763743575753,1.0,-0.0,0,0
172,0.0,0.011881188118811883,0.04727657974777555,1.0,-0.0,0,0
173,0.0,0.027722772277227727,0.06910862719451544,1.0,-0.0,0,0
174,0.0,0.015841584158415842,0.05401260078014202,1.0,-0.0,0,0
175,0.0,0.015841584158415842,0.05401260078014202,1.0,-0.0,0,0
176,0.0,0.015841584158415842,0.05401260078014202,1.0,-0.0,0,0
177,0.0,0.015841584158415842,0.05401260078014202,1.0,-0.0,0,0
178,0.0,0.0059405940594059415,0.03395332316729158,1.0,-0.0,0,0
179,0.0,0.021782178217821784,0.06230547612891991,1.0,-0.0,0,0
180,0.0,0.021782178217821784,0.06230547612891991,1.0,-0.0,0,0
181,0.0,0.025742574257425745,0.06697637435757531,1.0,-0.0,0,0
182,0.0,0.025742574257425745,0.06697637435757531,1.0,-0.0,0,0
183,0.0,0.019801980198019802,0.059735061897023205,1.0,-0.0,0,0
184,0.0,0.0039603960396039604,0.027863855998951068,1.0,-0.0,0,0
185,0.0,0.019801980198019802,0.059735061897023205,1.0,-0.0,0,0
186,0.0,0.015841584158415842,0.05401260078014202,1.0,-0.0,0,0
187,0.0,0.0297029702970297,0.07648795214189293,1.0,-0.0,0,0
188,0.0,0.0297029702970297,0.07648795214189293,1.0,-0.0,0,0
189,0.0,0.0297029702970297,0.07648795214189293,1.0,-0.0,0,0
190,0.0,0.013861386138613863,0.05079507064705212,1.0,-0.0,0,0
191,0.0,0.013861386138613863,0.05079507064705212,1.0,-0.0,0,0
192,0.0,0.0,0.0,1.0,-0.0,0,0
193,0.0,0.033663366336633666,0.07482947971362845,1.0,-0.0,0,0
194,0.0,0.049504950495049514,0.09078727434730813,1.0,-0.0,0,0
195,0.0,0.049504950495049514,0.09078727434730813,1.0,-0.0,0,0
196,0.0,0.049504950495049514,0.09078727434730813,1.0,-0.0,0,0
197,0.2,0.12475247524752472,0.1345369326848557,0.287975915318405,0.5406438326633528,0,0
198,0.2,0.08910891089108909,0.11423528793549272,0.16584253402843113,0.7803040749629365,0,0
199,0.4,0.22574257425742575,0.2118534265147639,0.20538547563439818,0.6874302719114125,0,0
200,0.4,0.22574257425742575,0.2118534265147639,0.20538547563439818,0.6874302719114125,0,0
201,0.4,0.22574257425742575,0.2118534265147639,0.20538547563439818,0.6874302719114125,0,0
202,0.2,0.20198019801980197,0.20584537021649227,1.0,-0.0,0,0
203,0.2,0.2178217821782178,0.219989216479174,1.0,-0.0,0,0
204,0.0,0.06534653465346535,0.11976515267356388,1.0,-0.0,0,0
205,0.0,0.07920792079207921,0.12293186689242579,1.0,-0.0,0,0
206,0.0,0.07920792079207921,0.12293186689242579,1.0,-0.0,0,0
207,0.2,0.05544554455445544,0.09384550979067553,0.0617381483506657,1.2094464000101817,0,0
208,0.2,0.06534653465346535,0.10189845806153354,0.09317609402087902,1.03069549930456,0,0
209,0.2,0.06930693069306931,0.10693069306930697,0.11081180122969687,0.9554139856724337,0,0
210,0.2,0.08514851485148513,0.11378818137472192,0.15640470144165336,0.8057501964201678,0,0
211,0.2,0.08514851485148513,0.11378818137472192,0.15640470144165336,0.8057501964201678,0,0
212,0.0,0.0594059405940594,0.0956253185556407,1.0,-0.0,0,0
213,0.0,0.03564356435643565,0.07653920035678292,1.0,-0.0,0,0
214,0.0,0.031683168316831684,0.0730260947112308,1.0,-0.0,0,0
215,0.0,0.0019801980198019802,0.0198019801980198,1.0,-0.0,0,0
216,0.0,0.02970297029702971,0.07648795214189293,1.0,-0.0,0,0
217,0.0,0.02970297029702971,0.07648795214189293,1.0,-0.0,0,0
218,0.0,0.027722772277227727,0.07461957893630407,1.0,-0.0,0,0
219,0.0,0.027722772277227727,0.07461957893630407,1.0,-0.0,0,0
220,0.0,0.027722772277227727,0.07461957893630407,1.0,-0.0,0,0
221,0.0,0.0,0.0,1.0,-0.0,0,0
222,0.0,0.0,0.0,1.0,-0.0,0,0
223,0.0,0.0,0.0,1.0,-0.0,0,0
224,0.0,0.0,0.0,1.0,-0.0,0,0
225,0.0,0.0,0.0,1.0,-0.0,0,0
226,0.0,0.0,0.0,1.0,-0.0,0,0
227,0.0,0.021782178217821784,0.06836703565002801,1.0,-0.0,0,0
228,0.0,0.021782178217821784,0.06836703565002801,1.0,-0.0,0,0
229,0.0,0.021782178217821784,0.06836703565002801,1.0,-0.0,0,0
230,0.0,0.04950495049504951,0.09504950495049506,1.0,-0.0,0,0
231,0.0,0.05544554455445545,0.09797478714338997,1.0,-0.0,0,0
232,0.0,0.033663366336633666,0.07994704648786674,1.0,-0.0,0,0
233,0.0,0.039603960396039604,0.08452453849668534,1.0,-0.0,0,0
234,0.0,0.039603960396039604,0.08452453849668534,1.0,-0.0,0,0
235,0.0,0.1207920792079208,0.15689867556071532,1.0,-0.0,0,0
236,0.0,0.12277227722772277,0.16160162980675777,1.0,-0.0,0,0
237,0.0,0.17227722772277226,0.18674852677785872,1.0,-0.0,0,0
238,0.0,0.1861386138613861,0.187230838076401,1.0,-0.0,0,0
239,0.0,0.1861386138613861,0.187230838076401,1.0,-0.0,0,0
240,0.0,0.09504950495049505,0.13377699607171914,1.0,-0.0,0,0
241,0.0,0.12475247524752475,0.15632280678012317,1.0,-0.0,0,0
242,0.0,0.07722772277227724,0.12888031758632065,1.0,-0.0,0,0
243,0.0,0.057425742574257435,0.11375371577303027,1.0,-0.0,0,0
244,0.0,0.06336633663366337,0.11580349716604711,1.0,-0.0,0,0
245,0.0,0.07524752475247526,0.11553229422427584,1.0,-0.0,0,0
246,0.0,0.06336633663366338,0.10874875419996817,1.0,-0.0,0,0
247,0.0,0.06336633663366338,0.10874875419996817,1.0,-0.0,0,0
248,0.0,0.06336633663366338,0.10874875419996817,1.0,-0.0,0,0
249,0.0,0.07326732673267328,0.1184813885279334,1.0,-0.0,0,0
250,0.0,0.04158415841584159,0.09039772047931348,1.0,-0.0,0,0
251,0.0,0.015841584158415842,0.05401260078014202,1.0,-0.0,0,0
252,0.0,0.023762376237623766,0.07056843438101175,1.0,-0.0,0,0
253,0.0,0.08118811881188118,0.1264228887090089,1.0,-0.0,0,0
254,0.0,0.06534653465346535,0.10939585993610405,1.0,-0.0,0,0
255,0.0,0.06534653465346535,0.10939585993610405,1.0,-0.0,0,0
256,0.0,0.06534653465346535,0.10939585993610405,1.0,-0.0,0,0
257,0.0,0.07920792079207921,0.11966689053257921,1.0,-0.0,0,0
258,0.0,0.041584158415841586,0.08590499787518362,1.0,-0.0,0,0
259,0.0,0.041584158415841586,0.08590499787518362,1.0,-0.0,0,0
260,0.0,0.041584158415841586,0.08590499787518362,1.0,-0.0,0,0
261,0.0,0.041584158415841586,0.08590499787518362,1.0,-0.0,0,0
262,0.0,0.033663366336633666,0.07482947971362847,1.0,-0.0,0,0
263,0.0,0.013861386138613863,0.05079507064705211,1.0,-0.0,0,0
264,0.0,0.013861386138613863,0.05079507064705211,1.0,-0.0,0,0
265,0.0,0.013861386138613863,0.05079507064705211,1.0,-0.0,0,0
266,0.0,0.013861386138613863,0.05079507064705211,1.0,-0.0,0,0
267,0.0,0.0,0.0,1.0,-0.0,0,0
268,0.0,0.0,0.0,1.0,-0.0,0,0
269,0.0,0.0,0.0,1.0,-0.0,0,0
270,0.0,0.0,0.0,1.0,-0.0,0,0
271,0.0,0.0,0.0,1.0,-0.0,0,0
272,0.0,0.0,0.0,1.0,-0.0,0,0
273,0.0,0.0,0.0,1.0,-0.0,0,0
274,0.0,0.0,0.0,1.0,-0.0,0,0
275,0.0,0.0,0.0,1.0,-0.0,0,0
276,0.0,0.0,0.0,1.0,-0.0,0,0
277,0.0,0.04554455445544555,0.08846854615322249,1.0,-0.0,0,0
278,0.0,0.04554455445544555,0.08846854615322249,1.0,-0.0,0,0
279,0.0,0.07722772277227724,0.1124710639300034,1.0,-0.0,0,0
280,0.0,0.07722772277227724,0.1124710639300034,1.0,-0.0,0,0
281,0.0,0.12079207920792079,0.14094225464771679,1.0,-0.0,0,0
282,0.0,0.09504950495049505,0.1277189346265117,1.0,-0.0,0,0
283,0.0,0.13861386138613863,0.15348770198080078,1.0,-0.0,0,0
284,0.0,0.10495049504950496,0.1277189346265117,1.0,-0.0,0,0
285,0.0,0.1564356435643564,0.15312962320143528,1.0,-0.0,0,0
286,0.0,0.12673267326732673,0.139937106883602,1.0,-0.0,0,0
287,0.0,0.11089108910891088,0.14481192315867106,1.0,-0.0,0,0
288,0.0,0.06930693069306931,0.12084076279122662,1.0,-0.0,0,0
289,0.0,0.06930693069306931,0.12084076279122662,1.0,-0.0,0,0
290,0.0,0.04158415841584159,0.1136847532230283,1.0,-0.0,0,0
291,0.0,0.02772277227722772,0.07975061610139514,1.0,-0.0,0,0
292,0.0,0.021782178217821784,0.06230547612891991,1.0,-0.0,0,0
293,0.0,0.10495049504950495,0.1423816080178024,1.0,-0.0,0,0
294,0.0,0.12079207920792079,0.14645435316515326,1.0,-0.0,0,0
295,0.0,0.09900990099009899,0.11814997140733703,1.0,-0.0,0,0
296,0.0,0.09900990099009899,0.11814997140733703,1.0,-0.0,0,0
297,0.0,0.11089108910891086,0.12420120222231065,1.0,-0.0,0,0
298,0.0,0.027722772277227727,0.06910862719451544,1.0,-0.0,0,0
299,0.0,0.011881188118811883,0.047276579747775535,1.0,-0.0,0,0
300,0.0,0.019801980198019802,0.059735061897023205,1.0,-0.0,0,0
301,0.0,0.06732673267326733,0.11000352009767247,1.0,-0.0,0,0
302,0.2,0.06534653465346535,0.10189845806153354,0.09317609402087902,1.03069549930456,0,0
303,0.2,0.08712871287128712,0.12401163019288061,0.18136723570535113,0.7414411662151199,0,0
304,0.2,0.10693069306930691,0.13661931335176508,0.24786267822600483,0.6057888619402982,0,0
305,0.2,0.09900990099009901,0.1367914141716479,0.23017274996365789,0.6379460935686512,0,0
306,0.2,0.05148514851485149,0.1001126705723924,0.0689738517569684,1.1613155207112393,0,0
307,0.0,0.041584158415841586,0.09467748980500532,1.0,-0.0,0,0
308,0.0,0.019801980198019802,0.059735061897023205,1.0,-0.0,0,0
309,0.0,0.0,0.0,1.0,-0.0,0,0
310,0.0,0.0,0.0,1.0,-0.0,0,0
311,0.0,0.0,0.0,1.0,-0.0,0,0
312,0.0,0.039603960396039604,0.07970143286137867,1.0,-0.0,0,0
313,0.0,0.039603960396039604,0.07970143286137867,1.0,-0.0,0,0
314,0.0,0.039603960396039604,0.07970143286137867,1.0,-0.0,0,0
315,0.0,0.051485148514851496,0.096075322540263,1.0,-0.0,0,0
316,0.0,0.051485148514851496,0.096075322540263,1.0,-0.0,0,0
317,0.0,0.011881188118811881,0.04727657974777554,1.0,-0.0,0,0
318,0.0,0.011881188118811881,0.04727657974777554,1.0,-0.0,0,0
319,0.0,0.011881188118811881,0.04727657974777554,1.0,-0.0,0,0
320,0.0,0.0,0.0,1.0,-0.0,0,0
321,0.0,0.06930693069306931,0.12084076279122662,1.0,-0.0,0,0
322,0.0,0.06930693069306931,0.12084076279122662,1.0,-0.0,0,0
323,0.0,0.10099009900990098,0.1396566153069739,1.0,-0.0,0,0
324,0.0,0.10099009900990098,0.1396566153069739,1.0,-0.0,0,0
325,0.0,0.12277227722772276,0.15407416763506465,1.0,-0.0,0,0
326,0.0,0.05346534653465348,0.08851285797476044,1.0,-0.0,0,0
327,0.0,0.05346534653465348,0.08851285797476044,1.0,-0.0,0,0
328,0.0,0.03564356435643565,0.08154954567118415,1.0,-0.0,0,0
329,0.0,0.03564356435643565,0.08154954567118415,1.0,-0.0,0,0
330,0.0,0.07920792079207921,0.1292145592164392,1.0,-0.0,0,0
331,0.0,0.0891089108910891,0.13342479626077636,1.0,-0.0,0,0
332,0.0,0.0891089108910891,0.13342479626077636,1.0,-0.0,0,0
333,0.0,0.07524752475247526,0.12219602867755656,1.0,-0.0,0,0
334,0.0,0.1485148514851485,0.16082329112274815,1.0,-0.0,0,0
335,0.0,0.11485148514851484,0.1416914361980065,1.0,-0.0,0,0
336,0.0,0.19207920792079206,0.18003474269593195,1.0,-0.0,0,0
337,0.0,0.19207920792079206,0.18003474269593195,1.0,-0.0,0,0
338,0.0,0.19603960396039602,0.18016537621852313,1.0,-0.0,0,0
339,0.0,0.12277227722772277,0.1488445185977516,1.0,-0.0,0,0
340,0.0,0.08910891089108909,0.12420120222231065,1.0,-0.0,0,0
341,0.0,0.0039603960396039604,0.027863855998951064,1.0,-0.0,0,0
342,0.0,0.0039603960396039604,0.027863855998951064,1.0,-0.0,0,0
343,0.0,0.0,0.0,1.0,-0.0,0,0
344,0.0,0.0,0.0,1.0,-0.0,0,0
345,0.0,0.0,0.0,1.0,-0.0,0,0
346,0.0,0.0,0.0,1.0,-0.0,0,0
347,0.0,0.0,0.0,1.0,-0.0,0,0
348,0.0,0.0,0.0,1.0,-0.0,0,0
349,0.0,0.025742574257425745,0.07264925278354116,1.0,-0.0,0,0
350,0.0,0.025742574257425745,0.07264925278354116,1.0,-0.0,0,0
351,0.0,0.025742574257425745,0.07264925278354116,1.0,-0.0,0,0
352,0.0,0.025742574257425745,0.07264925278354116,1.0,-0.0,0,0
353,0.0,0.049504950495049514,0.09912864166957489,1.0,-0.0,0,0
354,0.0,0.08514851485148514,0.1172170185104851,1.0,-0.0,0,0
355,0.0,0.08514851485148514,0.1172170185104851,1.0,-0.0,0,0
356,0.0,0.08514851485148514,0.1172170185104851,1.0,-0.0,0,0
357,0.0,0.08514851485148514,0.1172170185104851,1.0,-0.0,0,0
358,0.0,0.061386138613861385,0.09224407682259103,1.0,-0.0,0,0
359,0.0,0.027722772277227727,0.06910862719451544,1.0,-0.0,0,0
360,0.0,0.027722772277227727,0.06910862719451544,1.0,-0.0,0,0
361,0.0,0.027722772277227727,0.06910862719451544,1.0,-0.0,0,0
362,0.0,0.12475247524752472,0.16614793634378636,1.0,-0.0,0,0
363,0.0,0.12475247524752472,0.16614793634378636,1.0,-0.0,0,0
364,0.0,0.11287128712871286,0.1651062462231749,1.0,-0.0,0,0
365,0.0,0.11287128712871286,0.1651062462231749,1.0,-0.0,0,0
366,0.0,0.11287128712871286,0.1651062462231749,1.0,-0.0,0,0
367,0.0,0.015841584158415842,0.054012600780142014,1.0,-0.0,0,0
368,0.0,0.015841584158415842,0.054012600780142014,1.0,-0.0,0,0
369,0.0,0.0,0.0,1.0,-0.0,0,0
370,0.0,0.007920792079207921,0.03900537743285587,1.0,-0.0,0,0
371,0.0,0.007920792079207921,0.03900537743285587,1.0,-0.0,0,0
372,0.0,0.007920792079207921,0.03900537743285587,1.0,-0.0,0,0
373,0.0,0.007920792079207921,0.03900537743285587,1.0,-0.0,0,0
374,0.0,0.007920792079207921,0.03900537743285587,1.0,-0.0,0,0
375,0.0,0.0,0.0,1.0,-0.0,0,0
376,0.0,0.027722772277227727,0.07461957893630407,1.0,-0.0,0,0
377,0.0,0.05940594059405942,0.10357779667819421,1.0,-0.0,0,0
378,0.0,0.09306930693069304,0.13069306930693067,1.0,-0.0,0,0
379,0.0,0.09306930693069304,0.13069306930693067,1.0,-0.0,0,0
380,0.0,0.12277227722772274,0.14615954128511632,1.0,-0.0,0,0
381,0.0,0.15445544554455445,0.15891011998209012,1.0,-0.0,0,0
382,0.0,0.12079207920792079,0.14645435316515323,1.0,-0.0,0,0
383,0.0,0.18217821782178212,0.16191676116245252,1.0,-0.0,0,0
384,0.0,0.18217821782178212,0.16191676116245252,1.0,-0.0,0,0
385,0.0,0.15247524752475247,0.15453158823862712,1.0,-0.0,0,0
386,0.0,0.1287128712871287,0.16550949460567813,1.0,-0.0,0,0
387,0.0,0.15643564356435644,0.17027400258776756,1.0,-0.0,0,0
388,0.0,0.09900990099009901,0.14521752172118102,1.0,-0.0,0,0
389,0.0,0.09900990099009901,0.14521752172118102,1.0,-0.0,0,0
390,0.0,0.09900990099009901,0.14521752172118102,1.0,-0.0,0,0
391,0.0,0.06336633663366337,0.1158034971660471,1.0,-0.0,0,0
392,0.0,0.03762376237623763,0.08771182015980238,1.0,-0.0,0,0
393,0.2,0.019801980198019802,0.059735061897023205,0.001278047474114718,2.8934530136556162,0,0
394,0.2,0.019801980198019802,0.059735061897023205,0.001278047474114718,2.8934530136556162,0,0
395,0.2,0.019801980198019802,0.059735061897023205,0.001278047474114718,2.8934530136556162,0,0
396,0.2,0.019801980198019802,0.059735061897023205,0.001278047474114718,2.8934530136556162,0,0
397,0.2,0.019801980198019802,0.059735061897023205,0.001278047474114718,2.8934530136556162,0,0
398,0.0,0.0,0.0,1.0,-0.0,0,0
399,0.0,0.0,0.0,1.0,-0.0,0,0
400,0.0,0.0059405940594059415,0.03395332316729158,1.0,-0.0,0,0
401,0.0,0.0059405940594059415,0.03395332316729158,1.0,-0.0,0,0
402,0.2,0.01386138613861386,0.05079507064705211,0.00012391038159364294,3.90689230556944,0,0
403,0.2,0.01386138613861386,0.05079507064705211,0.00012391038159364294,3.90689230556944,0,0
404,0.2,0.01386138613861386,0.05079507064705211,0.00012391038159364294,3.90689230556944,0,0
405,0.2,0.033663366336633666,0.07994704648786674,0.018735949469970602,1.7273242935431963,0,0
406,0.2,0.033663366336633666,0.07994704648786674,0.018735949469970602,1.7273242935431963,0,0
407,0.0,0.033663366336633666,0.07482947971362848,1.0,-0.0,0,0
408,0.0,0.033663366336633666,0.07482947971362848,1.0,-0.0,0,0
409,0.0,0.03762376237623763,0.08307396817189318,1.0,-0.0,0,0
410,0.0,0.011881188118811881,0.047276579747775535,1.0,-0.0,0,0
411,0.0,0.011881188118811881,0.047276579747775535,1.0,-0.0,0,0
412,0.0,0.013861386138613863,0.05079507064705211,1.0,-0.0,0,0
413,0.0,0.013861386138613863,0.05079507064705211,1.0,-0.0,0,0
414,0.0,0.021782178217821784,0.06230547612891991,1.0,-0.0,0,0
415,0.0,0.021782178217821784,0.06230547612891991,1.0,-0.0,0,0
416,0.0,0.02772277227722772,0.06910862719451544,1.0,-0.0,0,0
417,0.2,0.09504950495049505,0.13078304733432372,0.21113830602558958,0.6754329671360484,0,0
418,0.2,0.09504950495049505,0.13078304733432372,0.21113830602558958,0.6754329671360484,0,0
419,0.2,0.08316831683168317,0.12978985828256587,0.18401746388953716,0.7351409589961646,0,0
420,0.2,0.08316831683168317,0.12978985828256587,0.18401746388953716,0.7351409589961646,0,0
421,0.2,0.10099009900990098,0.14791959918402456,0.2516362976712556,0.5992267132214628,0,0
422,0.0,0.023762376237623763,0.07056843438101174,1.0,-0.0,0,0
423,0.0,0.023762376237623763,0.07056843438101174,1.0,-0.0,0,0
424,0.0,0.023762376237623763,0.07056843438101174,1.0,-0.0,0,0
425,0.0,0.023762376237623763,0.07056843438101174,1.0,-0.0,0,0
426,0.0,0.041584158415841586,0.0987719913927915,1.0,-0.0,0,0
427,0.0,0.041584158415841586,0.0987719913927915,1.0,-0.0,0,0
428,0.0,0.041584158415841586,0.0987719913927915,1.0,-0.0,0,0
429,0.0,0.041584158415841586,0.0987719913927915,1.0,-0.0,0,0
430,0.0,0.18415841584158413,0.2062069868822941,1.0,-0.0,0,0
431,0.0,0.1425742574257426,0.16730036701294593,1.0,-0.0,0,0
432,0.0,0.1425742574257426,0.16730036701294593,1.0,-0.0,0,0
433,0.0,0.1425742574257426,0.16730036701294593,1.0,-0.0,0,0
434,0.0,0.1782178217821782,0.18433931283543808,1.0,-0.0,0,0
435,0.0,0.049504950495049514,0.09912864166957489,1.0,-0.0,0,0
436,0.0,0.05544554455445545,0.10575073206193021,1.0,-0.0,0,0
437,0.0,0.05544554455445545,0.10575073206193021,1.0,-0.0,0,0
438,0.0,0.05544554455445545,0.10575073206193021,1.0,-0.0,0,0
439,0.0,0.019801980198019802,0.059735061897023205,1.0,-0.0,0,0
440,0.2,0.025742574257425745,0.07264925278354115,0.008228653963589664,2.084671200510098,0,0
441,0.2,0.019801980198019802,0.059735061897023205,0.001278047474114718,2.8934530136556162,0,0
442,0.2,0.019801980198019802,0.059735061897023205,0.001278047474114718,2.8934530136556162,0,0
443,0.2,0.019801980198019802,0.059735061897023205,0.001278047474114718,2.8934530136556162,0,0
444,0.2,0.021782178217821784,0.06230547612891991,0.002115616449879084,2.6745630648030154,0,0
445,0.0,0.023762376237623763,0.07056843438101175,1.0,-0.0,0,0
446,0.0,0.023762376237623763,0.07056843438101175,1.0,-0.0,0,0
447,0.0,0.023762376237623763,0.07056843438101175,1.0,-0.0,0,0
448,0.0,0.025742574257425745,0.07264925278354116,1.0,-0.0,0,0
449,0.0,0.03564356435643565,0.08154954567118416,1.0,-0.0,0,0
450,0.0,0.023762376237623766,0.07056843438101175,1.0,-0.0,0,0
451,0.0,0.041584158415841586,0.09039772047931348,1.0,-0.0,0,0
452,0.0,0.14059405940594058,0.15806892707703052,1.0,-0.0,0,0
453,0.0,0.16237623762376235,0.1634113349368535,1.0,-0.0,0,0
454,0.0,0.15049504950495046,0.1577212495187317,1.0,-0.0,0,0
455,0.0,0.14059405940594055,0.15036471688371983,1.0,-0.0,0,0
456,0.0,0.14059405940594058,0.13943181578046687,1.0,-0.0,0,0
457,0.0,0.04158415841584159,0.08590499787518362,1.0,-0.0,0,0
458,0.0,0.017821782178217824,0.056980176514606566,1.0,-0.0,0,0
459,0.0,0.017821782178217824,0.056980176514606566,1.0,-0.0,0,0
460,0.0,0.06336633663366338,0.10504385908811757,1.0,-0.0,0,0
461,0.0,0.04554455445544555,0.08387254884969257,1.0,-0.0,0,0
462,0.0,0.04554455445544555,0.08387254884969257,1.0,-0.0,0,0
463,0.0,0.04554455445544555,0.08387254884969257,1.0,-0.0,0,0
