,foreground,bg_means,bg_stdev,pvals,minus_logs,regs,active
2,0.0,0.18811881188118812,0.18630706513012396,1.0,-0.0,0,0
3,0.0,0.15643564356435644,0.160701335170483,1.0,-0.0,0,0
4,0.0,0.039603960396039604,0.07970143286137865,1.0,-0.0,0,0
5,0.0,0.1465346534653465,0.1614073970084343,1.0,-0.0,0,0
6,0.0,0.1465346534653465,0.1614073970084343,1.0,-0.0,0,0
7,0.0,0.10495049504950493,0.13670539084430264,1.0,-0.0,0,0
8,0.0,0.17227722772277224,0.17126137275595762,1.0,-0.0,0,0
9,0.0,0.17227722772277224,0.17126137275595762,1.0,-0.0,0,0
10,0.0,0.06534653465346536,0.10939585993610405,1.0,-0.0,0,0
11,0.0,0.06534653465346536,0.10939585993610405,1.0,-0.0,0,0
12,0.0,0.06534653465346536,0.10939585993610405,1.0,-0.0,0,0
13,0.0,0.011881188118811883,0.047276579747775535,1.0,-0.0,0,0
14,0.0,0.041584158415841586,0.08116396646304633,1.0,-0.0,0,0
15,0.0,0.041584158415841586,0.08116396646304633,1.0,-0.0,0,0
16,0.0,0.041584158415841586,0.08116396646304633,1.0,-0.0,0,0
17,0.2,0.17623762376237626,0.1599186147292671,0.4409384112058605,0.35562206708855015,0,0
18,0.2,0.16435643564356434,0.15259092949947317,0.40765202973834497,0.3897103909409113,0,0
19,0.2,0.13465346534653463,0.14380655568606182,0.32476838510357986,0.4884262541948038,0,0
20,0.2,0.13465346534653463,0.14380655568606182,0.32476838510357986,0.4884262541948038,0,0
21,0.2,0.13465346534653463,0.14380655568606182,0.32476838510357986,0.4884262541948038,0,0
22,0.2,0.12673267326732673,0.14818445096134422,0.31050010150204044,0.507938253517131,0,0
23,0.4,0.4257425742574258,0.2679786696648698,1.0,-0.0,0,0
24,0.4,0.5782178217821783,0.3207676313871935,1.0,-0.0,0,0
25,0.4,0.5782178217821783,0.3207676313871935,1.0,-0.0,0,0
26,0.4,0.5782178217821783,0.3207676313871935,1.0,-0.0,0,0
27,0.2,0.45148514851485144,0.2973859250087246,1.0,-0.0,0,0
28,0.0,0.15247524752475247,0.1644637607354148,1.0,-0.0,0,0
29,0.0,0.0,0.0,1.0,-0.0,0,0
30,0.0,0.0,0.0,1.0,-0.0,0,0
31,0.0,0.0,0.0,1.0,-0.0,0,0
32,0.2,0.049504950495049514,0.09912864166957489,0.06448460512601868,1.1905439552382786,0,0
33,0.4,0.06732673267326733,0.11698261772468857,0.0022290647018759187,2.65187732530179,0,0
34,0.4,0.06732673267326733,0.11698261772468857,0.0022290647018759187,2.65187732530179,0,0
35,0.4,0.06732673267326733,0.11698261772468857,0.0022290647018759187,2.65187732530179,0,0
36,0.6,0.5881188118811882,0.2962762721651758,0.4840060152591267,0.3151492408811818,0,0
37,0.4,0.5940594059405941,0.2984520400890409,1.0,-0.0,0,0
38,0.2,0.5762376237623762,0.2804340747263442,1.0,-0.0,0,0
39,0.2,0.5762376237623762,0.2804340747263442,1.0,-0.0,0,0
40,0.2,0.5762376237623762,0.2804340747263442,1.0,-0.0,0,0
41,0.0,0.05544554455445545,0.09384550979067556,1.0,-0.0,0,0
42,0.0,0.0,0.0,1.0,-0.0,0,0
43,0.0,0.0,0.0,1.0,-0.0,0,0
44,2.2,0.893069306930693,0.3895306710791858,0.0003966213546372767,3.4016239064911296,0,0
45,2.2,0.893069306930693,0.3895306710791858,0.0003966213546372767,3.4016239064911296,0,0
46,2.2,0.9217821782178217,0.4048233841512264,0.0007957221723111225,3.099238540420493,0,0
47,2.2,0.9722772277227721,0.4069005794547746,0.0012753760652909868,2.8943617375836608,0,0
48,2.2,0.9722772277227721,0.4069005794547746,0.0012753760652909868,2.8943617375836608,0,0
49,0.0,0.07722772277227724,0.1124710639300034,1.0,-0.0,0,0
50,0.0,0.07722772277227724,0.1124710639300034,1.0,-0.0,0,0
51,0.0,0.04950495049504951,0.09078727434730813,1.0,-0.0,0,0
52,0.0,0.0,0.0,1.0,-0.0,0,0
53,0.0,0.05148514851485149,0.10399339410297728,1.0,-0.0,0,0
54,0.0,0.05148514851485149,0.10399339410297728,1.0,-0.0,0,0
55,0.0,0.05148514851485149,0.10399339410297728,1.0,-0.0,0,0
56,0.0,0.13663366336633662,0.15137833547418925,1.0,-0.0,0,0
57,0.0,0.9693069306930694,0.436398985001548,1.0,-0.0,0,0
58,0.0,0.9168316831683169,0.4148408514906455,1.0,-0.0,0,0
59,0.0,0.9168316831683169,0.4148408514906455,1.0,-0.0,2,0
60,0.0,0.9168316831683169,0.4148408514906455,1.0,-0.0,0,0
61,0.0,0.8336633663366337,0.38800766240335677,1.0,-0.0,0,0
62,0.4,0.6356435643564357,0.3346593238692774,1.0,-0.0,0,0
63,1.2,1.504950495049505,0.5314609488226931,1.0,-0.0,0,0
64,1.2,1.504950495049505,0.5314609488226931,1.0,-0.0,0,0
65,1.2,1.504950495049505,0.5314609488226931,1.0,-0.0,0,0
66,1.2,1.504950495049505,0.5314609488226931,1.0,-0.0,0,0
67,0.8,0.8970297029702972,0.4199140519188678,1.0,-0.0,0,0
68,0.0,0.027722772277227727,0.07975061610139514,1.0,-0.0,0,0
69,0.0,0.027722772277227727,0.07975061610139514,1.0,-0.0,0,0
70,0.2,0.4277227722772278,0.3031579047691114,1.0,-0.0,1,0
71,0.2,0.4277227722772278,0.3031579047691114,1.0,-0.0,0,0
72,0.2,0.4000000000000001,0.2814390178921167,1.0,-0.0,0,0
73,0.2,0.4000000000000001,0.2814390178921167,1.0,-0.0,0,0
74,0.2,0.514851485148515,0.2888646737237302,1.0,-0.0,0,0
75,0.0,0.11485148514851484,0.15757201001249713,1.0,-0.0,0,0
76,0.0,0.14653465346534653,0.1843180400510114,1.0,-0.0,1,0
77,0.2,0.19801980198019797,0.1999901967992491,0.4960499473561593,0.30447459212058814,0,0
78,0.2,0.19801980198019797,0.1999901967992491,0.4960499473561593,0.30447459212058814,0,0
79,0.2,0.08118811881188118,0.12325042629382527,0.16752607431728717,0.7759175883237079,0,0
80,0.6,0.26534653465346536,0.205101106950084,0.05137649388612725,1.2892355368517554,0,0
81,0.6,0.23366336633663368,0.19308707712077475,0.028896731783236537,1.5391512731177848,0,0
82,0.4,0.2079207920792079,0.18438185104134305,0.14876453667687595,0.827500586002155,0,0
83,0.4,0.2079207920792079,0.18438185104134305,0.14876453667687595,0.827500586002155,0,0
84,0.4,0.35841584158415846,0.23091180723241767,0.4285422296839646,0.3680063751059014,0,0
85,0.0,0.24950495049504945,0.19981365694127384,1.0,-0.0,0,0
86,0.0,0.24950495049504945,0.19981365694127384,1.0,-0.0,0,0
87,0.0,0.37623762376237624,0.2376237623762376,1.0,-0.0,0,0
88,0.0,0.37623762376237624,0.2376237623762376,1.0,-0.0,0,0
89,0.0,0.22574257425742572,0.19018150025414607,1.0,-0.0,0,0
90,0.0,0.1504950495049505,0.1650824950547828,1.0,-0.0,0,0
91,0.0,0.24752475247524752,0.21088876492002406,1.0,-0.0,0,0
92,0.0,0.09702970297029703,0.1367627457412436,1.0,-0.0,0,0
93,0.0,0.09702970297029703,0.1367627457412436,1.0,-0.0,0,0
94,0.0,0.39009900990099017,0.27049823867769,1.0,-0.0,0,0
95,0.0,0.43366336633663366,0.2966069598946976,1.0,-0.0,0,0
96,0.0,0.3346534653465347,0.27876518510851644,1.0,-0.0,0,0
97,0.0,0.35841584158415846,0.2762074578085179,1.0,-0.0,0,0
98,0.0,0.5405940594059407,0.32766144620789,1.0,-0.0,0,0
99,0.0,0.31287128712871287,0.2539444728955228,1.0,-0.0,0,0
100,0.0,0.2693069306930693,0.23451765297291782,1.0,-0.0,0,0
101,0.0,0.2693069306930693,0.23451765297291782,1.0,-0.0,0,0
102,0.2,0.3722772277227724,0.27865263228870346,1.0,-0.0,0,0
103,0.2,0.19009900990099005,0.18958263199843847,0.47917462844205794,0.31950618523335,0,0
104,0.2,0.1227722772277228,0.15148191286261609,0.3050906041718747,0.5155711670515989,0,0
105,0.2,0.2633663366336633,0.18864958992181471,1.0,-0.0,0,0
106,0.2,0.42772277227722766,0.24860753271573965,1.0,-0.0,0,0
107,0.0,0.3366336633663367,0.24362069701750014,1.0,-0.0,0,0
108,0.0,0.3366336633663367,0.24362069701750014,1.0,-0.0,0,0
109,0.0,0.3366336633663367,0.24362069701750014,1.0,-0.0,0,0
110,0.0,0.20792079207920788,0.21419116487904888,1.0,-0.0,0,0
111,0.2,0.27524752475247527,0.23352907703454368,1.0,-0.0,0,0
112,0.2,0.39801980198019804,0.2617459269997356,1.0,-0.0,0,0
113,0.2,0.8158415841584159,0.3896514495445178,1.0,-0.0,0,0
114,0.2,0.8158415841584159,0.3896514495445178,1.0,-0.0,0,0
115,0.2,0.803960396039604,0.3919791851614613,1.0,-0.0,0,0
116,0.2,0.9584158415841584,0.41297455792290455,1.0,-0.0,0,0
117,0.4,0.996039603960396,0.43050069676677044,1.0,-0.0,0,0
118,0.4,0.5782178217821783,0.34111174104742253,1.0,-0.0,0,0
119,0.6,1.3306930693069308,0.5365350097473965,1.0,-0.0,0,0
120,0.6,1.3762376237623766,0.5408369961515528,1.0,-0.0,0,0
121,0.4,0.9881188118811881,0.4749751694839544,1.0,-0.0,0,0
122,0.2,0.798019801980198,0.43735935742667453,1.0,-0.0,0,0
123,0.2,0.8653465346534652,0.4616877440251591,1.0,-0.0,0,0
124,0.0,0.16633663366336632,0.16666633990099655,1.0,-0.0,0,0
125,0.0,0.12277227722772274,0.13191745702927898,1.0,-0.0,0,0
126,0.0,0.12277227722772274,0.13191745702927898,1.0,-0.0,0,0
127,0.0,0.12277227722772274,0.13191745702927898,1.0,-0.0,0,0
128,0.0,0.05346534653465347,0.09704990696905226,1.0,-0.0,0,0
129,0.0,0.0,0.0,1.0,-0.0,0,0
130,0.0,0.05346534653465347,0.10489443673781407,1.0,-0.0,0,0
131,0.0,0.11287128712871286,0.13324834725751067,1.0,-0.0,0,0
132,0.0,0.11287128712871286,0.13324834725751067,1.0,-0.0,0,0
133,0.2,0.194059405940594,0.18120705414231042,0.4869236343995753,0.3125391450675591,0,0
134,0.2,0.194059405940594,0.18120705414231042,0.4869236343995753,0.3125391450675591,0,0
135,0.2,0.3356435643564357,0.26535392334917585,1.0,-0.0,0,0
136,0.2,0.27524752475247527,0.2402168742038931,1.0,-0.0,0,0
137,0.2,0.27524752475247527,0.2402168742038931,1.0,-0.0,0,0
138,0.2,0.4198019801980198,0.2706866230844644,1.0,-0.0,0,0
139,0.2,0.5603960396039604,0.3083264336499314,1.0,-0.0,0,0
140,0.2,0.3702970297029703,0.2763068155652535,1.0,-0.0,0,0
141,0.4,0.5881188118811882,0.33516277372888215,1.0,-0.0,0,0
142,0.4,0.5980198019801981,0.33947548301501485,1.0,-0.0,0,0
143,0.2,0.3742574257425743,0.278131483027001,1.0,-0.0,0,0
144,0.2,0.23366336633663365,0.2144655931336603,1.0,-0.0,0,0
145,0.2,0.24158415841584158,0.227455719434574,1.0,-0.0,0,0
146,0.0,0.039603960396039604,0.08908690597387718,1.0,-0.0,0,0
147,0.2,0.1801980198019802,0.1791176404070512,0.4559854369816893,0.3410490273783009,0,0
148,0.2,0.1801980198019802,0.1791176404070512,0.4559854369816893,0.3410490273783009,0,0
149,0.2,0.29900990099009894,0.23483512206532423,1.0,-0.0,0,0
150,0.8,0.7683168316831682,0.3917290165279588,0.4677685654151597,0.3299689666342564,0,0
151,0.8,0.7524752475247525,0.37983687468110966,0.4502147307027029,0.3465802992994324,0,0
152,0.6,0.6237623762376238,0.3495820743448731,1.0,-0.0,0,0
153,0.6,0.6732673267326731,0.3804351570694246,1.0,-0.0,0,0
154,0.6,0.6217821782178217,0.3603089874192113,1.0,-0.0,0,0
155,0.0,0.14059405940594058,0.17013577444760863,1.0,-0.0,0,0
156,0.2,0.2792079207920792,0.24708872486834163,1.0,-0.0,0,0
157,0.2,0.25742574257425743,0.23770625630768516,1.0,-0.0,0,0
158,0.2,0.7009900990099007,0.363289440699496,1.0,-0.0,0,0
159,0.2,0.6871287128712869,0.3474556361272056,1.0,-0.0,0,0
160,0.2,0.7475247524752474,0.361129706932148,1.0,-0.0,0,0
161,0.0,0.6712871287128711,0.32770931144022597,1.0,-0.0,0,0
162,0.0,0.7435643564356436,0.35050623688584054,1.0,-0.0,0,0
163,0.0,0.299009900990099,0.24474478503731287,1.0,-0.0,0,0
164,0.0,0.2455445544554455,0.21595963707735683,1.0,-0.0,0,0
165,0.0,0.1861386138613861,0.1785695099817108,1.0,-0.0,0,0
166,0.0,0.1207920792079208,0.16429678029854689,1.0,-0.0,0,0
167,0.0,0.28316831683168314,0.2673927311269758,1.0,-0.0,0,0
168,0.2,0.6237623762376238,0.3162742621230539,1.0,-0.0,0,0
169,0.2,0.6237623762376238,0.3162742621230539,1.0,-0.0,0,0
170,0.2,0.6237623762376238,0.3162742621230539,1.0,-0.0,0,0
171,0.2,0.6237623762376238,0.3162742621230539,1.0,-0.0,0,0
172,0.2,0.39009900990099,0.2523179475041026,1.0,-0.0,0,0
173,0.0,0.0,0.0,1.0,-0.0,0,0
174,0.0,0.0,0.0,1.0,-0.0,0,0
175,0.0,0.0,0.0,1.0,-0.0,0,0
176,0.0,0.0,0.0,1.0,-0.0,0,0
177,0.0,0.0,0.0,1.0,-0.0,0,0
178,0.0,0.0,0.0,1.0,-0.0,0,0
179,0.0,0.031683168316831684,0.0730260947112308,1.0,-0.0,0,0
180,0.0,0.8435643564356438,0.37926866612702653,1.0,-0.0,0,0
181,0.0,0.8435643564356438,0.37926866612702653,1.0,-0.0,0,0
182,0.0,0.8435643564356438,0.37926866612702653,1.0,-0.0,0,0
183,0.0,0.8851485148514852,0.38930914657467947,1.0,-0.0,0,0
184,0.0,0.926732673267327,0.4085451340503519,1.0,-0.0,0,0
185,0.0,0.11287128712871286,0.14736186103080443,1.0,-0.0,0,0
186,0.0,0.11287128712871286,0.14736186103080443,1.0,-0.0,0,0
187,0.0,0.11287128712871286,0.14736186103080443,1.0,-0.0,0,0
188,0.0,0.0712871287128713,0.1213265242141813,1.0,-0.0,0,0
189,0.2,0.6475247524752474,0.3891076512210986,1.0,-0.0,0,0
190,0.2,0.6475247524752474,0.3891076512210986,1.0,-0.0,0,0
191,0.2,0.6475247524752474,0.3891076512210986,1.0,-0.0,3,0
192,0.2,0.6693069306930693,0.4004310979549306,1.0,-0.0,0,0
193,0.2,0.6693069306930693,0.4004310979549306,1.0,-0.0,0,0
194,0.0,0.021782178217821784,0.06230547612891991,1.0,-0.0,0,0
195,0.0,0.0594059405940594,0.10733330877518932,1.0,-0.0,0,0
196,0.0,0.0594059405940594,0.10733330877518932,1.0,-0.0,0,0
197,0.0,0.03762376237623763,0.08771182015980238,1.0,-0.0,0,0
198,0.0,0.03762376237623763,0.08771182015980238,1.0,-0.0,0,0
199,0.0,0.03762376237623763,0.08771182015980238,1.0,-0.0,0,0
200,0.0,0.0,0.0,1.0,-0.0,0,0
201,0.0,0.0,0.0,1.0,-0.0,0,0
202,0.0,0.0,0.0,1.0,-0.0,0,0
203,0.0,0.0,0.0,1.0,-0.0,0,0
204,0.0,0.0,0.0,1.0,-0.0,0,0
205,0.0,0.0,0.0,1.0,-0.0,0,0
206,0.6,0.18217821782178217,0.18260818825185748,0.011066488944167514,1.9559901455204867,0,0
207,0.6,0.18217821782178217,0.18260818825185748,0.011066488944167514,1.9559901455204867,0,0
208,0.6,0.18217821782178217,0.18260818825185748,0.011066488944167514,1.9559901455204867,0,0
209,0.6,0.18217821782178217,0.18260818825185748,0.011066488944167514,1.9559901455204867,0,0
210,1.2,0.49306930693069306,0.30123752206771964,0.00946884863134219,2.0237028260077463,0,0
211,0.6,0.31089108910891083,0.25867177493557114,0.13185461743461474,0.8799046569872634,0,0
212,5.0,0.8772277227722771,0.4458568762315246,1.001156014448223e-17,16.999498239269617,0,0
213,5.0,0.8772277227722771,0.4458568762315246,1.001156014448223e-17,16.999498239269617,0,0
214,5.0,0.8772277227722771,0.4458568762315246,1.001156014448223e-17,16.999498239269617,0,0
215,5.8,1.3683168316831682,0.5308186640210856,4.4488628129486323e-17,16.351750986137322,0,0
216,6.4,1.4455445544554455,0.53833714499212,1.0017362949684348e-17,16.99924659055765,0,0
217,2.0,0.8792079207920792,0.40205335138884696,0.0026544293275500295,2.5760288329762906,0,0
218,2.0,0.8792079207920792,0.40205335138884696,0.0026544293275500295,2.5760288329762906,0,0
219,2.8,1.7227722772277225,0.5691545211402772,0.02920017866669747,1.5346144912322863,0,0
220,2.0,1.2772277227722773,0.4767632594570198,0.06475989474400326,1.1886938657885793,0,0
221,1.4,1.2,0.46330709615387355,0.3329873221774865,0.47757230106777027,0,0
222,1.4,1.2,0.46330709615387355,0.3329873221774865,0.47757230106777027,0,0
223,1.4,1.2,0.46330709615387355,0.3329873221774865,0.47757230106777027,0,0
224,0.6,0.3564356435643564,0.2542376846844204,0.1690267634454395,0.7720445244015861,0,0
225,0.0,0.0,0.0,1.0,-0.0,0,0
226,0.0,0.0,0.0,1.0,-0.0,0,0
227,0.0,0.0,0.0,1.0,-0.0,0,0
228,0.0,0.0,0.0,1.0,-0.0,0,0
229,0.0,0.0,0.0,1.0,-0.0,0,0
230,0.0,0.0,0.0,1.0,-0.0,0,0
231,0.2,0.4217821782178218,0.24519297730160955,1.0,-0.0,0,0
232,0.2,0.4217821782178218,0.24519297730160955,1.0,-0.0,0,0
233,0.2,0.4217821782178218,0.24519297730160955,1.0,-0.0,0,0
234,1.6,0.8316831683168316,0.3230212245331143,0.008690826694724499,2.060938910331468,0,0
