,foreground,bg_means,bg_stdev,pvals,minus_logs,regs,active
2,0.0,0.0,0.0,1.0,-0.0,0,0
3,0.0,0.0,0.0,1.0,-0.0,0,0
4,0.0,0.0,0.0,1.0,-0.0,0,0
5,0.0,0.0,0.0,1.0,-0.0,0,0
6,0.0,0.0,0.0,1.0,-0.0,0,0
7,0.0,0.057425742574257435,0.09048443294095733,1.0,-0.0,0,0
8,0.2,0.08514851485148513,0.11378818137472192,0.15640470144165336,0.8057501964201678,0,0
9,0.2,0.08514851485148513,0.11378818137472192,0.15640470144165336,0.8057501964201678,0,0
10,0.2,0.08514851485148513,0.11378818137472192,0.15640470144165336,0.8057501964201678,0,0
11,0.2,0.08514851485148513,0.11378818137472192,0.15640470144165336,0.8057501964201678,0,0
12,0.2,0.027722772277227727,0.06910862719451544,0.0063361735559086295,2.1981729353735644,0,0
13,0.0,0.0,0.0,1.0,-0.0,0,0
14,0.0,0.0,0.0,1.0,-0.0,0,0
15,0.2,0.03762376237623763,0.07816140339006158,0.01888012292982573,1.723995182306426,0,0
16,0.2,0.03762376237623763,0.07816140339006158,0.01888012292982573,1.723995182306426,0,0
17,0.2,0.03762376237623763,0.07816140339006158,0.01888012292982573,1.723995182306426,0,0
18,0.2,0.03762376237623763,0.07816140339006158,0.01888012292982573,1.723995182306426,0,0
19,0.2,0.03762376237623763,0.07816140339006158,0.01888012292982573,1.723995182306426,0,0
20,0.0,0.0,0.0,1.0,-0.0,0,0
21,0.0,0.0,0.0,1.0,-0.0,0,0
22,0.0,0.0,0.0,1.0,-0.0,0,0
23,0.0,0.0,0.0,1.0,-0.0,0,0
24,0.0,0.021782178217821784,0.06230547612891991,1.0,-0.0,0,0
25,0.0,0.021782178217821784,0.06230547612891991,1.0,-0.0,0,0
26,0.0,0.021782178217821784,0.06230547612891991,1.0,-0.0,0,0
27,0.0,0.061386138613861385,0.10046456153636296,1.0,-0.0,0,0
28,0.0,0.08316831683168316,0.11351216354824961,1.0,-0.0,0,0
29,0.0,0.0811881188118812,0.11664694237642093,1.0,-0.0,0,0
30,0.0,0.0811881188118812,0.11664694237642093,1.0,-0.0,0,0
31,0.0,0.11683168316831682,0.14146987009498416,1.0,-0.0,0,0
32,0.0,0.11089108910891086,0.13342479626077636,1.0,-0.0,0,0
33,0.0,0.1584158415841584,0.17421241542909127,1.0,-0.0,0,0
34,0.0,0.13663366336633664,0.16870078513860487,1.0,-0.0,0,0
35,0.0,0.19207920792079203,0.18438185104134303,1.0,-0.0,0,0
36,0.0,0.15643564356435644,0.16555687101844338,1.0,-0.0,0,0
37,0.4,0.17227722772277226,0.15422679190986735,0.06989884485610144,1.1555300013182133,0,0
38,0.4,0.12475247524752472,0.12851469892742934,0.016106436467118634,1.7930005361704042,0,0
39,0.4,0.12475247524752472,0.12851469892742934,0.016106436467118634,1.7930005361704042,0,0
40,0.6,0.1396039603960396,0.15800689790732383,0.0017854542962870217,2.7482512623148794,0,0
41,1.0,0.2514851485148515,0.19016088102057818,4.1387739686173276e-05,4.383128291130699,0,0
42,0.6,0.22772277227722776,0.19706701472672838,0.029439918779725256,1.5310633924855508,0,0
43,1.0,0.2940594059405941,0.2057691594140962,0.0003009680355743224,3.5214796263690573,0,0
44,1.0,0.3247524752475248,0.21033021684397973,0.000662714661106643,3.1786734214908665,0,0
45,1.0,0.29702970297029707,0.1962295309598019,0.0001702338675213263,3.768954034060909,0,0
46,0.6,0.21188118811881188,0.19462435446028695,0.023065402995214666,1.637038953062261,0,0
47,0.6,0.21386138613861383,0.19752413211148517,0.025297829362594455,1.5969167411281147,0,0
48,0.2,0.15841584158415842,0.1672534844655737,0.40182367463540153,0.39596447908448523,0,0
49,0.2,0.12673267326732673,0.1534365990321625,0.31649992694608825,0.4996263858896416,0,0
50,0.0,0.08316831683168317,0.11351216354824961,1.0,-0.0,0,0
51,0.0,0.05742574257425742,0.09885135821266286,1.0,-0.0,0,0
52,0.0,0.02970297029702971,0.07112192077650681,1.0,-0.0,0,0
53,0.0,0.0,0.0,1.0,-0.0,0,0
54,0.0,0.0,0.0,1.0,-0.0,0,0
55,0.0,0.0,0.0,1.0,-0.0,0,0
56,0.0,0.0,0.0,1.0,-0.0,0,0
57,0.0,0.0,0.0,1.0,-0.0,0,0
58,0.0,0.0,0.0,1.0,-0.0,0,0
59,0.0,0.0,0.0,1.0,-0.0,0,0
60,0.2,0.05346534653465347,0.08851285797476045,0.04890970681379658,1.3106049405222455,0,0
61,0.2,0.10297029702970298,0.14519051706790778,0.25197351730651485,0.5986451016471239,0,0
62,0.2,0.10297029702970298,0.14519051706790778,0.25197351730651485,0.5986451016471239,0,0
63,0.2,0.10297029702970298,0.14519051706790778,0.25197351730651485,0.5986451016471239,0,0
64,0.2,0.10297029702970298,0.14519051706790778,0.25197351730651485,0.5986451016471239,0,0
65,0.0,0.04950495049504951,0.09912864166957489,1.0,-0.0,0,0
66,0.0,0.0,0.0,1.0,-0.0,0,0
67,0.2,0.06336633663366337,0.11233152161332938,0.11192713809178086,0.95106460074087,0,0
68,0.2,0.06336633663366337,0.11233152161332938,0.11192713809178086,0.95106460074087,0,0
69,0.2,0.06336633663366337,0.11233152161332938,0.11192713809178086,0.95106460074087,0,0
70,0.4,0.12277227722772276,0.13488622864100122,0.019926429549591847,1.7005705119279024,0,0
71,0.8,0.19801980198019797,0.17233412057057096,0.0002387244545431374,3.6221030902971774,0,0
72,0.6,0.13465346534653466,0.14380655568606188,0.0006062564374589231,3.2173436368630086,0,0
73,0.6,0.2475247524752475,0.1760929431716096,0.022661558046981764,1.6447102344573814,0,0
74,0.6,0.36831683168316826,0.1964691763138608,0.11915246933151698,0.9238969528480389,0,0
75,0.4,0.3267326732673268,0.20240684893751504,0.35868331166905476,0.4452888291189693,0,0
76,0.2,0.3584158415841583,0.21675707383145512,1.0,-0.0,0,0
77,0.2,0.3861386138613861,0.22206488346734551,1.0,-0.0,0,0
78,0.6,0.4792079207920792,0.2252904974784617,0.295923487746399,0.5288205630792223,0,0
79,0.8,0.6118811881188119,0.28814432876697155,0.2569222562145182,0.590198272796763,0,0
80,0.8,0.596039603960396,0.29648795480156936,0.2457511534728642,0.6095044350595122,0,0
81,0.6,0.4871287128712872,0.26463625936298,0.3348663748750971,0.4751284593259261,0,0
82,0.6,0.4811881188118812,0.2391042985841359,0.3096283770884311,0.5091592435700236,0,0
83,0.2,0.27326732673267323,0.20628303593038283,1.0,-0.0,0,0
84,0.0,0.021782178217821784,0.06230547612891991,1.0,-0.0,0,0
85,0.0,0.021782178217821784,0.06230547612891991,1.0,-0.0,0,0
86,0.0,0.10495049504950495,0.1395723579145037,1.0,-0.0,0,0
87,0.0,0.08316831683168317,0.12028786177019754,1.0,-0.0,0,0
88,0.0,0.15643564356435644,0.15821769786485684,1.0,-0.0,0,0
89,0.0,0.15643564356435644,0.15821769786485684,1.0,-0.0,0,0
90,0.0,0.17227722772277226,0.1689330594949795,1.0,-0.0,0,0
91,0.0,0.10297029702970295,0.1367627457412436,1.0,-0.0,0,0
92,0.0,0.13861386138613863,0.1534877019808008,1.0,-0.0,0,0
93,0.0,0.06534653465346535,0.10189845806153354,1.0,-0.0,0,0
94,0.0,0.06534653465346535,0.10189845806153354,1.0,-0.0,0,0
95,0.0,0.04950495049504951,0.09504950495049506,1.0,-0.0,0,0
96,0.0,0.033663366336633666,0.07482947971362848,1.0,-0.0,0,0
97,0.0,0.0,0.0,1.0,-0.0,0,0
98,0.0,0.0,0.0,1.0,-0.0,0,0
99,0.0,0.0,0.0,1.0,-0.0,0,0
100,0.0,0.0,0.0,1.0,-0.0,0,0
101,0.0,0.025742574257425745,0.06697637435757531,1.0,-0.0,0,0
102,0.0,0.025742574257425745,0.06697637435757531,1.0,-0.0,0,0
103,0.0,0.025742574257425745,0.06697637435757531,1.0,-0.0,0,0
104,0.0,0.025742574257425745,0.06697637435757531,1.0,-0.0,0,0
105,0.0,0.025742574257425745,0.06697637435757531,1.0,-0.0,0,0
106,0.0,0.0,0.0,1.0,-0.0,0,0
107,0.0,0.0,0.0,1.0,-0.0,0,0
108,0.0,0.0,0.0,1.0,-0.0,0,0
109,0.0,0.0,0.0,1.0,-0.0,0,0
110,0.0,0.0,0.0,1.0,-0.0,0,0
111,0.0,0.0,0.0,1.0,-0.0,0,0
112,0.0,0.08514851485148513,0.12054836637801526,1.0,-0.0,0,0
113,0.2,0.13861386138613857,0.15088537189345533,0.3420629138954295,0.46589400901766276,0,0
114,0.2,0.13861386138613857,0.15088537189345533,0.3420629138954295,0.46589400901766276,0,0
115,0.2,0.13861386138613857,0.15088537189345533,0.3420629138954295,0.46589400901766276,0,0
116,0.2,0.13861386138613857,0.15088537189345533,0.3420629138954295,0.46589400901766276,0,0
117,0.2,0.07524752475247524,0.10089298378500594,0.10813951107118154,0.9660155983221467,0,0
118,0.0,0.05742574257425742,0.09048443294095733,1.0,-0.0,0,0
119,0.0,0.05742574257425742,0.09048443294095733,1.0,-0.0,0,0
120,0.0,0.05742574257425742,0.09048443294095733,1.0,-0.0,0,0
121,0.0,0.08514851485148514,0.11025275966000045,1.0,-0.0,0,0
122,0.0,0.061386138613861385,0.09644194583672018,1.0,-0.0,0,0
123,0.0,0.02772277227722772,0.06910862719451544,1.0,-0.0,0,0
124,0.0,0.02772277227722772,0.06910862719451544,1.0,-0.0,0,0
125,0.0,0.02772277227722772,0.06910862719451544,1.0,-0.0,0,0
126,0.0,0.0,0.0,1.0,-0.0,0,0
127,0.0,0.0,0.0,1.0,-0.0,0,0
128,0.0,0.0,0.0,1.0,-0.0,0,0
129,0.0,0.03564356435643565,0.07653920035678292,1.0,-0.0,0,0
130,0.0,0.09900990099009901,0.11814997140733703,1.0,-0.0,0,0
131,0.0,0.11881188118811879,0.12325042629382524,1.0,-0.0,0,0
132,0.0,0.17029702970297028,0.1525652299743226,1.0,-0.0,0,0
133,0.0,0.22970297029702968,0.17662655937408125,1.0,-0.0,1,0
134,0.0,0.2554455445544555,0.18904410273049702,1.0,-0.0,0,0
135,0.0,0.5366336633663367,0.2937375309431867,1.0,-0.0,0,0
136,0.0,0.6653465346534653,0.3071541824473859,1.0,-0.0,0,0
137,0.0,0.6138613861386137,0.29685803620162377,1.0,-0.0,0,0
138,0.0,0.5623762376237623,0.28936649314691143,1.0,-0.0,0,0
139,0.2,0.8831683168316831,0.3506907771447585,1.0,-0.0,0,0
140,0.2,0.5405940594059406,0.2972408490449234,1.0,-0.0,0,0
141,0.2,0.39207920792079215,0.2516020621666311,1.0,-0.0,0,0
142,0.2,0.39207920792079215,0.2516020621666311,1.0,-0.0,0,0
143,0.2,0.3841584158415842,0.24964635314198846,1.0,-0.0,0,0
144,0.0,0.0,0.0,1.0,-0.0,0,0
145,0.0,0.0,0.0,1.0,-0.0,0,0
146,0.0,0.0,0.0,1.0,-0.0,0,0
147,0.0,0.0,0.0,1.0,-0.0,0,0
148,0.0,0.0,0.0,1.0,-0.0,0,0
149,0.0,0.0,0.0,1.0,-0.0,0,0
150,0.0,0.03564356435643564,0.07653920035678291,1.0,-0.0,0,0
151,0.0,0.03564356435643564,0.07653920035678291,1.0,-0.0,0,0
152,0.0,0.10099009900990098,0.12467387119760154,1.0,-0.0,0,0
153,0.0,0.13465346534653463,0.14380655568606185,1.0,-0.0,0,0
154,0.0,0.2178217821782178,0.16909546170462728,1.0,-0.0,0,0
155,0.0,0.26930693069306927,0.19383701138242007,1.0,-0.0,0,0
156,0.0,0.26930693069306927,0.19383701138242007,1.0,-0.0,0,0
157,0.0,0.20396039603960395,0.17795359951414635,1.0,-0.0,0,0
158,0.0,0.17227722772277224,0.1665722047113908,1.0,-0.0,0,0
159,0.0,0.08712871287128712,0.12077584698595571,1.0,-0.0,0,0
160,0.0,0.0,0.0,1.0,-0.0,0,0
161,0.0,0.0,0.0,1.0,-0.0,0,0
162,0.0,0.0,0.0,1.0,-0.0,0,0
163,0.0,0.0,0.0,1.0,-0.0,0,0
164,0.0,0.0,0.0,1.0,-0.0,0,0
165,0.0,0.0,0.0,1.0,-0.0,0,0
166,0.0,0.0,0.0,1.0,-0.0,0,0
167,0.0,0.0,0.0,1.0,-0.0,0,0
168,0.0,0.0,0.0,1.0,-0.0,0,0
169,0.0,0.0,0.0,1.0,-0.0,0,0
170,0.0,0.0,0.0,1.0,-0.0,0,0
171,0.0,0.0,0.0,1.0,-0.0,0,0
172,0.0,0.0,0.0,1.0,-0.0,0,0
173,0.0,0.0,0.0,1.0,-0.0,0,0
174,0.0,0.0,0.0,1.0,-0.0,0,0
175,0.0,0.0,0.0,1.0,-0.0,0,0
176,0.2,0.0613861386138614,0.10046456153636296,0.08383506191077846,1.0765743106091494,0,0
177,0.2,0.10693069306930691,0.14229896414433016,0.2565428085145365,0.5908401551120017,0,0
178,0.2,0.16237623762376235,0.17052712983454246,0.4126894441147001,0.3843766394854794,0,0
179,0.2,0.19207920792079203,0.18222126052003706,0.4826642400124241,0.31635487632233883,0,0
180,0.2,0.21584158415841584,0.19022273201620324,1.0,-0.0,0,0
181,0.0,0.21584158415841584,0.19837591740781296,1.0,-0.0,0,0
182,0.0,0.18415841584158413,0.1681186952617119,1.0,-0.0,0,0
183,0.0,0.12871287128712872,0.15816812315022463,1.0,-0.0,0,0
184,0.0,0.09900990099009901,0.14521752172118102,1.0,-0.0,0,0
185,0.0,0.13762376237623763,0.15849008161397024,1.0,-0.0,0,0
186,0.0,0.07524752475247526,0.11205191564986226,1.0,-0.0,0,0
187,0.0,0.09306930693069305,0.11454380090280848,1.0,-0.0,0,0
188,0.0,0.09306930693069305,0.11454380090280848,1.0,-0.0,0,0
189,0.0,0.11881188118811879,0.13838736799727644,1.0,-0.0,0,0
190,0.0,0.05742574257425742,0.10277971700879983,1.0,-0.0,0,0
191,1.0,0.27722772277227725,0.22333262859202668,0.0006054417759325838,3.2179276157034615,0,0
192,1.0,0.3217821782178218,0.22142828908505924,0.0010959318879672224,2.960216436361855,0,0
193,1.4,0.46534653465346537,0.218199492500774,9.199574745494295e-06,5.036232247649418,0,0
194,1.6,0.4712871287128712,0.22617641133029492,3.0125740112895815e-07,6.521062274773978,0,0
195,1.6,0.4871287128712872,0.24278229107317395,2.282743056065249e-06,5.641542969636787,0,0
196,0.8,0.300990099009901,0.23818415768324583,0.01808286696254446,1.7427327128371763,0,0
197,0.8,0.22574257425742575,0.1943017278738389,0.0015608481459400197,2.8066393471542956,0,0
198,0.4,0.08118811881188118,0.1264228887090089,0.005837981963134029,2.2337372511300297,0,0
199,0.2,0.04950495049504951,0.08631483056516186,0.040617958542992695,1.3912819080063725,0,0
