,foreground,bg_means,bg_stdev,pvals,minus_logs,regs,active
2,0.0,0.0712871287128713,0.11801714396634724,1.0,-0.0,0,0
3,0.0,0.04752475247524753,0.08512548617902843,1.0,-0.0,0,0
4,0.0,0.04752475247524753,0.08512548617902843,1.0,-0.0,0,0
5,0.8,0.08316831683168316,0.12978985828256584,1.666130860729211e-08,7.778290891368192,0,0
6,0.8,0.1168316831683168,0.1442421691205886,1.0884950301576972e-06,5.9631735495167915,0,0
7,0.8,0.1168316831683168,0.1442421691205886,1.0884950301576972e-06,5.9631735495167915,0,0
8,0.8,0.1168316831683168,0.1442421691205886,1.0884950301576972e-06,5.9631735495167915,0,0
9,1.0,0.13663366336633662,0.15397233406965347,1.0276416804617972e-08,7.988158289353665,0,0
10,0.2,0.05148514851485149,0.096075322540263,0.0610744044260142,1.2141407594058027,0,0
11,0.2,0.06732673267326733,0.10634234916512914,0.10608783743468066,0.9743344034481476,1,0
12,0.2,0.06732673267326733,0.10634234916512914,0.10608783743468066,0.9743344034481476,0,0
13,0.2,0.09306930693069305,0.12762679639066946,0.20106059762379253,0.6966730309011007,0,0
14,0.0,0.21386138613861383,0.19951907671778216,1.0,-0.0,0,0
15,0.0,0.21386138613861383,0.19951907671778216,1.0,-0.0,0,0
16,0.0,0.16435643564356434,0.1551646576171068,1.0,-0.0,0,0
17,0.0,0.17425742574257425,0.16569891898195668,1.0,-0.0,0,0
18,0.0,0.1485148514851485,0.16567525277902487,1.0,-0.0,0,0
19,0.2,0.03762376237623763,0.08771182015980238,0.03206701867154286,1.4939414153345645,0,0
20,0.2,0.03762376237623763,0.08771182015980238,0.03206701867154286,1.4939414153345645,0,0
21,0.4,0.10891089108910891,0.14494724878689189,0.02230880702517923,1.6515236532138924,0,0
22,0.4,0.10693069306930694,0.14505541839059363,0.021671192643179613,1.6641171872450655,0,0
23,0.4,0.11485148514851484,0.14984225277142663,0.02852083524388324,1.5448377601491354,0,0
24,0.2,0.08712871287128714,0.127165103825761,0.18737894802554306,0.7272792035758483,0,0
25,0.2,0.09504950495049505,0.1277189346265117,0.20561525732768132,0.6869446624035489,0,0
26,0.0,0.023762376237623766,0.06471340450838889,1.0,-0.0,0,0
27,0.0,0.015841584158415842,0.05401260078014202,1.0,-0.0,0,0
28,0.0,0.007920792079207921,0.03900537743285587,1.0,-0.0,0,0
29,0.0,0.007920792079207921,0.03900537743285587,1.0,-0.0,0,0
30,0.0,0.0,0.0,1.0,-0.0,0,0
31,0.0,0.0,0.0,1.0,-0.0,0,0
32,0.0,0.0,0.0,1.0,-0.0,0,0
33,0.0,0.01386138613861386,0.05079507064705211,1.0,-0.0,0,0
34,0.0,0.01386138613861386,0.05079507064705211,1.0,-0.0,0,0
35,0.0,0.01386138613861386,0.05079507064705211,1.0,-0.0,0,0
36,0.0,0.01386138613861386,0.05079507064705211,1.0,-0.0,0,0
37,0.0,0.02772277227722772,0.06910862719451542,1.0,-0.0,0,0
38,0.0,0.025742574257425748,0.0669763743575753,1.0,-0.0,0,0
39,0.0,0.025742574257425748,0.0669763743575753,1.0,-0.0,0,0
40,0.0,0.025742574257425748,0.0669763743575753,1.0,-0.0,0,0
41,0.0,0.025742574257425748,0.0669763743575753,1.0,-0.0,0,0
42,0.2,0.03564356435643565,0.08154954567118415,0.0219304263845019,1.6589529244266186,0,0
43,0.2,0.023762376237623763,0.06471340450838887,0.003231121245907738,2.4906467450338194,0,0
44,0.2,0.023762376237623763,0.06471340450838887,0.003231121245907738,2.4906467450338194,0,0
45,0.2,0.05742574257425742,0.10656335878870264,0.0904597157907538,1.0435447810683363,0,0
46,0.4,0.07920792079207921,0.12293186689242579,0.00453358435601149,2.3435582989790555,0,0
47,0.2,0.05544554455445545,0.1019369320889802,0.07808409030039497,1.1074374449781044,0,0
48,0.4,0.0613861386138614,0.10806149425459212,0.0008635882888169143,3.0636932557966734,0,0
49,0.4,0.0613861386138614,0.10806149425459212,0.0008635882888169143,3.0636932557966734,0,0
50,0.4,0.02772277227722773,0.06910862719451544,3.5853288547446714e-08,7.445471003663998,0,0
51,0.2,0.0059405940594059415,0.03395332316729158,5.469865928325192e-09,8.262023318511567,0,0
52,0.2,0.0059405940594059415,0.03395332316729158,5.469865928325192e-09,8.262023318511567,0,0
53,0.0,0.0,0.0,1.0,-0.0,0,0
54,0.0,0.0,0.0,1.0,-0.0,0,0
55,0.0,0.015841584158415842,0.05401260078014202,1.0,-0.0,0,0
56,0.0,0.015841584158415842,0.05401260078014202,1.0,-0.0,0,0
57,0.0,0.015841584158415842,0.05401260078014202,1.0,-0.0,0,0
58,0.0,0.027722772277227727,0.07461957893630405,1.0,-0.0,0,0
59,0.0,0.027722772277227727,0.07461957893630405,1.0,-0.0,0,0
60,0.0,0.011881188118811883,0.04727657974777555,1.0,-0.0,0,0
61,0.0,0.011881188118811883,0.04727657974777555,1.0,-0.0,0,0
62,0.0,0.011881188118811883,0.04727657974777555,1.0,-0.0,0,0
63,0.0,0.021782178217821784,0.06836703565002801,1.0,-0.0,0,0
64,0.0,0.021782178217821784,0.06836703565002801,1.0,-0.0,0,0
65,0.0,0.021782178217821784,0.06836703565002801,1.0,-0.0,0,0
66,0.0,0.021782178217821784,0.06836703565002801,1.0,-0.0,0,0
67,0.0,0.021782178217821784,0.06836703565002801,1.0,-0.0,0,0
68,0.0,0.04554455445544555,0.09283729243351323,1.0,-0.0,0,0
69,0.0,0.04554455445544555,0.09283729243351323,1.0,-0.0,0,0
70,0.0,0.04554455445544555,0.09283729243351323,1.0,-0.0,0,0
71,0.0,0.04554455445544555,0.09283729243351323,1.0,-0.0,0,0
72,0.0,0.04554455445544555,0.09283729243351323,1.0,-0.0,0,0
73,0.0,0.0,0.0,1.0,-0.0,0,0
74,0.0,0.0,0.0,1.0,-0.0,0,0
75,0.0,0.0,0.0,1.0,-0.0,0,0
76,0.0,0.01386138613861386,0.05079507064705211,1.0,-0.0,0,0
77,0.0,0.027722772277227727,0.06910862719451544,1.0,-0.0,0,0
78,0.0,0.05940594059405942,0.0996808946427978,1.0,-0.0,0,0
79,0.0,0.08118811881188118,0.1264228887090089,1.0,-0.0,0,0
80,0.0,0.09702970297029702,0.13676274574124359,1.0,-0.0,0,0
81,0.0,0.09108910891089109,0.13650445892763635,1.0,-0.0,0,0
82,0.0,0.12079207920792079,0.15689867556071532,1.0,-0.0,0,0
83,0.0,0.0891089108910891,0.13923481846532235,1.0,-0.0,0,0
84,0.0,0.06732673267326733,0.11354670246995209,1.0,-0.0,0,0
85,0.0,0.06732673267326733,0.12032045569079852,1.0,-0.0,0,0
86,0.2,0.07326732673267328,0.12811743461086583,0.16128473592065518,0.7924067325435373,0,0
87,0.2,0.0297029702970297,0.08622392497852371,0.024130930001952804,1.6174259401329405,0,0
88,0.2,0.039603960396039604,0.09757374253271224,0.050104184963067636,1.300125998075642,0,0
89,0.6,0.10099009900990094,0.14246420394934614,0.0002302806976900411,3.637742463416678,0,0
90,0.8,0.1069306930693069,0.13661931335176508,1.9579978879195407e-07,6.7081877810034545,0,0
91,0.6,0.09900990099009899,0.13386490123687583,9.109735351947862e-05,4.040494239586625,0,0
92,0.6,0.11485148514851483,0.13598641357140118,0.0001801158429008583,3.7444480851715314,0,0
93,0.6,0.16633663366336632,0.17364880212589112,0.006256113973914741,2.203695347897158,0,0
94,1.0,0.18019801980198016,0.16531985318607367,3.5449635855974296e-07,6.450388221596661,0,0
95,0.8,0.1584158415841584,0.16244866773856387,3.9164208554807064e-05,4.407110645420443,0,0
96,0.8,0.16633663366336632,0.16902587986434298,8.880123835917161e-05,4.051580977815939,0,0
97,0.8,0.15049504950495046,0.16021258301915867,2.5172498535669485e-05,4.599073675734885,0,0
98,0.8,0.0891089108910891,0.13923481846532235,1.6478687406112287e-07,6.783077384567622,0,0
99,0.0,0.013861386138613863,0.05079507064705211,1.0,-0.0,0,0
100,0.0,0.027722772277227727,0.06910862719451544,1.0,-0.0,0,0
101,0.0,0.01386138613861386,0.05079507064705211,1.0,-0.0,0,0
102,0.0,0.01386138613861386,0.05079507064705211,1.0,-0.0,0,0
103,0.0,0.01386138613861386,0.05079507064705211,1.0,-0.0,0,0
104,0.0,0.02772277227722772,0.06910862719451544,1.0,-0.0,0,0
105,0.0,0.013861386138613863,0.05079507064705212,1.0,-0.0,0,0
106,0.0,0.04752475247524753,0.09397077637785879,1.0,-0.0,0,0
107,0.0,0.057425742574257435,0.10656335878870264,1.0,-0.0,0,0
108,0.2,0.17425742574257425,0.1943017278738389,0.44729930569107135,0.34940177594934274,0,0
109,0.2,0.1603960396039604,0.19298551113766993,0.4187011872202713,0.37809580767222395,0,0
110,0.2,0.1603960396039604,0.19298551113766993,0.4187011872202713,0.37809580767222395,1,0
111,0.2,0.12475247524752477,0.17084874938711278,0.329811557544901,0.48173412949796723,0,0
112,0.2,0.16633663366336632,0.18683249644342295,0.4285058667124956,0.3680432277351307,0,0
113,0.0,0.04950495049504951,0.09912864166957489,1.0,-0.0,0,0
114,0.0,0.04950495049504951,0.09912864166957489,1.0,-0.0,0,0
115,0.0,0.04950495049504951,0.09912864166957489,1.0,-0.0,0,0
116,0.0,0.04950495049504951,0.09912864166957489,1.0,-0.0,0,0
117,0.0,0.021782178217821784,0.06230547612891991,1.0,-0.0,0,0
118,0.0,0.021782178217821784,0.06230547612891991,1.0,-0.0,0,0
119,0.0,0.021782178217821784,0.06230547612891991,1.0,-0.0,0,0
120,0.0,0.021782178217821784,0.06230547612891991,1.0,-0.0,0,0
121,0.0,0.021782178217821784,0.06230547612891991,1.0,-0.0,0,0
122,0.0,0.0,0.0,1.0,-0.0,0,0
123,0.0,0.0,0.0,1.0,-0.0,0,0
124,0.0,0.007920792079207921,0.03900537743285587,1.0,-0.0,0,0
125,0.0,0.027722772277227727,0.06910862719451544,1.0,-0.0,0,0
126,0.0,0.027722772277227727,0.06910862719451544,1.0,-0.0,0,0
127,0.0,0.027722772277227727,0.06910862719451544,1.0,-0.0,0,0
128,0.0,0.027722772277227727,0.06910862719451544,1.0,-0.0,0,0
129,0.0,0.04356435643564357,0.08721867542790195,1.0,-0.0,0,0
130,0.0,0.07524752475247524,0.11553229422427584,1.0,-0.0,0,0
131,0.0,0.07524752475247524,0.11553229422427584,1.0,-0.0,0,0
132,0.0,0.07524752475247524,0.11553229422427584,1.0,-0.0,0,0
133,0.0,0.12277227722772276,0.1566235242240411,1.0,-0.0,0,0
134,0.0,0.10891089108910891,0.14765427233510695,1.0,-0.0,0,0
135,0.0,0.10495049504950493,0.1245794808714917,1.0,-0.0,0,0
136,0.0,0.1267326732673267,0.13707776871189528,1.0,-0.0,0,0
137,0.0,0.1267326732673267,0.13707776871189528,1.0,-0.0,0,0
138,0.0,0.10099009900990098,0.1308729634998678,1.0,-0.0,0,0
139,0.0,0.18217821782178217,0.1643445063069024,1.0,-0.0,0,0
140,0.0,0.13465346534653463,0.13818888176132993,1.0,-0.0,0,0
141,0.2,0.14257425742574256,0.1575471230171571,0.3577427723232269,0.44642913177321253,0,0
142,0.2,0.14653465346534653,0.15893479355105833,0.3682853790803141,0.43381552228215303,0,0
143,0.2,0.12079207920792079,0.15435386352400063,0.30392039930749537,0.5172401488527573,0,0
144,0.2,0.031683168316831684,0.08316831683168316,0.021494876961718277,1.6676650364739223,0,0
145,0.2,0.057425742574257435,0.10277971700879983,0.08269301175340939,1.0825311903890302,0,0
146,0.0,0.02970297029702971,0.07648795214189293,1.0,-0.0,0,0
147,0.0,0.025742574257425748,0.07264925278354115,1.0,-0.0,0,0
148,0.0,0.033663366336633666,0.08475617647141663,1.0,-0.0,0,0
149,0.0,0.06732673267326733,0.10634234916512914,1.0,-0.0,0,0
150,0.0,0.17029702970297028,0.17436990069505995,1.0,-0.0,0,0
151,0.0,0.17029702970297028,0.17436990069505995,1.0,-0.0,0,0
152,0.0,0.2178217821782178,0.1931479910747968,1.0,-0.0,0,0
153,0.0,0.2099009900990098,0.19166025556535224,1.0,-0.0,0,0
154,0.0,0.1762376237623762,0.1599186147292671,1.0,-0.0,0,0
155,0.0,0.04752475247524753,0.08965727859541997,1.0,-0.0,0,0
156,0.0,0.07524752475247526,0.11553229422427584,1.0,-0.0,0,0
157,0.0,0.02772277227722772,0.06910862719451544,1.0,-0.0,0,0
158,0.0,0.02772277227722772,0.06910862719451544,1.0,-0.0,0,0
159,0.0,0.05346534653465347,0.09704990696905226,1.0,-0.0,0,0
160,0.0,0.09108910891089109,0.11781762202489916,1.0,-0.0,0,0
161,0.0,0.06336633663366338,0.09721138779115705,1.0,-0.0,0,0
162,0.0,0.06336633663366338,0.09721138779115705,1.0,-0.0,0,0
163,0.0,0.06336633663366338,0.09721138779115705,1.0,-0.0,0,0
164,0.0,0.08712871287128714,0.12401163019288061,1.0,-0.0,0,0
165,0.2,0.2178217821782178,0.20508198776039438,1.0,-0.0,0,0
166,0.4,0.22574257425742572,0.21555981244630934,0.20943167988671718,0.6789576237109146,0,0
167,0.4,0.2554455445544554,0.2218175360782645,0.2573032267308078,0.5895547674523137,0,0
168,0.4,0.2554455445544554,0.2218175360782645,0.2573032267308078,0.5895547674523137,0,0
169,0.4,0.2059405940594059,0.22062996312683836,0.1895462597463271,0.7222847809424137,0,0
170,0.2,0.06930693069306931,0.11057238501634631,0.11860911207080795,0.925881945288305,0,0
171,0.2,0.09108910891089109,0.1335716590419014,0.20742906007312062,0.6831304005732746,0,0
172,0.6,0.15247524752475244,0.15453158823862712,0.0018897123958901256,2.723604288092542,0,0
173,0.6,0.17821782178217818,0.18647536422960084,0.01185285968574021,1.926176856750452,0,0
174,0.6,0.1841584158415841,0.1860121753000773,0.01269026739107512,1.8965292269797631,0,0
175,0.6,0.15247524752475247,0.1848703369027138,0.007744275850267153,2.1110191859017293,0,0
176,0.4,0.12079207920792079,0.16904907699337068,0.04930415936694049,1.3071164414953147,0,0
177,0.0,0.031683168316831684,0.09220155823225994,1.0,-0.0,0,0
178,0.0,0.0059405940594059415,0.033953323167291584,1.0,-0.0,0,0
179,0.0,0.017821782178217824,0.05698017651460656,1.0,-0.0,0,0
180,0.0,0.017821782178217824,0.05698017651460656,1.0,-0.0,0,0
181,0.0,0.017821782178217824,0.05698017651460656,1.0,-0.0,0,0
182,0.0,0.017821782178217824,0.05698017651460656,1.0,-0.0,0,0
183,0.0,0.017821782178217824,0.05698017651460656,1.0,-0.0,0,0
184,0.0,0.0,0.0,1.0,-0.0,0,0
185,0.0,0.0,0.0,1.0,-0.0,0,0
186,0.0,0.0,0.0,1.0,-0.0,0,0
187,0.0,0.0,0.0,1.0,-0.0,0,0
188,0.0,0.0,0.0,1.0,-0.0,0,0
189,0.0,0.0,0.0,1.0,-0.0,0,0
190,0.0,0.0,0.0,1.0,-0.0,0,0
191,0.0,0.0,0.0,1.0,-0.0,0,0
192,0.0,0.0,0.0,1.0,-0.0,0,0
193,0.0,0.0,0.0,1.0,-0.0,0,0
194,0.0,0.0,0.0,1.0,-0.0,0,0
195,0.0,0.0,0.0,1.0,-0.0,0,0
196,0.0,0.0,0.0,1.0,-0.0,0,0
197,0.0,0.0,0.0,1.0,-0.0,0,0
198,0.0,0.0,0.0,1.0,-0.0,0,0
199,0.0,0.0,0.0,1.0,-0.0,0,0
200,0.0,0.02772277227722772,0.06910862719451544,1.0,-0.0,0,0
201,0.0,0.02772277227722772,0.06910862719451544,1.0,-0.0,0,0
202,0.0,0.02772277227722772,0.06910862719451544,1.0,-0.0,0,0
203,0.0,0.033663366336633666,0.07994704648786674,1.0,-0.0,0,0
204,0.0,0.033663366336633666,0.07994704648786674,1.0,-0.0,0,0
205,0.0,0.0059405940594059415,0.03395332316729157,1.0,-0.0,0,0
206,0.0,0.06732673267326733,0.10255055347504201,1.0,-0.0,0,0
207,0.0,0.06732673267326733,0.10255055347504201,1.0,-0.0,0,0
208,0.0,0.0613861386138614,0.10046456153636296,1.0,-0.0,0,0
209,0.0,0.11089108910891088,0.13636075485692528,1.0,-0.0,0,0
210,0.0,0.11089108910891088,0.13636075485692528,1.0,-0.0,0,0
211,0.0,0.07326732673267328,0.10425700262248065,1.0,-0.0,0,0
212,0.0,0.07326732673267328,0.10425700262248065,1.0,-0.0,0,0
213,0.0,0.07326732673267328,0.10425700262248065,1.0,-0.0,0,0
214,0.0,0.023762376237623763,0.07056843438101175,1.0,-0.0,0,0
215,0.0,0.023762376237623763,0.07056843438101175,1.0,-0.0,0,0
216,0.0,0.0,0.0,1.0,-0.0,0,0
217,0.0,0.009900990099009901,0.04338396495090425,1.0,-0.0,0,0
218,0.0,0.009900990099009901,0.04338396495090425,1.0,-0.0,0,0
219,0.0,0.019801980198019806,0.05973506189702319,1.0,-0.0,0,0
220,0.0,0.019801980198019806,0.05973506189702319,1.0,-0.0,0,0
221,0.0,0.05544554455445545,0.09797478714338996,1.0,-0.0,0,0
222,0.0,0.051485148514851496,0.096075322540263,1.0,-0.0,0,0
223,0.0,0.06336633663366337,0.10874875419996817,1.0,-0.0,0,0
224,0.0,0.08118811881188118,0.12325042629382527,1.0,-0.0,0,0
225,0.0,0.10891089108910887,0.14218869759220787,1.0,-0.0,0,0
226,0.0,0.07326732673267328,0.11848138852793338,1.0,-0.0,0,0
227,0.0,0.07920792079207921,0.1292145592164392,1.0,-0.0,0,0
228,0.0,0.12079207920792079,0.1517663861889879,1.0,-0.0,0,0
229,0.0,0.12673267326732673,0.1609938742509136,1.0,-0.0,0,0
230,0.0,0.12277227722772276,0.15662352422404113,1.0,-0.0,0,0
231,0.0,0.15247524752475247,0.16203780234042603,1.0,-0.0,0,0
232,0.0,0.1405940594059406,0.1605548657475207,1.0,-0.0,0,0
233,0.0,0.13366336633663367,0.15432845757147498,1.0,-0.0,0,0
234,0.0,0.09900990099009901,0.12467387119760154,1.0,-0.0,0,0
235,0.0,0.07524752475247526,0.11205191564986228,1.0,-0.0,0,0
236,0.0,0.04752475247524753,0.09397077637785879,1.0,-0.0,0,0
237,0.0,0.04752475247524753,0.09397077637785879,1.0,-0.0,0,0
238,0.0,0.0,0.0,1.0,-0.0,0,0
239,0.0,0.0,0.0,1.0,-0.0,0,0
240,0.0,0.0,0.0,1.0,-0.0,0,0
241,0.0,0.0,0.0,1.0,-0.0,0,0
242,0.0,0.0,0.0,1.0,-0.0,0,0
243,0.0,0.0,0.0,1.0,-0.0,0,0
244,0.0,0.0,0.0,1.0,-0.0,0,0
245,0.0,0.015841584158415842,0.05401260078014202,1.0,-0.0,0,0
246,0.0,0.015841584158415842,0.05401260078014202,1.0,-0.0,0,0
247,0.0,0.015841584158415842,0.05401260078014202,1.0,-0.0,0,0
248,0.0,0.015841584158415842,0.05401260078014202,1.0,-0.0,0,0
249,0.0,0.015841584158415842,0.05401260078014202,1.0,-0.0,0,0
250,0.0,0.0,0.0,1.0,-0.0,0,0
251,0.0,0.007920792079207921,0.03900537743285587,1.0,-0.0,0,0
252,0.0,0.007920792079207921,0.03900537743285587,1.0,-0.0,0,0
253,0.0,0.007920792079207921,0.03900537743285587,1.0,-0.0,0,0
254,0.0,0.0297029702970297,0.08150144802873932,1.0,-0.0,0,0
255,0.0,0.0297029702970297,0.08150144802873932,1.0,-0.0,0,0
256,0.0,0.021782178217821784,0.07393328595086918,1.0,-0.0,0,0
257,0.0,0.021782178217821784,0.07393328595086918,1.0,-0.0,0,0
258,0.0,0.021782178217821784,0.07393328595086918,1.0,-0.0,0,0
259,0.0,0.0,0.0,1.0,-0.0,0,0
260,0.0,0.0,0.0,1.0,-0.0,0,0
261,0.0,0.0,0.0,1.0,-0.0,0,0
262,0.0,0.0,0.0,1.0,-0.0,0,0
263,0.0,0.0,0.0,1.0,-0.0,0,0
264,0.0,0.0,0.0,1.0,-0.0,0,0
265,0.0,0.0,0.0,1.0,-0.0,0,0
266,0.0,0.011881188118811883,0.047276579747775535,1.0,-0.0,0,0
267,0.0,0.049504950495049514,0.09078727434730813,1.0,-0.0,0,0
268,0.0,0.049504950495049514,0.09078727434730813,1.0,-0.0,0,0
269,0.0,0.09900990099009901,0.1367914141716479,1.0,-0.0,0,0
270,0.0,0.12673267326732673,0.139937106883602,1.0,-0.0,0,0
271,0.0,0.15841584158415842,0.16244866773856384,1.0,-0.0,0,0
272,0.0,0.21188118811881188,0.1841690617597849,1.0,-0.0,0,0
273,0.0,0.25544554455445545,0.21455699121713326,1.0,-0.0,1,0
274,0.0,0.2099009900990099,0.20172766196776312,1.0,-0.0,1,0
275,0.0,0.18415841584158413,0.1881292336873445,1.0,-0.0,0,0
276,0.0,0.1465346534653465,0.15642311016341784,1.0,-0.0,0,0
277,0.0,0.05346534653465347,0.09704990696905226,1.0,-0.0,0,0
278,0.0,0.027722772277227727,0.07461957893630407,1.0,-0.0,0,0
279,0.0,0.023762376237623766,0.07056843438101175,1.0,-0.0,0,0
280,0.0,0.047524752475247525,0.09809478080396702,1.0,-0.0,0,0
281,0.0,0.1089108910891089,0.14765427233510695,1.0,-0.0,0,0
282,0.0,0.1089108910891089,0.14765427233510695,1.0,-0.0,0,0
283,0.0,0.09108910891089109,0.12750384183766536,1.0,-0.0,0,0
284,0.0,0.09108910891089109,0.12750384183766536,1.0,-0.0,0,0
285,0.0,0.08910891089108909,0.13042276277287215,1.0,-0.0,0,0
286,0.0,0.02772277227722773,0.07461957893630407,1.0,-0.0,0,0
287,0.0,0.03564356435643565,0.08154954567118416,1.0,-0.0,0,0
288,0.0,0.03564356435643565,0.08154954567118416,1.0,-0.0,0,0
289,0.0,0.03564356435643565,0.08154954567118416,1.0,-0.0,0,0
290,0.0,0.013861386138613863,0.05079507064705211,1.0,-0.0,0,0
291,0.0,0.007920792079207921,0.03900537743285587,1.0,-0.0,0,0
292,0.0,0.0,0.0,1.0,-0.0,0,0
293,0.0,0.0039603960396039604,0.027863855998951068,1.0,-0.0,0,0
294,0.6,0.08712871287128712,0.12077584698595571,1.0858131345815868e-05,4.964244909188164,0,0
295,0.6,0.19603960396039602,0.1845094068165728,0.014284775259807257,1.845126587916405,0,0
296,0.6,0.19603960396039602,0.1845094068165728,0.014284775259807257,1.845126587916405,0,0
297,0.6,0.19603960396039602,0.1845094068165728,0.014284775259807257,1.845126587916405,0,0
298,0.6,0.19207920792079203,0.18438185104134303,0.013470570671531257,1.8706140052980125,0,0
299,0.0,0.15445544554455445,0.17549068547409524,1.0,-0.0,1,0
300,0.0,0.04554455445544555,0.10100951085035129,1.0,-0.0,0,0
301,0.0,0.04554455445544555,0.10100951085035129,1.0,-0.0,0,0
302,0.0,0.04554455445544555,0.10100951085035129,1.0,-0.0,0,0
303,0.0,0.11089108910891086,0.14481192315867106,1.0,-0.0,0,0
304,0.0,0.09900990099009901,0.13386490123687583,1.0,-0.0,0,0
305,0.0,0.12277227722772276,0.15148191286261606,1.0,-0.0,0,0
306,0.0,0.12277227722772276,0.15148191286261606,1.0,-0.0,0,0
307,0.0,0.13267326732673265,0.1496589594272569,1.0,-0.0,0,0
308,0.0,0.08712871287128712,0.127165103825761,1.0,-0.0,0,0
309,0.0,0.05346534653465347,0.09287951999650357,1.0,-0.0,0,0
310,0.0,0.02970297029702971,0.07112192077650681,1.0,-0.0,0,0
311,0.0,0.02970297029702971,0.07112192077650681,1.0,-0.0,0,0
312,0.0,0.023762376237623766,0.06471340450838889,1.0,-0.0,0,0
313,0.0,0.021782178217821784,0.06836703565002801,1.0,-0.0,0,0
314,0.0,0.021782178217821784,0.06836703565002801,1.0,-0.0,0,0
315,0.0,0.097029702970297,0.13383560593042218,1.0,-0.0,0,0
316,0.0,0.19801980198019797,0.18129359046727286,1.0,-0.0,0,0
317,0.0,0.19603960396039596,0.1779535995141463,1.0,-0.0,0,0
318,0.0,0.19207920792079203,0.16867754011126218,1.0,-0.0,0,0
319,0.0,0.20792079207920788,0.17782134115361303,1.0,-0.0,0,0
320,0.0,0.13267326732673265,0.1414975848312859,1.0,-0.0,0,0
321,0.0,0.07326732673267328,0.10798889666879985,1.0,-0.0,0,0
322,0.0,0.07326732673267328,0.10798889666879985,1.0,-0.0,0,0
323,0.0,0.057425742574257435,0.09885135821266286,1.0,-0.0,0,0
324,0.0,0.041584158415841586,0.08116396646304633,1.0,-0.0,0,0
325,0.0,0.041584158415841586,0.08116396646304633,1.0,-0.0,0,0
326,0.0,0.0,0.0,1.0,-0.0,0,0
327,0.0,0.0,0.0,1.0,-0.0,0,0
328,0.2,0.013861386138613863,0.05079507064705212,0.0001239103815936431,3.906892305569439,0,0
329,0.2,0.03564356435643565,0.07653920035678292,0.015882722457572503,1.7990750531077893,0,0
330,0.2,0.03564356435643565,0.07653920035678292,0.015882722457572503,1.7990750531077893,0,0
331,0.2,0.03564356435643565,0.07653920035678292,0.015882722457572503,1.7990750531077893,0,0
332,0.2,0.03564356435643565,0.07653920035678292,0.015882722457572503,1.7990750531077893,0,0
333,0.0,0.033663366336633666,0.07482947971362847,1.0,-0.0,0,0
334,0.0,0.011881188118811881,0.04727657974777554,1.0,-0.0,0,0
335,0.0,0.011881188118811881,0.04727657974777554,1.0,-0.0,0,0
336,0.0,0.011881188118811881,0.04727657974777554,1.0,-0.0,0,0
337,0.0,0.011881188118811881,0.04727657974777554,1.0,-0.0,0,0
338,0.0,0.0,0.0,1.0,-0.0,0,0
339,0.0,0.0,0.0,1.0,-0.0,0,0
340,0.0,0.0,0.0,1.0,-0.0,0,0
341,0.0,0.027722772277227727,0.06910862719451544,1.0,-0.0,0,0
342,0.0,0.039603960396039604,0.08452453849668534,1.0,-0.0,0,0
343,0.0,0.039603960396039604,0.08452453849668534,1.0,-0.0,0,0
344,0.0,0.039603960396039604,0.08452453849668534,1.0,-0.0,0,0
345,0.0,0.0594059405940594,0.09562531855564069,1.0,-0.0,0,0
346,0.0,0.04950495049504951,0.08631483056516186,1.0,-0.0,0,0
347,0.0,0.03762376237623762,0.07816140339006158,1.0,-0.0,0,0
348,0.0,0.03762376237623762,0.07816140339006158,1.0,-0.0,0,0
349,0.0,0.03762376237623762,0.07816140339006158,1.0,-0.0,0,0
350,0.0,0.017821782178217824,0.056980176514606566,1.0,-0.0,0,0
351,0.0,0.13168316831683166,0.1521663323044604,1.0,-0.0,0,0
352,0.2,0.15445544554455443,0.17091758912506996,0.39493830499392524,0.40347074207829303,0,0
353,0.2,0.1603960396039604,0.1712384753198294,0.40854880985290765,0.3887560503103597,0,0
354,0.2,0.2099009900990099,0.19166025556535227,1.0,-0.0,0,0
355,0.2,0.31683168316831684,0.22910471769355642,1.0,-0.0,0,0
356,0.2,0.23366336633663368,0.21630434541657617,1.0,-0.0,0,0
357,0.0,0.21188118811881188,0.20838232603685228,1.0,-0.0,0,0
358,0.0,0.2594059405940594,0.224348658031977,1.0,-0.0,0,0
359,0.0,0.2099009900990099,0.2131819055419687,1.0,-0.0,0,0
360,0.0,0.13267326732673268,0.15989409297573348,1.0,-0.0,0,0
361,0.0,0.08514851485148514,0.1172170185104851,1.0,-0.0,0,0
362,0.0,0.08514851485148514,0.1172170185104851,1.0,-0.0,0,0
363,0.0,0.031683168316831684,0.07826167463512675,1.0,-0.0,0,0
364,0.0,0.031683168316831684,0.07826167463512675,1.0,-0.0,0,0
365,0.0,0.0,0.0,1.0,-0.0,0,0
366,0.0,0.0,0.0,1.0,-0.0,0,0
367,0.0,0.023762376237623766,0.06471340450838889,1.0,-0.0,0,0
368,0.0,0.041584158415841586,0.08116396646304633,1.0,-0.0,0,0
369,0.0,0.041584158415841586,0.08116396646304633,1.0,-0.0,0,0
370,0.0,0.047524752475247525,0.08965727859542,1.0,-0.0,0,0
371,0.0,0.047524752475247525,0.08965727859542,1.0,-0.0,0,0
372,0.0,0.023762376237623766,0.06471340450838887,1.0,-0.0,0,0
373,0.0,0.0059405940594059415,0.03395332316729158,1.0,-0.0,0,0
374,0.0,0.0059405940594059415,0.03395332316729158,1.0,-0.0,0,0
375,0.0,0.0059405940594059415,0.03395332316729158,1.0,-0.0,0,0
376,0.0,0.0059405940594059415,0.03395332316729158,1.0,-0.0,0,0
377,0.0,0.0059405940594059415,0.03395332316729158,1.0,-0.0,0,0
378,0.0,0.013861386138613863,0.05079507064705211,1.0,-0.0,0,0
379,0.0,0.013861386138613863,0.05079507064705211,1.0,-0.0,0,0
380,0.0,0.007920792079207921,0.03900537743285587,1.0,-0.0,0,0
381,0.0,0.007920792079207921,0.03900537743285587,1.0,-0.0,0,0
382,0.0,0.007920792079207921,0.03900537743285587,1.0,-0.0,0,0
383,0.0,0.0,0.0,1.0,-0.0,0,0
384,0.0,0.0,0.0,1.0,-0.0,0,0
385,0.0,0.0,0.0,1.0,-0.0,0,0
386,0.0,0.0,0.0,1.0,-0.0,0,0
387,0.0,0.019801980198019802,0.0597350618970232,1.0,-0.0,0,0
388,0.0,0.019801980198019802,0.0597350618970232,1.0,-0.0,0,0
389,0.0,0.025742574257425745,0.0669763743575753,1.0,-0.0,0,0
390,0.0,0.025742574257425745,0.0669763743575753,1.0,-0.0,0,0
391,0.0,0.025742574257425745,0.0669763743575753,1.0,-0.0,0,0
392,0.0,0.0059405940594059415,0.03395332316729158,1.0,-0.0,0,0
393,0.0,0.0059405940594059415,0.03395332316729158,1.0,-0.0,0,0
394,0.0,0.0,0.0,1.0,-0.0,0,0
395,0.0,0.03564356435643565,0.07653920035678292,1.0,-0.0,0,0
396,0.0,0.03564356435643565,0.07653920035678292,1.0,-0.0,0,0
397,0.0,0.03564356435643565,0.07653920035678292,1.0,-0.0,0,0
398,0.0,0.03564356435643565,0.07653920035678292,1.0,-0.0,0,0
399,0.0,0.03564356435643565,0.07653920035678292,1.0,-0.0,0,0
400,0.0,0.0,0.0,1.0,-0.0,0,0
401,0.0,0.0,0.0,1.0,-0.0,0,0
402,0.0,0.0,0.0,1.0,-0.0,0,0
403,0.0,0.0039603960396039604,0.027863855998951068,1.0,-0.0,0,0
404,0.0,0.0039603960396039604,0.027863855998951068,1.0,-0.0,0,0
405,0.0,0.0039603960396039604,0.027863855998951068,1.0,-0.0,0,0
406,0.0,0.0039603960396039604,0.027863855998951068,1.0,-0.0,0,0
407,0.0,0.0039603960396039604,0.027863855998951068,1.0,-0.0,0,0
408,0.0,0.0,0.0,1.0,-0.0,0,0
409,0.0,0.0,0.0,1.0,-0.0,0,0
410,0.0,0.0,0.0,1.0,-0.0,0,0
411,0.0,0.0,0.0,1.0,-0.0,0,0
412,0.0,0.0059405940594059415,0.033953323167291584,1.0,-0.0,0,0
413,0.2,0.04356435643564357,0.08721867542790195,0.036438310127516485,1.438441772185106,0,0
414,0.2,0.04356435643564357,0.08721867542790195,0.036438310127516485,1.438441772185106,0,0
415,0.2,0.04356435643564357,0.08721867542790195,0.036438310127516485,1.438441772185106,0,0
416,0.2,0.04356435643564357,0.08721867542790195,0.036438310127516485,1.438441772185106,0,0
417,0.2,0.03762376237623762,0.07816140339006158,0.01888012292982573,1.723995182306426,0,0
418,0.0,0.0,0.0,1.0,-0.0,0,0
419,0.0,0.0,0.0,1.0,-0.0,0,0
420,0.0,0.19801980198019797,0.1856112183041662,1.0,-0.0,0,0
421,0.0,0.22970297029702966,0.1853786889262329,1.0,-0.0,0,43
422,0.0,0.22970297029702966,0.1853786889262329,1.0,-0.0,0,0
423,0.0,0.27722772277227725,0.2179477583506235,1.0,-0.0,0,0
424,0.0,0.27722772277227725,0.2179477583506235,1.0,-0.0,0,0
425,0.0,0.07920792079207921,0.1292145592164392,1.0,-0.0,0,0
426,0.0,0.23960396039603962,0.20298720045527924,1.0,-0.0,0,0
427,0.0,0.27128712871287125,0.21356782198356852,1.0,-0.0,0,0
428,0.0,0.2653465346534653,0.24713632890016152,1.0,-0.0,0,0
429,0.0,0.2653465346534653,0.24713632890016152,1.0,-0.0,0,0
430,0.0,0.2653465346534653,0.24713632890016152,1.0,-0.0,0,0
431,0.0,0.07326732673267328,0.13117223890438964,1.0,-0.0,0,0
432,0.0,0.041584158415841586,0.0946774898050053,1.0,-0.0,0,0
433,0.0,0.0,0.0,1.0,-0.0,0,0
434,0.0,0.023762376237623766,0.06471340450838887,1.0,-0.0,0,0
435,0.0,0.023762376237623766,0.06471340450838887,1.0,-0.0,0,0
436,0.0,0.023762376237623766,0.06471340450838887,1.0,-0.0,0,0
437,0.0,0.05742574257425742,0.09885135821266285,1.0,-0.0,0,0
438,0.0,0.06336633663366337,0.10504385908811757,1.0,-0.0,0,0
439,0.0,0.039603960396039604,0.08452453849668534,1.0,-0.0,0,0
440,0.0,0.039603960396039604,0.08452453849668534,1.0,-0.0,0,0
441,0.0,0.11287128712871286,0.1577461090428074,1.0,-0.0,0,0
442,0.0,0.10297029702970295,0.14789308791950767,1.0,-0.0,0,0
443,0.0,0.09702970297029702,0.14243667729389659,1.0,-0.0,0,0
444,0.0,0.10495049504950493,0.14784005112815915,1.0,-0.0,0,0
445,0.0,0.10495049504950493,0.14784005112815915,1.0,-0.0,0,0
446,0.0,0.031683168316831684,0.07826167463512675,1.0,-0.0,0,0
447,0.0,0.007920792079207921,0.03900537743285587,1.0,-0.0,0,0
448,0.0,0.007920792079207921,0.03900537743285587,1.0,-0.0,0,0
449,0.0,0.015841584158415842,0.05401260078014202,1.0,-0.0,0,0
450,0.0,0.015841584158415842,0.05401260078014202,1.0,-0.0,0,0
451,0.0,0.015841584158415842,0.05401260078014202,1.0,-0.0,0,0
452,0.0,0.015841584158415842,0.05401260078014202,1.0,-0.0,0,0
453,0.0,0.015841584158415842,0.05401260078014202,1.0,-0.0,0,0
454,0.0,0.0,0.0,1.0,-0.0,0,0
455,0.0,0.0,0.0,1.0,-0.0,0,0
456,0.0,0.0,0.0,1.0,-0.0,0,0
457,0.0,0.0,0.0,1.0,-0.0,0,0
458,0.0,0.0,0.0,1.0,-0.0,0,0
459,0.0,0.0,0.0,1.0,-0.0,0,0
460,0.0,0.0,0.0,1.0,-0.0,0,0
461,0.0,0.0,0.0,1.0,-0.0,0,0
462,0.0,0.0,0.0,1.0,-0.0,0,0
463,0.2,0.019801980198019802,0.0597350618970232,0.0012780474741147156,2.893453013655617,0,0
464,0.2,0.019801980198019802,0.0597350618970232,0.0012780474741147156,2.893453013655617,0,0
465,0.2,0.019801980198019802,0.0597350618970232,0.0012780474741147156,2.893453013655617,0,0
466,0.2,0.019801980198019802,0.0597350618970232,0.0012780474741147156,2.893453013655617,0,0
467,0.2,0.019801980198019802,0.0597350618970232,0.0012780474741147156,2.893453013655617,0,0
468,0.0,0.0,0.0,1.0,-0.0,0,0
469,0.0,0.017821782178217824,0.05698017651460657,1.0,-0.0,0,0
470,0.0,0.017821782178217824,0.05698017651460657,1.0,-0.0,0,0
471,0.0,0.021782178217821788,0.062305476128919894,1.0,-0.0,0,0
472,0.0,0.021782178217821788,0.062305476128919894,1.0,-0.0,0,0
473,0.0,0.025742574257425745,0.07264925278354116,1.0,-0.0,0,0
474,0.0,0.007920792079207921,0.03900537743285587,1.0,-0.0,0,0
475,0.0,0.007920792079207921,0.03900537743285587,1.0,-0.0,0,0
476,0.0,0.0039603960396039604,0.027863855998951064,1.0,-0.0,0,0
477,0.0,0.0039603960396039604,0.027863855998951064,1.0,-0.0,0,0
478,0.0,0.0,0.0,1.0,-0.0,0,0
479,0.0,0.0,0.0,1.0,-0.0,0,0
480,0.0,0.017821782178217824,0.0635517090529949,1.0,-0.0,0,0
481,0.0,0.017821782178217824,0.0635517090529949,1.0,-0.0,0,0
482,0.0,0.04356435643564357,0.09164702150816742,1.0,-0.0,0,0
483,0.0,0.04950495049504951,0.09504950495049506,1.0,-0.0,0,0
484,0.0,0.04950495049504951,0.09504950495049506,1.0,-0.0,0,0
485,0.2,0.051485148514851496,0.10399339410297728,0.07662893002971202,1.1156072384578777,0,0
486,0.2,0.051485148514851496,0.10399339410297728,0.07662893002971202,1.1156072384578777,0,0
487,0.2,0.10693069306930691,0.14776046024695155,0.26439109241746167,0.5777531807261466,0,0
488,0.2,0.10099009900990098,0.14521752172118102,0.2476814172531363,0.6061065759218802,0,0
489,0.4,0.18217821782178217,0.18476425418501982,0.11921554710631722,0.9236671038055767,0,0
490,0.2,0.1782178217821782,0.17096346688435152,0.44930859232416187,0.3474552761247812,0,0
491,0.2,0.2178217821782178,0.1931479910747968,1.0,-0.0,0,0
492,0.2,0.13465346534653466,0.17144444215376922,0.35154492331832,0.45401916935644543,0,0
493,0.2,0.18415841584158418,0.19434208548729184,0.46751662972876484,0.3302029365112741,0,0
494,0.0,0.11287128712871287,0.15521519162190436,1.0,-0.0,0,0
495,0.0,0.21188118811881188,0.19257871154715578,1.0,-0.0,0,0
496,0.0,0.18613861386138608,0.17633771771004506,1.0,-0.0,0,0
497,0.0,0.18613861386138608,0.17633771771004506,1.0,-0.0,0,0
498,0.0,0.16435643564356434,0.1875238115128985,1.0,-0.0,0,0
499,0.0,0.1762376237623762,0.18516704518908453,1.0,-0.0,0,0
500,0.0,0.09504950495049505,0.13078304733432375,1.0,-0.0,0,0
501,0.0,0.08118811881188118,0.11664694237642095,1.0,-0.0,0,0
502,0.0,0.08118811881188118,0.11664694237642095,1.0,-0.0,0,0
503,0.0,0.12673267326732673,0.15083338726765974,1.0,-0.0,0,0
504,0.0,0.15445544554455443,0.15124876399151135,1.0,-0.0,0,0
505,0.0,0.1287128712871287,0.1423540653909816,1.0,-0.0,0,0
506,0.0,0.1287128712871287,0.1423540653909816,1.0,-0.0,0,0
507,0.0,0.1564356435643564,0.1505211024869694,1.0,-0.0,0,0
508,0.0,0.08316831683168316,0.11694909354640316,1.0,-0.0,0,0
509,0.0,0.03564356435643565,0.07653920035678292,1.0,-0.0,1,0
510,0.0,0.1564356435643564,0.16314716771521565,1.0,-0.0,0,0
511,0.0,0.23564356435643566,0.20947088382745171,1.0,-0.0,0,0
512,0.0,0.20792079207920788,0.20279393448700367,1.0,-0.0,0,0
513,0.0,0.20792079207920788,0.20279393448700367,1.0,-0.0,0,0
514,0.0,0.20792079207920788,0.20279393448700367,1.0,-0.0,0,0
515,0.0,0.07920792079207921,0.1261123431927973,1.0,-0.0,0,0
516,0.0,0.009900990099009901,0.04338396495090424,1.0,-0.0,0,0
517,0.0,0.023762376237623766,0.06471340450838889,1.0,-0.0,0,0
