,foreground,bg_means,bg_stdev,pvals,minus_logs,regs,active
2,0.0,0.019801980198019802,0.0597350618970232,1.0,-0.0,0,0
3,0.0,0.015841584158415842,0.05401260078014202,1.0,-0.0,0,0
4,0.0,0.015841584158415842,0.05401260078014202,1.0,-0.0,0,0
5,0.0,0.015841584158415842,0.05401260078014202,1.0,-0.0,0,0
6,0.0,0.015841584158415842,0.05401260078014202,1.0,-0.0,0,0
7,0.0,0.015841584158415842,0.05401260078014202,1.0,-0.0,0,0
8,0.0,0.0613861386138614,0.1185475607690754,1.0,-0.0,0,0
9,0.0,0.07524752475247526,0.1253951698929708,1.0,-0.0,0,0
10,0.0,0.07524752475247526,0.1253951698929708,1.0,-0.0,0,0
11,0.0,0.07524752475247526,0.1253951698929708,1.0,-0.0,0,0
12,0.0,0.11485148514851484,0.16006566636008887,1.0,-0.0,0,0
13,0.0,0.0613861386138614,0.11515834731523734,1.0,-0.0,0,0
14,0.0,0.04752475247524753,0.09397077637785879,1.0,-0.0,0,0
15,0.0,0.04752475247524753,0.09397077637785879,1.0,-0.0,0,0
16,0.0,0.04752475247524753,0.09397077637785879,1.0,-0.0,0,0
17,0.0,0.025742574257425745,0.0669763743575753,1.0,-0.0,0,0
18,0.0,0.02772277227722772,0.06910862719451544,1.0,-0.0,0,0
19,0.0,0.02772277227722772,0.06910862719451544,1.0,-0.0,0,0
20,0.0,0.02772277227722772,0.06910862719451544,1.0,-0.0,0,0
21,0.0,0.09504950495049506,0.1277189346265117,1.0,-0.0,0,0
22,0.0,0.10891089108910891,0.13357165904190144,1.0,-0.0,0,0
23,0.2,0.31881188118811876,0.24402275144988836,1.0,-0.0,0,0
24,0.2,0.31881188118811876,0.24402275144988836,1.0,-0.0,0,0
25,0.2,0.31881188118811876,0.24402275144988836,1.0,-0.0,0,0
26,0.2,0.2514851485148515,0.22804110337598868,1.0,-0.0,0,0
27,0.4,0.39999999999999997,0.2814390178921167,0.49999999999999994,0.30102999566398125,0,0
28,0.2,0.1801980198019802,0.1919260387558563,0.45891201750465016,0.3382705693098763,0,0
29,0.2,0.19405940594059404,0.19182385803267066,0.4876471290338601,0.31189432829925867,0,0
30,0.2,0.19405940594059404,0.19182385803267066,0.4876471290338601,0.31189432829925867,0,0
31,0.2,0.21782178217821782,0.20508198776039438,1.0,-0.0,0,0
32,0.0,0.04950495049504951,0.09504950495049506,1.0,-0.0,0,0
33,0.0,0.06930693069306931,0.12407485305204392,1.0,-0.0,0,0
34,0.0,0.05544554455445545,0.10943169805661862,1.0,-0.0,0,0
35,0.0,0.05544554455445545,0.10943169805661862,1.0,-0.0,0,0
36,0.0,0.08316831683168316,0.11351216354824961,1.0,-0.0,0,0
37,0.0,0.0712871287128713,0.10372911567294095,1.0,-0.0,0,0
38,0.0,0.051485148514851496,0.096075322540263,1.0,-0.0,0,0
39,0.0,0.07524752475247526,0.10845991237726066,1.0,-0.0,0,0
40,0.0,0.07524752475247526,0.10845991237726066,1.0,-0.0,0,0
41,0.0,0.023762376237623766,0.06471340450838889,1.0,-0.0,0,0
42,0.0,0.023762376237623766,0.06471340450838889,1.0,-0.0,0,0
43,0.0,0.023762376237623766,0.06471340450838889,1.0,-0.0,0,0
44,0.0,0.0,0.0,1.0,-0.0,0,0
45,0.0,0.0,0.0,1.0,-0.0,0,0
46,0.2,0.06336633663366337,0.1158034971660471,0.11902494631501422,0.9243620057374958,0,0
47,0.2,0.0891089108910891,0.13923481846532232,0.21289044200289597,0.6718438363474027,0,0
48,0.2,0.0891089108910891,0.13923481846532232,0.21289044200289597,0.6718438363474027,0,0
49,0.2,0.0891089108910891,0.13923481846532232,0.21289044200289597,0.6718438363474027,0,0
50,0.2,0.0891089108910891,0.13923481846532232,0.21289044200289597,0.6718438363474027,0,0
51,0.0,0.041584158415841586,0.09039772047931349,1.0,-0.0,0,0
52,0.0,0.057425742574257435,0.10277971700879983,1.0,-0.0,0,0
53,0.0,0.06336633663366338,0.10504385908811757,1.0,-0.0,0,0
54,0.0,0.07326732673267328,0.11509022642946842,1.0,-0.0,0,0
55,0.0,0.07326732673267328,0.11509022642946842,1.0,-0.0,0,0
56,0.0,0.07920792079207921,0.1292145592164392,1.0,-0.0,0,0
57,0.0,0.04752475247524753,0.08965727859541997,1.0,-0.0,0,0
58,0.0,0.041584158415841586,0.08590499787518362,1.0,-0.0,0,0
59,0.0,0.031683168316831684,0.07826167463512676,1.0,-0.0,0,0
60,0.0,0.03564356435643565,0.08626938974571075,1.0,-0.0,0,0
61,0.0,0.01386138613861386,0.05079507064705211,1.0,-0.0,0,0
62,0.0,0.0039603960396039604,0.027863855998951068,1.0,-0.0,0,0
63,0.0,0.0039603960396039604,0.027863855998951068,1.0,-0.0,0,0
64,0.0,0.0039603960396039604,0.027863855998951068,1.0,-0.0,0,0
65,0.0,0.0,0.0,1.0,-0.0,0,0
66,0.0,0.0,0.0,1.0,-0.0,0,0
67,0.0,0.0,0.0,1.0,-0.0,0,0
68,0.0,0.0,0.0,1.0,-0.0,0,0
69,0.0,0.0,0.0,1.0,-0.0,0,0
70,0.0,0.0,0.0,1.0,-0.0,0,0
71,0.0,0.06534653465346535,0.11976515267356391,1.0,-0.0,0,0
72,0.2,0.13663366336633664,0.17333237817044833,0.3573403575499645,0.446917932380057,0,0
73,0.2,0.14653465346534655,0.1821566926586159,0.384565054792983,0.4150301823962805,0,0
74,0.2,0.14653465346534655,0.1821566926586159,0.384565054792983,0.4150301823962805,0,0
75,0.2,0.37623762376237624,0.2804340747263442,1.0,-0.0,0,0
76,0.2,0.30891089108910896,0.2602736602082813,1.0,-0.0,0,0
77,0.0,0.2376237623762376,0.23159006337740717,1.0,-0.0,0,0
78,0.0,0.22772277227722773,0.22869358283073454,1.0,-0.0,0,0
79,0.0,0.22772277227722773,0.22869358283073454,1.0,-0.0,0,0
80,0.0,0.025742574257425748,0.0669763743575753,1.0,-0.0,0,0
81,0.0,0.04356435643564357,0.08255312311158745,1.0,-0.0,0,0
82,0.0,0.10099009900990098,0.13386490123687583,1.0,-0.0,0,0
83,0.0,0.1504950495049505,0.16981280455064035,1.0,-0.0,0,0
84,0.0,0.18019801980198022,0.18563234289517566,1.0,-0.0,0,0
85,0.2,0.17821782178217818,0.18858722298311487,0.4540236664335856,0.3429215085225719,0,0
86,0.2,0.1603960396039604,0.17353585980361697,0.40973848838876054,0.3874932390984468,0,0
87,0.2,0.10099009900990097,0.13965661530697393,0.2391769893682686,0.621280605081162,0,0
88,0.2,0.13366336633663367,0.1517405470151922,0.33099350969648555,0.48018052202681105,0,0
89,0.2,0.10297029702970295,0.13383560593042218,0.23422856230353267,0.6303601472889672,0,0
90,0.0,0.1603960396039604,0.15674865288842216,1.0,-0.0,0,0
91,0.0,0.23366336633663365,0.19308707712077475,1.0,-0.0,0,0
92,0.0,0.38019801980198026,0.23123422696229703,1.0,-0.0,0,0
93,0.0,0.29900990099009905,0.20800564039617736,1.0,-0.0,0,0
94,0.0,0.29900990099009905,0.20800564039617736,1.0,-0.0,0,0
95,0.0,0.2198019801980198,0.19192603875585632,1.0,-0.0,0,0
96,0.0,0.3524752475247525,0.2566324410189689,1.0,-0.0,0,0
97,0.0,0.43762376237623757,0.2907319152828982,1.0,-0.0,0,0
98,0.0,0.4811881188118812,0.30465460764256835,1.0,-0.0,0,0
99,0.0,0.49504950495049505,0.315405204608,1.0,-0.0,0,0
100,0.0,0.49504950495049505,0.315405204608,1.0,-0.0,0,0
101,0.0,0.28910891089108914,0.25089976307026446,1.0,-0.0,0,0
102,0.0,0.16237623762376235,0.16581719933036293,1.0,-0.0,0,0
103,0.0,0.1168316831683168,0.1442421691205886,1.0,-0.0,0,0
104,0.0,0.16831683168316833,0.17057311261273686,1.0,-0.0,0,0
105,0.0,0.16831683168316833,0.17057311261273686,1.0,-0.0,0,0
106,0.0,0.1841584158415841,0.1772913210740546,1.0,-0.0,0,0
107,0.0,0.09702970297029703,0.13383560593042218,1.0,-0.0,0,0
108,0.0,0.09702970297029703,0.13383560593042218,1.0,-0.0,0,0
109,0.0,0.04554455445544555,0.09283729243351321,1.0,-0.0,0,0
110,0.0,0.04554455445544555,0.09283729243351321,1.0,-0.0,0,0
111,0.0,0.14059405940594055,0.15554326246855826,1.0,-0.0,0,0
112,0.0,0.12079207920792076,0.14913402284168503,1.0,-0.0,0,0
113,0.0,0.12079207920792076,0.14913402284168503,1.0,-0.0,0,0
114,0.0,0.1089108910891089,0.13650445892763632,1.0,-0.0,0,0
115,0.0,0.17227722772277226,0.17806373977319878,1.0,-0.0,0,0
116,0.0,0.0613861386138614,0.10806149425459212,1.0,-0.0,0,0
117,0.0,0.0613861386138614,0.10806149425459212,1.0,-0.0,0,0
118,0.0,0.08316831683168316,0.12978985828256587,1.0,-0.0,0,0
119,0.0,0.08316831683168316,0.12978985828256587,1.0,-0.0,0,0
120,0.0,0.021782178217821784,0.068367035650028,1.0,-0.0,0,0
121,0.0,0.021782178217821784,0.068367035650028,1.0,-0.0,0,0
122,0.0,0.021782178217821784,0.068367035650028,1.0,-0.0,0,0
123,0.0,0.0,0.0,1.0,-0.0,0,0
124,0.0,0.01386138613861386,0.05079507064705211,1.0,-0.0,0,0
125,0.0,0.01386138613861386,0.05079507064705211,1.0,-0.0,0,0
126,0.0,0.01386138613861386,0.05079507064705211,1.0,-0.0,0,0
127,0.0,0.015841584158415842,0.05401260078014202,1.0,-0.0,0,0
128,0.0,0.033663366336633666,0.07994704648786674,1.0,-0.0,0,0
129,0.0,0.019801980198019802,0.059735061897023205,1.0,-0.0,0,0
130,0.0,0.019801980198019802,0.059735061897023205,1.0,-0.0,0,0
131,0.0,0.019801980198019802,0.059735061897023205,1.0,-0.0,0,0
132,0.0,0.017821782178217824,0.05698017651460656,1.0,-0.0,0,0
133,0.0,0.0,0.0,1.0,-0.0,0,0
134,0.0,0.0,0.0,1.0,-0.0,0,0
135,0.0,0.0,0.0,1.0,-0.0,0,0
136,0.0,0.0,0.0,1.0,-0.0,0,0
137,0.0,0.0,0.0,1.0,-0.0,0,0
138,0.0,0.033663366336633666,0.07482947971362845,1.0,-0.0,0,0
139,0.0,0.033663366336633666,0.07482947971362845,1.0,-0.0,0,0
140,0.0,0.06732673267326733,0.1135467024699521,1.0,-0.0,0,0
141,0.0,0.06732673267326733,0.1135467024699521,1.0,-0.0,0,0
142,0.0,0.06732673267326733,0.1135467024699521,1.0,-0.0,0,0
143,0.0,0.12475247524752472,0.17315130486098354,1.0,-0.0,0,0
144,0.0,0.15445544554455443,0.18213516495155513,1.0,-0.0,0,0
145,0.0,0.11881188118811879,0.1669249379461988,1.0,-0.0,0,0
146,0.0,0.11881188118811879,0.1669249379461988,1.0,-0.0,0,0
147,0.0,0.11881188118811879,0.1669249379461988,1.0,-0.0,0,0
148,0.0,0.027722772277227727,0.06910862719451544,1.0,-0.0,0,0
149,0.0,0.0,0.0,1.0,-0.0,0,0
150,0.0,0.0,0.0,1.0,-0.0,0,0
151,0.0,0.0,0.0,1.0,-0.0,0,0
152,0.0,0.0,0.0,1.0,-0.0,0,0
153,0.0,0.12475247524752472,0.15632280678012314,1.0,-0.0,0,0
154,0.0,0.12475247524752472,0.15632280678012314,1.0,-0.0,0,0
155,0.0,0.30495049504950494,0.22266444034646488,1.0,-0.0,0,0
156,0.0,0.30495049504950494,0.22266444034646488,1.0,-0.0,0,0
157,0.0,0.36831683168316837,0.26510998766225047,1.0,-0.0,0,0
158,0.0,0.24158415841584158,0.22038100524277598,1.0,-0.0,0,0
159,0.0,0.24158415841584158,0.22038100524277598,1.0,-0.0,0,0
160,0.0,0.06336633663366337,0.12245247393061628,1.0,-0.0,0,0
161,0.0,0.06336633663366337,0.12245247393061628,1.0,-0.0,0,0
162,0.0,0.02772277227722772,0.06910862719451544,1.0,-0.0,0,0
163,0.0,0.1386138613861386,0.16348330645980425,1.0,-0.0,0,0
164,0.0,0.26930693069306927,0.24117803877552588,1.0,-0.0,0,0
165,0.0,0.26930693069306927,0.24117803877552588,1.0,-0.0,0,0
166,0.0,0.26930693069306927,0.24117803877552588,1.0,-0.0,0,0
167,0.0,0.29306930693069305,0.2633588921749908,1.0,-0.0,0,0
168,0.0,0.18415841584158413,0.20232934296150185,1.0,-0.0,0,0
169,0.0,0.08118811881188118,0.12951766673875514,1.0,-0.0,0,0
170,0.4,0.2475247524752475,0.21644932153567853,0.24057985102011098,0.6187407483893999,0,0
171,0.4,0.2475247524752475,0.21644932153567853,0.24057985102011098,0.6187407483893999,0,0
172,0.4,0.19603960396039602,0.19494644711665693,0.14772556337271753,0.8305443451005659,0,0
173,0.4,0.19603960396039602,0.19494644711665693,0.14772556337271753,0.8305443451005659,0,0
174,0.4,0.1861386138613861,0.18933427036517264,0.1293342128854179,0.8882865756461922,0,0
175,0.2,0.03564356435643565,0.07653920035678292,0.015882722457572503,1.7990750531077893,0,0
176,0.2,0.03564356435643565,0.07653920035678292,0.015882722457572503,1.7990750531077893,0,0
177,0.2,0.07128712871287128,0.11801714396634724,0.13771817209143733,0.8610087502417649,0,0
178,0.2,0.07722772277227723,0.12576985749069639,0.16449106805243696,0.7838576794821273,0,0
179,0.2,0.12871287128712872,0.13954426081146826,0.30472568102916353,0.5160909436792885,0,0
180,0.0,0.12475247524752475,0.1345369326848557,1.0,-0.0,0,0
181,0.0,0.13267326732673265,0.13867042693078493,1.0,-0.0,0,0
182,0.0,0.1465346534653465,0.15893479355105833,1.0,-0.0,0,0
183,0.0,0.14059405940594055,0.15036471688371983,1.0,-0.0,0,0
184,0.0,0.07722772277227724,0.1257698574906964,1.0,-0.0,0,0
185,0.0,0.2099009900990099,0.15253952611937233,1.0,-0.0,0,0
186,0.0,0.20198019801980197,0.15284768709230032,1.0,-0.0,0,0
187,0.0,0.2475247524752475,0.19528808849012488,1.0,-0.0,0,0
188,0.0,0.2475247524752475,0.19528808849012488,1.0,-0.0,0,0
189,0.0,0.2891089108910891,0.20962058610407475,1.0,-0.0,0,0
190,0.0,0.1465346534653465,0.15127468716660816,1.0,-0.0,0,0
191,0.0,0.1465346534653465,0.15127468716660816,1.0,-0.0,0,0
192,0.0,0.049504950495049514,0.09912864166957489,1.0,-0.0,0,0
193,0.0,0.049504950495049514,0.09912864166957489,1.0,-0.0,0,0
194,0.0,0.0,0.0,1.0,-0.0,0,0
195,0.0,0.0811881188118812,0.12642288870900886,1.0,-0.0,0,0
196,0.0,0.0811881188118812,0.12642288870900886,1.0,-0.0,0,0
197,0.0,0.17821782178217818,0.19478546736408614,1.0,-0.0,0,0
198,0.0,0.17821782178217818,0.19478546736408614,1.0,-0.0,0,0
199,0.0,0.17821782178217818,0.19478546736408614,1.0,-0.0,0,0
200,0.0,0.38217821782178224,0.23563524404979827,1.0,-0.0,0,0
201,0.0,0.38217821782178224,0.23563524404979827,1.0,-0.0,0,0
202,0.0,0.2851485148514852,0.2186303624135528,1.0,-0.0,0,0
203,0.0,0.2851485148514852,0.2186303624135528,1.0,-0.0,0,0
204,0.0,0.2851485148514852,0.2186303624135528,1.0,-0.0,0,0
205,0.0,0.0,0.0,1.0,-0.0,0,0
206,0.0,0.0,0.0,1.0,-0.0,0,0
207,0.0,0.0,0.0,1.0,-0.0,0,0
208,0.0,0.0,0.0,1.0,-0.0,0,0
209,0.0,0.0,0.0,1.0,-0.0,0,0
210,0.0,0.0,0.0,1.0,-0.0,0,0
211,0.0,0.05346534653465347,0.10860442931328385,1.0,-0.0,0,0
212,0.0,0.05346534653465347,0.10860442931328385,1.0,-0.0,0,0
213,0.0,0.05346534653465347,0.10860442931328385,1.0,-0.0,0,0
214,0.0,0.06732673267326733,0.11698261772468856,1.0,-0.0,0,0
215,0.0,0.09504950495049505,0.1531040140996254,1.0,-0.0,0,0
216,0.0,0.05346534653465347,0.10489443673781407,1.0,-0.0,0,0
217,0.0,0.05346534653465347,0.10489443673781407,1.0,-0.0,0,0
218,0.0,0.05346534653465347,0.10489443673781407,1.0,-0.0,0,0
219,0.0,0.04752475247524753,0.09397077637785879,1.0,-0.0,0,0
220,0.0,0.019801980198019802,0.059735061897023205,1.0,-0.0,0,0
221,0.0,0.023762376237623766,0.06471340450838887,1.0,-0.0,0,0
222,0.0,0.023762376237623766,0.06471340450838887,1.0,-0.0,0,0
223,0.0,0.049504950495049514,0.09078727434730813,1.0,-0.0,0,0
224,0.0,0.041584158415841586,0.08590499787518362,1.0,-0.0,0,0
225,0.2,0.06732673267326733,0.102550553475042,0.09787844017657178,1.009312960326638,0,0
226,0.4,0.07722772277227724,0.12258049537063101,0.004229905136374432,2.373669372391174,0,0
227,0.4,0.12079207920792079,0.15435386352400063,0.035234670996593775,1.4530297793683857,0,0
228,0.4,0.09504950495049505,0.13377699607171914,0.011317385673310372,1.946253883994294,0,0
229,0.4,0.14356435643564355,0.17143300604381725,0.06734821278959019,1.1716739246019832,0,0
230,0.4,0.20198019801980194,0.19598959258073068,0.15616171893740738,0.8064254191899213,0,0
231,0.4,0.29504950495049503,0.231386795289637,0.3250685741125373,0.48802501373735463,0,0
232,0.6,0.29504950495049503,0.231386795289637,0.09376433968007826,1.0279623004781184,0,0
233,0.6,0.30495049504950494,0.23813476408557308,0.10767233517289444,0.967895867965906,0,0
234,1.6,0.3267326732673267,0.24000457467129802,5.628111738765329e-08,7.249637288805261,0,0
235,1.4,0.24158415841584158,0.20932107448676,1.5636373380301863e-08,7.805863967616315,0,0
236,1.2,0.12178217821782175,0.14597162371470981,7.538819531368054e-14,13.12269665295638,0,0
237,1.0,0.07722772277227724,0.11930590361498672,5.2002521685954194e-15,14.283975596216322,0,0
238,1.0,0.06732673267326733,0.1135467024699521,1.1696466331674409e-16,15.931945324959095,0,0
239,0.0,0.0,0.0,1.0,-0.0,0,0
240,0.0,0.0,0.0,1.0,-0.0,0,0
241,0.0,0.009900990099009901,0.04338396495090425,1.0,-0.0,0,0
242,0.0,0.009900990099009901,0.04338396495090425,1.0,-0.0,0,0
243,0.0,0.025742574257425745,0.07791016068477624,1.0,-0.0,0,0
244,0.0,0.025742574257425745,0.07791016068477624,1.0,-0.0,0,0
245,0.0,0.025742574257425745,0.07791016068477624,1.0,-0.0,0,0
246,0.0,0.02772277227722772,0.07461957893630407,1.0,-0.0,0,0
247,0.0,0.05346534653465347,0.10104832334394512,1.0,-0.0,0,0
248,0.0,0.03762376237623762,0.08307396817189318,1.0,-0.0,0,0
249,0.2,0.05346534653465347,0.09704990696905226,0.0655357875709919,1.1835214771048093,0,0
250,0.2,0.05346534653465347,0.09704990696905226,0.0655357875709919,1.1835214771048093,0,0
251,0.4,0.04950495049504951,0.09504950495049506,0.00011323404682251737,3.946022971345902,0,0
252,0.4,0.03564356435643565,0.07653920035678292,9.660966320372894e-07,6.014979431905753,0,0
253,0.6,0.05544554455445544,0.09384550979067553,3.263372585245463e-09,8.486333339182208,0,0
254,0.4,0.05544554455445545,0.09797478714338996,0.00021841889085960997,3.660709802591431,0,0
255,0.6,0.06732673267326733,0.11000352009767247,6.416293528234783e-07,6.1927157764606875,0,0
256,0.4,0.0594059405940594,0.09968089464279778,0.00031675793673436925,3.4992724945605187,0,0
257,0.4,0.04752475247524753,0.08965727859541996,4.223293025907392e-05,4.374348784755606,0,0
258,0.2,0.02772277227722772,0.07461957893630407,0.010478998804251384,1.9796802091996195,0,0
259,0.6,0.041584158415841586,0.08116396646304633,2.990632169235851e-12,11.524236999437662,0,0
260,0.6,0.04950495049504951,0.09504950495049506,3.4845676883567903e-09,8.457851094813384,0,0
261,0.6,0.04950495049504951,0.09504950495049506,3.4845676883567903e-09,8.457851094813384,0,0
262,0.6,0.04950495049504951,0.09504950495049506,3.4845676883567903e-09,8.457851094813384,0,0
263,0.6,0.04950495049504951,0.09504950495049506,3.4845676883567903e-09,8.457851094813384,0,0
264,0.2,0.019801980198019802,0.059735061897023205,0.001278047474114718,2.8934530136556162,0,0
265,0.0,0.0,0.0,1.0,-0.0,0,0
266,0.0,0.011881188118811883,0.047276579747775535,1.0,-0.0,0,0
267,0.0,0.011881188118811883,0.047276579747775535,1.0,-0.0,0,0
268,0.0,0.011881188118811883,0.047276579747775535,1.0,-0.0,0,0
269,0.0,0.011881188118811883,0.047276579747775535,1.0,-0.0,0,0
270,0.2,0.039603960396039604,0.07970143286137867,0.022085672454221338,1.6558893730090938,0,0
271,0.2,0.027722772277227727,0.06910862719451544,0.0063361735559086295,2.1981729353735644,0,0
272,0.2,0.03762376237623762,0.07816140339006158,0.01888012292982573,1.723995182306426,0,0
273,0.2,0.03762376237623762,0.07816140339006158,0.01888012292982573,1.723995182306426,0,0
274,0.2,0.03762376237623762,0.07816140339006158,0.01888012292982573,1.723995182306426,0,0
275,0.0,0.009900990099009901,0.04338396495090424,1.0,-0.0,0,0
276,0.0,0.009900990099009901,0.04338396495090424,1.0,-0.0,0,0
277,0.0,0.0,0.0,1.0,-0.0,0,0
278,0.0,0.0,0.0,1.0,-0.0,0,0
279,0.0,0.0,0.0,1.0,-0.0,0,0
280,0.0,0.0,0.0,1.0,-0.0,0,0
281,0.0,0.0,0.0,1.0,-0.0,0,0
282,0.0,0.0,0.0,1.0,-0.0,0,0
283,0.0,0.0,0.0,1.0,-0.0,0,0
284,0.0,0.0,0.0,1.0,-0.0,0,0
285,0.0,0.0,0.0,1.0,-0.0,0,0
286,0.0,0.0,0.0,1.0,-0.0,0,0
287,0.4,0.011881188118811883,0.047276579747775535,1.210218855506583e-16,15.917136084936338,0,0
288,0.4,0.011881188118811883,0.047276579747775535,1.210218855506583e-16,15.917136084936338,0,0
289,0.4,0.03564356435643565,0.08154954567118416,3.949284449990814e-06,5.403481584771323,0,0
290,0.4,0.03564356435643565,0.08154954567118416,3.949284449990814e-06,5.403481584771323,0,0
291,0.4,0.039603960396039604,0.08452453849668534,1.0048801267895168e-05,4.9978857426005865,0,0
292,0.2,0.05544554455445545,0.10943169805661863,0.09325802196181356,1.0303138003353087,0,0
293,0.2,0.06534653465346535,0.11641139371642828,0.12369676173807938,0.9076416696327345,0,0
294,0.2,0.04554455445544555,0.10100951085035129,0.06311761613918085,1.1998494121615952,0,0
295,0.2,0.04554455445544555,0.10100951085035129,0.06311761613918085,1.1998494121615952,0,0
296,0.2,0.041584158415841586,0.09467748980500532,0.04714244196908596,1.326587924861529,0,0
297,0.0,0.021782178217821784,0.062305476128919915,1.0,-0.0,0,0
298,0.0,0.021782178217821784,0.06230547612891991,1.0,-0.0,0,0
299,0.0,0.027722772277227727,0.06910862719451544,1.0,-0.0,0,0
300,0.0,0.03762376237623763,0.08307396817189318,1.0,-0.0,0,0
301,0.0,0.03762376237623763,0.08307396817189318,1.0,-0.0,0,0
302,0.0,0.0297029702970297,0.07648795214189293,1.0,-0.0,0,0
303,0.0,0.019801980198019802,0.05973506189702322,1.0,-0.0,0,0
304,0.0,0.009900990099009901,0.04338396495090424,1.0,-0.0,0,0
305,0.0,0.0,0.0,1.0,-0.0,0,0
306,0.2,0.0019801980198019802,0.0198019801980198,1.0000007619853025e-17,16.999999669074114,0,0
307,0.2,0.0019801980198019802,0.0198019801980198,1.0000007619853025e-17,16.999999669074114,0,0
308,0.2,0.013861386138613863,0.05079507064705211,0.00012391038159364294,3.90689230556944,0,0
309,0.2,0.02772277227722773,0.07461957893630407,0.010478998804251384,1.9796802091996195,0,0
310,0.2,0.02772277227722773,0.07461957893630407,0.010478998804251384,1.9796802091996195,0,0
311,0.2,0.049504950495049514,0.09078727434730813,0.04869237040212954,1.3125390829709087,0,0
312,0.6,0.06930693069306931,0.11057238501634628,7.952785939490229e-07,6.099480707041689,0,0
313,0.8,0.0712871287128713,0.11461224656227946,1.0215112412388948e-10,9.990756849803772,0,0
314,0.8,0.0712871287128713,0.11461224656227947,1.0215112412389026e-10,9.990756849803768,0,0
315,0.8,0.07524752475247526,0.11553229422427584,1.7689741399888555e-10,9.752278515842246,0,0
316,0.6,0.051485148514851496,0.10011267057239238,2.13898008640239e-08,7.669793258628946,0,0
317,0.2,0.03168316831683169,0.0730260947112308,0.01058647624307391,1.9752485727397298,0,0
318,0.0,0.01782178217821782,0.05698017651460657,1.0,-0.0,0,0
319,0.0,0.009900990099009901,0.04338396495090424,1.0,-0.0,0,0
320,0.0,0.025742574257425745,0.07264925278354116,1.0,-0.0,0,0
321,0.0,0.0594059405940594,0.1144753143191654,1.0,-0.0,0,0
322,0.0,0.0594059405940594,0.1144753143191654,1.0,-0.0,0,0
323,0.2,0.08316831683168316,0.13575553664160483,0.19472824262570337,0.7105710555319672,0,0
324,0.2,0.10297029702970295,0.13962853515884507,0.24355487059635944,0.613403181009182,0,0
325,0.4,0.10891089108910887,0.1335716590419014,0.014655697207166979,1.8339935162891456,0,0
326,0.4,0.07920792079207921,0.11966689053257921,0.0036733214503492837,2.434941065119345,0,0
327,0.4,0.08118811881188118,0.12325042629382527,0.004844995465889865,2.3147066250404467,0,0
328,0.4,0.10099009900990098,0.15318082856090076,0.025468744367692368,1.5939924656223499,0,0
329,0.4,0.10693069306930691,0.15302716108009237,0.02773696362375965,1.5569410830472263,0,0
330,0.2,0.09108910891089109,0.13357165904190144,0.20742906007312073,0.6831304005732743,0,0
331,0.2,0.08712871287128712,0.13024224675172555,0.19307354504257346,0.7142772292196833,0,0
332,0.2,0.08514851485148513,0.130031327995105,0.18854787530201733,0.7245783571846864,0,0
333,0.0,0.08910891089108909,0.13342479626077638,1.0,-0.0,0,0
334,0.0,0.06732673267326733,0.1135467024699521,1.0,-0.0,0,0
335,0.0,0.09900990099009897,0.13679141417164786,1.0,-0.0,0,0
336,0.0,0.10495049504950493,0.13957235791450376,1.0,-0.0,0,0
337,0.0,0.10495049504950493,0.13957235791450376,1.0,-0.0,0,0
338,0.0,0.057425742574257435,0.09885135821266286,1.0,-0.0,0,0
339,0.0,0.04752475247524753,0.09397077637785879,1.0,-0.0,0,0
340,0.0,0.05544554455445545,0.09384550979067556,1.0,-0.0,0,0
341,0.0,0.049504950495049514,0.09078727434730813,1.0,-0.0,0,0
342,0.0,0.08910891089108909,0.12097048989545554,1.0,-0.0,0,0
343,0.0,0.11089108910891088,0.13042276277287218,1.0,-0.0,0,0
344,0.0,0.11485148514851484,0.13598641357140118,1.0,-0.0,0,0
345,0.0,0.06534653465346535,0.10571364605971598,1.0,-0.0,0,0
346,0.0,0.09504950495049505,0.13078304733432375,1.0,-0.0,0,0
347,0.0,0.05544554455445545,0.10193693208898019,1.0,-0.0,0,0
348,0.0,0.04752475247524753,0.08965727859541997,1.0,-0.0,0,0
349,0.0,0.05544554455445545,0.10575073206193022,1.0,-0.0,0,0
350,0.0,0.05544554455445545,0.10575073206193022,1.0,-0.0,0,0
351,0.0,0.025742574257425745,0.0669763743575753,1.0,-0.0,0,0
352,0.0,0.025742574257425745,0.0669763743575753,1.0,-0.0,0,0
353,0.0,0.011881188118811883,0.047276579747775535,1.0,-0.0,0,0
354,0.0,0.0,0.0,1.0,-0.0,0,0
355,0.0,0.007920792079207921,0.03900537743285587,1.0,-0.0,0,0
356,0.0,0.007920792079207921,0.03900537743285587,1.0,-0.0,0,0
357,0.0,0.007920792079207921,0.03900537743285587,1.0,-0.0,0,0
358,0.0,0.007920792079207921,0.03900537743285587,1.0,-0.0,0,0
359,0.0,0.007920792079207921,0.03900537743285587,1.0,-0.0,0,0
360,0.0,0.0,0.0,1.0,-0.0,0,0
361,0.0,0.0,0.0,1.0,-0.0,0,0
362,0.0,0.0,0.0,1.0,-0.0,0,0
363,0.0,0.0,0.0,1.0,-0.0,0,0
364,0.0,0.0,0.0,1.0,-0.0,0,0
365,0.0,0.0,0.0,1.0,-0.0,0,0
366,0.0,0.0,0.0,1.0,-0.0,0,0
367,0.0,0.0,0.0,1.0,-0.0,0,0
368,0.0,0.0,0.0,1.0,-0.0,0,0
369,0.0,0.021782178217821788,0.062305476128919894,1.0,-0.0,0,0
370,0.0,0.021782178217821788,0.062305476128919894,1.0,-0.0,0,0
371,0.0,0.041584158415841586,0.08590499787518362,1.0,-0.0,0,0
372,0.0,0.041584158415841586,0.08590499787518362,1.0,-0.0,0,0
373,0.0,0.1762376237623762,0.1808388127814792,1.0,-0.0,0,0
374,0.0,0.15445544554455443,0.166218722942046,1.0,-0.0,0,0
375,0.0,0.16237623762376235,0.17511042352027043,1.0,-0.0,0,0
376,0.0,0.14257425742574256,0.16249693654596944,1.0,-0.0,0,0
377,0.0,0.14257425742574256,0.16249693654596944,1.0,-0.0,0,0
378,0.0,0.0613861386138614,0.10806149425459212,1.0,-0.0,0,0
379,0.0,0.07524752475247526,0.11891084986932618,1.0,-0.0,0,0
380,0.0,0.08910891089108909,0.1420507440353343,1.0,-0.0,0,0
381,0.0,0.08910891089108909,0.1420507440353343,1.0,-0.0,0,0
382,0.0,0.09504950495049505,0.14513649268759365,1.0,-0.0,0,0
383,0.0,0.041584158415841586,0.09467748980500532,1.0,-0.0,0,0
384,0.0,0.03960396039603961,0.08452453849668534,1.0,-0.0,0,0
385,0.0,0.08514851485148513,0.12054836637801525,1.0,-0.0,0,0
386,0.0,0.08514851485148513,0.12054836637801525,1.0,-0.0,0,0
387,0.0,0.13267326732673265,0.15989409297573348,1.0,-0.0,0,0
388,0.0,0.15643564356435644,0.1655568710184434,1.0,-0.0,0,0
389,0.0,0.1603960396039604,0.17353585980361697,1.0,-0.0,0,0
390,0.0,0.09108910891089109,0.13357165904190144,1.0,-0.0,0,0
391,0.0,0.09108910891089109,0.13357165904190144,1.0,-0.0,0,0
392,0.0,0.06930693069306931,0.11409790329416186,1.0,-0.0,0,0
393,0.0,0.04752475247524753,0.10205226714237724,1.0,-0.0,0,0
394,0.0,0.031683168316831684,0.07826167463512675,1.0,-0.0,0,0
395,0.0,0.031683168316831684,0.07826167463512675,1.0,-0.0,0,0
396,0.0,0.04356435643564357,0.08721867542790195,1.0,-0.0,0,0
397,0.0,0.011881188118811883,0.047276579747775535,1.0,-0.0,0,0
398,0.0,0.011881188118811883,0.047276579747775535,1.0,-0.0,0,0
399,0.0,0.011881188118811883,0.047276579747775535,1.0,-0.0,0,0
400,0.0,0.019801980198019802,0.06603299802191315,1.0,-0.0,0,0
401,0.0,0.007920792079207921,0.03900537743285587,1.0,-0.0,0,0
402,0.0,0.007920792079207921,0.03900537743285587,1.0,-0.0,0,0
403,0.0,0.007920792079207921,0.03900537743285587,1.0,-0.0,0,0
404,0.0,0.007920792079207921,0.03900537743285587,1.0,-0.0,0,0
405,0.0,0.0,0.0,1.0,-0.0,0,0
406,0.0,0.0,0.0,1.0,-0.0,0,0
407,0.0,0.0,0.0,1.0,-0.0,0,0
408,0.0,0.0,0.0,1.0,-0.0,0,0
409,0.0,0.0,0.0,1.0,-0.0,0,0
410,0.0,0.0,0.0,1.0,-0.0,0,0
411,0.0,0.0,0.0,1.0,-0.0,0,0
412,0.0,0.0,0.0,1.0,-0.0,0,0
413,0.0,0.013861386138613863,0.05079507064705211,1.0,-0.0,0,0
414,0.0,0.019801980198019802,0.0597350618970232,1.0,-0.0,0,0
415,0.0,0.03762376237623763,0.08771182015980238,1.0,-0.0,0,0
416,0.0,0.14851485148514848,0.14799910448360235,1.0,-0.0,0,0
417,0.0,0.19009900990099005,0.17434741150934766,1.0,-0.0,0,0
418,0.0,0.2059405940594059,0.19590954781832295,1.0,-0.0,0,0
419,0.2,0.2396039603960396,0.22342039932781524,1.0,-0.0,0,0
420,0.2,0.23168316831683167,0.22990772710811866,1.0,-0.0,0,0
421,0.4,0.20198019801980197,0.2019607833806434,0.16342303914125494,0.786686717285965,0,0
422,0.4,0.2198019801980198,0.20967669690216312,0.19505748012893154,0.7098373905640365,0,0
423,0.4,0.19999999999999996,0.19498667128857303,0.1525138819828875,0.8166906245520777,0,0
424,0.2,0.19009900990099005,0.17434741150934766,0.4773566954975,0.321156981557809,0,0
425,0.2,0.3188118811881188,0.2323844847870194,1.0,-0.0,0,0
426,0.0,0.2396039603960396,0.2068525125893164,1.0,-0.0,0,0
427,0.0,0.1801980198019802,0.18775368421597713,1.0,-0.0,0,0
428,0.2,0.19801980198019806,0.20391232731653072,0.49612592182248144,0.30440808114692164,0,0
429,0.2,0.16831683168316827,0.18397734097959503,0.4316352986206674,0.36488304645130687,0,0
430,0.2,0.027722772277227727,0.08913091037565861,0.0266269608799263,1.5746783997795388,0,0
431,0.4,0.08316831683168316,0.12353642740976017,0.005163516382656358,2.2870544407238302,0,0
432,0.4,0.08316831683168316,0.12353642740976017,0.005163516382656358,2.2870544407238302,0,0
433,0.2,0.05544554455445545,0.09797478714338996,0.07004915208881982,1.1545971172715026,0,0
434,0.2,0.05544554455445545,0.09797478714338996,0.07004915208881982,1.1545971172715026,0,0
435,0.2,0.05544554455445545,0.09797478714338996,0.07004915208881982,1.1545971172715026,0,0
436,0.0,0.1782178217821782,0.17999117711932416,1.0,-0.0,0,0
437,0.2,0.20990099009900987,0.19574936009912708,1.0,-0.0,0,0
438,0.2,0.2752475247524752,0.2352188534716693,1.0,-0.0,0,0
439,0.2,0.2752475247524752,0.2352188534716693,1.0,-0.0,0,0
440,0.2,0.2752475247524752,0.2352188534716693,1.0,-0.0,0,0
441,0.2,0.09702970297029702,0.1367627457412436,0.22575143212025228,0.6463694859316208,0,0
442,0.0,0.06534653465346535,0.1164113937164283,1.0,-0.0,0,0
443,0.0,0.0,0.0,1.0,-0.0,0,0
444,0.0,0.0,0.0,1.0,-0.0,0,0
445,0.0,0.08712871287128712,0.127165103825761,1.0,-0.0,0,0
446,0.0,0.08712871287128712,0.127165103825761,1.0,-0.0,0,0
447,0.2,0.16435643564356434,0.18325125229717665,0.4228896433920053,0.37377295063645,0,0
448,0.2,0.16435643564356434,0.18325125229717665,0.4228896433920053,0.37377295063645,0,0
449,0.2,0.21386138613861383,0.187230838076401,1.0,-0.0,0,0
450,0.2,0.16237623762376235,0.16818865241652337,0.4114954635871043,0.3856349481794096,0,0
451,0.2,0.1722772277227723,0.1689330594949795,0.43482421363542517,0.3616862797755922,0,0
452,0.0,0.09504950495049505,0.11113833822100817,1.0,-0.0,0,0
453,0.0,0.09504950495049505,0.11113833822100817,1.0,-0.0,0,0
454,0.0,0.07524752475247526,0.11553229422427584,1.0,-0.0,0,0
455,0.0,0.047524752475247525,0.09809478080396702,1.0,-0.0,0,0
456,0.0,0.03762376237623762,0.08771182015980238,1.0,-0.0,0,0
457,0.0,0.03762376237623762,0.08771182015980238,1.0,-0.0,0,0
458,0.0,0.03762376237623762,0.08771182015980238,1.0,-0.0,0,0
459,0.0,0.007920792079207921,0.03900537743285587,1.0,-0.0,0,0
460,0.0,0.023762376237623766,0.06471340450838887,1.0,-0.0,0,0
461,0.0,0.023762376237623766,0.06471340450838887,1.0,-0.0,0,0
462,0.0,0.03564356435643565,0.08154954567118416,1.0,-0.0,0,0
463,0.0,0.22772277227722765,0.1909428466047948,1.0,-0.0,0,0
464,0.0,0.23564356435643566,0.19979403177234753,1.0,-0.0,0,0
465,0.0,0.22376237623762374,0.19147603570112592,1.0,-0.0,0,0
