,foreground,bg_means,bg_stdev,pvals,minus_logs,regs,active
2,0.0,0.0,0.0,1.0,-0.0,0,0
3,0.0,0.2594059405940594,0.1835719395616125,1.0,-0.0,0,0
4,0.0,0.30297029702970296,0.1942007971476509,1.0,-0.0,0,0
5,0.0,0.30297029702970296,0.1942007971476509,1.0,-0.0,0,0
6,0.0,0.30297029702970296,0.1942007971476509,1.0,-0.0,0,0
7,0.0,0.30297029702970296,0.1942007971476509,1.0,-0.0,0,0
8,0.0,0.04158415841584159,0.0859049978751836,1.0,-0.0,0,0
9,1.6,0.6534653465346535,0.29902957118435913,0.0007744700559337643,3.1109953691173406,0,0
10,2.0,1.1366336633663368,0.388885885748126,0.013205921899959316,1.8792312754801674,0,0
11,3.0,1.8297029702970304,0.4290317337972085,0.0031882670114186276,2.4964453143995775,0,0
12,3.2,1.9425742574257427,0.44618216202976724,0.0024147672371309845,2.617124725161512,0,0
13,3.2,1.9425742574257427,0.44618216202976724,0.0024147672371309845,2.617124725161512,0,0
14,1.6,1.287128712871287,0.41688694631429063,0.2264785203909495,0.6449729809272392,0,0
15,1.4,1.003960396039604,0.39998039359849813,0.1610510040644479,0.7930365632485749,0,0
16,0.4,0.38019801980198026,0.15796966871429013,0.45012202671569984,0.3466697343465221,0,0
17,0.2,0.26732673267326734,0.102550553475042,1.0,-0.0,0,0
18,0.6,0.43960396039603966,0.16890984643276133,0.17115889860868433,0.7666005168230068,0,0
19,0.8,0.46138613861386146,0.19034637371402635,0.03762519446570118,1.4245212467426134,0,0
20,0.6,0.2613861386138614,0.19034637371402638,0.03762519446570118,1.4245212467426134,0,0
21,0.6,0.704950495049505,0.33489358073953435,1.0,-0.0,0,0
22,0.6,0.704950495049505,0.33489358073953435,1.0,-0.0,0,0
23,0.2,0.5326732673267326,0.28182886138070806,1.0,-0.0,0,0
24,0.0,0.5108910891089108,0.27928515187744923,1.0,-0.0,0,0
25,0.2,0.6158415841584157,0.2947503300806276,1.0,-0.0,0,0
26,0.2,0.20396039603960395,0.18664351157145634,1.0,-0.0,0,0
27,0.2,0.25346534653465347,0.21780377963410028,1.0,-0.0,0,0
28,0.8,0.6059405940594059,0.3010943019207638,0.25962118471448503,0.5856598726219708,0,0
29,0.8,0.683168316831683,0.31119994748233576,0.35367287310530626,0.45139824952217766,0,0
30,0.6,0.5801980198019802,0.29316294998448145,0.4730735274594822,0.3250713537902373,0,0
31,0.6,0.4792079207920792,0.2787229831273332,0.33237051997308487,0.4783775034823568,0,0
32,0.6,0.42970297029702964,0.2805738654108279,0.27193882795298135,0.5655287785772041,0,0
33,0.0,0.07722772277227724,0.13191745702927898,1.0,-0.0,0,0
34,0.0,0.0,0.0,1.0,-0.0,0,0
35,0.0,0.0,0.0,1.0,-0.0,0,0
36,0.0,0.0,0.0,1.0,-0.0,0,0
37,0.0,0.0,0.0,1.0,-0.0,0,0
38,0.0,0.027722772277227727,0.06910862719451544,1.0,-0.0,0,0
39,0.0,0.027722772277227727,0.06910862719451544,1.0,-0.0,0,0
40,0.0,0.027722772277227727,0.06910862719451544,1.0,-0.0,0,0
41,0.0,0.027722772277227727,0.06910862719451544,1.0,-0.0,0,0
42,0.0,0.027722772277227727,0.06910862719451544,1.0,-0.0,0,0
43,0.2,0.17227722772277224,0.14632042140127657,0.4248637271059789,0.37175034537591495,0,0
44,0.2,0.17227722772277224,0.14632042140127657,0.4248637271059789,0.37175034537591495,0,0
45,0.4,0.8277227722772276,0.3838622927280734,1.0,-0.0,0,0
46,0.4,0.8277227722772276,0.3838622927280734,1.0,-0.0,0,0
47,0.4,0.8277227722772276,0.3838622927280734,1.0,-0.0,0,0
48,0.2,0.6554455445544555,0.34825597946427894,1.0,-0.0,0,0
49,0.2,0.6554455445544555,0.34825597946427894,1.0,-0.0,0,0
50,0.0,0.13465346534653463,0.14102569358229589,1.0,-0.0,0,0
51,0.0,0.13465346534653463,0.14102569358229589,1.0,-0.0,0,0
52,0.0,0.13465346534653463,0.14102569358229589,1.0,-0.0,0,0
53,0.0,0.13465346534653463,0.14102569358229589,1.0,-0.0,0,0
54,0.0,0.44158415841584164,0.28468058415805064,1.0,-0.0,0,0
55,0.0,0.3069306930693069,0.2557293687632191,1.0,-0.0,0,0
56,0.0,0.3069306930693069,0.2557293687632191,1.0,-0.0,0,0
57,0.0,0.3069306930693069,0.2557293687632191,1.0,-0.0,0,0
58,0.0,0.3069306930693069,0.2557293687632191,1.0,-0.0,0,0
