,foreground,bg_means,bg_stdev,pvals,minus_logs,regs,active
2,0.0,0.0039603960396039604,0.027863855998951068,1.0,-0.0,0,0
3,0.0,0.0039603960396039604,0.027863855998951068,1.0,-0.0,0,0
4,0.0,0.0039603960396039604,0.027863855998951068,1.0,-0.0,0,0
5,0.0,0.007920792079207921,0.03900537743285587,1.0,-0.0,0,0
6,0.0,0.057425742574257435,0.11021718851545144,1.0,-0.0,0,0
7,0.0,0.057425742574257435,0.11021718851545144,1.0,-0.0,0,0
8,0.0,0.057425742574257435,0.11021718851545144,1.0,-0.0,0,0
9,0.0,0.06930693069306931,0.12084076279122662,1.0,-0.0,0,0
10,0.0,0.06930693069306931,0.12407485305204392,1.0,-0.0,0,0
11,0.0,0.05148514851485149,0.096075322540263,1.0,-0.0,0,0
12,0.0,0.05148514851485149,0.096075322540263,1.0,-0.0,0,0
13,0.0,0.05148514851485149,0.096075322540263,1.0,-0.0,0,0
14,0.0,0.05148514851485149,0.08744317689433512,1.0,-0.0,0,0
15,0.0,0.04356435643564357,0.08255312311158745,1.0,-0.0,0,0
16,0.0,0.027722772277227727,0.06910862719451544,1.0,-0.0,0,0
17,0.0,0.027722772277227727,0.06910862719451544,1.0,-0.0,0,0
18,0.0,0.027722772277227727,0.06910862719451544,1.0,-0.0,0,0
19,0.0,0.027722772277227727,0.06910862719451544,1.0,-0.0,0,0
20,0.0,0.027722772277227727,0.06910862719451544,1.0,-0.0,0,0
21,0.0,0.017821782178217824,0.056980176514606566,1.0,-0.0,0,0
22,0.0,0.017821782178217824,0.056980176514606566,1.0,-0.0,0,0
23,0.0,0.017821782178217824,0.056980176514606566,1.0,-0.0,0,0
24,0.0,0.01386138613861386,0.05079507064705211,1.0,-0.0,0,0
25,0.0,0.021782178217821784,0.06230547612891991,1.0,-0.0,0,0
26,0.0,0.015841584158415842,0.05401260078014202,1.0,-0.0,0,0
27,0.0,0.015841584158415842,0.05401260078014202,1.0,-0.0,0,0
28,0.2,0.0712871287128713,0.10747934055534188,0.11554433714027447,0.9372513345552421,0,0
29,0.2,0.11584158415841582,0.1264383959631253,0.2528308256308827,0.5971699771252094,0,0
30,0.2,0.12475247524752472,0.1345369326848557,0.287975915318405,0.5406438326633528,0,0
31,0.2,0.12475247524752472,0.1345369326848557,0.287975915318405,0.5406438326633528,0,0
32,0.2,0.12475247524752472,0.1345369326848557,0.287975915318405,0.5406438326633528,0,0
33,0.0,0.09108910891089109,0.1243589581632284,1.0,-0.0,0,0
34,0.0,0.061386138613861385,0.1080614942545921,1.0,-0.0,0,0
35,0.0,0.04752475247524753,0.10205226714237721,1.0,-0.0,0,0
36,0.0,0.04752475247524753,0.10205226714237721,1.0,-0.0,0,0
37,0.0,0.04752475247524753,0.10205226714237721,1.0,-0.0,0,0
38,0.0,0.023762376237623763,0.06471340450838889,1.0,-0.0,0,0
39,0.0,0.011881188118811881,0.047276579747775535,1.0,-0.0,0,0
40,0.0,0.009900990099009901,0.04338396495090424,1.0,-0.0,0,0
41,0.0,0.05544554455445545,0.09797478714338996,1.0,-0.0,0,0
42,0.0,0.08910891089108909,0.13636075485692528,1.0,-0.0,0,0
43,0.2,0.12871287128712872,0.1556440682228007,0.3234712690031589,0.4901642876923809,0,0
44,0.2,0.1188118811881188,0.15202453637757812,0.29665480149204637,0.5277486180171558,0,0
45,0.2,0.13465346534653466,0.14921288105967928,0.33071429276543246,0.4805470354007088,0,0
46,0.2,0.09306930693069307,0.11795067415315193,0.18231677881311903,0.7391733609082306,0,0
47,0.2,0.06534653465346536,0.10571364605971598,0.10137482685028305,0.9940698745616096,0,0
48,0.0,0.09306930693069305,0.12126186845461277,1.0,-0.0,0,0
49,0.0,0.09900990099009901,0.12781100644043505,1.0,-0.0,0,0
50,0.0,0.09306930693069305,0.12448501897427097,1.0,-0.0,0,0
51,0.2,0.16237623762376235,0.1609695163002105,0.4075964363175496,0.38976962175685087,0,0
52,0.2,0.1900990099009901,0.18535753542711383,0.4787003748032945,0.3199362324826662,0,0
53,0.4,0.24752475247524752,0.23739262686171414,0.2603419919071459,0.5844557766363627,0,0
54,0.4,0.24554455445544554,0.23694622879808236,0.25724618551102474,0.5896510563081745,0,0
55,0.4,0.2376237623762376,0.2349853524605163,0.24478095321921373,0.6112223783304397,0,0
56,0.2,0.16435643564356436,0.1766487584013007,0.42004573548133184,0.3767034201121342,0,0
57,0.2,0.12871287128712872,0.16309909134236833,0.3310271594374546,0.4801363726595352,0,0
58,0.0,0.0039603960396039604,0.027863855998951068,1.0,-0.0,0,0
59,0.2,0.10693069306930691,0.15559367350941145,0.2748678859708685,0.5608759977351179,0,0
60,0.2,0.10693069306930691,0.15559367350941145,0.2748678859708685,0.5608759977351179,0,0
61,0.2,0.12079207920792079,0.1736713817764808,0.32416648041480917,0.4892318942484277,0,0
62,0.2,0.12079207920792079,0.1736713817764808,0.32416648041480917,0.4892318942484277,0,0
63,0.2,0.13465346534653466,0.18902335942624515,0.3647817873011464,0.43796685310695793,0,0
64,0.0,0.02772277227722772,0.07461957893630407,1.0,-0.0,0,0
65,0.0,0.02772277227722772,0.07461957893630407,1.0,-0.0,0,0
66,0.0,0.021782178217821784,0.06836703565002801,1.0,-0.0,0,0
67,0.0,0.021782178217821784,0.06836703565002801,1.0,-0.0,0,0
68,0.0,0.007920792079207921,0.03900537743285587,1.0,-0.0,0,0
69,0.0,0.007920792079207921,0.03900537743285587,1.0,-0.0,0,0
70,0.0,0.0871287128712871,0.13618810981425267,1.0,-0.0,0,0
71,0.2,0.13465346534653463,0.15697363312955576,0.3385989490484825,0.4703143941985931,0,0
72,0.2,0.18613861386138614,0.19752413211148517,0.4720269239294937,0.3260332289495393,0,0
73,0.2,0.18613861386138614,0.19752413211148517,0.4720269239294937,0.3260332289495393,0,0
74,0.2,0.19207920792079206,0.2047375370386191,0.48456975297785865,0.3146436981737128,0,0
75,0.2,0.12673267326732673,0.16099387425091363,0.3245208507080678,0.48875739422094644,0,0
76,0.0,0.07326732673267328,0.12177815335858849,1.0,-0.0,0,0
77,0.0,0.021782178217821784,0.06230547612891991,1.0,-0.0,0,0
78,0.0,0.05742574257425742,0.10277971700879983,1.0,-0.0,0,0
79,0.0,0.05544554455445545,0.1019369320889802,1.0,-0.0,0,0
80,0.0,0.07326732673267328,0.12177815335858849,1.0,-0.0,0,0
81,0.0,0.08514851485148514,0.1269490726718781,1.0,-0.0,0,0
82,0.0,0.08514851485148514,0.1269490726718781,1.0,-0.0,0,0
83,0.0,0.06336633663366337,0.10504385908811757,1.0,-0.0,0,0
84,0.0,0.08712871287128712,0.11745095149573799,1.0,-0.0,0,0
85,0.2,0.2178217821782178,0.20314168084328174,1.0,-0.0,0,0
86,0.2,0.3465346534653466,0.25623486922173166,1.0,-0.0,0,0
87,0.2,0.37029702970297035,0.2554532196252768,1.0,-0.0,0,0
88,0.2,0.3663366336633664,0.2518357266402647,1.0,-0.0,0,0
89,0.4,0.39009900990099017,0.2427176783531812,0.4837307755239753,0.3153962814040562,0,0
90,0.2,0.2356435643564356,0.19578941931577465,1.0,-0.0,0,0
91,0.2,0.09306930693069305,0.12448501897427099,0.19517455309290543,0.7095768064016368,0,0
92,0.2,0.08118811881188118,0.12325042629382527,0.16752607431728717,0.7759175883237079,0,0
93,0.2,0.07128712871287128,0.11461224656227945,0.1307125990009052,0.8836825500410105,0,0
94,0.2,0.04554455445544555,0.09283729243351321,0.04808399917069303,1.3179994190099724,0,0
95,0.4,0.09306930693069305,0.12448501897427097,0.006839133419822932,2.1649989238400535,0,0
96,0.6,0.14257425742574256,0.16004116713803365,0.002130423323856096,2.671534091890862,0,0
97,0.6,0.14257425742574256,0.16249693654596944,0.0024390080554144316,2.612786765321259,0,0
98,0.6,0.15445544554455443,0.16381875548472422,0.003266655239165266,2.485896698285172,0,0
99,0.6,0.16435643564356434,0.18107717211333596,0.008067559920934374,2.0932578002364832,0,0
100,0.4,0.10495049504950495,0.15049504950495052,0.02496715261728576,1.6026309840047694,0,0
101,0.2,0.0613861386138614,0.10806149425459212,0.09979311443423107,1.000899423305625,0,0
102,0.2,0.06732673267326733,0.11000352009767249,0.11389293410569641,0.9435032186258504,0,0
103,0.2,0.11881188118811879,0.14939672169394075,0.2934135277363957,0.5325198670236352,0,0
104,0.0,0.08316831683168317,0.12670172889541698,1.0,-0.0,0,0
105,0.0,0.1396039603960396,0.16294274516570856,1.0,-0.0,0,0
106,0.0,0.22574257425742572,0.23490190299147592,1.0,-0.0,0,0
107,0.0,0.2099009900990099,0.22405133362251967,1.0,-0.0,0,0
108,0.2,0.19801980198019803,0.197999999009802,0.4960102447031883,0.3045093534047309,0,0
109,0.2,0.21782178217821782,0.20700410844153636,1.0,-0.0,0,0
110,0.2,0.22178217821782176,0.20079246977914247,1.0,-0.0,0,0
111,0.2,0.16435643564356434,0.1853998400118088,0.4237722507246633,0.3728674849818025,0,0
112,0.2,0.19603960396039602,0.20094863738570082,0.4921379553970054,0.3079131393678361,0,0
113,0.2,0.1861386138613861,0.19550883243085124,0.4717390585810208,0.32629816398336503,0,0
114,0.2,0.16633663366336635,0.17591471140208167,0.4241210496637127,0.37251017242136975,0,0
115,0.2,0.10495049504950493,0.1307830473343237,0.23368270656166545,0.6313734259164431,0,0
116,0.2,0.07326732673267328,0.10798889666879984,0.12028338488133551,0.919794358966917,0,0
117,0.2,0.041584158415841586,0.08590499787518362,0.03258561123651815,1.4869741281544258,0,0
118,0.0,0.0,0.0,1.0,-0.0,0,0
119,0.0,0.01386138613861386,0.05079507064705211,1.0,-0.0,0,0
120,0.0,0.033663366336633666,0.07482947971362845,1.0,-0.0,0,0
121,0.0,0.04554455445544555,0.08387254884969257,1.0,-0.0,0,0
122,0.0,0.07524752475247526,0.11205191564986226,1.0,-0.0,0,0
123,0.2,0.16831683168316827,0.16345931947317976,0.4231548609860677,0.37350066580797614,0,0
124,0.2,0.20396039603960395,0.19290421984883258,1.0,-0.0,0,0
125,0.2,0.19207920792079206,0.2047375370386191,0.48456975297785865,0.3146436981737128,0,0
126,0.2,0.1801980198019802,0.19397856469320326,0.45934526146860893,0.33786075937722415,0,0
127,0.2,0.1495049504950495,0.18754472067408437,0.39387145638071724,0.40464549110127856,0,0
128,0.0,0.057425742574257435,0.11021718851545144,1.0,-0.0,0,0
129,0.0,0.007920792079207921,0.03900537743285587,1.0,-0.0,0,0
130,0.0,0.0,0.0,1.0,-0.0,0,0
131,0.0,0.0,0.0,1.0,-0.0,0,0
132,0.0,0.0,0.0,1.0,-0.0,0,0
133,0.0,0.0,0.0,1.0,-0.0,0,0
134,0.0,0.03762376237623762,0.09211646217515253,1.0,-0.0,0,0
135,0.0,0.04554455445544555,0.10100951085035129,1.0,-0.0,0,0
136,0.0,0.10693069306930691,0.15302716108009237,1.0,-0.0,0,0
137,0.0,0.10693069306930691,0.15302716108009237,1.0,-0.0,0,0
138,0.0,0.1465346534653465,0.1709405295438197,1.0,-0.0,0,0
139,0.0,0.12079207920792079,0.14645435316515326,1.0,-0.0,0,0
140,0.2,0.17425742574257425,0.18382808657861666,0.4443157210917685,0.35230831997404255,0,0
141,0.2,0.13564356435643563,0.15894712889925117,0.34277841549314725,0.4649865330946753,0,0
142,0.2,0.2435643564356436,0.22445350202462983,1.0,-0.0,0,0
143,0.2,0.2059405940594059,0.20576915941409613,1.0,-0.0,0,0
144,0.2,0.27128712871287125,0.23136984822144205,1.0,-0.0,0,0
145,0.0,0.24356435643564353,0.2190961819552274,1.0,-0.0,0,0
146,0.0,0.21980198019801975,0.21342088848011848,1.0,-0.0,0,0
147,0.0,0.1108910891089109,0.15789518399405605,1.0,-0.0,0,0
148,0.0,0.1108910891089109,0.15789518399405605,1.0,-0.0,0,0
149,0.0,0.031683168316831684,0.07826167463512675,1.0,-0.0,0,0
150,0.0,0.0,0.0,1.0,-0.0,0,0
151,0.0,0.0,0.0,1.0,-0.0,0,0
152,0.0,0.0,0.0,1.0,-0.0,0,0
153,0.0,0.0,0.0,1.0,-0.0,0,0
154,0.0,0.0,0.0,1.0,-0.0,0,0
155,0.0,0.0039603960396039604,0.02786385599895107,1.0,-0.0,0,0
156,0.0,0.0039603960396039604,0.02786385599895107,1.0,-0.0,0,0
157,0.0,0.0039603960396039604,0.02786385599895107,1.0,-0.0,0,0
158,0.0,0.0039603960396039604,0.02786385599895107,1.0,-0.0,0,0
159,0.0,0.0039603960396039604,0.02786385599895107,1.0,-0.0,0,0
160,0.0,0.0,0.0,1.0,-0.0,0,0
161,0.0,0.05346534653465348,0.10104832334394512,1.0,-0.0,0,0
162,0.0,0.05346534653465348,0.10104832334394512,1.0,-0.0,0,0
163,0.0,0.06534653465346535,0.11976515267356391,1.0,-0.0,0,0
164,0.0,0.06534653465346535,0.11976515267356391,1.0,-0.0,0,0
165,0.0,0.06930693069306931,0.12722675963729912,1.0,-0.0,0,0
166,0.0,0.015841584158415842,0.06090517425437506,1.0,-0.0,0,0
167,0.2,0.06930693069306931,0.11751770396006173,0.13304459555834885,0.8760027623516582,0,0
168,0.2,0.057425742574257435,0.10656335878870264,0.0904597157907538,1.0435447810683363,0,0
169,0.2,0.06930693069306931,0.12084076279122662,0.13973041895704236,0.8547090387884151,0,0
170,0.2,0.06534653465346535,0.11641139371642828,0.12369676173807938,0.9076416696327345,0,0
171,0.2,0.06534653465346535,0.11641139371642828,0.12369676173807938,0.9076416696327345,0,0
172,0.0,0.011881188118811881,0.047276579747775535,1.0,-0.0,0,0
173,0.0,0.011881188118811881,0.047276579747775535,1.0,-0.0,0,0
174,0.0,0.0,0.0,1.0,-0.0,0,0
175,0.0,0.0,0.0,1.0,-0.0,0,0
176,0.0,0.0,0.0,1.0,-0.0,0,0
177,0.0,0.02970297029702971,0.07648795214189294,1.0,-0.0,0,0
178,0.0,0.08118811881188118,0.12951766673875512,1.0,-0.0,0,0
179,0.0,0.08712871287128714,0.13024224675172555,1.0,-0.0,0,0
180,0.0,0.08712871287128714,0.13024224675172555,1.0,-0.0,0,0
181,0.0,0.08712871287128714,0.13024224675172555,1.0,-0.0,0,0
182,0.0,0.07524752475247526,0.11205191564986228,1.0,-0.0,0,0
183,0.0,0.03762376237623763,0.08307396817189318,1.0,-0.0,0,0
184,0.0,0.031683168316831684,0.07826167463512675,1.0,-0.0,0,0
185,0.0,0.031683168316831684,0.07826167463512675,1.0,-0.0,0,0
186,0.0,0.031683168316831684,0.07826167463512675,1.0,-0.0,0,0
187,0.0,0.013861386138613863,0.05079507064705211,1.0,-0.0,0,0
188,0.0,0.0,0.0,1.0,-0.0,0,0
189,0.0,0.0059405940594059415,0.03395332316729157,1.0,-0.0,0,0
190,0.4,0.1762376237623762,0.15230799622201516,0.070896870082219,1.149372937398395,0,0
191,0.6,0.2554455445544554,0.1848066945793283,0.031132452194015153,1.506786670117803,0,0
192,1.0,0.27326732673267323,0.19644921703344012,0.00010807993958103036,3.966254906765749,0,0
193,1.0,0.3108910891089109,0.21521391159118455,0.0006824514102309639,3.1659282644627087,0,0
194,1.0,0.30495049504950494,0.21172382423166186,0.0005138859654219818,3.2891332430329037,0,0
195,0.6,0.1603960396039604,0.17353585980361697,0.005651050841692746,2.24787078539945,0,0
196,0.4,0.09108910891089109,0.13057300215314485,0.008995341606131295,2.0459823392844374,0,0
197,0.0,0.07326732673267328,0.12177815335858849,1.0,-0.0,0,0
198,0.0,0.04554455445544555,0.09283729243351321,1.0,-0.0,0,0
199,0.0,0.04554455445544555,0.09283729243351321,1.0,-0.0,0,0
200,0.0,0.02970297029702971,0.07112192077650681,1.0,-0.0,0,0
201,1.2,0.18613861386138614,0.19951907671778216,1.872073253150447e-07,6.727677161571957,0,0
202,1.2,0.22178217821782176,0.22673051146878953,7.999978455910982e-06,5.096911182569503,0,0
203,1.2,0.27128712871287125,0.2347683221430326,3.812837348678478e-05,4.418751720841742,0,0
204,1.4,0.306930693069307,0.25727337455701726,1.0752238653744241e-05,4.9685011047018985,0,0
205,1.4,0.30891089108910896,0.25411426832535927,8.786200255982036e-06,5.056198902473288,0,0
206,0.2,0.1425742574257426,0.13595757539621284,0.33637388548804636,0.47317772817933984,0,0
207,0.2,0.14455445544554454,0.16196518848854283,0.3660512769211982,0.4364580738293654,0,0
208,0.2,0.10891089108910891,0.14765427233510695,0.2686476890928793,0.5708168908798665,0,0
209,0.0,0.08316831683168316,0.13864214704328154,1.0,-0.0,0,0
210,0.0,0.08712871287128712,0.15002532217723416,1.0,-0.0,0,0
211,0.0,0.09702970297029702,0.16072573376398436,1.0,-0.0,0,0
212,0.0,0.09306930693069307,0.1422989641443302,1.0,-0.0,0,0
213,0.0,0.06732673267326733,0.11698261772468857,1.0,-0.0,0,0
214,0.0,0.057425742574257435,0.11021718851545143,1.0,-0.0,0,0
215,0.0,0.04356435643564357,0.09991664009142863,1.0,-0.0,0,0
216,0.0,0.033663366336633666,0.08475617647141663,1.0,-0.0,0,0
217,0.0,0.0059405940594059415,0.033953323167291584,1.0,-0.0,0,0
218,0.0,0.009900990099009901,0.04338396495090424,1.0,-0.0,0,0
219,0.2,0.017821782178217824,0.05698017651460656,0.0006937928196726553,3.15877019915046,0,0
220,0.2,0.08118811881188118,0.14122019271030048,0.20008333597838118,0.6987890802493413,0,0
221,0.2,0.08118811881188118,0.14122019271030048,0.20008333597838118,0.6987890802493413,0,0
222,0.2,0.14851485148514848,0.1703891070439521,0.3812642067119665,0.41877396461129573,0,0
223,0.4,0.15049504950495046,0.16981280455064035,0.07087651927321512,1.1494976186824293,0,0
224,0.2,0.14257425742574253,0.16491614109827338,0.36384057185536844,0.43908887440266103,0,0
225,0.2,0.07722772277227723,0.11930590361498668,0.15172703225002876,0.8189370368062708,0,0
226,0.2,0.07722772277227723,0.11930590361498668,0.15172703225002876,0.8189370368062708,0,0
227,0.2,0.0059405940594059415,0.033953323167291584,5.469865928325272e-09,8.262023318511561,0,0
228,0.0,0.007920792079207921,0.03900537743285587,1.0,-0.0,0,0
229,0.0,0.007920792079207921,0.03900537743285587,1.0,-0.0,0,0
230,0.0,0.007920792079207921,0.03900537743285587,1.0,-0.0,0,0
231,0.0,0.007920792079207921,0.03900537743285587,1.0,-0.0,0,0
232,0.0,0.007920792079207921,0.03900537743285587,1.0,-0.0,0,0
233,0.0,0.0,0.0,1.0,-0.0,0,0
234,0.0,0.0,0.0,1.0,-0.0,0,0
235,0.0,0.0,0.0,1.0,-0.0,0,0
236,0.0,0.03762376237623763,0.08771182015980238,1.0,-0.0,0,0
237,0.2,0.08514851485148514,0.12379009590564582,0.17675768599419261,0.7526216925958915,0,0
238,0.2,0.11287128712871287,0.14188502271424047,0.2695813293766278,0.5693101893974302,0,0
239,0.4,0.12673267326732673,0.14818445096134422,0.032584096790634155,1.4869943128540535,0,0
240,0.4,0.15445544554455445,0.1613831014717559,0.06406707702960031,1.1933650896318775,0,0
241,0.4,0.11485148514851484,0.13886822488939993,0.02001812023085996,1.6985767066615793,0,0
242,0.2,0.06732673267326733,0.12032045569079852,0.13508613344131226,0.8693892289128149,0,0
243,0.2,0.08712871287128712,0.12077584698595571,0.17500966031852921,0.7569379781294916,0,0
244,0.0,0.07326732673267328,0.10425700262248065,1.0,-0.0,0,0
245,0.0,0.04752475247524753,0.08512548617902843,1.0,-0.0,0,0
246,0.0,0.04752475247524753,0.08512548617902843,1.0,-0.0,0,0
247,0.0,0.04752475247524753,0.08512548617902843,1.0,-0.0,0,0
248,0.0,0.015841584158415842,0.06090517425437506,1.0,-0.0,0,0
249,0.0,0.05346534653465348,0.11219180573635874,1.0,-0.0,0,0
250,0.0,0.0891089108910891,0.13342479626077636,1.0,-0.0,0,0
251,0.0,0.12871287128712872,0.15816812315022463,1.0,-0.0,0,0
252,0.0,0.16237623762376235,0.17283397009132112,1.0,-0.0,0,0
253,0.0,0.1465346534653465,0.148633615879566,1.0,-0.0,0,0
254,0.0,0.10693069306930694,0.13661931335176508,1.0,-0.0,0,0
255,0.0,0.0712871287128713,0.10747934055534188,1.0,-0.0,0,0
256,0.0,0.10297029702970295,0.15054715096038188,1.0,-0.0,0,0
257,0.0,0.08712871287128712,0.14188502271424047,1.0,-0.0,0,0
258,0.0,0.09504950495049502,0.15049504950495052,1.0,-0.0,0,0
259,0.0,0.1188118811881188,0.16453527190369102,1.0,-0.0,0,0
260,0.0,0.1584158415841584,0.18090385101871287,1.0,-0.0,0,0
261,0.0,0.14455445544554454,0.15445544554455445,1.0,-0.0,0,0
262,0.0,0.1564356435643564,0.1748639310238125,1.0,-0.0,0,0
263,0.0,0.2415841584158416,0.22217080519217025,1.0,-0.0,0,0
264,0.0,0.28118811881188116,0.2219235758593568,1.0,-0.0,0,0
265,0.0,0.29504950495049503,0.2279379095687393,1.0,-0.0,0,0
266,0.0,0.2376237623762376,0.21194595105361827,1.0,-0.0,0,0
267,0.0,0.2099009900990099,0.19574936009912708,1.0,-0.0,0,0
268,0.0,0.11485148514851484,0.15757201001249713,1.0,-0.0,0,0
269,0.0,0.05148514851485149,0.1001126705723924,1.0,-0.0,0,0
270,0.0,0.007920792079207921,0.03900537743285587,1.0,-0.0,0,0
271,0.0,0.07524752475247526,0.10845991237726064,1.0,-0.0,0,0
272,0.0,0.10099009900990098,0.12781100644043505,1.0,-0.0,0,0
273,0.0,0.19603960396039602,0.1908401394559487,1.0,-0.0,0,0
274,0.0,0.27128712871287125,0.2364492425231587,1.0,-0.0,0,0
275,0.0,0.30693069306930687,0.24302443577687444,1.0,-0.0,0,0
276,0.0,0.2811881188118812,0.22721424063197726,1.0,-0.0,0,0
277,0.0,0.27722772277227725,0.22509896090774148,1.0,-0.0,0,0
278,0.2,0.23762376237623759,0.2264016780666369,1.0,-0.0,0,0
279,0.2,0.22970297029702966,0.23778872162024675,1.0,-0.0,0,0
280,0.2,0.18613861386138614,0.20920864708209413,0.47358689616998006,0.32460032275431044,0,0
281,0.2,0.17425742574257425,0.20997570125642082,0.45121276960458145,0.3456186180443713,0,0
282,0.2,0.22574257425742575,0.24318573163041604,1.0,-0.0,0,0
283,0.0,0.18019801980198016,0.20967669690216312,1.0,-0.0,0,0
284,0.0,0.11089108910891086,0.15536669501729133,1.0,-0.0,0,0
285,0.0,0.11089108910891086,0.15536669501729133,1.0,-0.0,0,0
286,0.0,0.08118811881188118,0.13549532985786936,1.0,-0.0,0,0
287,0.0,0.007920792079207921,0.03900537743285587,1.0,-0.0,0,0
288,0.0,0.0,0.0,1.0,-0.0,0,0
289,0.0,0.0,0.0,1.0,-0.0,0,0
290,0.0,0.0,0.0,1.0,-0.0,0,0
291,0.0,0.0,0.0,1.0,-0.0,0,0
292,0.0,0.0,0.0,1.0,-0.0,0,0
293,0.0,0.021782178217821784,0.06836703565002801,1.0,-0.0,0,0
294,0.0,0.021782178217821784,0.06836703565002801,1.0,-0.0,0,0
295,0.0,0.06732673267326733,0.10255055347504201,1.0,-0.0,0,0
296,0.0,0.06732673267326733,0.10255055347504201,1.0,-0.0,0,0
297,0.0,0.06732673267326733,0.10255055347504201,1.0,-0.0,0,0
298,0.0,0.05544554455445545,0.09384550979067555,1.0,-0.0,0,0
299,0.0,0.08316831683168316,0.12978985828256584,1.0,-0.0,0,0
300,0.0,0.05940594059405942,0.10733330877518932,1.0,-0.0,0,0
301,0.0,0.07722772277227724,0.12576985749069639,1.0,-0.0,0,0
302,0.0,0.17623762376237626,0.18939639130642924,1.0,-0.0,0,0
303,0.0,0.19405940594059407,0.18552669588707663,1.0,-0.0,0,0
304,0.0,0.2118811881188119,0.19051110448801098,1.0,-0.0,0,0
305,0.0,0.1900990099009901,0.18103385739626768,1.0,-0.0,0,0
306,0.0,0.17821782178217818,0.17777723316802724,1.0,-0.0,0,0
307,0.0,0.0891089108910891,0.13342479626077636,1.0,-0.0,0,0
308,0.0,0.0613861386138614,0.10433219700847124,1.0,-0.0,0,0
309,0.0,0.015841584158415842,0.05401260078014202,1.0,-0.0,0,0
310,0.0,0.015841584158415842,0.05401260078014202,1.0,-0.0,0,0
311,0.0,0.009900990099009901,0.04338396495090425,1.0,-0.0,0,0
312,0.0,0.0,0.0,1.0,-0.0,0,0
313,0.0,0.0,0.0,1.0,-0.0,0,0
314,0.0,0.0,0.0,1.0,-0.0,0,0
315,0.0,0.0,0.0,1.0,-0.0,0,0
316,0.0,0.009900990099009901,0.04338396495090424,1.0,-0.0,0,0
317,0.0,0.009900990099009901,0.04338396495090424,1.0,-0.0,0,0
318,0.0,0.009900990099009901,0.04338396495090424,1.0,-0.0,0,0
319,0.0,0.009900990099009901,0.04338396495090424,1.0,-0.0,0,0
320,0.0,0.009900990099009901,0.04338396495090424,1.0,-0.0,0,0
321,0.0,0.0,0.0,1.0,-0.0,0,0
322,0.0,0.0,0.0,1.0,-0.0,0,0
323,0.0,0.0,0.0,1.0,-0.0,0,0
324,0.0,0.0,0.0,1.0,-0.0,0,0
325,0.0,0.0,0.0,1.0,-0.0,0,0
326,0.0,0.0,0.0,1.0,-0.0,0,0
327,0.0,0.0059405940594059415,0.03395332316729158,1.0,-0.0,0,0
328,0.0,0.0059405940594059415,0.03395332316729158,1.0,-0.0,0,0
329,0.0,0.0059405940594059415,0.03395332316729158,1.0,-0.0,0,0
330,0.0,0.009900990099009901,0.04338396495090425,1.0,-0.0,0,0
331,0.0,0.009900990099009901,0.04338396495090425,1.0,-0.0,0,0
332,0.0,0.0039603960396039604,0.027863855998951068,1.0,-0.0,0,0
333,0.0,0.0039603960396039604,0.027863855998951068,1.0,-0.0,0,0
334,0.0,0.0039603960396039604,0.027863855998951068,1.0,-0.0,0,0
335,0.0,0.0,0.0,1.0,-0.0,0,0
336,0.0,0.0019801980198019802,0.019801980198019802,1.0,-0.0,0,0
337,0.0,0.0019801980198019802,0.019801980198019802,1.0,-0.0,0,0
338,0.0,0.009900990099009901,0.04338396495090425,1.0,-0.0,0,0
339,0.0,0.009900990099009901,0.04338396495090425,1.0,-0.0,0,0
340,0.0,0.009900990099009901,0.04338396495090425,1.0,-0.0,0,0
341,0.0,0.007920792079207921,0.03900537743285587,1.0,-0.0,0,0
342,0.0,0.007920792079207921,0.03900537743285587,1.0,-0.0,0,0
343,0.0,0.0,0.0,1.0,-0.0,0,0
344,0.0,0.017821782178217824,0.056980176514606566,1.0,-0.0,0,0
345,0.0,0.039603960396039604,0.07970143286137867,1.0,-0.0,0,0
346,0.0,0.08712871287128714,0.1390657415135005,1.0,-0.0,0,0
347,0.0,0.11089108910891088,0.16283441756692102,1.0,-0.0,0,0
348,0.0,0.11089108910891088,0.16283441756692102,1.0,-0.0,0,0
349,0.0,0.10891089108910891,0.16774509769938514,1.0,-0.0,0,0
350,0.0,0.08712871287128712,0.15264231556912292,1.0,-0.0,0,0
351,0.0,0.041584158415841586,0.09039772047931348,1.0,-0.0,0,0
352,0.0,0.03762376237623763,0.08307396817189318,1.0,-0.0,0,0
353,0.0,0.061386138613861385,0.11166631429601336,1.0,-0.0,0,0
354,0.0,0.049504950495049514,0.1068206254198905,1.0,-0.0,0,0
355,0.0,0.08514851485148514,0.13304219431477882,1.0,-0.0,0,0
356,0.0,0.09108910891089109,0.13650445892763635,1.0,-0.0,0,0
357,0.0,0.0891089108910891,0.12734998170941406,1.0,-0.0,0,0
358,0.0,0.08118811881188118,0.11999411807954947,1.0,-0.0,0,0
359,0.2,0.11287128712871286,0.14188502271424044,0.2695813293766277,0.5693101893974304,0,0
360,0.4,0.16237623762376235,0.17283397009132112,0.08458630461026907,1.072699947997255,0,0
361,0.4,0.18019801980198016,0.17463954503246998,0.10408675222541426,0.9826045423580756,0,0
362,0.4,0.16237623762376235,0.16581719933036293,0.0759222700050671,1.1196308153866597,0,0
363,0.4,0.1465346534653465,0.16140739700843432,0.058167400890974795,1.2353203414608016,0,0
364,0.2,0.11881188118811878,0.14122019271030048,0.28267795627661374,0.5487080572363221,0,0
365,0.0,0.13762376237623763,0.16341133493685353,1.0,-0.0,0,0
366,0.0,0.13069306930693067,0.1577958163416755,1.0,-0.0,0,0
367,0.0,0.16831683168316827,0.1728793392928091,1.0,-0.0,0,0
368,0.0,0.1861386138613861,0.17856950998171084,1.0,-0.0,0,0
369,0.0,0.25346534653465347,0.20468007222847603,1.0,-0.0,0,0
370,0.0,0.18019801980198016,0.17463954503246998,1.0,-0.0,0,0
371,0.0,0.1603960396039604,0.15925520208224236,1.0,-0.0,0,0
372,0.0,0.12277227722772276,0.15148191286261606,1.0,-0.0,0,0
373,0.0,0.13168316831683166,0.1521663323044604,1.0,-0.0,0,0
374,0.0,0.06534653465346535,0.10939585993610405,1.0,-0.0,0,0
375,0.0,0.03762376237623763,0.08307396817189318,1.0,-0.0,0,0
376,0.0,0.04356435643564357,0.08721867542790196,1.0,-0.0,0,0
377,0.2,0.07722772277227723,0.11247106393000339,0.13750669912875157,0.8616761431153297,0,0
378,0.2,0.05148514851485149,0.09607532254026299,0.06107440442601417,1.214140759405803,0,0
379,0.2,0.039603960396039604,0.08908690597387718,0.0358952311958159,1.4449632450960652,0,0
380,0.2,0.11089108910891088,0.1420507440353343,0.26523019637673806,0.5763770331585043,0,0
381,0.2,0.12277227722772276,0.15407416763506465,0.30810205630421117,0.5113054031481944,0,0
382,0.0,0.0891089108910891,0.13636075485692528,1.0,-0.0,0,0
383,0.0,0.0891089108910891,0.13636075485692528,1.0,-0.0,0,0
384,0.0,0.0891089108910891,0.13636075485692528,1.0,-0.0,0,0
385,0.0,0.027722772277227727,0.07461957893630407,1.0,-0.0,0,0
386,0.0,0.009900990099009901,0.04338396495090424,1.0,-0.0,0,0
387,0.0,0.023762376237623766,0.07056843438101174,1.0,-0.0,0,0
388,0.0,0.033663366336633666,0.07994704648786674,1.0,-0.0,0,0
389,0.2,0.0594059405940594,0.10733330877518932,0.0951177364230414,1.0217384934469724,0,0
390,0.2,0.04950495049504951,0.09912864166957489,0.06448460512601864,1.190543955238279,0,0
391,0.2,0.06534653465346535,0.10939585993610405,0.10918337986089162,0.9618434658808062,0,0
392,0.2,0.057425742574257435,0.10656335878870264,0.0904597157907538,1.0435447810683363,0,0
393,0.2,0.05346534653465347,0.09704990696905226,0.0655357875709919,1.1835214771048093,0,0
394,0.2,0.04554455445544555,0.09283729243351321,0.04808399917069303,1.3179994190099724,0,0
395,0.4,0.12673267326732673,0.1609938742509136,0.04481268793200708,1.3485990056734802,0,0
396,0.4,0.14455445544554454,0.16914183369554556,0.06549050836122709,1.183821638405847,0,0
397,0.4,0.16831683168316827,0.18823342001292906,0.10919339729710965,0.9618036217423224,0,0
398,0.4,0.16237623762376235,0.1795767770099744,0.09287724463947457,1.0320906771586063,0,0
399,0.2,0.14455445544554454,0.16439221845954266,0.3679544372390059,0.4342059554589668,0,0
400,0.0,0.08712871287128714,0.12401163019288061,1.0,-0.0,0,0
401,0.2,0.08712871287128712,0.11050143705587097,0.15352151275051035,0.8138307588564677,0,0
402,0.2,0.0712871287128713,0.11110305060677654,0.12333004940280475,0.9089310945328979,0,0
403,0.2,0.07722772277227723,0.1124710639300034,0.13750669912875174,0.8616761431153293,0,0
404,0.2,0.09306930693069305,0.12762679639066946,0.20106059762379253,0.6966730309011007,0,0
405,0.2,0.10891089108910891,0.1503125521928582,0.27225803422868594,0.565019295521861,0,0
406,0.0,0.10495049504950495,0.14513649268759363,1.0,-0.0,0,0
407,0.0,0.13663366336633664,0.18005652153139495,1.0,-0.0,0,0
408,0.0,0.20594059405940596,0.21882756092738698,1.0,-0.0,0,0
409,0.0,0.22970297029702966,0.2056357225464898,1.0,-0.0,0,0
410,0.0,0.21584158415841578,0.20232934296150185,1.0,-0.0,0,0
411,0.0,0.18811881188118804,0.18842081022360838,1.0,-0.0,0,0
412,0.0,0.17227722772277226,0.1665722047113908,1.0,-0.0,0,0
413,0.0,0.11089108910891088,0.15279637008998356,1.0,-0.0,0,0
414,0.0,0.07920792079207921,0.1322440226302099,1.0,-0.0,0,0
415,0.0,0.05148514851485149,0.096075322540263,1.0,-0.0,0,0
416,0.0,0.05148514851485149,0.096075322540263,1.0,-0.0,0,0
417,0.0,0.021782178217821784,0.06230547612891991,1.0,-0.0,0,0
418,0.0,0.007920792079207921,0.03900537743285587,1.0,-0.0,0,0
419,0.0,0.0,0.0,1.0,-0.0,0,0
420,0.0,0.0,0.0,1.0,-0.0,0,0
421,0.0,0.0,0.0,1.0,-0.0,0,0
422,0.0,0.0,0.0,1.0,-0.0,0,0
423,0.0,0.0,0.0,1.0,-0.0,0,0
424,0.0,0.0,0.0,1.0,-0.0,0,0
425,0.0,0.0,0.0,1.0,-0.0,0,0
426,0.0,0.0,0.0,1.0,-0.0,0,0
427,0.0,0.0,0.0,1.0,-0.0,0,0
428,0.0,0.0,0.0,1.0,-0.0,0,0
429,0.0,0.007920792079207921,0.03900537743285587,1.0,-0.0,0,0
430,0.0,0.007920792079207921,0.03900537743285587,1.0,-0.0,0,0
431,0.0,0.007920792079207921,0.03900537743285587,1.0,-0.0,0,0
432,0.0,0.007920792079207921,0.03900537743285587,1.0,-0.0,0,0
433,0.0,0.007920792079207921,0.03900537743285587,1.0,-0.0,0,0
434,0.0,0.0,0.0,1.0,-0.0,0,0
435,0.0,0.009900990099009901,0.04338396495090424,1.0,-0.0,0,0
436,0.0,0.04950495049504951,0.09912864166957489,1.0,-0.0,0,0
437,0.0,0.11683168316831684,0.149632756335149,1.0,-0.0,0,0
438,0.0,0.12079207920792079,0.14913402284168503,1.0,-0.0,0,0
439,0.0,0.12079207920792079,0.14913402284168503,1.0,-0.0,0,0
440,0.0,0.11089108910891088,0.15018206119491911,1.0,-0.0,0,0
441,0.0,0.0712871287128713,0.11801714396634724,1.0,-0.0,0,0
442,0.0,0.0039603960396039604,0.027863855998951064,1.0,-0.0,0,0
443,0.0,0.0,0.0,1.0,-0.0,0,0
444,0.0,0.0,0.0,1.0,-0.0,0,0
445,0.0,0.0,0.0,1.0,-0.0,0,0
446,0.0,0.0,0.0,1.0,-0.0,0,0
447,0.0,0.0,0.0,1.0,-0.0,0,0
448,0.0,0.0,0.0,1.0,-0.0,0,0
449,0.0,0.0,0.0,1.0,-0.0,0,0
450,0.0,0.0,0.0,1.0,-0.0,0,0
451,0.0,0.0,0.0,1.0,-0.0,0,0
452,0.0,0.0,0.0,1.0,-0.0,0,0
453,0.0,0.0,0.0,1.0,-0.0,0,0
454,0.0,0.0,0.0,1.0,-0.0,0,0
455,0.0,0.0,0.0,1.0,-0.0,0,0
456,0.0,0.0,0.0,1.0,-0.0,0,0
457,0.0,0.0,0.0,1.0,-0.0,0,0
458,0.0,0.009900990099009901,0.04338396495090425,1.0,-0.0,0,0
459,0.0,0.009900990099009901,0.04338396495090425,1.0,-0.0,0,0
460,0.0,0.009900990099009901,0.04338396495090425,1.0,-0.0,0,0
461,0.0,0.009900990099009901,0.04338396495090425,1.0,-0.0,0,0
462,0.0,0.009900990099009901,0.04338396495090425,1.0,-0.0,0,0
463,0.0,0.0,0.0,1.0,-0.0,0,0
464,0.0,0.0,0.0,1.0,-0.0,0,0
465,0.0,0.0,0.0,1.0,-0.0,0,0
466,0.0,0.0,0.0,1.0,-0.0,0,0
467,0.0,0.0,0.0,1.0,-0.0,0,0
468,0.0,0.025742574257425745,0.0669763743575753,1.0,-0.0,0,0
469,0.0,0.025742574257425745,0.0669763743575753,1.0,-0.0,0,0
470,0.0,0.041584158415841586,0.09039772047931348,1.0,-0.0,0,0
471,0.0,0.07524752475247526,0.11205191564986226,1.0,-0.0,0,0
472,0.0,0.09504950495049502,0.1367053908443026,1.0,-0.0,0,0
473,0.0,0.06930693069306931,0.11751770396006173,1.0,-0.0,0,0
474,0.0,0.07326732673267328,0.11848138852793338,1.0,-0.0,0,0
475,0.0,0.10495049504950493,0.13377699607171908,1.0,-0.0,0,0
476,0.4,0.08712871287128714,0.12077584698595571,0.004791663301864013,2.3195137063282356,0,0
477,0.4,0.07524752475247526,0.11553229422427584,0.002469974202944899,2.607307582601543,0,0
478,0.4,0.11287128712871286,0.13024224675172555,0.013741989634856708,1.861950383369425,0,0
479,0.6,0.1386138613861386,0.14823736453237937,0.0009276064270782392,3.0326362509407514,0,0
480,0.6,0.12277227722772276,0.15148191286261606,0.0008152518114174274,3.0887082275570017,0,0
481,0.2,0.10693069306930691,0.13948804962658473,0.25231560183735696,0.598055894221315,0,0
482,0.2,0.09900990099009901,0.1367914141716479,0.23017274996365789,0.6379460935686512,1,0
483,0.2,0.07524752475247526,0.11553229422427584,0.140114268670204,0.8535176356692988,0,0
484,0.0,0.0712871287128713,0.09983812012638045,1.0,-0.0,0,0
485,0.0,0.03762376237623763,0.07816140339006158,1.0,-0.0,0,0
486,0.0,0.03762376237623763,0.07816140339006158,1.0,-0.0,0,0
487,0.0,0.05940594059405942,0.09138994660763826,1.0,-0.0,0,0
488,0.0,0.04554455445544555,0.08387254884969256,1.0,-0.0,0,0
489,0.0,0.021782178217821784,0.06230547612891991,1.0,-0.0,0,0
490,0.0,0.033663366336633666,0.07482947971362845,1.0,-0.0,0,0
491,0.0,0.04554455445544554,0.09700949476369024,1.0,-0.0,0,0
492,0.2,0.04950495049504951,0.09504950495049506,0.056672754609762926,1.2466256777282645,0,0
493,0.2,0.04950495049504951,0.09504950495049506,0.056672754609762926,1.2466256777282645,0,0
494,0.2,0.0910891089108911,0.13357165904190144,0.20742906007312073,0.6831304005732743,0,0
495,0.4,0.14653465346534655,0.1614073970084343,0.058167400890974795,1.2353203414608016,0,0
496,0.6,0.17029702970297028,0.17662655937408128,0.007490598761263228,2.125483465568996,0,0
497,0.4,0.14455445544554454,0.16439221845954263,0.060106692756086696,1.2210771675112753,0,0
498,0.4,0.14455445544554454,0.16439221845954263,0.060106692756086696,1.2210771675112753,0,0
499,0.4,0.10099009900990098,0.1531808285609007,0.025468744367692316,1.5939924656223508,0,0
500,0.4,0.06534653465346535,0.1164113937164283,0.0020217479758393043,2.69427298302989,0,0
501,0.2,0.0297029702970297,0.07112192077650681,0.008322928729312118,2.079723824290396,0,0
502,0.2,0.0297029702970297,0.07112192077650681,0.008322928729312118,2.079723824290396,0,0
503,0.2,0.0297029702970297,0.07112192077650681,0.008322928729312118,2.079723824290396,0,0
504,0.2,0.0297029702970297,0.07112192077650681,0.008322928729312118,2.079723824290396,0,0
505,0.0,0.033663366336633666,0.08475617647141663,1.0,-0.0,0,0
506,0.0,0.04554455445544555,0.09283729243351321,1.0,-0.0,0,0
507,0.0,0.04554455445544555,0.09283729243351321,1.0,-0.0,0,0
508,0.2,0.09504950495049502,0.13078304733432372,0.21113830602558953,0.6754329671360485,0,0
509,0.2,0.1564356435643564,0.16314716771521567,0.39472499407136274,0.4037053731139801,0,0
510,0.2,0.16435643564356434,0.16264165701687977,0.4132650563523008,0.38377131495771094,0,0
511,0.2,0.16831683168316833,0.16823527435849067,0.42531033805401197,0.37129406072532756,0,0
512,0.2,0.16831683168316833,0.16823527435849067,0.42531033805401197,0.37129406072532756,0,0
513,0.0,0.12376237623762375,0.1401191253095801,1.0,-0.0,0,0
514,0.0,0.09504950495049505,0.14784005112815915,1.0,-0.0,0,0
515,0.0,0.07326732673267328,0.11509022642946842,1.0,-0.0,0,0
516,0.0,0.06534653465346535,0.10939585993610405,1.0,-0.0,0,0
517,0.0,0.06930693069306931,0.11057238501634628,1.0,-0.0,0,0
518,0.0,0.06336633663366337,0.10504385908811757,1.0,-0.0,0,0
519,0.0,0.031683168316831684,0.07826167463512675,1.0,-0.0,0,0
520,0.0,0.011881188118811883,0.047276579747775535,1.0,-0.0,0,0
521,0.0,0.0039603960396039604,0.027863855998951064,1.0,-0.0,0,0
522,0.0,0.015841584158415842,0.05401260078014201,1.0,-0.0,0,0
523,0.0,0.061386138613861385,0.10433219700847123,1.0,-0.0,0,0
524,0.0,0.08118811881188118,0.12325042629382525,1.0,-0.0,0,0
525,0.0,0.08514851485148514,0.1269490726718781,1.0,-0.0,0,0
526,0.0,0.10099009900990098,0.1367914141716479,1.0,-0.0,0,0
527,0.0,0.09702970297029702,0.13383560593042218,1.0,-0.0,0,0
528,0.0,0.08514851485148514,0.1172170185104851,1.0,-0.0,0,0
529,0.0,0.07524752475247526,0.1189108498693262,1.0,-0.0,0,0
530,0.0,0.09108910891089109,0.13057300215314485,1.0,-0.0,0,0
531,0.0,0.08514851485148514,0.13886822488939993,1.0,-0.0,0,0
532,0.0,0.17821782178217818,0.18647536422960084,1.0,-0.0,0,0
533,0.0,0.16237623762376235,0.17511042352027043,1.0,-0.0,0,0
534,0.0,0.15247524752475247,0.17382935720677029,1.0,-0.0,0,0
535,0.0,0.13168316831683166,0.15474712241238045,1.0,-0.0,0,0
536,0.0,0.1386138613861386,0.1585642868844958,1.0,-0.0,0,0
537,0.0,0.033663366336633666,0.07994704648786674,1.0,-0.0,0,0
538,0.0,0.025742574257425745,0.07264925278354115,1.0,-0.0,0,0
539,0.0,0.025742574257425745,0.07264925278354115,1.0,-0.0,0,0
540,0.0,0.025742574257425745,0.07264925278354115,1.0,-0.0,0,0
541,0.0,0.009900990099009901,0.04338396495090424,1.0,-0.0,0,0
542,0.0,0.009900990099009901,0.04338396495090424,1.0,-0.0,0,0
543,0.0,0.0,0.0,1.0,-0.0,0,0
544,0.0,0.0,0.0,1.0,-0.0,0,0
545,0.0,0.01386138613861386,0.05079507064705212,1.0,-0.0,0,0
546,0.0,0.02970297029702971,0.08150144802873932,1.0,-0.0,0,0
547,0.0,0.02970297029702971,0.08150144802873932,1.0,-0.0,0,0
548,0.0,0.02970297029702971,0.08150144802873932,1.0,-0.0,0,0
549,0.0,0.02970297029702971,0.08150144802873932,1.0,-0.0,0,0
550,0.0,0.015841584158415842,0.054012600780142014,1.0,-0.0,0,0
551,0.0,0.0,0.0,1.0,-0.0,0,0
552,0.0,0.0,0.0,1.0,-0.0,0,0
553,0.0,0.0,0.0,1.0,-0.0,0,0
554,0.0,0.0,0.0,1.0,-0.0,0,0
555,0.0,0.0,0.0,1.0,-0.0,0,0
556,0.0,0.0,0.0,1.0,-0.0,0,0
557,0.0,0.0,0.0,1.0,-0.0,0,0
558,0.0,0.0,0.0,1.0,-0.0,0,0
559,0.0,0.009900990099009901,0.04338396495090425,1.0,-0.0,0,0
560,0.0,0.06336633663366337,0.10874875419996817,1.0,-0.0,0,0
561,0.2,0.07524752475247526,0.11891084986932618,0.14706004433802256,0.8325053074261877,0,0
562,0.2,0.07524752475247526,0.11891084986932618,0.14706004433802256,0.8325053074261877,0,0
563,0.2,0.07920792079207921,0.12293186689242579,0.16290372061051445,0.7880689965867439,0,0
564,0.2,0.1188118811881188,0.15202453637757812,0.29665480149204637,0.5277486180171558,0,0
565,0.2,0.06534653465346535,0.12302752132284411,0.13686815291931304,0.8636975936513454,0,0
566,0.0,0.07722772277227724,0.12888031758632065,1.0,-0.0,0,0
567,0.0,0.10495049504950495,0.15566925946165186,1.0,-0.0,0,0
568,0.0,0.10495049504950495,0.1606769328720855,1.0,-0.0,0,0
569,0.0,0.0613861386138614,0.11515834731523734,1.0,-0.0,0,0
570,0.0,0.09900990099009899,0.15057319492752774,1.0,-0.0,0,0
571,0.0,0.12871287128712872,0.1630990913423683,1.0,-0.0,0,0
572,0.0,0.2594059405940594,0.20975148795034235,1.0,-0.0,0,0
573,0.0,0.4396039603960396,0.2772135781398656,1.0,-0.0,0,0
574,0.0,0.5623762376237623,0.31303417241367726,1.0,-0.0,0,0
575,0.0,0.601980198019802,0.34064010740985623,1.0,-0.0,0,0
576,0.0,0.6019801980198021,0.354317136575763,1.0,-0.0,0,0
577,0.0,0.46138613861386146,0.31433421610098755,1.0,-0.0,0,0
578,0.0,0.38217821782178213,0.3071414160065796,1.0,-0.0,0,0
579,0.0,0.2613861386138614,0.24003724835937693,1.0,-0.0,0,0
580,0.0,0.22970297029702966,0.21504986962753755,1.0,-0.0,0,0
581,0.0,0.17623762376237626,0.18516704518908453,1.0,-0.0,0,0
582,0.2,0.2415841584158416,0.21307151531852703,1.0,-0.0,0,0
583,0.2,0.1603960396039604,0.16890984643276136,0.4073108215803858,0.390074051268743,0,0
584,0.2,0.15247524752475247,0.1644637607354148,0.3863029596859729,0.4130719644662017,0,0
585,0.4,0.16435643564356434,0.18752381151289846,0.10444815344772647,0.9810992335635363,0,0
586,0.4,0.18415841584158413,0.20232934296150187,0.1430348283906247,0.8445582007434687,0,0
587,0.4,0.13564356435643565,0.16625410493902865,0.055908991058546624,1.2525183450094268,0,0
588,0.4,0.12475247524752475,0.1511709677939985,0.03432093244715043,1.46444092154737,0,0
589,0.4,0.12475247524752475,0.1511709677939985,0.03432093244715043,1.46444092154737,0,0
590,0.2,0.06732673267326733,0.11000352009767247,0.11389293410569636,0.9435032186258506,0,0
591,0.2,0.07722772277227724,0.11930590361498669,0.15172703225002876,0.8189370368062708,0,0
592,0.0,0.041584158415841586,0.08590499787518362,1.0,-0.0,0,0
593,0.0,0.04356435643564357,0.08721867542790195,1.0,-0.0,0,0
594,0.0,0.04356435643564357,0.08721867542790195,1.0,-0.0,0,0
595,0.0,0.04356435643564357,0.08721867542790195,1.0,-0.0,0,0
596,0.0,0.019801980198019806,0.059735061897023184,1.0,-0.0,0,0
597,0.0,0.04356435643564357,0.08255312311158745,1.0,-0.0,0,0
598,0.0,0.029702970297029712,0.07112192077650681,1.0,-0.0,0,0
599,0.0,0.029702970297029712,0.07112192077650681,1.0,-0.0,0,0
600,0.0,0.04752475247524753,0.08965727859541997,1.0,-0.0,0,0
601,0.0,0.041584158415841586,0.08590499787518362,1.0,-0.0,0,0
602,0.0,0.017821782178217824,0.056980176514606566,1.0,-0.0,0,0
603,0.0,0.017821782178217824,0.056980176514606566,1.0,-0.0,0,0
604,0.0,0.017821782178217824,0.056980176514606566,1.0,-0.0,0,0
605,0.0,0.007920792079207921,0.03900537743285587,1.0,-0.0,0,0
606,0.2,0.05148514851485149,0.09186070102766893,0.052967229359378705,1.2759927437984668,0,0
607,0.2,0.06732673267326733,0.102550553475042,0.09787844017657178,1.009312960326638,0,0
608,0.2,0.09306930693069307,0.12126186845461279,0.188938075772638,0.7236805120007752,0,0
609,0.2,0.09702970297029702,0.124642415697871,0.20436640857029564,0.6895904870669047,0,0
610,0.2,0.14455445544554454,0.18046982004062492,0.3793345742235016,0.42097757198168756,0,0
611,0.0,0.10099009900990098,0.14791959918402456,1.0,-0.0,0,0
612,0.0,0.08514851485148514,0.14169143619800648,1.0,-0.0,0,0
613,0.0,0.0594059405940594,0.1178841668604928,1.0,-0.0,0,0
614,0.0,0.05544554455445544,0.11299281281336322,1.0,-0.0,0,0
615,0.0,0.0,0.0,1.0,-0.0,0,0
616,0.0,0.019801980198019806,0.059735061897023184,1.0,-0.0,0,0
617,0.0,0.019801980198019806,0.059735061897023184,1.0,-0.0,0,0
618,0.0,0.019801980198019806,0.059735061897023184,1.0,-0.0,0,0
619,0.0,0.019801980198019806,0.059735061897023184,1.0,-0.0,0,0
620,0.0,0.019801980198019806,0.059735061897023184,1.0,-0.0,0,0
621,0.0,0.0,0.0,1.0,-0.0,0,0
622,0.0,0.0,0.0,1.0,-0.0,0,0
623,0.0,0.0,0.0,1.0,-0.0,0,0
624,0.0,0.0,0.0,1.0,-0.0,0,0
625,0.0,0.011881188118811883,0.047276579747775535,1.0,-0.0,0,0
626,0.0,0.011881188118811883,0.047276579747775535,1.0,-0.0,0,0
627,0.0,0.061386138613861385,0.11515834731523734,1.0,-0.0,0,0
628,0.2,0.09900990099009901,0.14791959918402456,0.24738670286539155,0.6066236475823373,0,0
629,0.2,0.12079207920792079,0.1618683193480064,0.31230208329752296,0.505425118678541,0,0
630,0.2,0.1188118811881188,0.1669249379461988,0.31335065170694054,0.5039693977170538,0,0
631,0.2,0.1188118811881188,0.1669249379461988,0.31335065170694054,0.5039693977170538,0,0
632,0.2,0.06930693069306931,0.1303024465454424,0.15793095749934505,0.8015327315917935,0,0
633,0.0,0.031683168316831684,0.08316831683168317,1.0,-0.0,0,0
634,0.0,0.009900990099009901,0.04338396495090424,1.0,-0.0,0,0
635,0.0,0.0,0.0,1.0,-0.0,0,0
636,0.0,0.0,0.0,1.0,-0.0,0,0
637,0.0,0.0,0.0,1.0,-0.0,0,0
638,0.0,0.0,0.0,1.0,-0.0,0,0
639,0.0,0.0,0.0,1.0,-0.0,0,0
640,0.2,0.10099009900990098,0.1367914141716479,0.23459364655241438,0.6296837539621412,0,0
641,0.2,0.10099009900990098,0.1367914141716479,0.23459364655241438,0.6296837539621412,0,0
642,0.2,0.16435643564356434,0.17664875840130073,0.42004573548133184,0.3767034201121342,0,0
643,0.2,0.19207920792079203,0.1886288032334235,0.4832527673218079,0.3158256503275528,0,0
644,0.2,0.21980198019801972,0.20000980272026073,1.0,-0.0,0,0
645,0.0,0.1386138613861386,0.15604664003838054,1.0,-0.0,0,0
646,0.0,0.1386138613861386,0.15604664003838054,1.0,-0.0,0,0
647,0.0,0.07524752475247526,0.11553229422427584,1.0,-0.0,0,0
648,0.0,0.0871287128712871,0.127165103825761,1.0,-0.0,0,0
649,0.0,0.0594059405940594,0.10357779667819421,1.0,-0.0,0,0
650,0.0,0.04752475247524753,0.08512548617902843,1.0,-0.0,0,0
651,0.0,0.0891089108910891,0.10707727393739223,1.0,-0.0,0,0
652,0.0,0.0891089108910891,0.10707727393739223,1.0,-0.0,0,0
653,0.0,0.097029702970297,0.12142344330103676,1.0,-0.0,0,0
654,0.4,0.38019801980198026,0.24129182117588616,0.46729690801634505,0.33040709258125495,0,0
655,0.4,0.41386138613861395,0.2552535927813389,1.0,-0.0,0,0
656,0.4,0.39801980198019804,0.24775434896216003,0.4968114533360847,0.30380840062671655,0,0
657,0.4,0.40594059405940597,0.254006229820778,1.0,-0.0,0,0
658,0.4,0.3782178217821782,0.24357240588807844,0.46437091021658394,0.3331349937743616,0,0
659,0.0,0.09504950495049502,0.12771893462651168,1.0,-0.0,0,0
660,0.0,0.08712871287128712,0.11745095149573798,1.0,-0.0,0,0
661,0.0,0.061386138613861385,0.10046456153636296,1.0,-0.0,0,0
662,0.0,0.17425742574257425,0.18597001000988353,1.0,-0.0,0,0
663,0.0,0.15445544554455443,0.17994760099542703,1.0,-0.0,0,0
664,0.0,0.15445544554455443,0.17994760099542703,1.0,-0.0,0,0
665,0.0,0.11881188118811879,0.14939672169394072,1.0,-0.0,0,0
666,0.0,0.11881188118811879,0.14939672169394072,1.0,-0.0,0,0
667,0.0,0.0,0.0,1.0,-0.0,0,0
668,0.0,0.09108910891089109,0.11781762202489916,1.0,-0.0,0,0
669,0.0,0.14257425742574253,0.14443233686186507,1.0,-0.0,0,0
670,0.0,0.19801980198019797,0.179095747399525,1.0,-0.0,0,0
671,0.0,0.2633663366336633,0.19484585035722787,1.0,-0.0,0,0
672,0.0,0.2772277227722772,0.20483327589680397,1.0,-0.0,0,0
673,0.0,0.21980198019801975,0.19192603875585632,1.0,-0.0,0,0
674,0.0,0.1881188118811881,0.17308335353197749,1.0,-0.0,0,0
675,0.4,0.17821782178217818,0.19067569294591244,0.12238672207695896,0.9122656969086465,0,0
676,0.4,0.16633663366336632,0.18683249644342295,0.10552982558241482,0.9766247796530784,0,0
677,0.4,0.15247524752475247,0.17153590358580373,0.07451151359562223,1.1277766144369334,0,0
678,0.4,0.16237623762376235,0.17052712983454243,0.08173945547811313,1.087568259744543,0,0
679,0.4,0.16435643564356434,0.17210643633774866,0.08547253050675464,1.0681734380924404,0,0
680,0.2,0.1801980198019802,0.19600959866383083,0.45976508354080486,0.3374640139309217,0,0
681,0.2,0.13861386138613857,0.15348770198080078,0.3445997140219068,0.4626850873022659,0,0
682,0.2,0.13861386138613857,0.15348770198080078,0.3445997140219068,0.4626850873022659,0,0
683,0.2,0.15148514851485148,0.18272625274656,0.3953099811202668,0.4030622200847275,0,0
684,0.2,0.17227722772277226,0.17806373977319878,0.4381386265705655,0.3583884574655839,0,0
685,0.0,0.10891089108910891,0.1529246303073887,1.0,-0.0,0,0
686,0.0,0.09702970297029702,0.14789308791950767,1.0,-0.0,0,0
687,0.0,0.09702970297029702,0.14789308791950767,1.0,-0.0,0,0
688,0.0,0.039603960396039604,0.08452453849668534,1.0,-0.0,0,0
689,0.0,0.0,0.0,1.0,-0.0,0,0
690,0.0,0.0,0.0,1.0,-0.0,0,0
691,0.0,0.0,0.0,1.0,-0.0,0,0
692,0.2,0.033663366336633666,0.08475617647141663,0.024850340762334614,1.6046676515911364,0,0
693,0.2,0.039603960396039604,0.08908690597387718,0.0358952311958159,1.4449632450960652,0,0
694,0.2,0.039603960396039604,0.08908690597387718,0.0358952311958159,1.4449632450960652,0,0
695,0.2,0.07326732673267328,0.11848138852793338,0.14239023387273103,0.8465197966586488,0,0
696,0.2,0.07326732673267328,0.11848138852793338,0.14239023387273103,0.8465197966586488,0,0
697,0.0,0.04554455445544554,0.08846854615322249,1.0,-0.0,0,0
698,0.0,0.039603960396039604,0.08452453849668534,1.0,-0.0,0,0
699,0.0,0.039603960396039604,0.08452453849668534,1.0,-0.0,0,0
700,0.2,0.019801980198019802,0.0597350618970232,0.0012780474741147156,2.893453013655617,0,0
701,0.2,0.019801980198019802,0.0597350618970232,0.0012780474741147156,2.893453013655617,0,0
702,0.2,0.013861386138613863,0.05079507064705211,0.00012391038159364294,3.90689230556944,0,0
703,0.2,0.013861386138613863,0.05079507064705211,0.00012391038159364294,3.90689230556944,0,0
704,0.2,0.013861386138613863,0.05079507064705211,0.00012391038159364294,3.90689230556944,0,0
705,0.0,0.19999999999999998,0.18020889968243098,1.0,-0.0,0,0
706,0.0,0.23564356435643558,0.1896239939782038,1.0,-0.0,0,0
707,0.0,0.24356435643564353,0.18584345673901093,1.0,-0.0,0,0
708,0.0,0.24356435643564353,0.18584345673901093,1.0,-0.0,0,0
709,0.0,0.24356435643564353,0.18584345673901093,1.0,-0.0,0,0
710,0.0,0.043564356435643575,0.08255312311158745,1.0,-0.0,0,0
711,0.0,0.009900990099009901,0.04338396495090425,1.0,-0.0,0,0
712,0.2,0.013861386138613863,0.05079507064705211,0.00012391038159364294,3.90689230556944,0,0
713,0.4,0.15445544554455443,0.14860723199440565,0.04923613906429933,1.3077160103469756,0,0
714,0.4,0.1603960396039604,0.14897618117864575,0.05388065446084829,1.2685671377632903,0,0
715,0.4,0.1603960396039604,0.14897618117864575,0.05388065446084829,1.2685671377632903,0,0
716,0.4,0.2376237623762376,0.17735766020493526,0.1799567614129693,0.7448318312051402,0,0
717,0.2,0.24158415841584158,0.1956291332313421,1.0,-0.0,0,0
718,0.0,0.100990099009901,0.13965661530697393,1.0,-0.0,0,0
719,0.0,0.14851485148514854,0.15325760452189582,1.0,-0.0,0,0
720,0.0,0.1900990099009901,0.17206086333646303,1.0,-0.0,0,0
721,0.0,0.22772277227722768,0.2030065169325038,1.0,-0.0,0,0
722,0.0,0.22772277227722773,0.21253715429700973,1.0,-0.0,0,0
723,0.0,0.2376237623762376,0.2192929615826872,1.0,-0.0,0,0
724,0.0,0.19801980198019797,0.19598959258073068,1.0,-0.0,0,0
725,0.0,0.17425742574257425,0.18808754299792685,1.0,-0.0,0,0
726,0.0,0.09306930693069305,0.13661931335176508,1.0,-0.0,0,0
727,0.0,0.08118811881188118,0.14122019271030048,1.0,-0.0,0,0
728,0.0,0.07920792079207921,0.1261123431927973,1.0,-0.0,0,0
729,0.0,0.07920792079207921,0.1322440226302099,1.0,-0.0,0,0
730,0.0,0.09108910891089109,0.13357165904190144,1.0,-0.0,0,0
731,0.0,0.05346534653465347,0.10860442931328386,1.0,-0.0,0,0
732,0.0,0.049504950495049514,0.1068206254198905,1.0,-0.0,0,0
733,0.0,0.07326732673267328,0.12498799079651088,1.0,-0.0,0,0
734,0.0,0.07326732673267326,0.11848138852793337,1.0,-0.0,0,0
735,0.0,0.05148514851485149,0.10399339410297731,1.0,-0.0,0,0
736,0.0,0.09108910891089109,0.13057300215314485,1.0,-0.0,0,0
737,0.0,0.11287128712871286,0.14736186103080443,1.0,-0.0,0,0
738,0.0,0.08118811881188118,0.12325042629382527,1.0,-0.0,0,0
739,0.0,0.1168316831683168,0.12353642740976015,1.0,-0.0,0,0
740,0.0,0.1069306930693069,0.12448501897427097,1.0,-0.0,0,0
741,0.0,0.0712871287128713,0.11801714396634724,1.0,-0.0,0,0
742,0.0,0.049504950495049514,0.08631483056516186,1.0,-0.0,0,0
743,0.0,0.049504950495049514,0.08631483056516186,1.0,-0.0,0,0
744,0.0,0.0039603960396039604,0.027863855998951064,1.0,-0.0,0,0
745,0.0,0.05940594059405942,0.0996808946427978,1.0,-0.0,0,0
746,0.0,0.06534653465346535,0.10939585993610405,1.0,-0.0,1,0
747,0.0,0.09504950495049505,0.14238160801780242,1.0,-0.0,0,0
748,0.0,0.09504950495049505,0.14238160801780242,1.0,-0.0,0,0
749,0.0,0.10297029702970298,0.14519051706790778,1.0,-0.0,0,0
750,0.0,0.04752475247524753,0.10205226714237721,1.0,-0.0,0,0
751,0.2,0.057425742574257435,0.10656335878870266,0.09045971579075386,1.0435447810683358,0,0
752,0.2,0.027722772277227727,0.07461957893630407,0.010478998804251384,1.9796802091996195,0,0
753,0.2,0.027722772277227727,0.07461957893630407,0.010478998804251384,1.9796802091996195,0,0
754,0.2,0.019801980198019802,0.06603299802191315,0.003177215148072976,2.4979533755231182,0,0
755,0.4,0.05544554455445545,0.09797478714338996,0.00021841889085960997,3.660709802591431,0,0
756,0.2,0.03564356435643565,0.08154954567118416,0.021930426384501912,1.6589529244266183,0,0
757,0.4,0.05346534653465347,0.10104832334394513,0.0003024637961133197,3.5193266014715943,0,0
758,0.6,0.07524752475247526,0.11553229422427584,2.785603469279752e-06,5.555080705342154,0,0
759,0.6,0.07524752475247526,0.11553229422427584,2.785603469279752e-06,5.555080705342154,0,0
760,0.6,0.1504950495049505,0.1551899266764091,0.0018868567521557076,2.724261069686569,0,0
761,0.6,0.17227722772277224,0.1567736666367484,0.0031832578184098855,2.497128185576822,0,0
762,0.4,0.1584158415841584,0.14709552815265856,0.05025746554667061,1.2987994163970227,0,0
763,0.2,0.18019801980198016,0.16769833948309013,0.45300175650568253,0.3439001140153218,0,0
764,0.2,0.18019801980198016,0.16769833948309013,0.45300175650568253,0.3439001140153218,0,0
765,0.0,0.06930693069306931,0.12084076279122662,1.0,-0.0,0,0
766,0.0,0.04752475247524753,0.10586191211583094,1.0,-0.0,0,0
767,0.0,0.04356435643564356,0.09991664009142864,1.0,-0.0,0,0
768,0.0,0.0,0.0,1.0,-0.0,0,0
769,0.0,0.0,0.0,1.0,-0.0,0,0
770,0.0,0.0039603960396039604,0.027863855998951064,1.0,-0.0,0,0
771,0.0,0.03762376237623763,0.07816140339006158,1.0,-0.0,0,0
772,0.0,0.07326732673267328,0.11509022642946842,1.0,-0.0,0,0
773,0.0,0.07326732673267328,0.11509022642946842,1.0,-0.0,0,0
774,0.0,0.07326732673267328,0.11509022642946842,1.0,-0.0,0,0
775,0.0,0.06930693069306931,0.11409790329416186,1.0,-0.0,0,0
776,0.0,0.03564356435643565,0.08154954567118416,1.0,-0.0,0,0
777,0.0,0.0,0.0,1.0,-0.0,0,0
778,0.0,0.0,0.0,1.0,-0.0,0,0
779,0.0,0.0,0.0,1.0,-0.0,0,0
780,0.0,0.0,0.0,1.0,-0.0,0,0
781,0.0,0.0,0.0,1.0,-0.0,0,0
782,0.0,0.0,0.0,1.0,-0.0,0,0
783,0.0,0.0,0.0,1.0,-0.0,0,0
784,0.0,0.025742574257425745,0.07264925278354115,1.0,-0.0,0,0
785,0.0,0.039603960396039604,0.09342674148186496,1.0,-0.0,0,0
786,0.0,0.039603960396039604,0.09342674148186496,1.0,-0.0,0,0
787,0.0,0.07920792079207921,0.12611234319279727,1.0,-0.0,0,0
788,0.2,0.13663366336633664,0.18005652153139495,0.36244736881697714,0.4407550486567192,0,0
789,0.2,0.20198019801980194,0.20965799497134932,1.0,-0.0,0,0
790,0.2,0.19009900990099005,0.19975477565019395,0.48023423062127163,0.3185468870942875,0,0
791,0.2,0.31683168316831684,0.262911838903806,1.0,-0.0,0,0
792,0.2,0.30891089108910885,0.26329932892823227,1.0,-0.0,0,0
793,0.0,0.27722772277227725,0.257897511349297,1.0,-0.0,0,0
794,0.0,0.1881188118811881,0.19462435446028697,1.0,-0.0,0,0
795,0.0,0.2079207920792079,0.21233411384966644,1.0,-0.0,0,0
796,0.2,0.12574257425742574,0.14532549015373286,0.30468492353471954,0.516149035070633,0,0
797,0.2,0.09306930693069307,0.12126186845461279,0.188938075772638,0.7236805120007752,0,0
798,0.2,0.06732673267326733,0.10634234916512914,0.10608783743468066,0.9743344034481476,0,0
799,0.2,0.06732673267326733,0.10634234916512914,0.10608783743468066,0.9743344034481476,0,0
800,0.2,0.09306930693069305,0.12448501897427097,0.19517455309290543,0.7095768064016368,0,0
801,0.0,0.047524752475247525,0.08512548617902845,1.0,-0.0,0,0
802,0.0,0.047524752475247525,0.08512548617902845,1.0,-0.0,0,0
803,0.0,0.047524752475247525,0.08512548617902845,1.0,-0.0,0,0
804,0.0,0.05544554455445545,0.09797478714338997,1.0,-0.0,0,0
805,0.0,0.03564356435643565,0.09908907725304397,1.0,-0.0,0,0
806,0.0,0.03564356435643565,0.09908907725304397,1.0,-0.0,0,0
807,0.0,0.03564356435643565,0.09908907725304397,1.0,-0.0,0,0
808,0.0,0.06732673267326733,0.12032045569079852,1.0,-0.0,0,0
809,0.0,0.08316831683168316,0.1135121635482496,1.0,-0.0,0,0
810,0.0,0.07524752475247526,0.10089298378500594,1.0,-0.0,0,0
811,0.0,0.07524752475247526,0.10089298378500594,1.0,-0.0,0,0
812,0.0,0.09702970297029702,0.12142344330103676,1.0,-0.0,0,0
813,0.0,0.07722772277227721,0.11593886073904516,1.0,-0.0,0,0
814,0.0,0.06930693069306931,0.12407485305204392,1.0,-0.0,0,0
815,0.0,0.07524752475247526,0.11205191564986226,1.0,-0.0,0,0
816,0.0,0.08316831683168316,0.12028786177019754,1.0,-0.0,0,0
817,0.0,0.15445544554455443,0.15639804034834157,1.0,-0.0,0,0
818,0.0,0.14257425742574256,0.15243666735776418,1.0,-0.0,0,0
819,0.0,0.12574257425742572,0.14532549015373283,1.0,-0.0,0,0
820,0.0,0.15247524752475247,0.16921136785416444,1.0,-0.0,0,0
821,0.0,0.17227722772277226,0.1665722047113908,1.0,-0.0,0,0
822,0.2,0.1584158415841584,0.17421241542909127,0.4056698765562471,0.3918272400923491,0,0
823,0.2,0.1584158415841584,0.17421241542909127,0.4056698765562471,0.3918272400923491,0,0
824,0.2,0.1584158415841584,0.17421241542909127,0.4056698765562471,0.3918272400923491,0,0
825,0.2,0.1603960396039604,0.16890984643276136,0.4073108215803858,0.390074051268743,0,0
826,0.2,0.17029702970297025,0.1697666158364579,0.43055413611371496,0.36597223436756976,0,0
827,0.0,0.11584158415841583,0.1264383959631253,1.0,-0.0,0,0
828,0.0,0.11584158415841583,0.1264383959631253,1.0,-0.0,0,0
829,0.0,0.11980198019801978,0.13202145188739237,1.0,-0.0,0,0
830,0.0,0.06534653465346535,0.11295810453031022,1.0,-0.0,0,0
831,0.0,0.027722772277227727,0.07461957893630407,1.0,-0.0,0,0
832,0.0,0.0039603960396039604,0.027863855998951064,1.0,-0.0,0,0
833,0.0,0.0039603960396039604,0.027863855998951064,1.0,-0.0,0,0
834,0.0,0.011881188118811883,0.047276579747775535,1.0,-0.0,0,0
835,0.0,0.03762376237623763,0.08307396817189318,1.0,-0.0,0,0
836,0.0,0.07920792079207921,0.1292145592164392,1.0,-0.0,0,0
837,0.2,0.14455445544554457,0.1826511296253498,0.38073163231513507,0.4193810392108205,0,0
838,0.2,0.14455445544554457,0.1826511296253498,0.38073163231513507,0.4193810392108205,0,0
839,0.2,0.17821782178217818,0.19067569294591244,0.454525046113909,0.34244218045221203,0,0
840,0.2,0.15247524752475247,0.1644637607354148,0.3863029596859729,0.4130719644662017,0,0
841,0.2,0.10891089108910891,0.14494724878689189,0.26486134954069185,0.5769814124309087,0,0
842,0.0,0.04752475247524753,0.08965727859541997,1.0,-0.0,0,0
843,0.0,0.09108910891089109,0.12750384183766536,1.0,-0.0,0,0
844,0.0,0.04950495049504951,0.09078727434730813,1.0,-0.0,0,0
845,0.0,0.08514851485148514,0.1172170185104851,1.0,-0.0,0,0
846,0.0,0.09504950495049505,0.12457948087149176,1.0,-0.0,0,0
847,0.0,0.19405940594059404,0.17452724385370855,1.0,-0.0,0,0
848,0.0,0.16435643564356434,0.1697897117641665,1.0,-0.0,0,0
849,0.0,0.16237623762376235,0.17052712983454246,1.0,-0.0,0,0
850,0.0,0.12475247524752472,0.16131019290626772,1.0,-0.0,0,0
851,0.0,0.11485148514851483,0.15757201001249713,1.0,-0.0,0,0
852,0.0,0.015841584158415842,0.06090517425437506,1.0,-0.0,0,0
853,0.0,0.009900990099009901,0.043383964950904234,1.0,-0.0,1,0
854,0.0,0.009900990099009901,0.043383964950904234,1.0,-0.0,0,0
855,0.0,0.03762376237623762,0.08307396817189318,1.0,-0.0,0,0
856,0.0,0.12475247524752475,0.1511709677939985,1.0,-0.0,0,0
857,0.0,0.1386138613861386,0.1610425790997818,1.0,-0.0,0,0
858,0.0,0.15445544554455443,0.166218722942046,1.0,-0.0,0,0
859,0.0,0.1762376237623762,0.18301572450512466,1.0,-0.0,0,0
860,0.4,0.18217821782178212,0.18042635951740818,0.11366574254798113,0.9443704065888412,0,0
861,0.4,0.09306930693069307,0.13948804962658476,0.01388896188446743,1.857330213923725,0,0
862,0.4,0.07920792079207921,0.11966689053257921,0.0036733214503492837,2.434941065119345,0,0
863,0.4,0.06336633663366337,0.10874875419996817,0.0009823491490400878,3.0077341267229323,0,0
864,0.4,0.041584158415841586,0.08116396646304633,5.028416963610415e-06,5.298568717166065,0,0
865,0.0,0.05544554455445545,0.1019369320889802,1.0,-0.0,0,0
866,0.2,0.061386138613861385,0.1080614942545921,0.09979311443423107,1.000899423305625,0,0
867,0.2,0.061386138613861385,0.1080614942545921,0.09979311443423107,1.000899423305625,0,0
868,0.4,0.07524752475247524,0.12219602867755655,0.0039345502315398136,2.405104905776178,0,0
869,0.4,0.07524752475247524,0.12219602867755655,0.0039345502315398136,2.405104905776178,0,0
870,0.4,0.027722772277227727,0.06910862719451544,3.5853288547446714e-08,7.445471003663998,0,0
871,0.2,0.021782178217821784,0.062305476128919915,0.0021156164498790874,2.6745630648030145,0,0
872,0.2,0.021782178217821784,0.062305476128919915,0.0021156164498790874,2.6745630648030145,0,0
873,0.0,0.0,0.0,1.0,-0.0,0,0
