,foreground,bg_means,bg_stdev,pvals,minus_logs,regs,active
2,0.0,0.27722772277227714,0.20289059048338204,1.0,-0.0,0,0
3,0.0,0.17029702970297028,0.17662655937408128,1.0,-0.0,0,0
4,0.0,0.10099009900990098,0.12467387119760154,1.0,-0.0,0,0
5,0.0,0.10099009900990098,0.12467387119760154,1.0,-0.0,0,0
6,0.0,0.11089108910891086,0.12734998170941406,1.0,-0.0,0,0
7,0.0,0.15445544554455443,0.17549068547409524,1.0,-0.0,0,0
8,0.0,0.17029702970297028,0.17662655937408128,1.0,-0.0,0,0
9,0.0,0.17029702970297028,0.17662655937408128,1.0,-0.0,0,0
10,0.0,0.27326732673267323,0.23331069206418187,1.0,-0.0,0,0
11,0.0,0.2633663366336633,0.2267823889460658,1.0,-0.0,0,0
12,0.0,0.12871287128712872,0.1581681231502246,1.0,-0.0,0,0
13,0.0,0.10297029702970295,0.14519051706790778,1.0,-0.0,0,0
14,0.0,0.10297029702970295,0.14519051706790778,1.0,-0.0,0,0
15,0.0,0.0,0.0,1.0,-0.0,0,0
16,0.2,0.019801980198019802,0.05973506189702322,0.001278047474114718,2.8934530136556162,0,0
17,0.2,0.08514851485148514,0.130031327995105,0.1885478753020174,0.7245783571846862,0,0
18,0.2,0.14356435643564355,0.16192886935175063,0.36372439836386716,0.4392275658152397,0,0
19,0.6,0.20792079207920788,0.19071681786668523,0.01989999556900356,1.701147020291676,0,0
20,0.6,0.20792079207920788,0.19071681786668523,0.01989999556900356,1.701147020291676,0,0
21,0.8,0.29504950495049503,0.2261937475056417,0.012794915099430882,1.8929625915252137,0,0
22,0.8,0.22970297029702966,0.1937358385526338,0.001621656413316589,2.7900411560479355,0,0
23,0.8,0.17227722772277224,0.18674852677785872,0.0003878453600940087,3.411341399778961,0,0
24,0.4,0.1069306930693069,0.14776046024695155,0.02366092655151797,1.6259682525934427,0,0
25,0.4,0.16237623762376235,0.1795767770099744,0.09287724463947457,1.0320906771586063,0,0
26,0.0,0.05346534653465347,0.09704990696905226,1.0,-0.0,0,0
27,0.0,0.06336633663366337,0.11233152161332938,1.0,-0.0,0,0
28,0.0,0.06336633663366337,0.11233152161332938,1.0,-0.0,0,0
29,0.0,0.06336633663366337,0.11233152161332938,1.0,-0.0,0,0
30,0.0,0.009900990099009901,0.04338396495090424,1.0,-0.0,0,0
31,0.0,0.009900990099009901,0.04338396495090424,1.0,-0.0,0,0
32,0.0,0.0,0.0,1.0,-0.0,0,0
33,0.0,0.0,0.0,1.0,-0.0,0,0
34,0.0,0.0,0.0,1.0,-0.0,0,0
35,0.0,0.0,0.0,1.0,-0.0,0,0
36,0.4,0.07326732673267328,0.12177815335858849,0.0036480804115842447,2.4379355974482175,0,0
37,0.4,0.2495049504950495,0.21873794727813695,0.24572158034320019,0.6095567002052975,0,31
38,0.4,0.41584158415841593,0.28379768043321396,1.0,-0.0,0,0
39,0.4,0.5544554455445545,0.33523296243658585,1.0,-0.0,0,0
40,0.4,0.5584158415841584,0.3369247431123476,1.0,-0.0,0,0
41,0.0,0.4831683168316832,0.3174992966175082,1.0,-0.0,0,0
42,0.0,0.3069306930693069,0.24786511252782337,1.0,-0.0,0,0
43,0.0,0.14257425742574256,0.15501295675866078,1.0,-0.0,0,0
44,0.0,0.0039603960396039604,0.027863855998951068,1.0,-0.0,0,0
45,0.0,0.15841584158415842,0.16244866773856384,1.0,-0.0,0,0
46,0.0,0.19405940594059404,0.18120705414231045,1.0,-0.0,0,0
47,0.2,0.2356435643564356,0.2075716068337213,1.0,-0.0,0,0
48,0.4,0.291089108910891,0.22607236636059533,0.3149909455573579,0.5017019298643446,0,0
49,0.4,0.291089108910891,0.22607236636059533,0.3149909455573579,0.5017019298643446,0,0
50,0.4,0.13465346534653463,0.14921288105967925,0.03767660056897984,1.423928289019682,0,0
51,0.6,0.1188118811881188,0.13838736799727644,0.0002534247932543833,3.5961508991335602,0,0
52,0.6,0.10495049504950495,0.1395723579145037,0.00019489462230291903,3.7102001441373242,0,0
53,0.6,0.07722772277227724,0.1124710639300034,1.675355576995551e-06,5.775893004305747,0,0
54,0.6,0.07722772277227724,0.1124710639300034,1.675355576995551e-06,5.775893004305747,0,0
55,0.6,0.07722772277227724,0.1124710639300034,1.675355576995551e-06,5.775893004305747,0,0
56,0.4,0.07722772277227724,0.1124710639300034,0.002053494791492543,2.6875063943583766,0,0
57,0.2,0.11287128712871286,0.15002532217723416,0.2807010934421309,0.5517558956129467,0,0
58,0.0,0.08514851485148514,0.12379009590564582,1.0,-0.0,0,0
59,0.0,0.08514851485148514,0.12379009590564582,1.0,-0.0,0,0
60,0.0,0.10297029702970295,0.127780323207142,1.0,-0.0,0,0
61,0.0,0.08118811881188118,0.11664694237642095,1.0,-0.0,0,0
62,0.0,0.01782178217821782,0.05698017651460657,1.0,-0.0,0,0
63,0.0,0.01782178217821782,0.05698017651460657,1.0,-0.0,0,0
64,0.0,0.01782178217821782,0.05698017651460657,1.0,-0.0,0,0
65,0.0,0.0,0.0,1.0,-0.0,0,0
66,0.0,0.0,0.0,1.0,-0.0,0,0
67,0.0,0.0,0.0,1.0,-0.0,0,0
68,0.0,0.023762376237623766,0.06471340450838887,1.0,-0.0,0,0
69,0.0,0.023762376237623766,0.06471340450838887,1.0,-0.0,0,0
70,0.0,0.14455445544554454,0.16196518848854283,1.0,-0.0,0,0
71,0.0,0.1603960396039604,0.16890984643276136,1.0,-0.0,0,0
72,0.0,0.1603960396039604,0.16890984643276136,1.0,-0.0,0,0
73,0.0,0.15247524752475242,0.15957496727054085,1.0,-0.0,0,0
74,0.0,0.15247524752475242,0.15957496727054085,1.0,-0.0,0,0
75,0.0,0.031683168316831684,0.07826167463512675,1.0,-0.0,0,0
76,0.0,0.015841584158415842,0.05401260078014202,1.0,-0.0,0,0
77,0.0,0.06336633663366337,0.10874875419996817,1.0,-0.0,0,0
78,0.0,0.10297029702970295,0.1367627457412436,1.0,-0.0,0,0
79,0.0,0.11683168316831684,0.15483578457286823,1.0,-0.0,0,0
80,0.0,0.14356435643564355,0.16674866459848459,1.0,-0.0,0,0
81,0.0,0.19999999999999996,0.20872076187012056,1.0,-0.0,0,0
82,0.0,0.15247524752475247,0.17609294317160962,1.0,-0.0,0,0
83,0.0,0.09504950495049505,0.13957235791450376,1.0,-0.0,0,0
84,0.0,0.11089108910891088,0.14752142995793405,1.0,-0.0,0,0
85,0.0,0.11683168316831684,0.14146987009498416,1.0,-0.0,0,0
86,0.0,0.0613861386138614,0.10433219700847123,1.0,-0.0,0,0
87,0.0,0.0613861386138614,0.10433219700847123,1.0,-0.0,0,0
88,0.0,0.1287128712871287,0.15307840071356585,1.0,-0.0,0,0
89,0.0,0.13663366336633662,0.16393839236292437,1.0,-0.0,0,0
90,0.0,0.1762376237623762,0.16718313599370643,1.0,-0.0,0,0
91,0.0,0.1762376237623762,0.16718313599370643,1.0,-0.0,0,0
92,0.0,0.1762376237623762,0.16718313599370643,1.0,-0.0,0,0
93,0.0,0.10693069306930691,0.1422989641443302,1.0,-0.0,0,0
94,0.0,0.06930693069306931,0.12084076279122662,1.0,-0.0,0,0
95,0.0,0.0,0.0,1.0,-0.0,0,0
96,0.0,0.0,0.0,1.0,-0.0,0,0
97,0.0,0.0,0.0,1.0,-0.0,0,0
98,0.0,0.0,0.0,1.0,-0.0,0,0
99,0.0,0.015841584158415842,0.054012600780142014,1.0,-0.0,0,0
100,0.0,0.015841584158415842,0.054012600780142014,1.0,-0.0,0,0
101,1.2,0.405940594059406,0.28764037715512775,0.002884783609637706,2.5398867581286484,0,0
102,1.4,0.5841584158415841,0.35003045787341786,0.009882662974364862,2.005126015003333,0,0
103,1.8,0.7168316831683166,0.3650767739494872,0.0015037986596812016,2.822810306591996,0,0
104,1.8,0.7405940594059406,0.3707573778524657,0.0021355668569468214,2.670486827820123,0,0
105,2.0,1.0376237623762372,0.4056168716462154,0.008831121861723277,2.0539841223105775,0,0
106,0.8,0.6475247524752475,0.32839063294064363,0.3212126199986193,0.4932074002299254,0,0
107,0.6,0.4970297029702971,0.2946571915020439,0.3633727684968348,0.4396476222527831,0,0
108,0.2,0.48316831683168315,0.31246997699127727,1.0,-0.0,0,0
109,0.2,0.5544554455445545,0.3491218835866049,1.0,-0.0,0,0
110,0.0,0.25742574257425743,0.2093585368717556,1.0,-0.0,0,0
111,0.0,0.25742574257425743,0.2093585368717556,1.0,-0.0,0,0
112,0.0,0.2356435643564356,0.19979403177234753,1.0,-0.0,0,0
113,0.0,0.11485148514851483,0.14445948324625327,1.0,-0.0,0,0
114,0.0,0.0059405940594059415,0.03395332316729158,1.0,-0.0,0,0
115,0.0,0.013861386138613863,0.05079507064705211,1.0,-0.0,0,0
116,0.0,0.09504950495049502,0.1213588391765906,1.0,-0.0,0,0
117,0.0,0.08910891089108909,0.11423528793549273,1.0,-0.0,0,0
118,0.0,0.08910891089108909,0.11423528793549273,1.0,-0.0,0,0
119,0.0,0.10099009900990097,0.12145573247679728,1.0,-0.0,0,0
120,0.0,0.09306930693069305,0.11795067415315191,1.0,-0.0,0,0
121,0.0,0.041584158415841586,0.08116396646304633,1.0,-0.0,0,0
122,0.0,0.06534653465346535,0.10189845806153354,1.0,-0.0,0,0
123,0.0,0.06534653465346535,0.10189845806153354,1.0,-0.0,0,0
124,0.0,0.05346534653465347,0.09704990696905227,1.0,-0.0,0,0
125,0.0,0.05346534653465347,0.09704990696905227,1.0,-0.0,0,0
126,0.0,0.08316831683168316,0.14146987009498418,1.0,-0.0,0,0
127,0.0,0.05940594059405942,0.11096178792967841,1.0,-0.0,0,0
128,0.0,0.09306930693069307,0.13368903310588715,1.0,-0.0,0,0
129,0.0,0.24950495049504953,0.24112925845368352,1.0,-0.0,0,0
130,0.0,0.24950495049504953,0.24112925845368352,1.0,-0.0,0,0
131,0.0,0.3722772277227724,0.2388581798379172,1.0,-0.0,0,0
132,0.0,0.3722772277227724,0.2388581798379172,1.0,-0.0,0,0
133,0.0,0.37623762376237624,0.25684626324104487,1.0,-0.0,0,0
134,0.0,0.39207920792079215,0.25628077436722346,1.0,-0.0,0,0
135,0.0,0.39207920792079215,0.25628077436722346,1.0,-0.0,0,0
136,0.0,0.2099009900990099,0.2036814395346343,1.0,-0.0,0,0
137,0.0,0.2099009900990099,0.2036814395346343,1.0,-0.0,0,0
138,0.0,0.17227722772277226,0.1846156359731749,1.0,-0.0,0,0
139,0.0,0.0,0.0,1.0,-0.0,0,0
140,0.0,0.0,0.0,1.0,-0.0,0,0
141,0.0,0.0,0.0,1.0,-0.0,0,0
142,0.0,0.0,0.0,1.0,-0.0,0,0
143,0.0,0.025742574257425745,0.0669763743575753,1.0,-0.0,0,0
144,0.0,0.04554455445544554,0.08387254884969257,1.0,-0.0,0,0
145,0.0,0.04554455445544554,0.08387254884969257,1.0,-0.0,0,0
146,0.0,0.04554455445544554,0.08387254884969257,1.0,-0.0,0,0
147,0.0,0.04554455445544554,0.08387254884969257,1.0,-0.0,0,0
148,0.0,0.019801980198019802,0.0597350618970232,1.0,-0.0,0,0
149,0.0,0.0,0.0,1.0,-0.0,0,0
150,0.2,0.06534653465346536,0.11295810453031022,0.11661777127180524,0.9332352628086957,0,0
151,0.2,0.06534653465346536,0.11295810453031022,0.11661777127180524,0.9332352628086957,0,0
152,0.2,0.06534653465346536,0.11295810453031022,0.11661777127180524,0.9332352628086957,0,0
153,0.4,0.2910891089108911,0.21530499200983352,0.30648283470061477,0.5135938441588159,0,0
154,0.4,0.40594059405940597,0.25086850414494904,1.0,-0.0,0,0
155,0.2,0.3841584158415841,0.25436104116168573,1.0,-0.0,0,0
156,0.2,0.4613861386138614,0.27824424665743047,1.0,-0.0,0,0
157,0.2,0.48910891089108915,0.2917685879776934,1.0,-0.0,0,0
158,0.0,0.31881188118811893,0.2201317658001291,1.0,-0.0,0,0
159,0.0,0.20594059405940596,0.18337959449964716,1.0,-0.0,0,0
160,0.0,0.17227722772277226,0.17126137275595765,1.0,-0.0,0,0
161,0.0,0.09306930693069307,0.13368903310588715,1.0,-0.0,0,0
162,0.0,0.06534653465346535,0.11295810453031019,1.0,-0.0,0,0
163,0.2,0.2099009900990099,0.16259343117237499,1.0,-0.0,0,0
164,0.2,0.30792079207920797,0.2057024518001677,1.0,-0.0,0,0
165,0.2,0.297029702970297,0.20022534114478477,1.0,-0.0,0,0
166,0.2,0.297029702970297,0.20022534114478477,1.0,-0.0,0,0
167,0.2,0.3386138613861387,0.21753356269084295,1.0,-0.0,0,0
168,0.0,0.13663366336633662,0.17103226044902323,1.0,-0.0,0,0
169,0.0,0.06534653465346535,0.10571364605971598,1.0,-0.0,0,0
170,0.0,0.08712871287128714,0.11402914890208293,1.0,-0.0,0,0
171,0.0,0.08712871287128714,0.11402914890208293,1.0,-0.0,0,0
172,0.0,0.047524752475247525,0.08512548617902845,1.0,-0.0,0,0
173,0.0,0.047524752475247525,0.08512548617902845,1.0,-0.0,0,0
174,0.0,0.03762376237623763,0.08307396817189318,1.0,-0.0,0,0
175,0.0,0.033663366336633666,0.07482947971362845,1.0,-0.0,0,0
176,0.0,0.033663366336633666,0.07482947971362845,1.0,-0.0,0,0
177,0.0,0.033663366336633666,0.07482947971362845,1.0,-0.0,0,0
178,0.0,0.033663366336633666,0.07482947971362845,1.0,-0.0,0,0
179,0.4,0.06930693069306931,0.10693069306930696,0.0009920816231311176,3.0034525949656348,0,0
180,0.4,0.05148514851485149,0.096075322540263,0.000143080052081759,3.844420910437966,0,0
181,0.4,0.05148514851485149,0.096075322540263,0.000143080052081759,3.844420910437966,0,0
182,0.4,0.05148514851485149,0.096075322540263,0.000143080052081759,3.844420910437966,0,0
183,0.4,0.13267326732673268,0.16951235294283326,0.057393858694690755,1.241134575854603,0,0
184,0.0,0.0811881188118812,0.12642288870900886,1.0,-0.0,0,0
185,0.6,0.2613861386138614,0.22645363087522988,0.06741938015978298,1.171215244612783,0,0
186,0.8,0.2891089108910891,0.2224530165541959,0.010820094603197952,1.965768942051332,0,0
187,0.8,0.2891089108910891,0.2224530165541959,0.010820094603197952,1.965768942051332,0,0
188,1.0,0.30495049504950494,0.22266444034646488,0.0008996275601962371,3.0459372483700156,0,0
189,1.0,0.30495049504950494,0.22266444034646488,0.0008996275601962371,3.0459372483700156,0,0
190,0.4,0.12277227722772276,0.1434243086117372,0.026623023330564047,1.5747426272526066,0,0
191,0.2,0.09504950495049505,0.1277189346265117,0.20561525732768132,0.6869446624035489,0,0
192,0.2,0.10693069306930691,0.1306930693069307,0.23819485997038664,0.6230676144341947,0,0
193,0.0,0.011881188118811883,0.047276579747775535,1.0,-0.0,0,0
194,0.0,0.011881188118811883,0.047276579747775535,1.0,-0.0,0,0
195,0.0,0.08118811881188118,0.11664694237642095,1.0,-0.0,0,0
196,0.0,0.08118811881188118,0.11664694237642095,1.0,-0.0,0,0
197,0.0,0.2079207920792079,0.1948257247722589,1.0,-0.0,0,0
198,0.0,0.2079207920792079,0.1948257247722589,1.0,-0.0,0,0
199,0.0,0.2079207920792079,0.1948257247722589,1.0,-0.0,0,0
200,0.0,0.1386138613861386,0.1585642868844958,1.0,-0.0,0,0
201,0.0,0.1386138613861386,0.1585642868844958,1.0,-0.0,0,0
202,0.2,0.0613861386138614,0.10046456153636296,0.08383506191077846,1.0765743106091494,0,0
203,0.2,0.1188118811881188,0.1467218499235066,0.2900128572797209,0.5375827478877419,0,0
204,0.2,0.16831683168316827,0.17740187251029735,0.42912768135453033,0.36741346991903134,0,0
205,0.2,0.16831683168316827,0.17740187251029735,0.42912768135453033,0.36741346991903134,0,0
206,0.2,0.16831683168316827,0.17740187251029735,0.42912768135453033,0.36741346991903134,0,0
207,0.0,0.10495049504950495,0.13957235791450373,1.0,-0.0,0,0
208,0.0,0.04752475247524753,0.09397077637785879,1.0,-0.0,0,0
209,0.0,0.0,0.0,1.0,-0.0,0,0
210,0.0,0.13366336633663364,0.1568736817452543,1.0,-0.0,0,0
211,0.0,0.13366336633663364,0.1568736817452543,1.0,-0.0,0,0
212,0.2,0.18217821782178217,0.1804263595174082,0.4606580884611949,0.3366212988782729,0,0
