,foreground,bg_means,bg_stdev,pvals,minus_logs,regs,active
2,0.2,0.1881188118811881,0.19051110448801098,0.47513616046511536,0.3231819161334019,0,0
3,0.2,0.04752475247524753,0.08512548617902843,0.03663203844700429,1.4361389136681444,0,0
4,0.0,0.0,0.0,1.0,-0.0,0,0
5,0.0,0.0,0.0,1.0,-0.0,0,0
6,0.0,0.0,0.0,1.0,-0.0,0,0
7,0.0,0.0,0.0,1.0,-0.0,0,0
8,0.0,0.0,0.0,1.0,-0.0,0,0
9,0.0,0.0,0.0,1.0,-0.0,0,0
10,0.0,0.033663366336633666,0.07482947971362847,1.0,-0.0,0,0
11,0.0,0.033663366336633666,0.07482947971362847,1.0,-0.0,0,0
12,0.6,0.32277227722772284,0.22685154046130196,0.11084119453740095,0.9552988024657154,0,0
13,0.6,0.32277227722772284,0.22685154046130196,0.11084119453740095,0.9552988024657154,0,0
14,0.6,0.32277227722772284,0.22685154046130196,0.11084119453740095,0.9552988024657154,0,0
15,0.6,0.3366336633663367,0.20085104686108463,0.09488631989930664,1.0227963968509362,0,0
16,0.6,0.3366336633663367,0.20085104686108463,0.09488631989930664,1.0227963968509362,0,0
17,0.0,0.04554455445544555,0.08387254884969256,1.0,-0.0,0,0
18,0.0,0.10495049504950493,0.12771893462651168,1.0,-0.0,0,0
19,0.0,0.13069306930693064,0.13912212332871524,1.0,-0.0,0,0
20,0.2,0.16237623762376235,0.16096951630021047,0.40759643631754955,0.3897696217568509,0,0
21,0.2,0.16237623762376235,0.16096951630021047,0.40759643631754955,0.3897696217568509,0,0
22,0.2,0.16237623762376235,0.16096951630021047,0.40759643631754955,0.3897696217568509,0,0
23,0.2,0.15643564356435644,0.160701335170483,0.3931613095241796,0.4054292270731349,0,0
24,0.2,0.6396039603960395,0.3365754172090763,1.0,-0.0,0,0
25,0.0,0.5623762376237623,0.2961306525771108,1.0,-0.0,0,0
26,0.0,0.5881188118811881,0.3041909017305055,1.0,-0.0,0,0
27,0.0,0.5881188118811881,0.3041909017305055,1.0,-0.0,0,0
28,0.0,0.5336633663366337,0.301900655000379,1.0,-0.0,0,0
29,0.0,0.0594059405940594,0.10357779667819421,1.0,-0.0,0,0
30,0.0,0.0594059405940594,0.10357779667819421,1.0,-0.0,0,0
31,0.0,0.033663366336633666,0.07482947971362845,1.0,-0.0,0,0
32,0.0,0.033663366336633666,0.07482947971362845,1.0,-0.0,0,0
33,0.0,0.033663366336633666,0.07482947971362845,1.0,-0.0,0,0
34,0.8,0.2891089108910891,0.20192194850221867,0.005700827750357797,2.244062080939255,0,0
35,1.6,0.5504950495049505,0.32015582913010915,0.0005225295265469869,3.2818891638693124,0,0
36,1.6,0.5504950495049505,0.32015582913010915,0.0005225295265469869,3.2818891638693124,0,0
37,1.6,0.5504950495049505,0.32015582913010915,0.0005225295265469869,3.2818891638693124,0,0
38,1.6,0.5504950495049505,0.32015582913010915,0.0005225295265469869,3.2818891638693124,0,0
39,0.8,0.25940594059405936,0.20594059405940596,0.004332448363012567,2.3632666047923134,0,0
40,0.0,0.0,0.0,1.0,-0.0,0,0
41,0.0,0.0,0.0,1.0,-0.0,0,0
42,0.2,0.22574257425742567,0.1816609099592826,1.0,-0.0,0,0
43,0.6,0.3702970297029703,0.21133454050622988,0.1385368868922593,0.8584345757630166,0,0
44,0.6,0.3702970297029703,0.21133454050622988,0.1385368868922593,0.8584345757630166,0,0
45,0.6,0.3702970297029703,0.21133454050622988,0.1385368868922593,0.8584345757630166,0,0
46,0.6,0.3702970297029703,0.21133454050622988,0.1385368868922593,0.8584345757630166,0,0
47,0.4,0.14455445544554454,0.14105349559214359,0.035071707622728106,1.4550430880371352,0,0
48,0.0,0.0,0.0,1.0,-0.0,0,0
49,0.4,0.11485148514851483,0.12054836637801526,0.009004615559184222,2.0455348241091835,0,0
50,0.4,0.20990099009900987,0.15253952611937235,0.10634037358185101,0.9733018183094888,0,0
51,0.4,0.20990099009900987,0.15253952611937235,0.10634037358185101,0.9733018183094888,0,0
52,0.4,0.20990099009900987,0.15253952611937235,0.10634037358185101,0.9733018183094888,0,0
53,0.6,0.28712871287128705,0.16748776597061785,0.030879312685598934,1.5103323747927029,0,0
54,0.2,0.17227722772277224,0.1490024997339573,0.4262005200115951,0.37038602473437315,0,0
55,0.2,0.07524752475247526,0.09688815701168371,0.0989439060677433,1.0046109487304606,0,0
56,0.2,0.07524752475247526,0.09688815701168371,0.0989439060677433,1.0046109487304606,0,0
57,0.2,0.07524752475247526,0.09688815701168371,0.0989439060677433,1.0046109487304606,0,0
58,0.0,0.0,0.0,1.0,-0.0,0,0
59,0.0,0.10099009900990098,0.12781100644043505,1.0,-0.0,0,0
60,0.0,0.10099009900990098,0.12781100644043505,1.0,-0.0,0,0
61,0.0,0.10099009900990098,0.12781100644043505,1.0,-0.0,0,0
62,0.0,0.17821782178217818,0.16863104044391106,1.0,-0.0,0,0
63,0.0,0.30891089108910885,0.20397000842484103,1.0,-0.0,0,0
64,0.0,0.2633663366336633,0.2008510468610846,1.0,-0.0,0,0
65,0.0,0.2633663366336633,0.2008510468610846,1.0,-0.0,0,0
66,0.0,0.39801980198019804,0.2312172687116078,1.0,-0.0,1,0
67,0.0,0.3227722772277227,0.20483327589680397,1.0,-0.0,0,0
68,0.0,0.19207920792079203,0.17558003918939316,1.0,-0.0,0,0
69,0.2,0.16435643564356434,0.16744093589393827,0.41571322089895313,0.3812061634366341,0,0
70,0.2,0.21188118811881182,0.17760069168141515,1.0,-0.0,0,0
71,0.2,0.3346534653465347,0.22534270647011967,1.0,-0.0,0,0
72,0.2,0.3346534653465347,0.22534270647011967,1.0,-0.0,0,0
73,0.2,0.3346534653465347,0.22534270647011967,1.0,-0.0,0,0
74,0.0,0.30495049504950494,0.21172382423166192,1.0,-0.0,0,0
75,0.0,0.2554455445544554,0.20318028258820844,1.0,-0.0,0,0
76,0.2,0.04356435643564357,0.08255312311158745,0.029048226759887566,1.5368803738382273,0,0
77,0.2,0.12475247524752472,0.13744913773527348,0.29203232189931416,0.5345690785321504,0,0
78,0.2,0.1465346534653465,0.14863361587956597,0.35953112955270017,0.44426350080915133,0,0
79,0.2,0.2732673267326733,0.2043541330747554,1.0,-0.0,0,0
80,0.2,0.2732673267326733,0.2043541330747554,1.0,-0.0,0,0
81,0.0,0.3504950495049505,0.23106458844855163,1.0,-0.0,0,0
82,0.0,0.2693069306930693,0.20379691612306708,1.0,-0.0,0,0
83,0.0,0.24752475247524752,0.19324947166345904,1.0,-0.0,0,0
84,0.0,0.1198019801980198,0.13498793637349915,1.0,-0.0,0,0
85,0.0,0.15247524752475244,0.13830233734838987,1.0,-0.0,0,0
86,0.0,0.14257425742574256,0.15501295675866078,1.0,-0.0,0,0
87,0.0,0.14257425742574256,0.15501295675866078,1.0,-0.0,0,0
88,0.0,0.1801980198019802,0.17235687245139755,1.0,-0.0,0,0
89,0.0,0.1801980198019802,0.17235687245139755,1.0,-0.0,0,0
90,0.0,0.1762376237623762,0.16718313599370643,1.0,-0.0,0,0
91,0.0,0.06534653465346535,0.10571364605971595,1.0,-0.0,0,0
92,0.0,0.06534653465346535,0.10571364605971595,1.0,-0.0,0,0
93,0.0,0.02772277227722773,0.06910862719451544,1.0,-0.0,0,0
94,0.0,0.02772277227722773,0.06910862719451544,1.0,-0.0,0,0
95,0.0,0.0,0.0,1.0,-0.0,0,0
96,0.0,0.0,0.0,1.0,-0.0,0,0
97,0.0,0.0,0.0,1.0,-0.0,0,0
98,0.0,0.0,0.0,1.0,-0.0,0,0
99,0.0,0.0,0.0,1.0,-0.0,0,0
100,0.0,0.0,0.0,1.0,-0.0,0,0
101,0.0,0.0,0.0,1.0,-0.0,0,0
102,0.0,0.0,0.0,1.0,-0.0,0,0
103,0.0,0.2158415841584158,0.16333933170139625,1.0,-0.0,0,0
104,0.0,0.2534653465346534,0.1843180400510114,1.0,-0.0,0,0
105,0.0,0.2534653465346534,0.1843180400510114,1.0,-0.0,0,0
106,0.0,0.293069306930693,0.20012739791085368,1.0,-0.0,0,0
107,0.0,0.35049504950495053,0.2113716460355311,1.0,-0.0,0,0
108,0.0,0.19207920792079206,0.15900879128621567,1.0,-0.0,0,0
109,0.0,0.16831683168316827,0.15602150973142348,1.0,-0.0,0,0
110,0.0,0.16831683168316827,0.15602150973142348,1.0,-0.0,0,0
111,0.0,0.1287128712871287,0.1366767043701972,1.0,-0.0,0,0
112,0.2,0.13069306930693067,0.13624568246946198,0.3054844719288998,0.5150108604688454,0,0
113,0.2,0.10297029702970298,0.13084299831035082,0.22917288574708766,0.6398367665781116,0,0
114,0.2,0.0891089108910891,0.12420120222231067,0.1859729668504978,0.730550180518149,0,0
115,0.2,0.0891089108910891,0.12420120222231067,0.1859729668504978,0.730550180518149,0,0
116,0.2,0.0891089108910891,0.12420120222231067,0.1859729668504978,0.730550180518149,0,0
117,0.2,0.06336633663366337,0.09721138779115705,0.07993165121597691,1.097281215347649,0,0
118,0.2,0.031683168316831684,0.0730260947112308,0.01058647624307391,1.9752485727397298,0,0
119,0.2,0.031683168316831684,0.0730260947112308,0.01058647624307391,1.9752485727397298,0,0
120,0.4,0.0910891089108911,0.12750384183766536,0.007701602182696186,2.113418918110313,0,0
121,0.4,0.0910891089108911,0.12750384183766536,0.007701602182696186,2.113418918110313,0,0
122,0.2,0.09504950495049505,0.12457948087149175,0.1997714008577719,0.6994666849722292,0,0
123,0.2,0.14059405940594058,0.13943181578046687,0.3350330529567977,0.4749123451761803,0,0
124,0.2,0.16633663366336635,0.16666633990099655,0.41996594762129574,0.37678592236332376,0,0
125,0.0,0.2871287128712871,0.2037584311985198,1.0,-0.0,0,0
126,0.0,0.3544554455445545,0.19474520163396825,1.0,-0.0,0,0
127,0.0,0.3168316831683168,0.18725177995198536,1.0,-0.0,0,0
128,0.0,0.27326732673267323,0.17285665618055598,1.0,-0.0,0,0
129,0.0,0.24752475247524752,0.15957496727054085,1.0,-0.0,0,0
130,0.4,0.29504950495049503,0.21907828413369235,0.3159498359220564,0.5003818658361983,0,0
131,0.4,0.22970297029702968,0.1957693907320881,0.19218138495359988,0.716288681201578,0,0
132,0.4,0.22970297029702968,0.1957693907320881,0.19218138495359988,0.716288681201578,0,0
133,0.4,0.2574257425742574,0.19768288169074605,0.2353848911739319,0.6282214169827057,0,0
134,0.4,0.2574257425742574,0.19768288169074605,0.2353848911739319,0.6282214169827057,0,0
