,foreground,bg_means,bg_stdev,pvals,minus_logs,regs,active
2,0.0,0.07920792079207921,0.11631029826208643,1.0,-0.0,0,0
3,0.0,0.10297029702970295,0.13383560593042218,1.0,-0.0,0,0
4,0.0,0.12277227722772276,0.15407416763506465,1.0,-0.0,0,0
5,0.0,0.1584158415841584,0.1672534844655737,1.0,-0.0,0,0
6,0.0,0.11089108910891088,0.15018206119491914,1.0,-0.0,0,0
7,0.0,0.07722772277227724,0.1124710639300034,1.0,-0.0,0,0
8,0.0,0.07722772277227724,0.10889288780093087,1.0,-0.0,0,0
9,0.0,0.057425742574257435,0.09048443294095733,1.0,-0.0,0,0
10,0.0,0.09504950495049505,0.13957235791450376,1.0,-0.0,0,0
11,0.0,0.09504950495049505,0.13957235791450376,1.0,-0.0,0,0
12,0.0,0.15049504950495046,0.1650824950547828,1.0,-0.0,0,0
13,0.2,0.1782178217821782,0.16386662071744318,0.4471258464919092,0.3495702246424325,0,0
14,0.2,0.1782178217821782,0.16386662071744318,0.4471258464919092,0.3495702246424325,0,0
15,0.2,0.10495049504950493,0.12771893462651168,0.22837520121158456,0.6413510570010156,0,0
16,0.2,0.10495049504950493,0.12771893462651168,0.22837520121158456,0.6413510570010156,0,0
17,0.4,0.09900990099009899,0.1367914141716479,0.013890748332252295,1.8572743570115982,0,0
18,0.2,0.08118811881188118,0.1264228887090089,0.17366078882092117,0.7602982306092326,0,0
19,0.2,0.09702970297029702,0.12778032320714203,0.2101680035868298,0.6774334011688354,0,0
20,0.2,0.09702970297029702,0.12778032320714203,0.2101680035868298,0.6774334011688354,0,0
21,0.2,0.09702970297029702,0.12778032320714203,0.2101680035868298,0.6774334011688354,0,0
22,0.0,0.04950495049504951,0.08631483056516186,1.0,-0.0,0,0
23,0.2,0.13762376237623763,0.16341133493685353,0.35133711289777153,0.4542759718265774,0,0
24,0.8,0.2514851485148515,0.20806218671784077,0.0041907494643196016,2.377708301828011,0,0
25,0.8,0.2514851485148515,0.20806218671784077,0.0041907494643196016,2.377708301828011,0,0
26,0.8,0.2514851485148515,0.20806218671784077,0.0041907494643196016,2.377708301828011,0,0
27,0.8,0.2514851485148515,0.20806218671784077,0.0041907494643196016,2.377708301828011,0,0
28,0.6,0.1287128712871287,0.16788529421169618,0.002498731874546659,2.602280343174144,0,0
29,0.0,0.0,0.0,1.0,-0.0,0,0
30,0.0,0.0,0.0,1.0,-0.0,0,0
31,0.0,0.0,0.0,1.0,-0.0,0,0
32,0.0,0.019801980198019802,0.0597350618970232,1.0,-0.0,0,0
33,0.0,0.04554455445544555,0.09700949476369022,1.0,-0.0,0,0
34,0.0,0.04554455445544555,0.09700949476369022,1.0,-0.0,0,0
35,0.0,0.04554455445544555,0.09700949476369022,1.0,-0.0,0,0
36,0.0,0.04554455445544555,0.09700949476369022,1.0,-0.0,0,0
37,0.0,0.025742574257425745,0.07264925278354116,1.0,-0.0,0,0
38,0.0,0.0,0.0,1.0,-0.0,0,0
39,0.0,0.0,0.0,1.0,-0.0,0,0
40,0.0,0.0,0.0,1.0,-0.0,0,0
41,0.0,0.0,0.0,1.0,-0.0,0,0
42,0.0,0.0,0.0,1.0,-0.0,0,0
43,0.0,0.0,0.0,1.0,-0.0,0,0
44,0.0,0.03762376237623763,0.07816140339006158,1.0,-0.0,0,0
45,0.0,0.14059405940594058,0.13656189821438944,1.0,-0.0,0,0
46,0.0,0.14059405940594058,0.13656189821438944,1.0,-0.0,0,0
47,0.0,0.1584158415841584,0.1497637259500122,1.0,-0.0,0,0
48,0.0,0.1584158415841584,0.1497637259500122,1.0,-0.0,0,0
49,0.0,0.14257425742574256,0.14981608173764543,1.0,-0.0,0,0
50,0.0,0.039603960396039604,0.08452453849668534,1.0,-0.0,0,0
51,0.0,0.05544554455445546,0.1019369320889802,1.0,-0.0,0,0
52,0.0,0.03762376237623763,0.08771182015980238,1.0,-0.0,0,0
53,0.0,0.03762376237623763,0.08771182015980238,1.0,-0.0,0,0
54,0.0,0.02772277227722773,0.06910862719451544,1.0,-0.0,0,0
55,0.0,0.05544554455445546,0.09797478714338996,1.0,-0.0,0,0
56,0.0,0.03960396039603961,0.07970143286137867,1.0,-0.0,0,0
57,0.0,0.03960396039603961,0.07970143286137867,1.0,-0.0,0,0
58,0.6,0.1168316831683168,0.14963275633514897,0.0006210592893363269,3.206866937983646,0,0
59,0.6,0.1485148514851485,0.13395274871515062,0.0003751858686978907,3.4257535276013527,0,0
60,0.6,0.12079207920792075,0.12921455921643918,0.0001041952401133448,3.982152120189328,0,0
61,0.6,0.12079207920792075,0.12921455921643918,0.0001041952401133448,3.982152120189328,0,0
62,0.6,0.12079207920792075,0.12921455921643918,0.0001041952401133448,3.982152120189328,0,0
63,0.0,0.041584158415841586,0.08116396646304633,1.0,-0.0,0,0
64,0.0,0.033663366336633666,0.08475617647141662,1.0,-0.0,0,0
65,0.0,0.033663366336633666,0.08475617647141662,1.0,-0.0,0,0
66,0.0,0.033663366336633666,0.08475617647141662,1.0,-0.0,0,0
67,0.0,0.05544554455445544,0.10575073206193021,1.0,-0.0,0,0
68,0.0,0.0891089108910891,0.13042276277287215,1.0,-0.0,0,0
69,0.0,0.05544554455445545,0.08952597667688963,1.0,-0.0,0,0
70,0.2,0.06930693069306931,0.09924724028627063,0.09394556775030262,1.027123704621387,0,0
71,0.2,0.11683168316831682,0.14146987009498416,0.27830402559675094,0.555480511661606,0,0
72,0.2,0.09504950495049505,0.12135883917659061,0.19357570836574067,0.7131491428159772,0,0
73,0.2,0.061386138613861385,0.10433219700847124,0.0919929847161768,1.0362452902111774,0,0
74,0.2,0.061386138613861385,0.10433219700847124,0.0919929847161768,1.0362452902111774,0,0
75,0.0,0.0811881188118812,0.11999411807954945,1.0,-0.0,0,0
76,0.2,0.04752475247524753,0.09809478080396702,0.06004850186537829,1.2214978232271951,0,0
77,0.4,0.08316831683168317,0.12978985828256587,0.007321040435860065,2.1354271944274874,0,0
78,0.4,0.08316831683168317,0.12978985828256587,0.007321040435860065,2.1354271944274874,0,0
79,0.4,0.100990099009901,0.1367914141716479,0.014412116792872342,1.8412722271007833,0,0
80,0.4,0.17623762376237617,0.14701553420412347,0.06400050694880523,1.1938165859505387,0,0
81,0.2,0.16237623762376235,0.14271170492457227,0.3960306955913554,0.40227115142473113,0,0
82,0.0,0.12673267326732673,0.13707776871189528,1.0,-0.0,0,0
83,0.0,0.12673267326732673,0.13707776871189528,1.0,-0.0,0,0
84,0.0,0.10693069306930694,0.13069306930693073,1.0,-0.0,0,0
85,0.0,0.03960396039603961,0.08452453849668534,1.0,-0.0,0,0
86,0.0,0.03960396039603961,0.08452453849668534,1.0,-0.0,0,0
87,0.0,0.03960396039603961,0.08452453849668534,1.0,-0.0,0,0
88,0.0,0.03960396039603961,0.08452453849668534,1.0,-0.0,0,0
89,0.0,0.03960396039603961,0.08452453849668534,1.0,-0.0,0,0
90,0.0,0.0,0.0,1.0,-0.0,0,0
91,0.0,0.0,0.0,1.0,-0.0,0,0
92,0.0,0.0,0.0,1.0,-0.0,0,0
93,0.0,0.0,0.0,1.0,-0.0,0,0
94,0.0,0.0,0.0,1.0,-0.0,0,0
95,0.0,0.0,0.0,1.0,-0.0,0,0
96,0.0,0.0,0.0,1.0,-0.0,0,0
97,0.0,0.0,0.0,1.0,-0.0,0,0
98,0.0,0.0,0.0,1.0,-0.0,0,0
99,0.0,0.0,0.0,1.0,-0.0,0,0
100,0.0,0.0,0.0,1.0,-0.0,0,0
101,0.0,0.0,0.0,1.0,-0.0,0,0
102,0.0,0.0,0.0,1.0,-0.0,0,0
103,0.0,0.0,0.0,1.0,-0.0,0,0
104,0.0,0.0,0.0,1.0,-0.0,0,0
105,0.0,0.0,0.0,1.0,-0.0,0,0
106,0.0,0.0,0.0,1.0,-0.0,0,0
107,0.0,0.0,0.0,1.0,-0.0,0,0
108,0.0,0.09306930693069305,0.12448501897427097,1.0,-0.0,0,0
109,0.0,0.09306930693069305,0.12448501897427097,1.0,-0.0,0,0
110,0.0,0.09306930693069305,0.12448501897427097,1.0,-0.0,0,0
111,0.0,0.09306930693069305,0.12448501897427097,1.0,-0.0,0,0
112,0.0,0.09306930693069305,0.12448501897427097,1.0,-0.0,0,0
113,0.0,0.0,0.0,1.0,-0.0,0,0
114,0.0,0.0,0.0,1.0,-0.0,0,0
115,0.0,0.21782178217821782,0.20508198776039438,1.0,-0.0,0,0
116,0.0,0.23366336633663365,0.21993573666399713,1.0,-0.0,0,0
117,0.0,0.23366336633663365,0.21993573666399713,1.0,-0.0,0,0
118,0.0,0.23366336633663365,0.21993573666399713,1.0,-0.0,0,0
119,0.0,0.23366336633663365,0.21993573666399713,1.0,-0.0,0,0
120,0.0,0.015841584158415842,0.05401260078014202,1.0,-0.0,0,0
121,0.0,0.0,0.0,1.0,-0.0,0,0
122,0.0,0.0,0.0,1.0,-0.0,0,0
123,0.0,0.0,0.0,1.0,-0.0,0,0
124,0.0,0.0,0.0,1.0,-0.0,0,0
125,0.0,0.0,0.0,1.0,-0.0,0,0
126,0.0,0.04950495049504951,0.09912864166957489,1.0,-0.0,0,0
127,0.0,0.04950495049504951,0.09912864166957489,1.0,-0.0,0,0
128,0.0,0.04950495049504951,0.09912864166957489,1.0,-0.0,0,0
129,0.0,0.04950495049504951,0.09912864166957489,1.0,-0.0,0,0
130,0.0,0.09504950495049505,0.13078304733432375,1.0,-0.0,0,0
131,0.0,0.05544554455445544,0.09797478714338996,1.0,-0.0,0,0
132,0.0,0.05544554455445544,0.09797478714338996,1.0,-0.0,0,0
133,0.0,0.05544554455445544,0.09797478714338996,1.0,-0.0,0,0
134,0.0,0.05544554455445544,0.09797478714338996,1.0,-0.0,0,0
135,0.2,0.05544554455445545,0.09384550979067553,0.0617381483506657,1.2094464000101817,0,0
136,0.2,0.04554455445544554,0.08387254884969257,0.032770541076535604,1.484516387893982,0,0
137,0.2,0.07326732673267328,0.11509022642946842,0.13541366575877595,0.8683375050442039,0,0
138,0.2,0.07326732673267328,0.11509022642946842,0.13541366575877595,0.8683375050442039,0,0
139,0.2,0.12475247524752472,0.1511709677939985,0.30932505847416497,0.5095848963038502,0,0
140,0.0,0.07920792079207921,0.11966689053257921,1.0,-0.0,0,0
141,0.0,0.07920792079207921,0.11966689053257921,1.0,-0.0,0,0
142,0.0,0.07326732673267328,0.11848138852793338,1.0,-0.0,0,0
143,0.0,0.07326732673267328,0.11848138852793338,1.0,-0.0,0,0
144,0.0,0.021782178217821784,0.06230547612891991,1.0,-0.0,0,0
145,0.0,0.021782178217821784,0.06230547612891991,1.0,-0.0,0,0
146,0.0,0.021782178217821784,0.06230547612891991,1.0,-0.0,0,0
147,0.0,0.0,0.0,1.0,-0.0,0,0
148,0.0,0.0,0.0,1.0,-0.0,0,0
149,0.0,0.019801980198019802,0.0597350618970232,1.0,-0.0,0,0
150,0.0,0.097029702970297,0.11811677855054842,1.0,-0.0,0,0
151,0.0,0.097029702970297,0.11811677855054842,1.0,-0.0,0,0
152,0.0,0.097029702970297,0.11811677855054842,1.0,-0.0,0,0
153,0.0,0.097029702970297,0.11811677855054842,1.0,-0.0,0,0
154,0.0,0.07722772277227723,0.09737260081698412,1.0,-0.0,0,0
155,0.0,0.05544554455445544,0.1019369320889802,1.0,-0.0,0,0
156,0.0,0.09108910891089109,0.12113245340338318,1.0,-0.0,0,0
157,0.0,0.09108910891089109,0.12113245340338318,1.0,-0.0,0,0
158,0.0,0.09108910891089109,0.12113245340338318,1.0,-0.0,0,0
159,0.0,0.09108910891089109,0.12113245340338318,1.0,-0.0,0,0
160,0.0,0.03564356435643565,0.07653920035678292,1.0,-0.0,0,0
161,0.0,0.033663366336633666,0.07482947971362845,1.0,-0.0,0,0
162,0.0,0.14059405940594058,0.15297590428378585,1.0,-0.0,0,0
163,0.0,0.14059405940594058,0.15297590428378585,1.0,-0.0,0,0
164,0.0,0.14059405940594058,0.15297590428378585,1.0,-0.0,0,0
165,0.0,0.17227722772277226,0.15927982219556597,1.0,-0.0,0,0
166,0.0,0.1386138613861386,0.1427941099193659,1.0,-0.0,0,0
167,0.0,0.031683168316831684,0.0730260947112308,1.0,-0.0,0,0
168,0.0,0.031683168316831684,0.0730260947112308,1.0,-0.0,0,0
169,0.0,0.031683168316831684,0.0730260947112308,1.0,-0.0,0,0
170,0.0,0.0,0.0,1.0,-0.0,0,0
171,0.0,0.07920792079207921,0.12293186689242579,1.0,-0.0,0,0
172,0.0,0.07920792079207921,0.12293186689242579,1.0,-0.0,0,0
173,0.0,0.07920792079207921,0.12293186689242579,1.0,-0.0,0,0
174,0.0,0.07920792079207921,0.12293186689242579,1.0,-0.0,0,0
175,0.0,0.07920792079207921,0.12293186689242579,1.0,-0.0,0,0
176,0.0,0.06732673267326733,0.09861306612268303,1.0,-0.0,0,0
177,0.0,0.06732673267326733,0.09861306612268303,1.0,-0.0,0,0
178,0.0,0.06732673267326733,0.09861306612268303,1.0,-0.0,0,0
179,0.0,0.06732673267326733,0.09861306612268303,1.0,-0.0,0,0
180,0.0,0.06732673267326733,0.09861306612268303,1.0,-0.0,0,0
181,0.0,0.0,0.0,1.0,-0.0,0,0
182,0.0,0.0,0.0,1.0,-0.0,0,0
183,0.0,0.0,0.0,1.0,-0.0,0,0
184,0.0,0.0,0.0,1.0,-0.0,0,0
185,0.0,0.0,0.0,1.0,-0.0,0,0
186,0.0,0.0,0.0,1.0,-0.0,0,0
187,0.0,0.021782178217821784,0.06836703565002801,1.0,-0.0,0,0
188,0.0,0.021782178217821784,0.06836703565002801,1.0,-0.0,0,0
189,0.0,0.04554455445544555,0.08846854615322249,1.0,-0.0,0,0
190,0.0,0.04554455445544555,0.08846854615322249,1.0,-0.0,0,0
191,0.0,0.04554455445544555,0.08846854615322249,1.0,-0.0,0,0
192,0.0,0.023762376237623766,0.06471340450838889,1.0,-0.0,0,0
193,0.0,0.09504950495049505,0.13377699607171914,1.0,-0.0,0,0
194,0.0,0.097029702970297,0.13383560593042215,1.0,-0.0,0,0
195,0.0,0.097029702970297,0.13383560593042215,1.0,-0.0,0,0
196,0.0,0.097029702970297,0.13383560593042215,1.0,-0.0,0,0
197,0.0,0.22376237623762374,0.21486745389394907,1.0,-0.0,0,0
198,0.0,0.19801980198019797,0.17002049848448067,1.0,-0.0,0,0
199,0.0,0.17227722772277226,0.16174715133989814,1.0,-0.0,0,0
200,0.0,0.17227722772277226,0.16174715133989814,1.0,-0.0,0,0
201,0.0,0.17227722772277226,0.16174715133989814,1.0,-0.0,0,0
202,0.0,0.04554455445544554,0.09700949476369024,1.0,-0.0,0,0
203,0.0,0.01386138613861386,0.05079507064705211,1.0,-0.0,0,0
204,0.0,0.01386138613861386,0.05079507064705211,1.0,-0.0,0,0
205,0.0,0.01386138613861386,0.05079507064705211,1.0,-0.0,0,0
206,0.0,0.025742574257425745,0.07264925278354115,1.0,-0.0,0,0
207,0.0,0.025742574257425745,0.07264925278354115,1.0,-0.0,0,0
208,0.0,0.011881188118811883,0.047276579747775535,1.0,-0.0,0,0
209,0.0,0.011881188118811883,0.047276579747775535,1.0,-0.0,0,0
210,0.0,0.011881188118811883,0.047276579747775535,1.0,-0.0,0,0
211,0.0,0.0,0.0,1.0,-0.0,0,0
212,0.0,0.0,0.0,1.0,-0.0,0,0
213,0.2,0.031683168316831684,0.07302609471123078,0.010586476243073911,1.9752485727397298,0,0
214,0.2,0.031683168316831684,0.07302609471123078,0.010586476243073911,1.9752485727397298,0,0
215,0.2,0.031683168316831684,0.07302609471123078,0.010586476243073911,1.9752485727397298,0,0
216,0.2,0.031683168316831684,0.07302609471123078,0.010586476243073911,1.9752485727397298,0,0
217,0.4,0.05148514851485149,0.09186070102766894,7.413495117120227e-05,4.129976994151471,0,0
