,foreground,bg_means,bg_stdev,pvals,minus_logs,regs,active
2,0.0,0.0,0.0,1.0,-0.0,0,0
3,0.0,0.0,0.0,1.0,-0.0,0,0
4,0.0,0.0,0.0,1.0,-0.0,0,0
5,0.0,0.0,0.0,1.0,-0.0,0,0
6,0.0,0.0,0.0,1.0,-0.0,0,0
7,0.0,0.0,0.0,1.0,-0.0,0,0
8,0.0,0.0,0.0,1.0,-0.0,0,0
9,0.0,0.0,0.0,1.0,-0.0,0,0
10,0.0,0.0,0.0,1.0,-0.0,0,0
11,0.0,0.0,0.0,1.0,-0.0,0,0
12,0.0,0.0,0.0,1.0,-0.0,0,0
13,0.0,0.0,0.0,1.0,-0.0,0,0
14,0.0,0.0,0.0,1.0,-0.0,0,0
15,0.0,0.0,0.0,1.0,-0.0,0,0
16,0.0,0.0,0.0,1.0,-0.0,0,0
17,0.0,0.0,0.0,1.0,-0.0,0,0
18,0.0,0.0,0.0,1.0,-0.0,0,0
19,0.0,0.0,0.0,1.0,-0.0,0,0
20,0.0,0.0,0.0,1.0,-0.0,0,0
21,0.0,0.0,0.0,1.0,-0.0,0,0
22,0.0,0.0,0.0,1.0,-0.0,0,0
23,0.0,0.0,0.0,1.0,-0.0,0,0
24,0.0,0.0,0.0,1.0,-0.0,0,0
25,0.0,0.0,0.0,1.0,-0.0,0,0
26,0.0,0.0,0.0,1.0,-0.0,0,0
27,0.0,0.02970297029702971,0.07112192077650681,1.0,-0.0,0,0
28,0.2,0.10693069306930694,0.12762679639066948,0.23293044793121265,0.6327737381539629,0,0
29,0.2,0.10693069306930694,0.12762679639066948,0.23293044793121265,0.6327737381539629,0,0
30,0.2,0.13465346534653463,0.1262055870822035,0.3023064239499641,0.519552624054803,0,0
31,0.2,0.2118811881188119,0.17760069168141515,1.0,-0.0,0,0
32,0.2,0.18217821782178217,0.17598156946925847,0.4596677750089076,0.3375559413799135,0,0
33,0.0,0.10297029702970295,0.14243667729389659,1.0,-0.0,0,0
34,0.0,0.10297029702970295,0.14243667729389659,1.0,-0.0,0,0
35,0.0,0.07722772277227723,0.1257698574906964,1.0,-0.0,0,0
36,0.2,0.07722772277227724,0.10889288780093088,0.12977421193735644,0.886811599723601,0,0
37,0.2,0.07722772277227724,0.10889288780093088,0.12977421193735644,0.886811599723601,0,0
38,0.2,0.07722772277227724,0.10889288780093088,0.12977421193735644,0.886811599723601,0,0
39,0.2,0.07722772277227724,0.10889288780093088,0.12977421193735644,0.886811599723601,0,0
40,0.2,0.07722772277227724,0.10889288780093088,0.12977421193735644,0.886811599723601,0,0
41,0.0,0.0,0.0,1.0,-0.0,0,0
42,0.0,0.0,0.0,1.0,-0.0,0,0
43,0.0,0.0,0.0,1.0,-0.0,0,0
44,0.0,0.0,0.0,1.0,-0.0,0,0
45,0.0,0.0,0.0,1.0,-0.0,0,0
46,0.0,0.02772277227722772,0.06910862719451544,1.0,-0.0,0,0
47,0.4,0.16237623762376235,0.1634113349368535,0.0729530661168451,1.1369564505882992,0,0
48,0.4,0.16237623762376235,0.1634113349368535,0.0729530661168451,1.1369564505882992,0,0
49,0.6,0.20792079207920788,0.16867754011126218,0.010051217976272982,1.9977813085594884,1,0
50,0.6,0.20792079207920788,0.16867754011126218,0.010051217976272982,1.9977813085594884,0,0
51,0.6,0.1801980198019802,0.15544239134091375,0.0034597720970484694,2.4609525082170807,1,0
52,0.2,0.06732673267326733,0.10634234916512914,0.10608783743468066,0.9743344034481476,0,0
53,0.2,0.06732673267326733,0.10634234916512914,0.10608783743468066,0.9743344034481476,0,0
54,0.0,0.021782178217821784,0.06230547612891991,1.0,-0.0,0,0
55,0.0,0.021782178217821784,0.06230547612891991,1.0,-0.0,0,0
56,0.0,0.021782178217821784,0.06230547612891991,1.0,-0.0,0,0
57,0.0,0.0,0.0,1.0,-0.0,0,0
58,0.0,0.0,0.0,1.0,-0.0,0,0
59,0.0,0.0,0.0,1.0,-0.0,0,0
60,0.0,0.0,0.0,1.0,-0.0,0,0
61,0.0,0.0,0.0,1.0,-0.0,0,0
62,0.0,0.0,0.0,1.0,-0.0,0,0
63,0.0,0.0,0.0,1.0,-0.0,0,0
64,0.0,0.0,0.0,1.0,-0.0,0,0
65,0.0,0.0,0.0,1.0,-0.0,0,0
66,0.0,0.0,0.0,1.0,-0.0,0,0
67,0.0,0.0,0.0,1.0,-0.0,0,0
68,0.0,0.0,0.0,1.0,-0.0,0,0
69,0.0,0.0,0.0,1.0,-0.0,0,0
70,0.0,0.0,0.0,1.0,-0.0,0,0
71,0.0,0.0,0.0,1.0,-0.0,0,0
72,0.0,0.0,0.0,1.0,-0.0,0,0
73,0.0,0.0,0.0,1.0,-0.0,0,0
74,0.0,0.0,0.0,1.0,-0.0,0,0
75,0.0,0.0,0.0,1.0,-0.0,0,0
76,0.0,0.0,0.0,1.0,-0.0,0,0
77,0.0,0.0,0.0,1.0,-0.0,0,0
78,0.0,0.0,0.0,1.0,-0.0,0,0
79,0.0,0.0,0.0,1.0,-0.0,0,0
80,0.0,0.0,0.0,1.0,-0.0,0,0
81,0.0,0.0,0.0,1.0,-0.0,0,0
82,0.0,0.0,0.0,1.0,-0.0,0,0
83,0.0,0.0,0.0,1.0,-0.0,0,0
84,0.0,0.0,0.0,1.0,-0.0,0,0
85,0.0,0.0,0.0,1.0,-0.0,0,0
86,0.0,0.0,0.0,1.0,-0.0,0,0
87,0.0,0.0,0.0,1.0,-0.0,0,0
88,0.0,0.0,0.0,1.0,-0.0,0,0
89,0.0,0.0,0.0,1.0,-0.0,0,0
90,0.0,0.0,0.0,1.0,-0.0,0,0
91,0.0,0.0,0.0,1.0,-0.0,0,0
92,0.0,0.0,0.0,1.0,-0.0,0,0
93,0.0,0.0,0.0,1.0,-0.0,0,0
94,0.0,0.0,0.0,1.0,-0.0,0,0
95,0.0,0.0,0.0,1.0,-0.0,0,0
96,0.0,0.0,0.0,1.0,-0.0,0,0
97,0.0,0.0,0.0,1.0,-0.0,0,0
98,0.0,0.0,0.0,1.0,-0.0,0,0
99,0.0,0.0,0.0,1.0,-0.0,0,0
100,0.0,0.0,0.0,1.0,-0.0,0,0
101,0.0,0.0,0.0,1.0,-0.0,0,0
102,0.0,0.0,0.0,1.0,-0.0,0,0
103,0.0,0.0,0.0,1.0,-0.0,0,0
104,0.0,0.0,0.0,1.0,-0.0,0,0
105,0.0,0.0,0.0,1.0,-0.0,0,0
106,0.0,0.0,0.0,1.0,-0.0,0,0
107,0.0,0.0,0.0,1.0,-0.0,0,0
108,0.0,0.0,0.0,1.0,-0.0,0,0
109,0.0,0.0,0.0,1.0,-0.0,0,0
110,0.0,0.0,0.0,1.0,-0.0,0,0
111,0.0,0.0,0.0,1.0,-0.0,0,0
112,0.0,0.0,0.0,1.0,-0.0,0,0
113,0.0,0.0,0.0,1.0,-0.0,0,0
114,0.0,0.0,0.0,1.0,-0.0,0,0
115,0.0,0.0,0.0,1.0,-0.0,0,0
116,0.0,0.0,0.0,1.0,-0.0,0,0
117,0.0,0.0,0.0,1.0,-0.0,0,0
118,0.0,0.0,0.0,1.0,-0.0,0,0
119,0.0,0.0,0.0,1.0,-0.0,0,0
120,0.0,0.0,0.0,1.0,-0.0,0,0
121,0.0,0.0,0.0,1.0,-0.0,0,0
122,0.0,0.0,0.0,1.0,-0.0,0,0
123,0.0,0.0,0.0,1.0,-0.0,0,0
124,0.0,0.0,0.0,1.0,-0.0,0,0
125,0.0,0.0,0.0,1.0,-0.0,0,0
126,0.0,0.0,0.0,1.0,-0.0,0,0
127,0.0,0.0,0.0,1.0,-0.0,0,0
128,0.0,0.033663366336633666,0.07482947971362845,1.0,-0.0,0,0
129,0.0,0.033663366336633666,0.07482947971362845,1.0,-0.0,0,0
130,0.0,0.033663366336633666,0.07482947971362845,1.0,-0.0,0,0
131,0.0,0.033663366336633666,0.07482947971362845,1.0,-0.0,0,0
132,0.0,0.033663366336633666,0.07482947971362845,1.0,-0.0,0,0
133,0.0,0.0,0.0,1.0,-0.0,0,0
134,0.0,0.0,0.0,1.0,-0.0,0,0
135,0.0,0.0,0.0,1.0,-0.0,0,0
136,0.0,0.0,0.0,1.0,-0.0,0,0
137,0.0,0.0,0.0,1.0,-0.0,0,0
138,0.0,0.0,0.0,1.0,-0.0,0,0
139,0.0,0.0,0.0,1.0,-0.0,0,0
140,0.0,0.0,0.0,1.0,-0.0,0,0
141,0.0,0.0,0.0,1.0,-0.0,0,0
142,0.0,0.0,0.0,1.0,-0.0,0,0
143,0.0,0.0,0.0,1.0,-0.0,0,0
144,0.2,0.019801980198019802,0.059735061897023205,0.001278047474114718,2.8934530136556162,0,0
145,0.2,0.019801980198019802,0.059735061897023205,0.001278047474114718,2.8934530136556162,0,0
146,0.2,0.019801980198019802,0.059735061897023205,0.001278047474114718,2.8934530136556162,0,0
147,0.2,0.019801980198019802,0.059735061897023205,0.001278047474114718,2.8934530136556162,0,0
148,0.2,0.019801980198019802,0.059735061897023205,0.001278047474114718,2.8934530136556162,0,0
149,0.0,0.0,0.0,1.0,-0.0,0,0
150,0.0,0.0,0.0,1.0,-0.0,0,0
151,0.0,0.0,0.0,1.0,-0.0,0,0
152,0.0,0.0,0.0,1.0,-0.0,0,0
153,0.0,0.021782178217821784,0.06230547612891991,1.0,-0.0,0,0
154,0.0,0.039603960396039604,0.07970143286137867,1.0,-0.0,0,0
155,0.0,0.039603960396039604,0.07970143286137867,1.0,-0.0,0,0
156,0.0,0.039603960396039604,0.07970143286137867,1.0,-0.0,0,0
157,0.0,0.039603960396039604,0.07970143286137867,1.0,-0.0,0,0
158,0.0,0.017821782178217824,0.05698017651460656,1.0,-0.0,0,0
159,0.0,0.0,0.0,1.0,-0.0,0,0
160,0.0,0.0,0.0,1.0,-0.0,0,0
161,0.0,0.0,0.0,1.0,-0.0,0,0
162,0.0,0.0,0.0,1.0,-0.0,0,0
163,0.0,0.0,0.0,1.0,-0.0,0,0
164,0.0,0.0,0.0,1.0,-0.0,0,0
165,0.0,0.0,0.0,1.0,-0.0,0,0
166,0.0,0.0,0.0,1.0,-0.0,0,0
167,0.0,0.0,0.0,1.0,-0.0,0,0
168,0.0,0.0,0.0,1.0,-0.0,0,0
169,0.0,0.0,0.0,1.0,-0.0,0,0
170,0.0,0.0,0.0,1.0,-0.0,0,0
171,0.0,0.0,0.0,1.0,-0.0,0,0
172,0.0,0.0,0.0,1.0,-0.0,0,0
173,0.0,0.0,0.0,1.0,-0.0,0,0
174,0.0,0.0,0.0,1.0,-0.0,0,0
175,0.0,0.0,0.0,1.0,-0.0,0,0
176,0.0,0.0,0.0,1.0,-0.0,0,0
177,0.0,0.0,0.0,1.0,-0.0,0,0
178,0.0,0.0,0.0,1.0,-0.0,0,0
179,0.0,0.0,0.0,1.0,-0.0,0,0
180,0.0,0.0,0.0,1.0,-0.0,0,0
181,0.0,0.015841584158415842,0.05401260078014202,1.0,-0.0,0,0
182,0.0,0.015841584158415842,0.05401260078014202,1.0,-0.0,0,0
183,0.0,0.015841584158415842,0.05401260078014202,1.0,-0.0,0,0
184,0.0,0.015841584158415842,0.05401260078014202,1.0,-0.0,0,0
185,0.0,0.015841584158415842,0.05401260078014202,1.0,-0.0,0,0
186,0.0,0.06534653465346535,0.10189845806153354,1.0,-0.0,1,0
187,0.0,0.06534653465346535,0.10189845806153354,1.0,-0.0,0,0
188,0.0,0.06534653465346535,0.10189845806153354,1.0,-0.0,0,0
189,0.0,0.15247524752475247,0.15453158823862712,1.0,-0.0,0,0
190,0.0,0.15247524752475247,0.15453158823862712,1.0,-0.0,0,0
191,0.0,0.08514851485148514,0.11378818137472194,1.0,-0.0,0,0
192,0.0,0.100990099009901,0.11814997140733703,1.0,-0.0,0,0
193,0.0,0.12871287128712872,0.13667670437019722,1.0,-0.0,0,0
194,0.0,0.04158415841584159,0.08590499787518362,1.0,-0.0,0,0
195,0.0,0.04158415841584159,0.08590499787518362,1.0,-0.0,0,0
196,0.0,0.04158415841584159,0.08590499787518362,1.0,-0.0,0,0
197,0.0,0.025742574257425748,0.06697637435757531,1.0,-0.0,0,0
198,0.0,0.0,0.0,1.0,-0.0,0,0
199,0.0,0.0,0.0,1.0,-0.0,0,0
200,0.0,0.0,0.0,1.0,-0.0,0,0
201,0.0,0.0,0.0,1.0,-0.0,0,0
202,0.0,0.0,0.0,1.0,-0.0,0,0
203,0.0,0.0,0.0,1.0,-0.0,0,0
204,0.0,0.0,0.0,1.0,-0.0,0,0
205,0.0,0.0,0.0,1.0,-0.0,0,0
206,0.0,0.0,0.0,1.0,-0.0,0,0
207,0.0,0.0,0.0,1.0,-0.0,0,0
208,0.0,0.0,0.0,1.0,-0.0,0,0
209,0.0,0.0,0.0,1.0,-0.0,0,0
210,0.0,0.0,0.0,1.0,-0.0,0,0
211,0.0,0.0,0.0,1.0,-0.0,0,0
212,0.0,0.0,0.0,1.0,-0.0,0,0
213,0.0,0.0,0.0,1.0,-0.0,0,0
214,0.0,0.0,0.0,1.0,-0.0,0,0
215,0.0,0.08910891089108909,0.11765109526742927,1.0,-0.0,0,0
216,0.0,0.08910891089108909,0.11765109526742927,1.0,-0.0,0,0
217,0.0,0.08910891089108909,0.11765109526742927,1.0,-0.0,0,0
218,0.0,0.08910891089108909,0.11765109526742927,1.0,-0.0,0,0
219,0.0,0.08910891089108909,0.11765109526742927,1.0,-0.0,0,0
220,0.0,0.0,0.0,1.0,-0.0,0,0
221,0.0,0.0,0.0,1.0,-0.0,0,0
222,0.0,0.0,0.0,1.0,-0.0,0,0
223,0.0,0.0,0.0,1.0,-0.0,0,0
224,0.0,0.0,0.0,1.0,-0.0,0,0
225,0.0,0.023762376237623766,0.06471340450838889,1.0,-0.0,0,0
226,0.0,0.023762376237623766,0.06471340450838889,1.0,-0.0,0,0
227,0.0,0.023762376237623766,0.06471340450838889,1.0,-0.0,0,0
228,0.0,0.023762376237623766,0.06471340450838889,1.0,-0.0,0,0
229,0.0,0.05544554455445545,0.08952597667688965,1.0,-0.0,0,0
230,0.0,0.031683168316831684,0.0730260947112308,1.0,-0.0,0,0
231,0.0,0.049504950495049514,0.09504950495049506,1.0,-0.0,0,0
232,0.0,0.049504950495049514,0.09504950495049506,1.0,-0.0,0,0
233,0.0,0.16237623762376235,0.16818865241652337,1.0,-0.0,0,0
234,0.0,0.12871287128712872,0.15046899201198313,1.0,-0.0,0,0
235,0.0,0.22772277227722773,0.2030065169325038,1.0,-0.0,0,0
236,0.0,0.2099009900990099,0.19371559764587087,1.0,-0.0,0,0
237,0.0,0.24158415841584158,0.19764320624996695,1.0,-0.0,0,0
238,0.0,0.1306930693069307,0.13330718954223236,1.0,-0.0,0,0
239,0.0,0.1306930693069307,0.13330718954223236,1.0,-0.0,0,0
240,0.0,0.09900990099009901,0.12781100644043505,1.0,-0.0,0,0
241,0.0,0.09900990099009901,0.12781100644043505,1.0,-0.0,0,0
242,0.0,0.09702970297029702,0.11811677855054843,1.0,-0.0,0,0
243,0.0,0.09702970297029702,0.11811677855054843,1.0,-0.0,0,0
244,0.0,0.09702970297029702,0.11811677855054843,1.0,-0.0,0,0
245,0.0,0.0297029702970297,0.07112192077650681,1.0,-0.0,0,0
246,0.0,0.0297029702970297,0.07112192077650681,1.0,-0.0,0,0
247,0.0,0.0,0.0,1.0,-0.0,0,0
248,0.0,0.20396039603960395,0.1616258924943514,1.0,-0.0,0,0
249,0.0,0.22574257425742575,0.16084767121704766,1.0,-0.0,0,0
250,0.0,0.22574257425742575,0.16084767121704766,1.0,-0.0,0,0
251,0.0,0.25544554455445545,0.1760261274062858,1.0,-0.0,0,0
252,0.0,0.25544554455445545,0.1760261274062858,1.0,-0.0,0,0
253,0.0,0.05148514851485149,0.09186070102766893,1.0,-0.0,0,0
254,0.0,0.02970297029702971,0.07112192077650682,1.0,-0.0,0,0
255,0.0,0.02970297029702971,0.07112192077650682,1.0,-0.0,0,0
256,0.0,0.0,0.0,1.0,-0.0,0,0
257,0.0,0.0,0.0,1.0,-0.0,0,0
258,0.0,0.02772277227722772,0.06910862719451544,1.0,-0.0,0,0
259,0.0,0.07722772277227724,0.10889288780093088,1.0,-0.0,0,0
260,0.0,0.07722772277227724,0.10889288780093088,1.0,-0.0,0,0
261,0.2,0.2059405940594059,0.18120705414231045,1.0,-0.0,0,0
262,0.2,0.2059405940594059,0.18120705414231045,1.0,-0.0,0,0
263,0.2,0.2891089108910891,0.20962058610407475,1.0,-0.0,0,0
264,0.2,0.23960396039603957,0.20102667569442348,1.0,-0.0,0,0
265,0.2,0.31683168316831684,0.24253990461944716,1.0,-0.0,0,0
266,0.0,0.2574257425742574,0.2131083184132516,1.0,-0.0,0,0
267,0.0,0.3227722772277228,0.23031669463047466,1.0,-0.0,0,0
268,0.0,0.2118811881188119,0.19865245471658538,1.0,-0.0,0,0
269,0.0,0.2396039603960396,0.2106469092589656,1.0,-0.0,0,0
270,0.0,0.16237623762376235,0.16581719933036293,1.0,-0.0,0,0
271,0.0,0.13069306930693067,0.1303024465454424,1.0,-0.0,0,0
272,0.0,0.06336633663366337,0.10504385908811757,1.0,-0.0,0,0
273,0.0,0.06336633663366337,0.10504385908811757,1.0,-0.0,0,0
274,0.0,0.03564356435643565,0.08154954567118416,1.0,-0.0,0,0
275,0.0,0.1386138613861386,0.1482373645323794,1.0,-0.0,0,0
276,0.0,0.10099009900990094,0.12467387119760155,1.0,-0.0,0,0
277,0.2,0.20198019801980194,0.1392911318421305,1.0,-0.0,0,0
278,0.2,0.20198019801980194,0.1392911318421305,1.0,-0.0,0,0
279,0.2,0.2514851485148515,0.15834156674616873,1.0,-0.0,0,0
280,0.2,0.22772277227722768,0.17355845414780538,1.0,-0.0,0,0
281,0.2,0.22772277227722768,0.17355845414780538,1.0,-0.0,0,0
282,0.0,0.1287128712871287,0.1307530615383697,1.0,-0.0,0,0
283,0.0,0.1287128712871287,0.1307530615383697,1.0,-0.0,0,0
284,0.0,0.07722772277227724,0.105193069190443,1.0,-0.0,0,0
285,0.0,0.0,0.0,1.0,-0.0,0,0
286,0.0,0.015841584158415842,0.05401260078014202,1.0,-0.0,0,0
287,0.0,0.015841584158415842,0.05401260078014202,1.0,-0.0,0,0
288,0.0,0.015841584158415842,0.05401260078014202,1.0,-0.0,0,0
289,1.2,0.29108910891089107,0.2243136991446542,2.5394809674727026e-05,4.595255037709396,0,0
290,1.2,0.29108910891089107,0.2243136991446542,2.5394809674727026e-05,4.595255037709396,0,0
291,1.2,0.2752475247524752,0.22312183795648752,1.7019801449595153e-05,4.76904551063499,1,0
292,1.2,0.2752475247524752,0.22312183795648752,1.7019801449595153e-05,4.76904551063499,0,0
