,foreground,bg_means,bg_stdev,pvals,minus_logs,regs,active
2,0.0,0.05940594059405942,0.0996808946427978,1.0,-0.0,0,0
3,0.0,0.025742574257425745,0.07264925278354116,1.0,-0.0,0,0
4,0.0,0.03762376237623763,0.08307396817189318,1.0,-0.0,0,0
5,0.0,0.061386138613861385,0.11515834731523733,1.0,-0.0,0,0
6,0.0,0.061386138613861385,0.11515834731523733,1.0,-0.0,0,0
7,0.0,0.04950495049504951,0.10304643034659555,1.0,-0.0,0,0
8,0.0,0.041584158415841586,0.09039772047931348,1.0,-0.0,0,0
9,0.0,0.023762376237623766,0.07056843438101174,1.0,-0.0,0,0
10,0.0,0.0,0.0,1.0,-0.0,0,0
11,0.0,0.0,0.0,1.0,-0.0,0,0
12,0.0,0.0,0.0,1.0,-0.0,0,0
13,0.0,0.06732673267326733,0.11000352009767247,1.0,-0.0,0,0
14,0.0,0.06732673267326733,0.11000352009767247,1.0,-0.0,0,0
15,0.0,0.06732673267326733,0.11000352009767247,1.0,-0.0,0,0
16,0.0,0.10297029702970298,0.13383560593042218,1.0,-0.0,0,0
17,0.0,0.1564356435643564,0.17486393102381254,1.0,-0.0,0,0
18,0.0,0.08712871287128714,0.1332483472575107,1.0,-0.0,0,0
19,0.0,0.09900990099009901,0.13965661530697393,1.0,-0.0,0,0
20,0.0,0.09900990099009901,0.13965661530697393,1.0,-0.0,0,0
21,0.0,0.07722772277227724,0.11593886073904515,1.0,-0.0,0,0
22,0.0,0.04356435643564357,0.09164702150816742,1.0,-0.0,0,0
23,0.0,0.04752475247524753,0.09809478080396702,1.0,-0.0,0,0
24,0.0,0.05544554455445544,0.10575073206193022,1.0,-0.0,0,0
25,0.0,0.0594059405940594,0.10733330877518932,1.0,-0.0,0,0
26,0.0,0.04554455445544555,0.09283729243351321,1.0,-0.0,0,0
27,0.0,0.027722772277227727,0.07461957893630407,1.0,-0.0,0,0
28,0.0,0.023762376237623766,0.07056843438101175,1.0,-0.0,0,0
29,0.0,0.0039603960396039604,0.02786385599895107,1.0,-0.0,0,0
30,0.0,0.0019801980198019802,0.0198019801980198,1.0,-0.0,0,0
31,0.0,0.0019801980198019802,0.0198019801980198,1.0,-0.0,0,0
32,0.0,0.0019801980198019802,0.0198019801980198,1.0,-0.0,0,0
33,0.0,0.017821782178217824,0.0695046684149871,1.0,-0.0,0,0
34,0.0,0.017821782178217824,0.0695046684149871,1.0,-0.0,0,0
35,0.0,0.015841584158415842,0.06709336374692047,1.0,-0.0,0,0
36,0.0,0.031683168316831684,0.08780118525701135,1.0,-0.0,0,0
37,0.0,0.031683168316831684,0.08780118525701135,1.0,-0.0,0,0
38,0.0,0.02772277227722773,0.06910862719451544,1.0,-0.0,0,0
39,0.0,0.02772277227722773,0.06910862719451544,1.0,-0.0,0,0
40,0.0,0.04356435643564357,0.08721867542790195,1.0,-0.0,0,0
41,0.0,0.04950495049504951,0.10304643034659554,1.0,-0.0,0,0
42,0.0,0.04950495049504951,0.10304643034659554,1.0,-0.0,0,0
43,0.0,0.03762376237623762,0.08771182015980238,1.0,-0.0,0,0
44,0.0,0.039603960396039604,0.08908690597387718,1.0,-0.0,0,0
45,0.0,0.033663366336633666,0.07994704648786674,1.0,-0.0,0,0
46,0.0,0.011881188118811883,0.047276579747775535,1.0,-0.0,0,0
47,0.0,0.019801980198019802,0.0597350618970232,1.0,-0.0,0,0
48,0.0,0.027722772277227727,0.07461957893630405,1.0,-0.0,0,0
49,0.0,0.03564356435643565,0.08626938974571076,1.0,-0.0,0,0
50,0.0,0.03762376237623763,0.09211646217515254,1.0,-0.0,0,0
51,0.0,0.051485148514851496,0.11824949407392964,1.0,-0.0,0,0
52,0.0,0.04554455445544555,0.1222922586664912,1.0,-0.0,0,0
53,0.0,0.057425742574257435,0.12691818106108566,1.0,-0.0,0,0
54,0.0,0.04752475247524753,0.11309687375282086,1.0,-0.0,0,0
55,0.0,0.03564356435643565,0.09074407316744236,1.0,-0.0,0,0
56,0.0,0.021782178217821784,0.06836703565002801,1.0,-0.0,0,0
57,0.0,0.019801980198019802,0.06603299802191315,1.0,-0.0,0,0
58,0.0,0.0,0.0,1.0,-0.0,0,0
59,0.0,0.0,0.0,1.0,-0.0,0,0
60,0.0,0.0,0.0,1.0,-0.0,0,0
61,0.0,0.009900990099009901,0.04338396495090425,1.0,-0.0,0,0
62,0.0,0.015841584158415842,0.05401260078014202,1.0,-0.0,0,0
63,0.0,0.015841584158415842,0.05401260078014202,1.0,-0.0,0,0
64,0.0,0.02772277227722772,0.06910862719451544,1.0,-0.0,0,0
65,0.0,0.02772277227722772,0.06910862719451544,1.0,-0.0,0,0
66,0.0,0.021782178217821784,0.0623054761289199,1.0,-0.0,0,0
67,0.0,0.015841584158415842,0.05401260078014202,1.0,-0.0,0,0
68,0.0,0.015841584158415842,0.05401260078014202,1.0,-0.0,0,0
69,0.0,0.0039603960396039604,0.027863855998951064,1.0,-0.0,0,0
70,0.0,0.0039603960396039604,0.027863855998951064,1.0,-0.0,0,0
71,0.2,0.007920792079207921,0.03900537743285587,4.2303541670263104e-07,6.3736232717865695,0,0
72,0.2,0.017821782178217824,0.056980176514606566,0.0006937928196726553,3.15877019915046,0,0
73,0.2,0.017821782178217824,0.056980176514606566,0.0006937928196726553,3.15877019915046,0,0
74,0.2,0.017821782178217824,0.056980176514606566,0.0006937928196726553,3.15877019915046,0,0
75,0.4,0.027722772277227727,0.07975061610139512,1.520604080179393e-06,5.817983848521751,0,0
76,0.2,0.019801980198019802,0.07178047113026477,0.006029646304338751,2.2197081625827586,0,0
77,0.2,0.009900990099009901,0.0517131281473291,0.00011844584382923118,3.9264801737229673,0,0
78,0.2,0.009900990099009901,0.0517131281473291,0.00011844584382923118,3.9264801737229673,0,0
79,0.2,0.009900990099009901,0.0517131281473291,0.00011844584382923118,3.9264801737229673,0,0
80,0.0,0.0,0.0,1.0,-0.0,0,0
81,0.0,0.0,0.0,1.0,-0.0,0,0
82,0.0,0.007920792079207921,0.03900537743285587,1.0,-0.0,0,0
83,0.0,0.007920792079207921,0.03900537743285587,1.0,-0.0,0,0
84,0.0,0.017821782178217824,0.05698017651460656,1.0,-0.0,0,0
85,0.0,0.017821782178217824,0.05698017651460656,1.0,-0.0,0,0
86,0.0,0.023762376237623766,0.06471340450838887,1.0,-0.0,0,0
87,0.0,0.015841584158415842,0.05401260078014202,1.0,-0.0,0,0
88,0.0,0.015841584158415842,0.05401260078014202,1.0,-0.0,0,0
89,0.0,0.0059405940594059415,0.03395332316729158,1.0,-0.0,0,0
90,0.0,0.0059405940594059415,0.03395332316729158,1.0,-0.0,0,0
91,0.0,0.0,0.0,1.0,-0.0,0,0
92,0.0,0.0,0.0,1.0,-0.0,0,0
93,0.0,0.0,0.0,1.0,-0.0,0,0
94,0.0,0.0,0.0,1.0,-0.0,0,0
95,0.0,0.0,0.0,1.0,-0.0,0,0
96,0.0,0.0,0.0,1.0,-0.0,0,0
97,0.0,0.0,0.0,1.0,-0.0,0,0
98,0.0,0.0,0.0,1.0,-0.0,0,0
99,0.0,0.0,0.0,1.0,-0.0,0,0
100,0.0,0.0,0.0,1.0,-0.0,0,0
101,0.0,0.0,0.0,1.0,-0.0,0,0
102,0.0,0.0,0.0,1.0,-0.0,0,0
103,0.0,0.0,0.0,1.0,-0.0,0,0
104,0.0,0.0,0.0,1.0,-0.0,0,0
105,0.0,0.019801980198019802,0.06603299802191316,1.0,-0.0,0,0
106,0.0,0.019801980198019802,0.06603299802191316,1.0,-0.0,0,0
107,0.0,0.019801980198019802,0.06603299802191316,1.0,-0.0,0,0
108,0.0,0.02772277227722772,0.07975061610139514,1.0,-0.0,0,0
109,0.0,0.02772277227722772,0.07975061610139514,1.0,-0.0,0,0
110,0.0,0.007920792079207921,0.03900537743285587,1.0,-0.0,0,0
111,0.0,0.007920792079207921,0.03900537743285587,1.0,-0.0,0,0
112,0.0,0.007920792079207921,0.03900537743285587,1.0,-0.0,0,0
113,0.0,0.0,0.0,1.0,-0.0,0,0
114,0.0,0.0,0.0,1.0,-0.0,0,0
115,0.0,0.0,0.0,1.0,-0.0,0,0
116,0.0,0.0,0.0,1.0,-0.0,0,0
117,0.0,0.0,0.0,1.0,-0.0,0,0
118,0.0,0.0,0.0,1.0,-0.0,0,0
119,0.0,0.017821782178217824,0.05698017651460656,1.0,-0.0,0,0
120,0.0,0.017821782178217824,0.05698017651460656,1.0,-0.0,0,0
121,0.0,0.017821782178217824,0.05698017651460656,1.0,-0.0,0,0
122,0.0,0.017821782178217824,0.05698017651460656,1.0,-0.0,0,0
123,0.0,0.017821782178217824,0.05698017651460656,1.0,-0.0,0,0
124,0.0,0.0,0.0,1.0,-0.0,0,0
125,0.0,0.0,0.0,1.0,-0.0,0,0
126,0.0,0.0,0.0,1.0,-0.0,0,0
127,0.0,0.0,0.0,1.0,-0.0,0,0
128,0.0,0.0,0.0,1.0,-0.0,0,0
129,0.0,0.009900990099009901,0.04338396495090425,1.0,-0.0,0,0
130,0.0,0.009900990099009901,0.04338396495090425,1.0,-0.0,0,0
131,0.0,0.009900990099009901,0.04338396495090425,1.0,-0.0,0,0
132,0.0,0.009900990099009901,0.04338396495090425,1.0,-0.0,0,0
133,0.0,0.009900990099009901,0.04338396495090425,1.0,-0.0,0,0
134,0.0,0.0059405940594059415,0.03395332316729158,1.0,-0.0,0,0
135,0.0,0.0059405940594059415,0.03395332316729158,1.0,-0.0,0,0
136,0.0,0.0059405940594059415,0.03395332316729158,1.0,-0.0,0,0
137,0.0,0.06930693069306931,0.11409790329416186,1.0,-0.0,0,0
138,0.0,0.08118811881188118,0.1264228887090089,1.0,-0.0,0,0
139,0.0,0.07524752475247526,0.12539516989297084,1.0,-0.0,0,0
140,0.0,0.07524752475247526,0.12539516989297084,1.0,-0.0,0,0
141,0.0,0.0910891089108911,0.13057300215314485,1.0,-0.0,0,0
142,0.2,0.03762376237623763,0.07816140339006158,0.01888012292982573,1.723995182306426,0,0
143,0.2,0.031683168316831684,0.0730260947112308,0.01058647624307391,1.9752485727397298,0,0
144,0.2,0.051485148514851496,0.08744317689433512,0.044714679514496807,1.349549877638611,0,0
145,0.2,0.051485148514851496,0.08744317689433512,0.044714679514496807,1.349549877638611,0,0
146,0.2,0.04356435643564357,0.08721867542790195,0.036438310127516485,1.438441772185106,0,0
147,0.0,0.08712871287128712,0.13024224675172555,1.0,-0.0,0,0
148,0.0,0.10693069306930691,0.14505541839059358,1.0,-0.0,0,0
149,0.0,0.13564356435643563,0.16141954340548717,1.0,-0.0,0,0
150,0.0,0.15445544554455443,0.166218722942046,1.0,-0.0,0,0
151,0.0,0.1465346534653465,0.15387043310940524,1.0,-0.0,0,0
152,0.0,0.09108910891089109,0.12750384183766536,1.0,-0.0,0,0
153,0.0,0.11485148514851483,0.13304219431477882,1.0,-0.0,0,0
154,0.0,0.06732673267326733,0.11000352009767247,1.0,-0.0,0,0
155,0.0,0.04950495049504951,0.09504950495049506,1.0,-0.0,0,0
156,0.0,0.10495049504950493,0.12771893462651168,1.0,-0.0,0,0
157,0.0,0.16633663366336632,0.1642729120947021,1.0,-0.0,0,0
158,0.0,0.11683168316831682,0.14146987009498416,1.0,-0.0,0,0
159,0.0,0.11683168316831682,0.14146987009498416,1.0,-0.0,0,0
160,0.0,0.12277227722772276,0.14615954128511632,1.0,-0.0,0,0
161,0.0,0.06732673267326734,0.10634234916512916,1.0,-0.0,0,0
162,0.0,0.007920792079207921,0.03900537743285587,1.0,-0.0,0,0
163,0.0,0.04950495049504951,0.10304643034659555,1.0,-0.0,0,0
164,0.0,0.04950495049504951,0.10304643034659555,1.0,-0.0,0,0
165,0.0,0.04356435643564357,0.09164702150816742,1.0,-0.0,0,0
166,0.0,0.05148514851485149,0.096075322540263,1.0,-0.0,0,0
167,0.0,0.05742574257425742,0.09885135821266286,1.0,-0.0,0,0
168,0.0,0.013861386138613863,0.05079507064705211,1.0,-0.0,0,0
169,0.0,0.025742574257425748,0.07264925278354116,1.0,-0.0,0,0
170,0.2,0.05742574257425742,0.10277971700879983,0.08269301175340939,1.0825311903890302,0,0
171,0.2,0.11089108910891088,0.14481192315867106,0.26916432342576346,0.5699825045005109,0,0
172,0.2,0.1564356435643564,0.16555687101844338,0.3962219857292311,0.40206142981723114,0,0
173,0.2,0.1564356435643564,0.16555687101844338,0.3962219857292311,0.40206142981723114,0,0
174,0.2,0.16831683168316833,0.1751552030692751,0.4282284298207433,0.36832450354225954,0,0
175,0.0,0.13663366336633662,0.14331490790275034,1.0,-0.0,0,0
176,0.0,0.07326732673267326,0.11509022642946842,1.0,-0.0,0,0
177,0.0,0.061386138613861385,0.10806149425459212,1.0,-0.0,0,0
178,0.0,0.07524752475247526,0.12539516989297084,1.0,-0.0,0,0
179,0.0,0.05148514851485149,0.1001126705723924,1.0,-0.0,0,0
180,0.0,0.057425742574257435,0.10656335878870264,1.0,-0.0,0,0
181,0.0,0.09108910891089109,0.13937555924568534,1.0,-0.0,0,0
182,0.0,0.057425742574257435,0.10656335878870266,1.0,-0.0,0,0
183,0.0,0.06336633663366337,0.11233152161332939,1.0,-0.0,0,0
184,0.0,0.06336633663366337,0.11233152161332939,1.0,-0.0,0,0
185,0.0,0.057425742574257435,0.10277971700879983,1.0,-0.0,0,0
186,0.0,0.023762376237623766,0.07056843438101175,1.0,-0.0,0,0
187,0.0,0.027722772277227727,0.07461957893630407,1.0,-0.0,0,0
188,0.0,0.007920792079207921,0.03900537743285587,1.0,-0.0,0,0
189,0.0,0.007920792079207921,0.03900537743285587,1.0,-0.0,0,0
190,0.0,0.039603960396039604,0.0890869059738772,1.0,-0.0,0,0
191,0.0,0.08514851485148514,0.13304219431477882,1.0,-0.0,0,0
192,0.0,0.09900990099009901,0.14791959918402456,1.0,-0.0,0,0
193,0.0,0.1287128712871287,0.1630990913423683,1.0,-0.0,0,0
194,0.0,0.14158415841584157,0.16725348446557364,1.0,-0.0,0,0
195,0.0,0.10891089108910891,0.1503125521928582,1.0,-0.0,0,0
196,0.0,0.06336633663366337,0.10504385908811757,1.0,-0.0,0,0
197,0.0,0.08316831683168317,0.11351216354824961,1.0,-0.0,0,0
198,0.0,0.07524752475247526,0.11205191564986228,1.0,-0.0,0,0
199,0.0,0.11089108910891088,0.15018206119491914,1.0,-0.0,0,0
200,0.0,0.11089108910891088,0.15018206119491914,1.0,-0.0,0,0
201,0.0,0.14257425742574256,0.16249693654596944,1.0,-0.0,0,0
202,0.0,0.13663366336633662,0.1565233492702535,1.0,-0.0,0,0
203,0.0,0.18019801980198016,0.1768927638346716,1.0,-0.0,0,0
204,0.0,0.1465346534653465,0.14041265664345218,1.0,-0.0,0,0
205,0.0,0.1465346534653465,0.14041265664345218,1.0,-0.0,0,0
206,0.0,0.15445544554455443,0.14317803946554628,1.0,-0.0,0,0
207,0.4,0.13069306930693064,0.13330718954223236,0.021681421779425503,1.6639122419347152,0,0
208,0.8,0.10099009900990098,0.1396566153069739,2.790139738959032e-07,6.554374045350392,0,0
209,0.8,0.08712871287128712,0.13324834725751067,4.399055981895089e-08,7.3566405112049,0,0
210,1.0,0.10495049504950495,0.14513649268759363,3.4809863450011654e-10,9.458297680336015,0,0
211,1.2,0.10891089108910892,0.14765427233510692,7.370900291104882e-14,13.132479463622646,0,0
212,0.8,0.09702970297029703,0.14789308791950767,1.0009473897095198e-06,5.999588748653845,0,0
213,0.4,0.05940594059405942,0.11096178792967841,0.0010721888769873531,2.9697287025090255,0,0
214,0.6,0.09702970297029703,0.13676274574124364,0.00011768018726028588,3.929296649202653,0,0
215,0.4,0.07920792079207921,0.11966689053257921,0.0036733214503492837,2.434941065119345,0,0
216,0.2,0.0613861386138614,0.10806149425459212,0.09979311443423107,1.000899423305625,0,0
217,0.2,0.0613861386138614,0.10806149425459212,0.09979311443423107,1.000899423305625,0,0
218,0.2,0.08118811881188118,0.11320083903331847,0.14695858512597854,0.8328050379416199,0,0
219,0.2,0.049504950495049514,0.09078727434730813,0.04869237040212954,1.3125390829709087,0,0
220,0.2,0.06336633663366337,0.09721138779115705,0.07993165121597691,1.097281215347649,0,0
221,0.2,0.039603960396039604,0.07970143286137865,0.02208567245422131,1.6558893730090944,0,0
222,0.4,0.04752475247524753,0.08965727859541997,4.223293025907398e-05,4.374348784755605,0,0
223,0.4,0.027722772277227727,0.06910862719451544,3.5853288547446714e-08,7.445471003663998,0,0
224,0.2,0.021782178217821784,0.06230547612891991,0.002115616449879084,2.6745630648030154,0,0
225,0.2,0.007920792079207921,0.03900537743285587,4.2303541670263104e-07,6.3736232717865695,0,0
226,0.2,0.007920792079207921,0.03900537743285587,4.2303541670263104e-07,6.3736232717865695,0,0
227,0.0,0.0,0.0,1.0,-0.0,0,0
228,0.0,0.0,0.0,1.0,-0.0,0,0
229,0.0,0.0,0.0,1.0,-0.0,0,0
230,0.0,0.0,0.0,1.0,-0.0,0,0
231,0.0,0.0,0.0,1.0,-0.0,0,0
232,0.0,0.0,0.0,1.0,-0.0,0,0
233,0.0,0.0,0.0,1.0,-0.0,0,0
234,0.0,0.0,0.0,1.0,-0.0,0,0
235,0.0,0.0,0.0,1.0,-0.0,0,0
236,0.0,0.0,0.0,1.0,-0.0,0,0
237,0.0,0.0019801980198019802,0.0198019801980198,1.0,-0.0,0,0
238,0.0,0.0019801980198019802,0.0198019801980198,1.0,-0.0,0,0
239,0.0,0.0019801980198019802,0.0198019801980198,1.0,-0.0,0,0
240,0.0,0.0019801980198019802,0.0198019801980198,1.0,-0.0,0,0
241,0.0,0.0019801980198019802,0.0198019801980198,1.0,-0.0,0,0
242,0.0,0.0,0.0,1.0,-0.0,0,0
243,0.0,0.0,0.0,1.0,-0.0,0,0
244,0.0,0.0,0.0,1.0,-0.0,0,0
245,0.2,0.015841584158415842,0.05401260078014202,0.00032535620257014524,3.4876409094885674,0,0
246,1.0,0.12475247524752472,0.16614793634378636,6.900383226807676e-08,7.161126789166194,0,0
247,1.6,0.16435643564356434,0.18325125229717668,2.3674856146510164e-15,14.625712651182836,0,0
248,1.6,0.17425742574257425,0.1859700100098835,8.846364939939388e-15,14.05323514860504,0,0
249,1.6,0.1841584158415841,0.18387074305594647,6.80264585863154e-15,14.167322137542369,0,0
250,1.4,0.16831683168316827,0.17057311261273692,2.583246495537156e-13,12.58783415110738,0,0
251,0.6,0.07722772277227723,0.11930590361498672,5.885669548817543e-06,5.230204125035215,0,0
252,0.4,0.08514851485148514,0.1269490726718781,0.0065665385713382495,2.1826635003809463,0,0
253,0.4,0.07920792079207921,0.11966689053257921,0.0036733214503492837,2.434941065119345,0,0
254,0.4,0.06930693069306931,0.11057238501634628,0.001391519337345591,2.856510754084425,0,0
255,0.4,0.07524752475247526,0.11553229422427584,0.002469974202944899,2.607307582601543,0,0
256,0.4,0.08712871287128714,0.13324834725751067,0.009436468186704789,2.025190519899815,0,0
257,0.0,0.057425742574257435,0.09885135821266286,1.0,-0.0,0,0
258,0.0,0.05346534653465347,0.09704990696905227,1.0,-0.0,0,0
259,0.0,0.05346534653465347,0.09704990696905227,1.0,-0.0,0,0
260,0.0,0.047524752475247525,0.08512548617902845,1.0,-0.0,0,0
261,0.0,0.015841584158415842,0.05401260078014202,1.0,-0.0,0,0
262,0.0,0.03960396039603961,0.07970143286137867,1.0,-0.0,0,0
263,0.0,0.03960396039603961,0.07970143286137867,1.0,-0.0,0,0
264,0.0,0.05544554455445545,0.09797478714338996,1.0,-0.0,0,0
265,0.0,0.05544554455445545,0.09797478714338996,1.0,-0.0,0,0
266,0.0,0.05544554455445545,0.09797478714338996,1.0,-0.0,0,0
267,0.0,0.015841584158415842,0.054012600780142014,1.0,-0.0,0,0
268,0.0,0.015841584158415842,0.054012600780142014,1.0,-0.0,0,0
269,0.0,0.0,0.0,1.0,-0.0,0,0
270,0.0,0.0,0.0,1.0,-0.0,0,0
271,0.2,0.06336633663366337,0.12245247393061628,0.13225179138884718,0.8785984366082987,0,0
272,0.2,0.06336633663366337,0.12245247393061628,0.13225179138884718,0.8785984366082987,0,0
273,0.2,0.07524752475247524,0.13156027914354923,0.17150024704312528,0.7657352500271067,0,0
274,0.2,0.07524752475247524,0.13156027914354923,0.17150024704312528,0.7657352500271067,0,0
275,0.2,0.08118811881188118,0.13549532985786936,0.19027844328163318,0.7206104103158428,0,0
276,0.2,0.057425742574257435,0.11021718851545144,0.09790604061927334,1.009190512214366,0,0
277,0.4,0.11485148514851483,0.15503825054307632,0.03294186103467408,1.4822518692142708,0,0
278,0.4,0.10297029702970295,0.15054715096038188,0.02424771528136088,1.6153291761315192,0,0
279,0.4,0.11287128712871286,0.15264231556912292,0.02998216442242227,1.5231370184929314,0,0
280,0.4,0.12079207920792079,0.14372473118118065,0.026028779843063878,1.5845461899331967,0,0
281,0.4,0.1762376237623762,0.1786353744371313,0.10517188030165238,0.9781003615346123,0,0
282,0.2,0.13861386138613863,0.17517758855125917,0.36301088556388844,0.44008035163207937,0,0
283,0.4,0.22376237623762374,0.2167027963612586,0.2080319797619018,0.6818698978903387,0,0
284,0.6,0.23564356435643566,0.21321868958253953,0.043740378032794035,1.3591174678268005,0,0
285,0.6,0.22178217821782176,0.20662491026923688,0.03359088479219628,1.473778556583829,0,0
286,0.4,0.12673267326732673,0.15851482056387722,0.042360882711092035,1.373034998692924,0,0
287,0.4,0.10495049504950495,0.1367053908443026,0.015452751881588808,1.8109941686296773,0,0
288,0.2,0.021782178217821784,0.06230547612891991,0.002115616449879084,2.6745630648030154,0,0
289,0.0,0.0,0.0,1.0,-0.0,0,0
290,0.0,0.0,0.0,1.0,-0.0,0,0
291,0.0,0.0,0.0,1.0,-0.0,0,0
292,0.0,0.0,0.0,1.0,-0.0,0,0
293,0.0,0.0,0.0,1.0,-0.0,0,0
294,0.0,0.0,0.0,1.0,-0.0,0,0
295,0.0,0.0,0.0,1.0,-0.0,0,0
296,0.0,0.0,0.0,1.0,-0.0,0,0
297,0.0,0.0,0.0,1.0,-0.0,0,0
298,0.8,0.019801980198019802,0.059735061897023205,1e-17,17.0,0,0
299,0.8,0.019801980198019802,0.059735061897023205,1e-17,17.0,0,0
300,0.8,0.0613861386138614,0.10806149425459212,4.096677038049018e-12,11.38756827234702,0,0
301,0.8,0.10297029702970294,0.1308429983103508,4.986311533963443e-08,7.302220591204365,0,0
302,0.8,0.10297029702970294,0.1308429983103508,4.986311533963443e-08,7.302220591204365,0,0
303,0.4,0.18019801980198016,0.18563234289517566,0.11819236597226958,0.9274105735663272,0,0
304,0.4,0.18019801980198016,0.18563234289517566,0.11819236597226958,0.9274105735663272,0,0
305,0.4,0.1386138613861386,0.1560466400383805,0.0469620762928759,1.3282527102569284,0,0
306,0.4,0.09504950495049505,0.13377699607171914,0.011317385673310372,1.946253883994294,0,0
307,0.4,0.09504950495049505,0.13377699607171914,0.011317385673310372,1.946253883994294,0,0
308,0.0,0.0,0.0,1.0,-0.0,0,0
309,0.0,0.009900990099009901,0.04338396495090425,1.0,-0.0,0,0
310,0.0,0.013861386138613863,0.05079507064705211,1.0,-0.0,0,0
311,0.0,0.013861386138613863,0.05079507064705211,1.0,-0.0,0,0
312,0.0,0.013861386138613863,0.05079507064705211,1.0,-0.0,0,0
313,0.0,0.013861386138613863,0.05079507064705211,1.0,-0.0,0,0
314,0.0,0.007920792079207921,0.03900537743285587,1.0,-0.0,0,0
315,0.0,0.0039603960396039604,0.027863855998951068,1.0,-0.0,0,0
316,0.0,0.0039603960396039604,0.027863855998951068,1.0,-0.0,0,0
317,0.0,0.0039603960396039604,0.027863855998951068,1.0,-0.0,0,0
318,0.0,0.0039603960396039604,0.027863855998951068,1.0,-0.0,0,0
319,0.0,0.009900990099009901,0.04338396495090424,1.0,-0.0,0,0
320,0.0,0.009900990099009901,0.04338396495090424,1.0,-0.0,0,0
321,0.0,0.009900990099009901,0.04338396495090424,1.0,-0.0,0,0
322,0.0,0.009900990099009901,0.04338396495090424,1.0,-0.0,0,0
323,0.0,0.009900990099009901,0.04338396495090424,1.0,-0.0,0,0
324,0.0,0.011881188118811883,0.047276579747775535,1.0,-0.0,0,0
325,0.0,0.011881188118811883,0.047276579747775535,1.0,-0.0,0,0
326,0.0,0.011881188118811883,0.047276579747775535,1.0,-0.0,0,0
327,0.0,0.011881188118811883,0.047276579747775535,1.0,-0.0,0,0
328,0.0,0.04356435643564357,0.08721867542790195,1.0,-0.0,0,0
329,0.0,0.041584158415841586,0.08590499787518362,1.0,-0.0,0,0
330,0.0,0.041584158415841586,0.08590499787518362,1.0,-0.0,0,0
331,0.0,0.1485148514851485,0.15325760452189585,1.0,-0.0,0,0
332,0.0,0.1485148514851485,0.15325760452189585,1.0,-0.0,0,0
333,0.0,0.13465346534653463,0.15184387732816487,1.0,-0.0,0,0
334,0.0,0.12475247524752472,0.14309585556546267,1.0,-0.0,0,0
335,0.0,0.12475247524752472,0.14309585556546267,1.0,-0.0,0,0
336,0.0,0.07326732673267326,0.12177815335858849,1.0,-0.0,0,0
337,0.0,0.12277227722772276,0.166430902094659,1.0,-0.0,0,0
338,0.0,0.11683168316831682,0.15986956746090622,1.0,-0.0,0,0
339,0.0,0.13663366336633664,0.1756023705140227,1.0,-0.0,0,0
340,0.0,0.13663366336633664,0.1756023705140227,1.0,-0.0,0,0
341,0.0,0.14257425742574256,0.16249693654596944,1.0,-0.0,0,0
342,0.0,0.09108910891089109,0.12113245340338318,1.0,-0.0,0,0
343,0.0,0.14059405940594058,0.15036471688371983,1.0,-0.0,0,0
344,0.0,0.11881188118811879,0.14122019271030048,1.0,-0.0,0,0
345,0.0,0.14059405940594058,0.15297590428378585,1.0,-0.0,0,0
346,0.0,0.07920792079207921,0.11966689053257921,1.0,-0.0,0,0
347,0.0,0.07920792079207921,0.11966689053257921,1.0,-0.0,0,0
348,0.0,0.019801980198019802,0.059735061897023205,1.0,-0.0,0,0
349,0.0,0.05148514851485149,0.09186070102766893,1.0,-0.0,0,0
350,0.0,0.05544554455445545,0.09797478714338996,1.0,-0.0,0,0
351,0.0,0.05544554455445545,0.09797478714338996,1.0,-0.0,0,0
352,0.0,0.05544554455445545,0.09797478714338996,1.0,-0.0,0,0
353,0.0,0.06534653465346535,0.10571364605971598,1.0,-0.0,0,0
354,0.0,0.049504950495049514,0.09078727434730813,1.0,-0.0,0,0
355,0.0,0.0297029702970297,0.07112192077650681,1.0,-0.0,0,0
356,0.0,0.05544554455445545,0.09384550979067555,1.0,-0.0,0,0
357,0.0,0.06732673267326733,0.09861306612268303,1.0,-0.0,0,0
358,0.0,0.0712871287128713,0.10372911567294095,1.0,-0.0,0,0
359,0.0,0.09900990099009901,0.12781100644043505,1.0,-0.0,0,0
360,0.0,0.13861386138613863,0.15856428688449586,1.0,-0.0,0,0
361,0.0,0.12673267326732673,0.15599637537608815,1.0,-0.0,0,0
362,0.0,0.11881188118811879,0.1520245363775781,1.0,-0.0,0,0
363,0.0,0.14059405940594058,0.17698140967528184,1.0,-0.0,0,0
364,0.0,0.10495049504950493,0.13670539084430264,1.0,-0.0,0,0
365,0.0,0.06534653465346535,0.10939585993610403,1.0,-0.0,0,0
366,0.0,0.09108910891089105,0.12113245340338318,1.0,-0.0,0,0
367,0.0,0.11089108910891085,0.13042276277287218,1.0,-0.0,0,0
368,0.0,0.07722772277227723,0.1124710639300034,1.0,-0.0,0,0
369,0.0,0.06732673267326733,0.10634234916512914,1.0,-0.0,0,0
370,0.0,0.06534653465346535,0.10571364605971598,1.0,-0.0,0,0
371,0.0,0.08514851485148517,0.11378818137472192,1.0,-0.0,0,0
372,0.0,0.07326732673267328,0.12177815335858849,1.0,-0.0,0,0
373,0.2,0.17425742574257425,0.1901815002541461,0.44616444234902425,0.35050504433220464,0,0
374,0.2,0.17425742574257425,0.1901815002541461,0.44616444234902425,0.35050504433220464,0,0
375,0.2,0.17425742574257425,0.1901815002541461,0.44616444234902425,0.35050504433220464,0,0
376,0.2,0.11089108910891088,0.14752142995793407,0.2729083748352631,0.563983136778129,0,0
377,0.2,0.09900990099009901,0.13386490123687583,0.22529911544679287,0.6472405133686278,0,0
378,0.2,0.04356435643564357,0.0916470215081674,0.04391693044295191,1.3573680223438196,0,0
379,0.2,0.04356435643564357,0.0916470215081674,0.04391693044295191,1.3573680223438196,0,0
380,0.2,0.04356435643564357,0.0916470215081674,0.04391693044295191,1.3573680223438196,0,0
381,0.2,0.04356435643564357,0.0916470215081674,0.04391693044295191,1.3573680223438196,0,0
382,0.4,0.06930693069306931,0.12084076279122662,0.0031038676436218036,2.508096806379782,0,0
383,0.2,0.025742574257425745,0.0669763743575753,0.0046371400013480064,2.3337497919853587,0,0
384,0.2,0.025742574257425745,0.0669763743575753,0.0046371400013480064,2.3337497919853587,0,0
385,0.4,0.04554455445544554,0.08846854615322249,3.080340316499904e-05,4.51140129992379,0,0
386,0.6,0.06930693069306931,0.11409790329416186,1.6499821926439761e-06,5.7825207428637855,0,0
387,0.6,0.08118811881188118,0.11999411807954947,7.673634689697873e-06,5.114998879626199,0,0
388,0.6,0.08118811881188118,0.11999411807954947,7.673634689697873e-06,5.114998879626199,0,0
389,0.6,0.08118811881188118,0.11999411807954947,7.673634689697873e-06,5.114998879626199,0,0
390,0.4,0.061386138613861385,0.11166631429601336,0.00121319785667061,2.916068365618998,0,0
391,0.2,0.03762376237623763,0.08307396817189318,0.025315250600093615,1.5966177690988217,0,0
392,0.0,0.0,0.0,1.0,-0.0,0,0
393,0.0,0.0,0.0,1.0,-0.0,0,0
394,0.0,0.0,0.0,1.0,-0.0,0,0
395,0.0,0.0,0.0,1.0,-0.0,0,0
396,0.0,0.0,0.0,1.0,-0.0,0,0
397,0.0,0.0,0.0,1.0,-0.0,0,0
398,0.0,0.0,0.0,1.0,-0.0,0,0
399,0.0,0.0,0.0,1.0,-0.0,0,0
400,0.0,0.0,0.0,1.0,-0.0,0,0
401,0.0,0.0,0.0,1.0,-0.0,0,0
402,0.0,0.0,0.0,1.0,-0.0,0,0
403,0.2,0.0297029702970297,0.08622392497852373,0.024130930001952804,1.6174259401329405,0,0
404,0.2,0.0297029702970297,0.08622392497852373,0.024130930001952804,1.6174259401329405,0,0
405,0.2,0.0297029702970297,0.08622392497852373,0.024130930001952804,1.6174259401329405,0,0
406,0.2,0.0297029702970297,0.08622392497852373,0.024130930001952804,1.6174259401329405,0,0
407,0.2,0.0297029702970297,0.08622392497852373,0.024130930001952804,1.6174259401329405,0,0
408,0.0,0.0,0.0,1.0,-0.0,0,0
409,0.0,0.0,0.0,1.0,-0.0,0,0
410,0.0,0.0,0.0,1.0,-0.0,0,0
411,0.0,0.0,0.0,1.0,-0.0,0,0
412,0.0,0.0,0.0,1.0,-0.0,0,0
413,0.0,0.033663366336633666,0.09363635974286645,1.0,-0.0,0,0
414,0.0,0.033663366336633666,0.09363635974286645,1.0,-0.0,0,0
415,0.0,0.033663366336633666,0.09363635974286645,1.0,-0.0,0,0
416,0.0,0.033663366336633666,0.09363635974286645,1.0,-0.0,0,0
417,0.0,0.033663366336633666,0.09363635974286645,1.0,-0.0,0,0
418,0.0,0.0,0.0,1.0,-0.0,0,0
419,0.0,0.0,0.0,1.0,-0.0,0,0
420,0.0,0.0059405940594059415,0.033953323167291584,1.0,-0.0,0,0
421,0.0,0.0059405940594059415,0.033953323167291584,1.0,-0.0,0,0
422,0.0,0.09702970297029703,0.15315522802114465,1.0,-0.0,0,0
423,0.0,0.09702970297029703,0.15315522802114465,1.0,-0.0,0,0
424,0.0,0.09702970297029703,0.15315522802114465,1.0,-0.0,0,0
425,0.0,0.0910891089108911,0.1503125521928582,1.0,-0.0,0,0
426,0.0,0.0910891089108911,0.1503125521928582,1.0,-0.0,0,0
427,0.0,0.007920792079207921,0.03900537743285587,1.0,-0.0,0,0
428,0.0,0.021782178217821784,0.06230547612891991,1.0,-0.0,0,0
429,0.0,0.04356435643564357,0.09991664009142863,1.0,-0.0,0,0
430,0.0,0.04356435643564357,0.09991664009142863,1.0,-0.0,0,0
431,0.0,0.09900990099009901,0.15574480873057972,1.0,-0.0,0,0
432,0.0,0.09108910891089109,0.1503125521928582,1.0,-0.0,0,0
433,0.0,0.08118811881188118,0.14122019271030048,1.0,-0.0,0,0
434,0.0,0.07326732673267328,0.12498799079651089,1.0,-0.0,0,0
435,0.0,0.08316831683168317,0.13864214704328154,1.0,-0.0,0,0
436,0.0,0.12475247524752477,0.16374693140141006,1.0,-0.0,0,0
437,0.0,0.15148514851485148,0.17610407666785385,1.0,-0.0,0,0
438,0.0,0.15049504950495052,0.18542098868466736,1.0,-0.0,0,0
439,0.0,0.1386138613861386,0.17964227215907683,1.0,-0.0,0,0
440,0.0,0.17425742574257425,0.1943017278738389,1.0,-0.0,0,0
441,0.0,0.07524752475247526,0.11205191564986228,1.0,-0.0,0,0
442,0.0,0.049504950495049514,0.09504950495049506,1.0,-0.0,0,0
443,0.0,0.04554455445544555,0.08846854615322249,1.0,-0.0,0,0
444,0.0,0.04356435643564357,0.08721867542790195,1.0,-0.0,0,0
445,0.0,0.0,0.0,1.0,-0.0,0,0
446,0.0,0.0019801980198019802,0.0198019801980198,1.0,-0.0,0,0
447,0.0,0.031683168316831684,0.08316831683168317,1.0,-0.0,0,0
448,0.0,0.11683168316831682,0.1442421691205886,1.0,-0.0,0,0
449,0.0,0.12079207920792079,0.14372473118118065,1.0,-0.0,0,0
450,0.0,0.12079207920792079,0.14372473118118065,1.0,-0.0,0,0
451,0.0,0.11881188118811879,0.14122019271030045,1.0,-0.0,0,0
452,0.0,0.13465346534653466,0.17144444215376922,1.0,-0.0,0,0
453,0.0,0.04950495049504951,0.09078727434730814,1.0,-0.0,0,0
454,0.0,0.05346534653465346,0.10104832334394513,1.0,-0.0,0,0
455,0.0,0.09108910891089109,0.13650445892763632,1.0,-0.0,0,0
456,0.0,0.09108910891089109,0.13650445892763632,1.0,-0.0,0,0
457,0.0,0.04554455445544554,0.09700949476369022,1.0,-0.0,0,0
458,0.0,0.05346534653465347,0.10489443673781407,1.0,-0.0,0,0
459,0.0,0.057425742574257435,0.11021718851545144,1.0,-0.0,0,0
460,0.0,0.15049504950495046,0.17667095463917198,1.0,-0.0,0,0
461,0.0,0.16237623762376235,0.17735766020493526,1.0,-0.0,0,0
462,0.0,0.18217821782178212,0.18900261384538627,1.0,-0.0,0,0
463,0.0,0.17425742574257425,0.18597001000988353,1.0,-0.0,0,0
464,0.0,0.1900990099009901,0.19574936009912708,1.0,-0.0,0,0
465,0.0,0.1485148514851485,0.15834156674616875,1.0,-0.0,0,0
466,0.0,0.1485148514851485,0.16326729671147555,1.0,-0.0,0,0
467,0.0,0.12673267326732673,0.15599637537608815,1.0,-0.0,0,0
468,0.0,0.13366336633663364,0.15937826461670404,1.0,-0.0,0,0
469,0.0,0.1277227722772277,0.15293745041306636,1.0,-0.0,0,0
470,0.0,0.0712871287128713,0.11801714396634724,1.0,-0.0,0,0
471,0.0,0.08316831683168316,0.12028786177019754,1.0,-0.0,0,0
472,0.0,0.11485148514851484,0.15246238855382305,1.0,-0.0,0,0
473,0.2,0.19009900990099005,0.18748198619476633,0.4789415057738724,0.31971752472922504,0,0
474,0.2,0.19801980198019797,0.18129359046727286,0.49564259826311874,0.3048313750248199,0,0
475,0.2,0.16633663366336632,0.16666633990099655,0.41996594762129563,0.37678592236332387,0,0
476,0.2,0.1564356435643564,0.14786657190173835,0.38414233129477937,0.4155078322913359,0,0
477,0.2,0.12475247524752472,0.13744913773527348,0.29203232189931416,0.5345690785321504,0,0
478,0.0,0.04356435643564357,0.08721867542790195,1.0,-0.0,0,0
479,0.0,0.05346534653465347,0.09704990696905226,1.0,-0.0,0,0
480,0.0,0.07722772277227724,0.1257698574906964,1.0,-0.0,0,0
481,0.0,0.06930693069306931,0.11751770396006173,1.0,-0.0,0,0
482,0.0,0.06930693069306931,0.11751770396006173,1.0,-0.0,0,0
483,0.0,0.08712871287128712,0.12401163019288061,1.0,-0.0,0,0
484,0.0,0.05148514851485149,0.09186070102766893,1.0,-0.0,0,0
485,0.0,0.08316831683168317,0.12353642740976015,1.0,-0.0,0,0
486,0.0,0.07722772277227723,0.11930590361498669,1.0,-0.0,0,0
487,0.0,0.09306930693069307,0.12448501897427099,1.0,-0.0,0,0
488,0.0,0.08910891089108913,0.13636075485692528,1.0,-0.0,0,0
489,0.0,0.08514851485148517,0.130031327995105,1.0,-0.0,0,0
490,0.0,0.039603960396039604,0.09342674148186497,1.0,-0.0,0,0
491,0.0,0.07920792079207921,0.1261123431927973,1.0,-0.0,0,0
492,0.0,0.06336633663366337,0.11233152161332939,1.0,-0.0,0,0
493,0.0,0.049504950495049514,0.09912864166957489,1.0,-0.0,0,0
494,0.0,0.12475247524752475,0.16131019290626772,1.0,-0.0,0,0
495,0.0,0.12475247524752472,0.16374693140141006,1.0,-0.0,0,0
496,0.0,0.08514851485148513,0.13304219431477882,1.0,-0.0,0,0
497,0.0,0.08514851485148513,0.13304219431477882,1.0,-0.0,0,0
498,0.0,0.08514851485148513,0.13304219431477882,1.0,-0.0,0,0
499,0.0,0.009900990099009901,0.04338396495090425,1.0,-0.0,0,0
500,0.0,0.023762376237623763,0.07056843438101175,1.0,-0.0,0,0
501,0.0,0.023762376237623763,0.07056843438101175,1.0,-0.0,0,0
502,0.0,0.023762376237623763,0.07056843438101175,1.0,-0.0,0,0
503,0.0,0.023762376237623763,0.07056843438101175,1.0,-0.0,0,0
504,0.0,0.023762376237623763,0.07056843438101175,1.0,-0.0,0,0
505,0.0,0.0,0.0,1.0,-0.0,0,0
506,0.0,0.0,0.0,1.0,-0.0,0,0
507,0.0,0.0,0.0,1.0,-0.0,0,0
508,0.0,0.0,0.0,1.0,-0.0,0,0
509,0.0,0.0,0.0,1.0,-0.0,0,0
510,0.0,0.0,0.0,1.0,-0.0,0,0
511,0.0,0.039603960396039604,0.08452453849668534,1.0,-0.0,0,0
512,0.0,0.13069306930693067,0.1447035715361989,1.0,-0.0,0,0
513,0.0,0.13069306930693067,0.1447035715361989,1.0,-0.0,0,0
514,0.0,0.13069306930693067,0.1447035715361989,1.0,-0.0,0,0
515,0.0,0.13069306930693067,0.1447035715361989,1.0,-0.0,0,0
516,0.0,0.09702970297029703,0.1367627457412436,1.0,-0.0,0,0
517,0.0,0.007920792079207921,0.03900537743285587,1.0,-0.0,0,0
518,0.0,0.0712871287128713,0.11110305060677654,1.0,-0.0,0,0
519,0.0,0.09900990099009899,0.1308729634998678,1.0,-0.0,0,0
520,0.0,0.09900990099009899,0.1308729634998678,1.0,-0.0,0,0
521,0.0,0.09108910891089109,0.12750384183766536,1.0,-0.0,0,0
522,0.0,0.09702970297029702,0.1367627457412436,1.0,-0.0,0,0
523,0.0,0.033663366336633666,0.07994704648786674,1.0,-0.0,0,0
524,0.0,0.0059405940594059415,0.03395332316729158,1.0,-0.0,0,0
525,0.0,0.0059405940594059415,0.03395332316729158,1.0,-0.0,0,0
526,0.2,0.017821782178217824,0.05698017651460656,0.0006937928196726553,3.15877019915046,0,0
527,0.2,0.011881188118811883,0.047276579747775535,3.4586556520905853e-05,4.461092674713385,0,0
528,0.2,0.021782178217821784,0.06230547612891991,0.002115616449879084,2.6745630648030154,0,0
529,0.2,0.021782178217821784,0.06230547612891991,0.002115616449879084,2.6745630648030154,0,0
530,0.2,0.09504950495049505,0.12457948087149175,0.1997714008577719,0.6994666849722292,0,0
531,0.0,0.08316831683168316,0.10996786833199856,1.0,-0.0,0,0
532,0.0,0.08316831683168316,0.10996786833199856,1.0,-0.0,0,0
533,0.0,0.07920792079207921,0.10928827506175548,1.0,-0.0,0,0
534,0.0,0.07920792079207921,0.10928827506175548,1.0,-0.0,0,0
535,0.0,0.03762376237623763,0.08771182015980238,1.0,-0.0,0,0
536,0.0,0.03762376237623763,0.08771182015980238,1.0,-0.0,0,0
537,0.0,0.08910891089108913,0.12734998170941406,1.0,-0.0,0,0
538,0.0,0.08316831683168316,0.12028786177019754,1.0,-0.0,0,0
539,0.0,0.08514851485148513,0.12054836637801526,1.0,-0.0,0,0
540,0.0,0.12079207920792079,0.13224402263020987,1.0,-0.0,0,0
541,0.0,0.16237623762376235,0.16341133493685353,1.0,-0.0,0,0
542,0.0,0.10891089108910891,0.1335716590419014,1.0,-0.0,0,0
543,0.0,0.12079207920792079,0.14645435316515326,1.0,-0.0,0,0
544,0.0,0.1188118811881188,0.1467218499235066,1.0,-0.0,0,0
545,0.0,0.05346534653465347,0.10104832334394512,1.0,-0.0,0,0
546,0.0,0.011881188118811883,0.047276579747775535,1.0,-0.0,0,0
547,0.0,0.011881188118811883,0.047276579747775535,1.0,-0.0,0,0
548,0.0,0.0,0.0,1.0,-0.0,0,0
549,0.0,0.0,0.0,1.0,-0.0,0,0
550,0.0,0.031683168316831684,0.07826167463512676,1.0,-0.0,0,0
551,0.0,0.08514851485148514,0.13304219431477884,1.0,-0.0,0,0
552,0.0,0.09504950495049502,0.13957235791450373,1.0,-0.0,0,0
553,0.0,0.12475247524752472,0.1403009075953929,1.0,-0.0,0,0
554,0.0,0.12475247524752472,0.1403009075953929,1.0,-0.0,0,0
555,0.0,0.09900990099009901,0.1308729634998678,1.0,-0.0,0,0
556,0.0,0.05940594059405942,0.1144753143191654,1.0,-0.0,0,0
557,0.0,0.06732673267326733,0.11698261772468857,1.0,-0.0,0,0
558,0.0,0.039603960396039604,0.09342674148186496,1.0,-0.0,0,0
559,0.0,0.039603960396039604,0.09342674148186496,1.0,-0.0,0,0
560,0.0,0.06534653465346535,0.10571364605971598,1.0,-0.0,0,0
561,0.0,0.07524752475247524,0.11205191564986228,1.0,-0.0,0,0
562,0.0,0.057425742574257435,0.09476028605152792,1.0,-0.0,0,0
563,0.0,0.06732673267326733,0.10255055347504201,1.0,-0.0,0,0
564,0.0,0.06732673267326733,0.10255055347504201,1.0,-0.0,0,0
565,0.0,0.05742574257425742,0.09476028605152792,1.0,-0.0,0,0
566,0.2,0.1485148514851485,0.17944571499737333,0.38708980929540804,0.4121882619670895,0,0
567,0.4,0.19207920792079206,0.19482572477225887,0.14293754688821514,0.8448536755862833,0,0
568,0.4,0.18217821782178217,0.1910865438703338,0.1271615504000026,0.8956441856482594,0,0
569,0.4,0.18217821782178217,0.1910865438703338,0.1271615504000026,0.8956441856482594,0,0
570,0.4,0.15841584158415842,0.18090385101871284,0.09086807105607615,1.0415886910362198,0,0
571,0.2,0.04356435643564357,0.08721867542790196,0.03643831012751651,1.4384417721851057,0,0
572,0.0,0.0,0.0,1.0,-0.0,0,0
573,0.0,0.09108910891089106,0.12435895816322838,1.0,-0.0,0,0
574,0.0,0.09306930693069305,0.12448501897427097,1.0,-0.0,0,0
575,0.0,0.20198019801980194,0.17461709057464242,1.0,-0.0,0,0
576,0.0,0.30495049504950494,0.22266444034646488,1.0,-0.0,0,0
577,0.0,0.31089108910891083,0.224226278080831,1.0,-0.0,0,0
578,0.0,0.2712871287128713,0.22792070605842626,1.0,-0.0,0,0
579,0.0,0.31287128712871287,0.24114551965736072,1.0,-0.0,0,0
580,0.0,0.20594059405940587,0.209583170559626,1.0,-0.0,0,0
581,0.0,0.14059405940594055,0.16779184288566226,1.0,-0.0,0,0
582,0.0,0.13267326732673265,0.16951235294283323,1.0,-0.0,0,0
583,0.0,0.08118811881188118,0.13549532985786933,1.0,-0.0,0,0
584,0.0,0.03762376237623763,0.10795257956783376,1.0,-0.0,0,0
585,0.0,0.03762376237623763,0.10795257956783376,1.0,-0.0,0,0
586,0.0,0.023762376237623766,0.06471340450838887,1.0,-0.0,0,0
587,0.4,0.0712871287128713,0.11461224656227947,0.0020650958502956155,2.6850597859986665,0,0
588,0.4,0.10693069306930691,0.1450554183905936,0.021671192643179613,1.6641171872450655,0,0
589,0.4,0.14653465346534653,0.1709405295438197,0.06906787536270982,1.1607239033748167,0,0
590,0.4,0.2455445544554455,0.22317455428042607,0.2444424198686282,0.6118234256133539,0,0
591,0.4,0.22178217821782176,0.21415454787478452,0.20265013089258033,0.693253111409547,0,0
592,0.0,0.17425742574257427,0.18382808657861666,1.0,-0.0,0,0
593,0.0,0.21188118811881188,0.2006361806176688,1.0,-0.0,0,0
594,0.0,0.1801980198019802,0.2039315561653939,1.0,-0.0,0,0
595,0.0,0.07920792079207921,0.1292145592164392,1.0,-0.0,0,0
596,0.0,0.07920792079207921,0.1292145592164392,1.0,-0.0,0,0
597,0.0,0.15445544554455445,0.17321922953369534,1.0,-0.0,0,0
598,0.0,0.10297029702970295,0.14519051706790778,1.0,-0.0,0,0
599,0.0,0.09702970297029702,0.14243667729389659,1.0,-0.0,0,0
600,0.0,0.09702970297029702,0.14243667729389659,1.0,-0.0,0,0
601,0.0,0.1900990099009901,0.18958263199843847,1.0,-0.0,0,0
602,0.0,0.12277227722772276,0.14884451859775158,1.0,-0.0,0,0
603,0.0,0.17227722772277226,0.18674852677785872,1.0,-0.0,0,0
604,0.0,0.20594059405940596,0.20958317055962605,1.0,-0.0,0,0
605,0.0,0.20594059405940596,0.20958317055962605,1.0,-0.0,0,0
606,0.0,0.2059405940594059,0.20188310615339294,1.0,-0.0,0,0
607,0.0,0.19801980198019797,0.1999901967992491,1.0,-0.0,0,0
608,0.0,0.12574257425742574,0.14802559676063964,1.0,-0.0,0,0
609,0.0,0.0910891089108911,0.13057300215314485,1.0,-0.0,0,0
610,0.0,0.14653465346534653,0.15893479355105836,1.0,-0.0,0,0
611,0.0,0.07524752475247526,0.13156027914354926,1.0,-0.0,0,0
612,0.0,0.07524752475247526,0.13156027914354926,1.0,-0.0,0,0
613,0.0,0.07920792079207921,0.13520562388207177,1.0,-0.0,0,0
614,0.0,0.08118811881188118,0.13549532985786936,1.0,-0.0,0,0
615,0.0,0.06534653465346535,0.12302752132284411,1.0,-0.0,0,0
616,0.0,0.06336633663366337,0.11233152161332939,1.0,-0.0,0,0
617,0.0,0.06336633663366337,0.11233152161332939,1.0,-0.0,0,0
618,0.0,0.0594059405940594,0.10733330877518932,1.0,-0.0,0,0
619,0.0,0.05742574257425742,0.10656335878870264,1.0,-0.0,0,0
620,0.0,0.019801980198019802,0.059735061897023205,1.0,-0.0,0,0
621,0.0,0.0,0.0,1.0,-0.0,0,0
622,0.0,0.0019801980198019802,0.0198019801980198,1.0,-0.0,0,0
623,0.0,0.0019801980198019802,0.0198019801980198,1.0,-0.0,0,0
624,0.0,0.04752475247524753,0.09397077637785879,1.0,-0.0,0,0
625,0.0,0.12079207920792079,0.14094225464771679,1.0,-0.0,0,0
626,0.0,0.1386138613861386,0.14554118673277588,1.0,-0.0,0,0
627,0.0,0.13663366336633662,0.1460521894224616,1.0,-0.0,0,0
628,0.0,0.2059405940594059,0.1699282214093064,1.0,-0.0,0,0
629,0.0,0.1603960396039604,0.14356094226052957,1.0,-0.0,0,0
630,0.0,0.08514851485148513,0.11378818137472192,1.0,-0.0,0,0
631,0.0,0.06930693069306931,0.10693069306930694,1.0,-0.0,0,0
632,0.0,0.06930693069306931,0.10693069306930694,1.0,-0.0,0,0
633,0.0,0.0,0.0,1.0,-0.0,0,0
634,0.0,0.009900990099009901,0.043383964950904234,1.0,-0.0,0,0
635,0.0,0.009900990099009901,0.043383964950904234,1.0,-0.0,0,0
636,0.0,0.009900990099009901,0.043383964950904234,1.0,-0.0,0,0
637,0.0,0.011881188118811883,0.047276579747775535,1.0,-0.0,0,0
638,0.0,0.011881188118811883,0.047276579747775535,1.0,-0.0,0,0
639,0.0,0.0019801980198019802,0.0198019801980198,1.0,-0.0,0,0
640,0.0,0.007920792079207921,0.03900537743285587,1.0,-0.0,0,0
641,0.0,0.007920792079207921,0.03900537743285587,1.0,-0.0,0,0
642,0.0,0.0059405940594059415,0.03395332316729158,1.0,-0.0,0,0
643,0.0,0.0059405940594059415,0.03395332316729158,1.0,-0.0,0,0
644,0.0,0.0059405940594059415,0.03395332316729158,1.0,-0.0,0,0
645,0.0,0.0,0.0,1.0,-0.0,0,0
646,0.0,0.0,0.0,1.0,-0.0,0,0
647,0.0,0.007920792079207921,0.03900537743285587,1.0,-0.0,0,0
648,0.0,0.007920792079207921,0.03900537743285587,1.0,-0.0,0,0
649,0.0,0.007920792079207921,0.03900537743285587,1.0,-0.0,0,0
650,0.0,0.007920792079207921,0.03900537743285587,1.0,-0.0,0,0
651,0.0,0.007920792079207921,0.03900537743285587,1.0,-0.0,0,0
652,0.0,0.0,0.0,1.0,-0.0,0,0
653,0.0,0.0,0.0,1.0,-0.0,0,0
654,0.0,0.0,0.0,1.0,-0.0,0,0
655,0.0,0.0,0.0,1.0,-0.0,0,0
656,0.0,0.0,0.0,1.0,-0.0,0,0
657,0.0,0.0,0.0,1.0,-0.0,0,0
658,0.0,0.0,0.0,1.0,-0.0,0,0
659,0.0,0.0,0.0,1.0,-0.0,0,0
660,0.0,0.0,0.0,1.0,-0.0,0,0
661,0.0,0.0019801980198019802,0.0198019801980198,1.0,-0.0,0,0
662,0.0,0.0019801980198019802,0.0198019801980198,1.0,-0.0,0,0
663,0.0,0.019801980198019802,0.06603299802191316,1.0,-0.0,0,0
664,0.0,0.039603960396039604,0.08452453849668534,1.0,-0.0,0,0
665,0.0,0.039603960396039604,0.08452453849668534,1.0,-0.0,0,0
666,0.0,0.03762376237623763,0.08307396817189318,1.0,-0.0,0,0
667,0.0,0.06336633663366337,0.10874875419996817,1.0,-0.0,0,0
668,0.0,0.04554455445544555,0.09700949476369022,1.0,-0.0,0,0
669,0.0,0.05544554455445545,0.10575073206193022,1.0,-0.0,0,0
670,0.0,0.08118811881188118,0.13549532985786936,1.0,-0.0,0,0
671,0.0,0.08118811881188118,0.13549532985786936,1.0,-0.0,0,0
672,0.0,0.05544554455445545,0.09797478714338995,1.0,-0.0,0,0
673,0.0,0.05544554455445545,0.09797478714338995,1.0,-0.0,0,0
674,0.0,0.025742574257425745,0.06697637435757531,1.0,-0.0,0,0
675,0.0,0.0,0.0,1.0,-0.0,0,0
676,0.0,0.0,0.0,1.0,-0.0,0,0
677,0.0,0.015841584158415842,0.05401260078014201,1.0,-0.0,0,0
678,0.0,0.019801980198019802,0.059735061897023205,1.0,-0.0,0,0
679,0.0,0.03762376237623763,0.09211646217515253,1.0,-0.0,0,0
680,0.0,0.04356435643564357,0.09587103712404124,1.0,-0.0,0,0
681,0.0,0.04356435643564357,0.09587103712404124,1.0,-0.0,0,0
682,0.0,0.02772277227722772,0.07461957893630407,1.0,-0.0,0,0
683,0.0,0.023762376237623766,0.07056843438101175,1.0,-0.0,0,0
684,0.0,0.015841584158415842,0.06090517425437506,1.0,-0.0,0,0
685,0.0,0.009900990099009901,0.04338396495090424,1.0,-0.0,0,0
686,0.0,0.019801980198019802,0.059735061897023205,1.0,-0.0,0,0
687,0.0,0.03564356435643565,0.08154954567118416,1.0,-0.0,0,0
688,0.0,0.03564356435643565,0.08154954567118416,1.0,-0.0,0,0
689,0.0,0.025742574257425748,0.0669763743575753,1.0,-0.0,0,0
690,0.0,0.039603960396039604,0.07970143286137867,1.0,-0.0,0,0
691,0.0,0.02970297029702971,0.07112192077650682,1.0,-0.0,0,0
692,0.0,0.013861386138613863,0.05079507064705211,1.0,-0.0,0,0
693,0.0,0.013861386138613863,0.05079507064705211,1.0,-0.0,0,0
694,0.0,0.013861386138613863,0.05079507064705211,1.0,-0.0,0,0
695,0.0,0.0,0.0,1.0,-0.0,0,0
696,0.0,0.011881188118811883,0.047276579747775535,1.0,-0.0,0,0
697,0.0,0.011881188118811883,0.047276579747775535,1.0,-0.0,0,0
698,0.0,0.011881188118811883,0.047276579747775535,1.0,-0.0,0,0
699,0.0,0.10891089108910891,0.14218869759220787,1.0,-0.0,0,0
700,0.0,0.10891089108910891,0.14218869759220787,1.0,-0.0,0,0
701,0.0,0.10495049504950495,0.13957235791450373,1.0,-0.0,0,0
702,0.0,0.13663366336633662,0.1460521894224616,1.0,-0.0,0,0
703,0.0,0.13663366336633662,0.1460521894224616,1.0,-0.0,0,0
704,0.0,0.03762376237623763,0.07816140339006158,1.0,-0.0,0,0
705,0.0,0.03762376237623763,0.07816140339006158,1.0,-0.0,0,0
706,0.0,0.04554455445544555,0.09283729243351321,1.0,-0.0,0,0
707,0.0,0.015841584158415842,0.05401260078014202,1.0,-0.0,0,0
708,0.0,0.015841584158415842,0.05401260078014202,1.0,-0.0,0,0
709,0.0,0.015841584158415842,0.05401260078014202,1.0,-0.0,0,0
710,0.0,0.015841584158415842,0.05401260078014202,1.0,-0.0,0,0
711,0.0,0.1801980198019802,0.18775368421597713,1.0,-0.0,0,0
712,0.0,0.1801980198019802,0.18775368421597713,1.0,-0.0,0,0
713,0.0,0.26534653465346536,0.22357829982213773,1.0,-0.0,0,0
714,0.0,0.2693069306930693,0.22238249728897364,1.0,-0.0,0,0
715,0.0,0.27524752475247527,0.23011230172410221,1.0,-0.0,0,0
716,0.0,0.10495049504950493,0.12457948087149172,1.0,-0.0,0,0
717,0.0,0.10495049504950493,0.12457948087149172,1.0,-0.0,0,0
718,0.0,0.07722772277227724,0.12258049537063101,1.0,-0.0,0,0
719,0.0,0.22772277227722768,0.20687146814606536,1.0,-0.0,0,0
720,0.0,0.25346534653465347,0.22141057978050935,1.0,-0.0,0,0
721,0.0,0.24356435643564353,0.22268204993487845,1.0,-0.0,0,0
722,0.0,0.2693069306930693,0.231115493076696,1.0,-0.0,0,0
723,0.0,0.21188118811881188,0.19462435446028697,1.0,-0.0,0,0
724,0.0,0.08910891089108909,0.14752142995793407,1.0,-0.0,0,0
725,0.0,0.06534653465346535,0.12930556607773872,1.0,-0.0,0,0
726,0.0,0.06534653465346535,0.12930556607773872,1.0,-0.0,0,0
727,0.0,0.05742574257425742,0.10656335878870264,1.0,-0.0,0,0
728,0.0,0.05742574257425742,0.10656335878870264,1.0,-0.0,0,0
729,0.0,0.02970297029702971,0.07112192077650681,1.0,-0.0,0,0
730,0.0,0.031683168316831684,0.07826167463512675,1.0,-0.0,0,0
731,0.0,0.05742574257425742,0.11021718851545144,1.0,-0.0,0,0
732,0.0,0.0613861386138614,0.11166631429601336,1.0,-0.0,0,0
733,0.0,0.11287128712871286,0.15264231556912292,1.0,-0.0,0,0
734,0.0,0.10891089108910891,0.14494724878689189,1.0,-0.0,0,0
735,0.0,0.11089108910891088,0.15018206119491914,1.0,-0.0,0,0
736,0.0,0.08514851485148514,0.1269490726718781,1.0,-0.0,0,0
737,0.0,0.06336633663366337,0.10874875419996817,1.0,-0.0,0,0
738,0.0,0.011881188118811883,0.047276579747775535,1.0,-0.0,0,0
739,0.0,0.011881188118811883,0.047276579747775535,1.0,-0.0,0,0
740,0.0,0.0,0.0,1.0,-0.0,0,0
741,0.0,0.0,0.0,1.0,-0.0,0,0
742,0.0,0.0,0.0,1.0,-0.0,0,0
743,0.0,0.0,0.0,1.0,-0.0,0,0
744,0.0,0.0,0.0,1.0,-0.0,0,0
745,0.0,0.0,0.0,1.0,-0.0,0,0
746,0.0,0.007920792079207921,0.03900537743285587,1.0,-0.0,0,0
747,0.0,0.007920792079207921,0.03900537743285587,1.0,-0.0,0,0
748,0.0,0.013861386138613863,0.050795070647052104,1.0,-0.0,0,0
749,0.0,0.027722772277227727,0.07975061610139514,1.0,-0.0,0,0
750,0.0,0.027722772277227727,0.07975061610139514,1.0,-0.0,0,0
751,0.0,0.039603960396039604,0.09757374253271225,1.0,-0.0,0,0
752,0.0,0.04356435643564357,0.10755228209109126,1.0,-0.0,0,0
753,0.0,0.08514851485148514,0.14169143619800648,1.0,-0.0,0,0
754,0.0,0.08712871287128712,0.1390657415135005,1.0,-0.0,0,0
755,0.0,0.1089108910891089,0.1529246303073887,1.0,-0.0,0,0
756,0.0,0.0891089108910891,0.13342479626077636,1.0,-0.0,0,0
757,0.0,0.08514851485148514,0.130031327995105,1.0,-0.0,0,0
758,0.0,0.04752475247524753,0.09809478080396704,1.0,-0.0,0,0
759,0.0,0.03762376237623763,0.08771182015980238,1.0,-0.0,0,0
760,0.0,0.019801980198019802,0.059735061897023205,1.0,-0.0,0,0
761,0.0,0.0297029702970297,0.07112192077650681,1.0,-0.0,0,0
762,0.0,0.0297029702970297,0.07112192077650681,1.0,-0.0,0,0
763,0.0,0.04356435643564357,0.09587103712404124,1.0,-0.0,0,0
764,0.0,0.04554455445544555,0.09700949476369022,1.0,-0.0,0,0
765,0.0,0.051485148514851496,0.10011267057239238,1.0,-0.0,0,0
766,0.0,0.05346534653465348,0.10860442931328386,1.0,-0.0,0,0
767,0.0,0.08712871287128712,0.14188502271424047,1.0,-0.0,0,0
768,0.0,0.10891089108910887,0.14765427233510695,1.0,-0.0,0,0
769,0.0,0.1485148514851485,0.1816393234925723,1.0,-0.0,0,0
770,0.0,0.13762376237623763,0.17735766020493526,1.0,-0.0,0,0
771,0.0,0.12475247524752475,0.17766691529630058,1.0,-0.0,0,0
772,0.0,0.09108910891089109,0.14218869759220787,1.0,-0.0,0,0
773,0.0,0.04554455445544554,0.10485704788018795,1.0,-0.0,0,0
774,0.0,0.0,0.0,1.0,-0.0,0,0
775,0.0,0.0,0.0,1.0,-0.0,0,0
776,0.0,0.0,0.0,1.0,-0.0,0,0
777,0.0,0.007920792079207921,0.03900537743285587,1.0,-0.0,0,0
778,0.0,0.0297029702970297,0.07112192077650681,1.0,-0.0,0,0
779,0.0,0.0297029702970297,0.07112192077650681,1.0,-0.0,0,0
780,0.0,0.0297029702970297,0.07112192077650681,1.0,-0.0,0,0
781,0.0,0.0297029702970297,0.07112192077650681,1.0,-0.0,0,0
782,0.0,0.021782178217821784,0.06230547612891991,1.0,-0.0,0,0
783,0.0,0.0,0.0,1.0,-0.0,0,0
784,0.0,0.021782178217821784,0.06836703565002801,1.0,-0.0,0,0
785,0.0,0.03564356435643565,0.09500824186847648,1.0,-0.0,0,0
786,0.0,0.03564356435643565,0.09500824186847648,1.0,-0.0,0,0
787,0.0,0.03564356435643565,0.09500824186847648,1.0,-0.0,0,0
788,0.0,0.03564356435643565,0.09500824186847648,1.0,-0.0,0,0
789,0.0,0.02772277227722772,0.07461957893630405,1.0,-0.0,0,0
790,0.0,0.013861386138613863,0.05079507064705211,1.0,-0.0,0,0
791,0.0,0.023762376237623763,0.06471340450838889,1.0,-0.0,0,0
792,0.0,0.0594059405940594,0.10357779667819421,1.0,-0.0,0,0
793,0.0,0.0594059405940594,0.10357779667819421,1.0,-0.0,0,0
794,0.0,0.04554455445544555,0.09283729243351321,1.0,-0.0,0,0
795,0.0,0.0712871287128713,0.12454800153280307,1.0,-0.0,0,0
796,0.0,0.06732673267326733,0.12982006655907932,1.0,-0.0,0,0
797,0.0,0.09504950495049505,0.13078304733432375,1.0,-0.0,0,0
798,0.0,0.09504950495049505,0.13078304733432375,1.0,-0.0,0,0
799,0.0,0.3247524752475248,0.2546229752468856,1.0,-0.0,0,0
800,0.0,0.31485148514851485,0.2491117442266737,1.0,-0.0,0,0
801,0.0,0.3089108910891089,0.24619842673528344,1.0,-0.0,0,0
802,0.0,0.2455445544554455,0.2046609137062056,1.0,-0.0,0,0
803,0.0,0.2455445544554455,0.2046609137062056,1.0,-0.0,0,0
804,0.0,0.015841584158415842,0.054012600780142014,1.0,-0.0,0,0
805,0.0,0.19999999999999996,0.21060967604448844,1.0,-0.0,0,0
806,0.0,0.19999999999999996,0.21060967604448844,1.0,-0.0,0,0
807,0.0,0.19999999999999996,0.21060967604448844,1.0,-0.0,0,0
808,0.0,0.19999999999999996,0.21060967604448844,1.0,-0.0,0,0
809,0.0,0.19999999999999996,0.21060967604448844,1.0,-0.0,0,0
810,0.0,0.011881188118811883,0.047276579747775535,1.0,-0.0,0,0
811,0.0,0.03564356435643565,0.08154954567118416,1.0,-0.0,0,0
812,0.0,0.03564356435643565,0.08154954567118416,1.0,-0.0,0,0
813,0.0,0.03564356435643565,0.08154954567118416,1.0,-0.0,0,0
814,0.0,0.06930693069306931,0.12084076279122662,1.0,-0.0,0,0
815,0.0,0.06534653465346535,0.1129581045303102,1.0,-0.0,0,0
816,0.0,0.0891089108910891,0.12734998170941408,1.0,-0.0,0,0
817,0.0,0.09900990099009901,0.1308729634998678,1.0,-0.0,0,0
818,0.0,0.09900990099009901,0.1308729634998678,1.0,-0.0,0,0
819,0.0,0.06534653465346535,0.10939585993610405,1.0,-0.0,0,0
820,0.0,0.15445544554455445,0.1732192295336953,1.0,-0.0,0,0
821,0.0,0.11287128712871287,0.15521519162190436,1.0,-0.0,0,0
822,0.0,0.1306930693069307,0.1447035715361989,1.0,-0.0,0,0
823,0.0,0.1306930693069307,0.1447035715361989,1.0,-0.0,0,0
824,0.0,0.14257425742574256,0.1575471230171571,1.0,-0.0,0,0
825,0.0,0.061386138613861385,0.10046456153636296,1.0,-0.0,0,0
826,0.0,0.06336633663366337,0.10120342446875752,1.0,-0.0,0,0
827,0.0,0.03762376237623763,0.07816140339006158,1.0,-0.0,0,0
828,0.0,0.03762376237623763,0.07816140339006158,1.0,-0.0,0,0
829,0.0,0.07524752475247526,0.11205191564986228,1.0,-0.0,0,0
830,0.0,0.06534653465346535,0.10939585993610405,1.0,-0.0,0,0
831,0.0,0.05544554455445544,0.1019369320889802,1.0,-0.0,0,0
832,0.0,0.0712871287128713,0.11461224656227947,1.0,-0.0,0,0
833,0.0,0.0712871287128713,0.11461224656227947,1.0,-0.0,0,0
834,0.0,0.021782178217821784,0.06230547612891991,1.0,-0.0,0,0
835,0.0,0.021782178217821784,0.06230547612891991,1.0,-0.0,0,0
836,0.0,0.021782178217821784,0.06230547612891991,1.0,-0.0,0,0
837,0.0,0.0059405940594059415,0.03395332316729158,1.0,-0.0,0,0
838,0.0,0.0059405940594059415,0.03395332316729158,1.0,-0.0,0,0
839,0.0,0.0059405940594059415,0.03395332316729158,1.0,-0.0,0,0
840,0.0,0.0,0.0,1.0,-0.0,0,0
841,0.0,0.0,0.0,1.0,-0.0,0,0
842,0.0,0.0,0.0,1.0,-0.0,0,0
843,0.0,0.0,0.0,1.0,-0.0,0,0
844,0.0,0.0,0.0,1.0,-0.0,0,0
845,0.0,0.013861386138613863,0.05079507064705211,1.0,-0.0,0,0
846,0.0,0.14653465346534653,0.17324186517306456,1.0,-0.0,0,0
847,0.0,0.14653465346534653,0.17324186517306456,1.0,-0.0,0,0
848,0.0,0.14653465346534653,0.17324186517306456,1.0,-0.0,0,0
849,0.0,0.14653465346534653,0.17324186517306456,1.0,-0.0,0,0
850,0.0,0.14455445544554454,0.1643922184595427,1.0,-0.0,0,0
851,0.0,0.011881188118811881,0.05501958015623685,1.0,-0.0,0,0
852,0.0,0.08514851485148514,0.14717547862227365,1.0,-0.0,0,0
853,0.0,0.08514851485148514,0.14717547862227365,1.0,-0.0,0,0
854,0.0,0.08514851485148514,0.14717547862227365,1.0,-0.0,0,0
855,0.0,0.07326732673267328,0.13707776871189528,1.0,-0.0,0,0
856,0.0,0.07326732673267328,0.13707776871189528,1.0,-0.0,0,0
857,0.0,0.027722772277227727,0.07461957893630407,1.0,-0.0,0,0
858,0.0,0.027722772277227727,0.07461957893630407,1.0,-0.0,0,0
859,0.0,0.027722772277227727,0.07461957893630407,1.0,-0.0,0,0
860,0.0,0.05940594059405942,0.09562531855564071,1.0,-0.0,0,0
861,0.0,0.09702970297029702,0.11471483847889298,1.0,-0.0,0,0
862,0.0,0.06930693069306931,0.10316052497133552,1.0,-0.0,0,0
863,0.0,0.09504950495049502,0.11464645406835745,1.0,-0.0,0,0
864,0.0,0.09900990099009901,0.12467387119760154,1.0,-0.0,0,0
865,0.0,0.06930693069306931,0.11409790329416186,1.0,-0.0,0,0
866,0.0,0.031683168316831684,0.07826167463512675,1.0,-0.0,0,0
867,0.0,0.031683168316831684,0.07826167463512675,1.0,-0.0,0,0
868,0.0,0.021782178217821784,0.06230547612891991,1.0,-0.0,0,0
869,0.0,0.03762376237623763,0.07816140339006158,1.0,-0.0,0,0
870,0.0,0.03564356435643565,0.07653920035678292,1.0,-0.0,0,0
871,0.0,0.03564356435643565,0.07653920035678292,1.0,-0.0,0,0
872,0.0,0.03564356435643565,0.07653920035678292,1.0,-0.0,0,0
873,0.0,0.019801980198019802,0.059735061897023205,1.0,-0.0,0,0
874,0.0,0.0,0.0,1.0,-0.0,0,0
875,0.0,0.0039603960396039604,0.027863855998951064,1.0,-0.0,0,0
876,0.0,0.023762376237623766,0.06471340450838887,1.0,-0.0,0,0
877,0.0,0.02970297029702971,0.07648795214189293,1.0,-0.0,0,0
878,0.0,0.04752475247524753,0.09397077637785879,1.0,-0.0,0,0
879,0.0,0.04752475247524753,0.09397077637785879,1.0,-0.0,0,0
880,0.0,0.043564356435643575,0.0916470215081674,1.0,-0.0,0,0
881,0.0,0.031683168316831684,0.0730260947112308,1.0,-0.0,0,0
882,0.0,0.06930693069306931,0.13030244654544237,1.0,-0.0,0,0
883,0.0,0.05148514851485149,0.11824949407392964,1.0,-0.0,0,0
884,0.0,0.05148514851485149,0.11824949407392964,1.0,-0.0,0,0
885,0.0,0.05148514851485149,0.11824949407392964,1.0,-0.0,0,0
886,0.0,0.08118811881188118,0.13838736799727647,1.0,-0.0,0,0
887,0.0,0.03762376237623763,0.08771182015980238,1.0,-0.0,0,0
888,0.0,0.03762376237623763,0.08771182015980238,1.0,-0.0,0,0
889,0.0,0.03762376237623763,0.08771182015980238,1.0,-0.0,0,0
890,0.0,0.03762376237623763,0.08771182015980238,1.0,-0.0,0,0
891,0.0,0.009900990099009901,0.04338396495090424,1.0,-0.0,0,0
892,0.0,0.009900990099009901,0.04338396495090424,1.0,-0.0,0,0
893,0.0,0.009900990099009901,0.04338396495090424,1.0,-0.0,0,0
894,0.0,0.009900990099009901,0.04338396495090424,1.0,-0.0,0,0
895,0.0,0.009900990099009901,0.04338396495090424,1.0,-0.0,0,0
896,0.0,0.0019801980198019802,0.019801980198019802,1.0,-0.0,0,0
897,0.0,0.007920792079207921,0.03900537743285587,1.0,-0.0,0,0
898,0.0,0.01782178217821782,0.05698017651460657,1.0,-0.0,0,0
899,0.0,0.01782178217821782,0.05698017651460657,1.0,-0.0,0,0
900,0.0,0.01782178217821782,0.05698017651460657,1.0,-0.0,0,0
901,0.0,0.015841584158415842,0.05401260078014202,1.0,-0.0,0,0
902,0.0,0.009900990099009901,0.04338396495090424,1.0,-0.0,0,0
903,0.0,0.0,0.0,1.0,-0.0,0,0
904,0.0,0.0,0.0,1.0,-0.0,0,0
905,0.0,0.0039603960396039604,0.027863855998951064,1.0,-0.0,0,0
906,0.0,0.0039603960396039604,0.027863855998951064,1.0,-0.0,0,0
907,0.0,0.0039603960396039604,0.027863855998951064,1.0,-0.0,0,0
908,0.0,0.027722772277227727,0.07461957893630405,1.0,-0.0,0,0
909,0.0,0.05544554455445545,0.09797478714338996,1.0,-0.0,0,0
910,0.0,0.05346534653465347,0.09704990696905226,1.0,-0.0,0,0
911,0.0,0.05544554455445545,0.1019369320889802,1.0,-0.0,0,0
912,0.0,0.05940594059405942,0.10357779667819421,1.0,-0.0,0,0
913,0.0,0.03564356435643565,0.08154954567118416,1.0,-0.0,0,0
914,0.0,0.007920792079207921,0.03900537743285587,1.0,-0.0,0,0
915,0.0,0.0059405940594059415,0.03395332316729157,1.0,-0.0,0,0
916,0.0,0.0039603960396039604,0.027863855998951064,1.0,-0.0,0,0
917,0.0,0.07524752475247526,0.12219602867755656,1.0,-0.0,0,0
918,0.0,0.09306930693069305,0.13661931335176508,1.0,-0.0,0,0
919,0.0,0.10693069306930694,0.14776046024695158,1.0,-0.0,0,0
920,0.0,0.11485148514851483,0.14717547862227365,1.0,-0.0,0,0
921,0.0,0.11485148514851483,0.14717547862227365,1.0,-0.0,0,0
922,0.0,0.061386138613861385,0.10806149425459212,1.0,-0.0,0,0
923,0.0,0.10099009900990097,0.12467387119760155,1.0,-0.0,0,0
924,0.0,0.1089108910891089,0.12113245340338316,1.0,-0.0,0,0
925,0.0,0.10099009900990098,0.11814997140733703,1.0,-0.0,0,0
926,0.0,0.12475247524752472,0.12219602867755655,1.0,-0.0,0,0
927,0.0,0.1287128712871287,0.1337476815110359,1.0,-0.0,0,0
928,0.0,0.06930693069306931,0.11057238501634628,1.0,-0.0,0,0
929,0.0,0.047524752475247525,0.08965727859542,1.0,-0.0,0,0
930,0.0,0.047524752475247525,0.08965727859542,1.0,-0.0,0,0
931,0.0,0.025742574257425748,0.07264925278354115,1.0,-0.0,0,0
932,0.0,0.0,0.0,1.0,-0.0,0,0
933,0.0,0.007920792079207921,0.03900537743285587,1.0,-0.0,0,0
934,0.0,0.007920792079207921,0.03900537743285587,1.0,-0.0,0,0
935,0.0,0.007920792079207921,0.03900537743285587,1.0,-0.0,0,0
936,0.0,0.007920792079207921,0.03900537743285587,1.0,-0.0,0,0
937,0.0,0.05544554455445545,0.1019369320889802,1.0,-0.0,0,0
938,0.0,0.047524752475247525,0.09397077637785882,1.0,-0.0,0,0
939,0.0,0.049504950495049514,0.09504950495049506,1.0,-0.0,0,0
940,0.0,0.049504950495049514,0.09504950495049506,1.0,-0.0,0,0
941,0.0,0.049504950495049514,0.09504950495049506,1.0,-0.0,0,0
942,0.2,0.041584158415841586,0.10648973987919806,0.06842609485361208,1.1647782449214463,0,0
943,0.2,0.041584158415841586,0.10648973987919806,0.06842609485361208,1.1647782449214463,0,0
944,0.2,0.039603960396039604,0.09757374253271224,0.050104184963067636,1.300125998075642,0,0
945,0.2,0.039603960396039604,0.09757374253271224,0.050104184963067636,1.300125998075642,0,0
946,0.2,0.039603960396039604,0.09757374253271224,0.050104184963067636,1.300125998075642,0,0
947,0.0,0.0,0.0,1.0,-0.0,0,0
948,0.0,0.0,0.0,1.0,-0.0,0,0
949,0.0,0.0019801980198019802,0.0198019801980198,1.0,-0.0,0,0
950,0.0,0.0019801980198019802,0.0198019801980198,1.0,-0.0,0,0
951,0.0,0.0019801980198019802,0.0198019801980198,1.0,-0.0,0,0
952,0.0,0.0019801980198019802,0.0198019801980198,1.0,-0.0,0,0
953,0.0,0.0019801980198019802,0.0198019801980198,1.0,-0.0,0,0
954,0.0,0.0,0.0,1.0,-0.0,0,0
955,0.0,0.01386138613861386,0.05807080514303042,1.0,-0.0,0,0
956,0.0,0.05346534653465347,0.10104832334394513,1.0,-0.0,0,0
957,0.0,0.05544554455445545,0.1019369320889802,1.0,-0.0,0,0
958,0.0,0.057425742574257435,0.11021718851545143,1.0,-0.0,0,0
959,0.0,0.061386138613861385,0.11166631429601336,1.0,-0.0,0,0
960,0.0,0.047524752475247525,0.10205226714237722,1.0,-0.0,0,0
961,0.0,0.007920792079207921,0.03900537743285587,1.0,-0.0,0,0
962,0.0,0.017821782178217824,0.05698017651460656,1.0,-0.0,0,0
963,0.0,0.015841584158415842,0.05401260078014202,1.0,-0.0,0,0
964,0.0,0.011881188118811883,0.047276579747775535,1.0,-0.0,0,0
965,0.0,0.011881188118811883,0.047276579747775535,1.0,-0.0,0,0
966,0.0,0.011881188118811883,0.047276579747775535,1.0,-0.0,0,0
967,0.0,0.0,0.0,1.0,-0.0,0,0
968,0.0,0.0,0.0,1.0,-0.0,0,0
969,0.0,0.0,0.0,1.0,-0.0,0,0
970,0.2,0.0059405940594059415,0.03395332316729157,5.469865928325192e-09,8.262023318511567,0,0
971,0.2,0.0059405940594059415,0.03395332316729157,5.469865928325192e-09,8.262023318511567,0,0
972,0.4,0.015841584158415842,0.054012600780142014,5.702824897715459e-13,12.243909962997291,0,0
973,0.4,0.015841584158415842,0.054012600780142014,5.702824897715459e-13,12.243909962997291,0,0
974,0.4,0.015841584158415842,0.054012600780142014,5.702824897715459e-13,12.243909962997291,0,0
975,0.2,0.009900990099009901,0.04338396495090425,5.885669548817499e-06,5.230204125035218,0,0
976,0.2,0.009900990099009901,0.04338396495090425,5.885669548817499e-06,5.230204125035218,0,0
977,0.0,0.0,0.0,1.0,-0.0,0,0
978,0.2,0.019801980198019802,0.06603299802191315,0.003177215148072976,2.4979533755231182,0,0
979,0.2,0.019801980198019802,0.06603299802191315,0.003177215148072976,2.4979533755231182,0,0
980,0.2,0.019801980198019802,0.06603299802191315,0.003177215148072976,2.4979533755231182,0,0
981,0.2,0.019801980198019802,0.06603299802191315,0.003177215148072976,2.4979533755231182,0,0
982,0.2,0.019801980198019802,0.06603299802191315,0.003177215148072976,2.4979533755231182,0,0
983,0.0,0.0,0.0,1.0,-0.0,0,0
984,0.0,0.0,0.0,1.0,-0.0,0,0
985,0.0,0.0,0.0,1.0,-0.0,0,0
986,0.0,0.0,0.0,1.0,-0.0,0,0
987,0.0,0.0,0.0,1.0,-0.0,0,0
988,0.0,0.0,0.0,1.0,-0.0,0,0
989,0.0,0.0,0.0,1.0,-0.0,0,0
990,0.0,0.0,0.0,1.0,-0.0,0,0
991,0.0,0.0,0.0,1.0,-0.0,0,0
992,0.0,0.0,0.0,1.0,-0.0,0,0
993,0.0,0.0,0.0,1.0,-0.0,0,0
994,0.0,0.0,0.0,1.0,-0.0,0,0
995,0.0,0.0,0.0,1.0,-0.0,0,0
996,0.0,0.0,0.0,1.0,-0.0,0,0
997,0.0,0.0,0.0,1.0,-0.0,0,0
998,0.2,0.08712871287128714,0.12077584698595571,0.17500966031852921,0.7569379781294916,0,0
999,0.4,0.13465346534653463,0.14653465346534653,0.03508507113921825,1.45487763854977,0,0
1000,0.4,0.15643564356435644,0.15821769786485684,0.061850228038905455,1.208658694808414,0,0
1001,0.4,0.15643564356435644,0.15821769786485684,0.061850228038905455,1.208658694808414,0,0
1002,0.8,0.20792079207920788,0.18651741527630283,0.0007507563220343079,3.1245010019687363,0,0
1003,0.6,0.12673267326732673,0.1609938742509136,0.001642860442885606,2.7843993272885594,0,0
1004,0.8,0.19207920792079206,0.16631305820670148,0.00012845072714051393,3.891263432914031,0,0
1005,1.0,0.19999999999999998,0.180208899682431,4.512756178954516e-06,5.345558130471691,0,0
1006,1.2,0.22574257425742578,0.18382808657861666,5.795559250942735e-08,7.236904649798825,0,0
1007,0.8,0.17425742574257425,0.17041211860554586,0.00012035948575250932,3.919519676492979,0,0
1008,0.8,0.16633663366336632,0.16184409300358457,4.5151495866945034e-05,4.34532785695627,0,0
1009,0.4,0.05544554455445544,0.10943169805661862,0.0008203290565881027,3.086011905183901,0,0
1010,0.6,0.08118811881188118,0.11320083903331846,2.2905560203666537e-06,5.640059082172727,0,0
1011,0.4,0.1089108910891089,0.1335716590419014,0.014655697207166979,1.8339935162891456,0,0
1012,0.4,0.14059405940594058,0.15036471688371983,0.04224767617772214,1.3741971743106844,0,0
1013,0.4,0.14059405940594058,0.15036471688371983,0.04224767617772214,1.3741971743106844,0,0
1014,0.6,0.2059405940594059,0.18337959449964714,0.01582224587483437,1.800731870912916,0,0
1015,0.2,0.15247524752475247,0.17153590358580373,0.39086922215113845,0.40796852546483753,0,0
1016,0.2,0.13267326732673265,0.14698885988036148,0.32346196122332527,0.49017678455367025,0,0
1017,0.2,0.10099009900990097,0.1396566153069739,0.2391769893682686,0.621280605081162,0,0
1018,0.2,0.10495049504950493,0.13957235791450373,0.24793409227042545,0.6056637513002845,0,0
1019,0.0,0.03960396039603961,0.08908690597387718,1.0,-0.0,0,0
1020,0.2,0.04950495049504951,0.09912864166957489,0.06448460512601864,1.190543955238279,0,0
1021,0.2,0.015841584158415842,0.05401260078014202,0.00032535620257014524,3.4876409094885674,0,0
1022,0.2,0.015841584158415842,0.05401260078014202,0.00032535620257014524,3.4876409094885674,0,0
1023,0.4,0.031683168316831684,0.08780118525701135,1.364984712686146e-05,4.864872212530352,0,0
1024,0.4,0.05148514851485149,0.10011267057239238,0.00024956189489403055,3.602821725482382,0,0
1025,0.2,0.04554455445544555,0.09700949476369022,0.05567344326657021,1.2543519178087963,0,0
1026,0.4,0.061386138613861385,0.11166631429601336,0.00121319785667061,2.916068365618998,0,0
1027,0.4,0.07326732673267328,0.11509022642946842,0.0022632803634886505,2.6452616445542345,0,0
1028,0.2,0.05346534653465347,0.09704990696905226,0.0655357875709919,1.1835214771048093,0,0
1029,0.2,0.033663366336633666,0.07482947971362847,0.013112090674369026,1.8823280561396656,0,0
1030,0.2,0.05346534653465347,0.08851285797476045,0.04890970681379658,1.3106049405222455,0,0
1031,0.0,0.03762376237623762,0.07816140339006158,1.0,-0.0,0,0
1032,0.0,0.025742574257425748,0.0669763743575753,1.0,-0.0,0,0
1033,0.0,0.03960396039603961,0.07970143286137865,1.0,-0.0,0,0
1034,0.0,0.03960396039603961,0.07970143286137865,1.0,-0.0,0,0
1035,0.0,0.01386138613861386,0.05079507064705211,1.0,-0.0,0,0
1036,0.0,0.04554455445544555,0.08846854615322249,1.0,-0.0,0,0
1037,0.0,0.051485148514851496,0.09186070102766893,1.0,-0.0,0,0
1038,0.2,0.05148514851485149,0.09186070102766893,0.052967229359378705,1.2759927437984668,0,0
1039,0.2,0.05148514851485149,0.09186070102766893,0.052967229359378705,1.2759927437984668,0,0
1040,0.2,0.05148514851485149,0.09186070102766893,0.052967229359378705,1.2759927437984668,0,0
1041,0.2,0.025742574257425748,0.07264925278354116,0.008228653963589683,2.084671200510097,0,0
1042,0.2,0.04554455445544554,0.08846854615322249,0.040415922396446834,1.3934475050229045,0,0
1043,0.2,0.039603960396039604,0.09342674148186496,0.04300687269944552,1.3664621365845595,0,0
1044,0.2,0.039603960396039604,0.09342674148186496,0.04300687269944552,1.3664621365845595,0,0
1045,0.2,0.039603960396039604,0.09342674148186496,0.04300687269944552,1.3664621365845595,0,0
1046,0.2,0.06336633663366337,0.10874875419996817,0.10448261079208833,0.9809559838634979,0,0
1047,0.2,0.06534653465346535,0.1164113937164283,0.12369676173807938,0.9076416696327345,0,0
1048,0.0,0.05742574257425742,0.11375371577303026,1.0,-0.0,0,0
1049,0.0,0.05742574257425742,0.11375371577303026,1.0,-0.0,0,0
1050,0.0,0.08910891089108909,0.13923481846532232,1.0,-0.0,0,0
1051,0.0,0.06732673267326733,0.1135467024699521,1.0,-0.0,0,0
1052,0.0,0.05148514851485149,0.10399339410297728,1.0,-0.0,0,0
1053,0.0,0.05940594059405942,0.11096178792967841,1.0,-0.0,0,0
1054,0.0,0.05940594059405942,0.11096178792967841,1.0,-0.0,0,0
1055,0.0,0.027722772277227727,0.07461957893630407,1.0,-0.0,0,0
1056,0.0,0.019801980198019802,0.059735061897023205,1.0,-0.0,0,0
1057,0.4,0.07920792079207921,0.12293186689242579,0.00453358435601149,2.3435582989790555,0,0
1058,0.4,0.11485148514851483,0.13598641357140118,0.01800166867147252,1.744687235939824,0,0
1059,0.4,0.11485148514851483,0.13598641357140118,0.01800166867147252,1.744687235939824,0,0
1060,0.4,0.11485148514851483,0.13598641357140118,0.01800166867147252,1.744687235939824,0,0
1061,0.4,0.11485148514851483,0.13598641357140118,0.01800166867147252,1.744687235939824,0,0
1062,0.0,0.04356435643564357,0.08721867542790195,1.0,-0.0,0,0
1063,0.0,0.0,0.0,1.0,-0.0,0,0
1064,0.0,0.0,0.0,1.0,-0.0,0,0
1065,0.0,0.0019801980198019802,0.0198019801980198,1.0,-0.0,0,0
1066,0.0,0.0019801980198019802,0.0198019801980198,1.0,-0.0,0,0
1067,0.0,0.0019801980198019802,0.0198019801980198,1.0,-0.0,0,0
1068,0.0,0.009900990099009901,0.05171312814732909,1.0,-0.0,0,0
1069,0.0,0.009900990099009901,0.05171312814732909,1.0,-0.0,0,0
1070,0.0,0.007920792079207921,0.04809884277818267,1.0,-0.0,0,0
1071,0.0,0.01386138613861386,0.058070805143030424,1.0,-0.0,0,0
1072,0.0,0.01386138613861386,0.058070805143030424,1.0,-0.0,0,0
1073,0.0,0.0059405940594059415,0.03395332316729158,1.0,-0.0,0,0
1074,0.0,0.01386138613861386,0.05079507064705211,1.0,-0.0,0,0
1075,0.0,0.015841584158415842,0.054012600780142014,1.0,-0.0,0,0
1076,0.0,0.009900990099009901,0.04338396495090425,1.0,-0.0,0,0
1077,0.2,0.08316831683168317,0.10996786833199856,0.14402331212529995,0.8415672057661727,0,0
1078,0.2,0.09702970297029702,0.11471483847889298,0.18469417071950628,0.7335468114590697,0,0
1079,0.2,0.08910891089108909,0.10707727393739226,0.1501903332214128,0.8233580191540988,0,0
1080,0.2,0.0871287128712871,0.10685732723352112,0.14542009219211177,0.8373755843619877,0,0
1081,0.2,0.0871287128712871,0.10685732723352112,0.14542009219211177,0.8373755843619877,0,0
1082,0.0,0.01386138613861386,0.05079507064705211,1.0,-0.0,0,0
1083,0.0,0.09900990099009901,0.14521752172118105,1.0,-0.0,0,0
1084,0.2,0.19207920792079206,0.18222126052003706,0.48266424001242414,0.3163548763223388,0,0
1085,0.4,0.2178217821782178,0.2031416808432818,0.18491182768531422,0.733035308774951,0,0
1086,0.4,0.23168316831683164,0.21198294956154667,0.2135944617393703,0.6704100122577745,0,0
1087,0.4,0.25742574257425743,0.23094576734837932,0.2685021069312368,0.5710523020500131,0,0
1088,0.4,0.1584158415841584,0.19963696096837322,0.11311692532890934,0.9464724080984133,0,0
1089,0.2,0.06534653465346535,0.1323329461117119,0.15444938587258206,0.8112138142170404,0,0
1090,0.0,0.03960396039603961,0.09342674148186496,1.0,-0.0,0,0
1091,0.0,0.025742574257425748,0.07264925278354116,1.0,-0.0,0,0
1092,0.0,0.0,0.0,1.0,-0.0,0,0
1093,0.0,0.04950495049504951,0.09504950495049506,1.0,-0.0,0,0
1094,0.0,0.04950495049504951,0.09504950495049506,1.0,-0.0,0,0
1095,0.0,0.04950495049504951,0.09504950495049506,1.0,-0.0,0,0
1096,0.0,0.04950495049504951,0.09504950495049506,1.0,-0.0,0,0
1097,0.0,0.07920792079207921,0.11631029826208643,1.0,-0.0,0,0
1098,0.2,0.07920792079207921,0.11966689053257921,0.1563907784536167,0.8057888585957333,0,0
1099,0.4,0.14455445544554454,0.14105349559214359,0.035071707622728106,1.4550430880371352,0,0
1100,0.6,0.20792079207920788,0.17558003918939316,0.012772785835845672,1.8937143696759204,0,0
1101,0.8,0.2534653465346534,0.20273591877004277,0.003511034184407333,2.454564942101952,0,0
1102,0.8,0.2356435643564356,0.2094708838274517,0.003527891607169278,2.4524847668314376,0,0
1103,0.6,0.2356435643564356,0.21506810269125484,0.045118917411586495,1.3456413294106777,0,0
1104,1.0,0.18217821782178212,0.19108654387033375,9.35095759571625e-06,5.029143912417271,0,0
1105,0.8,0.11683168316831682,0.15225649732072147,3.6123868584870697e-06,5.442205746312689,0,0
1106,0.6,0.0712871287128713,0.10747934055534188,4.3448290866699845e-07,6.362027302800131,0,0
1107,0.6,0.05940594059405942,0.10357779667819421,8.984496199770981e-08,7.046506270674518,0,0
1108,0.6,0.009900990099009901,0.04338396495090424,1e-17,17.0,0,0
1109,0.0,0.0,0.0,1.0,-0.0,0,0
1110,0.0,0.0,0.0,1.0,-0.0,0,0
1111,0.0,0.0,0.0,1.0,-0.0,0,0
1112,0.0,0.0,0.0,1.0,-0.0,0,0
1113,0.0,0.0,0.0,1.0,-0.0,0,0
1114,0.0,0.0,0.0,1.0,-0.0,0,0
1115,0.0,0.0,0.0,1.0,-0.0,0,0
1116,0.0,0.0,0.0,1.0,-0.0,0,0
1117,0.0,0.0,0.0,1.0,-0.0,0,0
1118,0.0,0.0,0.0,1.0,-0.0,0,0
1119,0.0,0.0,0.0,1.0,-0.0,0,0
1120,0.0,0.0,0.0,1.0,-0.0,0,0
1121,0.0,0.0,0.0,1.0,-0.0,0,0
1122,0.0,0.0,0.0,1.0,-0.0,0,0
1123,0.0,0.0,0.0,1.0,-0.0,0,0
1124,0.0,0.017821782178217824,0.05698017651460656,1.0,-0.0,0,0
1125,0.0,0.021782178217821784,0.06836703565002801,1.0,-0.0,0,0
1126,0.0,0.021782178217821784,0.06836703565002801,1.0,-0.0,0,0
1127,0.0,0.021782178217821784,0.06836703565002801,1.0,-0.0,0,0
1128,0.0,0.021782178217821784,0.06836703565002801,1.0,-0.0,0,0
1129,0.0,0.025742574257425748,0.07791016068477624,1.0,-0.0,0,0
1130,0.0,0.021782178217821784,0.07393328595086918,1.0,-0.0,0,0
1131,0.0,0.021782178217821784,0.07393328595086918,1.0,-0.0,0,0
1132,0.0,0.021782178217821784,0.07393328595086918,1.0,-0.0,0,0
1133,0.0,0.021782178217821784,0.07393328595086918,1.0,-0.0,0,0
1134,0.0,0.0,0.0,1.0,-0.0,0,0
1135,0.0,0.0,0.0,1.0,-0.0,0,0
1136,0.0,0.0,0.0,1.0,-0.0,0,0
1137,0.0,0.0059405940594059415,0.03395332316729158,1.0,-0.0,0,0
1138,0.0,0.0059405940594059415,0.03395332316729158,1.0,-0.0,0,0
1139,0.0,0.1168316831683168,0.1469621807150849,1.0,-0.0,0,0
1140,0.0,0.1168316831683168,0.1469621807150849,1.0,-0.0,0,0
1141,0.0,0.1168316831683168,0.1469621807150849,1.0,-0.0,0,0
1142,0.0,0.11089108910891086,0.14481192315867106,1.0,-0.0,0,0
1143,0.0,0.11089108910891086,0.14481192315867106,1.0,-0.0,0,0
1144,0.0,0.0,0.0,1.0,-0.0,0,0
1145,0.0,0.0,0.0,1.0,-0.0,0,0
1146,0.0,0.0059405940594059415,0.03395332316729157,1.0,-0.0,0,0
1147,0.0,0.0059405940594059415,0.03395332316729157,1.0,-0.0,0,0
1148,0.0,0.0059405940594059415,0.03395332316729157,1.0,-0.0,0,0
1149,0.0,0.13663366336633662,0.1565233492702535,1.0,-0.0,0,0
1150,0.0,0.13663366336633662,0.1565233492702535,1.0,-0.0,0,0
1151,0.0,0.13069306930693067,0.15269368434579803,1.0,-0.0,0,0
1152,0.0,0.13069306930693067,0.15269368434579803,1.0,-0.0,0,0
1153,0.0,0.13069306930693067,0.15269368434579803,1.0,-0.0,0,0
1154,0.0,0.0,0.0,1.0,-0.0,0,0
1155,0.0,0.011881188118811883,0.04727657974777555,1.0,-0.0,0,0
1156,0.0,0.04752475247524753,0.08965727859541997,1.0,-0.0,0,0
1157,0.0,0.04752475247524753,0.08965727859541997,1.0,-0.0,0,0
1158,0.0,0.21980198019801975,0.18775368421597716,1.0,-0.0,0,0
1159,0.0,0.21980198019801975,0.18775368421597716,1.0,-0.0,0,0
1160,0.0,0.3247524752475248,0.21954315329164675,1.0,-0.0,0,0
1161,0.0,0.2891089108910891,0.20962058610407472,1.0,-0.0,0,0
1162,0.0,0.4811881188118812,0.27457000452268965,1.0,-0.0,0,0
1163,0.0,0.37425742574257437,0.2679786696648698,1.0,-0.0,0,0
1164,0.0,0.37425742574257437,0.2679786696648698,1.0,-0.0,0,0
1165,0.0,0.25544554455445545,0.22002486246765698,1.0,-0.0,0,0
1166,0.0,0.25544554455445545,0.22002486246765698,1.0,-0.0,0,0
1167,0.0,0.06336633663366337,0.10120342446875755,1.0,-0.0,0,0
1168,0.0,0.0,0.0,1.0,-0.0,0,0
1169,0.0,0.0,0.0,1.0,-0.0,0,0
1170,0.0,0.0,0.0,1.0,-0.0,0,0
1171,0.0,0.0,0.0,1.0,-0.0,0,0
1172,0.0,0.0,0.0,1.0,-0.0,0,0
1173,0.2,0.24158415841584158,0.22038100524277598,1.0,-0.0,0,0
1174,0.4,0.2772277227722772,0.22685154046130196,0.2941845292006429,0.531380170015889,0,0
1175,0.4,0.2772277227722772,0.22685154046130196,0.2941845292006429,0.531380170015889,0,0
1176,0.4,0.2772277227722772,0.22685154046130196,0.2941845292006429,0.531380170015889,0,0
1177,0.4,0.3148514851485148,0.2275074315460605,0.35410285531634667,0.45087057128443664,0,0
1178,0.4,0.10297029702970295,0.127780323207142,0.010048446341906703,1.9979010822531882,0,0
1179,0.2,0.06732673267326733,0.102550553475042,0.09787844017657178,1.009312960326638,0,0
1180,0.2,0.27128712871287125,0.2296517525691723,1.0,-0.0,0,0
1181,0.2,0.300990099009901,0.23483512206532423,1.0,-0.0,0,0
1182,0.2,0.26534653465346536,0.2089273138868908,1.0,-0.0,0,0
1183,0.0,0.23366336633663368,0.2030837644683788,1.0,-0.0,0,0
1184,0.0,0.23366336633663368,0.2030837644683788,1.0,-0.0,0,0
1185,0.0,0.0712871287128713,0.10747934055534188,1.0,-0.0,0,0
1186,0.0,0.041584158415841586,0.08590499787518362,1.0,-0.0,0,0
1187,0.0,0.11881188118811879,0.13549532985786933,1.0,-0.0,0,0
1188,0.0,0.11881188118811879,0.13549532985786933,1.0,-0.0,0,0
1189,0.0,0.1564356435643564,0.15312962320143528,1.0,-0.0,0,0
1190,0.0,0.14257425742574253,0.14981608173764543,1.0,-0.0,0,0
1191,0.0,0.22772277227722773,0.20494810349204928,1.0,-0.0,0,0
1192,0.0,0.15049504950495046,0.18542098868466736,1.0,-0.0,0,0
1193,0.0,0.18415841584158418,0.198375917407813,1.0,-0.0,0,0
1194,0.0,0.1881188118811881,0.20838232603685225,1.0,-0.0,0,0
1195,0.0,0.19207920792079203,0.20279393448700367,1.0,-0.0,0,0
1196,0.0,0.14653465346534653,0.1614073970084343,1.0,-0.0,0,0
1197,0.0,0.17029702970297025,0.16976661583645788,1.0,-0.0,0,0
1198,0.0,0.1485148514851485,0.15834156674616875,1.0,-0.0,0,0
1199,0.0,0.10693069306930691,0.13368903310588712,1.0,-0.0,0,0
1200,0.0,0.07524752475247526,0.10845991237726064,1.0,-0.0,0,0
1201,0.0,0.03564356435643565,0.08154954567118415,1.0,-0.0,0,0
1202,0.0,0.025742574257425745,0.0669763743575753,1.0,-0.0,0,0
1203,0.0,0.013861386138613863,0.05079507064705211,1.0,-0.0,0,0
1204,0.0,0.013861386138613863,0.05079507064705211,1.0,-0.0,0,0
1205,0.0,0.039603960396039604,0.08452453849668534,1.0,-0.0,0,0
1206,0.0,0.05544554455445545,0.1019369320889802,1.0,-0.0,0,0
1207,0.0,0.057425742574257435,0.10656335878870264,1.0,-0.0,0,0
1208,0.0,0.10297029702970298,0.14789308791950767,1.0,-0.0,0,0
1209,0.0,0.10297029702970298,0.14789308791950767,1.0,-0.0,0,0
1210,0.0,0.07722772277227724,0.12888031758632068,1.0,-0.0,0,0
1211,0.0,0.061386138613861385,0.12184253515180327,1.0,-0.0,0,0
1212,0.0,0.04554455445544555,0.10100951085035129,1.0,-0.0,0,0
1213,0.0,0.0,0.0,1.0,-0.0,0,0
1214,0.0,0.041584158415841586,0.08590499787518362,1.0,-0.0,0,0
1215,0.0,0.04950495049504951,0.09912864166957489,1.0,-0.0,0,0
1216,0.0,0.04950495049504951,0.09912864166957489,1.0,-0.0,0,0
1217,0.0,0.04950495049504951,0.09912864166957489,1.0,-0.0,0,0
1218,0.0,0.04950495049504951,0.09912864166957489,1.0,-0.0,0,0
1219,0.0,0.07524752475247524,0.11553229422427584,1.0,-0.0,0,0
1220,0.0,0.06732673267326733,0.11000352009767247,1.0,-0.0,0,0
1221,0.0,0.06732673267326733,0.11000352009767247,1.0,-0.0,0,0
1222,0.0,0.06732673267326733,0.11000352009767247,1.0,-0.0,0,0
1223,0.0,0.14257425742574256,0.16491614109827338,1.0,-0.0,0,0
1224,0.0,0.07524752475247524,0.1189108498693262,1.0,-0.0,0,0
1225,0.0,0.07524752475247524,0.1189108498693262,1.0,-0.0,0,0
1226,0.0,0.17029702970297028,0.19168071351017923,1.0,-0.0,0,0
1227,0.0,0.17029702970297028,0.19168071351017923,1.0,-0.0,0,0
1228,0.0,0.10495049504950493,0.14513649268759363,1.0,-0.0,0,0
1229,0.0,0.10297029702970295,0.14243667729389656,1.0,-0.0,0,0
1230,0.0,0.10297029702970295,0.14243667729389656,1.0,-0.0,0,0
1231,0.0,0.009900990099009901,0.04338396495090424,1.0,-0.0,0,0
1232,0.0,0.009900990099009901,0.04338396495090424,1.0,-0.0,0,0
1233,0.0,0.0,0.0,1.0,-0.0,0,0
1234,0.0,0.0,0.0,1.0,-0.0,0,0
1235,0.0,0.12277227722772276,0.15913204437912432,1.0,-0.0,0,0
1236,0.0,0.12277227722772276,0.15913204437912432,1.0,-0.0,0,0
1237,0.0,0.22376237623762377,0.22389376673429812,1.0,-0.0,0,0
1238,0.0,0.22376237623762377,0.22389376673429812,1.0,-0.0,0,0
1239,0.0,0.24158415841584158,0.22570783126772284,1.0,-0.0,0,0
1240,0.0,0.11683168316831684,0.13864214704328154,1.0,-0.0,0,0
1241,0.0,0.11683168316831684,0.13864214704328154,1.0,-0.0,0,0
1242,0.0,0.12673267326732673,0.17285665618055598,1.0,-0.0,0,0
1243,0.0,0.12673267326732673,0.17285665618055598,1.0,-0.0,0,0
1244,0.0,0.10891089108910891,0.16536728392960764,1.0,-0.0,0,0
1245,0.0,0.10891089108910891,0.16536728392960764,1.0,-0.0,0,0
1246,0.0,0.10891089108910891,0.16536728392960764,1.0,-0.0,0,0
1247,0.0,0.0,0.0,1.0,-0.0,0,0
1248,0.0,0.0,0.0,1.0,-0.0,0,0
1249,0.0,0.0,0.0,1.0,-0.0,0,0
1250,0.0,0.013861386138613863,0.05079507064705211,1.0,-0.0,0,0
1251,0.0,0.013861386138613863,0.05079507064705211,1.0,-0.0,0,0
1252,0.0,0.09702970297029702,0.1396285351588451,1.0,-0.0,0,0
1253,0.0,0.09702970297029702,0.1396285351588451,1.0,-0.0,0,0
1254,0.0,0.09702970297029702,0.1396285351588451,1.0,-0.0,0,0
1255,0.0,0.10297029702970294,0.14519051706790778,1.0,-0.0,0,0
1256,0.0,0.10297029702970294,0.14519051706790778,1.0,-0.0,0,0
1257,0.0,0.019801980198019802,0.0597350618970232,1.0,-0.0,0,0
1258,0.0,0.02970297029702971,0.07112192077650681,1.0,-0.0,0,0
1259,0.0,0.02970297029702971,0.07112192077650681,1.0,-0.0,0,0
1260,0.0,0.017821782178217824,0.056980176514606566,1.0,-0.0,0,0
1261,0.0,0.017821782178217824,0.056980176514606566,1.0,-0.0,0,0
1262,0.0,0.031683168316831684,0.0730260947112308,1.0,-0.0,0,0
1263,0.0,0.021782178217821784,0.06230547612891991,1.0,-0.0,0,0
1264,0.0,0.021782178217821784,0.06230547612891991,1.0,-0.0,0,0
1265,0.2,0.039603960396039604,0.08908690597387718,0.0358952311958159,1.4449632450960652,0,0
1266,0.2,0.16831683168316827,0.19239537111273064,0.4345989555358989,0.361911321746605,0,0
1267,0.2,0.15445544554455443,0.179947600995427,0.4000958631248703,0.39783593907671244,0,0
