,foreground,bg_means,bg_stdev,pvals,minus_logs,regs,active
2,0.0,0.03168316831683169,0.07826167463512675,1.0,-0.0,0,0
3,0.0,0.06930693069306933,0.10316052497133552,1.0,-0.0,0,0
4,1.2,0.13465346534653463,0.15697363312955576,5.732944337514685e-12,11.241622274870638,0,0
5,1.4,0.15643564356435644,0.16793200037318168,6.550320735882238e-14,13.183737434296233,0,0
6,1.4,0.15643564356435644,0.16793200037318168,6.550320735882238e-14,13.183737434296233,0,0
7,1.4,0.20396039603960395,0.20677667298545127,3.642704319877545e-09,8.43857607922668,0,0
8,1.4,0.1485148514851485,0.1703891070439521,1.0299271823221893e-13,12.987193479599274,0,0
9,0.2,0.08316831683168317,0.13864214704328154,0.1997022678188669,0.6996170032533456,0,0
10,0.0,0.07524752475247526,0.1253951698929708,1.0,-0.0,0,0
11,0.0,0.07524752475247526,0.1253951698929708,1.0,-0.0,0,0
12,0.0,0.013861386138613863,0.05079507064705211,1.0,-0.0,0,0
13,0.0,0.02772277227722772,0.06910862719451544,1.0,-0.0,0,0
14,0.0,0.02772277227722772,0.06910862719451544,1.0,-0.0,0,0
15,0.0,0.013861386138613863,0.050795070647052104,1.0,-0.0,0,0
16,0.0,0.013861386138613863,0.050795070647052104,1.0,-0.0,0,0
17,0.0,0.013861386138613863,0.050795070647052104,1.0,-0.0,0,0
18,0.0,0.0,0.0,1.0,-0.0,0,0
19,0.0,0.0,0.0,1.0,-0.0,0,0
20,0.0,0.0,0.0,1.0,-0.0,0,0
21,0.0,0.0,0.0,1.0,-0.0,0,0
22,0.0,0.0,0.0,1.0,-0.0,0,0
23,0.0,0.0,0.0,1.0,-0.0,0,0
24,0.0,0.0,0.0,1.0,-0.0,0,0
25,0.0,0.07128712871287128,0.11110305060677654,1.0,-0.0,0,0
26,0.0,0.07128712871287128,0.11110305060677654,1.0,-0.0,0,0
27,0.0,0.08316831683168316,0.12028786177019754,1.0,-0.0,0,0
28,0.0,0.09900990099009897,0.12781100644043508,1.0,-0.0,0,0
29,0.0,0.09900990099009897,0.12781100644043508,1.0,-0.0,0,0
30,0.0,0.12178217821782177,0.14044058001185858,1.0,-0.0,0,0
31,0.0,0.12178217821782177,0.14044058001185858,1.0,-0.0,0,0
32,0.0,0.1089108910891089,0.13650445892763632,1.0,-0.0,0,0
33,0.0,0.09306930693069307,0.13069306930693073,1.0,-0.0,0,0
34,0.0,0.09306930693069307,0.13069306930693073,1.0,-0.0,0,0
35,0.0,0.041584158415841586,0.08590499787518362,1.0,-0.0,0,0
36,0.0,0.06732673267326733,0.11698261772468857,1.0,-0.0,0,0
37,0.0,0.06732673267326733,0.11698261772468857,1.0,-0.0,0,0
38,0.0,0.06732673267326733,0.11698261772468857,1.0,-0.0,0,0
39,0.0,0.06732673267326733,0.11698261772468857,1.0,-0.0,0,0
40,0.0,0.025742574257425745,0.07264925278354116,1.0,-0.0,0,0
41,0.0,0.0,0.0,1.0,-0.0,0,0
42,0.2,0.011881188118811883,0.047276579747775535,3.4586556520905853e-05,4.461092674713385,0,0
43,0.2,0.033663366336633666,0.08930671115865095,0.03126404885921342,1.5049547792487379,0,0
44,0.2,0.033663366336633666,0.08930671115865095,0.03126404885921342,1.5049547792487379,0,0
45,0.2,0.041584158415841586,0.0946774898050053,0.04714244196908596,1.326587924861529,0,0
46,0.2,0.041584158415841586,0.0946774898050053,0.04714244196908596,1.326587924861529,0,0
47,0.0,0.0297029702970297,0.07648795214189293,1.0,-0.0,0,0
48,0.0,0.007920792079207921,0.03900537743285587,1.0,-0.0,0,0
49,0.0,0.039603960396039604,0.08908690597387718,1.0,-0.0,0,0
50,0.0,0.031683168316831684,0.07826167463512675,1.0,-0.0,0,0
51,0.0,0.031683168316831684,0.07826167463512675,1.0,-0.0,0,0
52,0.0,0.031683168316831684,0.07826167463512675,1.0,-0.0,0,0
53,0.0,0.05742574257425742,0.10277971700879983,1.0,-0.0,0,0
54,0.0,0.025742574257425745,0.0669763743575753,1.0,-0.0,0,0
55,0.0,0.025742574257425745,0.0669763743575753,1.0,-0.0,0,0
56,0.0,0.04356435643564357,0.08255312311158745,1.0,-0.0,0,0
57,0.0,0.04356435643564357,0.08255312311158745,1.0,-0.0,0,0
58,0.0,0.05544554455445545,0.09797478714338997,1.0,-0.0,0,0
59,0.0,0.07524752475247526,0.1189108498693262,1.0,-0.0,0,0
60,0.0,0.07524752475247526,0.1189108498693262,1.0,-0.0,0,0
61,0.0,0.05742574257425742,0.10277971700879981,1.0,-0.0,0,0
62,0.0,0.05742574257425742,0.10277971700879981,1.0,-0.0,0,0
63,0.0,0.019801980198019802,0.059735061897023205,1.0,-0.0,0,0
64,0.0,0.0,0.0,1.0,-0.0,0,0
65,0.0,0.0,0.0,1.0,-0.0,0,0
66,0.0,0.0,0.0,1.0,-0.0,0,0
67,0.0,0.0,0.0,1.0,-0.0,0,0
68,0.0,0.0,0.0,1.0,-0.0,0,0
69,0.0,0.0,0.0,1.0,-0.0,0,0
70,0.0,0.0,0.0,1.0,-0.0,0,0
71,0.0,0.0,0.0,1.0,-0.0,0,0
72,0.0,0.03762376237623763,0.07816140339006158,1.0,-0.0,0,0
73,0.0,0.03762376237623763,0.07816140339006158,1.0,-0.0,0,0
74,0.0,0.049504950495049514,0.09912864166957489,1.0,-0.0,0,0
75,0.0,0.049504950495049514,0.09912864166957489,1.0,-0.0,0,0
76,0.0,0.05346534653465347,0.10104832334394513,1.0,-0.0,0,0
77,0.0,0.015841584158415842,0.05401260078014202,1.0,-0.0,0,0
78,0.0,0.07722772277227721,0.1257698574906964,1.0,-0.0,0,0
79,0.0,0.08316831683168317,0.12353642740976017,1.0,-0.0,0,0
80,0.0,0.08316831683168317,0.12353642740976017,1.0,-0.0,0,0
81,0.0,0.07920792079207921,0.11966689053257921,1.0,-0.0,0,0
82,0.0,0.10891089108910891,0.13650445892763632,1.0,-0.0,0,0
83,0.0,0.05346534653465347,0.08851285797476045,1.0,-0.0,0,0
84,0.0,0.03564356435643565,0.07653920035678292,1.0,-0.0,0,0
85,0.0,0.03564356435643565,0.07653920035678292,1.0,-0.0,0,0
86,0.0,0.03564356435643565,0.07653920035678292,1.0,-0.0,0,0
87,0.0,0.009900990099009901,0.04338396495090424,1.0,-0.0,0,0
88,0.0,0.0039603960396039604,0.027863855998951068,1.0,-0.0,0,0
89,0.0,0.025742574257425748,0.0669763743575753,1.0,-0.0,0,0
90,0.0,0.039603960396039604,0.07970143286137867,1.0,-0.0,0,0
91,0.0,0.039603960396039604,0.07970143286137867,1.0,-0.0,0,0
92,0.0,0.03564356435643565,0.07653920035678292,1.0,-0.0,0,0
93,0.0,0.03564356435643565,0.07653920035678292,1.0,-0.0,0,0
94,0.0,0.10495049504950493,0.14513649268759363,1.0,-0.0,0,0
95,0.0,0.09108910891089106,0.13937555924568534,1.0,-0.0,0,0
96,0.0,0.11287128712871286,0.14736186103080443,1.0,-0.0,0,0
97,0.0,0.11881188118811879,0.15202453637757812,1.0,-0.0,0,0
98,0.0,0.11881188118811879,0.15202453637757812,1.0,-0.0,0,0
99,0.0,0.06534653465346535,0.10939585993610405,1.0,-0.0,0,0
100,0.0,0.09504950495049506,0.13078304733432375,1.0,-0.0,0,0
101,0.0,0.0910891089108911,0.12113245340338318,1.0,-0.0,0,0
102,0.0,0.2871287128712871,0.24278229107317392,1.0,-0.0,0,0
103,0.0,0.2871287128712871,0.24278229107317392,1.0,-0.0,0,0
104,0.0,0.2495049504950495,0.2187379472781369,1.0,-0.0,0,0
105,0.0,0.2554455445544554,0.22002486246765698,1.0,-0.0,0,0
106,0.0,0.25940594059405936,0.23130204753186284,1.0,-0.0,0,0
107,0.0,0.15049504950495046,0.14185738367185993,1.0,-0.0,0,0
108,0.0,0.15049504950495046,0.14185738367185993,1.0,-0.0,0,0
109,0.0,0.15049504950495046,0.14185738367185993,1.0,-0.0,0,0
110,0.0,0.11287128712871286,0.13324834725751067,1.0,-0.0,0,0
111,0.0,0.09108910891089109,0.12113245340338318,1.0,-0.0,0,0
112,0.0,0.18217821782178217,0.18260818825185748,1.0,-0.0,0,0
113,0.0,0.18217821782178217,0.18260818825185748,1.0,-0.0,0,0
114,0.0,0.18217821782178217,0.18260818825185748,1.0,-0.0,0,0
115,0.0,0.21584158415841584,0.21189044117854158,1.0,-0.0,0,0
116,0.0,0.2455445544554455,0.22669591988853358,1.0,-0.0,0,0
117,0.0,0.10495049504950493,0.13670539084430264,1.0,-0.0,0,0
118,0.0,0.14851485148514848,0.15582032136955248,1.0,-0.0,0,0
119,0.0,0.15445544554455443,0.15639804034834157,1.0,-0.0,0,0
120,0.0,0.1188118811881188,0.14122019271030048,1.0,-0.0,0,0
121,0.0,0.12475247524752475,0.16131019290626772,1.0,-0.0,0,0
122,0.0,0.09108910891089109,0.14218869759220787,1.0,-0.0,0,0
123,0.0,0.04950495049504951,0.09504950495049506,1.0,-0.0,0,0
124,0.0,0.08316831683168317,0.12670172889541695,1.0,-0.0,0,0
125,0.0,0.08712871287128714,0.13024224675172555,1.0,-0.0,0,0
126,0.0,0.05148514851485149,0.09607532254026299,1.0,-0.0,0,0
127,0.0,0.05940594059405942,0.10733330877518932,1.0,-0.0,0,0
128,0.0,0.05940594059405942,0.10733330877518932,1.0,-0.0,0,0
129,0.0,0.0198019801980198,0.06603299802191315,1.0,-0.0,0,0
130,0.0,0.015841584158415842,0.054012600780142014,1.0,-0.0,0,0
131,0.0,0.11881188118811879,0.14939672169394075,1.0,-0.0,0,0
132,0.0,0.15445544554455443,0.166218722942046,1.0,-0.0,0,0
133,0.0,0.15445544554455443,0.166218722942046,1.0,-0.0,0,0
134,0.0,0.15445544554455443,0.166218722942046,1.0,-0.0,0,0
135,0.0,0.15445544554455443,0.166218722942046,1.0,-0.0,0,0
136,0.0,0.04950495049504951,0.0991286416695749,1.0,-0.0,0,0
137,0.0,0.0,0.0,1.0,-0.0,0,0
138,0.0,0.0,0.0,1.0,-0.0,0,0
139,0.0,0.06930693069306931,0.10693069306930696,1.0,-0.0,0,0
140,0.0,0.06930693069306931,0.10693069306930696,1.0,-0.0,0,0
141,0.0,0.06930693069306931,0.10693069306930696,1.0,-0.0,0,0
142,0.0,0.1603960396039604,0.15161128508951263,1.0,-0.0,0,0
143,0.0,0.1603960396039604,0.15161128508951263,1.0,-0.0,0,0
144,0.0,0.10891089108910891,0.14218869759220787,1.0,-0.0,0,0
145,0.0,0.16435643564356434,0.17887666995067272,1.0,-0.0,0,0
146,0.0,0.16435643564356434,0.17887666995067272,1.0,-0.0,0,0
147,0.0,0.0910891089108911,0.13057300215314485,1.0,-0.0,0,0
148,0.0,0.0910891089108911,0.13057300215314485,1.0,-0.0,0,0
149,0.0,0.0712871287128713,0.11801714396634724,1.0,-0.0,0,0
150,0.0,0.027722772277227727,0.06910862719451544,1.0,-0.0,0,0
151,0.0,0.027722772277227727,0.06910862719451544,1.0,-0.0,0,0
152,0.0,0.009900990099009901,0.04338396495090424,1.0,-0.0,0,0
153,0.0,0.009900990099009901,0.04338396495090424,1.0,-0.0,0,0
154,0.0,0.041584158415841586,0.09877199139279147,1.0,-0.0,0,0
155,0.0,0.061386138613861385,0.1080614942545921,1.0,-0.0,0,0
156,0.0,0.061386138613861385,0.1080614942545921,1.0,-0.0,0,0
157,0.0,0.07326732673267328,0.11509022642946842,1.0,-0.0,0,0
158,0.0,0.09306930693069305,0.12448501897427097,1.0,-0.0,0,0
159,0.0,0.061386138613861385,0.10046456153636296,1.0,-0.0,0,0
160,0.0,0.1287128712871287,0.13954426081146826,1.0,-0.0,0,0
161,0.0,0.1287128712871287,0.13954426081146826,1.0,-0.0,0,0
162,0.0,0.11485148514851484,0.13304219431477882,1.0,-0.0,0,0
163,0.0,0.09504950495049505,0.12135883917659063,1.0,-0.0,0,0
164,0.0,0.09504950495049505,0.12135883917659063,1.0,-0.0,0,0
165,0.0,0.0,0.0,1.0,-0.0,0,0
166,0.0,0.0,0.0,1.0,-0.0,0,0
167,0.0,0.0,0.0,1.0,-0.0,0,0
168,0.0,0.007920792079207921,0.03900537743285587,1.0,-0.0,0,0
169,0.0,0.007920792079207921,0.03900537743285587,1.0,-0.0,0,0
170,0.0,0.007920792079207921,0.03900537743285587,1.0,-0.0,0,0
171,0.0,0.007920792079207921,0.03900537743285587,1.0,-0.0,0,0
172,0.2,0.06336633663366337,0.10120342446875752,0.08849366552547523,1.0530878154692966,0,0
173,0.2,0.06930693069306931,0.10316052497133552,0.10259725727169978,0.9888642490457182,0,0
174,0.2,0.10891089108910891,0.13357165904190144,0.24763548256963241,0.6061871270988662,0,0
175,0.2,0.13663366336633662,0.1433149079027503,0.3291912157148078,0.48255176221276325,0,0
176,0.2,0.15445544554455443,0.15384494732320814,0.3835990317980801,0.4161224976569575,0,0
177,0.0,0.097029702970297,0.12142344330103676,1.0,-0.0,0,0
178,0.0,0.08316831683168316,0.12028786177019754,1.0,-0.0,0,0
179,0.0,0.049504950495049514,0.08631483056516186,1.0,-0.0,0,0
180,0.0,0.023762376237623766,0.06471340450838887,1.0,-0.0,0,0
181,0.0,0.0059405940594059415,0.03395332316729158,1.0,-0.0,0,0
182,0.0,0.021782178217821784,0.06230547612891991,1.0,-0.0,0,0
183,0.0,0.021782178217821784,0.06230547612891991,1.0,-0.0,0,0
184,0.0,0.039603960396039604,0.08452453849668534,1.0,-0.0,0,0
185,0.0,0.05940594059405942,0.10357779667819422,1.0,-0.0,0,0
186,0.0,0.05940594059405942,0.10357779667819422,1.0,-0.0,0,0
187,0.0,0.09108910891089109,0.12113245340338318,1.0,-0.0,0,0
188,0.0,0.09108910891089109,0.12113245340338318,1.0,-0.0,0,0
189,0.0,0.07920792079207921,0.11966689053257921,1.0,-0.0,0,0
190,0.0,0.0712871287128713,0.11801714396634724,1.0,-0.0,0,0
191,0.0,0.0712871287128713,0.11801714396634724,1.0,-0.0,0,0
192,0.0,0.039603960396039604,0.07970143286137867,1.0,-0.0,0,0
193,0.2,0.13663366336633662,0.17103226044902323,0.35550741844014616,0.4491513323350454,0,0
194,0.2,0.12475247524752475,0.1588360762784592,0.3178414908556472,0.4977894108621373,0,0
195,0.2,0.1287128712871287,0.1702279390125739,0.33769045275463827,0.4714812176429128,0,0
196,0.2,0.1287128712871287,0.1702279390125739,0.33769045275463827,0.4714812176429128,0,0
197,0.2,0.11287128712871287,0.15774610904280742,0.2903593934305263,0.5370641195219787,0,0
198,0.0,0.015841584158415842,0.06090517425437505,1.0,-0.0,0,0
199,0.0,0.015841584158415842,0.06090517425437505,1.0,-0.0,0,0
200,0.0,0.0,0.0,1.0,-0.0,0,0
201,0.0,0.0,0.0,1.0,-0.0,0,0
202,0.0,0.0,0.0,1.0,-0.0,0,0
203,0.0,0.0,0.0,1.0,-0.0,0,0
204,0.0,0.0,0.0,1.0,-0.0,0,0
205,0.0,0.0,0.0,1.0,-0.0,0,0
206,0.0,0.0,0.0,1.0,-0.0,0,0
207,0.0,0.0,0.0,1.0,-0.0,0,0
208,0.0,0.0,0.0,1.0,-0.0,0,0
209,0.0,0.05148514851485149,0.11824949407392964,1.0,-0.0,0,0
210,0.0,0.05148514851485149,0.11824949407392964,1.0,-0.0,0,0
211,0.0,0.15643564356435644,0.19005775129824673,1.0,-0.0,0,0
212,0.0,0.17227722772277226,0.19906654038593571,1.0,-0.0,0,0
213,0.0,0.18811881188118812,0.20838232603685225,1.0,-0.0,0,0
214,0.0,0.13663366336633662,0.1565233492702535,1.0,-0.0,0,0
215,0.0,0.20990099009900992,0.19574936009912708,1.0,-0.0,0,0
216,0.0,0.10495049504950493,0.15049504950495052,1.0,-0.0,0,0
217,0.0,0.13465346534653466,0.16911864928947465,1.0,-0.0,0,0
218,0.0,0.1188118811881188,0.15714839508139802,1.0,-0.0,0,0
219,0.0,0.1188118811881188,0.15714839508139802,1.0,-0.0,0,0
220,0.0,0.04554455445544555,0.10100951085035129,1.0,-0.0,0,0
221,0.0,0.04554455445544555,0.10100951085035129,1.0,-0.0,0,0
222,0.0,0.0,0.0,1.0,-0.0,0,0
223,0.0,0.0,0.0,1.0,-0.0,0,0
224,0.0,0.0,0.0,1.0,-0.0,0,0
225,0.0,0.0,0.0,1.0,-0.0,0,0
226,0.0,0.0,0.0,1.0,-0.0,0,0
227,0.0,0.011881188118811881,0.047276579747775535,1.0,-0.0,0,0
228,0.0,0.011881188118811881,0.047276579747775535,1.0,-0.0,0,0
229,0.0,0.06336633663366337,0.10874875419996817,1.0,-0.0,0,0
230,0.0,0.06336633663366337,0.10874875419996817,1.0,-0.0,0,0
231,0.0,0.1603960396039604,0.1712384753198294,1.0,-0.0,0,0
232,0.0,0.1485148514851485,0.16567525277902487,1.0,-0.0,0,0
233,0.2,0.16633663366336635,0.17364880212589112,0.4231431818027592,0.3735126526131154,0,0
234,0.2,0.11287128712871286,0.1390657415135005,0.26548402751583455,0.5759616025312939,0,0
235,0.2,0.13663366336633662,0.1433149079027503,0.3291912157148078,0.48255176221276325,0,0
236,0.2,0.05346534653465347,0.09287951999650357,0.05731896239780438,1.2417016799108866,0,0
237,0.2,0.05346534653465347,0.09287951999650357,0.05731896239780438,1.2417016799108866,0,0
238,0.0,0.03564356435643565,0.07653920035678292,1.0,-0.0,0,0
239,0.0,0.03564356435643565,0.07653920035678292,1.0,-0.0,0,0
240,0.0,0.013861386138613863,0.05079507064705211,1.0,-0.0,0,0
241,0.0,0.0,0.0,1.0,-0.0,0,0
242,0.0,0.015841584158415842,0.05401260078014202,1.0,-0.0,0,0
243,0.0,0.015841584158415842,0.05401260078014202,1.0,-0.0,0,0
244,0.0,0.025742574257425745,0.0669763743575753,1.0,-0.0,0,0
245,0.0,0.025742574257425745,0.0669763743575753,1.0,-0.0,0,0
246,0.4,0.06930693069306931,0.10316052497133553,0.0006738676536446158,3.171425389719414,0,0
247,0.4,0.05346534653465347,0.09287951999650357,9.535586614099452e-05,4.020652584691398,0,0
248,0.4,0.05346534653465347,0.09287951999650357,9.535586614099452e-05,4.020652584691398,0,0
249,0.4,0.04356435643564357,0.08721867542790196,2.1878606755432928e-05,4.659980337626218,0,0
250,0.4,0.04356435643564357,0.08721867542790196,2.1878606755432928e-05,4.659980337626218,0,0
251,0.0,0.0,0.0,1.0,-0.0,0,0
252,0.0,0.0,0.0,1.0,-0.0,0,0
253,0.0,0.0,0.0,1.0,-0.0,0,0
254,0.0,0.0,0.0,1.0,-0.0,0,0
255,0.2,0.015841584158415842,0.05401260078014202,0.00032535620257014524,3.4876409094885674,0,0
256,0.2,0.015841584158415842,0.05401260078014202,0.00032535620257014524,3.4876409094885674,0,0
257,0.4,0.097029702970297,0.1396285351588451,0.015009832844483569,1.823624144207271,0,0
258,0.6,0.17425742574257425,0.17041211860554586,0.006239322480372163,2.2048625672103483,0,0
259,0.6,0.19009900990099005,0.17660435755646178,0.01014307412209357,1.99383040082842,0,0
260,0.4,0.19207920792079203,0.18003474269593195,0.12406720507042808,0.9063430012504764,0,0
261,0.4,0.22970297029702966,0.19778203547221818,0.19460969689729313,0.7108355237590085,0,0
262,0.2,0.14851485148514848,0.15325760452189582,0.36845857573998464,0.43361133097668664,0,0
263,0.0,0.0712871287128713,0.10747934055534188,1.0,-0.0,0,0
264,0.0,0.05544554455445545,0.09797478714338996,1.0,-0.0,0,0
265,0.0,0.03762376237623763,0.08307396817189318,1.0,-0.0,0,0
266,0.0,0.0,0.0,1.0,-0.0,0,0
267,0.0,0.025742574257425748,0.06697637435757531,1.0,-0.0,0,0
268,0.0,0.025742574257425748,0.06697637435757531,1.0,-0.0,0,0
269,0.0,0.039603960396039604,0.08452453849668534,1.0,-0.0,0,0
270,0.0,0.05940594059405942,0.10357779667819421,1.0,-0.0,0,0
271,0.0,0.06732673267326733,0.11000352009767247,1.0,-0.0,0,0
272,0.0,0.08514851485148514,0.12379009590564582,1.0,-0.0,0,0
273,0.0,0.08514851485148514,0.12379009590564582,1.0,-0.0,0,0
274,0.0,0.0712871287128713,0.11110305060677653,1.0,-0.0,0,0
275,0.0,0.06534653465346535,0.10939585993610405,1.0,-0.0,0,0
276,0.0,0.07524752475247526,0.10474480123119365,1.0,-0.0,0,0
277,0.0,0.031683168316831684,0.0730260947112308,1.0,-0.0,0,0
278,0.0,0.031683168316831684,0.0730260947112308,1.0,-0.0,0,0
279,0.0,0.031683168316831684,0.0730260947112308,1.0,-0.0,0,0
280,0.0,0.051485148514851496,0.10399339410297728,1.0,-0.0,0,0
281,0.0,0.033663366336633666,0.08930671115865095,1.0,-0.0,0,0
282,0.0,0.04554455445544555,0.10485704788018795,1.0,-0.0,0,0
283,0.0,0.04554455445544555,0.10485704788018795,1.0,-0.0,0,0
284,0.0,0.04554455445544555,0.10485704788018795,1.0,-0.0,0,0
285,0.0,0.011881188118811881,0.047276579747775535,1.0,-0.0,0,0
286,0.0,0.11881188118811879,0.1596486682831396,1.0,-0.0,0,0
287,0.0,0.1465346534653465,0.1638426898490107,1.0,-0.0,0,0
288,0.0,0.1465346534653465,0.1638426898490107,1.0,-0.0,0,0
289,0.0,0.1465346534653465,0.1638426898490107,1.0,-0.0,0,0
290,0.0,0.1465346534653465,0.1638426898490107,1.0,-0.0,0,0
291,0.0,0.03762376237623763,0.08771182015980238,1.0,-0.0,0,0
292,0.0,0.0,0.0,1.0,-0.0,0,0
293,0.0,0.0,0.0,1.0,-0.0,0,0
294,0.0,0.0,0.0,1.0,-0.0,0,0
295,0.0,0.0,0.0,1.0,-0.0,0,0
296,0.0,0.0,0.0,1.0,-0.0,0,0
297,0.0,0.0,0.0,1.0,-0.0,0,0
298,0.0,0.039603960396039604,0.08908690597387718,1.0,-0.0,0,0
299,0.0,0.039603960396039604,0.08908690597387718,1.0,-0.0,0,0
300,0.0,0.039603960396039604,0.08908690597387718,1.0,-0.0,0,0
301,0.0,0.16237623762376235,0.17735766020493526,1.0,-0.0,0,0
302,0.0,0.16237623762376235,0.17735766020493526,1.0,-0.0,0,0
303,0.0,0.21188118811881182,0.23177623585583423,1.0,-0.0,0,0
304,0.0,0.21188118811881182,0.23177623585583423,1.0,-0.0,0,0
305,0.0,0.21188118811881182,0.23177623585583423,1.0,-0.0,0,0
306,0.0,0.08910891089108913,0.14481192315867106,1.0,-0.0,0,0
307,0.0,0.08910891089108913,0.14481192315867106,1.0,-0.0,0,0
308,0.0,0.0,0.0,1.0,-0.0,0,0
309,0.0,0.0,0.0,1.0,-0.0,0,0
310,0.0,0.10297029702970295,0.1531552280211446,1.0,-0.0,0,0
311,0.0,0.11287128712871286,0.16023705603282304,1.0,-0.0,0,0
312,0.6,0.1603960396039604,0.18025241263723207,0.0073675657275085685,2.1326759810339313,0,0
313,0.6,0.1603960396039604,0.18025241263723207,0.0073675657275085685,2.1326759810339313,0,0
314,0.6,0.1603960396039604,0.18025241263723207,0.0073675657275085685,2.1326759810339313,0,0
315,0.6,0.06534653465346535,0.10571364605971595,2.123236556912963e-07,6.673001616932118,0,0
316,0.6,0.05544554455445545,0.1019369320889802,4.594500868419651e-08,7.3377616620505055,0,0
317,0.0,0.009900990099009901,0.04338396495090425,1.0,-0.0,0,0
318,0.0,0.009900990099009901,0.04338396495090425,1.0,-0.0,0,0
319,0.0,0.009900990099009901,0.04338396495090425,1.0,-0.0,0,0
320,0.2,0.023762376237623766,0.06471340450838887,0.003231121245907738,2.4906467450338194,0,0
321,0.2,0.023762376237623766,0.06471340450838887,0.003231121245907738,2.4906467450338194,0,0
322,0.2,0.031683168316831684,0.07302609471123078,0.010586476243073911,1.9752485727397298,0,0
323,0.2,0.06732673267326733,0.10634234916512914,0.10608783743468066,0.9743344034481476,0,0
324,0.2,0.18019801980198016,0.16531985318607367,0.4523287890051053,0.344545770184289,0,0
325,0.0,0.15643564356435638,0.1505211024869694,1.0,-0.0,1,0
326,0.0,0.15643564356435638,0.1505211024869694,1.0,-0.0,0,0
327,0.0,0.1485148514851485,0.14529850556708232,1.0,-0.0,0,0
328,0.0,0.11089108910891088,0.13923481846532235,1.0,-0.0,0,0
329,0.0,0.0,0.0,1.0,-0.0,0,0
330,0.0,0.0,0.0,1.0,-0.0,0,0
331,0.0,0.0,0.0,1.0,-0.0,0,0
332,0.0,0.0,0.0,1.0,-0.0,0,0
333,0.0,0.011881188118811883,0.04727657974777554,1.0,-0.0,0,0
334,0.0,0.011881188118811883,0.04727657974777554,1.0,-0.0,0,0
335,0.0,0.011881188118811883,0.04727657974777554,1.0,-0.0,0,0
336,0.0,0.011881188118811883,0.04727657974777554,1.0,-0.0,0,0
337,0.0,0.011881188118811883,0.04727657974777554,1.0,-0.0,0,0
338,0.0,0.0,0.0,1.0,-0.0,0,0
339,0.0,0.0,0.0,1.0,-0.0,0,0
340,0.0,0.0,0.0,1.0,-0.0,0,0
341,0.0,0.0,0.0,1.0,-0.0,0,0
342,0.0,0.0,0.0,1.0,-0.0,0,0
343,0.0,0.0,0.0,1.0,-0.0,0,0
344,1.0,0.10297029702970298,0.14243667729389656,1.510045634233845e-10,9.821009927940953,0,0
345,1.0,0.10297029702970298,0.14243667729389656,1.510045634233845e-10,9.821009927940953,0,0
346,1.0,0.10297029702970298,0.14243667729389656,1.510045634233845e-10,9.821009927940953,0,0
347,1.0,0.10297029702970298,0.14243667729389656,1.510045634233845e-10,9.821009927940953,0,0
348,1.0,0.10297029702970298,0.14243667729389656,1.510045634233845e-10,9.821009927940953,0,0
349,0.0,0.0,0.0,1.0,-0.0,0,0
350,0.0,0.0,0.0,1.0,-0.0,0,0
351,0.0,0.0,0.0,1.0,-0.0,0,0
352,0.0,0.015841584158415842,0.06090517425437505,1.0,-0.0,0,0
353,0.0,0.015841584158415842,0.06090517425437505,1.0,-0.0,0,0
354,0.0,0.015841584158415842,0.06090517425437505,1.0,-0.0,0,0
355,0.0,0.015841584158415842,0.06090517425437505,1.0,-0.0,0,0
356,0.0,0.015841584158415842,0.06090517425437505,1.0,-0.0,0,0
357,0.0,0.0,0.0,1.0,-0.0,0,0
358,0.0,0.0,0.0,1.0,-0.0,0,0
359,0.0,0.0,0.0,1.0,-0.0,0,0
360,0.0,0.011881188118811883,0.047276579747775535,1.0,-0.0,0,0
361,0.0,0.011881188118811883,0.047276579747775535,1.0,-0.0,0,0
362,0.0,0.011881188118811883,0.047276579747775535,1.0,-0.0,0,0
363,0.0,0.041584158415841586,0.11014601176374958,1.0,-0.0,0,0
364,0.0,0.041584158415841586,0.11014601176374958,1.0,-0.0,0,0
365,0.0,0.0297029702970297,0.09070085141068346,1.0,-0.0,0,0
366,0.0,0.0297029702970297,0.09070085141068346,1.0,-0.0,0,0
367,0.0,0.0297029702970297,0.09070085141068346,1.0,-0.0,0,0
368,0.0,0.0,0.0,1.0,-0.0,0,0
369,0.0,0.0,0.0,1.0,-0.0,0,0
370,0.0,0.0,0.0,1.0,-0.0,0,0
371,0.0,0.0,0.0,1.0,-0.0,0,0
372,0.0,0.0,0.0,1.0,-0.0,0,0
373,0.0,0.0,0.0,1.0,-0.0,0,0
374,0.0,0.0,0.0,1.0,-0.0,0,0
375,0.0,0.0,0.0,1.0,-0.0,0,0
376,0.0,0.0,0.0,1.0,-0.0,0,0
377,0.0,0.0,0.0,1.0,-0.0,0,0
378,0.0,0.07722772277227724,0.1124710639300034,1.0,-0.0,0,0
379,0.0,0.08514851485148513,0.12694907267187808,1.0,-0.0,0,0
380,0.0,0.08514851485148513,0.12694907267187808,1.0,-0.0,0,0
381,0.0,0.08514851485148513,0.12694907267187808,1.0,-0.0,0,0
382,0.0,0.08514851485148513,0.12694907267187808,1.0,-0.0,0,0
383,0.0,0.007920792079207921,0.03900537743285587,1.0,-0.0,0,0
384,0.0,0.0,0.0,1.0,-0.0,0,0
385,0.0,0.0,0.0,1.0,-0.0,0,0
386,0.0,0.0,0.0,1.0,-0.0,0,0
387,0.0,0.017821782178217824,0.0635517090529949,1.0,-0.0,0,0
388,0.0,0.017821782178217824,0.0635517090529949,1.0,-0.0,0,0
389,0.0,0.017821782178217824,0.0635517090529949,1.0,-0.0,0,0
390,0.0,0.017821782178217824,0.0635517090529949,1.0,-0.0,0,0
391,0.0,0.017821782178217824,0.0635517090529949,1.0,-0.0,0,0
392,0.0,0.0,0.0,1.0,-0.0,0,0
