,foreground,bg_means,bg_stdev,pvals,minus_logs,regs,active
2,0.0,0.0,0.0,1.0,-0.0,0,0
3,0.0,0.0,0.0,1.0,-0.0,0,0
4,1.0,1.1841584158415843,0.27094724679905036,1.0,-0.0,0,0
5,1.0,1.615841584158416,0.3814336357333705,1.0,-0.0,0,0
6,1.0,1.6732673267326736,0.4075745911465768,1.0,-0.0,0,0
7,1.4,1.835643564356436,0.40236532299845607,1.0,-0.0,0,0
8,1.4,2.4297029702970296,0.4072473533650778,1.0,-0.0,0,0
9,0.4,1.2455445544554455,0.3795580422291709,1.0,-0.0,0,0
10,0.6,1.033663366336634,0.3691781688306379,1.0,-0.0,0,0
11,0.8,1.5425742574257424,0.44971862152377085,1.0,-0.0,0,0
12,0.6,1.7900990099009906,0.45847464498926177,1.0,-0.0,0,0
13,0.6,1.1960396039603962,0.39197918516146135,1.0,-0.0,0,0
14,1.0,1.3742574257425741,0.41330674853606303,1.0,-0.0,0,0
15,0.8,1.1544554455445541,0.405781180966764,1.0,-0.0,0,0
16,1.0,0.9247524752475247,0.36135222952266655,0.41752128957418794,0.37932137476993427,0,0
17,1.4,1.0554455445544555,0.3084535838197347,0.13198898273002274,0.8794623183338852,0,0
18,1.4,1.0554455445544555,0.3084535838197347,0.13198898273002274,0.8794623183338852,0,0
19,1.0,0.877227722772277,0.27426993573355696,0.3272090373938834,0.485174709780385,0,0
20,1.0,0.877227722772277,0.27426993573355696,0.3272090373938834,0.485174709780385,0,0
21,0.6,0.5425742574257426,0.1936346128607071,0.3833983443969874,0.4163497668382511,0,0
22,0.0,0.0,0.0,1.0,-0.0,0,0
23,0.0,0.0,0.0,1.0,-0.0,0,0
24,0.0,0.0,0.0,1.0,-0.0,0,0
25,0.0,0.0,0.0,1.0,-0.0,0,0
26,0.0,0.0,0.0,1.0,-0.0,0,0
27,0.0,0.0,0.0,1.0,-0.0,0,0
28,0.2,0.23168316831683167,0.18823342001292903,1.0,-0.0,0,0
29,0.2,0.4534653465346536,0.24678701942677855,1.0,-0.0,0,0
30,0.2,0.5188118811881188,0.2597458282713736,1.0,-0.0,0,0
31,0.6,0.8217821782178217,0.3182887288766425,1.0,-0.0,0,0
32,0.6,0.8217821782178217,0.3182887288766425,1.0,-0.0,0,0
33,0.6,1.0237623762376238,0.4214892302986162,1.0,-0.0,0,0
34,0.6,0.8019801980198018,0.378108947058259,1.0,-0.0,0,0
35,0.8,0.8910891089108908,0.39754170586390825,1.0,-0.0,0,0
36,0.6,0.6514851485148513,0.29471041715123203,1.0,-0.0,0,0
37,0.6,0.6514851485148513,0.29471041715123203,1.0,-0.0,0,0
38,0.4,0.2178217821782178,0.19920437766272145,0.1802194239489554,0.7441984028173693,0,0
39,0.6,0.3485148514851485,0.2558673315677322,0.1628349193528999,0.788252456596141,0,0
40,0.4,0.194059405940594,0.1675813868644411,0.10955484345962792,0.9603684173612306,0,0
41,0.2,0.1287128712871287,0.1581681231502246,0.3261011693951096,0.48664764381614467,0,0
42,0.2,0.1287128712871287,0.1581681231502246,0.3261011693951096,0.48664764381614467,0,0
43,0.2,0.1287128712871287,0.1581681231502246,0.3261011693951096,0.48664764381614467,0,0
44,0.0,0.039603960396039604,0.07970143286137865,1.0,-0.0,0,0
45,0.0,0.039603960396039604,0.07970143286137865,1.0,-0.0,0,0
46,0.0,0.039603960396039604,0.07970143286137865,1.0,-0.0,0,0
47,0.0,0.039603960396039604,0.07970143286137865,1.0,-0.0,0,0
48,0.0,0.039603960396039604,0.07970143286137865,1.0,-0.0,0,0
49,0.6,0.16831683168316827,0.17740187251029735,0.0074796458123314764,2.1261189670275096,0,0
50,0.8,0.4138613861386139,0.23590134830630383,0.050829360904576446,1.293885350800164,0,0
51,0.8,0.4910891089108911,0.26329932892823227,0.12035162527484368,0.9195480404688835,0,0
52,0.8,1.5108910891089111,0.49350253344299605,1.0,-0.0,0,0
53,0.8,1.5108910891089111,0.49350253344299605,1.0,-0.0,0,0
54,0.2,1.3425742574257429,0.4627396964428841,1.0,-0.0,1,0
55,0.0,1.3999999999999997,0.4202780786174038,1.0,-0.0,0,0
56,0.0,1.479207920792079,0.44949186529565144,1.0,-0.0,0,0
57,0.0,0.46138613861386135,0.2680957037002187,1.0,-0.0,0,0
58,1.6,1.2514851485148515,0.45524748168596557,0.22197195969555333,0.6537018837413815,0,0
59,1.6,1.293069306930693,0.4714119145888777,0.25749480528064583,0.5892315280235947,0,0
60,1.8,1.2574257425742577,0.43357745882675497,0.10539621236432252,0.9771749961332559,0,0
61,2.0,1.2396039603960396,0.4146044776116176,0.033324951404933245,1.477230475209969,0,0
62,2.2,1.4455445544554457,0.4484350681995534,0.04624386024933493,1.334945919937659,0,0
63,1.0,0.8534653465346534,0.3525197435480977,0.33882287123035715,0.47002728159432017,0,0
64,1.0,0.8118811881188119,0.34333458804653433,0.2918744932740741,0.5348038560717038,0,0
65,0.8,0.5445544554455446,0.27158327407514754,0.17346030479729263,0.7607998948206784,0,0
66,0.6,0.4217821782178218,0.24840240444462128,0.23654635558720033,0.6260837386344864,0,0
67,0.4,0.2158415841584158,0.18812923368734447,0.16381639163131495,0.7856426444628974,0,0
68,0.0,0.017821782178217824,0.05698017651460656,1.0,-0.0,0,0
69,0.0,0.017821782178217824,0.05698017651460656,1.0,-0.0,0,0
70,0.4,0.4514851485148515,0.26648198028954484,1.0,-0.0,0,0
71,1.4,0.8673267326732673,0.3683274777552207,0.0740612918834912,1.1304087166319978,0,0
72,2.0,1.02970297029703,0.41495426312574124,0.009685253610093526,2.013889002717496,0,0
73,2.0,1.2336633663366339,0.45560909676389727,0.046283966066348645,1.334569433494486,1,0
74,2.0,1.3366336633663363,0.46919412104502484,0.07870415492436418,1.1040023399015073,0,0
75,2.4,1.1148514851485147,0.38521850263846635,0.00042472941447089455,3.37188766107186,0,0
76,1.4,0.6811881188118811,0.3161378541540611,0.01149113565143374,1.9396370485285312,0,0
77,0.8,0.5198019801980198,0.2870194397736153,0.16447435908079,0.7839017972744072,0,0
78,0.8,0.31683168316831684,0.2238587368089122,0.015449827026337156,1.8110763784998463,0,0
79,0.8,0.2118811881188119,0.19257871154715578,0.0011293843338858614,2.947158240819178,0,0
80,0.0,0.0,0.0,1.0,-0.0,0,0
81,0.0,0.0,0.0,1.0,-0.0,0,0
82,0.0,0.0,0.0,1.0,-0.0,0,0
83,0.0,0.0,0.0,1.0,-0.0,0,0
84,0.0,0.0,0.0,1.0,-0.0,0,0
85,0.0,0.0,0.0,1.0,-0.0,0,0
86,0.0,0.0,0.0,1.0,-0.0,0,0
87,0.4,0.1108910891089109,0.12734998170941408,0.01159796780577577,1.935618101122666,0,0
88,0.4,0.1108910891089109,0.12734998170941408,0.01159796780577577,1.935618101122666,0,0
89,0.4,0.1108910891089109,0.12734998170941408,0.01159796780577577,1.935618101122666,0,0
90,0.4,0.1108910891089109,0.12734998170941408,0.01159796780577577,1.935618101122666,0,0
91,0.4,0.1108910891089109,0.12734998170941408,0.01159796780577577,1.935618101122666,0,0
92,0.0,0.0,0.0,1.0,-0.0,0,0
93,0.0,0.0,0.0,1.0,-0.0,0,0
94,0.0,0.0,0.0,1.0,-0.0,0,0
95,0.2,0.15049504950495046,0.1390375420320155,0.3608998539521627,0.4426132936894058,0,0
96,0.2,0.20990099009900987,0.1206459105879431,1.0,-0.0,0,0
97,0.2,0.20990099009900987,0.1206459105879431,1.0,-0.0,0,0
98,0.2,0.20990099009900987,0.1206459105879431,1.0,-0.0,0,0
99,0.2,0.20990099009900987,0.1206459105879431,1.0,-0.0,0,0
100,0.0,0.0594059405940594,0.09138994660763824,1.0,-0.0,0,0
101,0.0,0.0,0.0,1.0,-0.0,0,0
102,0.0,0.0,0.0,1.0,-0.0,0,0
103,0.0,0.0,0.0,1.0,-0.0,0,0
104,0.0,0.0,0.0,1.0,-0.0,0,0
105,0.0,0.0,0.0,1.0,-0.0,0,0
106,0.0,0.12475247524752475,0.1430958555654627,1.0,-0.0,0,0
107,0.0,0.2633663366336633,0.17560237051402267,1.0,-0.0,0,0
108,0.0,0.42970297029702964,0.2394484398314426,1.0,-0.0,0,0
109,0.0,0.49702970297029697,0.2619256358619636,1.0,-0.0,0,0
110,0.4,0.7049504950495048,0.3012765702916269,1.0,-0.0,0,0
111,0.4,0.5782178217821782,0.26980152602377977,1.0,-0.0,0,0
112,0.6,1.0415841584158416,0.362954686294997,1.0,-0.0,0,0
113,0.6,0.8752475247524754,0.32193903260042095,1.0,-0.0,0,0
114,1.2,1.6900990099009905,0.4828760680834499,1.0,-0.0,1,0
115,0.8,1.4831683168316836,0.47116230978771384,1.0,-0.0,0,0
116,0.8,1.4831683168316836,0.47116230978771384,1.0,-0.0,0,0
117,0.6,0.8811881188118812,0.3649800947473817,1.0,-0.0,0,0
118,0.6,0.8811881188118812,0.3649800947473817,1.0,-0.0,0,0
119,0.0,0.0,0.0,1.0,-0.0,0,0
120,0.0,0.0,0.0,1.0,-0.0,0,0
121,0.0,0.0,0.0,1.0,-0.0,0,0
122,0.0,0.0,0.0,1.0,-0.0,0,0
123,0.0,0.0,0.0,1.0,-0.0,0,0
124,0.0,0.0,0.0,1.0,-0.0,0,0
125,0.0,0.0,0.0,1.0,-0.0,0,0
126,0.0,0.0,0.0,1.0,-0.0,0,0
127,0.0,0.0,0.0,1.0,-0.0,0,0
128,2.8,0.9524752475247525,0.4031052879207754,2.2892260975328957e-06,5.640311311710913,0,0
129,2.8,1.281188118811881,0.4370723644203847,0.00025545845193809564,3.592679723949212,0,0
130,3.0,1.4772277227722772,0.4624260579091842,0.0004956099134720122,3.3048600152032948,0,0
131,3.0,1.4772277227722772,0.4624260579091842,0.0004956099134720122,3.3048600152032948,0,0
132,3.0,1.924752475247525,0.5542644649870119,0.026192644775473048,1.5818206469202456,0,0
133,0.2,0.9742574257425741,0.3665880860326696,1.0,-0.0,0,0
134,0.6,0.885148514851485,0.35969903222683697,1.0,-0.0,0,0
135,0.6,0.7801980198019799,0.3165469017162826,1.0,-0.0,0,0
136,0.6,0.7801980198019799,0.3165469017162826,1.0,-0.0,0,0
137,0.6,0.36435643564356435,0.20757160683372128,0.1281374138413227,0.8923240454899124,0,0
138,0.8,0.5366336633663368,0.2698451232650797,0.16453453109725003,0.7837429421444392,0,0
139,0.4,0.29306930693069305,0.22438361147271751,0.31684021345366875,0.4991597028000909,0,0
140,0.2,0.2039603960396039,0.1845094068165728,1.0,-0.0,0,0
141,0.2,0.27128712871287125,0.2021354480027698,1.0,-0.0,0,0
142,0.2,0.2891089108910891,0.2188633961132372,1.0,-0.0,0,0
