,foreground,bg_means,bg_stdev,pvals,minus_logs,regs,active
2,0.0,0.2792079207920792,0.2270415985277005,1.0,-0.0,0,0
3,0.0,0.38811881188118824,0.2652430713022225,1.0,-0.0,0,0
4,0.0,0.16237623762376235,0.17735766020493526,1.0,-0.0,0,0
5,0.0,0.16237623762376235,0.17735766020493526,1.0,-0.0,0,0
6,0.0,0.16237623762376235,0.17735766020493526,1.0,-0.0,0,0
7,0.0,0.1762376237623762,0.17414487814590618,1.0,-0.0,0,0
8,0.0,0.08514851485148513,0.12379009590564582,1.0,-0.0,0,0
9,0.0,0.11089108910891088,0.13923481846532232,1.0,-0.0,0,0
10,0.0,0.15445544554455445,0.16381875548472422,1.0,-0.0,0,0
11,0.0,0.17623762376237626,0.17640441545600072,1.0,-0.0,0,0
12,0.0,0.10693069306930694,0.13368903310588715,1.0,-0.0,0,0
13,0.0,0.0891089108910891,0.12420120222231065,1.0,-0.0,0,0
14,0.0,0.3465346534653466,0.2577758472258383,1.0,-0.0,0,0
15,0.0,0.30495049504950494,0.25108723489946255,1.0,-0.0,0,0
16,0.0,0.2831683168316832,0.24416732897898383,1.0,-0.0,0,0
17,0.0,0.2831683168316832,0.24416732897898383,1.0,-0.0,0,0
18,0.0,0.2831683168316832,0.24416732897898383,1.0,-0.0,0,0
19,0.0,0.0,0.0,1.0,-0.0,0,0
20,0.2,0.21188118811881188,0.2026004841572858,1.0,-0.0,0,0
21,0.6,0.45544554455445546,0.28855229205886795,0.30819805274512385,0.5111701095654229,0,0
22,1.2,0.8178217821782179,0.3401793468751273,0.13062088472187416,0.8839873790002603,0,0
23,1.2,0.8178217821782179,0.3401793468751273,0.13062088472187416,0.8839873790002603,0,0
24,1.2,0.9287128712871286,0.3453615220655579,0.21607543848579797,0.6653945970053405,0,0
25,1.8,1.2118811881188118,0.4219913022220525,0.08170785447809033,1.0877361932529894,0,0
26,1.4,0.9683168316831684,0.40367879915226085,0.14245083668235986,0.84633499559639,0,0
27,0.8,0.6059405940594059,0.3370876379798806,0.28241094030383695,0.5491184831812994,0,0
28,0.8,0.6059405940594059,0.3370876379798806,0.28241094030383695,0.5491184831812994,0,0
29,0.8,0.49504950495049505,0.30389427474456837,0.1578157177009349,0.8018497452910552,0,0
30,0.2,0.3237623762376238,0.22300757650472752,1.0,-0.0,0,0
31,0.2,0.3237623762376238,0.22300757650472752,1.0,-0.0,0,0
32,0.2,0.3237623762376238,0.22300757650472752,1.0,-0.0,0,0
33,0.2,0.3237623762376238,0.22300757650472752,1.0,-0.0,0,0
34,0.2,0.3237623762376238,0.22300757650472752,1.0,-0.0,0,0
35,0.0,0.05742574257425742,0.09048443294095733,1.0,-0.0,0,0
36,0.0,0.05742574257425742,0.09048443294095733,1.0,-0.0,0,0
37,0.0,0.0891089108910891,0.12097048989545554,1.0,-0.0,0,0
38,0.0,0.0891089108910891,0.12097048989545554,1.0,-0.0,0,0
39,0.0,0.0891089108910891,0.12097048989545554,1.0,-0.0,0,0
40,0.0,0.047524752475247525,0.0939707763778588,1.0,-0.0,0,0
41,0.0,0.047524752475247525,0.0939707763778588,1.0,-0.0,0,0
42,0.0,0.2613861386138614,0.21012504387932376,1.0,-0.0,0,0
43,0.0,0.2613861386138614,0.21012504387932376,1.0,-0.0,0,0
44,0.0,0.2613861386138614,0.21012504387932376,1.0,-0.0,1,0
45,0.0,0.2455445544554455,0.2007534088956333,1.0,-0.0,0,0
46,0.0,0.2455445544554455,0.2007534088956333,1.0,-0.0,0,0
47,0.0,0.0,0.0,1.0,-0.0,0,0
48,0.0,0.04158415841584158,0.08590499787518362,1.0,-0.0,0,0
49,0.0,0.04158415841584158,0.08590499787518362,1.0,-0.0,0,0
50,0.0,0.05346534653465347,0.10104832334394513,1.0,-0.0,0,0
51,0.0,0.05346534653465347,0.10104832334394513,1.0,-0.0,0,0
52,0.0,0.05346534653465347,0.10104832334394513,1.0,-0.0,0,0
53,0.0,0.011881188118811883,0.047276579747775535,1.0,-0.0,0,0
54,0.0,0.011881188118811883,0.047276579747775535,1.0,-0.0,0,0
55,0.0,0.0,0.0,1.0,-0.0,0,0
56,0.0,0.009900990099009901,0.04338396495090424,1.0,-0.0,0,0
57,0.0,0.09900990099009901,0.12467387119760155,1.0,-0.0,0,0
58,0.0,0.09900990099009901,0.12467387119760155,1.0,-0.0,0,0
59,0.2,0.2099009900990099,0.16013914153786715,1.0,-0.0,0,0
60,0.2,0.4118811881188119,0.22483751171861002,1.0,-0.0,0,0
61,0.2,0.401980198019802,0.2346179527791883,1.0,-0.0,0,0
62,0.2,0.31287128712871287,0.2037584311985198,1.0,-0.0,0,0
63,0.2,0.31287128712871287,0.2037584311985198,1.0,-0.0,0,0
64,0.2,0.2792079207920792,0.20310307176171227,1.0,-0.0,0,0
65,0.2,0.07722772277227724,0.122580495370631,0.15827697765574333,0.80058225130445,0,0
66,0.2,0.07722772277227724,0.122580495370631,0.15827697765574333,0.80058225130445,0,0
67,0.2,0.13168316831683166,0.14954100935552989,0.32389178384352885,0.4896000685896228,0,0
68,0.2,0.13168316831683166,0.14954100935552989,0.32389178384352885,0.4896000685896228,0,0
69,0.0,0.05346534653465347,0.09704990696905227,1.0,-0.0,0,0
70,0.0,0.05346534653465347,0.09704990696905227,1.0,-0.0,0,0
71,0.0,0.09306930693069307,0.12126186845461279,1.0,-0.0,0,0
72,0.0,0.05544554455445544,0.09384550979067553,1.0,-0.0,0,0
73,0.0,0.05544554455445544,0.09384550979067553,1.0,-0.0,0,0
74,0.0,0.05544554455445544,0.09384550979067553,1.0,-0.0,0,0
75,0.0,0.05544554455445544,0.09384550979067553,1.0,-0.0,0,0
76,0.0,0.015841584158415842,0.05401260078014202,1.0,-0.0,0,0
77,0.6,0.04554455445544555,0.09700949476369022,5.469865928325272e-09,8.262023318511561,0,0
78,0.6,0.0712871287128713,0.11461224656227947,1.9839434068906868e-06,5.702470720501213,0,0
79,0.6,0.0712871287128713,0.11461224656227947,1.9839434068906868e-06,5.702470720501213,0,0
80,0.6,0.0712871287128713,0.11461224656227947,1.9839434068906868e-06,5.702470720501213,0,0
81,1.0,0.21782178217821782,0.20508198776039438,6.83737851997623e-05,4.165110376720328,0,0
82,0.4,0.17227722772277226,0.17806373977319878,0.10046904832421423,0.9979677115007952,0,0
83,0.4,0.1465346534653465,0.1638426898490107,0.060931103784657055,1.2151609544334858,0,0
84,0.6,0.3356435643564357,0.266842245239994,0.16091986821120308,0.7933903317754638,0,0
85,0.6,0.3356435643564357,0.266842245239994,0.16091986821120308,0.7933903317754638,0,0
86,0.4,0.2514851485148515,0.20614993168538487,0.23563274551160718,0.6277643564706584,0,0
87,0.8,0.29504950495049503,0.2261937475056417,0.012794915099430882,1.8929625915252137,0,0
88,0.8,0.29504950495049503,0.2261937475056417,0.012794915099430882,1.8929625915252137,0,0
89,0.6,0.13366336633663367,0.15432845757147498,0.0012567348718404473,2.900756333962039,0,0
90,0.6,0.13366336633663367,0.15432845757147498,0.0012567348718404473,2.900756333962039,0,0
91,0.4,0.0712871287128713,0.10747934055534188,0.0011126788254175093,2.953630176615907,0,0
92,0.0,0.02772277227722772,0.06910862719451544,1.0,-0.0,0,0
93,0.0,0.02772277227722772,0.06910862719451544,1.0,-0.0,0,0
94,0.0,0.0,0.0,1.0,-0.0,0,0
95,0.0,0.0,0.0,1.0,-0.0,0,0
96,0.0,0.0,0.0,1.0,-0.0,0,0
97,0.0,0.0059405940594059415,0.03395332316729158,1.0,-0.0,0,0
98,0.0,0.0059405940594059415,0.03395332316729158,1.0,-0.0,0,0
99,0.0,0.0059405940594059415,0.03395332316729158,1.0,-0.0,0,0
100,0.0,0.0059405940594059415,0.03395332316729158,1.0,-0.0,0,0
101,0.0,0.0059405940594059415,0.03395332316729158,1.0,-0.0,0,0
102,0.0,0.0,0.0,1.0,-0.0,0,0
103,0.0,0.0,0.0,1.0,-0.0,0,0
104,0.0,0.0,0.0,1.0,-0.0,0,0
105,0.0,0.017821782178217824,0.05698017651460657,1.0,-0.0,0,0
106,0.0,0.06336633663366337,0.10874875419996817,1.0,-0.0,0,0
107,0.0,0.06336633663366337,0.10874875419996817,1.0,-0.0,0,0
108,0.0,0.06336633663366337,0.10874875419996817,1.0,-0.0,0,0
109,0.2,0.5039603960396041,0.2876744557497803,1.0,-0.0,0,0
110,0.2,0.48514851485148525,0.28472190309450157,1.0,-0.0,0,0
111,0.2,0.43960396039603966,0.2670258666302982,1.0,-0.0,0,0
112,0.2,0.4910891089108912,0.28496969090215424,1.0,-0.0,0,0
113,0.2,0.4910891089108912,0.28496969090215424,1.0,-0.0,0,0
114,0.0,0.09504950495049502,0.11805036483793173,1.0,-0.0,0,0
115,0.0,0.09504950495049502,0.11805036483793173,1.0,-0.0,0,0
116,0.0,0.09504950495049502,0.11805036483793173,1.0,-0.0,0,0
117,0.0,0.04356435643564357,0.08721867542790195,1.0,-0.0,0,0
118,0.0,0.04356435643564357,0.08721867542790195,1.0,-0.0,0,0
119,0.0,0.0,0.0,1.0,-0.0,0,0
120,0.0,0.0,0.0,1.0,-0.0,0,0
121,0.6,0.302970297029703,0.2495363802300731,0.11695909424425995,0.9319660036406864,0,0
122,0.6,0.302970297029703,0.2495363802300731,0.11695909424425995,0.9319660036406864,0,0
123,0.6,0.35049504950495053,0.2675979555547403,0.17556818816040914,0.7555541727008559,0,0
124,0.6,0.5386138613861386,0.3374248129025449,0.4278206417294674,0.3687382651760455,0,0
125,0.6,0.5821782178217823,0.35275325558741033,0.4798532292678071,0.31889157817922775,0,0
126,0.4,0.5029702970297029,0.2664231152611506,1.0,-0.0,0,0
127,0.4,0.5029702970297029,0.2664231152611506,1.0,-0.0,0,0
128,0.4,0.4574257425742574,0.24909600306560614,1.0,-0.0,0,0
129,0.4,0.2693069306930693,0.19788113956997025,0.25447854241220297,0.5943488314209305,0,0
130,0.4,0.26732673267326734,0.2073447938646879,0.26112925869475834,0.5831444641488228,0,0
