,foreground,bg_means,bg_stdev,pvals,minus_logs,regs,active
2,0.0,0.3683168316831684,0.22112703802207725,1.0,-0.0,0,0
3,0.0,0.3683168316831684,0.22112703802207725,1.0,-0.0,0,0
4,0.0,0.504950495049505,0.2603790981952711,1.0,-0.0,0,0
5,0.0,0.2851485148514852,0.21126030989610492,1.0,-0.0,0,0
6,0.0,0.2851485148514852,0.21126030989610492,1.0,-0.0,0,0
7,0.0,0.13861386138613857,0.15604664003838054,1.0,-0.0,0,0
8,0.0,0.23366336633663368,0.16184409300358454,1.0,-0.0,0,0
9,0.0,0.12079207920792079,0.14094225464771679,1.0,-0.0,0,0
10,0.0,0.12079207920792079,0.14094225464771679,1.0,-0.0,0,0
11,0.2,0.1841584158415841,0.18170407519927861,0.465262855865315,0.3323016178656974,0,0
12,0.2,0.1841584158415841,0.18170407519927861,0.465262855865315,0.3323016178656974,0,0
13,0.2,0.08712871287128712,0.13024224675172555,0.19307354504257346,0.7142772292196833,0,0
14,0.2,0.18811881188118804,0.1820059452368484,0.4739758829612069,0.3242437557169102,0,0
15,0.2,0.18811881188118804,0.1820059452368484,0.4739758829612069,0.3242437557169102,0,0
16,0.0,0.12475247524752475,0.16614793634378636,1.0,-0.0,0,0
17,0.0,0.12475247524752475,0.16614793634378636,1.0,-0.0,0,0
18,0.0,0.12475247524752475,0.16614793634378636,1.0,-0.0,0,0
19,0.0,0.021782178217821784,0.06230547612891991,1.0,-0.0,0,0
20,0.2,0.17821782178217818,0.1513006059001431,0.4427635671556056,0.3538281222879943,0,0
21,0.2,0.17821782178217818,0.1513006059001431,0.4427635671556056,0.3538281222879943,0,0
22,0.2,0.17821782178217818,0.1513006059001431,0.4427635671556056,0.3538281222879943,0,0
23,0.2,0.17821782178217818,0.1513006059001431,0.4427635671556056,0.3538281222879943,0,0
24,0.2,0.1564356435643564,0.14786657190173835,0.38414233129477937,0.4155078322913359,0,0
25,0.0,0.0,0.0,1.0,-0.0,0,0
26,0.0,0.0,0.0,1.0,-0.0,0,0
27,0.0,0.0,0.0,1.0,-0.0,0,0
28,0.0,0.0,0.0,1.0,-0.0,0,0
29,0.0,0.0,0.0,1.0,-0.0,0,0
30,0.0,0.0,0.0,1.0,-0.0,0,0
31,0.0,0.0,0.0,1.0,-0.0,0,0
32,0.0,0.0,0.0,1.0,-0.0,0,0
33,0.0,0.0,0.0,1.0,-0.0,0,0
34,0.0,0.0,0.0,1.0,-0.0,0,0
35,0.0,0.0,0.0,1.0,-0.0,0,0
36,0.0,0.0,0.0,1.0,-0.0,0,0
37,0.0,0.0,0.0,1.0,-0.0,0,0
38,0.0,0.0,0.0,1.0,-0.0,0,0
39,0.0,0.0,0.0,1.0,-0.0,0,0
40,0.0,0.0,0.0,1.0,-0.0,0,0
41,0.0,0.0,0.0,1.0,-0.0,0,0
42,0.2,0.0594059405940594,0.09968089464279778,0.07920469585235763,1.1012490693914339,0,0
43,0.6,0.19801980198019797,0.18346510608951241,0.014224288867487262,1.8469694366127638,0,0
44,0.6,0.19801980198019797,0.18346510608951241,0.014224288867487262,1.8469694366127638,0,0
45,0.8,0.35841584158415846,0.25379001483555713,0.040933130198473694,1.3879250431401045,0,0
46,0.8,0.35841584158415846,0.25379001483555713,0.040933130198473694,1.3879250431401045,0,0
47,0.6,0.4217821782178219,0.24519297730160958,0.23365979154631478,0.6314160150872025,0,0
48,0.2,0.28415841584158413,0.19937162338545533,1.0,-0.0,0,0
49,0.2,0.45148514851485166,0.26648198028954484,1.0,-0.0,0,0
50,0.0,0.2910891089108911,0.22607236636059533,1.0,-0.0,0,0
51,0.0,0.31485148514851485,0.2343671227804117,1.0,-0.0,0,0
52,0.0,0.39207920792079204,0.2547307521724515,1.0,-0.0,0,0
53,0.0,0.39207920792079204,0.2547307521724515,1.0,-0.0,0,0
54,0.0,0.22376237623762377,0.18516704518908453,1.0,-0.0,0,0
55,0.0,0.42970297029702964,0.23611733719036898,1.0,-0.0,0,0
56,0.0,0.40594059405940597,0.2294296769577859,1.0,-0.0,0,0
57,0.2,0.4138613861386139,0.2628969240356105,1.0,-0.0,0,0
58,0.6,0.78019801980198,0.3464158212094211,1.0,-0.0,0,0
59,0.6,0.8554455445544553,0.3756117775451724,1.0,-0.0,0,0
60,0.6,0.7584158415841582,0.3345655751948784,1.0,-0.0,0,0
61,0.6,0.7584158415841582,0.3345655751948784,1.0,-0.0,0,0
62,0.4,0.5504950495049504,0.3036490165026347,1.0,-0.0,0,0
63,0.4,0.7029702970297029,0.32041292836321067,1.0,-0.0,0,0
64,0.4,0.6277227722772278,0.29252022419079216,1.0,-0.0,0,0
65,0.4,0.5188118811881188,0.2657747394619456,1.0,-0.0,0,0
66,0.4,0.5188118811881188,0.2657747394619456,1.0,-0.0,0,0
67,0.4,0.5188118811881188,0.2657747394619456,1.0,-0.0,0,0
68,0.0,0.0,0.0,1.0,-0.0,0,0
69,0.0,0.0,0.0,1.0,-0.0,0,0
70,0.0,0.0,0.0,1.0,-0.0,0,0
71,0.0,0.2079207920792079,0.19278221864351283,1.0,-0.0,0,0
72,0.0,0.2079207920792079,0.19278221864351283,1.0,-0.0,0,0
73,0.0,0.2079207920792079,0.19278221864351283,1.0,-0.0,0,0
74,0.0,0.2079207920792079,0.19278221864351283,1.0,-0.0,0,0
75,0.0,0.2079207920792079,0.19278221864351283,1.0,-0.0,0,0
76,0.0,0.0,0.0,1.0,-0.0,0,0
77,0.0,0.0,0.0,1.0,-0.0,0,0
78,0.0,0.0,0.0,1.0,-0.0,0,0
79,0.0,0.28910891089108914,0.23793708715824124,1.0,-0.0,0,0
80,0.0,0.28910891089108914,0.23793708715824124,1.0,-0.0,0,0
81,0.0,0.28910891089108914,0.23793708715824124,1.0,-0.0,0,0
82,0.0,0.28910891089108914,0.23793708715824124,1.0,-0.0,0,0
83,0.0,0.28910891089108914,0.23793708715824124,1.0,-0.0,0,0
84,0.0,0.0,0.0,1.0,-0.0,0,0
85,0.0,0.0,0.0,1.0,-0.0,0,0
86,0.0,0.0,0.0,1.0,-0.0,0,0
87,0.0,0.0,0.0,1.0,-0.0,0,0
88,0.0,0.14059405940594058,0.13656189821438944,1.0,-0.0,0,0
89,0.2,0.4178217821782179,0.2455126137002593,1.0,-0.0,0,0
90,0.2,0.4178217821782179,0.2455126137002593,1.0,-0.0,0,0
91,0.2,0.5287128712871287,0.26637895795327104,1.0,-0.0,0,0
92,0.2,0.5287128712871287,0.26637895795327104,1.0,-0.0,0,0
93,0.2,0.39009900990099017,0.2585201413127539,1.0,-0.0,0,0
94,0.0,0.11089108910891088,0.13636075485692528,1.0,-0.0,0,0
95,0.0,0.29306930693069305,0.2135310980864724,1.0,-0.0,0,0
96,0.0,0.18217821782178212,0.16909546170462728,1.0,-0.0,0,0
97,0.0,0.18217821782178212,0.16909546170462728,1.0,-0.0,0,0
98,0.0,0.18217821782178212,0.16909546170462728,1.0,-0.0,0,0
99,0.2,0.22772277227722768,0.18674852677785872,1.0,-0.0,0,0
100,0.2,0.04554455445544555,0.08387254884969257,0.03277054107653563,1.4845163878939818,0,0
101,0.2,0.04554455445544555,0.08387254884969257,0.03277054107653563,1.4845163878939818,0,0
102,0.2,0.04554455445544555,0.08387254884969257,0.03277054107653563,1.4845163878939818,0,0
103,0.2,0.04554455445544555,0.08387254884969257,0.03277054107653563,1.4845163878939818,0,0
104,1.6,0.23366336633663365,0.1971465895390676,2.095872143554213e-12,11.678635214552118,0,0
105,2.4,0.3920792079207921,0.2593530291438781,4.9018187510278e-15,14.30964275119976,0,0
106,2.4,0.3920792079207921,0.2593530291438781,4.9018187510278e-15,14.30964275119976,0,0
107,2.4,0.3920792079207921,0.2593530291438781,4.9018187510278e-15,14.30964275119976,0,0
108,2.4,0.3920792079207921,0.2593530291438781,4.9018187510278e-15,14.30964275119976,0,0
109,0.8,0.15841584158415842,0.1672534844655737,6.252752003068475e-05,4.20392879598505,0,0
110,0.0,0.0,0.0,1.0,-0.0,0,0
111,0.0,0.0,0.0,1.0,-0.0,0,0
