,foreground,bg_means,bg_stdev,pvals,minus_logs,regs,active
2,0.0,0.29108910891089107,0.22254113421126812,1.0,-0.0,0,0
3,0.0,0.3623762376237625,0.2528457774180177,1.0,-0.0,0,0
4,0.0,0.13267326732673265,0.1414975848312859,1.0,-0.0,0,0
5,1.2,0.2891089108910891,0.2188633961132372,1.5779416357400846e-05,4.80190906433622,0,0
6,1.2,0.2891089108910891,0.2188633961132372,1.5779416357400846e-05,4.80190906433622,0,0
7,1.2,0.24752475247524752,0.20517756589288902,1.7235966865045296e-06,5.7635643494839846,0,0
8,1.2,0.17821782178217818,0.19067569294591244,4.190130800024672e-08,7.3777724197921035,0,0
9,1.4,0.6514851485148515,0.3761750859958536,0.023306241786386354,1.6325277523491721,0,0
10,0.2,0.47326732673267324,0.3205475170932319,1.0,-0.0,0,0
11,0.2,0.47326732673267324,0.3205475170932319,1.0,-0.0,0,0
12,0.2,0.47326732673267324,0.3205475170932319,1.0,-0.0,0,0
13,0.2,0.47326732673267324,0.3205475170932319,1.0,-0.0,0,0
14,0.0,0.2792079207920792,0.20114367638860148,1.0,-0.0,0,0
15,0.0,0.2792079207920792,0.20114367638860148,1.0,-0.0,0,0
16,0.0,0.2792079207920792,0.20114367638860148,1.0,-0.0,0,0
17,0.0,0.2792079207920792,0.20114367638860148,1.0,-0.0,0,0
18,0.0,0.2792079207920792,0.20114367638860148,1.0,-0.0,0,0
19,0.0,0.0,0.0,1.0,-0.0,0,0
20,0.0,0.194059405940594,0.16520121674941948,1.0,-0.0,0,0
21,0.0,0.5386138613861386,0.2680957037002187,1.0,-0.0,0,0
22,0.0,0.5603960396039602,0.2714388532863786,1.0,-0.0,0,0
23,0.0,0.5603960396039602,0.2714388532863786,1.0,-0.0,0,0
24,0.0,0.5603960396039602,0.2714388532863786,1.0,-0.0,0,0
25,0.0,0.4396039603960396,0.25643373216918297,1.0,-0.0,0,0
26,0.0,0.09504950495049502,0.12771893462651168,1.0,-0.0,0,0
27,0.0,0.07326732673267328,0.11509022642946842,1.0,-0.0,0,0
28,0.0,0.07326732673267328,0.11509022642946842,1.0,-0.0,0,0
29,0.0,0.31485148514851485,0.26898641381048594,1.0,-0.0,0,0
30,0.0,0.24158415841584158,0.22394630134846624,1.0,-0.0,0,0
31,0.0,0.24158415841584158,0.22394630134846624,1.0,-0.0,0,0
32,0.0,0.24158415841584158,0.22394630134846624,1.0,-0.0,0,0
33,0.4,0.7960396039603961,0.3899532320471284,1.0,-0.0,0,0
34,0.4,0.5544554455445545,0.3364122743181797,1.0,-0.0,0,0
35,0.4,0.5544554455445545,0.3364122743181797,1.0,-0.0,0,0
36,1.0,1.099009900990099,0.435661565784693,1.0,-0.0,0,0
37,1.4,1.382178217821782,0.5090071951102966,0.48603475530981605,0.31333267415419674,0,0
38,1.0,0.8277227722772278,0.3593500215615339,0.3158222692787444,0.5005572502495403,0,0
39,1.0,0.8277227722772278,0.3593500215615339,0.3158222692787444,0.5005572502495403,0,0
40,1.0,0.8277227722772278,0.3593500215615339,0.3158222692787444,0.5005572502495403,0,0
41,0.4,0.2831683168316832,0.21848683352073972,0.2964179406881621,0.5280955142349694,0,0
42,0.0,0.019801980198019802,0.0597350618970232,1.0,-0.0,0,0
43,0.0,0.019801980198019802,0.0597350618970232,1.0,-0.0,0,0
44,0.0,0.019801980198019802,0.0597350618970232,1.0,-0.0,0,0
45,0.0,0.019801980198019802,0.0597350618970232,1.0,-0.0,0,0
46,0.0,0.019801980198019802,0.0597350618970232,1.0,-0.0,0,0
47,0.0,0.0,0.0,1.0,-0.0,0,0
48,0.0,0.0,0.0,1.0,-0.0,0,0
49,0.0,0.0,0.0,1.0,-0.0,0,0
50,0.0,0.0,0.0,1.0,-0.0,0,0
51,0.0,0.0,0.0,1.0,-0.0,0,0
52,0.0,0.0,0.0,1.0,-0.0,0,0
53,0.0,0.0,0.0,1.0,-0.0,0,0
54,0.0,0.0,0.0,1.0,-0.0,0,0
55,0.0,0.0,0.0,1.0,-0.0,0,0
56,0.4,0.4554455445544555,0.30457737234974586,1.0,-0.0,0,0
57,0.4,0.4554455445544555,0.30457737234974586,1.0,-0.0,0,0
58,0.4,0.4554455445544555,0.30457737234974586,1.0,-0.0,0,0
59,0.4,0.4554455445544555,0.30457737234974586,1.0,-0.0,0,0
60,0.4,0.4554455445544555,0.30457737234974586,1.0,-0.0,0,0
61,0.0,0.0,0.0,1.0,-0.0,0,0
62,0.0,0.05544554455445545,0.1019369320889802,1.0,-0.0,0,0
63,0.0,0.05544554455445545,0.1019369320889802,1.0,-0.0,0,0
64,0.0,0.13564356435643563,0.16141954340548717,1.0,-0.0,0,0
65,0.0,0.1603960396039604,0.17353585980361697,1.0,-0.0,0,0
66,0.0,0.1603960396039604,0.17353585980361697,1.0,-0.0,0,0
67,0.0,0.10297029702970295,0.13084299831035082,1.0,-0.0,0,0
68,0.2,0.19999999999999996,0.18668552474285427,0.4999999999999999,0.3010299956639813,0,0
69,0.2,0.11881188118811879,0.157148395081398,0.30270602743129305,0.5189789313589571,0,0
70,0.2,0.09504950495049505,0.13957235791450376,0.22604258799392601,0.6458097290460244,0,0
71,0.2,0.09504950495049505,0.13957235791450376,0.22604258799392601,0.6458097290460244,0,0
72,0.2,0.16237623762376235,0.17511042352027043,0.41493926719196533,0.38201546438084427,0,0
73,0.4,0.1584158415841584,0.1696048562801098,0.07716620905699757,1.1125728348034023,0,0
74,0.4,0.1584158415841584,0.1696048562801098,0.07716620905699757,1.1125728348034023,0,0
75,0.4,0.1584158415841584,0.1696048562801098,0.07716620905699757,1.1125728348034023,0,0
76,0.4,0.1584158415841584,0.1696048562801098,0.07716620905699757,1.1125728348034023,0,0
77,0.4,0.09108910891089106,0.11440678673785577,0.003465829295804812,2.460192831615092,0,0
78,0.0,0.0,0.0,1.0,-0.0,0,0
79,0.0,0.0,0.0,1.0,-0.0,0,0
80,0.0,0.0,0.0,1.0,-0.0,0,0
81,0.0,0.0,0.0,1.0,-0.0,0,0
82,0.0,0.0,0.0,1.0,-0.0,0,0
83,0.0,0.0,0.0,1.0,-0.0,0,0
84,0.0,0.0,0.0,1.0,-0.0,0,0
85,0.0,0.0,0.0,1.0,-0.0,0,0
86,0.0,0.07920792079207921,0.11631029826208643,1.0,-0.0,0,0
87,0.0,0.10693069306930691,0.13661931335176508,1.0,-0.0,0,0
88,0.0,0.10693069306930691,0.13661931335176508,1.0,-0.0,0,0
89,0.2,0.12079207920792076,0.149134022841685,0.2976681413832575,0.5262676442308094,0,0
90,0.8,0.19801980198019797,0.1834651060895124,0.0005168871201996013,3.28660428945338,0,0
91,0.8,0.11683168316831682,0.13575553664160483,2.422616863128074e-07,6.61571526410691,0,0
92,0.8,0.0891089108910891,0.13042276277287215,2.5090584334545565e-08,7.600489224284686,0,0
93,0.8,0.0891089108910891,0.13042276277287215,2.5090584334545565e-08,7.600489224284686,0,0
94,0.6,0.07524752475247526,0.12219602867755656,8.760307589782653e-06,5.057480644722322,0,0
95,0.0,0.0,0.0,1.0,-0.0,0,0
96,0.0,0.0,0.0,1.0,-0.0,0,0
97,0.0,0.0,0.0,1.0,-0.0,0,0
98,0.0,0.21386138613861388,0.18723083807640103,1.0,-0.0,0,0
99,0.0,0.21386138613861388,0.18723083807640103,1.0,-0.0,0,0
100,0.0,0.21386138613861388,0.18723083807640103,1.0,-0.0,0,0
101,0.0,0.21386138613861388,0.18723083807640103,1.0,-0.0,0,0
102,1.2,0.5306930693069307,0.3201925702310617,0.018294251951051457,1.7376853440441389,0,0
103,1.2,0.3148514851485148,0.26152111726402144,0.00035638968353216536,3.4480748760434117,0,0
104,1.2,0.3148514851485148,0.26152111726402144,0.00035638968353216536,3.4480748760434117,0,0
105,1.2,0.3148514851485148,0.26152111726402144,0.00035638968353216536,3.4480748760434117,0,0
106,1.2,0.3148514851485148,0.26152111726402144,0.00035638968353216536,3.4480748760434117,0,0
107,0.0,0.0,0.0,1.0,-0.0,0,0
108,0.0,0.0,0.0,1.0,-0.0,0,0
109,0.0,0.04752475247524753,0.08965727859541997,1.0,-0.0,0,0
110,0.0,0.04752475247524753,0.08965727859541997,1.0,-0.0,0,0
111,0.4,0.45544554455445546,0.2844049711743166,1.0,-0.0,0,0
112,0.4,0.45544554455445546,0.2844049711743166,1.0,-0.0,0,0
113,0.4,0.45544554455445546,0.2844049711743166,1.0,-0.0,0,0
114,0.4,0.4079207920792079,0.2827317828841285,1.0,-0.0,0,0
115,0.4,0.4079207920792079,0.2827317828841285,1.0,-0.0,0,0
116,0.0,0.0,0.0,1.0,-0.0,0,0
117,0.0,0.0,0.0,1.0,-0.0,0,0
118,0.0,0.0,0.0,1.0,-0.0,0,0
119,0.0,0.0,0.0,1.0,-0.0,0,0
120,0.0,0.0,0.0,1.0,-0.0,0,0
121,0.0,0.0,0.0,1.0,-0.0,0,0
122,0.0,0.4633663366336635,0.29908201871105977,1.0,-0.0,0,0
123,0.0,0.4633663366336635,0.29908201871105977,1.0,-0.0,0,0
124,0.0,0.4633663366336635,0.29908201871105977,1.0,-0.0,1,0
125,0.0,0.4633663366336635,0.29908201871105977,1.0,-0.0,0,0
126,0.0,0.5544554455445545,0.31701727237675476,1.0,-0.0,0,0
127,0.0,0.0891089108910891,0.11765109526742927,1.0,-0.0,0,0
128,0.0,0.0891089108910891,0.11765109526742927,1.0,-0.0,0,0
129,0.0,0.0891089108910891,0.11765109526742927,1.0,-0.0,0,0
130,0.0,0.0891089108910891,0.11765109526742927,1.0,-0.0,0,0
131,0.0,0.0,0.0,1.0,-0.0,0,0
132,0.0,0.0,0.0,1.0,-0.0,0,0
133,0.0,0.0,0.0,1.0,-0.0,0,0
134,0.0,0.0,0.0,1.0,-0.0,0,0
135,0.0,0.0,0.0,1.0,-0.0,0,0
136,0.0,0.019801980198019802,0.059735061897023205,1.0,-0.0,0,0
137,0.0,0.019801980198019802,0.059735061897023205,1.0,-0.0,0,0
138,0.0,0.019801980198019802,0.059735061897023205,1.0,-0.0,0,0
139,0.0,0.019801980198019802,0.059735061897023205,1.0,-0.0,0,0
140,0.0,0.019801980198019802,0.059735061897023205,1.0,-0.0,0,0
141,0.0,0.0,0.0,1.0,-0.0,0,0
