,foreground,bg_means,bg_stdev,pvals,minus_logs,regs,active
2,0.2,0.02772277227722772,0.06910862719451544,0.0063361735559086295,2.1981729353735644,0,0
3,0.2,0.02772277227722772,0.06910862719451544,0.0063361735559086295,2.1981729353735644,0,0
4,0.2,0.02772277227722772,0.06910862719451544,0.0063361735559086295,2.1981729353735644,0,0
5,0.4,0.03564356435643565,0.07653920035678292,9.660966320372894e-07,6.014979431905753,0,0
6,0.4,0.03564356435643565,0.07653920035678292,9.660966320372894e-07,6.014979431905753,0,0
7,0.4,0.03762376237623763,0.09211646217515253,4.179062966957279e-05,4.37892108518658,0,0
8,0.6,0.05544554455445545,0.10943169805661862,3.242165189195154e-07,6.48916486150222,0,0
9,0.6,0.05544554455445545,0.10943169805661862,3.242165189195154e-07,6.48916486150222,0,0
10,0.4,0.03564356435643564,0.08626938974571076,1.2028311753886926e-05,4.919795324233125,0,0
11,0.4,0.03564356435643564,0.08626938974571076,1.2028311753886926e-05,4.919795324233125,0,0
12,0.2,0.017821782178217824,0.0635517090529949,0.0020744436267099344,2.6830983626867595,0,0
13,0.2,0.015841584158415842,0.05401260078014202,0.00032535620257014524,3.4876409094885674,0,0
14,0.4,0.023762376237623766,0.06471340450838887,3.0515923326657054e-09,8.515473484969863,0,0
15,0.4,0.023762376237623766,0.06471340450838887,3.0515923326657054e-09,8.515473484969863,0,0
16,0.4,0.023762376237623766,0.06471340450838887,3.0515923326657054e-09,8.515473484969863,0,0
17,0.4,0.023762376237623766,0.06471340450838887,3.0515923326657054e-09,8.515473484969863,0,0
18,0.2,0.007920792079207921,0.03900537743285587,4.2303541670263104e-07,6.3736232717865695,0,0
19,0.0,0.0,0.0,1.0,-0.0,0,0
20,0.0,0.0,0.0,1.0,-0.0,0,0
21,0.0,0.0,0.0,1.0,-0.0,0,0
22,0.0,0.0,0.0,1.0,-0.0,0,0
23,0.0,0.0,0.0,1.0,-0.0,0,0
24,0.0,0.025742574257425748,0.06697637435757531,1.0,-0.0,0,0
25,0.0,0.03168316831683169,0.0730260947112308,1.0,-0.0,0,0
26,0.0,0.05346534653465348,0.09704990696905225,1.0,-0.0,0,0
27,0.0,0.07326732673267328,0.12177815335858849,1.0,-0.0,0,0
28,0.0,0.08712871287128712,0.12401163019288061,1.0,-0.0,0,0
29,0.0,0.07722772277227724,0.1193059036149867,1.0,-0.0,0,0
30,0.0,0.07920792079207921,0.11285391563386142,1.0,-0.0,0,0
31,0.0,0.05742574257425744,0.10277971700879983,1.0,-0.0,0,0
32,0.0,0.03762376237623763,0.08307396817189319,1.0,-0.0,0,0
33,0.0,0.023762376237623766,0.06471340450838887,1.0,-0.0,0,0
34,0.0,0.007920792079207921,0.03900537743285587,1.0,-0.0,0,0
35,0.0,0.0059405940594059415,0.03395332316729158,1.0,-0.0,0,0
36,0.0,0.0059405940594059415,0.03395332316729158,1.0,-0.0,0,0
37,0.0,0.0059405940594059415,0.03395332316729158,1.0,-0.0,0,0
38,0.0,0.01386138613861386,0.05079507064705211,1.0,-0.0,0,0
39,0.0,0.05940594059405942,0.10357779667819422,1.0,-0.0,0,0
40,0.0,0.07920792079207921,0.11966689053257921,1.0,-0.0,0,0
41,0.0,0.13564356435643563,0.15388317441966676,1.0,-0.0,0,0
42,0.0,0.14059405940594058,0.15297590428378585,1.0,-0.0,0,0
43,0.0,0.14059405940594058,0.16055486574752068,1.0,-0.0,0,0
44,0.0,0.12277227722772277,0.15148191286261609,1.0,-0.0,0,0
45,0.0,0.11683168316831684,0.1442421691205886,1.0,-0.0,0,0
46,0.0,0.061386138613861385,0.10433219700847123,1.0,-0.0,0,0
47,0.0,0.05742574257425742,0.10277971700879983,1.0,-0.0,0,0
48,0.0,0.08910891089108909,0.12420120222231065,1.0,-0.0,0,0
49,0.0,0.08316831683168316,0.11351216354824961,1.0,-0.0,0,0
50,0.0,0.12079207920792079,0.14372473118118065,1.0,-0.0,0,0
51,0.0,0.12079207920792079,0.14372473118118065,1.0,-0.0,0,0
52,0.0,0.2475247524752475,0.22007832062494734,1.0,-0.0,0,0
53,0.0,0.25346534653465347,0.23528552548362944,1.0,-0.0,0,0
54,0.0,0.2396039603960396,0.23550207916544166,1.0,-0.0,0,0
55,0.0,0.19009900990099013,0.19975477565019392,1.0,-0.0,0,0
56,0.0,0.19009900990099013,0.19975477565019392,1.0,-0.0,0,0
57,0.0,0.09504950495049505,0.15049504950495052,1.0,-0.0,0,0
58,0.0,0.08316831683168316,0.13280619910579974,1.0,-0.0,0,0
59,0.0,0.15643564356435644,0.19213023717381655,1.0,-0.0,0,0
60,0.0,0.1485148514851485,0.19223225504176786,1.0,-0.0,0,0
61,0.0,0.16633663366336635,0.20502461949377873,1.0,-0.0,0,0
62,0.0,0.13465346534653466,0.18478547560060524,1.0,-0.0,0,0
63,0.0,0.10099009900990098,0.1631952299250417,1.0,-0.0,0,0
64,0.0,0.017821782178217824,0.05698017651460656,1.0,-0.0,0,0
65,0.0,0.017821782178217824,0.05698017651460656,1.0,-0.0,0,0
66,0.0,0.0,0.0,1.0,-0.0,0,0
67,0.0,0.0,0.0,1.0,-0.0,0,0
68,0.0,0.0,0.0,1.0,-0.0,0,0
69,0.0,0.0,0.0,1.0,-0.0,0,0
70,0.0,0.0,0.0,1.0,-0.0,0,0
71,0.0,0.0,0.0,1.0,-0.0,0,0
72,0.0,0.0,0.0,1.0,-0.0,0,0
73,0.0,0.0,0.0,1.0,-0.0,0,0
74,0.0,0.0,0.0,1.0,-0.0,0,0
75,0.0,0.0,0.0,1.0,-0.0,0,0
76,0.0,0.0,0.0,1.0,-0.0,0,0
77,0.0,0.0,0.0,1.0,-0.0,0,0
78,0.0,0.0,0.0,1.0,-0.0,0,0
79,0.0,0.0,0.0,1.0,-0.0,0,0
80,0.0,0.0,0.0,1.0,-0.0,0,0
81,0.0,0.0,0.0,1.0,-0.0,0,0
82,0.0,0.0,0.0,1.0,-0.0,0,0
83,0.0,0.0,0.0,1.0,-0.0,0,0
84,0.0,0.0,0.0,1.0,-0.0,0,0
85,0.0,0.0,0.0,1.0,-0.0,0,0
86,0.0,0.0,0.0,1.0,-0.0,0,0
87,0.0,0.0,0.0,1.0,-0.0,0,0
88,0.0,0.0,0.0,1.0,-0.0,0,0
89,0.0,0.0,0.0,1.0,-0.0,0,0
90,0.0,0.0,0.0,1.0,-0.0,0,0
91,0.0,0.0,0.0,1.0,-0.0,0,0
92,0.0,0.0,0.0,1.0,-0.0,0,0
93,0.0,0.0,0.0,1.0,-0.0,0,0
94,0.0,0.0,0.0,1.0,-0.0,0,0
95,0.0,0.0,0.0,1.0,-0.0,0,0
96,0.0,0.007920792079207921,0.03900537743285587,1.0,-0.0,0,0
97,0.0,0.007920792079207921,0.03900537743285587,1.0,-0.0,0,0
98,0.0,0.03762376237623763,0.07816140339006158,1.0,-0.0,0,0
99,0.0,0.03762376237623763,0.07816140339006158,1.0,-0.0,0,0
100,0.0,0.03762376237623763,0.07816140339006158,1.0,-0.0,0,0
101,0.0,0.0297029702970297,0.07112192077650681,1.0,-0.0,0,0
102,0.0,0.049504950495049514,0.09078727434730813,1.0,-0.0,0,0
103,0.0,0.04752475247524753,0.09397077637785879,1.0,-0.0,0,0
104,0.0,0.04752475247524753,0.09397077637785879,1.0,-0.0,0,0
105,0.0,0.04752475247524753,0.09397077637785879,1.0,-0.0,0,0
106,0.0,0.04752475247524753,0.09397077637785879,1.0,-0.0,0,0
107,0.0,0.027722772277227727,0.06910862719451544,1.0,-0.0,0,0
108,0.0,0.0059405940594059415,0.033953323167291584,1.0,-0.0,0,0
109,0.0,0.021782178217821784,0.06230547612891991,1.0,-0.0,0,0
110,0.0,0.021782178217821784,0.06230547612891991,1.0,-0.0,0,0
111,0.0,0.033663366336633666,0.07994704648786674,1.0,-0.0,0,0
112,0.0,0.05346534653465348,0.10489443673781407,1.0,-0.0,0,0
113,0.0,0.04752475247524753,0.10205226714237724,1.0,-0.0,0,0
114,0.0,0.031683168316831684,0.07826167463512675,1.0,-0.0,0,0
115,0.0,0.031683168316831684,0.07826167463512675,1.0,-0.0,0,0
116,0.0,0.019801980198019802,0.0597350618970232,1.0,-0.0,0,0
117,0.0,0.0,0.0,1.0,-0.0,0,0
118,0.0,0.03960396039603961,0.08908690597387718,1.0,-0.0,0,0
119,0.0,0.03960396039603961,0.08908690597387718,1.0,-0.0,0,0
120,0.0,0.05544554455445545,0.10575073206193021,1.0,-0.0,0,0
121,0.0,0.10693069306930694,0.15041686348382532,1.0,-0.0,0,0
122,0.0,0.1861386138613861,0.1914145896807061,1.0,-0.0,0,0
123,0.0,0.20396039603960398,0.21244488724065505,1.0,-0.0,0,0
124,0.0,0.20396039603960398,0.21244488724065505,1.0,-0.0,0,0
125,0.0,0.3247524752475249,0.2514929444492122,1.0,-0.0,0,0
126,0.0,0.29108910891089107,0.22607236636059533,1.0,-0.0,0,0
127,0.0,0.22376237623762374,0.2274039955636529,1.0,-0.0,0,0
128,0.0,0.16633663366336632,0.21993573666399713,1.0,-0.0,0,0
129,0.0,0.17425742574257425,0.22100287411174188,1.0,-0.0,0,0
130,0.0,0.04356435643564357,0.09991664009142863,1.0,-0.0,0,0
131,0.0,0.025742574257425745,0.0669763743575753,1.0,-0.0,0,0
132,0.0,0.015841584158415842,0.05401260078014202,1.0,-0.0,0,0
133,0.0,0.015841584158415842,0.05401260078014202,1.0,-0.0,0,0
134,0.0,0.007920792079207921,0.03900537743285587,1.0,-0.0,0,0
135,0.0,0.0,0.0,1.0,-0.0,0,0
136,0.0,0.0059405940594059415,0.03395332316729158,1.0,-0.0,0,0
137,0.0,0.0059405940594059415,0.03395332316729158,1.0,-0.0,0,0
138,0.0,0.0059405940594059415,0.03395332316729158,1.0,-0.0,0,0
139,0.0,0.0059405940594059415,0.03395332316729158,1.0,-0.0,0,0
140,0.0,0.0059405940594059415,0.03395332316729158,1.0,-0.0,0,0
141,0.0,0.0,0.0,1.0,-0.0,0,0
142,0.0,0.0,0.0,1.0,-0.0,0,0
143,0.0,0.0,0.0,1.0,-0.0,0,0
144,0.0,0.0,0.0,1.0,-0.0,0,0
145,0.0,0.0,0.0,1.0,-0.0,0,0
146,0.0,0.007920792079207921,0.03900537743285587,1.0,-0.0,0,0
147,0.0,0.019801980198019802,0.06603299802191315,1.0,-0.0,0,0
148,0.0,0.019801980198019802,0.06603299802191315,1.0,-0.0,0,0
149,0.0,0.027722772277227727,0.07975061610139514,1.0,-0.0,0,0
150,0.0,0.027722772277227727,0.07975061610139514,1.0,-0.0,0,0
151,0.0,0.019801980198019802,0.0597350618970232,1.0,-0.0,0,0
152,0.0,0.007920792079207921,0.03900537743285587,1.0,-0.0,0,0
153,0.0,0.007920792079207921,0.03900537743285587,1.0,-0.0,0,0
154,0.0,0.0,0.0,1.0,-0.0,0,0
155,0.0,0.0,0.0,1.0,-0.0,0,0
156,0.0,0.0,0.0,1.0,-0.0,0,0
157,0.0,0.007920792079207921,0.03900537743285587,1.0,-0.0,0,0
158,0.0,0.007920792079207921,0.03900537743285587,1.0,-0.0,0,0
159,0.0,0.09108910891089109,0.12750384183766536,1.0,-0.0,0,0
160,0.0,0.09108910891089109,0.12750384183766536,1.0,-0.0,0,0
161,0.0,0.16435643564356434,0.1743923869806257,1.0,-0.0,0,0
162,0.0,0.15643564356435644,0.16555687101844338,1.0,-0.0,0,0
163,0.0,0.15643564356435644,0.16555687101844338,1.0,-0.0,0,0
164,0.0,0.0712871287128713,0.1307530615383697,1.0,-0.0,0,0
165,0.0,0.0712871287128713,0.1307530615383697,1.0,-0.0,0,0
166,0.0,0.0,0.0,1.0,-0.0,0,0
167,0.0,0.0,0.0,1.0,-0.0,0,0
168,0.0,0.0,0.0,1.0,-0.0,0,0
169,0.0,0.0,0.0,1.0,-0.0,0,0
170,0.0,0.14653465346534655,0.17996939037626555,1.0,-0.0,0,0
171,0.0,0.2455445544554455,0.2231745542804261,1.0,-0.0,0,0
172,0.0,0.35049504950495064,0.2675979555547403,1.0,-0.0,0,0
173,0.0,0.3623762376237625,0.2738979665295324,1.0,-0.0,0,0
174,0.0,0.47920792079207936,0.3147580657223275,1.0,-0.0,0,0
175,0.0,0.3485148514851486,0.26648198028954484,1.0,-0.0,0,0
176,0.0,0.2732673267326733,0.2512901715519256,1.0,-0.0,0,0
177,0.0,0.19603960396039605,0.20485241829915377,1.0,-0.0,0,0
178,0.0,0.3247524752475248,0.263790323497851,1.0,-0.0,0,0
179,0.0,0.35643564356435653,0.29864905116078855,1.0,-0.0,0,0
180,0.0,0.40594059405940586,0.3076006740707114,1.0,-0.0,0,0
181,0.0,0.5188118811881187,0.3198740071542181,1.0,-0.0,0,0
182,0.0,0.49306930693069306,0.31536790576821316,1.0,-0.0,0,0
183,0.0,0.3544554455445545,0.25310927960239055,1.0,-0.0,0,0
184,0.0,0.27128712871287125,0.22441855946942083,1.0,-0.0,0,0
185,0.0,0.2099009900990099,0.18535753542711383,1.0,-0.0,0,0
186,0.0,0.06930693069306931,0.11057238501634628,1.0,-0.0,0,0
187,0.0,0.08712871287128712,0.13024224675172555,1.0,-0.0,0,0
188,0.0,0.15247524752475247,0.16203780234042603,1.0,-0.0,0,0
189,0.0,0.08910891089108913,0.12734998170941408,1.0,-0.0,0,0
190,0.0,0.12871287128712874,0.1606525268671035,1.0,-0.0,0,0
191,0.0,0.19207920792079206,0.19071681786668523,1.0,-0.0,0,0
192,0.0,0.18811881188118812,0.19462435446028695,1.0,-0.0,0,0
193,0.0,0.18217821782178217,0.19108654387033375,1.0,-0.0,0,0
194,0.0,0.17425742574257425,0.18382808657861668,1.0,-0.0,0,0
195,0.0,0.1782178217821782,0.17096346688435152,1.0,-0.0,0,0
196,0.0,0.11980198019801978,0.13498793637349912,1.0,-0.0,0,0
197,0.0,0.1089108910891089,0.12750384183766533,1.0,-0.0,0,0
198,0.0,0.06732673267326733,0.11000352009767247,1.0,-0.0,0,0
199,0.0,0.06732673267326733,0.11000352009767247,1.0,-0.0,0,0
200,0.0,0.02772277227722772,0.06910862719451542,1.0,-0.0,0,0
201,0.0,0.023762376237623766,0.06471340450838887,1.0,-0.0,0,0
202,0.0,0.019801980198019802,0.059735061897023205,1.0,-0.0,0,0
203,0.0,0.0039603960396039604,0.027863855998951064,1.0,-0.0,0,0
204,0.2,0.017821782178217824,0.056980176514606566,0.0006937928196726553,3.15877019915046,0,0
205,0.2,0.033663366336633666,0.07994704648786674,0.018735949469970602,1.7273242935431963,0,0
206,0.2,0.033663366336633666,0.07994704648786674,0.018735949469970602,1.7273242935431963,0,0
207,0.2,0.03762376237623763,0.08307396817189318,0.025315250600093615,1.5966177690988217,0,0
208,0.4,0.09108910891089109,0.1243589581632284,0.006495315309207856,2.187399761646339,0,0
209,0.2,0.08712871287128712,0.13024224675172555,0.19307354504257346,0.7142772292196833,0,0
210,0.2,0.06732673267326732,0.12032045569079852,0.13508613344131226,0.8693892289128149,0,0
211,0.2,0.07524752475247524,0.1253951698929708,0.15989861775260444,0.796155290506493,0,0
212,0.2,0.0712871287128713,0.1213265242141813,0.1443722417000341,0.8405163000860171,0,0
213,0.0,0.017821782178217824,0.05698017651460656,1.0,-0.0,0,0
214,0.0,0.02772277227722772,0.06910862719451544,1.0,-0.0,0,0
215,0.0,0.033663366336633666,0.07482947971362847,1.0,-0.0,0,0
216,0.2,0.16831683168316833,0.16586448785245092,0.42425559055206086,0.37237242613482674,0,0
217,0.2,0.16831683168316833,0.16586448785245092,0.42425559055206086,0.37237242613482674,0,0
218,0.2,0.16831683168316833,0.16586448785245092,0.42425559055206086,0.37237242613482674,0,0
219,0.2,0.19405940594059404,0.17900814859389344,0.4867630651573329,0.3126823827979977,0,0
220,0.2,0.25742574257425743,0.21679325126203863,1.0,-0.0,0,0
221,0.0,0.18415841584158413,0.1772913210740546,1.0,-0.0,0,0
222,0.0,0.22574257425742575,0.20229057883757837,1.0,-0.0,0,0
223,0.0,0.22574257425742575,0.20229057883757837,1.0,-0.0,0,0
224,0.0,0.1801980198019802,0.1791176404070512,1.0,-0.0,0,0
225,0.0,0.2871287128712871,0.23616715272674177,1.0,-0.0,0,0
226,0.0,0.2198019801980198,0.22071880860344986,1.0,-0.0,0,0
227,0.0,0.17821782178217818,0.19274153441415962,1.0,-0.0,0,0
228,0.0,0.2099009900990099,0.20753382188631922,1.0,-0.0,0,0
229,0.0,0.2673267326732673,0.2409177629260345,1.0,-0.0,0,0
230,0.0,0.09108910891089109,0.1529246303073887,1.0,-0.0,0,0
231,0.0,0.14455445544554454,0.16914183369554553,1.0,-0.0,0,0
232,0.0,0.14455445544554454,0.16914183369554553,1.0,-0.0,0,0
233,0.0,0.11287128712871286,0.1390657415135005,1.0,-0.0,0,0
234,0.0,0.06336633663366337,0.11917436454123627,1.0,-0.0,0,0
235,0.0,0.08514851485148513,0.12379009590564581,1.0,-0.0,0,0
236,0.0,0.033663366336633666,0.07482947971362847,1.0,-0.0,0,0
237,0.0,0.10495049504950495,0.14513649268759363,1.0,-0.0,0,0
238,0.0,0.10297029702970295,0.14243667729389656,1.0,-0.0,0,0
239,0.0,0.09504950495049505,0.1423816080178024,1.0,-0.0,0,0
240,0.0,0.0712871287128713,0.11801714396634724,1.0,-0.0,0,0
241,0.0,0.08514851485148514,0.12054836637801525,1.0,-0.0,0,0
242,0.0,0.01386138613861386,0.05079507064705211,1.0,-0.0,0,0
243,0.0,0.033663366336633666,0.07994704648786674,1.0,-0.0,0,0
244,0.0,0.033663366336633666,0.07994704648786674,1.0,-0.0,0,0
245,0.0,0.033663366336633666,0.07994704648786674,1.0,-0.0,0,0
246,0.0,0.02970297029702971,0.07648795214189293,1.0,-0.0,0,0
247,0.0,0.033663366336633666,0.07994704648786674,1.0,-0.0,0,0
248,0.0,0.039603960396039604,0.07970143286137867,1.0,-0.0,0,0
249,0.0,0.049504950495049514,0.09504950495049505,1.0,-0.0,0,0
250,0.2,0.05940594059405942,0.10733330877518932,0.0951177364230414,1.0217384934469724,0,0
251,0.2,0.11089108910891088,0.14752142995793407,0.2729083748352631,0.563983136778129,0,0
252,0.2,0.1108910891089109,0.1420507440353343,0.26523019637673817,0.5763770331585041,0,0
253,0.2,0.08514851485148513,0.1269490726718781,0.18281079492823915,0.737998162872722,0,0
254,0.2,0.297029702970297,0.22970297029702968,1.0,-0.0,0,0
255,0.0,0.4099009900990099,0.2704982386776901,1.0,-0.0,0,0
256,0.0,0.3841584158415843,0.2589899165693892,1.0,-0.0,0,0
257,0.0,0.39207920792079215,0.2608755889960309,1.0,-0.0,0,0
258,0.0,0.47524752475247534,0.26825654212873035,1.0,-0.0,0,0
259,0.0,0.5168316831683168,0.30735837338398014,1.0,-0.0,0,0
260,0.0,0.394059405940594,0.2735254914824872,1.0,-0.0,0,0
261,0.0,0.36831683168316837,0.2575323465483018,1.0,-0.0,0,0
262,0.0,0.41782178217821786,0.27875111849137063,1.0,-0.0,0,0
263,0.0,0.3663366336633663,0.2534034577908339,1.0,-0.0,0,0
264,0.0,0.1584158415841584,0.16244866773856387,1.0,-0.0,0,0
265,0.0,0.19801980198019797,0.17002049848448067,1.0,-0.0,0,0
266,0.0,0.19207920792079206,0.1639144719728703,1.0,-0.0,0,0
267,0.0,0.13069306930693067,0.13912212332871524,1.0,-0.0,0,0
268,0.0,0.10891089108910891,0.13937555924568534,1.0,-0.0,0,0
269,0.0,0.11683168316831684,0.14696218071508493,1.0,-0.0,0,0
270,0.0,0.07722772277227724,0.1257698574906964,1.0,-0.0,0,0
271,0.0,0.07722772277227724,0.12888031758632065,1.0,-0.0,0,0
272,0.0,0.07920792079207921,0.1292145592164392,1.0,-0.0,0,0
273,0.0,0.18811881188118815,0.21400801720564433,1.0,-0.0,0,0
274,0.0,0.1306930693069307,0.17219754615690822,1.0,-0.0,0,0
275,0.0,0.1306930693069307,0.17219754615690822,1.0,-0.0,0,0
276,0.0,0.13465346534653466,0.18478547560060524,1.0,-0.0,0,0
277,0.0,0.1762376237623762,0.20350810179288586,1.0,-0.0,0,0
278,0.0,0.09108910891089109,0.1335716590419014,1.0,-0.0,0,0
279,0.0,0.08514851485148514,0.13304219431477882,1.0,-0.0,0,0
280,0.0,0.10693069306930691,0.14229896414433016,1.0,-0.0,0,0
281,0.0,0.10297029702970295,0.1367627457412436,1.0,-0.0,0,0
282,0.0,0.061386138613861385,0.10046456153636296,1.0,-0.0,0,0
283,0.0,0.03564356435643565,0.09074407316744236,1.0,-0.0,0,0
284,0.0,0.06534653465346535,0.1262055870822035,1.0,-0.0,0,0
285,0.0,0.13366336633663364,0.1568736817452543,1.0,-0.0,0,0
286,0.0,0.14257425742574256,0.16249693654596944,1.0,-0.0,0,0
287,0.0,0.18811881188118812,0.1884208102236084,1.0,-0.0,0,0
288,0.0,0.2099009900990099,0.21686558801789285,1.0,-0.0,0,0
289,0.0,0.19603960396039605,0.22156991256553446,1.0,-0.0,0,0
290,0.0,0.1306930693069307,0.17219754615690822,1.0,-0.0,0,0
291,0.0,0.12475247524752477,0.16851473513974877,1.0,-0.0,0,0
292,0.0,0.07920792079207921,0.1322440226302099,1.0,-0.0,0,0
293,0.0,0.061386138613861385,0.11166631429601336,1.0,-0.0,0,0
294,0.0,0.12277227722772277,0.15407416763506465,1.0,-0.0,0,0
295,0.0,0.18217821782178217,0.16191676116245252,1.0,-0.0,0,0
296,0.0,0.1762376237623762,0.15488642587743504,1.0,-0.0,0,0
297,0.0,0.19009900990099005,0.1576466474257041,1.0,-0.0,0,0
298,0.0,0.19207920792079203,0.1639144719728703,1.0,-0.0,0,0
299,0.0,0.21386138613861383,0.18077375114498545,1.0,-0.0,0,0
300,0.0,0.13069306930693064,0.13330718954223236,1.0,-0.0,0,0
301,0.0,0.13069306930693064,0.13330718954223236,1.0,-0.0,0,0
302,0.0,0.14059405940594055,0.13363035896081574,1.0,-0.0,0,0
303,0.0,0.1504950495049505,0.14185738367185993,1.0,-0.0,0,0
304,0.0,0.049504950495049514,0.09912864166957489,1.0,-0.0,0,0
305,0.0,0.05544554455445545,0.1019369320889802,1.0,-0.0,0,0
306,0.0,0.13366336633663367,0.1517405470151922,1.0,-0.0,0,0
307,0.0,0.10891089108910891,0.14765427233510695,1.0,-0.0,0,0
308,0.0,0.08316831683168316,0.13575553664160483,1.0,-0.0,0,0
309,0.0,0.08316831683168316,0.13575553664160483,1.0,-0.0,0,0
310,0.0,0.07722772277227724,0.12258049537063101,1.0,-0.0,0,0
311,0.0,0.0,0.0,1.0,-0.0,0,0
312,0.0,0.0,0.0,1.0,-0.0,0,0
313,0.0,0.0297029702970297,0.07112192077650681,1.0,-0.0,0,0
314,0.0,0.0297029702970297,0.07112192077650681,1.0,-0.0,0,0
315,0.0,0.033663366336633666,0.07482947971362848,1.0,-0.0,0,0
316,0.0,0.033663366336633666,0.07482947971362848,1.0,-0.0,0,0
317,0.0,0.04356435643564357,0.09164702150816742,1.0,-0.0,0,0
318,0.0,0.013861386138613863,0.05079507064705211,1.0,-0.0,0,0
319,0.0,0.013861386138613863,0.05079507064705211,1.0,-0.0,0,0
320,0.0,0.017821782178217824,0.0635517090529949,1.0,-0.0,0,0
321,0.0,0.03366336633663367,0.07994704648786674,1.0,-0.0,0,0
322,0.0,0.033663366336633666,0.07482947971362845,1.0,-0.0,0,0
323,0.0,0.033663366336633666,0.07482947971362845,1.0,-0.0,0,0
324,0.0,0.033663366336633666,0.07482947971362845,1.0,-0.0,0,0
325,0.0,0.025742574257425748,0.06697637435757531,1.0,-0.0,0,0
326,0.0,0.033663366336633666,0.07994704648786674,1.0,-0.0,0,0
327,0.0,0.03168316831683169,0.07826167463512676,1.0,-0.0,0,0
328,0.0,0.03168316831683169,0.07826167463512676,1.0,-0.0,0,0
329,0.0,0.03168316831683169,0.07826167463512676,1.0,-0.0,0,0
330,0.0,0.049504950495049514,0.10304643034659552,1.0,-0.0,0,0
331,0.0,0.08514851485148513,0.12379009590564582,1.0,-0.0,0,0
332,0.0,0.07722772277227724,0.1193059036149867,1.0,-0.0,0,0
333,0.0,0.07722772277227724,0.1193059036149867,1.0,-0.0,0,0
334,0.0,0.0891089108910891,0.12734998170941406,1.0,-0.0,0,0
335,0.0,0.07920792079207921,0.1261123431927973,1.0,-0.0,0,0
336,0.0,0.025742574257425748,0.07264925278354116,1.0,-0.0,0,0
337,0.0,0.03564356435643565,0.08154954567118415,1.0,-0.0,0,0
338,0.0,0.03564356435643565,0.08154954567118415,1.0,-0.0,0,0
339,0.0,0.023762376237623766,0.06471340450838889,1.0,-0.0,0,0
340,0.0,0.05346534653465347,0.09704990696905226,1.0,-0.0,0,0
341,0.0,0.06534653465346535,0.10571364605971598,1.0,-0.0,0,0
342,0.0,0.05544554455445545,0.09384550979067553,1.0,-0.0,0,0
343,0.0,0.05544554455445545,0.09384550979067553,1.0,-0.0,0,0
344,0.0,0.05544554455445545,0.09384550979067553,1.0,-0.0,0,0
345,0.0,0.017821782178217824,0.05698017651460656,1.0,-0.0,0,0
346,0.0,0.0,0.0,1.0,-0.0,0,0
347,0.0,0.0,0.0,1.0,-0.0,0,0
348,0.0,0.0,0.0,1.0,-0.0,0,0
349,0.0,0.0,0.0,1.0,-0.0,0,0
350,0.0,0.0,0.0,1.0,-0.0,0,0
351,0.0,0.0,0.0,1.0,-0.0,0,0
352,0.0,0.0,0.0,1.0,-0.0,0,0
353,0.0,0.0,0.0,1.0,-0.0,0,0
354,0.0,0.0,0.0,1.0,-0.0,0,0
355,0.0,0.0,0.0,1.0,-0.0,0,0
356,0.0,0.0,0.0,1.0,-0.0,0,0
357,0.0,0.0,0.0,1.0,-0.0,0,0
358,0.0,0.0,0.0,1.0,-0.0,0,0
359,0.0,0.0,0.0,1.0,-0.0,0,0
360,0.0,0.0,0.0,1.0,-0.0,0,0
361,0.0,0.0,0.0,1.0,-0.0,0,0
362,0.0,0.0,0.0,1.0,-0.0,0,0
363,0.0,0.0,0.0,1.0,-0.0,0,0
364,0.0,0.0,0.0,1.0,-0.0,0,0
365,0.0,0.0,0.0,1.0,-0.0,0,0
366,0.0,0.0,0.0,1.0,-0.0,0,0
367,0.0,0.0,0.0,1.0,-0.0,0,0
368,0.0,0.0,0.0,1.0,-0.0,0,0
369,0.0,0.0,0.0,1.0,-0.0,0,0
370,0.0,0.0,0.0,1.0,-0.0,0,0
371,0.0,0.0297029702970297,0.07648795214189293,1.0,-0.0,0,0
372,0.2,0.08712871287128714,0.11402914890208293,0.16112471949087526,0.7928378257202848,0,0
373,0.2,0.10297029702970298,0.12778032320714203,0.22382227548101347,0.6500966933346084,0,0
374,0.2,0.10891089108910891,0.13650445892763635,0.25229100363107326,0.5980982355824721,0,0
375,0.2,0.10891089108910891,0.13650445892763635,0.25229100363107326,0.5980982355824721,0,0
376,0.2,0.41386138613861384,0.24897003794854194,1.0,-0.0,0,0
377,0.0,0.35643564356435636,0.22795511178072334,1.0,-0.0,0,0
378,0.0,0.3722772277227722,0.24051051803071646,1.0,-0.0,0,0
379,0.2,0.4099009900990099,0.24915896174298346,1.0,-0.0,0,0
380,0.4,0.45742574257425744,0.2599872558390238,1.0,-0.0,0,0
381,0.4,0.12277227722772277,0.15913204437912432,0.04074339142156558,1.3899428237803808,0,0
382,0.4,0.21188118811881188,0.2102742804349828,0.1854910148504038,0.7316771226818093,0,0
383,0.4,0.1801980198019802,0.19801980198019803,0.13349951324274717,0.8745203177928467,0,0
384,0.2,0.13465346534653466,0.16436836411443276,0.34547671951240166,0.46158121291482235,0,0
385,0.0,0.08712871287128714,0.13324834725751067,1.0,-0.0,0,0
386,0.0,0.08712871287128714,0.13324834725751067,1.0,-0.0,0,0
387,0.0,0.0297029702970297,0.07112192077650681,1.0,-0.0,0,0
388,0.0,0.0297029702970297,0.07112192077650681,1.0,-0.0,0,0
389,0.0,0.05148514851485149,0.09186070102766893,1.0,-0.0,0,0
390,0.0,0.05148514851485149,0.09186070102766893,1.0,-0.0,0,0
391,0.0,0.05148514851485149,0.09186070102766893,1.0,-0.0,0,0
392,0.0,0.021782178217821784,0.06230547612891991,1.0,-0.0,0,0
393,0.0,0.04356435643564357,0.09587103712404124,1.0,-0.0,0,0
394,0.0,0.021782178217821784,0.06836703565002801,1.0,-0.0,0,0
395,0.0,0.021782178217821784,0.06836703565002801,1.0,-0.0,0,0
396,0.0,0.021782178217821784,0.06836703565002801,1.0,-0.0,0,0
397,0.0,0.021782178217821784,0.06836703565002801,1.0,-0.0,0,0
398,0.0,0.0,0.0,1.0,-0.0,0,0
399,0.0,0.0,0.0,1.0,-0.0,0,0
400,0.0,0.0,0.0,1.0,-0.0,0,0
401,0.2,0.031683168316831684,0.0730260947112308,0.01058647624307391,1.9752485727397298,0,0
402,0.2,0.04356435643564357,0.09587103712404123,0.05136819286808966,1.2893057124773695,0,0
403,0.4,0.10495049504950495,0.13957235791450373,0.017259610232413968,1.7629690160265539,0,0
404,0.6,0.14554455445544556,0.17549068547409527,0.004803996510377766,2.3183973167404535,0,0
405,0.6,0.14554455445544556,0.17549068547409527,0.004803996510377766,2.3183973167404535,0,0
406,1.0,0.1762376237623762,0.17640441545600075,1.5079216757184143e-06,5.821621215950793,0,0
407,1.2,0.19801980198019797,0.17461709057464242,4.785631877455927e-09,8.320060711434728,0,0
408,1.0,0.15247524752475247,0.15453158823862712,2.0734865048189392e-08,7.683298786874229,0,0
409,1.0,0.2396039603960396,0.1970471160025168,5.6936348780722706e-05,4.24461038677156,0,0
410,1.4,0.2792079207920792,0.22529049747846167,3.264486670560721e-07,6.486185100352134,0,0
411,0.8,0.22178217821782173,0.21415454787478452,0.003466947403653004,2.4600527468860136,0,0
412,1.0,0.21188118811881188,0.19664871867623296,3.065003887880043e-05,4.513568970253632,0,0
413,1.4,0.2059405940594059,0.18764923153239024,9.87629173647035e-11,10.00540608989564,0,0
414,1.2,0.07722772277227723,0.1193059036149867,1.0002460249431278e-17,16.99989316586618,0,0
415,0.8,0.047524752475247525,0.0939707763778588,5.951032927645114e-16,15.225407646734867,0,0
416,0.8,0.04356435643564357,0.0916470215081674,8.672182439148034e-17,16.06187159433407,0,0
417,0.6,0.025742574257425745,0.06697637435757531,1.499628024474401e-17,16.82401645224564,0,0
418,0.8,0.051485148514851496,0.10773441987117183,1.855429287952756e-12,11.731555592345705,0,0
419,1.6,0.13861386138613863,0.17059609935397896,1.5340778248345036e-17,16.81415260776719,0,0
420,1.8,0.15247524752475247,0.1644637607354148,1.0000006381054819e-17,16.9999997228744,0,0
421,1.8,0.15247524752475247,0.1644637607354148,1.0000006381054819e-17,16.9999997228744,0,0
422,1.6,0.14653465346534653,0.1638426898490107,1.0362125246242656e-17,16.98455116273184,0,0
423,1.0,0.10891089108910891,0.13650445892763632,3.3346417578113415e-11,10.476950815709225,0,0
424,0.2,0.02970297029702971,0.07112192077650681,0.008322928729312118,2.079723824290396,0,0
425,0.0,0.007920792079207921,0.03900537743285587,1.0,-0.0,0,0
426,0.0,0.007920792079207921,0.03900537743285587,1.0,-0.0,0,0
427,0.0,0.007920792079207921,0.03900537743285587,1.0,-0.0,0,0
428,0.0,0.01386138613861386,0.05079507064705211,1.0,-0.0,0,0
429,0.0,0.0059405940594059415,0.03395332316729158,1.0,-0.0,0,0
430,0.0,0.0059405940594059415,0.03395332316729158,1.0,-0.0,0,0
431,0.0,0.007920792079207921,0.03900537743285587,1.0,-0.0,0,0
432,0.0,0.019801980198019802,0.059735061897023205,1.0,-0.0,0,0
433,0.0,0.013861386138613863,0.05079507064705211,1.0,-0.0,0,0
434,0.0,0.013861386138613863,0.05079507064705211,1.0,-0.0,0,0
435,0.0,0.023762376237623766,0.06471340450838887,1.0,-0.0,0,0
436,0.0,0.03564356435643565,0.08154954567118415,1.0,-0.0,0,0
437,0.0,0.023762376237623766,0.07056843438101175,1.0,-0.0,0,0
438,0.0,0.023762376237623766,0.07056843438101175,1.0,-0.0,0,0
439,0.0,0.023762376237623766,0.07056843438101175,1.0,-0.0,0,0
440,0.0,0.013861386138613863,0.05079507064705211,1.0,-0.0,0,0
441,0.4,0.0594059405940594,0.10733330877518932,0.0007537462695981591,3.122774824234139,0,0
442,0.8,0.08514851485148514,0.12379009590564582,3.8543643231019704e-09,8.414047237258469,0,0
443,0.8,0.08514851485148514,0.12379009590564582,3.8543643231019704e-09,8.414047237258469,0,0
444,0.8,0.08514851485148514,0.12379009590564582,3.8543643231019704e-09,8.414047237258469,0,0
445,0.8,0.10495049504950493,0.13670539084430264,1.8450435390539217e-07,6.733993380969549,0,0
446,0.4,0.04554455445544555,0.08846854615322249,3.080340316499904e-05,4.51140129992379,0,0
447,0.0,0.03564356435643565,0.08154954567118416,1.0,-0.0,0,0
448,0.0,0.03564356435643565,0.08154954567118416,1.0,-0.0,0,0
449,0.0,0.04158415841584159,0.08590499787518362,1.0,-0.0,0,0
450,0.0,0.021782178217821784,0.06230547612891991,1.0,-0.0,0,0
451,0.0,0.021782178217821784,0.06230547612891991,1.0,-0.0,0,0
452,0.0,0.0059405940594059415,0.03395332316729158,1.0,-0.0,0,0
453,0.0,0.0059405940594059415,0.03395332316729158,1.0,-0.0,0,0
454,0.2,0.05742574257425742,0.09885135821266286,0.07460753442729876,1.127217312004932,0,0
455,0.6,0.08316831683168316,0.12028786177019754,8.670958865054826e-06,5.061932874060558,0,0
456,0.8,0.12277227722772276,0.14615954128511635,1.7978231034825397e-06,5.745253042836871,0,0
457,1.0,0.15247524752475244,0.16921136785416444,2.7403010744070604e-07,6.562201719015232,0,0
458,1.2,0.23762376237623759,0.21747947901304424,4.81908070936578e-06,5.317035800127786,0,0
459,1.2,0.22970297029702966,0.2132002983555607,2.668240223317045e-06,5.573775073194569,0,0
460,1.6,0.3168316831683168,0.2598816588756106,3.9563153873168667e-07,6.402709094852476,0,0
461,2.8,0.3841584158415842,0.2781596782202436,1.1892228435460453e-17,16.924736757110296,0,0
462,2.8,0.4237623762376238,0.2775952302396048,1.5639418209829544e-17,16.80577940683629,0,0
463,3.0,0.3940594059405942,0.2631950608109708,1.0000020570444884e-17,16.999999106637848,0,0
464,3.0,0.36039603960396044,0.23381434960952502,1.000000000000741e-17,16.999999999999677,0,0
465,3.2,0.3465346534653465,0.2531247711885116,1.0000000000008925e-17,16.999999999999613,0,0
466,2.0,0.2554455445544555,0.21455699121713326,2.2295077595289937e-16,15.651791011802931,0,0
467,2.2,0.21386138613861388,0.2034502897273873,1.0000081719713168e-17,16.999996450972453,0,0
468,1.8,0.16435643564356434,0.1766487584013007,1.0010288995443292e-17,16.999553384327417,0,0
469,1.6,0.1603960396039604,0.1617229068443201,1.027506292493244e-17,16.988215509805446,0,0
470,0.8,0.06534653465346535,0.10571364605971598,1.833358005286726e-12,11.736752720777535,0,0
471,0.6,0.061386138613861385,0.10433219700847123,1.2184358755350983e-07,6.914197322149402,0,0
472,0.2,0.03564356435643565,0.08154954567118416,0.021930426384501912,1.6589529244266183,0,0
473,0.2,0.04356435643564357,0.0916470215081674,0.04391693044295191,1.3573680223438196,0,0
474,0.2,0.039603960396039604,0.0890869059738772,0.03589523119581593,1.4449632450960648,0,0
475,0.0,0.033663366336633666,0.07994704648786674,1.0,-0.0,0,0
476,0.0,0.021782178217821784,0.06230547612891991,1.0,-0.0,0,0
477,0.0,0.021782178217821784,0.06230547612891991,1.0,-0.0,0,0
478,0.0,0.007920792079207921,0.03900537743285587,1.0,-0.0,0,0
479,0.0,0.0,0.0,1.0,-0.0,0,0
480,0.0,0.0,0.0,1.0,-0.0,0,0
481,0.0,0.0,0.0,1.0,-0.0,0,0
482,0.0,0.0,0.0,1.0,-0.0,0,0
483,0.0,0.0,0.0,1.0,-0.0,0,0
484,0.0,0.0,0.0,1.0,-0.0,0,0
485,0.0,0.0,0.0,1.0,-0.0,0,0
486,0.2,0.0039603960396039604,0.027863855998951064,9.918686161641043e-13,12.003545851085576,0,0
487,0.2,0.041584158415841586,0.08590499787518362,0.03258561123651815,1.4869741281544258,0,0
488,0.4,0.08118811881188118,0.13549532985786936,0.009312912072170495,2.0309144974156816,0,0
489,0.4,0.08316831683168316,0.13575553664160483,0.00980205428518303,2.0086828966315755,0,0
490,0.6,0.10297029702970295,0.1505471509603819,0.00048086621155248954,3.317975737901944,0,0
491,0.4,0.13564356435643563,0.1614195434054872,0.050742371961044294,1.294629235468335,0,0
492,0.6,0.16237623762376235,0.1584900816139702,0.0028794170976594903,2.5406954208837944,0,0
493,0.4,0.12277227722772276,0.1406358883529878,0.02434795753131606,1.6135374644322202,0,0
494,0.4,0.23366336633663368,0.20885222769798345,0.21289044200289597,0.6718438363474027,0,0
495,0.2,0.21386138613861388,0.20920864708209413,1.0,-0.0,0,0
496,0.2,0.17821782178217818,0.18858722298311487,0.4540236664335856,0.3429215085225719,0,0
497,0.0,0.11287128712871286,0.15521519162190436,1.0,-0.0,0,0
498,0.2,0.12475247524752475,0.16851473513974877,0.3276058520610131,0.48464834899005044,0,0
499,0.2,0.013861386138613863,0.05079507064705211,0.00012391038159364294,3.90689230556944,0,0
500,0.2,0.013861386138613863,0.05079507064705211,0.00012391038159364294,3.90689230556944,0,0
501,0.2,0.013861386138613863,0.05079507064705211,0.00012391038159364294,3.90689230556944,0,0
502,0.2,0.013861386138613863,0.05079507064705211,0.00012391038159364294,3.90689230556944,0,0
503,0.0,0.0,0.0,1.0,-0.0,0,0
504,0.0,0.0,0.0,1.0,-0.0,0,0
505,0.0,0.03762376237623763,0.08307396817189318,1.0,-0.0,0,0
506,0.0,0.08316831683168316,0.12670172889541698,1.0,-0.0,0,0
507,0.0,0.16237623762376235,0.18819175240422528,1.0,-0.0,0,0
508,0.0,0.18217821782178212,0.2031416808432818,1.0,-0.0,0,0
509,0.2,0.2198019801980198,0.21526856446672366,1.0,-0.0,0,0
510,0.2,0.1900990099009901,0.1977622086930122,0.4800352447370417,0.31872687505590086,0,0
511,0.2,0.14455445544554452,0.16196518848854283,0.3660512769211982,0.4364580738293654,0,0
512,0.2,0.06534653465346535,0.1164113937164283,0.12369676173807938,0.9076416696327345,0,0
513,0.4,0.09900990099009901,0.13965661530697393,0.015572488104013002,1.8076419922158047,0,0
514,0.2,0.0613861386138614,0.10433219700847124,0.0919929847161768,1.0362452902111774,0,0
515,0.2,0.07326732673267328,0.11509022642946842,0.13541366575877595,0.8683375050442039,0,0
516,0.2,0.11881188118811878,0.14399729871443837,0.28643935507265994,0.5429673127723917,0,0
517,0.2,0.13069306930693064,0.14741506986482966,0.3191245675477058,0.4960397607087189,0,0
518,0.0,0.07524752475247526,0.12219602867755656,1.0,-0.0,0,0
519,0.0,0.09306930693069305,0.12762679639066946,1.0,-0.0,0,0
520,0.0,0.08514851485148513,0.11025275966000045,1.0,-0.0,0,0
521,0.0,0.039603960396039604,0.08452453849668534,1.0,-0.0,0,0
522,0.0,0.07920792079207921,0.11966689053257921,1.0,-0.0,0,0
523,0.0,0.0891089108910891,0.12420120222231065,1.0,-0.0,0,0
524,0.0,0.0712871287128713,0.11461224656227947,1.0,-0.0,0,0
525,0.0,0.06930693069306931,0.10316052497133553,1.0,-0.0,0,0
526,0.0,0.06930693069306931,0.10316052497133553,1.0,-0.0,0,0
527,0.0,0.1306930693069307,0.1577958163416755,1.0,-0.0,0,0
528,0.0,0.16435643564356434,0.17439238698062573,1.0,-0.0,0,0
529,0.0,0.19603960396039602,0.1845094068165728,1.0,-0.0,0,0
530,0.0,0.3247524752475248,0.23352907703454368,1.0,-0.0,0,0
531,0.0,0.3247524752475248,0.23352907703454368,1.0,-0.0,0,0
532,0.0,0.2237623762376237,0.18939639130642918,1.0,-0.0,0,0
533,0.0,0.1920792079207921,0.18862880323342351,1.0,-0.0,0,0
534,0.0,0.1603960396039604,0.17580322478754876,1.0,-0.0,0,0
535,0.0,0.0198019801980198,0.0597350618970232,1.0,-0.0,0,0
536,0.0,0.0198019801980198,0.0597350618970232,1.0,-0.0,0,0
537,0.0,0.04752475247524753,0.09397077637785879,1.0,-0.0,0,0
538,0.0,0.03762376237623763,0.07816140339006158,1.0,-0.0,0,0
539,0.0,0.10099009900990098,0.14791959918402456,1.0,-0.0,0,0
540,0.0,0.11485148514851483,0.16252106557372825,1.0,-0.0,0,0
541,0.0,0.1762376237623762,0.18083881278147923,1.0,-0.0,0,0
542,0.0,0.14851485148514848,0.16326729671147558,1.0,-0.0,0,0
543,0.0,0.16633663366336632,0.17591471140208167,1.0,-0.0,0,0
544,0.0,0.13861386138613857,0.14279410991936586,1.0,-0.0,0,0
545,0.0,0.13663366336633662,0.1460521894224616,1.0,-0.0,0,0
546,0.0,0.14059405940594058,0.16055486574752068,1.0,-0.0,0,0
547,0.0,0.16831683168316833,0.16345931947317976,1.0,-0.0,0,0
548,0.0,0.32079207920792085,0.21262938131558207,1.0,-0.0,0,0
549,0.0,0.2851485148514851,0.21312671757740526,1.0,-0.0,0,0
550,0.0,0.2732673267326733,0.2081940684087239,1.0,-0.0,0,0
551,0.0,0.34059405940594056,0.24623027852747773,1.0,-0.0,0,0
552,0.0,0.40792079207920795,0.26087558899603097,1.0,-0.0,0,0
553,0.0,0.2356435643564356,0.19780186026407595,1.0,-0.0,0,0
554,0.0,0.2356435643564356,0.19780186026407595,1.0,-0.0,0,0
555,0.0,0.2356435643564356,0.19780186026407595,1.0,-0.0,0,0
556,0.0,0.14059405940594058,0.15297590428378585,1.0,-0.0,0,0
557,0.0,0.07920792079207921,0.11631029826208643,1.0,-0.0,0,0
558,0.0,0.07920792079207921,0.11631029826208643,1.0,-0.0,0,0
559,0.0,0.07920792079207921,0.11631029826208643,1.0,-0.0,0,0
560,0.0,0.07920792079207921,0.11631029826208643,1.0,-0.0,0,0
561,0.0,0.04554455445544555,0.08387254884969256,1.0,-0.0,0,0
562,0.0,0.0,0.0,1.0,-0.0,0,0
563,0.0,0.0,0.0,1.0,-0.0,0,0
564,0.0,0.0712871287128713,0.12768822926854262,1.0,-0.0,0,0
565,0.0,0.12277227722772276,0.15148191286261609,1.0,-0.0,0,0
566,0.0,0.28910891089108914,0.2170463244339765,1.0,-0.0,0,0
567,0.0,0.32079207920792085,0.23221568656267802,1.0,-0.0,0,0
568,0.0,0.3396039603960396,0.24938705371083858,1.0,-0.0,0,0
569,0.0,0.26732673267326734,0.22210019632174183,1.0,-0.0,0,0
570,0.0,0.21584158415841584,0.20036238123787664,1.0,-0.0,0,0
571,0.0,0.049504950495049514,0.09504950495049506,1.0,-0.0,0,0
572,0.0,0.017821782178217824,0.05698017651460656,1.0,-0.0,0,0
573,0.0,0.0,0.0,1.0,-0.0,0,0
574,0.0,0.0,0.0,1.0,-0.0,0,0
575,0.0,0.0,0.0,1.0,-0.0,0,0
576,0.0,0.0,0.0,1.0,-0.0,0,0
577,0.0,0.0,0.0,1.0,-0.0,0,0
578,0.0,0.04554455445544555,0.09283729243351321,1.0,-0.0,0,0
579,0.0,0.0712871287128713,0.12454800153280308,1.0,-0.0,0,0
580,0.0,0.0712871287128713,0.12454800153280308,1.0,-0.0,0,0
581,0.0,0.07722772277227724,0.12576985749069639,1.0,-0.0,0,0
582,0.0,0.1603960396039604,0.17580322478754876,1.0,-0.0,0,0
583,0.0,0.16633663366336632,0.15937826461670404,1.0,-0.0,0,0
584,0.0,0.14059405940594058,0.1450013436754282,1.0,-0.0,0,0
585,0.0,0.1485148514851485,0.14529850556708232,1.0,-0.0,0,0
586,0.0,0.15841584158415842,0.1497637259500122,1.0,-0.0,0,0
587,0.0,0.1069306930693069,0.13368903310588712,1.0,-0.0,0,0
588,0.0,0.06534653465346535,0.1129581045303102,1.0,-0.0,0,0
589,0.0,0.06732673267326733,0.11698261772468856,1.0,-0.0,0,0
590,0.0,0.07722772277227723,0.12576985749069639,1.0,-0.0,0,0
591,0.0,0.09504950495049505,0.14238160801780242,1.0,-0.0,0,0
592,0.0,0.06930693069306931,0.11409790329416186,1.0,-0.0,0,0
593,0.0,0.0891089108910891,0.13923481846532235,1.0,-0.0,0,0
594,0.0,0.1881188118811881,0.19257871154715578,1.0,-0.0,0,0
595,0.0,0.17029702970297025,0.18750290002005254,1.0,-0.0,0,0
596,0.0,0.13465346534653466,0.1737391031211394,1.0,-0.0,0,0
597,0.0,0.16237623762376235,0.18607540532013478,1.0,-0.0,0,0
598,0.0,0.14455445544554454,0.1667839341722421,1.0,-0.0,0,0
599,0.0,0.04356435643564357,0.10380469245212799,1.0,-0.0,0,0
600,0.0,0.04356435643564357,0.10380469245212799,1.0,-0.0,0,0
601,0.0,0.20000000000000004,0.17799766379599394,1.0,-0.0,0,0
602,0.0,0.1762376237623762,0.15488642587743504,1.0,-0.0,0,0
603,0.0,0.16831683168316827,0.14821091010823156,1.0,-0.0,0,0
604,0.0,0.23762376237623759,0.1860754053201348,1.0,-0.0,0,0
605,0.0,0.23762376237623759,0.1860754053201348,1.0,-0.0,0,0
606,0.0,0.08118811881188118,0.1264228887090089,1.0,-0.0,0,0
607,0.0,0.09504950495049505,0.13377699607171914,1.0,-0.0,0,0
608,0.0,0.11287128712871286,0.1390657415135005,1.0,-0.0,0,0
609,0.0,0.04356435643564357,0.08255312311158745,1.0,-0.0,0,0
610,0.0,0.04356435643564357,0.08255312311158745,1.0,-0.0,0,0
611,0.0,0.04356435643564357,0.08255312311158745,1.0,-0.0,0,0
612,0.0,0.05544554455445545,0.10575073206193021,1.0,-0.0,0,0
613,0.0,0.0712871287128713,0.12454800153280307,1.0,-0.0,0,0
614,0.0,0.07722772277227724,0.12576985749069639,1.0,-0.0,0,0
615,0.0,0.10495049504950495,0.14238160801780236,1.0,-0.0,0,0
616,0.0,0.10495049504950495,0.14238160801780236,1.0,-0.0,0,0
617,0.0,0.13267326732673265,0.15739771840980324,1.0,-0.0,0,0
618,0.0,0.10099009900990098,0.1308729634998678,1.0,-0.0,0,0
619,0.0,0.11089108910891088,0.13636075485692528,1.0,-0.0,0,0
620,0.0,0.08316831683168316,0.12353642740976016,1.0,-0.0,0,0
621,0.0,0.12475247524752471,0.1374491377352735,1.0,-0.0,0,0
622,0.0,0.14455445544554454,0.16196518848854283,1.0,-0.0,0,0
623,0.0,0.1386138613861386,0.15856428688449584,1.0,-0.0,0,0
624,0.0,0.20000000000000004,0.1929448697744442,1.0,-0.0,0,0
625,0.0,0.21782178217821785,0.19920437766272148,1.0,-0.0,0,0
626,0.0,0.1782178217821782,0.17096346688435152,1.0,-0.0,0,0
627,0.0,0.10891089108910891,0.14765427233510695,1.0,-0.0,0,0
628,0.0,0.12475247524752475,0.1588360762784592,1.0,-0.0,0,0
629,0.0,0.1287128712871287,0.1307530615383697,1.0,-0.0,0,0
630,0.0,0.1425742574257426,0.15243666735776418,1.0,-0.0,0,0
631,0.0,0.2198019801980198,0.17689276383467162,1.0,-0.0,0,0
632,0.0,0.2059405940594059,0.16758138686444113,1.0,-0.0,0,0
633,0.0,0.19405940594059404,0.1767818940250744,1.0,-0.0,0,0
634,0.0,0.11287128712871287,0.15264231556912292,1.0,-0.0,0,0
635,0.0,0.0811881188118812,0.12642288870900886,1.0,-0.0,0,0
636,0.0,0.0039603960396039604,0.02786385599895107,1.0,-0.0,0,0
637,0.0,0.0039603960396039604,0.02786385599895107,1.0,-0.0,0,0
638,0.2,0.033663366336633666,0.07482947971362847,0.013112090674369026,1.8823280561396656,0,0
639,0.2,0.033663366336633666,0.07482947971362847,0.013112090674369026,1.8823280561396656,0,0
640,0.2,0.13564356435643563,0.15643564356435644,0.34039241104386797,0.4680201309567541,0,0
641,0.2,0.1762376237623762,0.1786353744371313,0.44708812040213564,0.34960686963620075,0,0
642,0.2,0.19207920792079206,0.1948257247722589,0.4837851568750908,0.31534746045973494,0,0
643,0.0,0.1584158415841584,0.18090385101871284,1.0,-0.0,0,0
644,0.0,0.1584158415841584,0.18090385101871284,1.0,-0.0,0,0
645,0.0,0.05544554455445545,0.1019369320889802,1.0,-0.0,0,0
646,0.0,0.015841584158415842,0.05401260078014202,1.0,-0.0,0,0
647,0.0,0.0059405940594059415,0.03395332316729158,1.0,-0.0,0,0
648,0.0,0.0059405940594059415,0.03395332316729158,1.0,-0.0,0,0
649,0.0,0.027722772277227727,0.06910862719451544,1.0,-0.0,0,0
650,0.0,0.027722772277227727,0.06910862719451544,1.0,-0.0,0,0
651,0.0,0.027722772277227727,0.06910862719451544,1.0,-0.0,0,0
652,0.0,0.021782178217821784,0.06230547612891991,1.0,-0.0,0,0
653,0.0,0.021782178217821784,0.06230547612891991,1.0,-0.0,0,0
654,0.0,0.0,0.0,1.0,-0.0,0,0
655,0.0,0.0,0.0,1.0,-0.0,0,0
656,0.0,0.0,0.0,1.0,-0.0,0,0
657,0.0,0.0,0.0,1.0,-0.0,0,0
658,0.0,0.0,0.0,1.0,-0.0,0,0
659,0.0,0.0,0.0,1.0,-0.0,0,0
660,0.0,0.0,0.0,1.0,-0.0,0,0
661,0.0,0.0,0.0,1.0,-0.0,0,0
662,0.0,0.0019801980198019802,0.019801980198019802,1.0,-0.0,0,0
663,0.0,0.0594059405940594,0.10733330877518932,1.0,-0.0,0,0
664,0.0,0.08118811881188118,0.11999411807954947,1.0,-0.0,0,0
665,0.0,0.08910891089108913,0.12734998170941408,1.0,-0.0,0,0
666,0.0,0.12673267326732673,0.15851482056387722,1.0,-0.0,0,0
667,0.0,0.14653465346534653,0.17324186517306459,1.0,-0.0,0,0
668,0.0,0.08712871287128714,0.14188502271424047,1.0,-0.0,0,0
669,0.0,0.07326732673267326,0.12811743461086583,1.0,-0.0,0,0
670,0.0,0.06534653465346535,0.1197651526735639,1.0,-0.0,0,0
671,0.0,0.0594059405940594,0.12119717820276715,1.0,-0.0,0,0
672,0.0,0.039603960396039604,0.09342674148186496,1.0,-0.0,0,0
673,0.0,0.04356435643564357,0.09587103712404123,1.0,-0.0,0,0
674,0.0,0.10297029702970295,0.15054715096038185,1.0,-0.0,0,0
675,0.0,0.12079207920792079,0.15689867556071532,1.0,-0.0,0,0
676,0.0,0.09108910891089109,0.13357165904190144,1.0,-0.0,0,0
677,0.0,0.09108910891089109,0.13357165904190144,1.0,-0.0,0,0
678,0.2,0.11485148514851483,0.1550382505430763,0.2914307658307523,0.535464602445127,0,0
679,0.2,0.04752475247524753,0.09809478080396704,0.06004850186537829,1.2214978232271951,0,0
680,0.2,0.07722772277227724,0.12576985749069639,0.16449106805243702,0.783857679482127,0,0
681,0.2,0.12475247524752475,0.14583724862987696,0.3029379695149365,0.5186462898319876,0,0
682,0.2,0.17425742574257425,0.17946756531282693,0.4429719044017671,0.3536238181340862,0,0
683,0.0,0.2138613861386138,0.1955088324308512,1.0,-0.0,0,0
684,0.0,0.2138613861386138,0.1955088324308512,1.0,-0.0,0,0
685,0.0,0.24158415841584158,0.18945849187904937,1.0,-0.0,0,0
686,0.0,0.19207920792079206,0.1639144719728703,1.0,-0.0,0,0
687,0.0,0.15247524752475244,0.1644637607354148,1.0,-0.0,0,0
688,0.0,0.14455445544554452,0.16439221845954266,1.0,-0.0,0,0
689,0.0,0.22376237623762377,0.19147603570112592,1.0,-0.0,0,0
690,0.0,0.22772277227722773,0.1802741651760957,1.0,-0.0,0,0
691,0.0,0.23168316831683167,0.18397734097959503,1.0,-0.0,0,0
692,0.0,0.23168316831683167,0.18823342001292906,1.0,-0.0,0,0
693,0.0,0.17227722772277226,0.16417740457959706,1.0,-0.0,0,0
694,0.0,0.13366336633663364,0.1517405470151922,1.0,-0.0,0,0
695,0.0,0.14059405940594058,0.17920518569106958,1.0,-0.0,0,0
696,0.0,0.13663366336633662,0.17103226044902323,1.0,-0.0,0,0
697,0.0,0.13267326732673268,0.16715967992400224,1.0,-0.0,0,0
698,0.0,0.1386138613861386,0.17517758855125914,1.0,-0.0,0,0
699,0.0,0.09702970297029702,0.15054715096038185,1.0,-0.0,0,0
700,0.0,0.06336633663366337,0.10120342446875755,1.0,-0.0,0,0
701,0.0,0.10099009900990098,0.14521752172118105,1.0,-0.0,0,0
702,0.0,0.09702970297029702,0.1451905170679078,1.0,-0.0,0,0
703,0.0,0.09504950495049502,0.14513649268759365,1.0,-0.0,0,0
704,0.0,0.27722772277227725,0.24205440355621058,1.0,-0.0,0,0
705,0.0,0.394059405940594,0.26767121186084436,1.0,-0.0,0,0
706,0.0,0.394059405940594,0.2586414553228625,1.0,-0.0,0,0
707,0.0,0.4237623762376238,0.2703677418113619,1.0,-0.0,0,0
708,0.0,0.5485148514851486,0.31922364406157044,1.0,-0.0,0,0
709,0.0,0.40594059405940597,0.2706141830630734,1.0,-0.0,0,0
710,0.0,0.45940594059405937,0.2722034103356766,1.0,-0.0,0,0
711,0.0,0.48514851485148525,0.2902324567195025,1.0,-0.0,0,0
712,0.0,0.4910891089108912,0.29318969964921016,1.0,-0.0,0,0
713,0.0,0.502970297029703,0.3026141697796006,1.0,-0.0,0,0
714,0.0,0.4613861386138614,0.30408775994514486,1.0,-0.0,0,0
715,0.0,0.2376237623762376,0.23329388475284188,1.0,-0.0,0,0
716,0.0,0.17425742574257425,0.19632941873972973,1.0,-0.0,0,0
717,0.0,0.1504950495049505,0.1788985897681621,1.0,-0.0,0,0
718,0.0,0.06336633663366337,0.10504385908811757,1.0,-0.0,0,0
719,0.0,0.06336633663366337,0.10504385908811757,1.0,-0.0,0,0
720,0.0,0.06732673267326733,0.10634234916512914,1.0,-0.0,0,0
721,0.0,0.07326732673267328,0.1115960618107356,1.0,-0.0,0,0
722,0.0,0.14752475247524752,0.17037760009765876,1.0,-0.0,0,0
723,0.0,0.1603960396039604,0.18243632168365972,1.0,-0.0,0,0
724,0.0,0.18217821782178217,0.18900261384538627,1.0,-0.0,0,0
725,0.0,0.1782178217821782,0.18647536422960082,1.0,-0.0,0,0
726,0.0,0.201980198019802,0.19395834911660803,1.0,-0.0,0,0
727,0.0,0.1782178217821782,0.19274153441415962,1.0,-0.0,0,0
728,0.0,0.12079207920792079,0.15435386352400063,1.0,-0.0,0,0
729,0.0,0.15643564356435644,0.18584345673901093,1.0,-0.0,0,0
730,0.0,0.19603960396039602,0.19896802672602726,1.0,-0.0,0,0
731,0.0,0.17623762376237626,0.19758367815075523,1.0,-0.0,0,0
732,0.0,0.14059405940594058,0.1769814096752818,1.0,-0.0,0,0
733,0.0,0.15247524752475247,0.1760929431716096,1.0,-0.0,0,0
734,0.0,0.09504950495049505,0.14238160801780242,1.0,-0.0,0,0
735,0.0,0.05742574257425742,0.11375371577303026,1.0,-0.0,0,0
736,0.0,0.04752475247524753,0.10205226714237721,1.0,-0.0,0,0
737,0.0,0.02970297029702971,0.08150144802873932,1.0,-0.0,0,0
738,0.0,0.013861386138613863,0.05079507064705211,1.0,-0.0,0,0
739,0.0,0.013861386138613863,0.05079507064705211,1.0,-0.0,0,0
740,0.0,0.011881188118811883,0.047276579747775535,1.0,-0.0,0,0
741,0.0,0.011881188118811883,0.047276579747775535,1.0,-0.0,0,0
742,0.0,0.0,0.0,1.0,-0.0,0,0
743,0.0,0.033663366336633666,0.08930671115865095,1.0,-0.0,0,0
744,0.0,0.033663366336633666,0.08930671115865095,1.0,-0.0,0,0
745,0.0,0.033663366336633666,0.08930671115865095,1.0,-0.0,0,0
746,0.0,0.033663366336633666,0.08930671115865095,1.0,-0.0,0,0
747,0.0,0.03762376237623763,0.09211646217515253,1.0,-0.0,0,0
748,0.0,0.027722772277227727,0.07461957893630405,1.0,-0.0,0,0
749,0.0,0.027722772277227727,0.07461957893630405,1.0,-0.0,0,0
750,0.0,0.0910891089108911,0.1335716590419014,1.0,-0.0,0,0
751,0.0,0.0910891089108911,0.1335716590419014,1.0,-0.0,0,0
752,0.0,0.08712871287128714,0.127165103825761,1.0,-0.0,0,0
753,0.0,0.0712871287128713,0.11110305060677653,1.0,-0.0,0,0
754,0.0,0.0712871287128713,0.11110305060677653,1.0,-0.0,0,0
755,0.0,0.013861386138613863,0.05079507064705211,1.0,-0.0,0,0
756,0.0,0.033663366336633666,0.08475617647141663,1.0,-0.0,0,0
757,0.0,0.04356435643564357,0.09164702150816742,1.0,-0.0,0,0
758,0.0,0.06930693069306931,0.11057238501634628,1.0,-0.0,0,0
759,0.0,0.06930693069306931,0.11057238501634628,1.0,-0.0,0,0
760,0.0,0.0712871287128713,0.11110305060677654,1.0,-0.0,0,0
761,0.0,0.09306930693069305,0.13661931335176508,1.0,-0.0,0,0
762,0.0,0.09900990099009901,0.14521752172118105,1.0,-0.0,0,0
763,0.0,0.06732673267326733,0.12032045569079852,1.0,-0.0,0,0
764,0.0,0.12475247524752472,0.1511709677939985,1.0,-0.0,0,0
765,0.0,0.26138613861386134,0.19648913356682646,1.0,-0.0,0,0
766,0.0,0.2594059405940594,0.21534141339079438,1.0,-0.0,0,0
767,0.0,0.2435643564356436,0.21545064059203106,1.0,-0.0,0,0
768,0.0,0.2415841584158416,0.21492219487073477,1.0,-0.0,0,0
769,0.0,0.20792079207920788,0.20666286139643167,1.0,-0.0,0,0
770,0.0,0.06336633663366337,0.11233152161332939,1.0,-0.0,0,0
771,0.0,0.023762376237623766,0.06471340450838887,1.0,-0.0,0,0
772,0.0,0.17425742574257425,0.19225265211912826,1.0,-0.0,0,0
773,0.0,0.19801980198019797,0.21153854037344386,1.0,-0.0,0,0
774,0.0,0.17425742574257425,0.1983363806027551,1.0,-0.0,0,0
775,0.0,0.17425742574257425,0.1983363806027551,1.0,-0.0,0,0
776,0.0,0.312871287128713,0.23448421017018478,1.0,-0.0,0,0
777,0.0,0.16435643564356434,0.1576963860757588,1.0,-0.0,0,0
778,0.0,0.14059405940594058,0.14770737583343774,1.0,-0.0,0,0
779,0.0,0.14257425742574256,0.14714883329235087,1.0,-0.0,0,0
780,0.0,0.14257425742574256,0.14714883329235087,1.0,-0.0,0,0
781,0.2,0.0792079207920792,0.13224402263020987,0.18051532966814882,0.7434859111677886,0,0
782,0.2,0.08316831683168316,0.13280619910579972,0.1895067021318459,0.7223754260789861,0,0
783,0.4,0.11089108910891088,0.15018206119491914,0.0271111626775014,1.566851857056345,0,0
784,0.4,0.10891089108910891,0.15031255219285822,0.026399643789665236,1.578401933025111,0,0
