,foreground,bg_means,bg_stdev,pvals,minus_logs,regs,active
2,0.0,0.5128712871287129,0.27777880164065355,1.0,-0.0,0,0
3,0.0,0.0,0.0,1.0,-0.0,0,0
4,0.0,0.0,0.0,1.0,-0.0,0,0
5,0.0,0.0,0.0,1.0,-0.0,0,0
6,0.0,0.0,0.0,1.0,-0.0,0,0
7,0.0,0.0,0.0,1.0,-0.0,0,0
8,0.0,0.0,0.0,1.0,-0.0,0,0
9,0.0,0.0,0.0,1.0,-0.0,0,0
10,0.0,0.0,0.0,1.0,-0.0,0,0
11,0.0,0.0,0.0,1.0,-0.0,0,0
12,0.0,0.0,0.0,1.0,-0.0,0,0
13,0.0,0.0,0.0,1.0,-0.0,0,0
14,0.0,0.0,0.0,1.0,-0.0,0,0
15,0.0,0.14059405940594055,0.1450013436754282,1.0,-0.0,0,0
16,0.0,0.14059405940594055,0.1450013436754282,1.0,-0.0,0,0
17,0.4,0.29504950495049503,0.17709215457672375,0.2767136966210356,0.5579693438597,0,0
18,0.4,0.29504950495049503,0.17709215457672375,0.2767136966210356,0.5579693438597,0,0
19,2.4,0.9346534653465346,0.3561164687566057,1.9376119648714173e-05,4.712733192397973,0,0
20,2.4,0.794059405940594,0.34977270757734047,2.2015883485391186e-06,5.657263881854174,0,0
21,2.4,0.794059405940594,0.34977270757734047,2.2015883485391186e-06,5.657263881854174,0,0
22,2.0,0.7227722772277227,0.3411921987079579,9.076406659617711e-05,4.042086054207165,0,0
23,2.0,0.7227722772277227,0.3411921987079579,9.076406659617711e-05,4.042086054207165,0,0
24,0.0,0.08316831683168317,0.09857329476953382,1.0,-0.0,0,0
25,0.0,0.08316831683168317,0.09857329476953382,1.0,-0.0,0,0
26,0.2,0.21782178217821782,0.17142156917092394,1.0,-0.0,0,0
27,0.2,0.2059405940594059,0.17900814859389344,1.0,-0.0,0,0
28,0.2,0.2059405940594059,0.17900814859389344,1.0,-0.0,0,0
29,0.2,0.2059405940594059,0.17900814859389344,1.0,-0.0,0,0
30,0.2,0.2059405940594059,0.17900814859389344,1.0,-0.0,0,0
31,0.0,0.0712871287128713,0.10747934055534188,1.0,-0.0,0,0
32,0.0,0.10297029702970295,0.127780323207142,1.0,-0.0,0,0
33,0.0,0.10297029702970295,0.127780323207142,1.0,-0.0,0,0
34,0.0,0.11683168316831682,0.13280619910579972,1.0,-0.0,0,0
35,0.0,0.11683168316831682,0.13280619910579972,1.0,-0.0,0,0
36,0.0,0.11683168316831682,0.13280619910579972,1.0,-0.0,0,0
37,0.0,0.12673267326732673,0.16343532896604632,1.0,-0.0,0,0
38,0.0,0.12673267326732673,0.16343532896604632,1.0,-0.0,0,0
39,0.0,0.11287128712871286,0.15521519162190434,1.0,-0.0,0,0
40,0.0,0.1386138613861386,0.17290201942925204,1.0,-0.0,0,0
41,0.0,0.1386138613861386,0.17290201942925204,1.0,-0.0,0,0
42,0.0,0.025742574257425748,0.06697637435757531,1.0,-0.0,0,0
43,0.0,0.025742574257425748,0.06697637435757531,1.0,-0.0,0,0
44,0.0,0.025742574257425748,0.06697637435757531,1.0,-0.0,0,0
45,0.4,0.06930693069306931,0.11057238501634628,0.001391519337345591,2.856510754084425,0,0
46,0.4,0.09900990099009899,0.14246420394934614,0.01731143063739447,1.7616670400245433,0,0
47,0.4,0.09900990099009899,0.14246420394934614,0.01731143063739447,1.7616670400245433,0,0
48,0.6,0.23366336633663365,0.2069472730105172,0.03834748963307798,1.4162630612896159,0,0
49,0.6,0.2554455445544554,0.21455699121713323,0.05414928184813149,1.2664072988071162,0,0
50,0.2,0.29306930693069305,0.20789250161141531,1.0,-0.0,0,0
51,0.2,0.2633663366336634,0.19686793697642088,1.0,-0.0,0,0
52,0.4,0.3841584158415843,0.23828291416223882,0.4734969446315994,0.3246828190554654,0,0
53,0.2,0.2495049504950495,0.1958094458508156,1.0,-0.0,0,0
54,0.2,0.22772277227722768,0.18461563597317487,1.0,-0.0,0,0
55,0.2,0.12079207920792076,0.13224402263020987,0.2746021974004339,0.5612959918076954,0,0
56,0.2,0.12079207920792076,0.13224402263020987,0.2746021974004339,0.5612959918076954,0,0
57,0.0,0.09702970297029702,0.11471483847889297,1.0,-0.0,0,0
58,0.0,0.09702970297029702,0.11471483847889297,1.0,-0.0,0,0
59,0.2,0.13861386138613857,0.13421594616103402,0.32370312049489314,0.4898531139827196,0,0
60,0.2,0.13861386138613857,0.13421594616103402,0.32370312049489314,0.4898531139827196,0,0
61,0.2,0.13861386138613857,0.13421594616103402,0.32370312049489314,0.4898531139827196,0,0
62,0.2,0.039603960396039604,0.07970143286137865,0.02208567245422131,1.6558893730090944,0,0
63,0.2,0.07722772277227724,0.10889288780093088,0.12977421193735644,0.886811599723601,0,0
64,0.0,0.03762376237623763,0.07816140339006158,1.0,-0.0,0,0
65,0.0,0.03762376237623763,0.07816140339006158,1.0,-0.0,0,0
66,0.0,0.14455445544554454,0.11299281281336322,1.0,-0.0,0,0
67,0.0,0.14455445544554454,0.11299281281336322,1.0,-0.0,0,0
68,0.0,0.1762376237623762,0.15742262902456866,1.0,-0.0,0,0
69,0.0,0.1762376237623762,0.15742262902456866,1.0,-0.0,0,0
70,0.2,0.2693069306930693,0.10693069306930694,1.0,-0.0,0,0
71,0.2,0.16435643564356434,0.13318947897663555,0.39449766282579946,0.4039555653946503,0,0
72,0.2,0.23366336633663365,0.1642729120947021,1.0,-0.0,0,0
73,0.6,0.7108910891089109,0.3486610854323342,1.0,-0.0,0,0
74,0.6,0.8198019801980199,0.36424880028756484,1.0,-0.0,0,0
75,0.4,0.7247524752475246,0.3340142703402099,1.0,-0.0,0,0
76,0.4,0.7247524752475246,0.3340142703402099,1.0,-0.0,0,0
77,0.6,0.7009900990099008,0.35668857912221946,1.0,-0.0,0,0
78,0.2,0.21386138613861383,0.1955088324308512,1.0,-0.0,0,0
79,0.2,0.14257425742574256,0.13595757539621284,0.33637388548804636,0.47317772817933984,0,0
80,0.2,0.2396039603960396,0.1970471160025168,1.0,-0.0,0,0
81,0.2,0.2396039603960396,0.1970471160025168,1.0,-0.0,0,0
82,0.0,0.19405940594059407,0.17900814859389344,1.0,-0.0,0,0
83,0.0,0.13663366336633662,0.15137833547418925,1.0,-0.0,0,0
84,0.0,0.09702970297029702,0.11811677855054843,1.0,-0.0,0,0
85,0.0,0.0,0.0,1.0,-0.0,0,0
86,0.0,0.033663366336633666,0.07482947971362847,1.0,-0.0,0,0
87,0.0,0.033663366336633666,0.07482947971362847,1.0,-0.0,0,0
88,0.0,0.033663366336633666,0.07482947971362847,1.0,-0.0,0,0
89,0.0,0.10495049504950493,0.1423816080178024,1.0,-0.0,0,0
90,0.0,0.23168316831683164,0.2004602096608913,1.0,-0.0,0,0
91,0.0,0.4732673267326733,0.2590504706774342,1.0,-0.0,0,0
92,0.0,0.4732673267326733,0.2590504706774342,1.0,-0.0,0,0
93,0.0,0.4732673267326733,0.2590504706774342,1.0,-0.0,0,0
94,0.0,0.40198019801980206,0.22070104236938048,1.0,-0.0,0,0
95,0.0,0.27524752475247527,0.18637019510261293,1.0,-0.0,0,0
96,0.0,0.0,0.0,1.0,-0.0,0,0
97,0.0,0.0,0.0,1.0,-0.0,0,0
