,foreground,bg_means,bg_stdev,pvals,minus_logs,regs,active
2,0.0,0.0,0.0,1.0,-0.0,0,0
3,0.0,0.0,0.0,1.0,-0.0,0,0
4,2.2,0.596039603960396,0.31838727028113245,2.3549902932165934e-07,6.628010878603518,0,0
5,2.2,0.596039603960396,0.31838727028113245,2.3549902932165934e-07,6.628010878603518,0,0
6,3.0,1.7643564356435646,0.47545375063536516,0.004676528531095176,2.330076411717488,0,0
7,3.0,1.825742574257426,0.4912407942042303,0.008415228966834085,2.074934062970419,0,0
8,3.0,1.9544554455445549,0.5064973395246944,0.019496315264296096,1.7100474610270087,0,0
9,0.8,1.3574257425742573,0.4408242807128854,1.0,-0.0,0,0
10,0.8,1.3574257425742573,0.4408242807128854,1.0,-0.0,0,0
11,0.0,0.19009900990099005,0.17883282225545563,1.0,-0.0,0,0
12,0.0,0.12673267326732673,0.14818445096134422,1.0,-0.0,0,0
13,0.0,0.0,0.0,1.0,-0.0,0,0
14,0.0,0.0,0.0,1.0,-0.0,0,0
15,0.0,0.0,0.0,1.0,-0.0,0,0
16,0.0,0.0,0.0,1.0,-0.0,0,0
17,0.0,0.04554455445544555,0.08387254884969257,1.0,-0.0,0,0
18,0.0,0.04554455445544555,0.08387254884969257,1.0,-0.0,0,0
19,0.0,0.04554455445544555,0.08387254884969257,1.0,-0.0,0,0
20,0.0,0.04554455445544555,0.08387254884969257,1.0,-0.0,0,0
21,0.2,0.15247524752475247,0.1466416521312762,0.37293582788472535,0.4283658920337202,0,0
22,0.2,0.10495049504950493,0.13078304733432372,0.2336827065616655,0.6313734259164431,0,0
23,1.2,1.0396039603960394,0.3691250580753991,0.3319516812800074,0.47892512738223436,0,0
24,1.2,1.0396039603960394,0.3691250580753991,0.3319516812800074,0.47892512738223436,0,0
25,1.6,1.2237623762376237,0.3932974373524659,0.16937862771473272,0.7711413900568348,0,0
26,1.4,1.1188118811881187,0.40801690687333164,0.24536191947245234,0.6101928395156528,0,0
27,1.4,1.1504950495049504,0.414017688046171,0.27337303264442925,0.5632443293854643,0,0
28,0.4,0.2158415841584158,0.16333933170139625,0.12977421193735622,0.8868115997236017,0,0
29,0.6,0.3148514851485148,0.19770271642532572,0.07460753442729876,1.127217312004932,0,0
30,0.4,0.3227722772277228,0.2161229885091842,0.3604215291576788,0.4431892750871992,0,0
31,0.8,1.3960396039603964,0.4387021344693481,1.0,-0.0,0,0
32,0.8,1.3643564356435645,0.4372696923464067,1.0,-0.0,0,0
33,0.8,1.8475247524752478,0.4777409835958361,1.0,-0.0,0,0
34,0.6,1.9267326732673267,0.4872413940350004,1.0,-0.0,0,0
35,0.8,2.269306930693069,0.4636793391514505,1.0,-0.0,0,0
36,0.4,1.2514851485148517,0.40653421942268475,1.0,-0.0,0,0
37,0.4,1.2514851485148517,0.40653421942268475,1.0,-0.0,0,0
38,0.4,0.7683168316831681,0.35121590580292866,1.0,-0.0,0,0
39,0.4,0.592079207920792,0.30691152926439924,1.0,-0.0,0,0
40,0.0,0.05544554455445545,0.08952597667688965,1.0,-0.0,0,0
41,0.0,0.0,0.0,1.0,-0.0,0,0
42,0.0,0.0,0.0,1.0,-0.0,0,0
43,0.0,0.0,0.0,1.0,-0.0,0,0
44,0.0,0.17227722772277226,0.17126137275595765,1.0,-0.0,0,0
45,0.0,0.17227722772277226,0.17126137275595765,1.0,-0.0,0,0
46,0.0,0.17227722772277226,0.17126137275595765,1.0,-0.0,0,0
47,0.4,0.2415841584158416,0.21307151531852703,0.22859353000522442,0.6409360658164736,0,0
48,0.4,0.2415841584158416,0.21307151531852703,0.22859353000522442,0.6409360658164736,0,0
49,0.4,0.23168316831683164,0.17740187251029735,0.17136413157570046,0.7660800755802772,0,0
50,0.4,0.23168316831683164,0.17740187251029735,0.17136413157570046,0.7660800755802772,0,0
51,0.4,0.23168316831683164,0.17740187251029735,0.17136413157570046,0.7660800755802772,0,0
52,0.0,0.16237623762376235,0.13990908303093622,1.0,-0.0,0,0
53,0.0,0.16237623762376235,0.13990908303093622,1.0,-0.0,0,0
54,0.0,0.0,0.0,1.0,-0.0,0,0
55,0.0,0.0,0.0,1.0,-0.0,0,0
56,0.0,0.0,0.0,1.0,-0.0,0,0
57,0.0,0.0,0.0,1.0,-0.0,0,0
58,0.0,0.0,0.0,1.0,-0.0,0,0
59,0.0,0.0,0.0,1.0,-0.0,0,0
60,0.0,0.0,0.0,1.0,-0.0,0,0
61,0.2,0.12376237623762375,0.14291762832290006,0.29686537892557485,0.5274404478007101,0,0
62,0.2,0.12376237623762375,0.14291762832290006,0.29686537892557485,0.5274404478007101,0,0
63,0.2,0.12376237623762375,0.14291762832290006,0.29686537892557485,0.5274404478007101,0,0
