,foreground,bg_means,bg_stdev,pvals,minus_logs,regs,active
2,0.0,0.017821782178217824,0.05698017651460656,1.0,-0.0,0,0
3,0.0,0.017821782178217824,0.05698017651460656,1.0,-0.0,0,0
4,0.0,0.017821782178217824,0.05698017651460656,1.0,-0.0,0,0
5,0.0,0.017821782178217824,0.05698017651460656,1.0,-0.0,0,0
6,0.0,0.0,0.0,1.0,-0.0,0,0
7,0.0,0.0,0.0,1.0,-0.0,0,0
8,0.0,0.0,0.0,1.0,-0.0,0,0
9,0.0,0.0,0.0,1.0,-0.0,0,0
10,0.0,0.0,0.0,1.0,-0.0,0,0
11,0.0,0.0,0.0,1.0,-0.0,0,0
12,0.0,0.0,0.0,1.0,-0.0,0,0
13,0.0,0.0,0.0,1.0,-0.0,0,0
14,0.0,0.0,0.0,1.0,-0.0,0,0
15,0.2,0.07326732673267328,0.11509022642946842,0.13541366575877595,0.8683375050442039,0,0
16,0.2,0.07326732673267328,0.11509022642946842,0.13541366575877595,0.8683375050442039,0,0
17,0.4,0.22970297029702968,0.20563572254648982,0.20379304505153312,0.6908106414644378,0,0
18,0.4,0.3623762376237625,0.23329388475284185,0.43593960286711214,0.36057367577379,0,0
19,0.4,0.3623762376237625,0.23329388475284185,0.43593960286711214,0.36057367577379,0,0
20,0.6,0.3475247524752476,0.23655701148844582,0.1429201508643662,0.8449065340346188,0,0
21,0.6,0.3475247524752476,0.23655701148844582,0.1429201508643662,0.8449065340346188,0,0
22,0.8,0.4415841584158416,0.24098285824279284,0.06846668177203041,1.1645207196427936,0,0
23,0.8,0.3108910891089109,0.22066550561005355,0.013328047171309518,1.8752334788572176,0,0
24,0.8,0.401980198019802,0.2863149958273306,0.08224219103208481,1.0849053280609988,0,0
25,0.4,0.3425742574257426,0.2615061230767394,0.41309283797521057,0.3839523345678554,0,0
26,0.4,0.3425742574257426,0.2615061230767394,0.41309283797521057,0.3839523345678554,0,0
27,0.0,0.09108910891089109,0.16536728392960764,1.0,-0.0,0,0
28,0.0,0.2574257425742574,0.23603428793269446,1.0,-0.0,0,0
29,0.0,0.17821782178217818,0.2046992289576329,1.0,-0.0,0,0
30,0.0,0.2514851485148515,0.23989018171735144,1.0,-0.0,0,0
31,0.8,0.3900990099009902,0.2748554797552615,0.06793707177534115,1.1678931760296851,0,0
32,1.0,0.40990099009900993,0.2719584092019464,0.015010491107534765,1.823605098442723,0,0
33,1.0,0.24356435643564353,0.19005775129824673,3.445321604809117e-05,4.462770232486422,0,0
34,1.0,0.23168316831683164,0.18397734097959503,1.4824267494313193e-05,4.82902675705559,0,0
35,1.0,0.1584158415841584,0.13878348885493255,6.638535836576687e-10,9.17792769596531,0,0
36,0.2,0.019801980198019802,0.059735061897023205,0.001278047474114718,2.8934530136556162,0,0
37,0.0,0.021782178217821784,0.06230547612891991,1.0,-0.0,0,0
38,0.0,0.021782178217821784,0.06230547612891991,1.0,-0.0,0,0
39,0.0,0.13267326732673268,0.17183281702904266,1.0,-0.0,0,0
40,0.0,0.13267326732673268,0.17183281702904266,1.0,-0.0,0,0
41,0.0,0.15247524752475247,0.18700032265866198,1.0,-0.0,0,0
42,0.0,0.13069306930693067,0.16515373831281616,1.0,-0.0,0,0
43,0.0,0.13069306930693067,0.16515373831281616,1.0,-0.0,0,0
44,0.0,0.019801980198019806,0.05973506189702319,1.0,-0.0,0,0
45,0.0,0.019801980198019806,0.05973506189702319,1.0,-0.0,0,0
46,0.0,0.0,0.0,1.0,-0.0,0,0
47,0.0,0.009900990099009901,0.04338396495090424,1.0,-0.0,0,0
48,0.0,0.0594059405940594,0.09968089464279778,1.0,-0.0,0,0
49,0.0,0.0594059405940594,0.09968089464279778,1.0,-0.0,0,0
50,0.0,0.0594059405940594,0.09968089464279778,1.0,-0.0,0,0
51,0.0,0.13663366336633662,0.1565233492702535,1.0,-0.0,0,0
52,0.0,0.1603960396039604,0.16415351901831846,1.0,-0.0,0,0
53,0.0,0.15643564356435644,0.17258422629307663,1.0,-0.0,0,0
54,0.0,0.15643564356435644,0.17258422629307663,1.0,-0.0,0,0
55,0.0,0.15643564356435644,0.17258422629307663,1.0,-0.0,0,0
56,0.0,0.09702970297029703,0.12778032320714203,1.0,-0.0,0,0
57,0.0,0.07722772277227724,0.1124710639300034,1.0,-0.0,0,0
58,0.0,0.03168316831683169,0.0730260947112308,1.0,-0.0,0,0
59,0.0,0.03168316831683169,0.0730260947112308,1.0,-0.0,0,0
60,0.0,0.04554455445544555,0.09283729243351321,1.0,-0.0,0,0
61,0.0,0.05346534653465347,0.10489443673781407,1.0,-0.0,0,0
62,0.0,0.0613861386138614,0.11166631429601336,1.0,-0.0,0,0
63,0.0,0.0613861386138614,0.11166631429601336,1.0,-0.0,0,0
64,0.0,0.14455445544554454,0.1569986110329885,1.0,-0.0,0,0
65,0.0,0.1306930693069307,0.1419402846531281,1.0,-0.0,0,0
66,0.0,0.10297029702970295,0.13383560593042218,1.0,-0.0,0,0
67,0.0,0.08118811881188118,0.1264228887090089,1.0,-0.0,0,0
68,0.0,0.08118811881188118,0.1264228887090089,1.0,-0.0,0,0
69,0.0,0.0,0.0,1.0,-0.0,0,0
70,0.0,0.0,0.0,1.0,-0.0,0,0
71,0.0,0.0,0.0,1.0,-0.0,0,0
72,0.0,0.0,0.0,1.0,-0.0,0,0
73,0.0,0.0,0.0,1.0,-0.0,0,0
74,0.0,0.0,0.0,1.0,-0.0,0,0
75,0.0,0.041584158415841586,0.09039772047931348,1.0,-0.0,0,0
76,0.0,0.041584158415841586,0.09039772047931348,1.0,-0.0,0,0
77,0.0,0.041584158415841586,0.09039772047931348,1.0,-0.0,0,0
78,0.0,0.041584158415841586,0.09039772047931348,1.0,-0.0,0,0
79,0.0,0.041584158415841586,0.09039772047931348,1.0,-0.0,0,0
80,0.0,0.0,0.0,1.0,-0.0,0,0
81,0.0,0.0,0.0,1.0,-0.0,0,0
82,0.0,0.0,0.0,1.0,-0.0,0,0
83,0.0,0.009900990099009901,0.04338396495090424,1.0,-0.0,0,0
84,0.0,0.009900990099009901,0.04338396495090424,1.0,-0.0,0,0
85,0.0,0.009900990099009901,0.04338396495090424,1.0,-0.0,0,0
86,0.0,0.009900990099009901,0.04338396495090424,1.0,-0.0,0,0
87,0.0,0.009900990099009901,0.04338396495090424,1.0,-0.0,0,0
88,0.0,0.0,0.0,1.0,-0.0,0,0
89,0.0,0.0,0.0,1.0,-0.0,0,0
90,0.0,0.0,0.0,1.0,-0.0,0,0
91,0.0,0.0,0.0,1.0,-0.0,0,0
92,0.0,0.0,0.0,1.0,-0.0,0,0
93,0.0,0.08712871287128714,0.127165103825761,1.0,-0.0,0,0
94,0.0,0.21584158415841584,0.1963693596248423,1.0,-0.0,0,0
95,0.0,0.2396039603960396,0.1970471160025168,1.0,-0.0,0,0
96,0.0,0.304950495049505,0.22793790956873936,1.0,-0.0,0,0
97,0.0,0.38613861386138615,0.24737421164741005,1.0,-0.0,0,0
98,0.0,0.3841584158415842,0.23828291416223882,1.0,-0.0,0,0
99,0.0,0.3623762376237625,0.2605597497652424,1.0,-0.0,0,0
100,0.4,0.6633663366336634,0.2990820187110598,1.0,-0.0,0,0
101,0.4,0.8673267326732673,0.3704717118557963,1.0,-0.0,0,0
102,0.8,1.0257425742574258,0.38141307493580634,1.0,-0.0,0,0
103,0.8,1.0198019801980198,0.38124854863679547,1.0,-0.0,0,0
104,2.0,1.3722772277227726,0.45731000207329253,0.08493188295604344,1.0709292474170085,0,0
105,2.2,1.4000000000000001,0.44588325959618486,0.03639129602529756,1.4390024773455496,0,0
106,3.2,1.479207920792079,0.47768352580798745,0.00015766547207341736,3.8022634045139125,0,0
107,3.6,1.4237623762376237,0.42242780503376043,1.2904130845041237e-07,6.88927124194649,0,0
108,3.6,1.3445544554455446,0.41374293629213077,2.4998519291498845e-08,7.602085714630999,0,0
109,2.4,0.8851485148514854,0.36407651752977177,1.5856371769265433e-05,4.799796180249836,0,0
110,1.8,0.5326732673267326,0.31248252573435936,2.4995149819755123e-05,4.602144255762844,0,0
111,0.8,0.18217821782178212,0.1951876678075502,0.0007746939727047672,3.110869822929937,0,0
112,0.0,0.0,0.0,1.0,-0.0,0,0
113,0.0,0.0,0.0,1.0,-0.0,0,0
114,0.0,0.0,0.0,1.0,-0.0,0,0
115,0.0,0.04752475247524753,0.09809478080396702,1.0,-0.0,0,0
116,0.0,0.09900990099009901,0.1308729634998678,1.0,-0.0,0,0
117,0.0,0.13267326732673265,0.15228224894835946,1.0,-0.0,0,0
118,0.0,0.1920792079207921,0.1886288032334235,1.0,-0.0,0,0
119,0.0,0.21386138613861383,0.19752413211148517,1.0,-0.0,0,0
120,0.0,0.21584158415841584,0.21001304686832248,1.0,-0.0,0,0
121,0.0,0.16435643564356434,0.17210643633774864,1.0,-0.0,0,0
122,0.0,0.1861386138613861,0.17178717143997088,1.0,-0.0,0,0
123,0.0,0.19999999999999998,0.18020889968243098,1.0,-0.0,0,0
124,0.0,0.20792079207920788,0.19071681786668523,1.0,-0.0,0,0
125,0.2,0.3247524752475248,0.21954315329164675,1.0,-0.0,0,0
126,0.2,0.39603960396039606,0.26247896363769496,1.0,-0.0,0,0
127,2.0,0.8217821782178217,0.41639755384812344,0.0023306736329829114,2.6325185369976998,0,0
128,2.4,1.0059405940594057,0.38015676343814525,0.00012267541831374883,3.911242452433714,0,0
129,2.6,1.0792079207920793,0.38801776821701417,4.438710131535781e-05,4.352743215502893,0,0
130,4.2,1.3940594059405942,0.4300176791618297,3.396110994066684e-11,10.46901812428116,0,0
131,4.2,1.3227722772277226,0.433242709312046,1.556277518057397e-11,10.807912956308897,0,0
132,2.4,0.8435643564356436,0.3632678529500815,9.15588348707647e-06,5.0382997425638685,0,0
133,3.0,0.9782178217821781,0.3689975610738148,2.1372234545772226e-08,7.670150068375726,0,0
134,2.8,1.0594059405940595,0.363203082003155,8.242202776920863e-07,6.083956705048693,0,0
135,1.0,0.5900990099009901,0.2847632160356047,0.07501223990310363,1.1248678660927718,0,0
136,1.0,0.5900990099009901,0.2847632160356047,0.07501223990310363,1.1248678660927718,0,0
137,1.0,0.6099009900990099,0.29163416337347114,0.09050831410582318,1.043311524613217,0,0
138,0.0,0.21782178217821782,0.2270761374491033,1.0,-0.0,0,0
139,0.0,0.031683168316831684,0.07826167463512675,1.0,-0.0,0,0
140,0.0,0.019801980198019802,0.06603299802191316,1.0,-0.0,0,0
141,0.0,0.16435643564356434,0.18962399397820376,1.0,-0.0,0,0
142,0.0,0.2594059405940594,0.23130204753186284,1.0,-0.0,0,0
143,0.0,0.5821782178217821,0.34365422398706313,1.0,-0.0,0,0
144,0.0,0.9722772277227721,0.4136576314007477,1.0,-0.0,0,0
145,0.0,1.1485148514851486,0.44200574822348376,1.0,-0.0,0,0
146,0.0,1.1227722772277227,0.44674425938209195,1.0,-0.0,0,0
147,0.0,1.0257425742574258,0.41426386228269196,1.0,-0.0,0,0
148,0.0,0.7346534653465345,0.3649048821035981,1.0,-0.0,0,0
149,0.0,0.3445544554455447,0.24229727569017703,1.0,-0.0,0,0
150,0.0,0.2079207920792079,0.19884974591102086,1.0,-0.0,0,0
151,0.0,0.0891089108910891,0.13636075485692528,1.0,-0.0,0,0
152,0.0,0.06930693069306931,0.11751770396006173,1.0,-0.0,0,0
153,0.0,0.31683168316831684,0.23253629842518303,1.0,-0.0,0,0
154,0.0,0.42574257425742573,0.26200047817450683,1.0,-0.0,0,0
155,0.0,0.5544554455445545,0.2840738826206622,1.0,-0.0,0,0
156,0.0,0.5980198019801981,0.29982839911324655,1.0,-0.0,0,0
157,0.0,0.7148514851485147,0.32377297345420675,1.0,-0.0,0,0
158,0.0,0.4376237623762377,0.25595926545832126,1.0,-0.0,0,0
159,0.0,0.33069306930693065,0.23787115834368716,1.0,-0.0,0,0
160,0.0,0.16237623762376235,0.1584900816139702,1.0,-0.0,0,0
161,0.0,0.11683168316831684,0.1442421691205886,1.0,-0.0,0,0
162,0.0,0.0,0.0,1.0,-0.0,0,0
163,0.0,0.0,0.0,1.0,-0.0,0,0
164,0.0,0.0,0.0,1.0,-0.0,0,0
165,0.0,0.021782178217821784,0.06230547612891991,1.0,-0.0,0,0
166,0.0,0.021782178217821784,0.06230547612891991,1.0,-0.0,0,0
167,0.0,0.021782178217821784,0.06230547612891991,1.0,-0.0,0,0
168,0.0,0.5128712871287129,0.3370411046226765,1.0,-0.0,0,0
169,0.0,0.5366336633663366,0.3503104061385502,1.0,-0.0,0,0
170,0.0,0.514851485148515,0.34737662917616424,1.0,-0.0,0,0
171,0.0,0.514851485148515,0.34737662917616424,1.0,-0.0,0,0
172,0.0,0.514851485148515,0.34737662917616424,1.0,-0.0,0,0
173,0.0,0.023762376237623766,0.0759735686861421,1.0,-0.0,0,0
174,0.0,0.0,0.0,1.0,-0.0,0,0
175,0.0,0.3316831683168317,0.253658651535627,1.0,-0.0,0,0
176,0.0,0.3316831683168317,0.253658651535627,1.0,-0.0,0,0
177,0.0,0.35445544554455444,0.2668202021814095,1.0,-0.0,0,0
178,0.0,0.4831683168316832,0.30216030986475206,1.0,-0.0,0,0
179,0.0,1.0514851485148515,0.43659661727397403,1.0,-0.0,0,0
180,0.0,0.7198019801980197,0.351522798150904,1.0,-0.0,0,0
181,0.0,0.7198019801980197,0.351522798150904,1.0,-0.0,0,0
182,0.0,0.697029702970297,0.3476812713455619,1.0,-0.0,0,0
183,0.0,0.5683168316831683,0.3230212245331143,1.0,-0.0,0,0
184,0.0,0.0,0.0,1.0,-0.0,0,0
185,0.0,0.0,0.0,1.0,-0.0,0,0
186,0.0,0.0,0.0,1.0,-0.0,0,0
187,0.0,0.0,0.0,1.0,-0.0,0,0
188,0.0,0.0,0.0,1.0,-0.0,0,0
189,0.0,0.0,0.0,1.0,-0.0,0,0
190,0.0,0.0,0.0,1.0,-0.0,0,0
191,0.0,0.0,0.0,1.0,-0.0,0,0
192,0.0,0.019801980198019802,0.0597350618970232,1.0,-0.0,0,0
193,0.0,0.019801980198019802,0.0597350618970232,1.0,-0.0,0,0
194,0.0,0.2871287128712871,0.23108155790390067,1.0,-0.0,0,0
195,0.0,0.2871287128712871,0.23108155790390067,1.0,-0.0,0,0
196,0.0,0.3900990099009901,0.2645769836853717,1.0,-0.0,0,0
197,0.0,0.4217821782178218,0.2638646369127116,1.0,-0.0,0,0
198,0.0,0.4376237623762377,0.27099065971573866,1.0,-0.0,0,0
199,0.0,0.17029702970297025,0.1601636257733956,1.0,-0.0,0,0
200,0.0,0.19999999999999998,0.1823933297373379,1.0,-0.0,0,0
201,0.0,0.09702970297029702,0.13962853515884507,1.0,-0.0,0,0
202,0.0,0.14356435643564355,0.16674866459848456,1.0,-0.0,0,0
203,0.0,0.12673267326732673,0.15599637537608815,1.0,-0.0,0,0
204,0.0,0.12673267326732673,0.15599637537608815,1.0,-0.0,0,0
205,0.0,0.09702970297029702,0.13676274574124359,1.0,-0.0,0,0
206,0.0,0.1277227722772277,0.1476675500000171,1.0,-0.0,0,0
207,0.0,0.11782178217821779,0.12927523757583734,1.0,-0.0,0,0
208,0.0,0.1306930693069307,0.13912212332871524,1.0,-0.0,0,0
209,0.0,0.1306930693069307,0.13912212332871524,1.0,-0.0,0,0
210,0.0,0.1306930693069307,0.13912212332871524,1.0,-0.0,0,0
211,0.0,0.09900990099009899,0.12467387119760154,1.0,-0.0,0,0
212,0.0,0.011881188118811883,0.047276579747775535,1.0,-0.0,0,0
213,0.0,0.0,0.0,1.0,-0.0,0,0
214,0.0,0.007920792079207921,0.03900537743285587,1.0,-0.0,0,0
215,0.0,0.007920792079207921,0.03900537743285587,1.0,-0.0,0,0
216,0.0,0.007920792079207921,0.03900537743285587,1.0,-0.0,0,0
217,0.0,0.007920792079207921,0.03900537743285587,1.0,-0.0,0,0
218,0.0,0.007920792079207921,0.03900537743285587,1.0,-0.0,0,0
219,0.2,0.015841584158415842,0.05401260078014202,0.00032535620257014524,3.4876409094885674,0,0
220,0.2,0.015841584158415842,0.05401260078014202,0.00032535620257014524,3.4876409094885674,0,0
221,0.2,0.019801980198019802,0.059735061897023205,0.001278047474114718,2.8934530136556162,0,0
222,0.2,0.0297029702970297,0.07112192077650681,0.008322928729312118,2.079723824290396,0,0
223,0.2,0.0297029702970297,0.07112192077650681,0.008322928729312118,2.079723824290396,0,0
224,0.0,0.013861386138613863,0.05079507064705211,1.0,-0.0,0,0
225,0.0,0.013861386138613863,0.05079507064705211,1.0,-0.0,0,0
226,0.0,0.009900990099009901,0.04338396495090424,1.0,-0.0,0,0
227,0.0,0.0,0.0,1.0,-0.0,0,0
228,0.0,0.0,0.0,1.0,-0.0,0,0
229,0.0,0.0,0.0,1.0,-0.0,0,0
230,0.0,0.0,0.0,1.0,-0.0,0,0
231,0.0,0.0,0.0,1.0,-0.0,0,0
232,0.0,0.2178217821782178,0.21635872284536922,1.0,-0.0,0,0
233,0.0,0.22970297029702966,0.2187020915370095,1.0,-0.0,0,0
234,0.0,0.22970297029702966,0.2187020915370095,1.0,-0.0,0,0
235,0.0,0.2792079207920792,0.24708872486834163,1.0,-0.0,0,0
236,0.2,0.3861386138613862,0.2688551831359565,1.0,-0.0,0,0
237,0.2,0.16831683168316827,0.16823527435849067,0.42531033805401186,0.37129406072532767,0,0
238,0.2,0.19801980198019797,0.1676749554852796,0.4952887039774808,0.30514157683521054,0,0
239,0.2,0.19801980198019797,0.1676749554852796,0.4952887039774808,0.30514157683521054,0,0
240,0.2,0.1485148514851485,0.14799910448360232,0.36396713194649843,0.43893783354537463,0,0
241,0.0,0.0712871287128713,0.10372911567294095,1.0,-0.0,0,0
242,0.0,0.0712871287128713,0.10372911567294095,1.0,-0.0,0,0
243,0.0,0.0297029702970297,0.07112192077650681,1.0,-0.0,0,0
244,0.0,0.0297029702970297,0.07112192077650681,1.0,-0.0,0,0
245,0.0,0.19603960396039602,0.1515077961456521,1.0,-0.0,0,0
246,0.0,0.16633663366336632,0.14369744599229098,1.0,-0.0,0,0
247,0.0,0.20594059405940596,0.1603349107326508,1.0,-0.0,0,0
248,0.0,0.28118811881188116,0.2032960438449203,1.0,-0.0,0,0
249,0.0,0.30495049504950494,0.2190782841336923,1.0,-0.0,0,0
