,foreground,bg_means,bg_stdev,pvals,minus_logs,regs,active
2,0.0,0.0297029702970297,0.07112192077650681,1.0,-0.0,0,0
3,0.0,0.0297029702970297,0.07112192077650681,1.0,-0.0,0,0
4,0.0,0.015841584158415842,0.054012600780142014,1.0,-0.0,0,0
5,0.0,0.015841584158415842,0.054012600780142014,1.0,-0.0,0,0
6,0.0,0.015841584158415842,0.054012600780142014,1.0,-0.0,0,0
7,0.2,0.021782178217821784,0.06230547612891991,0.002115616449879084,2.6745630648030154,0,0
8,0.2,0.021782178217821784,0.06230547612891991,0.002115616449879084,2.6745630648030154,0,0
9,0.2,0.021782178217821784,0.06230547612891991,0.002115616449879084,2.6745630648030154,0,0
10,0.2,0.16237623762376235,0.1609695163002105,0.4075964363175496,0.38976962175685087,0,0
11,0.2,0.17227722772277226,0.16417740457959706,0.4329539185706869,0.3635583252989849,0,0
12,0.0,0.1861386138613861,0.17178717143997088,1.0,-0.0,0,0
13,0.0,0.20198019801980197,0.17687059543257513,1.0,-0.0,0,0
14,0.0,0.4772277227722773,0.2594286136263338,1.0,-0.0,0,0
15,0.0,0.33861386138613864,0.2433146913274716,1.0,-0.0,0,0
16,0.0,0.3445544554455446,0.24874944550403488,1.0,-0.0,0,0
17,0.0,0.3207920792079208,0.24708872486834166,1.0,-0.0,0,0
18,0.0,0.39801980198019804,0.2863149958273306,1.0,-0.0,0,0
19,0.0,0.21386138613861383,0.1851035048800284,1.0,-0.0,0,0
20,0.0,0.27128712871287125,0.20016658095536244,1.0,-0.0,0,0
21,0.0,0.3742574257425743,0.23658187427809757,1.0,-0.0,0,0
22,0.0,0.36039603960396044,0.23040180482687977,1.0,-0.0,0,0
23,0.0,0.31287128712871287,0.2258814927778091,1.0,-0.0,0,0
24,0.0,0.23168316831683167,0.19239537111273064,1.0,-0.0,0,0
25,0.0,0.17425742574257425,0.17041211860554586,1.0,-0.0,0,0
26,0.0,0.09108910891089109,0.11781762202489916,1.0,-0.0,0,0
27,0.0,0.16633663366336632,0.1517405470151922,1.0,-0.0,0,0
28,0.0,0.19009900990099005,0.16501122103762106,1.0,-0.0,0,0
29,0.0,0.17821782178217818,0.1662658972648185,1.0,-0.0,0,0
30,0.0,0.17821782178217818,0.1662658972648185,1.0,-0.0,0,0
31,0.0,0.16237623762376235,0.16581719933036293,1.0,-0.0,0,0
32,0.0,0.08712871287128712,0.127165103825761,1.0,-0.0,0,0
33,0.0,0.019801980198019802,0.059735061897023205,1.0,-0.0,0,0
34,0.0,0.10495049504950493,0.13078304733432372,1.0,-0.0,0,0
35,0.0,0.11287128712871286,0.1390657415135005,1.0,-0.0,0,0
36,0.0,0.15247524752475244,0.15707352091130253,1.0,-0.0,0,0
37,0.0,0.15247524752475244,0.15707352091130253,1.0,-0.0,0,0
38,0.0,0.17623762376237617,0.1695354835089425,1.0,-0.0,0,0
39,0.0,0.1287128712871287,0.1423540653909816,1.0,-0.0,0,0
40,0.0,0.11980198019801978,0.13789061670141534,1.0,-0.0,0,0
41,0.0,0.0613861386138614,0.10046456153636296,1.0,-0.0,0,0
42,0.0,0.0613861386138614,0.10046456153636296,1.0,-0.0,0,0
43,0.0,0.03762376237623763,0.07816140339006158,1.0,-0.0,0,0
44,0.0,0.0,0.0,1.0,-0.0,0,0
45,0.0,0.07326732673267328,0.12498799079651088,1.0,-0.0,0,0
46,0.0,0.09900990099009897,0.14521752172118102,1.0,-0.0,0,0
47,0.0,0.11881188118811878,0.157148395081398,1.0,-0.0,0,0
48,0.0,0.15445544554455443,0.1613831014717559,1.0,-0.0,0,0
49,0.0,0.15445544554455443,0.1613831014717559,1.0,-0.0,0,0
50,0.0,0.22574257425742567,0.17724708119287327,1.0,-0.0,0,0
51,0.0,0.19999999999999993,0.16886341073527006,1.0,-0.0,0,0
52,0.0,0.18019801980198016,0.1629066439699258,1.0,-0.0,0,0
53,0.0,0.1465346534653465,0.14594475859555073,1.0,-0.0,0,0
54,0.0,0.1465346534653465,0.14594475859555073,1.0,-0.0,0,0
55,0.0,0.011881188118811881,0.047276579747775535,1.0,-0.0,0,0
56,0.0,0.011881188118811881,0.047276579747775535,1.0,-0.0,0,0
57,0.0,0.011881188118811881,0.047276579747775535,1.0,-0.0,0,0
58,0.0,0.011881188118811881,0.047276579747775535,1.0,-0.0,0,0
59,0.0,0.04554455445544555,0.08387254884969257,1.0,-0.0,0,0
60,0.0,0.15445544554455445,0.166218722942046,1.0,-0.0,0,0
61,0.0,0.17425742574257425,0.17272049494935862,1.0,-0.0,0,0
62,0.0,0.19405940594059404,0.17900814859389344,1.0,-0.0,0,0
63,0.0,0.2059405940594059,0.18120705414231045,1.0,-0.0,0,0
64,0.0,0.23366336633663368,0.19512739059128734,1.0,-0.0,0,0
65,0.0,0.11287128712871286,0.13618810981425267,1.0,-0.0,0,0
66,0.0,0.09306930693069305,0.12762679639066946,1.0,-0.0,0,0
67,0.0,0.07326732673267328,0.11848138852793338,1.0,-0.0,0,0
68,0.2,0.13861386138613857,0.1427941099193659,0.3336368653969791,0.4767259677647925,0,0
69,0.2,0.07524752475247524,0.0968881570116837,0.0989439060677433,1.0046109487304606,0,0
70,0.2,0.09306930693069305,0.10365348378853385,0.15112579327161557,0.8206614064780295,0,0
71,0.2,0.09306930693069305,0.10365348378853385,0.15112579327161557,0.8206614064780295,0,0
72,0.2,0.10396039603960394,0.10709558243952444,0.18492207927533116,0.7330112319724056,0,0
73,0.0,0.027722772277227727,0.06910862719451544,1.0,-0.0,0,0
74,0.2,0.041584158415841586,0.08116396646304633,0.025480968483881664,1.5937840693032386,0,0
75,0.2,0.15445544554455443,0.17549068547409524,0.39761436289179947,0.40053793611579647,0,0
76,0.2,0.15445544554455443,0.17549068547409524,0.39761436289179947,0.40053793611579647,0,0
77,0.2,0.2653465346534653,0.2108143773463095,1.0,-0.0,0,0
78,0.2,0.2653465346534653,0.2108143773463095,1.0,-0.0,0,0
79,0.0,0.30297029702970296,0.23481842386627264,1.0,-0.0,0,0
80,0.0,0.34851485148514855,0.22804110337598868,1.0,-0.0,0,0
81,0.0,0.47326732673267324,0.2665849628126165,1.0,-0.0,0,0
82,0.2,0.613861386138614,0.2717853342528075,1.0,-0.0,0,0
83,0.2,0.691089108910891,0.3038039394803175,1.0,-0.0,0,0
84,0.2,0.6752475247524753,0.3002988414513807,1.0,-0.0,0,0
85,0.2,0.6435643564356436,0.29464388358741966,1.0,-0.0,0,0
86,1.4,0.6792079207920791,0.2939377019208804,0.007099417121890887,2.148777306370761,0,0
87,1.4,0.4574257425742574,0.28050397877676725,0.0003893057852057396,3.4097091424820407,0,0
88,1.4,0.6613861386138615,0.3409277665225873,0.01513718784285435,1.8199547997216357,0,0
89,1.4,0.6257425742574257,0.3361557469495867,0.010631830034702154,1.9733919748400597,0,0
90,1.4,0.48316831683168315,0.295534188915528,0.0009601605025622145,3.017656163261761,0,0
91,0.4,0.5207920792079207,0.2912305172791594,1.0,-0.0,0,0
92,0.2,0.4792079207920792,0.2744271555433924,1.0,-0.0,0,0
93,0.2,0.21386138613861383,0.2014942708422178,1.0,-0.0,0,0
94,0.4,0.34851485148514855,0.2619855114224353,0.42210195479835966,0.3745826365777051,0,0
95,0.4,0.4237623762376238,0.2901513824248755,1.0,-0.0,0,0
96,0.2,0.22574257425742575,0.20808103207694087,1.0,-0.0,0,0
97,0.2,0.22574257425742575,0.20808103207694087,1.0,-0.0,0,0
98,0.4,0.5623762376237624,0.29073191528289827,1.0,-0.0,0,0
99,0.2,0.4752475247524752,0.2740983203643292,1.0,-0.0,0,0
100,0.2,0.4118811881188119,0.2545767711681299,1.0,-0.0,0,0
101,0.4,0.5366336633663368,0.27993025025065016,1.0,-0.0,0,0
102,0.4,0.6277227722772277,0.29252022419079216,1.0,-0.0,0,0
103,0.2,0.3683168316831684,0.2264363145967969,1.0,-0.0,0,0
104,0.2,0.3188118811881188,0.2219235758593568,1.0,-0.0,0,0
105,0.4,0.4316831683168318,0.2513057752758409,1.0,-0.0,0,0
106,0.2,0.3940594059405941,0.21882756092738695,1.0,-0.0,0,0
107,0.4,0.4693069306930692,0.2705852016243758,1.0,-0.0,0,0
108,0.8,0.7445544554455445,0.3355135704341861,0.43437134566751534,0.36213883173627764,0,0
109,0.8,0.7445544554455445,0.3355135704341861,0.43437134566751534,0.36213883173627764,0,0
110,0.8,0.7306930693069309,0.3114140773563839,0.41194071806397625,0.3851652783118386,0,0
111,0.8,0.6633663366336635,0.30302853255105383,0.3260330736989553,0.48673834166095753,0,0
112,0.6,0.6455445544554455,0.3119801823089318,1.0,-0.0,0,0
113,0.2,0.45940594059405937,0.2678030227137296,1.0,-0.0,0,0
114,0.2,0.4752475247524752,0.2740983203643292,1.0,-0.0,0,0
115,0.2,0.4910891089108911,0.277934036586499,1.0,-0.0,0,0
116,0.2,0.4693069306930693,0.27780703262824014,1.0,-0.0,0,0
117,0.2,0.3366336633663367,0.2319622589126237,1.0,-0.0,0,0
118,0.2,0.2574257425742574,0.22749019548167382,1.0,-0.0,0,0
119,0.2,0.2514851485148515,0.21918564914093802,1.0,-0.0,0,0
120,0.0,0.18811881188118812,0.19865245471658538,1.0,-0.0,0,0
121,0.6,0.38019801980198026,0.26774444812363396,0.20584037910419578,0.6864694269400112,0,0
122,0.6,0.39207920792079215,0.2784977978890957,0.22765866410700686,0.64271581690307,0,0
123,0.8,0.33366336633663374,0.2549615493133656,0.03369629064672755,1.4724179044794847,0,0
124,0.8,0.3237623762376238,0.2545228558086816,0.030665635777079835,1.5133480268475075,0,0
125,0.8,0.2613861386138614,0.23838162972850993,0.011927379299108927,1.923454969654485,0,0
126,0.2,0.09504950495049502,0.12457948087149172,0.19977140085777179,0.6994666849722295,0,0
127,0.2,0.11089108910891088,0.15279637008998356,0.2798835913936494,0.5530225619699969,0,0
128,0.0,0.12277227722772277,0.1566235242240411,1.0,-0.0,0,0
129,0.0,0.12277227722772277,0.1566235242240411,1.0,-0.0,0,0
130,0.0,0.15643564356435644,0.17486393102381254,1.0,-0.0,0,0
131,0.0,0.12871287128712872,0.1606525268671035,1.0,-0.0,0,0
132,0.0,0.16831683168316827,0.1610182285168802,1.0,-0.0,0,0
133,0.2,0.1386138613861386,0.14823736453237937,0.339397852769604,0.46929090961192643,0,0
134,0.2,0.1861386138613861,0.1740773146600864,0.46826665914326737,0.32950676313522087,0,0
135,0.2,0.16633663366336632,0.17591471140208167,0.42412104966371267,0.37251017242136986,0,0
136,0.2,0.16633663366336632,0.17591471140208167,0.42412104966371267,0.37251017242136986,0,0
137,0.2,0.17029702970297028,0.1697666158364579,0.430554136113715,0.3659722343675697,0,0
138,0.0,0.14653465346534653,0.14863361587956597,1.0,-0.0,0,0
139,0.2,0.1584158415841584,0.14709552815265856,0.3887027498565183,0.4103823869651123,0,0
140,0.2,0.16435643564356434,0.1418297392433266,0.4007863157358721,0.3970871152392539,0,0
141,0.4,0.18019801980198016,0.1700435599289386,0.09807098089922607,1.0084594808946177,0,0
142,0.4,0.11485148514851484,0.1416914361980065,0.02208567245422131,1.6558893730090944,0,0
143,0.4,0.1277227722772277,0.1476675500000171,0.032602296627120664,1.4867518055347007,0,0
144,0.2,0.06732673267326733,0.11698261772468857,0.12837042097948392,0.8915350345635851,0,0
145,0.2,0.06534653465346536,0.11976515267356391,0.130440226039647,0.8845884572772558,0,0
146,0.0,0.07326732673267328,0.12498799079651089,1.0,-0.0,0,0
147,0.0,0.07524752475247526,0.11891084986932618,1.0,-0.0,0,0
148,0.0,0.11485148514851484,0.13886822488939993,1.0,-0.0,0,0
149,0.0,0.2613861386138614,0.20632104994267103,1.0,-0.0,0,0
150,0.0,0.27722772277227725,0.226851540461302,1.0,-0.0,0,0
151,0.0,0.25346534653465347,0.21961458428533498,1.0,-0.0,0,0
152,0.0,0.22970297029702968,0.2168836684371179,1.0,-0.0,0,0
153,0.0,0.3247524752475248,0.21590515913566752,1.0,-0.0,0,0
154,0.0,0.24356435643564353,0.1815313526553004,1.0,-0.0,0,0
155,0.2,0.29108910891089107,0.2243136991446542,1.0,-0.0,0,0
156,0.2,0.32574257425742575,0.23150539003050272,1.0,-0.0,0,0
157,0.2,0.3702970297029703,0.23944843983144262,1.0,-0.0,0,0
158,0.4,0.3376237623762376,0.24810229651165946,0.40074726101084435,0.3971294372381752,0,0
159,0.4,0.299009900990099,0.22624574806133213,0.32766374769047846,0.48457160576107083,0,0
160,0.2,0.2198019801980198,0.198019801980198,1.0,-0.0,0,0
161,0.2,0.19603960396039602,0.1823503276549915,0.49133620846749126,0.3086212298440256,0,0
162,0.4,0.22178217821782176,0.1821782178217822,0.1639726589975034,0.7852285607108722,0,0
163,0.4,0.23564356435643566,0.18325125229717662,0.18488848804347058,0.7330901290508924,0,0
164,0.4,0.20792079207920788,0.1733097543528005,0.13386612881015864,0.8733292955173317,0,0
165,0.4,0.20792079207920788,0.1733097543528005,0.13386612881015864,0.8733292955173317,0,0
166,0.4,0.19801980198019797,0.17461709057464242,0.12369676173807938,0.9076416696327345,0,0
167,0.2,0.14455445544554454,0.14383382017690993,0.34993966557139244,0.4560068275587383,0,0
168,0.0,0.015841584158415842,0.054012600780142014,1.0,-0.0,0,0
169,0.0,0.015841584158415842,0.054012600780142014,1.0,-0.0,0,0
170,0.2,0.057425742574257435,0.10656335878870264,0.0904597157907538,1.0435447810683363,0,0
171,0.2,0.057425742574257435,0.10656335878870264,0.0904597157907538,1.0435447810683363,0,0
172,0.2,0.05346534653465347,0.09287951999650358,0.05731896239780438,1.2417016799108866,0,0
173,0.2,0.05346534653465347,0.09287951999650358,0.05731896239780438,1.2417016799108866,0,0
174,0.2,0.05346534653465347,0.09287951999650358,0.05731896239780438,1.2417016799108866,0,0
175,0.0,0.09702970297029703,0.14519051706790778,1.0,-0.0,0,0
176,0.0,0.09702970297029703,0.14519051706790778,1.0,-0.0,0,0
177,0.0,0.08514851485148514,0.13886822488939993,1.0,-0.0,0,0
178,0.0,0.08514851485148514,0.13886822488939993,1.0,-0.0,0,0
179,0.0,0.11485148514851484,0.16493991622145585,1.0,-0.0,0,0
180,0.0,0.14059405940594055,0.14770737583343774,1.0,-0.0,0,0
181,0.0,0.2396039603960396,0.2029872004552792,1.0,-0.0,0,0
182,0.0,0.30495049504950494,0.24307283577120237,1.0,-0.0,0,0
183,0.0,0.31683168316831684,0.2552689542348949,1.0,-0.0,0,0
184,0.0,0.2871287128712871,0.2378381870831027,1.0,-0.0,0,0
185,0.0,0.1782178217821782,0.16626589726481847,1.0,-0.0,0,0
186,0.0,0.09504950495049502,0.11805036483793173,1.0,-0.0,0,0
187,0.0,0.21188118811881188,0.19664871867623296,1.0,-0.0,0,0
188,0.2,0.3782178217821782,0.27846963693064464,1.0,-0.0,0,0
189,0.2,0.40594059405940586,0.2903810341358156,1.0,-0.0,0,0
190,0.2,0.40594059405940586,0.2903810341358156,1.0,-0.0,0,0
191,0.2,0.4099009900990099,0.28753129850988757,1.0,-0.0,0,0
192,0.2,0.22772277227722768,0.2030065169325038,1.0,-0.0,0,0
193,0.0,0.04950495049504951,0.09078727434730813,1.0,-0.0,0,0
194,0.0,0.0297029702970297,0.07648795214189293,1.0,-0.0,0,0
195,0.0,0.0297029702970297,0.07648795214189293,1.0,-0.0,0,0
196,0.0,0.007920792079207921,0.03900537743285587,1.0,-0.0,0,0
197,0.0,0.021782178217821784,0.062305476128919915,1.0,-0.0,0,0
198,0.0,0.021782178217821784,0.062305476128919915,1.0,-0.0,0,0
199,0.0,0.013861386138613863,0.05079507064705211,1.0,-0.0,0,0
200,0.2,0.09504950495049505,0.13078304733432375,0.21113830602558958,0.6754329671360484,0,0
201,0.2,0.09504950495049505,0.13078304733432375,0.21113830602558958,0.6754329671360484,0,0
202,0.6,0.1188118811881188,0.14399729871443837,0.0004164147513299586,3.380473894176564,0,0
203,0.6,0.15247524752475247,0.16921136785416444,0.004087351351623358,2.388558028421837,0,0
204,0.6,0.15247524752475247,0.16921136785416444,0.004087351351623358,2.388558028421837,0,0
205,0.4,0.06930693069306931,0.10693069306930694,0.0009920816231311156,3.0034525949656357,0,0
206,0.4,0.06930693069306931,0.10693069306930694,0.0009920816231311156,3.0034525949656357,0,0
207,0.0,0.031683168316831684,0.0730260947112308,1.0,-0.0,0,0
208,0.0,0.0,0.0,1.0,-0.0,0,0
209,0.0,0.0,0.0,1.0,-0.0,0,0
210,0.0,0.0,0.0,1.0,-0.0,0,0
211,0.0,0.031683168316831684,0.0730260947112308,1.0,-0.0,0,0
212,0.2,0.15445544554455445,0.15124876399151133,0.38166016777100137,0.41832316313167506,0,0
213,0.2,0.17425742574257425,0.1583663288960967,0.4354360617774983,0.36107560657090976,0,0
214,0.6,0.30693069306930687,0.19204858386066273,0.06350287821396025,1.1972065902338067,0,0
215,0.6,0.30693069306930687,0.19204858386066273,0.06350287821396025,1.1972065902338067,0,0
216,0.6,0.36831683168316837,0.20242622079466205,0.12620165924065097,0.898934935152726,0,0
217,0.4,0.2831683168316832,0.22208254059642107,0.29941865802328677,0.5237211404522744,0,0
218,0.4,0.29504950495049503,0.23813476408557305,0.32970825035515994,0.48187018528363124,0,0
219,0.0,0.16435643564356434,0.19780186026407595,1.0,-0.0,0,0
220,0.0,0.16435643564356434,0.19780186026407595,1.0,-0.0,0,0
221,0.2,0.1376237623762376,0.1609695163002105,0.34919177781923055,0.45693599088221015,0,0
222,0.2,0.09900990099009899,0.12145573247679728,0.2028464104184663,0.6928326731913329,0,0
223,0.2,0.09306930693069305,0.12126186845461277,0.18893807577263794,0.7236805120007753,0,0
224,0.4,0.1069306930693069,0.13368903310588712,0.014183557714894442,1.8482148197771036,0,0
225,0.4,0.1069306930693069,0.13368903310588712,0.014183557714894442,1.8482148197771036,0,0
226,0.2,0.039603960396039604,0.08452453849668534,0.028872622852877186,1.5395137620565469,0,0
227,0.4,0.05544554455445545,0.10575073206193021,0.0005606549752454359,3.2513043195704925,0,0
228,0.8,0.07920792079207921,0.1261123431927973,5.469865928325192e-09,8.262023318511567,0,0
229,1.2,0.28118811881188116,0.1993617892855955,2.0253273259076325e-06,5.693504777709807,0,0
230,1.2,0.2950495049504951,0.2117238242316619,9.59113279318872e-06,5.018130095980826,0,0
231,1.4,0.32673267326732675,0.2174975083999363,4.015369520370838e-07,6.396274481948552,0,0
232,1.2,0.31089108910891083,0.20580726834291893,7.797765702411092e-06,5.108029818093745,0,0
233,0.8,0.25940594059405936,0.20205783792196594,0.003731537425012657,2.428112198316673,0,0
234,0.2,0.04356435643564357,0.08721867542790195,0.036438310127516485,1.438441772185106,0,0
235,0.2,0.02970297029702971,0.07112192077650681,0.008322928729312118,2.079723824290396,0,0
236,0.0,0.0,0.0,1.0,-0.0,0,0
237,0.0,0.0,0.0,1.0,-0.0,0,0
238,0.0,0.0,0.0,1.0,-0.0,0,0
239,0.0,0.0,0.0,1.0,-0.0,0,0
240,0.0,0.0,0.0,1.0,-0.0,0,0
241,0.4,0.2693069306930693,0.23620035724750013,0.29002405612841464,0.5375659779267978,0,0
242,0.4,0.2792079207920792,0.2389402475880928,0.3065924116176678,0.5134385984488884,0,0
243,0.6,0.3445544554455446,0.25348081635959596,0.15678700885933672,0.8046899251620417,0,0
244,0.8,0.4376237623762377,0.306643110242366,0.11865197598066342,0.9257250248267288,0,0
