,foreground,bg_means,bg_stdev,pvals,minus_logs,regs,active
2,0.0,0.05544554455445545,0.10943169805661862,1.0,-0.0,0,0
3,0.0,0.0891089108910891,0.12420120222231065,1.0,-0.0,0,0
4,0.0,0.0891089108910891,0.12420120222231065,1.0,-0.0,0,0
5,0.0,0.0891089108910891,0.12420120222231065,1.0,-0.0,0,0
6,0.0,0.1900990099009901,0.19975477565019392,1.0,-0.0,0,0
7,0.0,0.13267326732673268,0.17183281702904268,1.0,-0.0,0,0
8,0.0,0.09900990099009899,0.14791959918402456,1.0,-0.0,0,0
9,0.0,0.11683168316831682,0.16232793292609266,1.0,-0.0,0,0
10,0.0,0.11683168316831682,0.16232793292609266,1.0,-0.0,0,0
11,0.6,0.1168316831683168,0.14146987009498416,0.000318507161663915,3.4968807980659875,0,0
12,0.6,0.20396039603960395,0.20677667298545127,0.027727053160357146,1.5570962849191488,0,0
13,0.6,0.22178217821782176,0.2085328097726854,0.03486127384126888,1.457656747687118,0,0
14,0.6,0.20396039603960395,0.19290421984883258,0.020034468664446053,1.6982221710330803,0,0
15,0.6,0.3346534653465348,0.2611610191692779,0.15480836693797234,0.8102055706764193,0,0
16,0.0,0.23564356435643566,0.22408633344052936,1.0,-0.0,0,0
17,0.2,0.32277227722772284,0.2883483825626518,1.0,-0.0,0,0
18,0.6,0.3782178217821782,0.29234590944888045,0.22403716446504762,0.6496799326332559,0,0
19,0.6,0.39801980198019804,0.29982839911324655,0.25026608335354994,0.601598003010483,0,0
20,0.8,0.27722772277227725,0.23709512153815077,0.013730372167152538,1.8623176908804955,0,0
21,0.8,0.27722772277227725,0.23709512153815077,0.013730372167152538,1.8623176908804955,0,0
22,1.0,0.21188118811881182,0.21027428043498275,8.91068679204177e-05,4.050088821384105,0,0
23,0.6,0.13861386138613863,0.17059609935397896,0.003419821129383508,2.4659966087255136,0,0
24,0.6,0.1188118811881188,0.1669249379461988,0.001971653684124968,2.705169365399729,0,0
25,0.4,0.10693069306930691,0.16305100079397153,0.03613537077941164,1.4420674846950736,0,0
26,0.4,0.2158415841584158,0.22103835663169627,0.20237967457978145,0.6938331067586049,0,0
27,0.0,0.16633663366336632,0.16184409300358454,1.0,-0.0,0,0
28,0.0,0.24158415841584158,0.1956291332313421,1.0,-0.0,0,0
29,0.0,0.24158415841584158,0.1956291332313421,1.0,-0.0,0,0
30,0.0,0.24158415841584158,0.1956291332313421,1.0,-0.0,0,0
31,0.0,0.19999999999999996,0.19088122894710324,1.0,-0.0,0,0
32,0.0,0.14257425742574253,0.15754712301715712,1.0,-0.0,0,0
33,0.0,0.06534653465346535,0.1129581045303102,1.0,-0.0,0,0
34,0.0,0.06534653465346535,0.1129581045303102,1.0,-0.0,0,0
35,0.0,0.06534653465346535,0.1129581045303102,1.0,-0.0,0,0
36,0.0,0.019801980198019802,0.059735061897023205,1.0,-0.0,0,0
37,0.0,0.019801980198019802,0.059735061897023205,1.0,-0.0,0,0
38,0.0,0.019801980198019802,0.059735061897023205,1.0,-0.0,0,0
39,0.0,0.019801980198019802,0.059735061897023205,1.0,-0.0,0,0
40,0.0,0.019801980198019802,0.059735061897023205,1.0,-0.0,0,0
41,0.0,0.0,0.0,1.0,-0.0,0,0
42,0.0,0.04356435643564357,0.08721867542790195,1.0,-0.0,0,0
43,0.0,0.09108910891089109,0.13057300215314485,1.0,-0.0,0,0
44,0.0,0.09108910891089109,0.13057300215314485,1.0,-0.0,0,0
45,0.0,0.09108910891089109,0.13057300215314485,1.0,-0.0,0,0
46,0.0,0.09108910891089109,0.13057300215314485,1.0,-0.0,0,0
47,0.0,0.11683168316831682,0.1442421691205886,1.0,-0.0,0,0
48,0.0,0.06930693069306931,0.11057238501634628,1.0,-0.0,0,0
49,0.0,0.06930693069306931,0.11057238501634628,1.0,-0.0,0,0
50,0.0,0.06930693069306931,0.11057238501634628,1.0,-0.0,0,0
51,0.0,0.06930693069306931,0.11057238501634628,1.0,-0.0,0,0
52,0.0,0.06336633663366337,0.10874875419996817,1.0,-0.0,0,0
53,0.0,0.06336633663366337,0.10874875419996817,1.0,-0.0,0,0
54,0.0,0.06336633663366337,0.10874875419996817,1.0,-0.0,0,0
55,0.0,0.1326732673267327,0.16715967992400224,1.0,-0.0,0,0
56,0.0,0.19603960396039607,0.19696750100290228,1.0,-0.0,0,0
57,0.0,0.21386138613861383,0.21846888577901466,1.0,-0.0,0,0
58,0.0,0.300990099009901,0.2479600133465113,1.0,-0.0,0,0
59,0.0,0.35643564356435636,0.25886876585918417,1.0,-0.0,0,0
60,0.0,0.2851485148514852,0.22043437703090288,1.0,-0.0,0,0
61,0.0,0.22376237623762374,0.21486745389394907,1.0,-0.0,0,0
62,0.0,0.2178217821782178,0.1868954489346046,1.0,-0.0,0,0
63,0.0,0.13465346534653463,0.15184387732816487,1.0,-0.0,0,0
64,0.0,0.07920792079207921,0.11631029826208643,1.0,-0.0,0,0
65,0.0,0.09702970297029702,0.127780323207142,1.0,-0.0,0,0
66,0.0,0.09702970297029702,0.127780323207142,1.0,-0.0,0,0
67,0.0,0.021782178217821784,0.06230547612891991,1.0,-0.0,0,0
68,0.0,0.017821782178217824,0.05698017651460656,1.0,-0.0,0,0
69,0.0,0.017821782178217824,0.05698017651460656,1.0,-0.0,0,0
70,0.0,0.04554455445544554,0.08846854615322249,1.0,-0.0,0,0
71,0.0,0.04554455445544554,0.08846854615322249,1.0,-0.0,0,0
72,0.0,0.04554455445544554,0.08846854615322249,1.0,-0.0,0,0
73,0.0,0.04554455445544554,0.08846854615322249,1.0,-0.0,0,0
74,0.0,0.04554455445544554,0.08846854615322249,1.0,-0.0,0,0
75,0.0,0.0,0.0,1.0,-0.0,0,0
76,0.0,0.12277227722772276,0.17793156328107143,1.0,-0.0,0,0
77,0.0,0.12277227722772276,0.17793156328107143,1.0,-0.0,0,0
78,0.0,0.17425742574257425,0.20616895183873857,1.0,-0.0,0,0
79,0.0,0.18415841584158413,0.20811871767574253,1.0,-0.0,0,0
80,0.0,0.18415841584158413,0.20811871767574253,1.0,-0.0,0,0
81,0.0,0.0594059405940594,0.10357779667819421,1.0,-0.0,0,0
82,0.0,0.1188118811881188,0.157148395081398,1.0,-0.0,0,0
83,0.0,0.12277227722772274,0.1640340390410514,1.0,-0.0,0,0
84,0.0,0.11287128712871286,0.15521519162190436,1.0,-0.0,0,0
85,0.0,0.11287128712871286,0.15521519162190436,1.0,-0.0,0,0
86,0.0,0.11287128712871286,0.15521519162190436,1.0,-0.0,0,0
87,0.0,0.05346534653465347,0.10860442931328386,1.0,-0.0,0,0
88,0.0,0.0,0.0,1.0,-0.0,0,0
89,0.0,0.0297029702970297,0.07648795214189293,1.0,-0.0,0,0
90,0.0,0.3425742574257426,0.22398131757905296,1.0,-0.0,0,27
91,0.0,0.4237623762376238,0.27182861332114405,1.0,-0.0,0,0
92,0.0,0.44554455445544555,0.27414123427848686,1.0,-0.0,0,0
93,0.0,0.46732673267326735,0.27326732673267323,1.0,-0.0,0,0
94,0.0,0.502970297029703,0.29465719150204384,1.0,-0.0,0,0
95,0.0,0.2079207920792079,0.21419116487904888,1.0,-0.0,0,0
96,0.0,0.12475247524752472,0.17315130486098354,1.0,-0.0,0,0
97,0.0,0.11287128712871286,0.1626898685658909,1.0,-0.0,0,0
98,0.0,0.09108910891089109,0.13650445892763635,1.0,-0.0,0,0
99,0.0,0.025742574257425748,0.0669763743575753,1.0,-0.0,0,0
100,0.0,0.009900990099009901,0.04338396495090424,1.0,-0.0,0,0
101,0.0,0.10297029702970298,0.1531552280211446,1.0,-0.0,0,0
102,0.0,0.09306930693069307,0.1450554183905936,1.0,-0.0,0,0
103,0.0,0.09306930693069307,0.1450554183905936,1.0,-0.0,0,0
104,0.0,0.13663366336633662,0.1733323781704483,1.0,-0.0,0,0
105,0.0,0.1524752475247525,0.1911891186503177,1.0,-0.0,0,0
106,0.0,0.0594059405940594,0.10357779667819421,1.0,-0.0,0,0
107,0.0,0.07722772277227724,0.11593886073904516,1.0,-0.0,0,0
108,0.0,0.09504950495049502,0.12771893462651168,1.0,-0.0,0,0
109,0.0,0.061386138613861385,0.1080614942545921,1.0,-0.0,0,0
110,0.0,0.04554455445544555,0.09700949476369022,1.0,-0.0,0,0
111,0.0,0.04554455445544555,0.09700949476369022,1.0,-0.0,0,0
112,0.0,0.07920792079207921,0.1261123431927973,1.0,-0.0,0,0
113,0.0,0.0613861386138614,0.11515834731523733,1.0,-0.0,0,0
114,0.0,0.05148514851485149,0.10399339410297728,1.0,-0.0,0,0
115,0.0,0.06336633663366337,0.11917436454123627,1.0,-0.0,0,0
116,0.0,0.06336633663366337,0.11917436454123627,1.0,-0.0,0,0
117,0.0,0.10099009900990098,0.1607501286542765,1.0,-0.0,0,0
118,0.0,0.10099009900990098,0.1607501286542765,1.0,-0.0,0,0
119,0.2,0.30693069306930687,0.22614173499259316,1.0,-0.0,0,0
120,0.2,0.3623762376237625,0.24488893629259323,1.0,-0.0,0,0
121,1.0,0.44752475247524764,0.2802382506191602,0.024336305469225408,1.6137453519939702,0,0
122,1.2,0.39603960396039606,0.265479499713556,0.0012295337351355762,2.9102595508762743,0,0
123,1.2,0.39603960396039606,0.265479499713556,0.0012295337351355762,2.9102595508762743,0,0
124,1.0,0.19009900990099005,0.18535753542711383,6.229453432163312e-06,5.20555005635986,0,0
125,1.0,0.12277227722772274,0.14884451859775158,1.8895354715846042e-09,8.72364495081293,0,0
126,0.2,0.09900990099009899,0.11814997140733703,0.19634147562349946,0.7069879493466559,0,0
127,0.0,0.061386138613861385,0.10806149425459212,1.0,-0.0,0,0
128,0.0,0.061386138613861385,0.10806149425459212,1.0,-0.0,0,0
129,0.0,0.061386138613861385,0.10806149425459212,1.0,-0.0,0,0
130,0.0,0.061386138613861385,0.10806149425459212,1.0,-0.0,0,0
131,0.0,0.06336633663366337,0.11580349716604711,1.0,-0.0,0,0
132,0.0,0.06336633663366337,0.11580349716604711,1.0,-0.0,0,0
133,0.0,0.06336633663366337,0.11580349716604711,1.0,-0.0,0,0
134,0.0,0.06336633663366337,0.11580349716604711,1.0,-0.0,0,1
135,0.0,0.06336633663366337,0.11580349716604711,1.0,-0.0,0,0
136,0.0,0.0,0.0,1.0,-0.0,0,0
137,0.0,0.0,0.0,1.0,-0.0,0,0
138,0.0,0.0,0.0,1.0,-0.0,0,0
139,0.0,0.0,0.0,1.0,-0.0,0,0
140,0.0,0.0712871287128713,0.1366767043701972,1.0,-0.0,0,0
141,0.0,0.1465346534653465,0.1614073970084343,1.0,-0.0,0,0
142,0.0,0.1465346534653465,0.1614073970084343,1.0,-0.0,0,0
143,0.0,0.1465346534653465,0.1614073970084343,1.0,-0.0,0,0
144,0.0,0.1465346534653465,0.1614073970084343,1.0,-0.0,0,0
145,0.0,0.08118811881188118,0.12951766673875514,1.0,-0.0,0,0
146,0.2,0.049504950495049514,0.09078727434730813,0.04869237040212954,1.3125390829709087,0,0
147,0.2,0.08712871287128712,0.11402914890208296,0.1611247194908752,0.7928378257202849,0,0
148,0.2,0.12079207920792076,0.1292145592164392,0.26993971527336125,0.5687332145350796,0,0
149,0.2,0.12079207920792076,0.1292145592164392,0.26993971527336125,0.5687332145350796,0,0
150,0.2,0.19999999999999998,0.16886341073527006,0.49999999999999994,0.30102999566398125,0,0
151,0.0,0.1584158415841584,0.15496235680407014,1.0,-0.0,0,0
152,0.0,0.1188118811881188,0.13838736799727644,1.0,-0.0,0,0
153,0.0,0.08712871287128712,0.12077584698595571,1.0,-0.0,0,0
154,0.0,0.08712871287128712,0.12077584698595571,1.0,-0.0,0,0
155,0.0,0.0,0.0,1.0,-0.0,0,0
156,0.0,0.0,0.0,1.0,-0.0,0,0
157,0.0,0.0,0.0,1.0,-0.0,0,0
158,0.0,0.0,0.0,1.0,-0.0,0,0
159,0.0,0.0,0.0,1.0,-0.0,0,0
160,0.0,0.0,0.0,1.0,-0.0,0,0
161,0.0,0.0,0.0,1.0,-0.0,0,0
162,0.0,0.023762376237623766,0.06471340450838887,1.0,-0.0,0,0
163,0.0,0.023762376237623766,0.06471340450838887,1.0,-0.0,0,0
164,0.0,0.023762376237623766,0.06471340450838887,1.0,-0.0,0,0
165,0.0,0.10693069306930691,0.12762679639066946,1.0,-0.0,0,0
166,0.0,0.10693069306930691,0.12762679639066946,1.0,-0.0,0,0
167,0.0,0.14455445544554454,0.1569986110329885,1.0,-0.0,0,0
168,0.0,0.23168316831683167,0.206302043812103,1.0,-0.0,0,0
169,0.0,0.30297029702970296,0.24147051376663706,1.0,-0.0,0,0
170,0.0,0.21980198019801975,0.18985132378941597,1.0,-0.0,0,0
171,0.0,0.21980198019801975,0.18985132378941597,1.0,-0.0,0,0
172,0.0,0.1603960396039604,0.16890984643276136,1.0,-0.0,0,0
173,0.0,0.0712871287128713,0.11461224656227945,1.0,-0.0,0,0
174,0.0,0.0,0.0,1.0,-0.0,0,0
175,0.0,0.0,0.0,1.0,-0.0,0,0
176,0.0,0.16633663366336632,0.1825437572513507,1.0,-0.0,0,0
177,0.0,0.2099009900990099,0.19371559764587087,1.0,-0.0,0,0
178,0.0,0.2099009900990099,0.19371559764587087,1.0,-0.0,0,0
179,0.0,0.2099009900990099,0.19371559764587087,1.0,-0.0,0,0
180,0.0,0.22376237623762377,0.19957802754687703,1.0,-0.0,0,0
181,0.0,0.05742574257425742,0.09885135821266287,1.0,-0.0,0,0
182,0.4,0.07722772277227723,0.11593886073904515,0.002684759588187431,2.5710945979339663,0,0
183,0.4,0.07722772277227723,0.11593886073904515,0.002684759588187431,2.5710945979339663,0,0
184,0.4,0.07722772277227723,0.11593886073904515,0.002684759588187431,2.5710945979339663,0,0
185,0.6,0.08712871287128714,0.12401163019288061,1.7695957153161433e-05,4.752125941921965,0,0
186,0.6,0.08712871287128714,0.12401163019288061,1.7695957153161433e-05,4.752125941921965,0,0
187,0.4,0.20594059405940596,0.18974802582007907,0.15321974609814354,0.8146852616691446,0,0
188,0.4,0.20594059405940596,0.18974802582007907,0.15321974609814354,0.8146852616691446,0,0
189,0.4,0.2653465346534653,0.2089273138868908,0.25962592117529903,0.5856519495396003,0,0
190,0.2,0.2594059405940594,0.20400845343666582,1.0,-0.0,0,0
191,0.2,0.2594059405940594,0.20400845343666582,1.0,-0.0,0,0
192,0.0,0.07722772277227723,0.14063588835298776,1.0,-0.0,0,0
193,0.0,0.07722772277227723,0.14063588835298776,1.0,-0.0,0,0
194,0.0,0.01782178217821782,0.05698017651460657,1.0,-0.0,0,0
195,0.0,0.08316831683168317,0.12028786177019754,1.0,-0.0,0,0
196,0.0,0.10693069306930691,0.12126186845461277,1.0,-0.0,0,0
197,0.0,0.10693069306930691,0.12126186845461277,1.0,-0.0,0,0
198,0.0,0.36435643564356435,0.2615960753088592,1.0,-0.0,0,0
199,0.0,0.36435643564356435,0.2615960753088592,1.0,-0.0,0,0
200,0.0,0.2792079207920792,0.22174681471951554,1.0,-0.0,0,0
201,0.0,0.2554455445544554,0.21639496687323803,1.0,-0.0,0,0
202,0.0,0.28316831683168314,0.21483095216024586,1.0,-0.0,0,0
203,0.0,0.027722772277227727,0.07975061610139512,1.0,-0.0,0,0
204,0.2,0.06732673267326733,0.13283572143563108,0.15895135783295034,0.7987357577974062,0,0
205,0.2,0.09702970297029703,0.17260694520666062,0.2754007896211132,0.5600348188808357,0,0
206,0.2,0.09702970297029703,0.17260694520666062,0.2754007896211132,0.5600348188808357,0,0
207,0.2,0.06930693069306931,0.13330718954223236,0.16344675955591653,0.7866236851841609,0,0
208,0.2,0.08514851485148514,0.13886822488939993,0.2041033004819388,0.6901499724054179,0,0
209,0.0,0.04554455445544555,0.08846854615322249,1.0,-0.0,0,0
210,0.0,0.03762376237623763,0.08771182015980238,1.0,-0.0,0,0
211,0.0,0.03762376237623763,0.08771182015980238,1.0,-0.0,0,0
212,0.0,0.043564356435643575,0.09164702150816742,1.0,-0.0,0,0
213,0.0,0.027722772277227727,0.06910862719451544,1.0,-0.0,0,0
214,0.0,0.027722772277227727,0.06910862719451544,1.0,-0.0,0,0
215,0.0,0.0059405940594059415,0.03395332316729158,1.0,-0.0,0,0
216,1.0,0.09504950495049502,0.1213588391765906,4.432928226445786e-14,13.353309300307,0,0
217,1.0,0.08910891089108909,0.11423528793549272,7.79246939131155e-16,15.108324894949178,0,0
218,1.0,0.08910891089108909,0.11423528793549272,7.79246939131155e-16,15.108324894949178,0,0
219,1.0,0.08910891089108909,0.11423528793549272,7.79246939131155e-16,15.108324894949178,0,0
220,1.0,0.11287128712871286,0.14188502271424044,2.0203428609758258e-10,9.69457492263534,0,0
221,0.0,0.1188118811881188,0.14399729871443837,1.0,-0.0,0,0
222,0.0,0.1188118811881188,0.14399729871443837,1.0,-0.0,0,0
223,0.0,0.1188118811881188,0.14399729871443837,1.0,-0.0,0,0
224,0.0,0.1188118811881188,0.14399729871443837,1.0,-0.0,0,0
225,0.0,0.09504950495049505,0.13078304733432375,1.0,-0.0,0,0
226,0.0,0.0,0.0,1.0,-0.0,0,0
227,0.0,0.023762376237623763,0.06471340450838887,1.0,-0.0,0,0
228,0.2,0.033663366336633666,0.07482947971362845,0.01311209067436901,1.882328056139666,0,0
229,0.2,0.033663366336633666,0.07482947971362845,0.01311209067436901,1.882328056139666,0,0
230,0.2,0.033663366336633666,0.07482947971362845,0.01311209067436901,1.882328056139666,0,0
231,0.2,0.049504950495049514,0.09078727434730811,0.0486923704021295,1.312539082970909,0,0
232,0.2,0.025742574257425748,0.06697637435757531,0.004637140001348011,2.3337497919853583,0,0
233,0.0,0.015841584158415842,0.054012600780142014,1.0,-0.0,0,0
234,0.0,0.0712871287128713,0.11110305060677654,1.0,-0.0,0,0
235,0.0,0.09306930693069305,0.12126186845461279,1.0,-0.0,0,0
236,0.0,0.09108910891089109,0.12435895816322838,1.0,-0.0,0,0
237,0.0,0.09108910891089109,0.12435895816322838,1.0,-0.0,0,0
238,0.2,0.15445544554455448,0.15891011998209012,0.38720710479342235,0.4120566824993105,0,0
239,0.2,0.09702970297029706,0.13084299831035082,0.2156479632222778,0.666254639375219,0,0
240,0.2,0.10693069306930694,0.1450554183905936,0.26056254775988125,0.584088007925498,0,0
241,0.2,0.09306930693069305,0.13368903310588712,0.2118998952955819,0.6738692578836474,0,0
242,0.2,0.09306930693069305,0.13368903310588712,0.2118998952955819,0.6738692578836474,0,0
243,0.0,0.031683168316831684,0.07826167463512675,1.0,-0.0,0,0
244,0.0,0.031683168316831684,0.07826167463512675,1.0,-0.0,0,0
245,0.0,0.0,0.0,1.0,-0.0,0,0
246,0.2,0.017821782178217824,0.05698017651460656,0.0006937928196726553,3.15877019915046,0,0
247,0.6,0.17227722772277224,0.17126137275595765,0.006253881372007261,2.2038503610162183,0,0
248,2.0,0.3247524752475247,0.24185993024932798,2.1566121668657026e-12,11.666227948979195,0,0
249,2.0,0.3247524752475247,0.24185993024932798,2.1566121668657026e-12,11.666227948979195,0,0
250,2.0,0.34059405940594056,0.24135681560701136,3.0924991392611155e-12,11.509690412576514,0,0
251,1.8,0.405940594059406,0.2428468866020735,4.720232229835018e-09,8.326036634066158,0,0
252,1.4,0.2514851485148515,0.17944571499737333,7.751210108076133e-11,10.110630490753781,0,0
253,0.0,0.09900990099009901,0.11814997140733703,1.0,-0.0,0,0
254,0.0,0.13267326732673265,0.13283572143563108,1.0,-0.0,0,0
255,0.0,0.11485148514851483,0.13304219431477882,1.0,-0.0,0,0
256,0.0,0.031683168316831684,0.0730260947112308,1.0,-0.0,0,0
257,0.0,0.09702970297029702,0.11471483847889298,1.0,-0.0,0,0
258,0.0,0.17623762376237617,0.16718313599370643,1.0,-0.0,0,0
259,0.0,0.14455445544554454,0.15445544554455448,1.0,-0.0,0,0
260,0.0,0.14455445544554454,0.15445544554455448,1.0,-0.0,0,0
261,0.0,0.14455445544554454,0.15445544554455448,1.0,-0.0,0,0
262,0.0,0.097029702970297,0.12464241569787099,1.0,-0.0,0,0
263,0.0,0.019801980198019806,0.05973506189702319,1.0,-0.0,0,0
264,0.0,0.027722772277227727,0.06910862719451544,1.0,-0.0,0,0
265,0.0,0.027722772277227727,0.06910862719451544,1.0,-0.0,0,0
266,0.0,0.09504950495049505,0.12457948087149173,1.0,-0.0,0,0
267,0.0,0.09504950495049502,0.13078304733432372,1.0,-0.0,0,0
268,0.0,0.22772277227722773,0.2010461805385672,1.0,-0.0,0,0
269,0.0,0.21980198019801983,0.20198019801980194,1.0,-0.0,0,0
270,0.0,0.21980198019801983,0.20198019801980194,1.0,-0.0,0,0
271,0.0,0.20198019801980197,0.19999019679924906,1.0,-0.0,0,0
272,0.0,0.21386138613861383,0.21481269896745528,1.0,-0.0,0,0
273,0.0,0.3386138613861387,0.26512477803229534,1.0,-0.0,0,0
274,0.0,0.3762376237623763,0.26593698161108187,1.0,-0.0,0,0
275,0.0,0.3762376237623763,0.26593698161108187,1.0,-0.0,0,0
276,0.0,0.40792079207920795,0.2827317828841285,1.0,-0.0,0,0
277,0.0,0.37524752475247525,0.2733749250070057,1.0,-0.0,0,0
278,0.0,0.12277227722772276,0.15913204437912432,1.0,-0.0,0,0
279,0.0,0.08712871287128712,0.13024224675172555,1.0,-0.0,0,0
280,0.0,0.22772277227722773,0.19504699199265746,1.0,-0.0,0,0
281,0.0,0.14653465346534653,0.1564231101634178,1.0,-0.0,0,0
282,0.0,0.16435643564356434,0.16744093589393824,1.0,-0.0,0,0
283,0.0,0.1584158415841584,0.16244866773856384,1.0,-0.0,0,0
284,0.0,0.1584158415841584,0.16244866773856384,1.0,-0.0,0,0
285,0.0,0.017821782178217824,0.05698017651460656,1.0,-0.0,0,0
286,0.0,0.22376237623762374,0.1914760357011259,1.0,-0.0,0,0
287,0.0,0.2059405940594059,0.18764923153239027,1.0,-0.0,0,0
288,0.0,0.2059405940594059,0.18764923153239027,1.0,-0.0,0,0
