,foreground,bg_means,bg_stdev,pvals,minus_logs,regs,active
2,1.2,0.4534653465346536,0.2840876856809759,0.004296549707455691,2.3668801594216404,0,0
3,1.6,0.44752475247524764,0.27308072262699773,1.2200323097489813e-05,4.913628667882718,0,0
4,1.6,0.44752475247524764,0.27308072262699773,1.2200323097489813e-05,4.913628667882718,0,0
5,1.6,0.44752475247524764,0.27308072262699773,1.2200323097489813e-05,4.913628667882718,0,0
6,0.6,0.07722772277227723,0.1193059036149867,5.885669548817543e-06,5.230204125035215,0,0
7,0.6,0.07722772277227723,0.1193059036149867,5.885669548817543e-06,5.230204125035215,0,0
8,0.2,0.2475247524752475,0.20517756589288896,1.0,-0.0,0,0
9,0.2,0.2475247524752475,0.20517756589288896,1.0,-0.0,0,0
10,0.2,0.2475247524752475,0.20517756589288896,1.0,-0.0,0,0
11,0.2,0.2475247524752475,0.20517756589288896,1.0,-0.0,0,0
12,0.2,0.2475247524752475,0.20517756589288896,1.0,-0.0,0,0
13,0.2,0.48712871287128706,0.3049633532071245,1.0,-0.0,0,0
14,0.2,0.5069306930693069,0.3264745455007414,1.0,-0.0,0,0
15,0.2,0.596039603960396,0.3365288130248029,1.0,-0.0,0,0
16,0.2,0.596039603960396,0.3365288130248029,1.0,-0.0,0,0
17,0.2,0.596039603960396,0.3365288130248029,1.0,-0.0,0,0
18,0.0,0.10693069306930691,0.12762679639066946,1.0,-0.0,0,0
19,0.0,0.08712871287128712,0.11402914890208296,1.0,-0.0,0,0
20,0.0,0.0,0.0,1.0,-0.0,0,0
21,0.0,0.0,0.0,1.0,-0.0,0,0
22,0.0,0.0,0.0,1.0,-0.0,0,0
23,0.0,0.0,0.0,1.0,-0.0,0,0
24,0.0,0.0,0.0,1.0,-0.0,0,0
25,0.0,0.0,0.0,1.0,-0.0,0,0
26,0.0,0.10495049504950495,0.1395723579145037,1.0,-0.0,0,0
27,0.0,0.1188118811881188,0.15460769343321296,1.0,-0.0,0,0
28,0.0,0.19603960396039605,0.19494644711665693,1.0,-0.0,0,0
29,0.2,0.26732673267326734,0.22912183230290264,1.0,-0.0,0,0
30,0.2,0.26732673267326734,0.22912183230290264,1.0,-0.0,0,0
31,0.2,0.16237623762376235,0.18176880383941263,0.41801004214703774,0.37881328474013737,0,0
32,0.2,0.1485148514851485,0.1703891070439521,0.3812642067119665,0.41877396461129573,0,0
33,0.2,0.0712871287128713,0.13075306153836974,0.16246027067982483,0.7892528275102895,0,0
34,0.0,0.03960396039603961,0.08908690597387718,1.0,-0.0,0,0
35,0.0,0.05742574257425742,0.10656335878870264,1.0,-0.0,0,0
36,0.0,0.05742574257425742,0.10656335878870264,1.0,-0.0,0,0
37,0.0,0.05742574257425742,0.10656335878870264,1.0,-0.0,0,0
38,0.0,0.05742574257425742,0.10656335878870264,1.0,-0.0,0,0
39,0.0,0.05544554455445545,0.09384550979067555,1.0,-0.0,0,0
40,0.0,0.03762376237623763,0.07816140339006158,1.0,-0.0,0,0
41,0.0,0.03762376237623763,0.07816140339006158,1.0,-0.0,0,0
42,0.0,0.03762376237623763,0.07816140339006158,1.0,-0.0,0,0
43,0.0,0.07326732673267328,0.10425700262248065,1.0,-0.0,0,0
44,0.0,0.37623762376237624,0.2506026458543584,1.0,-0.0,0,0
45,0.0,0.37623762376237624,0.2506026458543584,1.0,-0.0,0,0
46,0.0,0.491089108910891,0.26479919905841526,1.0,-0.0,0,0
47,0.0,0.491089108910891,0.26479919905841526,1.0,-0.0,0,0
48,0.2,0.5663366336633664,0.30710311349991404,1.0,-0.0,0,0
49,0.4,0.32871287128712867,0.22965175256917233,0.37812305869519713,0.42236683768974437,0,0
50,0.4,0.32871287128712867,0.22965175256917233,0.37812305869519713,0.42236683768974437,0,0
51,0.4,0.21188118811881182,0.19257871154715578,0.1643238978298327,0.7842992719824923,0,0
52,0.4,0.21188118811881182,0.19257871154715578,0.1643238978298327,0.7842992719824923,0,0
53,0.2,0.19009900990099005,0.16259343117237499,0.47572175099908387,0.3226469912689327,0,0
54,0.0,0.08712871287128714,0.11402914890208293,1.0,-0.0,0,0
55,0.0,0.08712871287128714,0.11402914890208293,1.0,-0.0,0,0
56,0.0,0.08712871287128714,0.11402914890208293,1.0,-0.0,0,0
57,0.0,0.1485148514851485,0.15582032136955248,1.0,-0.0,0,0
58,0.0,0.10693069306930691,0.13948804962658473,1.0,-0.0,0,0
59,0.0,0.10693069306930691,0.13948804962658473,1.0,-0.0,0,0
60,0.0,0.10693069306930691,0.13948804962658473,1.0,-0.0,0,0
61,0.0,0.19999999999999998,0.19088122894710324,1.0,-0.0,0,0
62,0.0,0.1396039603960396,0.16049379736991784,1.0,-0.0,0,0
63,0.2,0.2079207920792079,0.1968480181280898,1.0,-0.0,0,0
64,0.2,0.2079207920792079,0.1968480181280898,1.0,-0.0,0,0
65,0.2,0.2079207920792079,0.1968480181280898,1.0,-0.0,0,0
66,0.2,0.11485148514851483,0.14445948324625327,0.27778698168757915,0.5562881110596216,0,0
67,0.2,0.17425742574257425,0.1680720409815679,0.43913450099030094,0.35740244082525696,0,0
68,0.0,0.057425742574257435,0.10277971700879984,1.0,-0.0,0,0
69,0.0,0.06930693069306931,0.11409790329416186,1.0,-0.0,0,0
70,0.0,0.194059405940594,0.18120705414231045,1.0,-0.0,0,0
71,0.0,0.194059405940594,0.18120705414231045,1.0,-0.0,0,0
72,0.0,0.19405940594059404,0.1855266958870766,1.0,-0.0,0,0
73,0.0,0.3287128712871287,0.24629396975423548,1.0,-0.0,0,0
74,0.0,0.6059405940594059,0.3509031578283452,1.0,-0.0,0,0
75,0.0,0.4811881188118812,0.3344014517730841,1.0,-0.0,0,0
76,0.0,0.4811881188118812,0.3344014517730841,1.0,-0.0,0,0
77,0.0,0.4435643564356436,0.32652258472194035,1.0,-0.0,0,0
78,0.0,0.3415841584158415,0.2818845092954336,1.0,-0.0,0,0
79,0.0,0.05346534653465347,0.10104832334394513,1.0,-0.0,0,0
80,0.0,0.12673267326732673,0.17285665618055598,1.0,-0.0,0,0
81,0.0,0.12673267326732673,0.17285665618055598,1.0,-0.0,0,0
82,0.0,0.20594059405940596,0.18764923153239027,1.0,-0.0,0,0
83,0.0,0.5465346534653467,0.3016667745353194,1.0,-0.0,0,0
84,0.0,0.5465346534653467,0.3016667745353194,1.0,-0.0,0,0
85,0.0,0.4712871287128714,0.2737117923653903,1.0,-0.0,0,0
86,0.0,0.4712871287128714,0.2737117923653903,1.0,-0.0,0,0
87,0.0,0.37425742574257437,0.22278767823551468,1.0,-0.0,0,0
88,0.0,0.0,0.0,1.0,-0.0,0,0
89,0.0,0.0,0.0,1.0,-0.0,0,0
90,0.0,0.0019801980198019802,0.0198019801980198,1.0,-0.0,0,0
91,0.0,0.0019801980198019802,0.0198019801980198,1.0,-0.0,0,0
92,0.0,0.0019801980198019802,0.0198019801980198,1.0,-0.0,0,0
93,0.0,0.0019801980198019802,0.0198019801980198,1.0,-0.0,0,0
94,0.0,0.0019801980198019802,0.0198019801980198,1.0,-0.0,0,0
95,0.0,0.0,0.0,1.0,-0.0,0,0
96,0.0,0.03762376237623763,0.08771182015980238,1.0,-0.0,0,0
97,0.0,0.03762376237623763,0.08771182015980238,1.0,-0.0,0,0
98,0.0,0.03762376237623763,0.08771182015980238,1.0,-0.0,0,0
99,0.0,0.03762376237623763,0.08771182015980238,1.0,-0.0,0,0
100,0.0,0.14257425742574256,0.14166375938629638,1.0,-0.0,0,0
101,0.0,0.500990099009901,0.28231540872042443,1.0,-0.0,0,0
102,0.0,0.500990099009901,0.28231540872042443,1.0,-0.0,0,0
103,0.0,0.500990099009901,0.28231540872042443,1.0,-0.0,0,0
104,0.0,0.500990099009901,0.28231540872042443,1.0,-0.0,0,0
105,0.0,0.4594059405940595,0.28079738575331764,1.0,-0.0,0,0
106,0.0,0.07722772277227724,0.11593886073904514,1.0,-0.0,0,0
107,0.0,0.07722772277227724,0.11593886073904514,1.0,-0.0,0,0
108,0.0,0.09108910891089109,0.1243589581632284,1.0,-0.0,0,0
109,0.0,0.09108910891089109,0.1243589581632284,1.0,-0.0,0,0
110,0.0,0.0297029702970297,0.07648795214189293,1.0,-0.0,0,0
111,0.0,0.013861386138613863,0.05079507064705211,1.0,-0.0,0,0
112,0.2,0.42574257425742573,0.26797866966486983,1.0,-0.0,0,0
113,0.2,0.41188118811881197,0.24986615375962387,1.0,-0.0,0,0
114,0.2,0.41188118811881197,0.24986615375962387,1.0,-0.0,0,0
115,0.4,0.7623762376237623,0.3155543558795495,1.0,-0.0,0,0
116,0.4,0.7623762376237623,0.3155543558795495,1.0,-0.0,0,0
117,0.2,0.40198019801980206,0.2692049894421626,1.0,-0.0,0,0
118,0.2,0.4217821782178219,0.25932278918235235,1.0,-0.0,0,0
119,0.2,0.4217821782178219,0.25932278918235235,1.0,-0.0,0,0
120,0.0,0.1089108910891089,0.1108910891089109,1.0,-0.0,0,0
121,0.0,0.1089108910891089,0.1108910891089109,1.0,-0.0,0,0
122,0.0,0.05544554455445545,0.09797478714338996,1.0,-0.0,0,0
123,0.0,0.03564356435643565,0.07653920035678292,1.0,-0.0,0,0
124,0.0,0.0594059405940594,0.09968089464279778,1.0,-0.0,0,0
125,0.0,0.0891089108910891,0.12734998170941406,1.0,-0.0,0,0
126,0.0,0.15445544554455443,0.17549068547409524,1.0,-0.0,0,0
127,1.0,0.6277227722772276,0.35155068417061763,0.14480957161336844,0.8392027312225419,0,0
128,1.0,0.6396039603960395,0.34927909006494007,0.15107628644422955,0.8208036989610121,0,0
129,1.0,0.6158415841584157,0.33143333283232385,0.12321137768047509,0.9093491863623794,0,0
130,1.0,0.5504950495049505,0.32262038581253544,0.08176549773920268,1.087429915184815,0,0
131,1.0,0.5247524752475247,0.3093928710110933,0.062261233775952246,1.2057822775375546,0,0
132,0.0,0.051485148514851496,0.096075322540263,1.0,-0.0,0,0
133,0.0,0.039603960396039604,0.07970143286137867,1.0,-0.0,0,0
134,0.0,0.10099009900990098,0.1308729634998678,1.0,-0.0,0,0
135,0.0,0.10099009900990098,0.1308729634998678,1.0,-0.0,0,0
136,0.0,0.061386138613861385,0.09224407682259103,1.0,-0.0,0,0
137,0.0,0.061386138613861385,0.09224407682259103,1.0,-0.0,0,0
138,0.0,0.061386138613861385,0.09224407682259103,1.0,-0.0,0,0
139,0.0,0.0,0.0,1.0,-0.0,0,0
140,0.0,0.0,0.0,1.0,-0.0,0,0
141,0.0,0.0,0.0,1.0,-0.0,0,0
142,0.0,0.0,0.0,1.0,-0.0,0,0
143,0.0,0.0,0.0,1.0,-0.0,0,0
144,0.0,0.0297029702970297,0.08150144802873932,1.0,-0.0,0,0
145,0.0,0.0297029702970297,0.08150144802873932,1.0,-0.0,0,0
146,0.0,0.0297029702970297,0.08150144802873932,1.0,-0.0,0,0
147,0.0,0.0297029702970297,0.08150144802873932,1.0,-0.0,0,0
148,0.2,0.38811881188118813,0.2401678986607145,1.0,-0.0,0,0
149,0.2,0.35841584158415846,0.23600106004656757,1.0,-0.0,0,0
150,0.2,0.35841584158415846,0.23600106004656757,1.0,-0.0,0,0
151,0.2,0.35841584158415846,0.23600106004656757,1.0,-0.0,0,0
152,0.2,0.35841584158415846,0.23600106004656757,1.0,-0.0,0,0
153,0.0,0.0,0.0,1.0,-0.0,0,0
154,0.0,0.0613861386138614,0.1281786323380773,1.0,-0.0,0,0
155,0.0,0.0613861386138614,0.1281786323380773,1.0,-0.0,0,0
156,0.0,0.0613861386138614,0.1281786323380773,1.0,-0.0,0,0
157,0.0,0.0613861386138614,0.1281786323380773,1.0,-0.0,0,0
158,0.0,0.0613861386138614,0.1281786323380773,1.0,-0.0,0,0
159,0.0,0.0,0.0,1.0,-0.0,0,0
160,0.2,0.07326732673267326,0.10425700262248065,0.1120725770261012,0.9505006416709056,0,0
161,0.2,0.07326732673267326,0.10425700262248065,0.1120725770261012,0.9505006416709056,0,0
162,0.2,0.07326732673267326,0.10425700262248065,0.1120725770261012,0.9505006416709056,0,0
163,0.2,0.2455445544554455,0.19063455915340577,1.0,-0.0,0,0
164,0.2,0.2455445544554455,0.19063455915340577,1.0,-0.0,0,0
165,0.0,0.17227722772277224,0.15422679190986735,1.0,-0.0,0,0
166,0.0,0.17227722772277224,0.15422679190986735,1.0,-0.0,0,0
167,0.0,0.17227722772277224,0.15422679190986735,1.0,-0.0,0,0
168,0.0,0.0,0.0,1.0,-0.0,0,0
169,0.0,0.0,0.0,1.0,-0.0,0,0
170,0.0,0.0,0.0,1.0,-0.0,0,0
171,0.0,0.05544554455445544,0.10575073206193022,1.0,-0.0,0,0
172,0.2,0.20396039603960398,0.19696750100290228,1.0,-0.0,0,0
173,0.2,0.20396039603960398,0.19696750100290228,1.0,-0.0,0,0
174,0.2,0.2198019801980198,0.20777930122098495,1.0,-0.0,0,0
175,0.2,0.2198019801980198,0.20777930122098495,1.0,-0.0,0,0
176,0.2,0.16435643564356434,0.1601881062665876,0.4119581803421917,0.3851468688417295,0,0
177,0.8,0.4297029702970297,0.29028649366964854,0.10104386048097592,0.995490069484029,0,0
178,0.8,0.5089108910891089,0.3024975279830227,0.16795300242415456,0.7748122280557933,0,0
179,0.8,0.49306930693069306,0.297267231759132,0.15091718117581893,0.8212613151276813,0,0
180,0.8,0.49306930693069306,0.297267231759132,0.15091718117581893,0.8212613151276813,0,0
181,0.8,0.49306930693069306,0.297267231759132,0.15091718117581893,0.8212613151276813,0,0
182,0.0,0.07920792079207921,0.11966689053257921,1.0,-0.0,0,0
183,0.0,0.0,0.0,1.0,-0.0,0,0
184,0.0,0.0,0.0,1.0,-0.0,0,0
185,0.0,0.0,0.0,1.0,-0.0,0,0
186,0.0,0.0,0.0,1.0,-0.0,0,0
187,0.0,0.0,0.0,1.0,-0.0,0,0
188,0.0,0.0,0.0,1.0,-0.0,0,0
189,0.0,0.0,0.0,1.0,-0.0,0,0
190,0.0,0.0,0.0,1.0,-0.0,0,0
191,0.0,0.0,0.0,1.0,-0.0,0,0
192,0.0,0.0,0.0,1.0,-0.0,0,0
193,0.0,0.0,0.0,1.0,-0.0,0,0
194,0.0,0.013861386138613863,0.05807080514303042,1.0,-0.0,0,0
195,0.0,0.013861386138613863,0.05807080514303042,1.0,-0.0,0,0
196,0.0,0.013861386138613863,0.05807080514303042,1.0,-0.0,0,0
197,0.0,0.023762376237623766,0.07056843438101175,1.0,-0.0,0,0
198,0.0,0.023762376237623766,0.07056843438101175,1.0,-0.0,0,0
199,0.0,0.009900990099009901,0.04338396495090425,1.0,-0.0,0,0
200,0.0,0.009900990099009901,0.04338396495090425,1.0,-0.0,0,0
201,0.0,0.009900990099009901,0.04338396495090425,1.0,-0.0,0,0
202,0.0,0.009900990099009901,0.04338396495090424,1.0,-0.0,0,0
203,0.0,0.009900990099009901,0.04338396495090424,1.0,-0.0,0,0
204,0.0,0.009900990099009901,0.04338396495090424,1.0,-0.0,0,0
205,0.0,0.023762376237623766,0.07056843438101175,1.0,-0.0,0,0
206,1.2,0.4277227722772278,0.2884299636599307,0.0037084623344139445,2.4308061276105937,0,0
207,1.2,0.4316831683168317,0.28664349578717196,0.0036768033550668416,2.434529596699829,0,0
208,2.0,0.8435643564356436,0.38548306882831923,0.0013500539709836333,2.869648869407325,0,0
209,2.0,0.8435643564356436,0.38548306882831923,0.0013500539709836333,2.869648869407325,0,0
210,2.0,0.8297029702970297,0.38112510730325794,0.0010680117058267792,2.9714239872436834,0,0
211,0.8,0.42574257425742573,0.30005064435446827,0.1061411586234698,0.9741161759770951,0,0
212,0.8,0.4118811881188119,0.2867665862555256,0.08795897623206729,1.0557198341015086,0,0
213,0.0,0.0,0.0,1.0,-0.0,0,0
214,1.0,0.35247524752475257,0.25038349177146524,0.004852988051556982,2.3139907779509947,0,0
215,1.0,0.35247524752475257,0.25038349177146524,0.004852988051556982,2.3139907779509947,0,0
216,1.0,0.35247524752475257,0.25038349177146524,0.004852988051556982,2.3139907779509947,0,0
217,1.0,0.37821782178217833,0.25314026182658417,0.007019277819991102,2.1537075680591764,0,0
218,1.0,0.3881188118811883,0.25766934399387126,0.008782181909778025,2.0563975713770892,0,0
219,0.4,0.11485148514851484,0.14445948324625327,0.024196580664209013,1.616246001936388,0,0
220,0.4,0.14059405940594058,0.17013577444760863,0.06366702566777073,1.1960854385961404,0,0
221,0.4,0.14059405940594058,0.17013577444760863,0.06366702566777073,1.1960854385961404,0,0
222,0.4,0.11485148514851484,0.14984225277142663,0.02852083524388324,1.5448377601491354,0,0
223,0.4,0.10495049504950495,0.1395723579145037,0.01725961023241396,1.7629690160265539,0,0
224,0.0,0.03762376237623762,0.07816140339006158,1.0,-0.0,0,0
225,0.0,0.011881188118811883,0.047276579747775535,1.0,-0.0,0,0
226,0.0,0.04752475247524753,0.09809478080396702,1.0,-0.0,0,0
227,0.0,0.04752475247524753,0.09809478080396702,1.0,-0.0,0,0
