,foreground,bg_means,bg_stdev,pvals,minus_logs,regs,active
2,0.0,0.0,0.0,1.0,-0.0,0,0
3,0.0,0.0,0.0,1.0,-0.0,0,0
4,0.0,0.0,0.0,1.0,-0.0,0,0
5,0.0,0.0,0.0,1.0,-0.0,0,0
6,0.0,0.0,0.0,1.0,-0.0,0,0
7,0.0,0.031683168316831684,0.0730260947112308,1.0,-0.0,0,0
8,0.0,0.37821782178217833,0.2515708905054613,1.0,-0.0,0,0
9,0.0,0.37821782178217833,0.2515708905054613,1.0,-0.0,0,0
10,0.0,0.37821782178217833,0.2515708905054613,1.0,-0.0,0,0
11,0.0,0.5841584158415841,0.26800793296494774,1.0,-0.0,0,0
12,0.0,0.5524752475247524,0.26273280460391263,1.0,-0.0,0,0
13,0.0,0.22376237623762374,0.20350810179288586,1.0,-0.0,0,0
14,0.0,0.22376237623762374,0.20350810179288586,1.0,-0.0,0,0
15,0.0,0.22376237623762374,0.20350810179288586,1.0,-0.0,0,0
16,0.0,0.017821782178217824,0.05698017651460656,1.0,-0.0,0,0
17,0.0,0.017821782178217824,0.05698017651460656,1.0,-0.0,0,0
18,0.0,0.0,0.0,1.0,-0.0,0,0
19,0.0,0.0,0.0,1.0,-0.0,0,0
20,0.0,0.2673267326732673,0.2325531604895556,1.0,-0.0,0,0
21,0.2,0.37029702970297035,0.26756864741648306,1.0,-0.0,0,0
22,0.2,0.40990099009900993,0.27914471582900746,1.0,-0.0,0,0
23,0.2,0.40990099009900993,0.27914471582900746,1.0,-0.0,0,0
24,0.2,0.40990099009900993,0.27914471582900746,1.0,-0.0,0,0
25,0.2,0.14257425742574253,0.13595757539621284,0.33637388548804625,0.47317772817934,0,0
26,0.2,0.10297029702970295,0.1367627457412436,0.23901498454778186,0.6215748710082738,0,0
27,0.2,0.06336633663366337,0.10120342446875752,0.08849366552547523,1.0530878154692966,0,0
28,0.2,0.06336633663366337,0.10120342446875752,0.08849366552547523,1.0530878154692966,0,0
29,0.2,0.06336633663366337,0.10120342446875752,0.08849366552547523,1.0530878154692966,0,0
30,0.2,0.11782178217821779,0.1323033115920005,0.2672554002473078,0.5730735105385983,0,0
31,0.0,0.05346534653465347,0.09287951999650358,1.0,-0.0,0,0
32,0.2,0.1861386138613861,0.14960654865365627,0.46308990895785135,0.3343346824733278,0,0
33,0.2,0.20198019801980197,0.16043270574676513,1.0,-0.0,0,0
34,0.2,0.2495049504950495,0.1810988255869097,1.0,-0.0,0,0
35,0.2,0.19603960396039602,0.16881696226492765,0.4906417904139008,0.30923546352222103,0,0
36,0.2,0.19603960396039602,0.16881696226492765,0.4906417904139008,0.30923546352222103,0,0
37,0.0,0.08118811881188118,0.10597297552680915,1.0,-0.0,0,0
38,0.0,0.06534653465346535,0.09793475658517416,1.0,-0.0,0,0
39,0.0,0.03564356435643565,0.07653920035678292,1.0,-0.0,0,0
40,0.0,0.03564356435643565,0.07653920035678292,1.0,-0.0,0,0
41,0.0,0.03564356435643565,0.07653920035678292,1.0,-0.0,0,0
42,0.0,0.017821782178217824,0.05698017651460656,1.0,-0.0,0,0
43,0.0,0.017821782178217824,0.05698017651460656,1.0,-0.0,0,0
44,0.0,0.0,0.0,1.0,-0.0,0,0
45,0.0,0.0,0.0,1.0,-0.0,0,0
46,0.0,0.0,0.0,1.0,-0.0,0,0
47,0.0,0.0,0.0,1.0,-0.0,0,0
48,0.0,0.0,0.0,1.0,-0.0,0,0
49,0.0,0.0,0.0,1.0,-0.0,0,0
50,0.0,0.0,0.0,1.0,-0.0,0,0
51,0.0,0.0,0.0,1.0,-0.0,0,0
52,0.0,0.0,0.0,1.0,-0.0,0,0
53,0.0,0.0,0.0,1.0,-0.0,0,0
54,0.2,0.019801980198019802,0.059735061897023205,0.001278047474114718,2.8934530136556162,0,0
55,0.4,0.06732673267326733,0.09861306612268303,0.00037106668260825326,3.4305480383997082,0,0
56,0.4,0.06732673267326733,0.09861306612268303,0.00037106668260825326,3.4305480383997082,0,0
57,0.4,0.11881188118811878,0.12642288870900886,0.013067939785547017,1.8837928753341049,0,0
58,0.4,0.19405940594059404,0.16520121674941948,0.10627126007123201,0.9735841699083013,0,0
59,0.4,0.20198019801980194,0.17233412057057096,0.12526854241601004,0.9021579758565113,0,0
60,0.2,0.15445544554455443,0.1613831014717559,0.3888897503515124,0.4101735030454937,0,0
61,0.2,0.1762376237623762,0.17185563527720504,0.44501375270373367,0.35162656737625647,0,0
62,0.4,0.1900990099009901,0.17660435755646176,0.11731075876770582,0.9306621561779068,0,0
63,0.6,0.1742574257425742,0.15067732578017268,0.0023601590757006516,2.6270587244151717,0,0
64,0.4,0.16633663366336635,0.15687368174525435,0.06817786209723911,1.166356621381244,0,0
65,0.4,0.16633663366336635,0.15687368174525435,0.06817786209723911,1.166356621381244,0,0
66,0.4,0.14455445544554454,0.1492391578726081,0.04348038400427621,1.3617066290245252,0,0
67,0.2,0.07920792079207922,0.12611234319279727,0.16907845647801417,0.7719117255114651,0,0
68,0.0,0.019801980198019802,0.0597350618970232,1.0,-0.0,0,0
69,0.0,0.0,0.0,1.0,-0.0,0,0
70,0.0,0.0,0.0,1.0,-0.0,0,0
71,0.0,0.0,0.0,1.0,-0.0,0,0
72,0.0,0.0,0.0,1.0,-0.0,0,0
73,0.0,0.0,0.0,1.0,-0.0,0,0
74,0.0,0.0,0.0,1.0,-0.0,0,0
75,0.0,0.0,0.0,1.0,-0.0,0,0
76,0.0,0.04356435643564357,0.08721867542790195,1.0,-0.0,0,0
77,0.0,0.04356435643564357,0.08721867542790195,1.0,-0.0,0,0
78,0.0,0.04356435643564357,0.08721867542790195,1.0,-0.0,0,0
79,0.0,0.10495049504950493,0.1337769960717191,1.0,-0.0,0,0
80,0.0,0.10495049504950493,0.1337769960717191,1.0,-0.0,0,0
81,0.0,0.0613861386138614,0.10046456153636296,1.0,-0.0,0,0
82,0.0,0.0613861386138614,0.10046456153636296,1.0,-0.0,0,0
83,0.0,0.0613861386138614,0.10046456153636296,1.0,-0.0,0,0
84,0.0,0.0,0.0,1.0,-0.0,0,0
85,0.0,0.0,0.0,1.0,-0.0,0,0
86,0.0,0.0,0.0,1.0,-0.0,0,0
87,0.0,0.0,0.0,1.0,-0.0,0,0
88,0.0,0.0,0.0,1.0,-0.0,0,0
89,0.0,0.0,0.0,1.0,-0.0,0,0
90,0.0,0.0,0.0,1.0,-0.0,0,0
91,0.0,0.09702970297029703,0.09995587694355616,1.0,-0.0,0,0
92,0.0,0.13663366336633662,0.12875856005551573,1.0,-0.0,0,0
93,0.0,0.13663366336633662,0.12875856005551573,1.0,-0.0,0,0
94,0.0,0.16831683168316827,0.14821091010823154,1.0,-0.0,0,0
95,0.0,0.16831683168316827,0.14821091010823154,1.0,-0.0,0,0
96,0.0,0.06930693069306931,0.09924724028627065,1.0,-0.0,0,0
97,0.0,0.031683168316831684,0.0730260947112308,1.0,-0.0,0,0
98,0.0,0.07524752475247526,0.10089298378500594,1.0,-0.0,0,0
99,0.0,0.04356435643564357,0.08255312311158745,1.0,-0.0,0,0
100,0.0,0.04356435643564357,0.08255312311158745,1.0,-0.0,0,0
101,0.0,0.04356435643564357,0.08255312311158745,1.0,-0.0,0,0
102,0.0,0.061386138613861385,0.10806149425459212,1.0,-0.0,0,0
103,0.0,0.017821782178217824,0.05698017651460656,1.0,-0.0,0,0
104,0.0,0.04356435643564357,0.08255312311158747,1.0,-0.0,0,0
105,0.0,0.0613861386138614,0.09224407682259105,1.0,-0.0,0,0
106,0.0,0.08316831683168316,0.0985732947695338,1.0,-0.0,0,0
107,0.0,0.06534653465346536,0.09380371708773871,1.0,-0.0,0,0
108,0.0,0.06534653465346536,0.09380371708773871,1.0,-0.0,0,0
109,0.0,0.05346534653465347,0.08851285797476045,1.0,-0.0,0,0
110,0.0,0.03564356435643565,0.07653920035678292,1.0,-0.0,0,0
111,0.0,0.013861386138613863,0.05079507064705211,1.0,-0.0,0,0
112,0.0,0.013861386138613863,0.05079507064705211,1.0,-0.0,0,0
113,0.0,0.06930693069306931,0.10693069306930696,1.0,-0.0,0,0
114,0.0,0.05544554455445545,0.09384550979067553,1.0,-0.0,0,0
115,0.0,0.05544554455445545,0.09384550979067553,1.0,-0.0,0,0
116,0.0,0.05544554455445545,0.09384550979067553,1.0,-0.0,0,0
117,0.0,0.09306930693069305,0.1306930693069307,1.0,-0.0,0,0
118,0.0,0.03762376237623763,0.07816140339006158,1.0,-0.0,0,0
119,0.0,0.03762376237623763,0.07816140339006158,1.0,-0.0,0,0
120,0.0,0.03762376237623763,0.07816140339006158,1.0,-0.0,0,0
121,0.0,0.22178217821782176,0.19067569294591244,1.0,-0.0,0,0
122,0.0,0.20792079207920788,0.19071681786668523,1.0,-0.0,0,0
123,0.0,0.20792079207920788,0.19071681786668523,1.0,-0.0,0,0
124,0.0,0.20792079207920788,0.19071681786668523,1.0,-0.0,0,0
125,0.0,0.20792079207920788,0.19071681786668523,1.0,-0.0,0,0
126,0.0,0.023762376237623766,0.06471340450838887,1.0,-0.0,0,0
127,0.0,0.0,0.0,1.0,-0.0,0,0
128,0.0,0.04356435643564357,0.08255312311158745,1.0,-0.0,0,0
129,0.0,0.04356435643564357,0.08255312311158745,1.0,-0.0,0,0
130,0.0,0.07524752475247526,0.09688815701168371,1.0,-0.0,0,0
131,0.0,0.07524752475247526,0.09688815701168371,1.0,-0.0,0,0
132,0.0,0.07524752475247526,0.09688815701168371,1.0,-0.0,0,0
133,1.0,0.2613861386138614,0.21934659811561175,0.00037948973430516,3.4207999678447147,0,0
134,1.0,0.2930693069306931,0.22961760107034876,0.0010394235042858935,2.9832074667836515,0,0
135,1.0,0.2613861386138614,0.21934659811561175,0.00037948973430516,3.4207999678447147,0,0
136,1.0,0.2613861386138614,0.21934659811561175,0.00037948973430516,3.4207999678447147,0,0
137,1.0,0.2613861386138614,0.21934659811561175,0.00037948973430516,3.4207999678447147,0,0
138,0.2,0.1267326732673267,0.13117223890438967,0.28823164465668516,0.540258340158629,0,0
139,0.2,0.09306930693069305,0.1306930693069307,0.20662668774682014,0.6848135860465708,0,0
140,0.2,0.09306930693069305,0.1306930693069307,0.20662668774682014,0.6848135860465708,0,0
141,0.2,0.09306930693069305,0.1306930693069307,0.20662668774682014,0.6848135860465708,0,0
142,0.4,0.16039603960396034,0.15420136502124182,0.06011151658783156,1.2210423148292902,0,0
143,0.2,0.06534653465346535,0.10571364605971598,0.10137482685028305,0.9940698745616096,0,0
144,0.2,0.09900990099009901,0.12145573247679728,0.20284641041846635,0.6928326731913328,0,0
