,foreground,bg_means,bg_stdev,pvals,minus_logs,regs,active
2,0.0,0.0,0.0,1.0,-0.0,0,0
3,0.0,0.007920792079207921,0.03900537743285587,1.0,-0.0,0,0
4,0.0,0.007920792079207921,0.03900537743285587,1.0,-0.0,0,0
5,0.4,0.29504950495049503,0.22443603142705318,0.32002862924056674,0.49481116866433983,0,0
6,1.8,0.5089108910891088,0.3051047571764184,1.160041752478213e-05,4.935526379269143,0,0
7,2.0,0.8297029702970297,0.37271934985127025,0.0008450620643070883,3.073111393776624,0,0
8,4.6,1.293069306930693,0.4291962153096801,6.555286132246172e-15,14.183408347003107,0,0
9,4.6,1.310891089108911,0.4327899337464761,1.4841563634081037e-14,13.828520341517928,0,0
10,4.2,1.095049504950495,0.3915888522831418,1.1136232553835045e-15,14.95326170842741,0,0
11,3.0,0.9326732673267327,0.3438595473376668,9.15532723838835e-10,9.038326128119637,0,0
12,2.8,0.895049504950495,0.3915888522831418,5.732399992230531e-07,6.241663513257647,0,0
13,0.2,0.46930693069306945,0.2806437346415374,1.0,-0.0,0,0
14,0.4,0.9346534653465346,0.3981232317216696,1.0,-0.0,0,0
15,0.8,0.9623762376237621,0.42562743089514216,1.0,-0.0,0,0
16,0.6,0.9524752475247523,0.42973490778789813,1.0,-0.0,1,0
17,0.6,1.1405940594059407,0.4959595595582211,1.0,-0.0,1,0
18,0.6,1.1801980198019804,0.4951287065356672,1.0,-0.0,0,0
19,0.8,1.0613861386138614,0.3917390263406967,1.0,-0.0,0,0
20,1.0,1.1227722772277229,0.3999705900373354,1.0,-0.0,0,0
21,1.2,1.100990099009901,0.39863505966367224,0.40192318727747095,0.39585693828128177,5,0
22,2.0,1.0792079207920793,0.3859710222753399,0.008524465431168561,2.0693328460683587,0,0
23,2.0,1.2039603960396041,0.42773193976240825,0.03136705974998544,1.503526188799953,0,0
24,1.6,0.8752475247524754,0.3710850935463307,0.025406079771861535,1.5950623426156827,0,0
25,1.4,0.8415841584158414,0.35745728173293057,0.059121732932205406,1.2282528447102479,0,0
26,1.4,1.2039603960396041,0.4396039603960396,0.3278181460960574,0.48436701009661887,0,0
27,0.8,0.8495049504950494,0.3673894424867706,1.0,-0.0,0,0
28,0.8,0.6396039603960395,0.29385764989218305,0.29259172890551327,0.5337379548390938,0,0
29,1.0,0.6376237623762375,0.2947902376060387,0.10948565022803892,0.9606427980399608,0,0
30,0.6,0.50990099009901,0.2819679605754861,0.37465991989610253,0.42636276406920537,0,0
31,0.4,0.13069306930693067,0.1474150698648297,0.033860290430837256,1.4703093211246308,0,0
32,0.2,0.031683168316831684,0.07826167463512675,0.015750221703151112,1.8027133286186672,0,0
33,0.2,0.031683168316831684,0.07826167463512675,0.015750221703151112,1.8027133286186672,0,0
34,0.0,0.0,0.0,1.0,-0.0,0,0
35,0.0,0.0,0.0,1.0,-0.0,0,0
36,0.0,0.0,0.0,1.0,-0.0,0,0
37,0.0,0.0,0.0,1.0,-0.0,0,0
38,0.0,0.0,0.0,1.0,-0.0,0,0
39,0.0,0.0,0.0,1.0,-0.0,0,0
40,0.0,0.0,0.0,1.0,-0.0,0,0
41,0.0,0.0,0.0,1.0,-0.0,0,0
42,0.0,0.0,0.0,1.0,-0.0,0,0
43,0.0,0.0,0.0,1.0,-0.0,0,0
44,0.0,0.0059405940594059415,0.03395332316729157,1.0,-0.0,0,0
45,0.0,0.057425742574257435,0.10277971700879983,1.0,-0.0,0,0
46,0.0,0.057425742574257435,0.10277971700879983,1.0,-0.0,0,0
47,0.0,0.057425742574257435,0.10277971700879983,1.0,-0.0,0,0
48,0.0,0.057425742574257435,0.10277971700879983,1.0,-0.0,0,0
49,0.0,0.05148514851485149,0.1001126705723924,1.0,-0.0,0,0
50,0.0,0.021782178217821784,0.06836703565002801,1.0,-0.0,0,0
51,0.0,0.06336633663366337,0.11580349716604711,1.0,-0.0,0,0
52,1.0,0.3544554455445545,0.24026583976394725,0.0036070832503283506,2.4428438341881544,0,0
53,1.0,0.4415841584158416,0.2733247177501563,0.02052378476645128,1.6877425484520778,0,0
54,1.4,0.6673267326732674,0.3321424336275888,0.01369547233771526,1.8634229849415347,0,0
55,1.4,0.801980198019802,0.354317136575763,0.04572390904599781,1.3398566478188587,0,0
56,1.4,0.7663366336633664,0.3504670794903418,0.03529905684429366,1.4522368983739604,0,0
57,0.4,0.4752475247524752,0.2909206759953577,1.0,-0.0,0,0
58,0.4,0.38811881188118824,0.25920179405658583,0.4817198449696221,0.3172054620864949,0,0
59,0.0,0.1623762376237624,0.17052712983454243,1.0,-0.0,0,0
60,0.0,0.047524752475247525,0.09809478080396704,1.0,-0.0,0,0
61,0.0,0.07722772277227723,0.122580495370631,1.0,-0.0,0,0
62,0.0,0.08712871287128712,0.127165103825761,1.0,-0.0,0,0
63,0.0,0.09306930693069305,0.1306930693069307,1.0,-0.0,0,0
64,0.0,0.09306930693069305,0.1306930693069307,1.0,-0.0,0,0
65,0.0,0.051485148514851496,0.09186070102766894,1.0,-0.0,0,0
66,0.0,0.015841584158415842,0.05401260078014202,1.0,-0.0,0,0
67,0.0,0.03564356435643565,0.07653920035678292,1.0,-0.0,0,0
68,0.0,0.22376237623762374,0.2167027963612586,1.0,-0.0,0,0
69,0.0,0.22376237623762374,0.2167027963612586,1.0,-0.0,0,0
70,0.0,0.39603960396039606,0.30439708045568076,1.0,-0.0,0,0
71,0.4,0.5772277227722773,0.3625763663142783,1.0,-0.0,0,0
72,0.4,0.6118811881188119,0.3580162971877869,1.0,-0.0,0,0
73,0.4,0.7326732673267327,0.4119763789467991,1.0,-0.0,1,0
74,1.0,1.378217821782178,0.5405541638345039,1.0,-0.0,0,0
75,1.2,1.403960396039604,0.5420753650571324,1.0,-0.0,1,0
76,1.0,1.2455445544554455,0.5103919581901712,1.0,-0.0,0,0
77,1.2,1.2910891089108911,0.5155212703452826,1.0,-0.0,0,0
78,2.0,1.1405940594059407,0.5201253119804199,0.04923613906429947,1.3077160103469745,0,0
79,1.4,0.5207920792079209,0.3258854903314171,0.003488873071439284,2.4573148303157875,0,0
80,1.2,0.3405940594059407,0.25100913865332003,0.00030875639493564293,3.510384038569524,0,0
81,1.0,0.32871287128712884,0.23811829727615705,0.0024076787241490817,2.6184014649382994,0,0
82,0.8,0.2198019801980198,0.18775368421597718,0.0010000803589729345,2.9999651019436504,0,0
83,0.0,0.05544554455445544,0.1019369320889802,1.0,-0.0,0,0
84,0.0,0.041584158415841586,0.08116396646304633,1.0,-0.0,0,0
85,0.0,0.025742574257425745,0.0669763743575753,1.0,-0.0,0,0
86,0.0,0.013861386138613863,0.05079507064705211,1.0,-0.0,0,0
87,0.2,0.02772277227722773,0.06910862719451544,0.0063361735559086295,2.1981729353735644,0,0
88,0.2,0.02772277227722773,0.06910862719451544,0.0063361735559086295,2.1981729353735644,0,0
89,0.4,0.03564356435643565,0.08154954567118415,3.949284449990799e-06,5.403481584771325,0,0
90,0.4,0.049504950495049514,0.09504950495049506,0.00011323404682251737,3.946022971345902,0,0
91,0.4,0.06534653465346535,0.10571364605971598,0.0007736575764547356,3.1114512170453996,0,0
92,0.2,0.05148514851485149,0.096075322540263,0.0610744044260142,1.2141407594058027,0,0
93,0.2,0.06732673267326733,0.10255055347504201,0.09787844017657184,1.0093129603266378,0,0
94,0.2,0.07722772277227723,0.105193069190443,0.12158221832020351,0.9151299369884706,0,0
95,0.2,0.1762376237623762,0.17640441545600072,0.4464229645204053,0.35025347287879666,0,0
96,0.4,0.4000000000000001,0.2625088400208818,1.0,-0.0,0,0
97,0.4,0.43564356435643564,0.2705272294326822,1.0,-0.0,1,0
98,0.4,0.4277227722772278,0.2729083594354343,1.0,-0.0,0,0
99,0.2,0.5643564356435644,0.32383352232490503,1.0,-0.0,0,0
100,0.4,0.910891089108911,0.39045568455813817,1.0,-0.0,0,0
101,0.2,0.6693069306930692,0.3214270698604804,1.0,-0.0,0,0
102,0.2,0.6336633663366337,0.30320963820033603,1.0,-0.0,0,0
103,0.2,0.6257425742574257,0.29739911022343357,1.0,-0.0,0,0
104,0.2,0.5504950495049505,0.2875722078504247,1.0,-0.0,0,0
105,0.0,0.20990099009900987,0.20943344153850713,1.0,-0.0,0,0
106,0.0,0.20990099009900987,0.20943344153850713,1.0,-0.0,0,0
107,0.0,0.6950495049504949,0.3697406738054276,1.0,-0.0,1,0
108,0.0,0.7544554455445543,0.3918791368724426,1.0,-0.0,0,0
109,0.0,0.7326732673267325,0.38308515995847925,1.0,-0.0,0,0
110,0.0,0.613861386138614,0.33330915182032955,1.0,-0.0,0,0
111,0.0,0.7782178217821781,0.3614064825414427,1.0,-0.0,1,0
112,0.0,0.29108910891089107,0.21159414256664313,1.0,-0.0,0,0
113,0.0,0.2930693069306931,0.2330416296225707,1.0,-0.0,1,0
114,0.0,0.2594059405940594,0.2097514879503424,1.0,-0.0,0,0
115,0.0,0.26534653465346536,0.21453871471544186,1.0,-0.0,0,0
116,0.0,0.1188118811881188,0.1621103836665028,1.0,-0.0,0,0
117,0.0,0.17821782178217818,0.18647536422960084,1.0,-0.0,0,0
118,0.0,0.43366336633663366,0.2815365293720266,1.0,-0.0,0,0
119,0.0,0.42772277227722777,0.2884299636599307,1.0,-0.0,0,0
120,0.0,0.7999999999999999,0.40492023416915573,1.0,-0.0,0,0
121,0.0,0.788118811881188,0.41249953584441246,1.0,-0.0,0,0
122,0.0,0.7485148514851483,0.37827483889340224,1.0,-0.0,1,0
123,0.0,0.4336633663366337,0.2685779300306688,1.0,-0.0,0,0
124,0.0,0.4039603960396041,0.25011711794467817,1.0,-0.0,0,0
125,0.0,0.025742574257425745,0.0669763743575753,1.0,-0.0,0,0
126,0.0,0.02970297029702971,0.07112192077650681,1.0,-0.0,0,0
127,0.0,0.22376237623762377,0.2035081017928858,1.0,-0.0,0,0
128,0.0,0.299009900990099,0.2679201334759528,1.0,-0.0,0,0
129,0.0,0.8693069306930692,0.39645522745665496,1.0,-0.0,0,0
130,0.0,0.9663366336633661,0.4156057794418883,1.0,-0.0,0,0
131,0.0,0.9940594059405938,0.403406725985009,1.0,-0.0,0,0
132,0.0,0.8198019801980196,0.3565566351303601,1.0,-0.0,0,0
133,0.0,0.7445544554455444,0.32955873513820205,1.0,-0.0,0,0
134,0.0,0.17425742574257425,0.1680720409815679,1.0,-0.0,0,0
135,0.0,0.07722772277227724,0.10889288780093088,1.0,-0.0,0,0
136,0.0,0.039603960396039604,0.07970143286137865,1.0,-0.0,0,0
137,0.0,0.0,0.0,1.0,-0.0,0,0
138,0.0,0.0,0.0,1.0,-0.0,0,0
139,0.0,0.0,0.0,1.0,-0.0,0,0
140,0.0,0.025742574257425745,0.07264925278354116,1.0,-0.0,0,0
141,0.0,0.025742574257425745,0.07264925278354116,1.0,-0.0,0,0
142,0.0,0.061386138613861385,0.10433219700847123,1.0,-0.0,0,0
143,0.0,0.061386138613861385,0.10433219700847123,1.0,-0.0,0,0
144,0.0,0.061386138613861385,0.10433219700847123,1.0,-0.0,0,0
145,0.0,0.03564356435643565,0.08154954567118415,1.0,-0.0,0,0
146,0.0,0.03564356435643565,0.08154954567118415,1.0,-0.0,0,0
147,0.0,0.0,0.0,1.0,-0.0,0,0
148,0.0,0.0,0.0,1.0,-0.0,0,0
149,0.0,0.08118811881188118,0.1264228887090089,1.0,-0.0,0,0
150,0.0,0.2059405940594059,0.21517746862900786,1.0,-0.0,0,0
151,0.0,0.2059405940594059,0.21517746862900786,1.0,-0.0,0,0
152,0.0,0.2059405940594059,0.21517746862900786,1.0,-0.0,0,0
153,0.0,0.21386138613861383,0.21481269896745528,1.0,-0.0,0,0
154,0.0,0.1306930693069307,0.16273806583211367,1.0,-0.0,0,0
155,0.0,0.013861386138613863,0.05079507064705211,1.0,-0.0,0,0
156,0.0,0.013861386138613863,0.05079507064705211,1.0,-0.0,0,0
157,0.0,0.013861386138613863,0.05079507064705211,1.0,-0.0,0,0
158,0.0,0.0059405940594059415,0.03395332316729158,1.0,-0.0,1,0
159,0.0,0.009900990099009901,0.04338396495090424,1.0,-0.0,0,0
160,0.0,0.0039603960396039604,0.027863855998951068,1.0,-0.0,0,0
161,0.0,0.0039603960396039604,0.027863855998951068,1.0,-0.0,0,0
162,0.0,0.0039603960396039604,0.027863855998951068,1.0,-0.0,0,0
163,0.0,0.0039603960396039604,0.027863855998951068,1.0,-0.0,0,0
164,0.0,0.0,0.0,1.0,-0.0,0,0
165,0.0,0.0,0.0,1.0,-0.0,0,0
166,0.0,0.2316831683168317,0.1923953711127306,1.0,-0.0,0,0
167,0.0,0.30099009900990104,0.20416216108961588,1.0,-0.0,0,0
168,0.0,0.7603960396039605,0.36697295552032866,1.0,-0.0,0,0
169,0.0,0.8732673267326733,0.35345286607469745,1.0,-0.0,0,0
170,0.0,0.8792079207920792,0.3549694817960665,1.0,-0.0,1,0
171,0.2,1.4198019801980202,0.541728038520115,1.0,-0.0,0,0
172,0.2,1.3485148514851486,0.5411051875900462,1.0,-0.0,0,0
173,0.4,1.4732673267326735,0.5605674439614624,1.0,-0.0,0,0
174,0.4,1.3594059405940595,0.5544024019888857,1.0,-0.0,0,0
175,0.4,1.6277227722772274,0.6023253309739751,1.0,-0.0,2,0
176,0.2,0.8554455445544553,0.3931279104379356,1.0,-0.0,0,0
177,0.2,0.8732673267326735,0.3947404433869538,1.0,-0.0,0,0
178,0.0,1.6653465346534653,0.4642540367156793,1.0,-0.0,2,0
179,0.0,1.6653465346534653,0.4642540367156793,1.0,-0.0,0,0
180,0.0,1.5366336633663364,0.46239213829805453,1.0,-0.0,0,0
181,0.2,1.693069306930693,0.49116096567871753,1.0,-0.0,0,0
182,0.2,1.992079207920792,0.5376301441920152,1.0,-0.0,0,0
183,0.2,0.6178217821782179,0.3459514186702985,1.0,-0.0,0,0
184,0.2,0.6396039603960395,0.345860730833713,1.0,-0.0,1,0
185,0.2,0.4930693069306931,0.26783230520495627,1.0,-0.0,0,0
186,0.0,0.3960396039603961,0.26696712152637964,1.0,-0.0,0,0
187,0.0,0.07920792079207921,0.1292145592164392,1.0,-0.0,0,0
188,0.0,0.08712871287128712,0.13618810981425267,1.0,-0.0,0,0
189,0.0,0.06534653465346535,0.12302752132284413,1.0,-0.0,0,0
190,0.0,0.07524752475247526,0.1345369326848557,1.0,-0.0,0,0
191,0.0,0.017821782178217824,0.0635517090529949,1.0,-0.0,0,0
192,0.0,0.017821782178217824,0.0635517090529949,1.0,-0.0,0,0
193,0.0,0.009900990099009901,0.043383964950904234,1.0,-0.0,0,0
194,0.0,0.009900990099009901,0.043383964950904234,1.0,-0.0,0,0
195,0.0,0.0,0.0,1.0,-0.0,0,0
196,0.0,0.0,0.0,1.0,-0.0,0,0
197,0.0,0.0,0.0,1.0,-0.0,0,0
198,0.0,0.0019801980198019802,0.019801980198019802,1.0,-0.0,0,0
199,0.0,0.0059405940594059415,0.033953323167291584,1.0,-0.0,0,0
200,0.0,0.0059405940594059415,0.033953323167291584,1.0,-0.0,0,0
201,0.0,0.0059405940594059415,0.033953323167291584,1.0,-0.0,0,0
202,0.0,0.0059405940594059415,0.033953323167291584,1.0,-0.0,0,0
203,0.0,0.0039603960396039604,0.027863855998951068,1.0,-0.0,0,0
204,0.0,0.017821782178217824,0.05698017651460656,1.0,-0.0,0,0
205,0.0,0.017821782178217824,0.05698017651460656,1.0,-0.0,0,0
206,0.0,0.017821782178217824,0.05698017651460656,1.0,-0.0,0,0
207,0.0,0.017821782178217824,0.05698017651460656,1.0,-0.0,0,0
208,0.0,0.017821782178217824,0.05698017651460656,1.0,-0.0,0,0
209,0.0,0.0,0.0,1.0,-0.0,0,0
210,0.0,0.0,0.0,1.0,-0.0,0,0
211,0.2,0.017821782178217824,0.0635517090529949,0.0020744436267099344,2.6830983626867595,0,0
212,0.2,0.017821782178217824,0.0635517090529949,0.0020744436267099344,2.6830983626867595,0,0
213,0.2,0.017821782178217824,0.0635517090529949,0.0020744436267099344,2.6830983626867595,0,0
214,0.2,0.017821782178217824,0.0635517090529949,0.0020744436267099344,2.6830983626867595,0,0
215,0.2,0.017821782178217824,0.0635517090529949,0.0020744436267099344,2.6830983626867595,0,0
216,0.0,0.0019801980198019802,0.0198019801980198,1.0,-0.0,0,0
217,0.0,0.0019801980198019802,0.0198019801980198,1.0,-0.0,0,0
218,0.0,0.0019801980198019802,0.0198019801980198,1.0,-0.0,0,0
219,0.0,0.023762376237623766,0.07056843438101174,1.0,-0.0,0,0
220,0.0,0.033663366336633666,0.07994704648786674,1.0,-0.0,0,0
221,0.0,0.06336633663366338,0.10504385908811757,1.0,-0.0,0,0
222,0.0,0.06336633663366338,0.10504385908811757,1.0,-0.0,0,0
223,0.0,0.06336633663366338,0.10504385908811757,1.0,-0.0,0,0
224,0.0,0.041584158415841586,0.08590499787518362,1.0,-0.0,0,0
225,0.0,0.031683168316831684,0.0730260947112308,1.0,-0.0,0,0
226,0.0,0.02772277227722773,0.07461957893630407,1.0,-0.0,0,0
227,0.0,0.02772277227722773,0.07461957893630407,1.0,-0.0,0,0
228,0.0,0.02772277227722773,0.07461957893630407,1.0,-0.0,0,0
229,0.0,0.02772277227722773,0.07461957893630407,1.0,-0.0,0,0
230,0.0,0.0297029702970297,0.0815014480287393,1.0,-0.0,0,0
231,0.0,0.0019801980198019802,0.019801980198019802,1.0,-0.0,0,0
232,0.0,0.0019801980198019802,0.019801980198019802,1.0,-0.0,0,0
233,0.0,0.0019801980198019802,0.019801980198019802,1.0,-0.0,0,0
234,0.0,0.0019801980198019802,0.019801980198019802,1.0,-0.0,0,0
235,0.0,0.0,0.0,1.0,-0.0,0,0
236,0.0,0.0,0.0,1.0,-0.0,0,0
237,0.0,0.0,0.0,1.0,-0.0,0,0
238,0.0,0.0,0.0,1.0,-0.0,0,0
239,0.0,0.011881188118811881,0.047276579747775535,1.0,-0.0,0,0
240,0.2,0.03564356435643565,0.08154954567118415,0.0219304263845019,1.6589529244266186,0,0
241,0.2,0.03564356435643565,0.08154954567118415,0.0219304263845019,1.6589529244266186,0,0
242,0.2,0.03564356435643565,0.08154954567118415,0.0219304263845019,1.6589529244266186,0,0
243,0.2,0.03564356435643565,0.08154954567118415,0.0219304263845019,1.6589529244266186,0,0
244,0.2,0.023762376237623766,0.06471340450838889,0.0032311212459077425,2.490646745033819,0,0
245,0.2,0.021782178217821784,0.06230547612891991,0.002115616449879084,2.6745630648030154,0,0
246,0.2,0.021782178217821784,0.06230547612891991,0.002115616449879084,2.6745630648030154,0,0
247,0.4,0.0712871287128713,0.12454800153280307,0.004154527562924104,2.381478355389047,0,0
248,0.6,0.11287128712871286,0.15002532217723416,0.0005831898632370769,3.234190033349995,0,0
249,0.6,0.11287128712871286,0.15002532217723416,0.0005831898632370769,3.234190033349995,0,0
250,0.4,0.0910891089108911,0.13937555924568534,0.013332329485896178,1.8750939620278293,0,0
251,0.4,0.10495049504950495,0.14513649268759363,0.021030781261714673,1.6771445936308766,0,0
252,0.2,0.05544554455445544,0.10575073206193021,0.0858227237563678,1.0663977063776964,0,0
253,0.0,0.021782178217821784,0.06230547612891991,1.0,-0.0,0,0
254,0.0,0.021782178217821784,0.06230547612891991,1.0,-0.0,0,0
255,0.2,0.051485148514851496,0.096075322540263,0.06107440442601424,1.2141407594058025,0,0
256,0.2,0.03762376237623763,0.08307396817189319,0.025315250600093635,1.5966177690988212,0,0
257,0.2,0.03762376237623763,0.08307396817189319,0.025315250600093635,1.5966177690988212,0,0
258,0.2,0.0297029702970297,0.07112192077650681,0.008322928729312118,2.079723824290396,0,0
259,0.2,0.03564356435643565,0.08154954567118415,0.0219304263845019,1.6589529244266186,0,0
260,0.0,0.0059405940594059415,0.033953323167291584,1.0,-0.0,0,0
261,0.0,0.0059405940594059415,0.033953323167291584,1.0,-0.0,0,0
262,0.0,0.0059405940594059415,0.033953323167291584,1.0,-0.0,0,0
263,0.0,0.0059405940594059415,0.033953323167291584,1.0,-0.0,0,0
264,0.0,0.0059405940594059415,0.03395332316729158,1.0,-0.0,0,0
265,0.0,0.0059405940594059415,0.03395332316729158,1.0,-0.0,0,0
266,0.0,0.0059405940594059415,0.03395332316729158,1.0,-0.0,0,0
267,0.0,0.0059405940594059415,0.03395332316729158,1.0,-0.0,0,0
268,0.0,0.0059405940594059415,0.03395332316729158,1.0,-0.0,0,0
269,0.0,0.015841584158415842,0.06090517425437506,1.0,-0.0,0,0
270,0.0,0.015841584158415842,0.06090517425437506,1.0,-0.0,0,0
271,0.0,0.017821782178217824,0.0635517090529949,1.0,-0.0,0,0
272,0.0,0.017821782178217824,0.0635517090529949,1.0,-0.0,0,0
273,0.0,0.021782178217821784,0.06836703565002801,1.0,-0.0,0,0
274,0.0,0.0059405940594059415,0.03395332316729158,1.0,-0.0,0,0
275,0.0,0.015841584158415842,0.06090517425437506,1.0,-0.0,0,0
276,0.0,0.013861386138613863,0.05079507064705211,1.0,-0.0,0,0
277,0.0,0.0297029702970297,0.07112192077650681,1.0,-0.0,0,0
278,0.0,0.05544554455445545,0.09384550979067553,1.0,-0.0,0,0
279,0.0,0.17425742574257427,0.1680720409815679,1.0,-0.0,0,0
280,0.0,0.2871287128712871,0.22234722926919925,1.0,-0.0,0,0
281,0.0,0.34950495049504954,0.2492061703129103,1.0,-0.0,0,0
282,0.0,0.6871287128712871,0.35534486563338247,1.0,-0.0,0,0
283,0.0,0.7247524752475247,0.36570992687194726,1.0,-0.0,0,0
284,0.0,0.6257425742574257,0.34659688267282746,1.0,-0.0,0,0
285,0.0,0.5069306930693069,0.31911307339623507,1.0,-0.0,0,0
286,0.0,0.4495049504950495,0.2834105451535025,1.0,-0.0,0,0
287,0.0,0.09504950495049505,0.14513649268759363,1.0,-0.0,0,0
288,0.0,0.033663366336633666,0.07994704648786674,1.0,-0.0,0,0
289,0.0,0.015841584158415842,0.05401260078014202,1.0,-0.0,0,0
290,0.0,0.009900990099009901,0.04338396495090424,1.0,-0.0,0,0
291,0.0,0.023762376237623766,0.06471340450838887,1.0,-0.0,0,0
292,0.0,0.023762376237623766,0.06471340450838887,1.0,-0.0,0,0
293,0.0,0.017821782178217824,0.05698017651460656,1.0,-0.0,0,0
294,0.0,0.017821782178217824,0.05698017651460656,1.0,-0.0,0,0
295,0.0,0.017821782178217824,0.05698017651460656,1.0,-0.0,0,0
296,0.0,0.0,0.0,1.0,-0.0,0,0
297,0.0,0.0,0.0,1.0,-0.0,0,0
298,0.0,0.0,0.0,1.0,-0.0,0,0
299,0.0,0.0,0.0,1.0,-0.0,0,0
300,0.0,0.0,0.0,1.0,-0.0,0,0
301,0.0,0.0,0.0,1.0,-0.0,0,0
302,0.0,0.0,0.0,1.0,-0.0,0,0
303,0.0,0.0,0.0,1.0,-0.0,0,0
304,0.0,0.0,0.0,1.0,-0.0,0,0
305,0.0,0.05940594059405942,0.10733330877518932,1.0,-0.0,0,0
306,0.0,0.05940594059405942,0.10733330877518932,1.0,-0.0,0,0
307,0.0,0.05940594059405942,0.10733330877518932,1.0,-0.0,0,0
308,0.0,0.06732673267326733,0.11698261772468857,1.0,-0.0,0,0
309,0.0,0.06732673267326733,0.11698261772468857,1.0,-0.0,0,0
310,0.0,0.007920792079207921,0.03900537743285587,1.0,-0.0,0,0
311,0.0,0.007920792079207921,0.03900537743285587,1.0,-0.0,0,0
312,0.8,0.041584158415841586,0.08116396646304633,1.0004627447655364e-17,16.999799078985788,0,0
313,0.8,0.039603960396039604,0.07970143286137865,1.0000710338050437e-17,16.999969151506072,0,0
314,0.8,0.039603960396039604,0.07970143286137865,1.0000710338050437e-17,16.999969151506072,0,0
315,1.2,0.1188118811881188,0.14122019271030048,9.597344629431739e-15,14.017848909908826,1,0
316,1.2,0.14059405940594058,0.15297590428378585,2.1750809338993016e-12,11.662524578483175,1,0
317,0.4,0.10495049504950493,0.1395723579145037,0.01725961023241396,1.7629690160265539,0,0
318,0.4,0.12673267326732673,0.15851482056387725,0.042360882711092035,1.373034998692924,0,0
319,0.4,0.12673267326732673,0.15851482056387725,0.042360882711092035,1.373034998692924,0,0
320,0.0,0.047524752475247525,0.09397077637785882,1.0,-0.0,0,0
321,0.0,0.03168316831683169,0.0730260947112308,1.0,-0.0,0,0
322,0.0,0.03168316831683169,0.0730260947112308,1.0,-0.0,0,0
323,0.0,0.0039603960396039604,0.027863855998951064,1.0,-0.0,0,0
324,0.0,0.0039603960396039604,0.027863855998951064,1.0,-0.0,0,0
325,0.0,0.0039603960396039604,0.027863855998951064,1.0,-0.0,0,0
326,0.0,0.0,0.0,1.0,-0.0,0,0
327,0.0,0.0,0.0,1.0,-0.0,0,0
328,0.2,0.08118811881188118,0.12325042629382527,0.16752607431728717,0.7759175883237079,0,0
329,0.2,0.08118811881188118,0.12325042629382527,0.16752607431728717,0.7759175883237079,0,0
330,0.2,0.08118811881188118,0.12325042629382527,0.16752607431728717,0.7759175883237079,0,0
331,0.2,0.08118811881188118,0.12325042629382527,0.16752607431728717,0.7759175883237079,0,0
332,0.2,0.08118811881188118,0.12325042629382527,0.16752607431728717,0.7759175883237079,0,0
333,0.0,0.0,0.0,1.0,-0.0,0,0
334,0.0,0.0,0.0,1.0,-0.0,0,0
335,0.0,0.0,0.0,1.0,-0.0,0,0
336,0.0,0.0,0.0,1.0,-0.0,0,0
337,0.2,0.057425742574257435,0.09885135821266286,0.07460753442729876,1.127217312004932,0,0
338,0.4,0.11881188118811879,0.14939672169394072,0.02990733589871633,1.5242222715563556,0,0
339,0.4,0.11881188118811879,0.14939672169394072,0.02990733589871633,1.5242222715563556,0,0
340,0.4,0.11881188118811879,0.14939672169394072,0.02990733589871633,1.5242222715563556,0,0
341,0.4,0.11881188118811879,0.14939672169394072,0.02990733589871633,1.5242222715563556,0,0
342,0.4,0.08712871287128712,0.1390657415135005,0.01223055215071779,1.9125539362100747,0,0
343,0.2,0.04752475247524753,0.11309687375282088,0.0887998152767417,1.0515879376490476,0,0
344,0.2,0.04752475247524753,0.11309687375282088,0.0887998152767417,1.0515879376490476,1,0
345,0.6,0.07722772277227724,0.1377910515415034,7.413495117120227e-05,4.129976994151471,0,0
346,0.8,0.08910891089108909,0.14752142995793405,7.217576692830987e-07,6.141608592678092,0,0
347,0.8,0.08514851485148513,0.14984225277142668,9.179628860136066e-07,6.037174877323079,0,0
348,0.8,0.06336633663366337,0.11917436454123627,3.181978206774427e-10,9.497302799142618,1,0
349,0.8,0.06930693069306931,0.12084076279122662,7.39014969735174e-10,9.131346764301338,0,0
350,0.4,0.039603960396039604,0.08452453849668534,1.0048801267895168e-05,4.9978857426005865,0,0
351,0.2,0.04950495049504951,0.09504950495049506,0.056672754609762926,1.2466256777282645,0,0
352,0.0,0.039603960396039604,0.08452453849668534,1.0,-0.0,0,0
353,0.0,0.05742574257425742,0.10656335878870264,1.0,-0.0,0,0
354,0.0,0.07524752475247526,0.12219602867755655,1.0,-0.0,0,0
355,0.0,0.07524752475247526,0.12219602867755655,1.0,-0.0,0,0
356,0.4,0.18019801980198016,0.18563234289517566,0.11819236597226958,0.9274105735663272,0,0
357,0.4,0.1801980198019802,0.17235687245139755,0.10110640329962751,0.9952213386757506,0,0
358,0.4,0.16237623762376233,0.1609695163002105,0.06994463593946672,1.1552455859786703,0,0
359,0.4,0.17227722772277224,0.1665722047113908,0.08579518371166185,1.0665370914771453,4,0
360,0.4,0.23366336633663365,0.1847005753086894,0.18390729110933918,0.7354010525684287,1,0
361,0.0,0.10693069306930691,0.13368903310588712,1.0,-0.0,0,0
362,0.0,0.1603960396039604,0.1712384753198294,1.0,-0.0,0,0
363,0.0,0.1603960396039604,0.1712384753198294,1.0,-0.0,0,0
364,0.0,0.16237623762376235,0.17511042352027043,1.0,-0.0,0,0
365,0.0,0.20396039603960395,0.19494644711665696,1.0,-0.0,0,0
366,0.0,0.2178217821782178,0.1972062495766079,1.0,-0.0,0,0
367,0.0,0.15445544554455443,0.1613831014717559,1.0,-0.0,0,0
368,0.0,0.16831683168316827,0.16586448785245092,1.0,-0.0,0,0
369,0.0,0.1386138613861386,0.15088537189345533,1.0,-0.0,0,0
370,0.0,0.033663366336633666,0.07994704648786674,1.0,-0.0,2,0
371,0.2,0.09306930693069307,0.12448501897427099,0.1951745530929055,0.7095768064016366,0,0
372,0.2,0.09306930693069307,0.12448501897427099,0.1951745530929055,0.7095768064016366,0,0
373,0.2,0.10099009900990098,0.12467387119760154,0.21355371500123171,0.6704928691423239,0,0
374,0.2,0.09702970297029703,0.11811677855054843,0.19166777960950088,0.7174508882377105,0,0
375,0.2,0.10891089108910891,0.12750384183766536,0.23748905286652017,0.6243564045201095,0,0
376,0.0,0.11683168316831684,0.1442421691205886,1.0,-0.0,0,0
377,0.0,0.1821782178217822,0.17142156917092394,1.0,-0.0,0,0
378,0.0,0.22970297029702968,0.1957693907320881,1.0,-0.0,0,0
379,0.2,0.33267326732673275,0.2409177629260345,1.0,-0.0,0,0
380,0.2,0.3207920792079208,0.2422325335979886,1.0,-0.0,0,0
381,0.4,0.25346534653465347,0.2402821593998814,0.270982547817705,0.5670586782419469,0,0
382,0.4,0.1900990099009901,0.22227667644201635,0.17250229406016665,0.763205124990436,0,0
383,0.4,0.1188118811881188,0.16928087345079218,0.04834925645522859,1.3156102003787928,2,0
384,0.2,0.02772277227722772,0.06910862719451544,0.0063361735559086295,2.1981729353735644,0,0
385,0.2,0.02772277227722772,0.06910862719451544,0.0063361735559086295,2.1981729353735644,0,0
386,0.0,0.011881188118811883,0.047276579747775535,1.0,-0.0,0,0
387,0.0,0.011881188118811883,0.047276579747775535,1.0,-0.0,0,0
388,0.0,0.011881188118811883,0.047276579747775535,1.0,-0.0,0,0
389,0.0,0.0,0.0,1.0,-0.0,0,0
390,0.0,0.061386138613861385,0.11166631429601334,1.0,-0.0,0,0
391,0.0,0.10099009900990098,0.14246420394934614,1.0,-0.0,0,0
392,0.0,0.10099009900990098,0.14246420394934614,1.0,-0.0,0,0
393,0.0,0.11287128712871286,0.15264231556912292,1.0,-0.0,0,0
394,0.0,0.12079207920792079,0.1594028657227573,1.0,-0.0,0,0
395,0.0,0.0594059405940594,0.10357779667819421,1.0,-0.0,2,0
396,0.0,0.019801980198019802,0.059735061897023205,1.0,-0.0,0,0
397,0.0,0.03564356435643565,0.08154954567118416,1.0,-0.0,0,0
398,0.2,0.051485148514851496,0.09186070102766894,0.0529672293593788,1.275992743798466,0,0
399,0.2,0.04356435643564357,0.08255312311158747,0.029048226759887566,1.5368803738382273,0,0
400,0.2,0.04950495049504951,0.08631483056516186,0.040617958542992695,1.3912819080063725,0,0
401,0.2,0.04950495049504951,0.08631483056516186,0.040617958542992695,1.3912819080063725,0,0
402,0.2,0.033663366336633666,0.07482947971362848,0.013112090674369045,1.882328056139665,0,0
403,0.0,0.017821782178217824,0.0635517090529949,1.0,-0.0,1,0
404,0.0,0.017821782178217824,0.0635517090529949,1.0,-0.0,0,0
405,0.0,0.011881188118811883,0.04727657974777554,1.0,-0.0,0,0
406,0.0,0.019801980198019802,0.0597350618970232,1.0,-0.0,0,0
407,0.0,0.08316831683168316,0.13575553664160483,1.0,-0.0,0,0
408,0.0,0.0792079207920792,0.1292145592164392,1.0,-0.0,1,0
409,0.0,0.0792079207920792,0.1292145592164392,1.0,-0.0,0,0
410,0.0,0.13267326732673268,0.1741223598968761,1.0,-0.0,0,0
411,0.0,0.12475247524752475,0.17315130486098354,1.0,-0.0,0,0
412,0.0,0.08514851485148513,0.130031327995105,1.0,-0.0,0,0
413,0.0,0.07722772277227723,0.12576985749069639,1.0,-0.0,0,0
414,0.0,0.07722772277227723,0.12576985749069639,1.0,-0.0,0,0
415,0.0,0.023762376237623766,0.06471340450838887,1.0,-0.0,1,0
416,0.0,0.03960396039603961,0.08452453849668534,1.0,-0.0,0,0
417,0.2,0.11287128712871286,0.15521519162190436,0.2872824121562718,0.5416909613289329,0,0
418,0.2,0.11287128712871286,0.15521519162190436,0.2872824121562718,0.5416909613289329,0,0
419,0.2,0.22178217821782173,0.19274153441415962,1.0,-0.0,0,0
420,0.2,0.22178217821782173,0.19274153441415962,1.0,-0.0,0,0
421,0.4,0.21386138613861383,0.187230838076401,0.16007092428401076,0.7956875473422975,0,0
422,0.2,0.12079207920792079,0.14094225464771679,0.28706194045118183,0.5420243837756052,0,0
423,0.2,0.12079207920792079,0.14094225464771679,0.28706194045118183,0.5420243837756052,0,0
424,0.2,0.013861386138613863,0.05079507064705211,0.00012391038159364294,3.90689230556944,0,0
425,0.2,0.019801980198019802,0.059735061897023205,0.001278047474114718,2.8934530136556162,0,0
426,0.0,0.011881188118811883,0.047276579747775535,1.0,-0.0,0,0
427,0.0,0.0059405940594059415,0.03395332316729158,1.0,-0.0,0,0
428,0.0,0.0059405940594059415,0.03395332316729158,1.0,-0.0,0,0
429,0.0,0.0059405940594059415,0.03395332316729158,1.0,-0.0,0,0
430,0.0,0.0,0.0,1.0,-0.0,0,0
431,0.0,0.0,0.0,1.0,-0.0,0,0
432,0.0,0.0,0.0,1.0,-0.0,0,0
433,0.0,0.0,0.0,1.0,-0.0,0,0
434,0.0,0.0,0.0,1.0,-0.0,0,0
435,0.0,0.0,0.0,1.0,-0.0,0,0
436,0.0,0.0,0.0,1.0,-0.0,0,0
437,0.6,0.11881188118811879,0.1596486682831396,0.001288951864943586,2.889763300784471,0,0
438,0.6,0.11881188118811879,0.1596486682831396,0.001288951864943586,2.889763300784471,0,0
439,0.6,0.11881188118811879,0.1596486682831396,0.001288951864943586,2.889763300784471,0,0
440,0.6,0.11881188118811879,0.1596486682831396,0.001288951864943586,2.889763300784471,0,0
441,0.6,0.11881188118811879,0.1596486682831396,0.001288951864943586,2.889763300784471,0,0
442,0.0,0.0,0.0,1.0,-0.0,0,0
443,0.0,0.07524752475247526,0.1253951698929708,1.0,-0.0,0,0
444,0.0,0.12673267326732673,0.1454872925680942,1.0,-0.0,0,0
445,0.0,0.1316831683168317,0.14686876547159336,1.0,-0.0,0,0
446,0.0,0.17821782178217818,0.17096346688435152,1.0,-0.0,0,0
447,0.0,0.22178217821782173,0.19881030333482985,1.0,-0.0,1,0
448,0.0,0.1465346534653465,0.1662423117767553,1.0,-0.0,0,0
449,0.0,0.09306930693069307,0.12762679639066948,1.0,-0.0,0,0
450,0.0,0.0891089108910891,0.12420120222231065,1.0,-0.0,0,0
451,0.0,0.04356435643564357,0.0916470215081674,1.0,-0.0,0,0
452,0.0,0.011881188118811881,0.04727657974777554,1.0,-0.0,0,0
453,0.0,0.011881188118811881,0.04727657974777554,1.0,-0.0,0,0
454,0.0,0.011881188118811881,0.04727657974777554,1.0,-0.0,0,0
455,0.0,0.011881188118811881,0.04727657974777554,1.0,-0.0,0,0
456,0.0,0.06336633663366337,0.10120342446875752,1.0,-0.0,0,0
457,0.0,0.22178217821782176,0.19881030333482985,1.0,-0.0,0,0
458,0.0,0.30099009900990104,0.24955209361318303,1.0,-0.0,0,0
459,0.0,0.7742574257425742,0.41426386228269196,1.0,-0.0,0,0
460,0.0,0.7742574257425742,0.41426386228269196,1.0,-0.0,0,0
461,0.0,0.7227722772277226,0.3939847682935084,1.0,-0.0,0,0
462,0.0,0.5524752475247524,0.37246677289668056,1.0,-0.0,0,0
463,0.0,0.4712871287128712,0.3360624157207594,1.0,-0.0,0,0
464,0.4,0.5782178217821782,0.3081737841973949,1.0,-0.0,0,0
465,0.4,0.7207920792079207,0.34934644261386716,1.0,-0.0,0,0
466,0.4,1.083168316831683,0.43442674345834237,1.0,-0.0,0,0
467,0.4,1.083168316831683,0.43442674345834237,1.0,-0.0,1,0
468,0.4,1.083168316831683,0.43442674345834237,1.0,-0.0,0,0
469,0.0,0.5049504950495051,0.314147041822605,1.0,-0.0,0,0
470,0.0,0.36237623762376237,0.2496934695627424,1.0,-0.0,0,0
471,0.0,0.0019801980198019802,0.0198019801980198,1.0,-0.0,0,0
472,0.0,0.007920792079207921,0.03900537743285587,1.0,-0.0,0,0
473,0.0,0.007920792079207921,0.03900537743285587,1.0,-0.0,0,0
474,0.0,0.007920792079207921,0.03900537743285587,1.0,-0.0,0,0
475,0.0,0.007920792079207921,0.03900537743285587,1.0,-0.0,0,0
476,0.0,0.0059405940594059415,0.03395332316729158,1.0,-0.0,0,0
477,0.0,0.0039603960396039604,0.02786385599895107,1.0,-0.0,0,0
478,0.0,0.009900990099009901,0.04338396495090424,1.0,-0.0,0,0
479,0.0,0.009900990099009901,0.04338396495090424,1.0,-0.0,0,0
480,0.0,0.009900990099009901,0.04338396495090424,1.0,-0.0,0,0
481,0.0,0.009900990099009901,0.04338396495090424,1.0,-0.0,0,0
482,0.0,0.0059405940594059415,0.03395332316729158,1.0,-0.0,0,0
483,0.0,0.43564356435643564,0.2875585720502392,1.0,-0.0,0,0
484,0.0,0.43564356435643564,0.2875585720502392,1.0,-0.0,0,0
485,0.0,0.43564356435643564,0.2875585720502392,1.0,-0.0,0,0
486,0.0,0.43564356435643564,0.2875585720502392,1.0,-0.0,0,0
487,0.0,0.4633663366336634,0.2841428912169967,1.0,-0.0,0,0
488,0.0,0.1386138613861386,0.15088537189345533,1.0,-0.0,0,0
489,0.2,0.42970297029702975,0.2956933635351021,1.0,-0.0,0,0
490,0.2,0.47920792079207924,0.3071158815329098,1.0,-0.0,0,0
491,0.2,0.5386138613861386,0.32180502584538223,1.0,-0.0,0,0
492,0.2,0.596039603960396,0.3245471459074549,1.0,-0.0,0,0
493,0.2,0.596039603960396,0.3548589992132304,1.0,-0.0,0,0
494,0.0,0.44950495049504957,0.27200166073176674,1.0,-0.0,1,0
495,0.0,0.4970297029702971,0.31290888356638785,1.0,-0.0,0,0
496,0.0,0.4693069306930693,0.31394726625911146,1.0,-0.0,0,0
497,0.0,0.3861386138613862,0.2845979282886603,1.0,-0.0,0,0
498,0.0,0.2752475247524752,0.23856250217577826,1.0,-0.0,0,0
499,0.2,0.41980198019801995,0.27790581850057555,1.0,-0.0,0,0
500,0.2,1.1722772277227724,0.4607610604510303,1.0,-0.0,0,0
501,0.2,1.1405940594059405,0.4612033802830497,1.0,-0.0,0,0
502,0.2,1.2831683168316828,0.4901140111715558,1.0,-0.0,2,0
503,0.4,1.7267326732673267,0.5374842551889515,1.0,-0.0,0,0
504,0.2,1.641584158415842,0.5260100753341181,1.0,-0.0,0,0
505,0.2,1.0455445544554456,0.3998823471713361,1.0,-0.0,0,0
506,0.2,1.0455445544554456,0.3998823471713361,1.0,-0.0,0,0
507,0.2,0.9009900990099009,0.37719523781023917,1.0,-0.0,0,0
508,0.0,0.45742574257425744,0.28050397877676725,1.0,-0.0,0,0
509,0.0,0.25346534653465347,0.22141057978050938,1.0,-0.0,0,0
510,0.0,0.0,0.0,1.0,-0.0,0,0
511,0.0,0.0,0.0,1.0,-0.0,0,0
512,0.0,0.0,0.0,1.0,-0.0,0,0
513,0.0,0.0,0.0,1.0,-0.0,0,0
514,0.0,0.0,0.0,1.0,-0.0,0,0
515,0.0,0.0,0.0,1.0,-0.0,0,0
516,0.0,0.0,0.0,1.0,-0.0,0,0
517,0.0,0.0,0.0,1.0,-0.0,0,0
518,0.0,0.0,0.0,1.0,-0.0,0,0
519,0.0,0.0,0.0,1.0,-0.0,0,0
520,0.0,0.0,0.0,1.0,-0.0,0,0
521,0.0,0.0,0.0,1.0,-0.0,0,0
522,0.0,0.0,0.0,1.0,-0.0,0,0
523,0.0,0.0,0.0,1.0,-0.0,0,0
524,0.0,0.0,0.0,1.0,-0.0,0,0
525,0.0,0.0,0.0,1.0,-0.0,0,0
526,0.0,0.0,0.0,1.0,-0.0,0,0
527,0.0,0.0,0.0,1.0,-0.0,0,0
528,0.0,0.0,0.0,1.0,-0.0,0,0
529,0.0,0.0,0.0,1.0,-0.0,0,0
530,0.0,0.0,0.0,1.0,-0.0,0,0
531,0.0,0.0,0.0,1.0,-0.0,0,0
532,0.0,0.0,0.0,1.0,-0.0,0,0
533,0.0,0.0,0.0,1.0,-0.0,0,0
534,0.0,0.0,0.0,1.0,-0.0,0,0
535,0.0,0.0,0.0,1.0,-0.0,0,0
536,0.0,0.0,0.0,1.0,-0.0,0,0
537,0.0,0.0,0.0,1.0,-0.0,0,0
538,0.0,0.0059405940594059415,0.03395332316729158,1.0,-0.0,0,0
539,0.0,0.0059405940594059415,0.03395332316729158,1.0,-0.0,0,0
540,0.0,0.0059405940594059415,0.03395332316729158,1.0,-0.0,0,0
541,0.0,0.0059405940594059415,0.03395332316729158,1.0,-0.0,0,0
542,0.0,0.0059405940594059415,0.03395332316729158,1.0,-0.0,0,0
543,0.0,0.0,0.0,1.0,-0.0,0,0
544,0.0,0.0,0.0,1.0,-0.0,0,0
545,0.0,0.0,0.0,1.0,-0.0,0,0
546,0.0,0.0,0.0,1.0,-0.0,0,0
547,0.0,0.0,0.0,1.0,-0.0,0,0
548,0.0,0.0,0.0,1.0,-0.0,0,0
549,0.0,0.18415841584158413,0.1963693596248423,1.0,-0.0,0,0
550,0.0,0.21782178217821782,0.21635872284536922,1.0,-0.0,0,0
551,0.0,0.21782178217821782,0.21635872284536922,1.0,-0.0,0,0
552,0.0,0.4178217821782179,0.2611460043062897,1.0,-0.0,0,0
553,0.0,0.6514851485148516,0.31922364406157044,1.0,-0.0,0,0
554,0.2,0.5089108910891089,0.277934036586499,1.0,-0.0,0,0
555,0.2,0.5544554455445545,0.28407388262066213,1.0,-0.0,2,0
556,0.2,0.5623762376237624,0.2838391278954654,1.0,-0.0,0,0
557,0.2,0.37623762376237624,0.23928462477509793,1.0,-0.0,0,0
558,0.2,0.14257425742574256,0.16004116713803365,0.35986541021271246,0.4438598951522592,0,0
559,0.0,0.1168316831683168,0.13280619910579972,1.0,-0.0,0,280
560,0.0,0.7405940594059406,0.3089997333530145,1.0,-0.0,0,0
561,0.0,1.6158415841584157,0.5359792875537257,1.0,-0.0,0,0
562,0.0,1.617821782178218,0.5333243472105103,1.0,-0.0,3,0
563,0.0,1.617821782178218,0.5333243472105103,1.0,-0.0,0,0
564,0.0,1.627722772277228,0.5384463921359263,1.0,-0.0,0,0
565,0.0,0.9267326732673266,0.46732673267326724,1.0,-0.0,0,0
566,0.0,0.04356435643564357,0.09164702150816742,1.0,-0.0,0,0
567,0.0,0.027722772277227727,0.06910862719451544,1.0,-0.0,0,0
568,0.0,0.027722772277227727,0.06910862719451544,1.0,-0.0,0,0
569,0.0,0.0,0.0,1.0,-0.0,0,0
570,0.0,0.0,0.0,1.0,-0.0,0,0
571,0.0,0.0,0.0,1.0,-0.0,0,0
572,0.0,0.0,0.0,1.0,-0.0,0,0
573,0.0,0.0,0.0,1.0,-0.0,0,0
574,0.0,0.0,0.0,1.0,-0.0,0,0
575,0.0,0.0,0.0,1.0,-0.0,0,0
576,0.0,0.0,0.0,1.0,-0.0,0,0
577,0.0,0.0,0.0,1.0,-0.0,0,0
578,0.0,0.0,0.0,1.0,-0.0,0,0
579,0.0,0.0,0.0,1.0,-0.0,0,0
580,0.0,0.0,0.0,1.0,-0.0,0,0
581,0.0,0.0,0.0,1.0,-0.0,0,0
582,0.0,0.0,0.0,1.0,-0.0,0,0
583,0.0,0.0,0.0,1.0,-0.0,0,0
584,0.0,0.0,0.0,1.0,-0.0,0,0
585,0.0,0.0,0.0,1.0,-0.0,0,0
586,0.0,0.0,0.0,1.0,-0.0,0,0
587,0.0,0.0,0.0,1.0,-0.0,0,0
588,0.0,0.0,0.0,1.0,-0.0,0,0
589,0.0,0.0,0.0,1.0,-0.0,0,0
590,0.2,0.0059405940594059415,0.03395332316729158,5.469865928325192e-09,8.262023318511567,0,0
591,0.2,0.0059405940594059415,0.03395332316729158,5.469865928325192e-09,8.262023318511567,0,0
592,0.2,0.0059405940594059415,0.03395332316729158,5.469865928325192e-09,8.262023318511567,0,0
593,0.2,0.0059405940594059415,0.03395332316729158,5.469865928325192e-09,8.262023318511567,0,0
594,0.2,0.0059405940594059415,0.03395332316729158,5.469865928325192e-09,8.262023318511567,0,0
595,0.0,0.0,0.0,1.0,-0.0,0,0
596,0.0,0.0,0.0,1.0,-0.0,0,0
597,0.0,0.0,0.0,1.0,-0.0,0,0
598,0.0,0.0,0.0,1.0,-0.0,0,0
599,0.0,0.0,0.0,1.0,-0.0,0,0
600,0.0,0.0,0.0,1.0,-0.0,0,0
601,0.0,0.0,0.0,1.0,-0.0,0,0
602,0.0,0.007920792079207921,0.03900537743285587,1.0,-0.0,0,0
603,0.0,0.007920792079207921,0.03900537743285587,1.0,-0.0,0,0
604,0.0,0.007920792079207921,0.03900537743285587,1.0,-0.0,0,0
605,0.0,0.007920792079207921,0.03900537743285587,1.0,-0.0,0,0
606,0.0,0.007920792079207921,0.03900537743285587,1.0,-0.0,0,0
607,0.0,0.0,0.0,1.0,-0.0,0,0
608,0.0,0.0,0.0,1.0,-0.0,0,0
609,0.0,0.19999999999999996,0.1929448697744442,1.0,-0.0,0,0
610,0.0,0.504950495049505,0.29730680144073934,1.0,-0.0,0,0
611,0.0,0.504950495049505,0.29730680144073934,1.0,-0.0,0,0
612,0.0,0.677227722772277,0.353730105795788,1.0,-0.0,0,0
613,0.0,0.7148514851485147,0.36407651752977177,1.0,-0.0,0,0
614,0.0,0.5148514851485149,0.3125703528297132,1.0,-0.0,0,0
615,0.0,0.2099009900990098,0.2204877358997276,1.0,-0.0,0,0
616,0.0,0.2099009900990098,0.2204877358997276,1.0,-0.0,0,0
617,0.0,0.03762376237623763,0.10034740165797965,1.0,-0.0,0,0
618,0.0,0.0,0.0,1.0,-0.0,0,0
619,0.0,0.03564356435643564,0.08154954567118415,1.0,-0.0,0,0
620,0.0,0.03564356435643564,0.08154954567118415,1.0,-0.0,0,0
621,0.0,0.05148514851485149,0.096075322540263,1.0,-0.0,0,0
622,0.0,0.05148514851485149,0.096075322540263,1.0,-0.0,0,0
623,0.0,0.28712871287128716,0.21875587294481547,1.0,-0.0,0,0
624,0.0,0.300990099009901,0.2297200403353468,1.0,-0.0,0,0
625,0.0,0.300990099009901,0.2297200403353468,1.0,-0.0,3,0
626,0.0,0.2851485148514852,0.22222374712195594,1.0,-0.0,0,0
627,0.2,0.34059405940594073,0.25100913865332003,1.0,-0.0,0,0
628,0.2,0.11485148514851483,0.15503825054307632,0.29143076583075234,0.5354646024451268,0,0
629,0.2,0.06534653465346535,0.11295810453031022,0.11661777127180524,0.9332352628086957,0,0
630,0.2,0.097029702970297,0.1451905170679078,0.239097660420293,0.6214246734514683,0,0
631,0.2,0.097029702970297,0.1451905170679078,0.239097660420293,0.6214246734514683,0,0
632,0.2,0.1485148514851485,0.16082329112274812,0.37443303447052767,0.4266258424783404,0,0
633,0.2,0.8316831683168315,0.3612219890320339,1.0,-0.0,0,0
634,0.4,0.8455445544554454,0.37218241893646126,1.0,-0.0,0,0
635,0.6,0.9742574257425741,0.3886135460678547,1.0,-0.0,1,0
636,0.6,0.9742574257425741,0.3886135460678547,1.0,-0.0,0,0
637,0.4,0.8673267326732674,0.37788072687133667,1.0,-0.0,0,0
638,0.4,0.17425742574257425,0.1680720409815679,0.08961496666038811,1.0476194524449152,0,0
639,0.2,0.1603960396039604,0.15674865288842219,0.40026586048382273,0.3976514502040848,0,0
640,0.0,0.0,0.0,1.0,-0.0,0,0
641,0.0,0.0,0.0,1.0,-0.0,0,0
642,0.0,0.011881188118811883,0.04727657974777555,1.0,-0.0,0,0
643,0.6,0.8099009900990101,0.32624626259990447,1.0,-0.0,0,0
644,0.6,0.8099009900990101,0.32624626259990447,1.0,-0.0,0,0
645,0.6,0.9881188118811882,0.36998451364777746,1.0,-0.0,1,0
646,0.6,1.0495049504950493,0.3821833478340353,1.0,-0.0,3,0
647,1.4,1.4217821782178217,0.45806393267212964,1.0,-0.0,0,0
648,1.0,0.7386138613861384,0.364507071745414,0.23665779113023538,0.6258791933334431,0,0
649,3.4,1.2554455445544555,0.518274984835166,1.752725223902539e-05,4.756286163253849,11,0
650,3.4,1.077227722772277,0.4800744967187538,6.5458091947225e-07,6.18403665819191,1,0
651,3.4,1.0158415841584156,0.4664448803337535,1.5994076532516482e-07,6.796040830191329,0,0
652,2.6,0.6316831683168317,0.34323178470754445,4.8854708845811854e-09,8.311093570590153,1,0
653,2.4,0.516831683168317,0.3021603098647521,2.297471114045585e-10,9.63874994026371,0,0
654,0.0,0.015841584158415842,0.05401260078014202,1.0,-0.0,1,0
655,0.0,0.015841584158415842,0.05401260078014202,1.0,-0.0,0,0
656,0.0,0.015841584158415842,0.05401260078014202,1.0,-0.0,0,0
657,0.0,0.015841584158415842,0.05401260078014202,1.0,-0.0,0,0
658,0.0,0.015841584158415842,0.05401260078014202,1.0,-0.0,0,0
659,0.0,0.0,0.0,1.0,-0.0,0,0
660,0.0,0.0059405940594059415,0.03395332316729158,1.0,-0.0,0,0
661,0.0,0.033663366336633666,0.08930671115865095,1.0,-0.0,0,0
662,0.4,0.394059405940594,0.2890139542960944,0.4918004399654797,0.3082110870765725,0,0
663,0.4,0.4217821782178217,0.29234590944888045,1.0,-0.0,0,0
664,1.0,0.594059405940594,0.3088855028917297,0.094387675537371,1.0250847090445043,1,0
665,1.0,0.6376237623762375,0.3350340562409888,0.1397128950528898,0.8547635080457082,0,0
666,3.0,1.279207920792079,0.48181111119188,0.00017746607575390208,3.7508846539946745,1,0
667,2.6,0.9198019801980197,0.4202827435792889,3.196964423076125e-05,4.4952621966803585,0,0
668,2.6,0.9049504950495049,0.4151526589370797,2.2233345579817853e-05,4.652995181586658,4,0
669,2.0,0.7722772277227722,0.4029885416844356,0.0011574386945061453,2.93650200276598,0,0
670,2.0,0.7207920792079207,0.3940942320050337,0.0005853087309782945,3.2326149975201717,0,0
671,7.0,0.9613861386138615,0.406621018735098,1e-17,17.0,0,0
672,8.0,1.3148514851485147,0.49500197791661266,1e-17,17.0,0,0
673,14.0,2.328712871287129,0.5618809700352871,1e-17,17.0,35,0
674,22.4,3.645544554455446,0.8314992724555498,1e-17,17.0,9,0
675,22.4,3.645544554455446,0.8314992724555498,1e-17,17.0,1,0
676,16.8,2.8851485148514855,0.7049171201355309,1e-17,17.0,1,0
677,16.4,2.649504950495049,0.690189206714073,1e-17,17.0,0,0
678,10.4,1.6851485148514855,0.5567561882825045,1e-17,17.0,2,0
679,2.8,0.8178217821782178,0.36489413617465216,2.7831617602047647e-08,7.555461551293432,0,0
680,3.2,0.8554455445544552,0.37666468727313007,2.415261865760148e-10,9.617035775600169,0,0
681,4.6,2.0871287128712868,0.6045476774614934,1.614995782872134e-05,4.79182860737483,1,0
682,4.2,2.0475247524752476,0.5924598928491613,0.0001400097730219848,3.8538416484547446,0,0
683,4.2,1.986138613861386,0.5810590711386701,6.947066403706742e-05,4.158198549891214,0,0
684,3.4,1.504950495049505,0.5078348990350828,9.512420922910536e-05,4.021708940511656,0,0
685,3.0,1.4673267326732673,0.49654427796364087,0.001012026969163254,2.994807913975746,0,0
686,0.2,0.15643564356435644,0.15821769786485684,0.39152582956220383,0.40723958158482554,0,0
687,0.0,0.08118811881188118,0.11664694237642095,1.0,-0.0,0,0
688,0.0,0.11485148514851484,0.13598641357140118,1.0,-0.0,0,0
689,0.8,0.405940594059406,0.28347971522876514,0.08225233391358634,1.084851770078157,0,0
690,1.2,0.6455445544554455,0.35025443438588993,0.05670986153454864,1.2463414131064343,0,0
691,1.2,0.598019801980198,0.34981754735799736,0.04263988680431069,1.3701839568972556,1,0
692,1.2,0.5940594059405941,0.352029977959016,0.04260041698285001,1.3705861499004615,0,0
693,1.4,0.6198019801980198,0.36424880028756484,0.01609927186919927,1.7931937656041599,0,0
694,0.6,0.3217821782178218,0.24519297730160963,0.1282527832671042,0.8919332013083172,0,0
695,0.2,0.08118811881188118,0.10964648079134362,0.13927321001496756,0.8561324145279547,0,0
696,0.2,0.08514851485148513,0.11378818137472192,0.15640470144165336,0.8057501964201678,0,0
697,0.2,0.10495049504950493,0.13078304733432372,0.2336827065616655,0.6313734259164431,0,0
698,0.0,0.05346534653465347,0.10489443673781407,1.0,-0.0,0,0
699,0.0,0.05346534653465347,0.10489443673781407,1.0,-0.0,0,0
700,0.0,0.05346534653465347,0.10489443673781407,1.0,-0.0,0,0
701,0.0,0.02772277227722772,0.07461957893630407,1.0,-0.0,0,0
702,0.0,0.007920792079207921,0.03900537743285587,1.0,-0.0,0,0
703,0.0,0.0,0.0,1.0,-0.0,0,0
704,0.0,0.0,0.0,1.0,-0.0,0,0
705,0.0,0.0,0.0,1.0,-0.0,0,0
706,0.0,0.0,0.0,1.0,-0.0,0,0
707,0.0,0.0,0.0,1.0,-0.0,0,0
708,0.0,0.009900990099009901,0.04338396495090424,1.0,-0.0,0,0
709,0.0,0.021782178217821784,0.06230547612891991,1.0,-0.0,0,0
710,0.0,0.021782178217821784,0.06230547612891991,1.0,-0.0,0,0
711,0.0,0.021782178217821784,0.06230547612891991,1.0,-0.0,0,0
712,0.0,0.021782178217821784,0.06230547612891991,1.0,-0.0,0,0
713,0.0,0.011881188118811883,0.04727657974777554,1.0,-0.0,0,0
714,0.0,0.0,0.0,1.0,-0.0,0,0
715,0.0,0.0,0.0,1.0,-0.0,0,0
716,0.0,0.025742574257425745,0.0669763743575753,1.0,-0.0,0,0
717,0.0,0.025742574257425745,0.0669763743575753,1.0,-0.0,0,0
718,0.0,0.031683168316831684,0.0730260947112308,1.0,-0.0,0,0
719,0.0,0.07326732673267328,0.10798889666879985,1.0,-0.0,0,0
720,0.0,0.08316831683168316,0.11351216354824961,1.0,-0.0,0,0
721,0.0,0.05742574257425742,0.09885135821266286,1.0,-0.0,0,0
722,0.4,0.44554455445544555,0.27986020289318625,1.0,-0.0,0,0
723,0.4,0.46534653465346537,0.2815922350570538,1.0,-0.0,0,0
724,0.4,0.6990099009900991,0.32042516603831744,1.0,-0.0,0,0
725,0.6,1.6653465346534653,0.5657616689493447,1.0,-0.0,0,0
726,0.8,1.7801980198019807,0.5880021219703406,1.0,-0.0,0,0
727,0.4,1.443564356435643,0.5359207569589345,1.0,-0.0,1,0
728,0.4,1.4178217821782177,0.5310919145531727,1.0,-0.0,0,0
729,0.4,1.1633663366336633,0.49105317658387504,1.0,-0.0,0,0
730,0.2,0.1881188118811881,0.17760069168141515,0.4733313247642605,0.3248347532499489,0,0
731,0.0,0.09900990099009901,0.14791959918402456,1.0,-0.0,0,0
732,0.0,0.4554455445544555,0.26117603316907,1.0,-0.0,0,0
733,0.0,1.3782178217821783,0.4857583558482998,1.0,-0.0,0,0
734,0.2,1.530693069306931,0.5185170351054436,1.0,-0.0,3,0
735,0.2,1.530693069306931,0.5185170351054436,1.0,-0.0,0,0
736,0.2,1.504950495049505,0.5062727785118722,1.0,-0.0,0,0
737,0.2,1.097029702970297,0.428318250685409,1.0,-0.0,0,0
738,0.2,0.17623762376237626,0.17414487814590618,0.44573207631638706,0.3509261115589876,0,0
739,0.0,0.0,0.0,1.0,-0.0,0,0
740,0.0,0.011881188118811881,0.047276579747775535,1.0,-0.0,0,0
741,0.0,0.011881188118811881,0.047276579747775535,1.0,-0.0,0,0
742,0.0,0.011881188118811881,0.047276579747775535,1.0,-0.0,0,0
743,0.0,0.011881188118811881,0.047276579747775535,1.0,-0.0,0,0
744,0.0,0.011881188118811881,0.047276579747775535,1.0,-0.0,0,0
745,0.0,0.0,0.0,1.0,-0.0,0,0
746,0.0,0.1485148514851485,0.1703891070439521,1.0,-0.0,0,0
747,0.0,0.1485148514851485,0.1703891070439521,1.0,-0.0,0,0
748,0.0,1.1405940594059407,0.4310195644227816,1.0,-0.0,1,0
749,0.0,1.1405940594059407,0.4310195644227816,1.0,-0.0,0,0
750,0.0,1.217821782178218,0.4432990720138144,1.0,-0.0,2,0
751,0.0,1.2910891089108911,0.46631035641002616,1.0,-0.0,0,0
752,0.0,2.9792079207920783,0.7878177443756282,1.0,-0.0,0,0
753,0.0,2.5267326732673268,0.6080143121538693,1.0,-0.0,0,0
754,0.0,2.5346534653465347,0.612806503397935,1.0,-0.0,1,0
755,0.0,2.556435643564357,0.6027027971561384,1.0,-0.0,0,0
756,0.0,2.3782178217821786,0.5698017651460657,1.0,-0.0,0,0
757,0.0,0.6891089108910892,0.3463818616484008,1.0,-0.0,0,0
758,0.0,0.3108910891089109,0.23289014539388764,1.0,-0.0,0,0
759,0.0,0.30297029702970296,0.22797231269467202,1.0,-0.0,0,0
760,0.0,0.21584158415841584,0.19434208548729184,1.0,-0.0,0,0
761,0.0,0.19999999999999998,0.1887950326582658,1.0,-0.0,0,0
762,0.0,1.577227722772277,0.5801811236684205,1.0,-0.0,0,0
763,0.0,1.78019801980198,0.5859780352691225,1.0,-0.0,0,0
764,0.0,1.78019801980198,0.5859780352691225,1.0,-0.0,0,0
765,0.0,1.7712871287128709,0.5870443897840301,1.0,-0.0,0,0
766,0.0,1.7435643564356436,0.5863827428444446,1.0,-0.0,0,0
767,0.0,0.37623762376237624,0.28878321543182794,1.0,-0.0,0,0
768,0.0,0.019801980198019802,0.059735061897023205,1.0,-0.0,0,0
769,0.0,0.019801980198019802,0.059735061897023205,1.0,-0.0,0,0
770,0.0,0.019801980198019802,0.059735061897023205,1.0,-0.0,0,0
771,0.0,0.019801980198019802,0.059735061897023205,1.0,-0.0,0,0
772,0.0,0.009900990099009901,0.04338396495090424,1.0,-0.0,0,0
773,0.0,0.0,0.0,1.0,-0.0,0,0
774,0.0,0.0,0.0,1.0,-0.0,0,0
775,0.0,0.05346534653465347,0.09287951999650358,1.0,-0.0,0,0
776,0.0,0.05346534653465347,0.09287951999650358,1.0,-0.0,0,0
777,0.0,0.1762376237623762,0.18516704518908453,1.0,-0.0,0,0
778,0.0,0.3524752475247526,0.2535272201707599,1.0,-0.0,0,0
779,0.0,0.3524752475247526,0.2535272201707599,1.0,-0.0,0,0
780,0.0,0.297029702970297,0.23982478981707217,1.0,-0.0,0,0
781,0.0,0.297029702970297,0.23982478981707217,1.0,-0.0,0,0
782,0.0,0.1762376237623762,0.18939639130642924,1.0,-0.0,0,0
783,0.0,0.0,0.0,1.0,-0.0,0,0
784,0.0,0.0,0.0,1.0,-0.0,0,0
785,0.0,0.0,0.0,1.0,-0.0,0,0
786,0.0,0.0,0.0,1.0,-0.0,0,0
787,0.0,0.0,0.0,1.0,-0.0,0,0
788,0.0,0.0,0.0,1.0,-0.0,0,0
789,0.0,0.0,0.0,1.0,-0.0,0,0
790,0.0,0.0,0.0,1.0,-0.0,0,0
791,0.0,0.0,0.0,1.0,-0.0,0,0
792,0.0,0.0,0.0,1.0,-0.0,0,0
793,0.0,0.0,0.0,1.0,-0.0,0,0
794,0.0,0.0,0.0,1.0,-0.0,0,0
795,0.0,0.0,0.0,1.0,-0.0,0,0
796,0.0,0.03762376237623763,0.07816140339006158,1.0,-0.0,0,0
797,0.0,0.03762376237623763,0.07816140339006158,1.0,-0.0,0,0
798,0.0,0.03762376237623763,0.07816140339006158,1.0,-0.0,0,0
799,0.0,0.03762376237623763,0.07816140339006158,1.0,-0.0,0,0
800,0.0,0.03762376237623763,0.07816140339006158,1.0,-0.0,0,0
801,0.0,0.0,0.0,1.0,-0.0,0,0
802,0.0,0.0,0.0,1.0,-0.0,0,0
803,0.0,0.0,0.0,1.0,-0.0,0,0
804,0.0,0.0059405940594059415,0.03395332316729158,1.0,-0.0,0,0
805,0.0,0.7584158415841583,0.3345655751948784,1.0,-0.0,0,0
806,0.0,0.79009900990099,0.3381677334395074,1.0,-0.0,0,0
807,0.0,0.9089108910891088,0.36318148912052217,1.0,-0.0,2,0
808,0.0,0.9445544554455445,0.36599930950666687,1.0,-0.0,0,0
809,0.0,0.9386138613861386,0.3634189402665959,1.0,-0.0,0,0
810,0.0,0.18613861386138614,0.16472581657889443,1.0,-0.0,0,0
811,0.0,0.1900990099009901,0.18320845158368912,1.0,-0.0,0,0
812,0.0,0.0712871287128713,0.12132652421418132,1.0,-0.0,0,0
813,0.0,0.19801980198019803,0.18129359046727286,1.0,-0.0,0,0
814,0.4,0.6336633663366336,0.28012628966758046,1.0,-0.0,0,0
815,0.4,0.7128712871287127,0.28481829063548836,1.0,-0.0,0,0
816,0.4,0.693069306930693,0.29726723175913194,1.0,-0.0,0,0
817,0.6,0.887128712871287,0.349727862047625,1.0,-0.0,0,0
818,0.6,0.7722772277227723,0.35602837017927724,1.0,-0.0,0,0
819,0.2,0.33663366336633666,0.23535217860833296,1.0,-0.0,0,0
820,0.2,0.25742574257425743,0.21495868111068375,1.0,-0.0,0,0
821,0.2,0.27722772277227725,0.2161229885091842,1.0,-0.0,0,0
822,0.0,0.08316831683168316,0.12670172889541695,1.0,-0.0,0,0
823,0.2,0.0712871287128713,0.11110305060677653,0.12333004940280463,0.9089310945328983,0,0
824,0.4,0.1386138613861386,0.14823736453237937,0.03892541108874225,1.4097667921797628,0,0
825,0.8,0.4079207920792078,0.27563901213949016,0.07744967291508846,1.1109804120102904,0,0
826,1.0,0.388118811881188,0.27260646161351326,0.012398240297508054,1.9066399505888632,0,0
827,1.0,0.388118811881188,0.27260646161351326,0.012398240297508054,1.9066399505888632,0,0
828,1.0,0.48316831683168315,0.30216030986475206,0.04359086246886548,1.3606045381453447,0,0
829,1.0,0.4554455445544555,0.3019655896482812,0.03566538255003317,1.4477531133374677,0,0
830,0.6,0.22178217821782176,0.18858722298311487,0.022453070129555566,1.6487242671700948,1,0
831,0.4,0.3069306930693069,0.22788629514163644,0.3414891405812832,0.4666231024088392,0,0
832,0.4,0.3069306930693069,0.22788629514163644,0.3414891405812832,0.4666231024088392,0,0
833,0.2,0.1782178217821782,0.16626589726481847,0.44788445244399466,0.3488340130966714,0,0
834,0.0,0.14059405940594058,0.15806892707703052,1.0,-0.0,0,0
835,0.0,0.10297029702970298,0.13383560593042218,1.0,-0.0,0,0
836,0.0,0.0,0.0,1.0,-0.0,0,0
837,0.0,0.0,0.0,1.0,-0.0,0,0
838,0.0,0.0,0.0,1.0,-0.0,0,0
839,0.0,0.20594059405940596,0.17678189402507444,1.0,-0.0,0,0
840,0.0,0.25346534653465347,0.19678824948601734,1.0,-0.0,0,0
841,0.0,0.28316831683168314,0.20346956224102195,1.0,-0.0,0,0
842,0.0,0.34851485148514855,0.22454083462278474,1.0,-0.0,0,0
843,0.0,0.3584158415841585,0.237673262171041,1.0,-0.0,0,0
844,0.0,0.16831683168316827,0.16101822851688022,1.0,-0.0,0,0
845,0.0,0.1485148514851485,0.15834156674616873,1.0,-0.0,0,0
846,0.0,0.2217821782178218,0.22142828908505915,1.0,-0.0,0,0
847,0.0,0.17623762376237626,0.1893963913064292,1.0,-0.0,0,0
848,0.0,0.20594059405940596,0.21146438137366325,1.0,-0.0,0,0
849,0.0,0.3386138613861387,0.24814970610408782,1.0,-0.0,0,0
850,0.0,0.31089108910891095,0.22773138167109017,1.0,-0.0,0,0
851,0.0,0.21386138613861388,0.1955088324308512,1.0,-0.0,0,0
852,0.0,0.19603960396039602,0.19290421984883255,1.0,-0.0,0,0
853,0.0,0.17623762376237626,0.19353333422369295,1.0,-0.0,0,0
854,0.0,0.033663366336633666,0.07482947971362845,1.0,-0.0,0,0
855,0.0,0.047524752475247525,0.0939707763778588,1.0,-0.0,0,0
856,0.2,0.2455445544554456,0.2318777214780903,1.0,-0.0,0,0
857,0.2,0.31683168316831684,0.2717997613746295,1.0,-0.0,0,0
858,0.2,0.4693069306930693,0.2997499202742859,1.0,-0.0,0,0
859,0.2,0.4613861386138614,0.30278257304629547,1.0,-0.0,0,0
860,0.2,0.44752475247524753,0.2940310684082469,1.0,-0.0,0,0
861,0.0,0.27326732673267323,0.21931084188452962,1.0,-0.0,0,0
862,0.0,0.20198019801980197,0.19395834911660803,1.0,-0.0,0,0
863,0.0,0.0297029702970297,0.08150144802873932,1.0,-0.0,0,0
864,0.0,0.0297029702970297,0.08150144802873932,1.0,-0.0,0,0
865,0.0,0.1069306930693069,0.14776046024695155,1.0,-0.0,0,0
866,0.2,0.14059405940594058,0.16300289605747864,0.35776206680006417,0.44640570919277556,0,0
867,0.2,0.18019801980198016,0.17689276383467162,0.4554341360823209,0.3415744208957119,0,0
868,0.2,0.24356435643564353,0.21174234370025033,1.0,-0.0,0,0
869,0.2,0.2831683168316831,0.22736950644605666,1.0,-0.0,0,0
870,0.2,0.6257425742574257,0.3337911439678905,1.0,-0.0,0,0
871,0.0,0.5643564356435643,0.32627029990055234,1.0,-0.0,0,0
872,0.0,0.7841584158415841,0.3793513675379805,1.0,-0.0,0,0
873,0.0,0.9960396039603961,0.42587610155662753,1.0,-0.0,0,0
874,0.0,0.9554455445544554,0.4151762711710718,1.0,-0.0,0,0
875,0.0,0.5663366336633664,0.31725219618579065,1.0,-0.0,0,0
876,0.0,0.7306930693069303,0.3706410219871624,1.0,-0.0,0,0
877,0.0,0.5465346534653465,0.31072077065106035,1.0,-0.0,0,0
878,0.2,0.33267326732673275,0.19955837920545144,1.0,-0.0,0,0
879,0.2,0.3485148514851486,0.20227119398977023,1.0,-0.0,0,0
880,0.2,0.3188118811881188,0.19331033444539852,1.0,-0.0,0,0
881,0.2,0.15445544554455445,0.17994760099542703,0.4000958631248704,0.39783593907671233,0,0
882,0.2,0.07722772277227724,0.12888031758632068,0.17039464501736873,0.7685440579023641,0,0
883,0.2,0.4198019801980198,0.26774444812363396,1.0,-0.0,0,0
884,0.4,0.8118811881188119,0.3784510192912007,1.0,-0.0,0,0
885,0.4,1.2257425742574255,0.4888162029501892,1.0,-0.0,0,0
886,0.4,1.4594059405940594,0.5246740087046946,1.0,-0.0,0,0
887,0.4,1.510891089108911,0.5321171965936593,1.0,-0.0,0,0
888,0.2,1.3267326732673268,0.4961018517888229,1.0,-0.0,0,0
889,0.0,0.9603960396039606,0.4193533938043263,1.0,-0.0,0,0
890,0.0,1.4297029702970299,0.547459398459351,1.0,-0.0,0,0
891,0.0,1.2811881188118812,0.5121712413372081,1.0,-0.0,0,0
892,0.0,1.2415841584158418,0.5153615143199126,1.0,-0.0,5,0
893,0.0,1.0198019801980198,0.4436615876459382,1.0,-0.0,0,0
894,0.0,1.0712871287128714,0.4638061718884891,1.0,-0.0,0,0
895,0.0,0.18811881188118812,0.20838232603685225,1.0,-0.0,0,0
896,0.0,0.19999999999999996,0.1929448697744442,1.0,-0.0,0,0
897,0.0,0.23168316831683164,0.20437332035549569,1.0,-0.0,0,0
898,0.0,0.23168316831683164,0.20437332035549569,1.0,-0.0,0,0
899,0.0,0.14059405940594058,0.13943181578046687,1.0,-0.0,0,0
900,0.0,0.14059405940594058,0.13943181578046687,1.0,-0.0,0,0
901,0.0,0.041584158415841586,0.09039772047931348,1.0,-0.0,0,0
902,0.0,0.0019801980198019802,0.019801980198019802,1.0,-0.0,0,0
903,0.0,0.2059405940594059,0.18120705414231045,1.0,-0.0,0,0
904,0.0,0.4118811881188119,0.2561277252198816,1.0,-0.0,0,0
905,0.0,0.4653465346534654,0.2565713162256716,1.0,-0.0,0,0
906,0.0,0.6019801980198021,0.3140221969892271,1.0,-0.0,0,0
907,0.0,1.1801980198019801,0.44097547179945523,1.0,-0.0,0,0
908,0.0,1.2871287128712872,0.4187826219210819,1.0,-0.0,0,0
909,0.2,1.2752475247524753,0.4606078507763882,1.0,-0.0,0,0
910,0.2,1.2752475247524753,0.4665877695056837,1.0,-0.0,0,0
911,0.2,1.4534653465346536,0.49463745227709655,1.0,-0.0,0,0
912,0.2,1.1128712871287127,0.4729648148713223,1.0,-0.0,0,0
913,0.4,0.8178217821782178,0.38905726107711164,1.0,-0.0,0,0
914,0.2,0.6237623762376238,0.29822860354196595,1.0,-0.0,0,0
915,0.2,1.2277227722772277,0.4467969197535111,1.0,-0.0,0,0
916,0.2,0.9821782178217822,0.4278419342627082,1.0,-0.0,0,0
917,0.2,1.2356435643564356,0.46193397977038164,1.0,-0.0,0,0
918,0.0,1.4831683168316834,0.5176239138833325,1.0,-0.0,0,0
919,0.0,1.4831683168316834,0.5176239138833325,1.0,-0.0,0,0
920,0.0,0.984158415841584,0.38143363573337047,1.0,-0.0,0,0
921,0.0,1.0613861386138614,0.3845970752656752,1.0,-0.0,0,0
922,0.0,0.9524752475247527,0.43157415282580924,1.0,-0.0,0,0
923,0.0,0.689108910891089,0.3642165034780062,1.0,-0.0,0,0
