,foreground,bg_means,bg_stdev,pvals,minus_logs,regs,active
2,0.0,0.19999999999999998,0.2048906977385796,1.0,-0.0,0,0
3,0.0,0.17425742574257425,0.1680720409815679,1.0,-0.0,0,0
4,0.0,0.03762376237623763,0.07816140339006158,1.0,-0.0,0,0
5,0.0,0.03762376237623763,0.07816140339006158,1.0,-0.0,0,0
6,0.0,0.061386138613861385,0.09644194583672018,1.0,-0.0,0,0
7,0.0,0.1188118811881188,0.13838736799727644,1.0,-0.0,0,0
8,0.0,0.0811881188118812,0.12642288870900886,1.0,-0.0,0,0
9,0.0,0.1346534653465346,0.15443005630372467,1.0,-0.0,0,0
10,0.0,0.1346534653465346,0.15443005630372467,1.0,-0.0,0,0
11,0.0,0.10891089108910887,0.13357165904190144,1.0,-0.0,0,0
12,0.0,0.19207920792079206,0.1564982955127068,1.0,-0.0,0,0
13,0.0,0.22178217821782176,0.1638666207174432,1.0,-0.0,0,0
14,0.0,0.20792079207920786,0.15394686515308362,1.0,-0.0,0,0
15,0.0,0.20792079207920786,0.15394686515308362,1.0,-0.0,0,0
16,0.0,0.23366336633663365,0.1713529319032391,1.0,-0.0,0,0
17,0.0,0.09306930693069307,0.13661931335176508,1.0,-0.0,0,0
18,0.0,0.06336633663366337,0.10504385908811757,1.0,-0.0,0,0
19,0.0,0.07326732673267328,0.10798889666879985,1.0,-0.0,0,0
20,0.0,0.07326732673267328,0.10798889666879985,1.0,-0.0,0,0
21,0.4,0.10099009900990098,0.1308729634998678,0.011164216741282849,1.9521717407404269,0,0
22,0.4,0.10099009900990098,0.1308729634998678,0.011164216741282849,1.9521717407404269,0,0
23,0.6,0.14455445544554454,0.1569986110329885,0.001860150151046124,2.7304519981805506,0,0
24,0.6,0.09504950495049505,0.12457948087149175,2.5256601632297658e-05,4.597625085753352,0,0
25,0.8,0.15643564356435644,0.16555687101844338,5.0688860816440197e-05,4.2950874690191165,0,0
26,0.4,0.10099009900990098,0.1396566153069739,0.016135550208832835,1.7922162209272032,0,0
27,0.6,0.1485148514851485,0.1558203213695525,0.0018809115663972044,2.725631622912436,0,0
28,0.4,0.10495049504950493,0.13078304733432372,0.012034609223915551,1.9195680071465304,0,0
29,0.6,0.15049504950495046,0.15772124951873168,0.0021859880636525037,2.6603522137971143,0,0
30,0.4,0.11485148514851483,0.1416914361980065,0.02208567245422131,1.6558893730090944,0,0
31,0.4,0.11485148514851483,0.1416914361980065,0.02208567245422131,1.6558893730090944,0,0
32,0.2,0.06930693069306931,0.10693069306930696,0.11081180122969687,0.9554139856724337,0,0
33,0.2,0.06930693069306931,0.10693069306930696,0.11081180122969687,0.9554139856724337,0,0
34,0.0,0.025742574257425748,0.06697637435757531,1.0,-0.0,0,0
35,0.0,0.0,0.0,1.0,-0.0,0,0
36,0.0,0.0,0.0,1.0,-0.0,0,0
37,0.0,0.01782178217821782,0.05698017651460657,1.0,-0.0,0,0
38,0.0,0.01782178217821782,0.05698017651460657,1.0,-0.0,0,0
39,0.0,0.03762376237623763,0.07816140339006158,1.0,-0.0,0,0
40,0.0,0.03762376237623763,0.07816140339006158,1.0,-0.0,0,0
41,0.0,0.03762376237623763,0.07816140339006158,1.0,-0.0,0,0
42,0.0,0.033663366336633666,0.07482947971362847,1.0,-0.0,0,0
43,0.0,0.033663366336633666,0.07482947971362847,1.0,-0.0,0,0
44,0.0,0.01386138613861386,0.05079507064705211,1.0,-0.0,0,0
45,0.0,0.09306930693069305,0.13368903310588712,1.0,-0.0,0,0
46,0.0,0.09306930693069305,0.13368903310588712,1.0,-0.0,0,0
47,0.0,0.12475247524752475,0.1588360762784592,1.0,-0.0,0,0
48,0.8,0.31089108910891095,0.22245301655419594,0.013949396447458398,1.8554445827279373,0,0
49,0.8,0.31089108910891095,0.22245301655419594,0.013949396447458398,1.8554445827279373,0,0
50,0.8,0.23168316831683167,0.1984747249635775,0.002095461996494115,2.6787202111663637,0,0
51,0.8,0.3227722772277228,0.23875966130213716,0.0228161522987196,1.6417575928856982,0,0
52,0.8,0.32079207920792085,0.23727697467208717,0.021711716349957985,1.663305843434003,0,0
53,0.0,0.21980198019801975,0.2039315561653939,1.0,-0.0,0,0
54,0.0,0.21980198019801975,0.2039315561653939,1.0,-0.0,0,0
55,0.0,0.21980198019801975,0.2039315561653939,1.0,-0.0,0,0
56,0.0,0.13069306930693067,0.1474150698648297,1.0,-0.0,0,0
57,0.0,0.29504950495049503,0.2463098899875835,1.0,-0.0,0,0
58,0.0,0.21188118811881182,0.2026004841572858,1.0,-0.0,0,0
59,0.2,0.2653465346534653,0.24064091138159704,1.0,-0.0,0,0
60,0.2,0.2653465346534653,0.24064091138159704,1.0,-0.0,0,0
61,0.2,0.2653465346534653,0.24064091138159704,1.0,-0.0,0,0
62,0.2,0.10495049504950495,0.1307830473343237,0.23368270656166545,0.6313734259164431,0,0
63,0.2,0.13267326732673265,0.1442693512878177,0.3203666231323762,0.49435273648447636,0,0
64,0.0,0.0891089108910891,0.12420120222231065,1.0,-0.0,0,0
65,0.0,0.0891089108910891,0.12420120222231065,1.0,-0.0,0,0
66,0.0,0.24158415841584158,0.19359410776396424,1.0,-0.0,0,0
67,0.0,0.19009900990099005,0.16739409271610342,1.0,-0.0,0,0
68,0.0,0.16435643564356434,0.14997303943573462,1.0,-0.0,0,0
69,0.0,0.15247524752475242,0.1411368687620235,1.0,-0.0,0,0
70,0.0,0.15247524752475242,0.1411368687620235,1.0,-0.0,0,0
71,0.0,0.0,0.0,1.0,-0.0,0,0
72,0.0,0.0,0.0,1.0,-0.0,0,0
73,0.0,0.0,0.0,1.0,-0.0,0,0
74,0.0,0.0,0.0,1.0,-0.0,0,0
75,0.0,0.0,0.0,1.0,-0.0,0,0
76,0.0,0.031683168316831684,0.07826167463512675,1.0,-0.0,0,0
77,0.0,0.031683168316831684,0.07826167463512675,1.0,-0.0,0,0
78,0.0,0.031683168316831684,0.07826167463512675,1.0,-0.0,0,0
79,0.0,0.031683168316831684,0.07826167463512675,1.0,-0.0,0,0
80,0.0,0.031683168316831684,0.07826167463512675,1.0,-0.0,0,0
81,0.0,0.011881188118811881,0.04727657974777554,1.0,-0.0,0,0
82,0.0,0.1168316831683168,0.14696218071508493,1.0,-0.0,0,0
83,0.0,0.1168316831683168,0.14696218071508493,1.0,-0.0,0,0
84,0.2,0.1861386138613861,0.18077375114498542,0.46943981703783805,0.3284200771011962,0,0
85,0.2,0.1861386138613861,0.18077375114498542,0.46943981703783805,0.3284200771011962,0,0
86,0.2,0.22574257425742572,0.2003232364917303,1.0,-0.0,0,0
87,0.2,0.21188118811881182,0.16844491341098405,1.0,-0.0,0,0
88,0.2,0.27326732673267323,0.18609647721933834,1.0,-0.0,0,0
89,0.0,0.25742574257425743,0.18739830755359968,1.0,-0.0,0,0
90,0.0,0.3841584158415842,0.2589899165693892,1.0,-0.0,0,0
91,0.0,0.33267326732673275,0.23593459023535018,1.0,-0.0,0,0
92,0.0,0.2455445544554455,0.2007534088956333,1.0,-0.0,0,0
93,0.0,0.2594059405940594,0.19809899406573941,1.0,-0.0,0,0
94,0.0,0.23564356435643566,0.19979403177234753,1.0,-0.0,0,0
95,0.0,0.1089108910891089,0.12750384183766533,1.0,-0.0,0,0
96,0.0,0.2158415841584158,0.1817040751992786,1.0,-0.0,0,0
97,0.0,0.30495049504950494,0.2098449392750725,1.0,-0.0,0,0
98,0.0,0.22970297029702968,0.1937358385526338,1.0,-0.0,0,0
99,0.0,0.30099009900990104,0.20024492404288474,1.0,-0.0,0,0
100,0.0,0.3405940594059407,0.2097514879503424,1.0,-0.0,0,0
101,0.0,0.23366336633663365,0.18036114909680317,1.0,-0.0,0,0
102,0.0,0.15643564356435644,0.1815313526553004,1.0,-0.0,0,0
103,0.0,0.15643564356435644,0.1815313526553004,1.0,-0.0,0,0
104,0.0,0.05544554455445545,0.1019369320889802,1.0,-0.0,0,0
105,0.0,0.017821782178217824,0.05698017651460656,1.0,-0.0,0,0
106,0.0,0.017821782178217824,0.05698017651460656,1.0,-0.0,0,0
107,0.0,0.10099009900990098,0.14246420394934614,1.0,-0.0,0,0
108,0.0,0.18811881188118812,0.19257871154715578,1.0,-0.0,0,0
109,0.0,0.36831683168316837,0.2724769744361577,1.0,-0.0,0,0
110,0.0,0.36831683168316837,0.2724769744361577,1.0,-0.0,0,0
111,0.0,0.5564356435643565,0.2794676132369334,1.0,-0.0,0,0
112,0.0,0.4534653465346534,0.22671321633840333,1.0,-0.0,0,0
113,0.0,0.36831683168316837,0.2024262207946621,1.0,-0.0,0,0
114,0.0,0.1881188118811881,0.16367507580017288,1.0,-0.0,0,0
115,0.0,0.31485148514851485,0.2239988236416518,1.0,-0.0,0,0
116,0.0,0.1277227722772277,0.14496077440151445,1.0,-0.0,0,0
117,0.0,0.1277227722772277,0.14496077440151445,1.0,-0.0,0,0
118,0.0,0.2039603960396039,0.19896802672602726,1.0,-0.0,0,0
119,0.0,0.2138613861386138,0.2014942708422178,1.0,-0.0,0,0
120,0.0,0.08514851485148513,0.130031327995105,1.0,-0.0,0,0
121,0.0,0.08514851485148513,0.130031327995105,1.0,-0.0,0,0
122,0.0,0.08514851485148513,0.130031327995105,1.0,-0.0,0,0
123,0.0,0.009900990099009901,0.04338396495090425,1.0,-0.0,0,0
124,0.0,0.0,0.0,1.0,-0.0,0,0
125,0.0,0.0,0.0,1.0,-0.0,0,0
126,0.0,0.011881188118811883,0.04727657974777555,1.0,-0.0,0,0
127,0.0,0.011881188118811883,0.04727657974777555,1.0,-0.0,0,0
128,0.0,0.0297029702970297,0.07112192077650681,1.0,-0.0,0,0
129,0.0,0.0297029702970297,0.07112192077650681,1.0,-0.0,0,0
130,0.0,0.04554455445544555,0.08846854615322249,1.0,-0.0,0,0
131,0.0,0.033663366336633666,0.07482947971362845,1.0,-0.0,0,0
132,0.2,0.07920792079207921,0.11631029826208643,0.1495109975624142,0.8253268608177716,0,0
133,0.2,0.061386138613861385,0.10433219700847123,0.09199298471617674,1.0362452902111776,0,0
134,0.2,0.07524752475247526,0.11205191564986228,0.13278007588509982,0.8768670874855233,0,0
135,0.2,0.09504950495049502,0.11464645406835747,0.17998367336829696,0.7447668887169481,0,0
136,0.2,0.13663366336633662,0.13476989724493904,0.3191126110326281,0.4960560325546593,0,0
137,0.0,0.08910891089108909,0.11765109526742927,1.0,-0.0,0,0
138,0.0,0.08910891089108909,0.11765109526742927,1.0,-0.0,0,0
139,0.0,0.07524752475247526,0.10089298378500594,1.0,-0.0,0,0
140,0.0,0.039603960396039604,0.07970143286137865,1.0,-0.0,0,0
141,0.0,0.03564356435643565,0.07653920035678292,1.0,-0.0,0,0
142,0.0,0.03564356435643565,0.07653920035678292,1.0,-0.0,0,0
143,0.0,0.03564356435643565,0.07653920035678292,1.0,-0.0,0,0
144,0.0,0.03564356435643565,0.07653920035678292,1.0,-0.0,0,0
145,0.0,0.03564356435643565,0.07653920035678292,1.0,-0.0,0,0
146,0.0,0.0,0.0,1.0,-0.0,0,0
147,0.0,0.02970297029702971,0.07648795214189293,1.0,-0.0,0,0
148,0.0,0.02970297029702971,0.07648795214189293,1.0,-0.0,0,0
149,0.0,0.02970297029702971,0.07648795214189293,1.0,-0.0,0,0
150,0.0,0.02970297029702971,0.07648795214189293,1.0,-0.0,0,0
151,0.0,0.05940594059405942,0.10357779667819422,1.0,-0.0,0,0
152,0.0,0.0297029702970297,0.07648795214189293,1.0,-0.0,0,0
153,0.0,0.0297029702970297,0.07648795214189293,1.0,-0.0,0,0
154,0.0,0.0297029702970297,0.07648795214189293,1.0,-0.0,0,0
155,0.0,0.0297029702970297,0.07648795214189293,1.0,-0.0,0,0
156,0.0,0.0,0.0,1.0,-0.0,0,0
157,0.0,0.0,0.0,1.0,-0.0,0,0
158,0.2,0.16831683168316827,0.17515520306927512,0.42822842982074316,0.36832450354225965,0,0
159,0.2,0.1861386138613861,0.18077375114498542,0.46943981703783805,0.3284200771011962,0,0
160,0.4,0.19405940594059404,0.18974802582007907,0.13888616428802486,0.8573410161245032,0,0
161,0.8,0.3247524752475248,0.22488982587258563,0.017289859031392314,1.7622085476247482,0,0
162,1.4,0.4158415841584158,0.2809928201990774,0.00023051519864774039,3.637300434824275,0,0
163,1.2,0.24752475247524755,0.24070608156867715,3.7947619141462675e-05,4.420815466834667,0,0
164,1.4,0.26534653465346536,0.24391024301248035,1.6442106795561243e-06,5.784042535271345,0,0
165,1.4,0.39603960396039606,0.2579127153293455,4.958037905171088e-05,4.3046901572891105,0,0
166,1.2,0.3326732673267327,0.2474059120655126,0.00022771853432446864,3.64260162012153,0,0
167,0.6,0.25742574257425743,0.22574257425742575,0.06456471435712463,1.190004766010051,0,0
168,0.6,0.27128712871287125,0.23307527941404238,0.07922125081358046,1.1011583048609428,0,0
169,0.4,0.2356435643564356,0.21135309408516964,0.21839089377855558,0.6607654743197464,0,0
170,0.2,0.09702970297029702,0.11811677855054843,0.19166777960950082,0.7174508882377106,0,0
171,0.0,0.031683168316831684,0.0730260947112308,1.0,-0.0,0,0
172,0.0,0.01386138613861386,0.05079507064705211,1.0,-0.0,0,0
173,0.0,0.0,0.0,1.0,-0.0,0,0
174,0.0,0.015841584158415842,0.05401260078014202,1.0,-0.0,0,0
175,0.0,0.06534653465346535,0.10189845806153354,1.0,-0.0,0,0
176,0.0,0.06534653465346535,0.10189845806153354,1.0,-0.0,0,0
177,0.0,0.06534653465346535,0.10189845806153354,1.0,-0.0,0,0
178,0.0,0.12475247524752472,0.12851469892742934,1.0,-0.0,0,0
179,0.0,0.1069306930693069,0.12762679639066946,1.0,-0.0,0,0
180,0.0,0.05742574257425742,0.09048443294095733,1.0,-0.0,0,0
181,0.4,0.10693069306930691,0.12126186845461277,0.007828166243359535,2.106339959993205,0,0
182,0.4,0.10693069306930691,0.12126186845461277,0.007828166243359535,2.106339959993205,0,0
183,0.4,0.049504950495049514,0.09078727434730811,5.6550139320870906e-05,4.247566320779005,0,0
184,0.4,0.07524752475247526,0.11205191564986228,0.0018763629215048038,2.7266831576610144,0,0
185,0.4,0.11980198019801977,0.13789061670141534,0.02107525444348377,1.6762271733943757,0,0
186,0.0,0.06930693069306931,0.11409790329416189,1.0,-0.0,0,0
187,0.2,0.11485148514851483,0.14984225277142668,0.2849311291521976,0.5452601008465133,0,0
188,0.4,0.18217821782178212,0.1782178217821782,0.11081180122969671,0.9554139856724344,0,0
189,0.4,0.21782178217821782,0.1868954489346046,0.16483964814072338,0.782938321171869,0,0
190,0.4,0.17425742574257425,0.17499842451711448,0.09853067949621953,1.0064285221789007,0,0
191,0.4,0.2158415841584158,0.20232934296150185,0.18136080514906022,0.7414565648322571,0,0
192,0.2,0.17029702970297025,0.1853786889262329,0.4363504951358634,0.36016452689411704,0,0
193,0.0,0.10297029702970295,0.13962853515884507,1.0,-0.0,0,0
194,0.0,0.041584158415841586,0.08116396646304633,1.0,-0.0,0,0
195,0.0,0.041584158415841586,0.08116396646304633,1.0,-0.0,0,0
196,0.0,0.0,0.0,1.0,-0.0,0,0
197,0.0,0.0,0.0,1.0,-0.0,0,0
198,0.0,0.0,0.0,1.0,-0.0,0,0
199,0.0,0.0,0.0,1.0,-0.0,0,0
200,0.0,0.0,0.0,1.0,-0.0,0,0
201,0.0,0.031683168316831684,0.0730260947112308,1.0,-0.0,0,0
202,0.0,0.031683168316831684,0.0730260947112308,1.0,-0.0,0,0
203,0.0,0.04554455445544555,0.08846854615322249,1.0,-0.0,0,0
204,0.0,0.06534653465346535,0.10189845806153354,1.0,-0.0,0,0
205,0.0,0.10099009900990098,0.12145573247679727,1.0,-0.0,0,0
206,0.0,0.06930693069306931,0.11409790329416189,1.0,-0.0,0,0
207,0.0,0.06930693069306931,0.11409790329416189,1.0,-0.0,0,0
208,0.0,0.05544554455445546,0.1019369320889802,1.0,-0.0,0,0
209,0.0,0.03564356435643565,0.07653920035678292,1.0,-0.0,0,0
210,0.0,0.0,0.0,1.0,-0.0,0,0
211,0.0,0.0,0.0,1.0,-0.0,0,0
212,0.0,0.0,0.0,1.0,-0.0,0,0
213,0.0,0.0,0.0,1.0,-0.0,0,0
214,0.0,0.0,0.0,1.0,-0.0,0,0
215,0.0,0.0,0.0,1.0,-0.0,0,0
216,0.0,0.0,0.0,1.0,-0.0,0,0
217,0.0,0.0,0.0,1.0,-0.0,0,0
218,0.0,0.0,0.0,1.0,-0.0,0,0
219,0.0,0.0,0.0,1.0,-0.0,0,0
220,0.0,0.0,0.0,1.0,-0.0,0,0
221,0.0,0.0,0.0,1.0,-0.0,0,0
222,0.0,0.0,0.0,1.0,-0.0,0,0
223,0.0,0.0,0.0,1.0,-0.0,0,0
224,0.0,0.0,0.0,1.0,-0.0,0,0
225,0.0,0.013861386138613863,0.05079507064705211,1.0,-0.0,0,0
