,foreground,bg_means,bg_stdev,pvals,minus_logs,regs,active
2,0.0,0.23366336633663365,0.19914531622613268,1.0,-0.0,0,0
3,0.0,0.23366336633663365,0.19914531622613268,1.0,-0.0,0,0
4,0.0,0.23366336633663365,0.19914531622613268,1.0,-0.0,0,0
5,0.0,0.23366336633663365,0.19914531622613268,1.0,-0.0,0,0
6,1.0,0.5346534653465347,0.2773408538615698,0.04668460809733477,1.3308262826079962,0,0
7,1.0,0.5346534653465347,0.2773408538615698,0.04668460809733477,1.3308262826079962,0,0
8,1.0,0.5346534653465347,0.2773408538615698,0.04668460809733477,1.3308262826079962,0,0
9,1.0,0.5346534653465347,0.2773408538615698,0.04668460809733477,1.3308262826079962,0,0
10,1.0,0.5346534653465347,0.2773408538615698,0.04668460809733477,1.3308262826079962,0,0
11,0.0,0.019801980198019802,0.059735061897023205,1.0,-0.0,0,0
12,0.4,0.5366336633663367,0.30171876363946,1.0,-0.0,0,0
13,0.4,0.5366336633663367,0.30171876363946,1.0,-0.0,0,0
14,0.6,0.8178217821782179,0.3505006432400308,1.0,-0.0,0,0
15,0.8,1.1702970297029704,0.43996952064897427,1.0,-0.0,0,0
16,0.8,1.1485148514851486,0.4347786192986442,1.0,-0.0,0,0
17,0.4,0.6336633663366337,0.3282950941698558,1.0,-0.0,0,0
18,0.4,0.6336633663366337,0.3282950941698558,1.0,-0.0,0,0
19,0.2,0.35247524752475257,0.23739262686171417,1.0,-0.0,0,0
20,0.0,0.0,0.0,1.0,-0.0,0,0
21,0.0,0.0,0.0,1.0,-0.0,0,0
22,0.0,0.0,0.0,1.0,-0.0,0,0
23,0.0,0.0,0.0,1.0,-0.0,0,0
24,0.0,0.05148514851485149,0.10399339410297728,1.0,-0.0,0,0
25,0.0,0.10693069306930694,0.15559367350941147,1.0,-0.0,0,0
26,0.0,0.10693069306930694,0.15559367350941147,1.0,-0.0,0,0
27,0.0,0.10693069306930694,0.15559367350941147,1.0,-0.0,0,0
28,0.0,0.17425742574257425,0.17041211860554586,1.0,-0.0,0,0
29,0.0,0.12277227722772274,0.13191745702927898,1.0,-0.0,0,0
30,0.0,0.06534653465346535,0.10939585993610405,1.0,-0.0,0,0
31,0.0,0.06534653465346535,0.10939585993610405,1.0,-0.0,0,0
32,1.2,0.30495049504950494,0.23309210248811343,6.154314206528746e-05,4.210820334757696,0,0
33,1.2,0.2396039603960396,0.21437415608276214,3.7321666135055312e-06,5.428038976471388,0,0
34,1.2,0.2396039603960396,0.21437415608276214,3.7321666135055312e-06,5.428038976471388,0,0
35,2.0,0.4732673267326733,0.2695397944898781,7.384744270177638e-09,8.131664539481848,0,0
36,2.0,0.5821782178217823,0.30714141600657957,1.954287091349289e-06,5.7090116366099615,0,0
37,0.8,0.38811881188118813,0.2561277252198816,0.05390570207583577,1.2683652932716638,0,0
38,0.8,0.38811881188118813,0.2561277252198816,0.05390570207583577,1.2683652932716638,0,0
39,0.8,0.38811881188118813,0.2561277252198816,0.05390570207583577,1.2683652932716638,0,0
40,0.0,0.2891089108910891,0.22598562562672644,1.0,-0.0,0,0
41,0.0,0.18217821782178217,0.18900261384538627,1.0,-0.0,0,0
42,0.0,0.19603960396039602,0.18875348902641548,1.0,-0.0,0,0
43,0.0,0.19603960396039602,0.18875348902641548,1.0,-0.0,0,0
44,0.0,0.2099009900990099,0.20172766196776312,1.0,-0.0,0,0
45,0.0,0.09900990099009901,0.13965661530697393,1.0,-0.0,0,0
46,0.0,0.09900990099009901,0.13965661530697393,1.0,-0.0,0,0
47,0.0,0.039603960396039604,0.08908690597387718,1.0,-0.0,0,0
48,0.0,0.05346534653465347,0.10489443673781407,1.0,-0.0,0,0
49,0.0,0.039603960396039604,0.0890869059738772,1.0,-0.0,0,0
50,0.0,0.013861386138613863,0.05079507064705211,1.0,-0.0,0,0
51,0.0,0.013861386138613863,0.05079507064705211,1.0,-0.0,0,0
52,0.0,0.03564356435643565,0.07653920035678292,1.0,-0.0,0,0
53,0.0,0.021782178217821784,0.06230547612891991,1.0,-0.0,0,0
54,0.0,0.047524752475247525,0.09809478080396704,1.0,-0.0,0,0
55,0.0,0.047524752475247525,0.09809478080396704,1.0,-0.0,0,0
56,0.0,0.047524752475247525,0.09809478080396704,1.0,-0.0,0,0
57,1.6,0.7445544554455445,0.33314440942278156,0.005117427638761397,2.2909482896149074,0,0
58,2.2,0.895049504950495,0.35886957768370903,0.00013830149304114802,3.8591731314161284,0,0
59,2.2,0.8693069306930692,0.340571033069207,4.6678032818671306e-05,4.330887454983096,0,0
60,2.2,0.8693069306930692,0.340571033069207,4.6678032818671306e-05,4.330887454983096,0,0
61,2.2,0.8693069306930692,0.340571033069207,4.6678032818671306e-05,4.330887454983096,0,0
62,0.6,0.15247524752475247,0.16921136785416444,0.004087351351623358,2.388558028421837,0,0
63,0.0,0.0,0.0,1.0,-0.0,0,0
64,0.0,0.0,0.0,1.0,-0.0,0,0
65,0.0,0.0,0.0,1.0,-0.0,0,0
66,0.0,0.0,0.0,1.0,-0.0,0,0
67,0.4,0.14455445544554454,0.1492391578726081,0.04348038400427621,1.3617066290245252,0,0
68,0.4,0.14455445544554454,0.1492391578726081,0.04348038400427621,1.3617066290245252,0,0
69,0.4,0.19405940594059407,0.1767818940250744,0.12202130322678108,0.9135643409140523,0,0
70,0.8,0.44950495049504957,0.26462144168837715,0.09266604448016026,1.0330793747700062,0,0
71,2.2,0.9603960396039602,0.3848824451933065,0.0006393139130941788,3.1942858441125477,0,0
72,1.8,0.8158415841584158,0.3611677082994582,0.003215710416788079,2.492723067527295,0,0
73,2.2,1.112871287128713,0.4140271589926099,0.00432300969604456,2.364213790389567,0,0
74,2.2,1.0633663366336634,0.3909173704888874,0.0018210348665895855,2.739681738871474,0,0
75,1.8,0.8079207920792078,0.3525531118801851,0.002446574726960852,2.6114415148269448,0,0
76,0.4,0.297029702970297,0.2526906477774142,0.34182205629899765,0.46619991756643525,0,0
77,0.4,0.297029702970297,0.2526906477774142,0.34182205629899765,0.46619991756643525,0,0
78,0.0,0.0,0.0,1.0,-0.0,0,0
79,0.0,0.0,0.0,1.0,-0.0,0,0
80,0.2,0.42970297029702975,0.3010031263465302,1.0,-0.0,0,0
81,0.2,0.42970297029702975,0.3010031263465302,1.0,-0.0,0,0
82,0.2,0.42970297029702975,0.3010031263465302,1.0,-0.0,0,0
83,0.2,0.42970297029702975,0.3010031263465302,1.0,-0.0,0,0
84,0.2,0.4831683168316832,0.3248973354771276,1.0,-0.0,0,0
85,0.0,0.09108910891089109,0.13937555924568534,1.0,-0.0,0,0
86,0.0,0.2118811881188119,0.19051110448801098,1.0,-0.0,0,0
87,0.0,0.2118811881188119,0.19051110448801098,1.0,-0.0,0,0
88,0.0,0.2118811881188119,0.19051110448801098,1.0,-0.0,0,0
89,0.0,0.1584158415841584,0.15496235680407014,1.0,-0.0,0,0
90,0.0,0.12079207920792079,0.13224402263020987,1.0,-0.0,0,0
91,0.0,0.10099009900990098,0.1367914141716479,1.0,-0.0,0,0
92,0.0,0.10099009900990098,0.1367914141716479,1.0,-0.0,0,0
93,0.0,0.1287128712871287,0.15564406822280066,1.0,-0.0,0,0
94,0.0,0.7702970297029703,0.34283170089665305,1.0,-0.0,0,0
95,0.0,1.0574257425742575,0.41776077636371384,1.0,-0.0,0,0
96,0.2,1.099009900990099,0.42086545661914065,1.0,-0.0,0,0
97,0.2,1.2435643564356438,0.46382308029963887,1.0,-0.0,0,0
98,0.2,1.5009900990099012,0.4984123406258207,1.0,-0.0,0,0
99,0.2,0.8613861386138613,0.35459370056605527,1.0,-0.0,0,0
100,0.2,0.5742574257425742,0.30657916631293713,1.0,-0.0,0,0
101,0.0,0.42970297029702975,0.26459180384971237,1.0,-0.0,0,0
102,0.0,0.5722772277227723,0.2772277227722772,1.0,-0.0,0,0
103,0.0,0.2851485148514851,0.21312671757740526,1.0,-0.0,0,0
104,0.0,0.2851485148514851,0.21312671757740526,1.0,-0.0,0,0
105,0.0,0.3425742574257426,0.2343503912349483,1.0,-0.0,0,0
106,0.0,0.3425742574257426,0.2343503912349483,1.0,-0.0,0,0
107,0.0,0.05544554455445546,0.1019369320889802,1.0,-0.0,0,0
108,0.0,0.09504950495049505,0.1337769960717191,1.0,-0.0,0,0
109,0.0,0.09504950495049505,0.1337769960717191,1.0,-0.0,0,0
110,0.0,0.03960396039603961,0.08452453849668534,1.0,-0.0,0,0
111,0.0,0.03960396039603961,0.08452453849668534,1.0,-0.0,0,0
112,0.0,0.03960396039603961,0.08452453849668534,1.0,-0.0,0,0
113,0.0,0.1485148514851485,0.16326729671147555,1.0,-0.0,0,0
114,1.2,0.4693069306930692,0.27922898593381895,0.00443760648300821,2.352851212657291,0,0
115,1.2,0.4693069306930692,0.27922898593381895,0.00443760648300821,2.352851212657291,0,0
116,1.2,0.4693069306930692,0.27922898593381895,0.00443760648300821,2.352851212657291,0,0
117,1.2,0.4693069306930692,0.27922898593381895,0.00443760648300821,2.352851212657291,0,0
118,1.2,0.3217821782178218,0.1968081743835003,4.054162028764564e-06,5.392098898269509,0,0
119,0.0,0.0,0.0,1.0,-0.0,0,0
120,0.0,0.0,0.0,1.0,-0.0,0,0
121,0.2,0.07524752475247526,0.11553229422427584,0.140114268670204,0.8535176356692988,0,0
122,0.2,0.12475247524752477,0.14852805221860732,0.30621016232029796,0.5139804002922561,0,0
123,0.2,0.12475247524752477,0.14852805221860732,0.30621016232029796,0.5139804002922561,0,0
124,0.2,0.12475247524752477,0.14852805221860732,0.30621016232029796,0.5139804002922561,0,0
125,0.2,0.2693069306930693,0.22415631668191097,1.0,-0.0,0,0
126,0.0,0.194059405940594,0.18764923153239027,1.0,-0.0,0,0
127,0.0,0.14455445544554454,0.16914183369554553,1.0,-0.0,0,0
128,0.0,0.16237623762376235,0.17052712983454243,1.0,-0.0,0,0
129,0.0,0.1881188118811881,0.17760069168141515,1.0,-0.0,0,0
130,0.0,0.04356435643564357,0.08721867542790195,1.0,-0.0,0,0
131,0.0,0.04356435643564357,0.08721867542790195,1.0,-0.0,0,0
132,0.0,0.04356435643564357,0.08721867542790195,1.0,-0.0,0,0
133,0.0,0.05544554455445545,0.10575073206193022,1.0,-0.0,0,0
134,0.0,0.02970297029702971,0.07112192077650681,1.0,-0.0,0,0
135,0.0,0.02970297029702971,0.07112192077650681,1.0,-0.0,0,0
136,0.0,0.12079207920792075,0.1261123431927973,1.0,-0.0,0,0
137,0.0,0.4930693069306931,0.26485842500392404,1.0,-0.0,0,0
138,0.0,0.4633663366336634,0.26390921491729485,1.0,-0.0,0,0
139,0.0,0.4633663366336634,0.26390921491729485,1.0,-0.0,0,0
140,0.0,0.4633663366336634,0.26390921491729485,1.0,-0.0,0,0
141,0.0,0.37425742574257426,0.23490190299147595,1.0,-0.0,0,0
142,0.0,0.0,0.0,1.0,-0.0,0,0
143,0.0,0.0,0.0,1.0,-0.0,0,0
144,0.0,0.0,0.0,1.0,-0.0,0,0
145,0.0,0.0,0.0,1.0,-0.0,0,0
146,0.0,0.0,0.0,1.0,-0.0,0,0
147,0.0,0.16237623762376235,0.14271170492457227,1.0,-0.0,0,0
148,0.0,0.16237623762376235,0.14271170492457227,1.0,-0.0,0,0
149,0.0,0.16237623762376235,0.14271170492457227,1.0,-0.0,0,0
150,0.0,0.9366336633663367,0.3989398754365279,1.0,-0.0,0,0
151,0.0,0.9366336633663367,0.3989398754365279,1.0,-0.0,0,0
152,0.0,0.7742574257425744,0.3676668383591546,1.0,-0.0,0,0
153,0.0,0.7742574257425744,0.3676668383591546,1.0,-0.0,0,0
154,0.0,0.7742574257425744,0.3676668383591546,1.0,-0.0,0,0
155,0.0,0.0,0.0,1.0,-0.0,0,0
156,0.0,0.0,0.0,1.0,-0.0,0,0
157,0.0,0.0,0.0,1.0,-0.0,0,0
158,0.0,0.0,0.0,1.0,-0.0,0,0
159,0.0,0.0,0.0,1.0,-0.0,0,0
160,0.0,0.0,0.0,1.0,-0.0,0,0
161,0.0,0.0,0.0,1.0,-0.0,0,0
162,0.0,0.0,0.0,1.0,-0.0,0,0
163,0.0,0.03762376237623763,0.07816140339006158,1.0,-0.0,0,0
164,0.0,0.061386138613861385,0.10433219700847123,1.0,-0.0,0,0
165,0.0,0.2693069306930692,0.1897066908831285,1.0,-0.0,0,0
166,0.0,0.2693069306930692,0.1897066908831285,1.0,-0.0,0,0
167,0.0,0.2693069306930692,0.1897066908831285,1.0,-0.0,0,0
168,0.0,0.23168316831683164,0.1728793392928091,1.0,-0.0,0,0
169,0.0,0.20792079207920788,0.17100933233571572,1.0,-0.0,0,0
170,0.0,0.0,0.0,1.0,-0.0,0,0
171,0.0,0.0,0.0,1.0,-0.0,0,0
172,0.2,0.2891089108910891,0.224226278080831,1.0,-0.0,0,0
173,0.2,0.32871287128712884,0.2364492425231587,1.0,-0.0,0,0
174,0.2,0.32871287128712884,0.2364492425231587,1.0,-0.0,0,0
175,0.2,0.32871287128712884,0.2364492425231587,1.0,-0.0,0,0
176,0.2,0.32871287128712884,0.2364492425231587,1.0,-0.0,0,0
177,0.0,0.06732673267326733,0.10634234916512914,1.0,-0.0,0,0
178,0.0,0.05346534653465347,0.09287951999650357,1.0,-0.0,0,0
179,0.0,0.05346534653465347,0.09287951999650357,1.0,-0.0,0,0
180,0.2,0.09108910891089109,0.12113245340338318,0.1842981552477096,0.7344790118766933,0,0
181,0.2,0.09108910891089109,0.12113245340338318,0.1842981552477096,0.7344790118766933,0,0
182,0.2,0.06336633663366337,0.10504385908811757,0.09667550266855758,1.014683561115634,0,0
183,0.2,0.03762376237623762,0.07816140339006158,0.01888012292982573,1.723995182306426,0,0
184,0.2,0.10891089108910891,0.16774509769938514,0.29355767550077927,0.532306559864566,0,0
