,foreground,bg_means,bg_stdev,pvals,minus_logs,regs,active
2,0.0,0.07524752475247524,0.12539516989297084,1.0,-0.0,0,0
3,0.0,0.07524752475247524,0.12539516989297084,1.0,-0.0,0,0
4,0.0,0.039603960396039604,0.08908690597387718,1.0,-0.0,0,0
5,0.0,0.039603960396039604,0.08908690597387718,1.0,-0.0,0,0
6,0.0,0.039603960396039604,0.08908690597387718,1.0,-0.0,0,0
7,0.0,0.039603960396039604,0.08908690597387718,1.0,-0.0,0,0
8,0.2,0.4910891089108911,0.2647991990584153,1.0,-0.0,0,0
9,0.2,0.4514851485148515,0.26796403681643205,1.0,-0.0,0,0
10,0.2,0.4514851485148515,0.26796403681643205,1.0,-0.0,0,0
11,0.2,0.4514851485148515,0.26796403681643205,1.0,-0.0,0,0
12,0.2,0.4514851485148515,0.26796403681643205,1.0,-0.0,0,0
13,0.0,0.0,0.0,1.0,-0.0,0,0
14,0.0,0.0,0.0,1.0,-0.0,0,0
15,0.0,0.0,0.0,1.0,-0.0,0,0
16,0.0,0.0,0.0,1.0,-0.0,0,0
17,0.0,0.0,0.0,1.0,-0.0,0,0
18,0.0,0.0,0.0,1.0,-0.0,0,0
19,0.6,0.18811881188118812,0.19664871867623296,0.018107630428883695,1.7421383779019,0,0
20,0.6,0.18811881188118812,0.19664871867623296,0.018107630428883695,1.7421383779019,0,0
21,0.6,0.18811881188118812,0.19664871867623296,0.018107630428883695,1.7421383779019,0,0
22,0.6,0.18811881188118812,0.19664871867623296,0.018107630428883695,1.7421383779019,0,0
23,0.8,0.2811881188118812,0.2456403518013577,0.017339827758097164,1.7609552208205628,0,0
24,0.2,0.09306930693069307,0.13661931335176508,0.21690432421099848,0.6637317897919139,0,0
25,0.2,0.09306930693069307,0.13661931335176508,0.21690432421099848,0.6637317897919139,0,0
26,0.2,0.09306930693069307,0.13661931335176508,0.21690432421099848,0.6637317897919139,0,0
27,0.2,0.09306930693069307,0.13661931335176508,0.21690432421099848,0.6637317897919139,0,0
28,0.0,0.0,0.0,1.0,-0.0,0,0
29,0.2,0.13366336633663364,0.15174054701519218,0.33099350969648544,0.48018052202681116,0,0
30,0.2,0.13366336633663364,0.15174054701519218,0.33099350969648544,0.48018052202681116,0,0
31,0.2,0.13366336633663364,0.15174054701519218,0.33099350969648544,0.48018052202681116,0,0
32,0.4,0.2871287128712871,0.20760938490425596,0.293333804717853,0.5326378846620009,0,0
33,0.4,0.2871287128712871,0.20760938490425596,0.293333804717853,0.5326378846620009,0,0
34,0.2,0.37425742574257426,0.28654772220055014,1.0,-0.0,0,0
35,0.2,0.37425742574257426,0.28654772220055014,1.0,-0.0,0,0
36,0.2,0.37425742574257426,0.28654772220055014,1.0,-0.0,0,0
37,0.2,0.23168316831683164,0.22817862252213805,1.0,-0.0,0,0
38,0.2,0.23168316831683164,0.22817862252213805,1.0,-0.0,0,0
39,0.2,0.033663366336633666,0.07482947971362848,0.013112090674369045,1.882328056139665,0,0
40,0.2,0.033663366336633666,0.07482947971362848,0.013112090674369045,1.882328056139665,0,0
41,1.4,0.6534653465346535,0.3244383895304585,0.010695648362560293,1.970792883673338,0,0
42,1.2,0.6415841584158416,0.324957674847223,0.0428594358193853,1.3679535500963464,0,0
43,1.2,0.683168316831683,0.3426944217797382,0.06575915644384789,1.1820437665466526,0,0
44,1.2,0.6613861386138613,0.3432432088212692,0.058301819663800665,1.2343178902218637,0,0
45,1.2,0.6613861386138613,0.3432432088212692,0.058301819663800665,1.2343178902218637,0,0
46,0.0,0.041584158415841586,0.08116396646304633,1.0,-0.0,0,0
47,0.0,0.041584158415841586,0.08116396646304633,1.0,-0.0,0,0
48,0.0,0.0,0.0,1.0,-0.0,0,0
49,0.0,0.0,0.0,1.0,-0.0,0,0
50,0.0,0.0,0.0,1.0,-0.0,0,0
51,0.0,0.0,0.0,1.0,-0.0,0,0
52,1.0,0.5207920792079208,0.31851040416448473,0.06622269453182326,1.1789931522385213,0,0
53,1.0,0.5207920792079208,0.31851040416448473,0.06622269453182326,1.1789931522385213,0,0
54,1.0,0.5207920792079208,0.31851040416448473,0.06622269453182326,1.1789931522385213,0,0
55,1.0,0.5207920792079208,0.31851040416448473,0.06622269453182326,1.1789931522385213,0,0
56,1.0,0.5207920792079208,0.31851040416448473,0.06622269453182326,1.1789931522385213,0,0
57,0.0,0.0,0.0,1.0,-0.0,0,0
58,0.0,0.0,0.0,1.0,-0.0,0,0
59,0.4,0.12079207920792079,0.16186831934800644,0.04227204807983093,1.3739467101028162,0,0
60,0.4,0.12079207920792079,0.16186831934800644,0.04227204807983093,1.3739467101028162,0,0
61,0.4,0.12079207920792079,0.16186831934800644,0.04227204807983093,1.3739467101028162,0,0
62,0.4,0.12079207920792079,0.16186831934800644,0.04227204807983093,1.3739467101028162,0,0
63,0.4,0.12079207920792079,0.16186831934800644,0.04227204807983093,1.3739467101028162,0,0
64,0.0,0.0,0.0,1.0,-0.0,0,0
65,0.6,0.45742574257425744,0.26601069533082533,0.2959889860392934,0.5287244490469827,0,0
66,0.6,0.45742574257425744,0.26601069533082533,0.2959889860392934,0.5287244490469827,0,0
67,0.6,0.45742574257425744,0.26601069533082533,0.2959889860392934,0.5287244490469827,0,0
68,0.6,0.45742574257425744,0.26601069533082533,0.2959889860392934,0.5287244490469827,0,0
69,0.6,0.45742574257425744,0.26601069533082533,0.2959889860392934,0.5287244490469827,0,0
70,0.0,0.0,0.0,1.0,-0.0,0,0
71,0.0,0.0,0.0,1.0,-0.0,0,0
72,0.2,0.03564356435643565,0.07653920035678292,0.015882722457572503,1.7990750531077893,0,0
73,0.2,0.03564356435643565,0.07653920035678292,0.015882722457572503,1.7990750531077893,0,0
74,0.2,0.03564356435643565,0.07653920035678292,0.015882722457572503,1.7990750531077893,0,0
75,0.2,0.03564356435643565,0.07653920035678292,0.015882722457572503,1.7990750531077893,0,0
76,0.2,0.03564356435643565,0.07653920035678292,0.015882722457572503,1.7990750531077893,0,0
77,0.0,0.0,0.0,1.0,-0.0,0,0
78,0.0,0.0,0.0,1.0,-0.0,0,0
79,0.0,0.0,0.0,1.0,-0.0,0,0
80,0.0,0.017821782178217824,0.05698017651460656,1.0,-0.0,0,0
81,0.0,0.017821782178217824,0.05698017651460656,1.0,-0.0,0,0
82,0.0,0.017821782178217824,0.05698017651460656,1.0,-0.0,0,0
83,0.0,0.06732673267326733,0.11000352009767247,1.0,-0.0,0,0
84,0.0,0.08118811881188118,0.11664694237642095,1.0,-0.0,0,0
85,0.0,0.06336633663366337,0.10120342446875752,1.0,-0.0,0,0
86,0.0,0.06336633663366337,0.10120342446875752,1.0,-0.0,0,0
87,0.0,0.06336633663366337,0.10120342446875752,1.0,-0.0,0,0
88,0.0,0.013861386138613863,0.05079507064705211,1.0,-0.0,0,0
89,0.0,0.13663366336633662,0.15137833547418927,1.0,-0.0,0,0
90,0.0,0.13663366336633662,0.15137833547418927,1.0,-0.0,0,0
91,0.0,0.2673267326732673,0.19554894092084768,1.0,-0.0,0,0
92,0.0,0.401980198019802,0.2617459269997356,1.0,-0.0,0,0
93,0.0,0.401980198019802,0.2617459269997356,1.0,-0.0,0,0
94,0.0,0.2653465346534653,0.218199492500774,1.0,-0.0,0,0
95,0.0,0.2653465346534653,0.218199492500774,1.0,-0.0,0,0
96,0.0,0.13366336633663367,0.15687368174525435,1.0,-0.0,0,0
97,0.2,0.6277227722772277,0.3270385606843522,1.0,-0.0,0,0
98,0.2,0.6277227722772277,0.3270385606843522,1.0,-0.0,0,0
99,0.2,0.6277227722772277,0.3270385606843522,1.0,-0.0,0,0
100,0.2,0.6277227722772277,0.3270385606843522,1.0,-0.0,0,0
101,0.2,0.6277227722772277,0.3270385606843522,1.0,-0.0,0,0
102,0.0,0.0,0.0,1.0,-0.0,0,0
103,0.0,0.0,0.0,1.0,-0.0,0,0
104,0.2,0.11485148514851484,0.16493991622145585,0.3028435410109832,0.5187816844514036,0,0
105,0.2,0.11485148514851484,0.16493991622145585,0.3028435410109832,0.5187816844514036,0,0
106,0.2,0.11485148514851484,0.16493991622145585,0.3028435410109832,0.5187816844514036,0,0
107,0.2,0.11485148514851484,0.16493991622145585,0.3028435410109832,0.5187816844514036,0,0
108,0.2,0.11485148514851484,0.16493991622145585,0.3028435410109832,0.5187816844514036,0,0
109,0.0,0.0,0.0,1.0,-0.0,0,0
110,0.0,0.021782178217821784,0.06230547612891991,1.0,-0.0,0,0
111,0.0,0.021782178217821784,0.06230547612891991,1.0,-0.0,0,0
112,0.0,0.021782178217821784,0.06230547612891991,1.0,-0.0,0,0
113,0.0,0.03564356435643565,0.07653920035678292,1.0,-0.0,0,0
114,0.0,0.1900990099009901,0.19166025556535227,1.0,-0.0,0,0
115,0.0,0.22772277227722768,0.2162318209064348,1.0,-0.0,0,0
116,0.0,0.22772277227722768,0.2162318209064348,1.0,-0.0,0,0
117,0.0,0.22772277227722768,0.2162318209064348,1.0,-0.0,0,0
118,0.0,0.21386138613861383,0.21481269896745528,1.0,-0.0,0,0
119,0.0,0.06732673267326733,0.09861306612268303,1.0,-0.0,0,0
120,0.0,0.007920792079207921,0.03900537743285587,1.0,-0.0,0,0
121,0.0,0.007920792079207921,0.03900537743285587,1.0,-0.0,0,0
122,0.0,0.007920792079207921,0.03900537743285587,1.0,-0.0,0,0
123,0.0,0.007920792079207921,0.03900537743285587,1.0,-0.0,0,0
124,0.0,0.0,0.0,1.0,-0.0,0,0
125,0.0,0.0,0.0,1.0,-0.0,0,0
126,0.0,0.0,0.0,1.0,-0.0,0,0
127,0.0,0.0,0.0,1.0,-0.0,0,0
128,0.0,0.14059405940594058,0.1450013436754282,1.0,-0.0,0,0
129,0.0,0.17623762376237617,0.1623762376237624,1.0,-0.0,0,0
130,0.0,0.17623762376237617,0.1623762376237624,1.0,-0.0,0,0
131,0.0,0.18613861386138608,0.16946608233928454,1.0,-0.0,0,0
132,0.0,0.22574257425742567,0.1943017278738389,1.0,-0.0,0,0
133,0.0,0.08514851485148517,0.12379009590564581,1.0,-0.0,0,0
134,0.0,0.3623762376237625,0.26358213447342616,1.0,-0.0,0,0
135,0.0,0.40198019801980206,0.2735828283432958,1.0,-0.0,0,0
136,0.0,0.39207920792079215,0.26983059163399326,1.0,-0.0,0,0
137,0.0,0.37029702970297035,0.2615810854182754,1.0,-0.0,0,0
138,0.0,0.5247524752475248,0.30029884145138064,1.0,-0.0,0,0
139,0.2,0.2633663366336633,0.22852205833136865,1.0,-0.0,0,0
140,0.2,0.22376237623762377,0.20544494810840294,1.0,-0.0,0,0
141,0.2,0.22376237623762377,0.20544494810840294,1.0,-0.0,0,0
142,0.2,0.2059405940594059,0.1979207673143487,1.0,-0.0,0,0
143,0.2,0.25544554455445545,0.23057193097043735,1.0,-0.0,0,0
144,0.6,0.805940594059406,0.36419497068047774,1.0,-0.0,0,0
145,0.6,0.805940594059406,0.36419497068047774,1.0,-0.0,0,0
146,0.6,0.805940594059406,0.36419497068047774,1.0,-0.0,0,0
147,0.6,0.805940594059406,0.36419497068047774,1.0,-0.0,0,0
148,0.6,0.601980198019802,0.3114896174611594,1.0,-0.0,0,0
149,0.0,0.0,0.0,1.0,-0.0,0,0
150,0.0,0.0,0.0,1.0,-0.0,0,0
151,0.0,0.021782178217821784,0.06230547612891991,1.0,-0.0,0,0
152,0.0,0.021782178217821784,0.06230547612891991,1.0,-0.0,0,0
153,0.0,0.021782178217821784,0.06230547612891991,1.0,-0.0,0,0
154,0.8,0.21188118811881188,0.18200594523684843,0.0006161070970160722,3.2103437884843604,0,0
155,0.8,0.22970297029702966,0.18960331411621106,0.0013155444762940826,2.880894464581262,0,0
156,0.8,0.20792079207920788,0.18003474269593195,0.0005032666557181289,3.298201843132249,0,0
157,0.8,0.20792079207920788,0.18003474269593195,0.0005032666557181289,3.298201843132249,0,0
158,0.8,0.3445544554455445,0.23228322057212164,0.024955046330942154,1.6028416194963624,0,0
159,0.0,0.15445544554455443,0.15384494732320814,1.0,-0.0,0,0
160,0.0,0.13663366336633662,0.1460521894224616,1.0,-0.0,0,0
161,0.0,0.13663366336633662,0.1460521894224616,1.0,-0.0,0,0
162,1.0,0.6277227722772277,0.32215819614408314,0.1239279828865887,0.9068306190389499,0,0
163,1.2,0.6158415841584158,0.3567545328185745,0.05077095879987753,1.2943846349494583,0,0
164,1.2,0.689108910891089,0.3812176920507195,0.09009735412732524,1.045287962681035,0,0
165,1.2,0.699009900990099,0.3792893431703091,0.09327315538021404,1.0302433310420598,0,0
166,1.2,0.699009900990099,0.3792893431703091,0.09327315538021404,1.0302433310420598,0,0
167,0.2,0.2079207920792079,0.21419116487904888,1.0,-0.0,0,0
168,0.0,0.08316831683168317,0.12670172889541695,1.0,-0.0,0,0
169,0.0,0.009900990099009901,0.04338396495090424,1.0,-0.0,0,0
170,0.0,0.0,0.0,1.0,-0.0,0,0
171,0.2,0.17821782178217818,0.16863104044391106,0.44861131653527153,0.348129775231799,0,0
172,0.2,0.17821782178217818,0.16863104044391106,0.44861131653527153,0.348129775231799,0,0
173,0.2,0.17821782178217818,0.16863104044391106,0.44861131653527153,0.348129775231799,0,0
174,0.2,0.17821782178217818,0.16863104044391106,0.44861131653527153,0.348129775231799,0,0
175,0.2,0.17821782178217818,0.16863104044391106,0.44861131653527153,0.348129775231799,0,0
176,0.0,0.0,0.0,1.0,-0.0,0,0
177,0.0,0.40792079207920795,0.2668789796250526,1.0,-0.0,0,0
178,0.0,0.40792079207920795,0.2668789796250526,1.0,-0.0,0,0
179,0.0,0.40792079207920795,0.2668789796250526,1.0,-0.0,0,0
180,0.0,0.40792079207920795,0.2668789796250526,1.0,-0.0,0,0
181,0.0,0.40792079207920795,0.2668789796250526,1.0,-0.0,0,0
182,0.0,0.0,0.0,1.0,-0.0,0,0
183,0.0,0.0,0.0,1.0,-0.0,0,0
184,0.0,0.0,0.0,1.0,-0.0,0,0
185,0.2,0.42772277227722777,0.28567058917751287,1.0,-0.0,0,0
186,0.2,0.42772277227722777,0.28567058917751287,1.0,-0.0,0,0
187,0.2,0.5801980198019802,0.30766440569349635,1.0,-0.0,0,0
188,0.2,0.6613861386138613,0.326690666366565,1.0,-0.0,0,0
189,0.2,0.6613861386138613,0.326690666366565,1.0,-0.0,0,0
190,0.0,0.23366336633663368,0.20112418099951873,1.0,-0.0,0,0
191,0.0,0.23366336633663368,0.20112418099951873,1.0,-0.0,0,0
192,0.0,0.08118811881188118,0.12951766673875514,1.0,-0.0,0,0
193,0.0,0.0,0.0,1.0,-0.0,0,0
194,0.0,0.0,0.0,1.0,-0.0,0,0
195,0.0,0.0,0.0,1.0,-0.0,0,0
196,0.0,0.0,0.0,1.0,-0.0,0,0
197,0.0,0.0,0.0,1.0,-0.0,0,0
198,0.0,0.0,0.0,1.0,-0.0,0,0
199,0.0,0.0,0.0,1.0,-0.0,0,0
200,0.0,0.0,0.0,1.0,-0.0,0,0
201,0.0,0.0,0.0,1.0,-0.0,0,0
202,0.0,0.0,0.0,1.0,-0.0,0,0
203,0.0,0.0,0.0,1.0,-0.0,0,0
204,0.0,0.0,0.0,1.0,-0.0,0,0
205,0.0,0.0,0.0,1.0,-0.0,0,0
206,0.0,0.0,0.0,1.0,-0.0,0,0
207,0.0,0.0,0.0,1.0,-0.0,0,0
208,0.0,0.0,0.0,1.0,-0.0,0,0
209,0.0,0.0,0.0,1.0,-0.0,0,0
210,0.0,0.0,0.0,1.0,-0.0,0,0
211,0.0,0.0,0.0,1.0,-0.0,0,0
212,0.0,0.0,0.0,1.0,-0.0,0,0
213,0.0,0.0,0.0,1.0,-0.0,0,0
214,0.0,0.0,0.0,1.0,-0.0,0,0
215,0.0,0.0,0.0,1.0,-0.0,0,0
216,0.0,0.0,0.0,1.0,-0.0,0,0
217,0.0,0.0,0.0,1.0,-0.0,0,0
