,foreground,bg_means,bg_stdev,pvals,minus_logs,regs,active
2,0.2,0.05940594059405942,0.10733330877518933,0.09511773642304146,1.0217384934469722,0,0
3,0.2,0.05742574257425742,0.10277971700879983,0.08269301175340939,1.0825311903890302,0,0
4,0.2,0.05544554455445545,0.1019369320889802,0.07808409030039497,1.1074374449781044,0,0
5,0.2,0.033663366336633666,0.07482947971362847,0.013112090674369026,1.8823280561396656,0,0
6,0.2,0.033663366336633666,0.07482947971362847,0.013112090674369026,1.8823280561396656,0,0
7,0.2,0.021782178217821784,0.06230547612891991,0.002115616449879084,2.6745630648030154,0,0
8,0.2,0.021782178217821784,0.06230547612891991,0.002115616449879084,2.6745630648030154,0,0
9,0.2,0.021782178217821784,0.06230547612891991,0.002115616449879084,2.6745630648030154,0,0
10,0.2,0.025742574257425748,0.0669763743575753,0.0046371400013480064,2.3337497919853587,0,0
11,0.2,0.025742574257425748,0.0669763743575753,0.0046371400013480064,2.3337497919853587,0,0
12,0.0,0.0039603960396039604,0.02786385599895107,1.0,-0.0,0,0
13,0.0,0.0039603960396039604,0.02786385599895107,1.0,-0.0,0,0
14,0.0,0.0039603960396039604,0.02786385599895107,1.0,-0.0,0,0
15,0.0,0.0,0.0,1.0,-0.0,0,0
16,0.0,0.0,0.0,1.0,-0.0,0,0
17,0.0,0.009900990099009901,0.04338396495090424,1.0,-0.0,0,0
18,0.0,0.009900990099009901,0.04338396495090424,1.0,-0.0,0,0
19,0.0,0.009900990099009901,0.04338396495090424,1.0,-0.0,0,0
20,0.0,0.043564356435643575,0.09587103712404123,1.0,-0.0,0,0
21,0.0,0.06732673267326733,0.11000352009767247,1.0,-0.0,0,0
22,0.0,0.057425742574257435,0.10277971700879983,1.0,-0.0,0,0
23,0.0,0.06534653465346535,0.10939585993610405,1.0,-0.0,0,0
24,0.0,0.08316831683168319,0.12353642740976015,1.0,-0.0,0,0
25,0.0,0.05346534653465347,0.09704990696905227,1.0,-0.0,0,0
26,0.0,0.041584158415841586,0.08590499787518362,1.0,-0.0,0,0
27,0.0,0.041584158415841586,0.08590499787518362,1.0,-0.0,0,0
28,0.0,0.033663366336633666,0.07994704648786674,1.0,-0.0,0,0
29,0.0,0.015841584158415842,0.05401260078014202,1.0,-0.0,0,0
30,0.0,0.011881188118811883,0.047276579747775535,1.0,-0.0,0,0
31,0.2,0.03564356435643565,0.08626938974571076,0.028380055950301422,1.5469867526811094,0,0
32,0.2,0.03564356435643565,0.08626938974571076,0.028380055950301422,1.5469867526811094,0,0
33,0.2,0.03564356435643565,0.08626938974571076,0.028380055950301422,1.5469867526811094,0,0
34,0.2,0.03564356435643565,0.08626938974571076,0.028380055950301422,1.5469867526811094,0,0
35,0.2,0.03564356435643565,0.08626938974571076,0.028380055950301422,1.5469867526811094,0,0
36,0.0,0.0,0.0,1.0,-0.0,0,0
37,0.0,0.0,0.0,1.0,-0.0,0,0
38,0.0,0.0,0.0,1.0,-0.0,0,0
39,0.0,0.0,0.0,1.0,-0.0,0,0
40,0.0,0.0,0.0,1.0,-0.0,0,0
41,0.0,0.0,0.0,1.0,-0.0,0,0
42,0.0,0.0,0.0,1.0,-0.0,0,0
43,0.0,0.0,0.0,1.0,-0.0,0,0
44,0.0,0.0,0.0,1.0,-0.0,0,0
45,0.0,0.0,0.0,1.0,-0.0,0,0
46,0.0,0.007920792079207921,0.03900537743285587,1.0,-0.0,0,0
47,0.0,0.015841584158415842,0.05401260078014202,1.0,-0.0,0,0
48,0.0,0.021782178217821784,0.06230547612891991,1.0,-0.0,0,0
49,0.0,0.0297029702970297,0.07648795214189293,1.0,-0.0,0,0
50,0.0,0.0297029702970297,0.07648795214189293,1.0,-0.0,0,0
51,0.0,0.021782178217821784,0.06836703565002801,1.0,-0.0,0,0
52,0.0,0.013861386138613863,0.05079507064705211,1.0,-0.0,0,0
53,0.0,0.007920792079207921,0.03900537743285587,1.0,-0.0,0,0
54,0.0,0.0,0.0,1.0,-0.0,0,0
55,0.0,0.0,0.0,1.0,-0.0,0,0
56,0.0,0.0,0.0,1.0,-0.0,0,0
57,0.0,0.0,0.0,1.0,-0.0,0,0
58,0.0,0.0,0.0,1.0,-0.0,0,0
59,0.0,0.0,0.0,1.0,-0.0,0,0
60,0.0,0.0039603960396039604,0.027863855998951068,1.0,-0.0,0,0
61,0.2,0.03762376237623763,0.07816140339006158,0.01888012292982573,1.723995182306426,0,0
62,0.2,0.03762376237623763,0.07816140339006158,0.01888012292982573,1.723995182306426,0,0
63,0.2,0.03762376237623763,0.07816140339006158,0.01888012292982573,1.723995182306426,0,0
64,0.2,0.04752475247524753,0.08965727859541997,0.044504787234598886,1.3515932708674616,0,0
65,0.2,0.04950495049504951,0.09078727434730813,0.0486923704021295,1.312539082970909,0,0
66,0.0,0.015841584158415842,0.05401260078014202,1.0,-0.0,0,0
67,0.0,0.015841584158415842,0.05401260078014202,1.0,-0.0,0,0
68,0.0,0.015841584158415842,0.05401260078014202,1.0,-0.0,0,0
69,0.0,0.0059405940594059415,0.03395332316729158,1.0,-0.0,0,0
70,0.0,0.0,0.0,1.0,-0.0,0,0
71,0.0,0.0,0.0,1.0,-0.0,0,0
72,0.0,0.0,0.0,1.0,-0.0,0,0
73,0.0,0.0,0.0,1.0,-0.0,0,0
74,0.0,0.0,0.0,1.0,-0.0,0,0
75,0.0,0.0,0.0,1.0,-0.0,0,0
76,0.0,0.021782178217821784,0.06836703565002801,1.0,-0.0,0,0
77,0.0,0.021782178217821784,0.06836703565002801,1.0,-0.0,0,0
78,0.0,0.021782178217821784,0.06836703565002801,1.0,-0.0,0,0
79,0.0,0.021782178217821784,0.06836703565002801,1.0,-0.0,0,0
80,0.0,0.021782178217821784,0.06836703565002801,1.0,-0.0,0,0
81,0.0,0.0,0.0,1.0,-0.0,0,0
82,0.0,0.017821782178217824,0.056980176514606566,1.0,-0.0,0,0
83,0.0,0.019801980198019802,0.0597350618970232,1.0,-0.0,0,0
84,0.0,0.019801980198019802,0.0597350618970232,1.0,-0.0,0,0
85,0.2,0.033663366336633666,0.07482947971362847,0.013112090674369026,1.8823280561396656,0,0
86,0.2,0.03564356435643565,0.07653920035678292,0.015882722457572503,1.7990750531077893,0,0
87,0.2,0.017821782178217824,0.056980176514606566,0.0006937928196726553,3.15877019915046,0,0
88,0.2,0.015841584158415842,0.05401260078014202,0.00032535620257014524,3.4876409094885674,0,0
89,0.2,0.015841584158415842,0.05401260078014202,0.00032535620257014524,3.4876409094885674,0,0
90,0.0,0.0019801980198019802,0.0198019801980198,1.0,-0.0,0,0
91,0.0,0.0,0.0,1.0,-0.0,0,0
92,0.0,0.0,0.0,1.0,-0.0,0,0
93,0.0,0.025742574257425745,0.0669763743575753,1.0,-0.0,0,0
94,0.0,0.0297029702970297,0.07112192077650681,1.0,-0.0,0,0
95,0.0,0.05148514851485149,0.10011267057239238,1.0,-0.0,0,0
96,0.0,0.05148514851485149,0.10011267057239238,1.0,-0.0,0,0
97,0.0,0.05148514851485149,0.10011267057239238,1.0,-0.0,0,0
98,0.0,0.025742574257425745,0.06697637435757531,1.0,-0.0,0,0
99,0.0,0.021782178217821784,0.06230547612891991,1.0,-0.0,0,0
100,0.0,0.0,0.0,1.0,-0.0,0,0
101,0.0,0.06534653465346535,0.10189845806153354,1.0,-0.0,0,0
102,0.0,0.12277227722772277,0.166430902094659,1.0,-0.0,0,0
103,0.0,0.14257425742574256,0.17425742574257425,1.0,-0.0,0,0
104,0.0,0.14257425742574256,0.17425742574257425,1.0,-0.0,0,0
105,0.0,0.17425742574257425,0.18597001000988353,1.0,-0.0,0,0
106,0.4,0.13663366336633662,0.15397233406965347,0.04358873115790562,1.3606257728529356,0,0
107,0.4,0.07722772277227724,0.1124710639300034,0.002053494791492543,2.6875063943583766,0,0
108,0.4,0.0594059405940594,0.0996808946427978,0.0003167579367343702,3.4992724945605174,0,0
109,0.4,0.0594059405940594,0.0996808946427978,0.0003167579367343702,3.4992724945605174,0,0
110,0.4,0.027722772277227727,0.06910862719451544,3.5853288547446714e-08,7.445471003663998,0,0
111,0.0,0.0,0.0,1.0,-0.0,0,0
112,0.0,0.03564356435643565,0.08154954567118416,1.0,-0.0,0,0
113,0.0,0.03564356435643565,0.08154954567118416,1.0,-0.0,0,0
114,0.0,0.03564356435643565,0.08154954567118416,1.0,-0.0,0,0
115,0.0,0.041584158415841586,0.08590499787518362,1.0,-0.0,0,0
116,0.0,0.041584158415841586,0.08590499787518362,1.0,-0.0,0,0
117,0.0,0.0059405940594059415,0.03395332316729158,1.0,-0.0,0,0
118,0.0,0.0059405940594059415,0.03395332316729158,1.0,-0.0,0,0
119,0.0,0.0059405940594059415,0.03395332316729158,1.0,-0.0,0,0
120,0.0,0.0019801980198019802,0.0198019801980198,1.0,-0.0,0,0
121,0.0,0.06930693069306931,0.11751770396006173,1.0,-0.0,0,0
122,0.0,0.06930693069306931,0.11751770396006173,1.0,-0.0,0,0
123,0.0,0.06930693069306931,0.11751770396006173,1.0,-0.0,0,0
124,0.0,0.06930693069306931,0.11751770396006173,1.0,-0.0,0,0
125,0.0,0.06732673267326733,0.11698261772468856,1.0,-0.0,0,0
126,0.0,0.021782178217821784,0.06230547612891991,1.0,-0.0,0,0
127,0.0,0.08514851485148514,0.1269490726718781,1.0,-0.0,0,0
128,0.0,0.08712871287128712,0.13024224675172555,1.0,-0.0,0,0
129,0.0,0.08712871287128712,0.13024224675172555,1.0,-0.0,0,0
130,0.0,0.14455445544554454,0.16439221845954266,1.0,-0.0,0,0
131,0.0,0.12079207920792076,0.1568986755607153,1.0,-0.0,0,0
132,0.0,0.061386138613861385,0.11166631429601336,1.0,-0.0,0,0
133,0.0,0.0594059405940594,0.10733330877518932,1.0,-0.0,0,0
134,0.0,0.07722772277227724,0.11930590361498672,1.0,-0.0,0,0
135,0.0,0.021782178217821784,0.07393328595086918,1.0,-0.0,0,0
136,0.0,0.021782178217821784,0.07393328595086918,1.0,-0.0,0,0
137,0.0,0.017821782178217824,0.056980176514606566,1.0,-0.0,0,0
138,0.0,0.02772277227722772,0.07975061610139514,1.0,-0.0,0,0
139,0.0,0.009900990099009901,0.04338396495090424,1.0,-0.0,0,0
140,0.0,0.009900990099009901,0.04338396495090424,1.0,-0.0,0,0
141,0.0,0.019801980198019802,0.05973506189702322,1.0,-0.0,0,0
142,0.0,0.019801980198019802,0.05973506189702322,1.0,-0.0,0,0
143,0.0,0.009900990099009901,0.04338396495090425,1.0,-0.0,0,0
144,0.0,0.009900990099009901,0.04338396495090425,1.0,-0.0,0,0
145,0.0,0.009900990099009901,0.04338396495090425,1.0,-0.0,0,0
146,0.0,0.0,0.0,1.0,-0.0,0,0
147,0.0,0.0,0.0,1.0,-0.0,0,0
148,0.0,0.009900990099009901,0.04338396495090425,1.0,-0.0,0,0
149,0.0,0.009900990099009901,0.04338396495090425,1.0,-0.0,0,0
150,0.0,0.009900990099009901,0.04338396495090425,1.0,-0.0,0,0
151,0.0,0.009900990099009901,0.04338396495090425,1.0,-0.0,0,0
152,0.0,0.009900990099009901,0.04338396495090425,1.0,-0.0,0,0
153,0.0,0.0,0.0,1.0,-0.0,0,0
154,0.0,0.0,0.0,1.0,-0.0,0,0
155,0.0,0.0,0.0,1.0,-0.0,0,0
156,0.0,0.0,0.0,1.0,-0.0,0,0
157,0.0,0.0,0.0,1.0,-0.0,0,0
158,0.0,0.0,0.0,1.0,-0.0,0,0
159,0.0,0.0,0.0,1.0,-0.0,0,0
160,0.0,0.0,0.0,1.0,-0.0,0,0
161,0.0,0.0,0.0,1.0,-0.0,0,0
162,0.0,0.0,0.0,1.0,-0.0,0,0
163,0.0,0.0,0.0,1.0,-0.0,0,0
164,0.0,0.0,0.0,1.0,-0.0,0,0
165,0.0,0.0039603960396039604,0.027863855998951064,1.0,-0.0,0,0
166,0.0,0.021782178217821784,0.06230547612891991,1.0,-0.0,0,0
167,0.0,0.06930693069306931,0.11409790329416186,1.0,-0.0,0,0
168,0.0,0.06930693069306931,0.11409790329416186,1.0,-0.0,0,0
169,0.0,0.07920792079207921,0.11966689053257921,1.0,-0.0,0,0
170,0.0,0.07524752475247526,0.1189108498693262,1.0,-0.0,0,0
171,0.0,0.05742574257425742,0.11021718851545144,1.0,-0.0,0,0
172,0.0,0.0910891089108911,0.13650445892763635,1.0,-0.0,0,0
173,0.0,0.12871287128712872,0.16550949460567813,1.0,-0.0,0,0
174,0.0,0.1603960396039604,0.1712384753198294,1.0,-0.0,0,0
175,0.0,0.1603960396039604,0.1712384753198294,1.0,-0.0,0,0
176,0.0,0.1603960396039604,0.1712384753198294,1.0,-0.0,0,0
177,0.0,0.07722772277227723,0.12258049537063101,1.0,-0.0,0,0
178,0.0,0.051485148514851496,0.096075322540263,1.0,-0.0,0,0
179,0.0,0.0297029702970297,0.07112192077650681,1.0,-0.0,0,0
180,0.0,0.0297029702970297,0.07112192077650681,1.0,-0.0,0,0
181,0.0,0.0297029702970297,0.07112192077650681,1.0,-0.0,0,0
182,0.0,0.0297029702970297,0.07112192077650681,1.0,-0.0,0,0
183,0.0,0.06930693069306931,0.11409790329416186,1.0,-0.0,0,0
184,0.0,0.08712871287128712,0.1332483472575107,1.0,-0.0,0,0
185,0.0,0.08712871287128712,0.1332483472575107,1.0,-0.0,0,0
186,0.0,0.08712871287128712,0.1332483472575107,1.0,-0.0,0,0
187,0.0,0.08712871287128712,0.1332483472575107,1.0,-0.0,0,0
188,0.0,0.1108910891089109,0.15018206119491914,1.0,-0.0,0,0
189,0.0,0.07524752475247524,0.13156027914354926,1.0,-0.0,0,0
190,0.0,0.08118811881188118,0.1439972987144384,1.0,-0.0,0,0
191,0.0,0.11287128712871286,0.1698358941971609,1.0,-0.0,0,0
192,0.0,0.11287128712871286,0.1698358941971609,1.0,-0.0,0,0
193,0.0,0.07524752475247526,0.1253951698929708,1.0,-0.0,0,0
194,0.0,0.07524752475247526,0.1253951698929708,1.0,-0.0,0,0
195,0.0,0.06930693069306931,0.12407485305204392,1.0,-0.0,0,0
196,0.0,0.03762376237623762,0.08307396817189318,1.0,-0.0,0,0
197,0.0,0.061386138613861385,0.10046456153636296,1.0,-0.0,0,0
198,0.0,0.09306930693069305,0.13948804962658473,1.0,-0.0,0,0
199,0.0,0.09306930693069305,0.13948804962658473,1.0,-0.0,0,0
200,0.0,0.09306930693069305,0.13948804962658473,1.0,-0.0,0,0
201,0.0,0.12475247524752475,0.16131019290626772,1.0,-0.0,0,0
202,0.0,0.10693069306930691,0.15559367350941145,1.0,-0.0,0,0
203,0.0,0.05544554455445546,0.09797478714338996,1.0,-0.0,0,0
204,0.0,0.07722772277227724,0.1124710639300034,1.0,-0.0,0,0
205,0.0,0.08514851485148514,0.1172170185104851,1.0,-0.0,0,0
206,0.0,0.09702970297029702,0.13084299831035082,1.0,-0.0,0,0
207,0.0,0.09108910891089109,0.13057300215314485,1.0,-0.0,0,0
208,0.0,0.07326732673267328,0.11509022642946842,1.0,-0.0,0,0
209,0.0,0.06930693069306931,0.11409790329416186,1.0,-0.0,0,0
210,0.0,0.061386138613861385,0.11166631429601334,1.0,-0.0,0,0
211,0.0,0.017821782178217824,0.05698017651460656,1.0,-0.0,0,0
212,0.0,0.017821782178217824,0.05698017651460656,1.0,-0.0,0,0
213,0.0,0.017821782178217824,0.05698017651460656,1.0,-0.0,0,0
214,0.0,0.0,0.0,1.0,-0.0,0,0
215,0.0,0.0,0.0,1.0,-0.0,0,0
216,0.0,0.0,0.0,1.0,-0.0,0,0
217,0.0,0.0,0.0,1.0,-0.0,0,0
218,0.0,0.0,0.0,1.0,-0.0,0,0
219,0.0,0.0,0.0,1.0,-0.0,0,0
220,0.0,0.0,0.0,1.0,-0.0,0,0
221,0.0,0.0,0.0,1.0,-0.0,0,0
222,0.0,0.009900990099009901,0.04338396495090425,1.0,-0.0,0,0
223,0.0,0.009900990099009901,0.04338396495090425,1.0,-0.0,0,0
224,0.0,0.033663366336633666,0.07994704648786674,1.0,-0.0,0,0
225,0.0,0.041584158415841586,0.08590499787518362,1.0,-0.0,0,0
226,0.0,0.041584158415841586,0.08590499787518362,1.0,-0.0,0,0
227,0.0,0.03762376237623763,0.08771182015980238,1.0,-0.0,0,0
228,0.0,0.03762376237623763,0.08771182015980238,1.0,-0.0,0,0
229,0.0,0.013861386138613863,0.05079507064705212,1.0,-0.0,0,0
230,0.0,0.0059405940594059415,0.033953323167291584,1.0,-0.0,0,0
231,0.0,0.0059405940594059415,0.033953323167291584,1.0,-0.0,0,0
232,0.2,0.011881188118811881,0.047276579747775535,3.4586556520905853e-05,4.461092674713385,0,0
233,0.4,0.013861386138613863,0.05079507064705211,1.4601672822824464e-14,13.83559738694809,0,0
234,0.4,0.013861386138613863,0.05079507064705211,1.4601672822824464e-14,13.83559738694809,0,0
235,0.4,0.02970297029702971,0.07648795214189294,6.451360324816505e-07,6.190348700981579,0,0
236,0.4,0.04356435643564357,0.09587103712404124,0.00010045649966109397,3.998021958610833,0,0
237,0.2,0.03168316831683169,0.07826167463512676,0.01575022170315114,1.8027133286186665,0,0
238,0.0,0.05544554455445545,0.1019369320889802,1.0,-0.0,0,0
239,0.2,0.06336633663366338,0.10504385908811757,0.09667550266855758,1.014683561115634,0,0
240,0.2,0.04752475247524753,0.09397077637785879,0.05233944412570533,1.2811708941229774,0,0
241,0.2,0.033663366336633666,0.07994704648786674,0.018735949469970602,1.7273242935431963,0,0
242,0.2,0.033663366336633666,0.07994704648786674,0.018735949469970602,1.7273242935431963,0,0
243,0.2,0.007920792079207921,0.03900537743285587,4.2303541670263104e-07,6.3736232717865695,0,0
244,0.2,0.03762376237623763,0.07816140339006158,0.01888012292982573,1.723995182306426,0,0
245,0.2,0.03762376237623763,0.07816140339006158,0.01888012292982573,1.723995182306426,0,0
246,0.2,0.04554455445544555,0.08387254884969257,0.03277054107653563,1.4845163878939818,0,0
247,0.2,0.04554455445544555,0.08387254884969257,0.03277054107653563,1.4845163878939818,0,0
248,0.2,0.05148514851485149,0.08744317689433512,0.04471467951449677,1.3495498776386112,0,0
249,0.0,0.021782178217821784,0.06230547612891991,1.0,-0.0,0,0
250,0.0,0.021782178217821784,0.06230547612891991,1.0,-0.0,0,0
251,0.0,0.025742574257425738,0.07264925278354115,1.0,-0.0,0,0
252,0.0,0.025742574257425738,0.07264925278354115,1.0,-0.0,0,0
253,0.0,0.019801980198019802,0.06603299802191315,1.0,-0.0,0,0
254,0.0,0.011881188118811883,0.04727657974777555,1.0,-0.0,0,0
255,0.0,0.011881188118811883,0.04727657974777555,1.0,-0.0,0,0
256,0.0,0.011881188118811881,0.047276579747775535,1.0,-0.0,0,0
257,0.0,0.011881188118811881,0.047276579747775535,1.0,-0.0,0,0
258,0.0,0.02772277227722773,0.07461957893630405,1.0,-0.0,0,0
259,0.0,0.02772277227722773,0.07461957893630405,1.0,-0.0,0,0
260,0.0,0.02772277227722773,0.07461957893630405,1.0,-0.0,0,0
261,0.0,0.015841584158415842,0.054012600780142014,1.0,-0.0,0,0
262,0.0,0.015841584158415842,0.054012600780142014,1.0,-0.0,0,0
263,0.0,0.015841584158415842,0.05401260078014202,1.0,-0.0,0,0
264,0.0,0.03762376237623763,0.08771182015980238,1.0,-0.0,0,0
265,0.0,0.06336633663366337,0.10874875419996817,1.0,-0.0,0,0
266,0.0,0.06336633663366337,0.10874875419996817,1.0,-0.0,0,0
267,0.0,0.06336633663366337,0.10874875419996817,1.0,-0.0,0,0
268,0.0,0.04752475247524753,0.09809478080396704,1.0,-0.0,0,0
269,0.0,0.025742574257425745,0.07264925278354115,1.0,-0.0,0,0
270,0.0,0.0,0.0,1.0,-0.0,0,0
271,0.0,0.0,0.0,1.0,-0.0,0,0
272,0.0,0.0,0.0,1.0,-0.0,0,0
273,0.0,0.0,0.0,1.0,-0.0,0,0
274,0.0,0.0,0.0,1.0,-0.0,0,0
275,0.0,0.049504950495049514,0.09504950495049506,1.0,-0.0,0,0
276,0.2,0.1306930693069307,0.15526570917950622,0.32766272959730375,0.48457295517167204,0,0
277,0.4,0.17029702970297023,0.17436990069505995,0.09386375828337624,1.0275020607238352,0,0
278,0.4,0.18217821782178212,0.1782178217821782,0.11081180122969671,0.9554139856724344,0,0
279,0.4,0.18217821782178212,0.1782178217821782,0.11081180122969671,0.9554139856724344,0,0
280,0.4,0.13168316831683166,0.15474712241238045,0.0414674574435527,1.38229259236896,0,0
281,0.2,0.061386138613861385,0.10433219700847123,0.09199298471617674,1.0362452902111776,0,0
282,0.0,0.09306930693069305,0.1306930693069307,1.0,-0.0,0,0
283,0.2,0.1306930693069307,0.1474150698648297,0.3191245675477059,0.4960397607087188,0,0
284,0.2,0.1306930693069307,0.1474150698648297,0.3191245675477059,0.4960397607087188,0,0
285,0.2,0.14059405940594058,0.15554326246855824,0.3512583071183333,0.45437339607478805,0,0
286,0.2,0.12673267326732673,0.15599637537608815,0.31929423625965986,0.49580892105722785,0,0
287,0.2,0.07326732673267328,0.12177815335858848,0.1490109298067544,0.8267818753416016,0,0
288,0.0,0.0712871287128713,0.11461224656227947,1.0,-0.0,0,0
289,0.0,0.0712871287128713,0.11461224656227947,1.0,-0.0,0,0
290,0.0,0.10693069306930694,0.12762679639066948,1.0,-0.0,0,0
291,0.0,0.10693069306930694,0.12762679639066948,1.0,-0.0,0,0
292,0.0,0.1584158415841584,0.15238521194115637,1.0,-0.0,0,0
293,0.0,0.11089108910891086,0.13042276277287215,1.0,-0.0,0,0
294,0.0,0.11089108910891086,0.13042276277287215,1.0,-0.0,0,0
295,0.0,0.1188118811881188,0.157148395081398,1.0,-0.0,0,0
296,0.0,0.1188118811881188,0.157148395081398,1.0,-0.0,0,0
297,0.0,0.05346534653465347,0.11219180573635876,1.0,-0.0,0,0
298,0.0,0.05346534653465347,0.11219180573635876,1.0,-0.0,0,0
299,0.0,0.05346534653465347,0.11219180573635876,1.0,-0.0,0,0
300,0.0,0.0,0.0,1.0,-0.0,0,0
301,0.0,0.0,0.0,1.0,-0.0,0,0
302,0.0,0.0,0.0,1.0,-0.0,0,0
303,0.0,0.0,0.0,1.0,-0.0,0,0
304,0.0,0.0019801980198019802,0.0198019801980198,1.0,-0.0,0,0
305,0.0,0.057425742574257435,0.10656335878870264,1.0,-0.0,0,0
306,0.0,0.07524752475247526,0.11205191564986226,1.0,-0.0,0,0
307,0.0,0.07524752475247526,0.11205191564986226,1.0,-0.0,0,0
308,0.0,0.07524752475247526,0.11205191564986226,1.0,-0.0,0,0
309,0.0,0.10099009900990097,0.1367914141716479,1.0,-0.0,0,0
310,0.0,0.07920792079207921,0.12293186689242579,1.0,-0.0,0,0
311,0.0,0.07722772277227724,0.11593886073904515,1.0,-0.0,0,0
312,0.0,0.08316831683168316,0.12353642740976017,1.0,-0.0,0,0
313,0.0,0.09900990099009899,0.14791959918402456,1.0,-0.0,0,0
314,0.0,0.15643564356435644,0.16793200037318168,1.0,-0.0,0,0
315,0.0,0.12079207920792079,0.1517663861889879,1.0,-0.0,0,0
316,0.0,0.10495049504950493,0.13957235791450373,1.0,-0.0,0,0
317,0.0,0.09900990099009899,0.1308729634998678,1.0,-0.0,0,0
318,0.0,0.08316831683168316,0.12028786177019754,1.0,-0.0,0,0
319,0.0,0.021782178217821784,0.06230547612891991,1.0,-0.0,0,0
320,0.0,0.021782178217821784,0.06230547612891991,1.0,-0.0,0,0
321,0.0,0.021782178217821784,0.06230547612891991,1.0,-0.0,0,0
322,0.0,0.021782178217821784,0.06230547612891991,1.0,-0.0,0,0
323,0.0,0.041584158415841586,0.09039772047931348,1.0,-0.0,0,0
324,0.0,0.019801980198019802,0.059735061897023205,1.0,-0.0,0,0
325,0.0,0.019801980198019802,0.059735061897023205,1.0,-0.0,0,0
326,0.0,0.019801980198019802,0.059735061897023205,1.0,-0.0,0,0
327,0.0,0.04752475247524753,0.08965727859541997,1.0,-0.0,0,0
328,0.0,0.057425742574257435,0.10656335878870264,1.0,-0.0,0,0
329,0.0,0.06534653465346535,0.10939585993610405,1.0,-0.0,0,0
330,0.0,0.10297029702970298,0.14243667729389659,1.0,-0.0,0,0
331,0.0,0.10297029702970298,0.14243667729389659,1.0,-0.0,0,0
332,0.0,0.07524752475247524,0.12219602867755656,1.0,-0.0,0,0
333,0.0,0.06336633663366337,0.11233152161332939,1.0,-0.0,0,0
334,0.0,0.07326732673267328,0.1115960618107356,1.0,-0.0,0,0
335,0.0,0.041584158415841586,0.09039772047931348,1.0,-0.0,0,0
336,0.0,0.09702970297029702,0.1367627457412436,1.0,-0.0,0,0
337,0.0,0.10297029702970295,0.14519051706790778,1.0,-0.0,0,0
338,0.0,0.08514851485148514,0.13304219431477882,1.0,-0.0,0,0
339,0.0,0.06732673267326733,0.11000352009767247,1.0,-0.0,0,0
340,0.0,0.08118811881188118,0.10964648079134362,1.0,-0.0,0,0
341,0.0,0.031683168316831684,0.0730260947112308,1.0,-0.0,0,0
342,0.0,0.025742574257425745,0.0669763743575753,1.0,-0.0,0,0
343,0.0,0.025742574257425745,0.0669763743575753,1.0,-0.0,0,0
344,0.0,0.025742574257425745,0.0669763743575753,1.0,-0.0,0,0
345,0.0,0.0059405940594059415,0.03395332316729157,1.0,-0.0,0,0
346,0.0,0.0,0.0,1.0,-0.0,0,0
347,0.0,0.0,0.0,1.0,-0.0,0,0
348,0.0,0.0,0.0,1.0,-0.0,0,0
349,0.0,0.0,0.0,1.0,-0.0,0,0
350,0.0,0.021782178217821784,0.07393328595086918,1.0,-0.0,0,0
351,0.0,0.039603960396039604,0.09757374253271224,1.0,-0.0,0,0
352,0.0,0.0613861386138614,0.11166631429601336,1.0,-0.0,0,0
353,0.0,0.06732673267326733,0.11698261772468856,1.0,-0.0,0,0
354,0.0,0.06732673267326733,0.11698261772468856,1.0,-0.0,0,0
355,0.0,0.04554455445544554,0.09283729243351321,1.0,-0.0,0,0
356,0.0,0.02772277227722772,0.07461957893630407,1.0,-0.0,0,0
357,0.0,0.0059405940594059415,0.044101103864000187,1.0,-0.0,0,0
358,0.0,0.0059405940594059415,0.033953323167291584,1.0,-0.0,0,0
359,0.0,0.021782178217821784,0.062305476128919915,1.0,-0.0,0,0
360,0.0,0.021782178217821784,0.062305476128919915,1.0,-0.0,0,0
361,0.4,0.04752475247524753,0.08965727859541997,4.223293025907398e-05,4.374348784755605,0,0
362,0.4,0.04752475247524753,0.08965727859541997,4.223293025907398e-05,4.374348784755605,0,0
363,0.4,0.041584158415841586,0.08116396646304633,5.028416963610415e-06,5.298568717166065,0,0
364,0.4,0.03762376237623763,0.08307396817189319,6.441252943445817e-06,5.191029646072187,0,0
365,0.4,0.049504950495049514,0.09912864166957487,0.00020330223811297434,3.6918578402760573,0,0
366,0.0,0.023762376237623766,0.06471340450838887,1.0,-0.0,0,0
367,0.0,0.023762376237623766,0.06471340450838887,1.0,-0.0,0,0
368,0.0,0.023762376237623766,0.06471340450838887,1.0,-0.0,0,0
369,0.0,0.019801980198019802,0.0597350618970232,1.0,-0.0,0,0
370,0.0,0.007920792079207921,0.03900537743285587,1.0,-0.0,0,0
371,0.0,0.019801980198019802,0.0597350618970232,1.0,-0.0,0,0
372,0.0,0.019801980198019802,0.0597350618970232,1.0,-0.0,0,0
373,0.0,0.019801980198019802,0.0597350618970232,1.0,-0.0,0,0
374,0.0,0.011881188118811883,0.047276579747775535,1.0,-0.0,0,0
375,0.0,0.011881188118811883,0.047276579747775535,1.0,-0.0,0,0
376,0.0,0.0,0.0,1.0,-0.0,0,0
377,0.0,0.0,0.0,1.0,-0.0,0,0
378,0.2,0.009900990099009901,0.0517131281473291,0.00011844584382923118,3.9264801737229673,0,0
379,0.2,0.009900990099009901,0.0517131281473291,0.00011844584382923118,3.9264801737229673,0,0
380,0.6,0.033663366336633666,0.07994704648786674,7.007910603655771e-13,12.154411446878022,0,0
381,0.6,0.033663366336633666,0.07994704648786674,7.007910603655771e-13,12.154411446878022,0,0
382,0.6,0.07722772277227724,0.11593886073904515,3.2561720089602312e-06,5.4872926613476,0,0
383,0.4,0.06732673267326733,0.11000352009767247,0.0012464345936461629,2.904330506060191,0,0
384,0.4,0.06732673267326733,0.11000352009767247,0.0012464345936461629,2.904330506060191,0,0
385,0.0,0.05346534653465348,0.10860442931328386,1.0,-0.0,0,0
386,0.0,0.06732673267326733,0.12032045569079852,1.0,-0.0,0,0
387,0.0,0.023762376237623766,0.07056843438101175,1.0,-0.0,0,0
388,0.0,0.025742574257425748,0.07264925278354115,1.0,-0.0,0,0
389,0.0,0.025742574257425748,0.07264925278354115,1.0,-0.0,0,0
390,0.0,0.06534653465346535,0.11295810453031019,1.0,-0.0,0,0
391,0.0,0.06732673267326733,0.11000352009767247,1.0,-0.0,0,0
392,0.0,0.06732673267326733,0.11000352009767247,1.0,-0.0,0,0
393,0.0,0.06534653465346535,0.10939585993610405,1.0,-0.0,0,0
394,0.0,0.06534653465346535,0.10939585993610405,1.0,-0.0,0,0
395,0.0,0.015841584158415842,0.05401260078014202,1.0,-0.0,0,0
396,0.0,0.0,0.0,1.0,-0.0,0,0
397,0.0,0.0,0.0,1.0,-0.0,0,0
398,0.0,0.0039603960396039604,0.02786385599895107,1.0,-0.0,0,0
399,0.0,0.0039603960396039604,0.02786385599895107,1.0,-0.0,0,0
400,0.0,0.0039603960396039604,0.02786385599895107,1.0,-0.0,0,0
401,0.0,0.0039603960396039604,0.02786385599895107,1.0,-0.0,0,0
402,0.0,0.0039603960396039604,0.02786385599895107,1.0,-0.0,0,0
403,0.0,0.0,0.0,1.0,-0.0,0,0
404,0.0,0.0,0.0,1.0,-0.0,0,0
405,0.0,0.0,0.0,1.0,-0.0,0,0
406,0.0,0.0,0.0,1.0,-0.0,0,0
407,0.0,0.009900990099009901,0.04338396495090424,1.0,-0.0,0,0
408,0.0,0.009900990099009901,0.04338396495090424,1.0,-0.0,0,0
409,0.0,0.009900990099009901,0.04338396495090424,1.0,-0.0,0,0
410,0.0,0.009900990099009901,0.04338396495090424,1.0,-0.0,0,0
411,0.0,0.009900990099009901,0.04338396495090424,1.0,-0.0,0,0
412,0.2,0.0059405940594059415,0.033953323167291584,5.469865928325272e-09,8.262023318511561,0,0
413,0.2,0.0059405940594059415,0.033953323167291584,5.469865928325272e-09,8.262023318511561,0,0
414,0.2,0.0059405940594059415,0.033953323167291584,5.469865928325272e-09,8.262023318511561,0,0
415,0.2,0.0059405940594059415,0.033953323167291584,5.469865928325272e-09,8.262023318511561,0,0
416,0.2,0.011881188118811883,0.047276579747775535,3.4586556520905853e-05,4.461092674713385,0,0
417,0.0,0.0059405940594059415,0.03395332316729158,1.0,-0.0,0,0
418,0.0,0.0059405940594059415,0.03395332316729158,1.0,-0.0,0,0
419,0.0,0.0059405940594059415,0.03395332316729158,1.0,-0.0,0,0
420,0.0,0.0059405940594059415,0.03395332316729158,1.0,-0.0,0,0
421,0.0,0.0,0.0,1.0,-0.0,0,0
422,0.0,0.0,0.0,1.0,-0.0,0,0
423,0.0,0.0,0.0,1.0,-0.0,0,0
424,0.0,0.0,0.0,1.0,-0.0,0,0
425,0.0,0.0,0.0,1.0,-0.0,0,0
426,0.0,0.0,0.0,1.0,-0.0,0,0
427,0.0,0.033663366336633666,0.07994704648786674,1.0,-0.0,0,0
428,0.0,0.06336633663366338,0.10120342446875752,1.0,-0.0,0,0
429,0.0,0.07920792079207921,0.11285391563386142,1.0,-0.0,0,0
430,0.0,0.09900990099009899,0.1308729634998678,1.0,-0.0,0,0
431,0.0,0.09900990099009899,0.1308729634998678,1.0,-0.0,0,0
432,0.0,0.06534653465346535,0.1129581045303102,1.0,-0.0,0,0
433,0.0,0.03564356435643565,0.07653920035678292,1.0,-0.0,0,0
434,0.0,0.04950495049504951,0.09912864166957489,1.0,-0.0,0,0
435,0.0,0.02970297029702971,0.08150144802873932,1.0,-0.0,0,0
436,0.0,0.02970297029702971,0.08150144802873932,1.0,-0.0,0,0
437,0.0,0.02970297029702971,0.08150144802873932,1.0,-0.0,0,0
438,0.0,0.033663366336633666,0.08475617647141663,1.0,-0.0,0,0
439,0.0,0.0039603960396039604,0.027863855998951064,1.0,-0.0,0,0
440,0.0,0.009900990099009901,0.04338396495090424,1.0,-0.0,0,0
441,0.0,0.009900990099009901,0.04338396495090424,1.0,-0.0,0,0
442,0.0,0.009900990099009901,0.04338396495090424,1.0,-0.0,0,0
443,0.0,0.017821782178217824,0.05698017651460657,1.0,-0.0,0,0
444,0.0,0.039603960396039604,0.09342674148186496,1.0,-0.0,0,0
445,0.0,0.033663366336633666,0.08475617647141663,1.0,-0.0,0,0
446,0.0,0.039603960396039604,0.08908690597387718,1.0,-0.0,0,0
447,0.0,0.039603960396039604,0.08908690597387718,1.0,-0.0,0,0
448,0.0,0.041584158415841586,0.09467748980500532,1.0,-0.0,0,0
449,0.0,0.031683168316831684,0.09220155823225992,1.0,-0.0,0,0
450,0.0,0.031683168316831684,0.09220155823225992,1.0,-0.0,0,0
451,0.0,0.025742574257425745,0.0874880080569288,1.0,-0.0,0,0
452,0.0,0.04554455445544555,0.10485704788018795,1.0,-0.0,0,0
453,0.0,0.039603960396039604,0.08452453849668534,1.0,-0.0,0,0
454,0.0,0.02772277227722772,0.07461957893630407,1.0,-0.0,0,0
455,0.0,0.02772277227722772,0.07461957893630407,1.0,-0.0,0,0
456,0.0,0.02772277227722772,0.07461957893630407,1.0,-0.0,0,0
457,0.0,0.007920792079207921,0.03900537743285587,1.0,-0.0,0,0
458,0.0,0.0,0.0,1.0,-0.0,0,0
459,0.0,0.0,0.0,1.0,-0.0,0,0
460,0.0,0.0,0.0,1.0,-0.0,0,0
461,0.0,0.0,0.0,1.0,-0.0,0,0
462,0.0,0.0,0.0,1.0,-0.0,0,0
463,0.0,0.0,0.0,1.0,-0.0,0,0
464,0.0,0.0019801980198019802,0.0198019801980198,1.0,-0.0,0,0
465,0.0,0.0019801980198019802,0.0198019801980198,1.0,-0.0,0,0
466,0.0,0.0059405940594059415,0.03395332316729157,1.0,-0.0,0,0
467,0.0,0.021782178217821784,0.06230547612891991,1.0,-0.0,0,0
468,0.0,0.021782178217821784,0.06230547612891991,1.0,-0.0,0,0
469,0.0,0.04356435643564357,0.0916470215081674,1.0,-0.0,0,0
470,0.0,0.04752475247524753,0.09397077637785882,1.0,-0.0,0,0
471,0.2,0.12277227722772276,0.16160162980675774,0.31636442600450343,0.49981235721777173,0,0
472,0.2,0.10693069306930694,0.15302716108009237,0.271531344501955,0.5661800299480395,0,0
473,0.2,0.13861386138613863,0.16588812705842176,0.35567433101614243,0.44894747667620205,0,0
474,0.2,0.11485148514851484,0.1550382505430763,0.2914307658307523,0.535464602445127,0,0
475,0.2,0.11089108910891088,0.15018206119491914,0.27647706956305285,0.55834088235275,0,0
476,0.0,0.031683168316831684,0.08316831683168317,1.0,-0.0,0,0
477,0.0,0.04356435643564357,0.09164702150816742,1.0,-0.0,0,0
478,0.0,0.011881188118811881,0.047276579747775535,1.0,-0.0,0,0
479,0.0,0.011881188118811881,0.047276579747775535,1.0,-0.0,0,0
480,0.0,0.011881188118811881,0.047276579747775535,1.0,-0.0,0,0
481,0.0,0.011881188118811881,0.047276579747775535,1.0,-0.0,0,0
482,0.0,0.0,0.0,1.0,-0.0,0,0
483,0.0,0.0,0.0,1.0,-0.0,0,0
484,0.0,0.0,0.0,1.0,-0.0,0,0
485,0.0,0.0,0.0,1.0,-0.0,0,0
486,0.0,0.013861386138613863,0.05079507064705211,1.0,-0.0,0,0
487,0.0,0.033663366336633666,0.07482947971362845,1.0,-0.0,0,0
488,0.0,0.033663366336633666,0.07482947971362845,1.0,-0.0,0,0
489,0.0,0.033663366336633666,0.07482947971362845,1.0,-0.0,0,0
490,0.0,0.041584158415841586,0.09039772047931348,1.0,-0.0,0,0
491,0.0,0.04554455445544555,0.08387254884969256,1.0,-0.0,0,0
492,0.0,0.025742574257425748,0.06697637435757531,1.0,-0.0,0,0
493,0.0,0.025742574257425748,0.06697637435757531,1.0,-0.0,0,0
494,0.0,0.039603960396039604,0.07970143286137867,1.0,-0.0,0,0
495,0.0,0.03168316831683169,0.0730260947112308,1.0,-0.0,0,0
496,0.0,0.013861386138613863,0.05079507064705211,1.0,-0.0,0,0
497,0.0,0.013861386138613863,0.05079507064705211,1.0,-0.0,0,0
498,0.0,0.017821782178217824,0.05698017651460656,1.0,-0.0,0,0
499,0.0,0.019801980198019802,0.06603299802191316,1.0,-0.0,0,0
500,0.2,0.04950495049504951,0.09078727434730813,0.0486923704021295,1.312539082970909,0,0
501,0.2,0.04950495049504951,0.09078727434730813,0.0486923704021295,1.312539082970909,0,0
502,0.2,0.04950495049504951,0.09078727434730813,0.0486923704021295,1.312539082970909,0,0
503,0.4,0.06534653465346535,0.09793475658517416,0.00031645290910322575,3.4996909075682905,0,0
504,0.4,0.04950495049504951,0.08631483056516186,2.44672528461827e-05,4.611414789974722,0,0
505,0.2,0.0297029702970297,0.07112192077650681,0.008322928729312118,2.079723824290396,0,0
506,0.2,0.0297029702970297,0.07112192077650681,0.008322928729312118,2.079723824290396,0,0
507,0.2,0.0297029702970297,0.07112192077650681,0.008322928729312118,2.079723824290396,0,0
508,0.0,0.01386138613861386,0.05079507064705211,1.0,-0.0,0,0
509,0.0,0.015841584158415842,0.05401260078014202,1.0,-0.0,0,0
510,0.0,0.009900990099009901,0.04338396495090425,1.0,-0.0,0,0
511,0.0,0.009900990099009901,0.04338396495090425,1.0,-0.0,0,0
512,0.0,0.009900990099009901,0.04338396495090425,1.0,-0.0,0,0
513,0.0,0.0059405940594059415,0.03395332316729158,1.0,-0.0,0,0
514,0.0,0.0039603960396039604,0.02786385599895107,1.0,-0.0,0,0
515,0.0,0.021782178217821784,0.06836703565002801,1.0,-0.0,0,0
516,0.0,0.021782178217821784,0.06836703565002801,1.0,-0.0,0,0
517,0.0,0.021782178217821784,0.06836703565002801,1.0,-0.0,0,0
518,0.0,0.021782178217821784,0.06836703565002801,1.0,-0.0,0,0
519,0.0,0.021782178217821784,0.06836703565002801,1.0,-0.0,0,0
520,0.0,0.0,0.0,1.0,-0.0,0,0
521,0.0,0.0,0.0,1.0,-0.0,0,0
522,0.0,0.0,0.0,1.0,-0.0,0,0
523,0.0,0.0,0.0,1.0,-0.0,0,0
524,0.0,0.0,0.0,1.0,-0.0,0,0
525,0.0,0.0,0.0,1.0,-0.0,0,0
526,0.0,0.0,0.0,1.0,-0.0,0,0
527,0.0,0.0,0.0,1.0,-0.0,0,0
528,0.0,0.0,0.0,1.0,-0.0,0,0
529,0.0,0.0,0.0,1.0,-0.0,0,0
530,0.0,0.011881188118811881,0.04727657974777554,1.0,-0.0,0,0
531,0.0,0.021782178217821784,0.06230547612891991,1.0,-0.0,0,0
532,0.0,0.021782178217821784,0.06230547612891991,1.0,-0.0,0,0
533,0.0,0.023762376237623766,0.06471340450838889,1.0,-0.0,0,0
534,0.0,0.023762376237623766,0.06471340450838889,1.0,-0.0,0,0
535,0.0,0.011881188118811881,0.047276579747775535,1.0,-0.0,0,0
536,0.0,0.0019801980198019802,0.0198019801980198,1.0,-0.0,0,0
537,0.0,0.0019801980198019802,0.0198019801980198,1.0,-0.0,0,0
538,0.0,0.0019801980198019802,0.0198019801980198,1.0,-0.0,0,0
539,0.0,0.0019801980198019802,0.0198019801980198,1.0,-0.0,0,0
540,0.0,0.039603960396039604,0.09342674148186496,1.0,-0.0,0,0
541,0.0,0.039603960396039604,0.09342674148186496,1.0,-0.0,0,0
542,0.0,0.039603960396039604,0.09342674148186496,1.0,-0.0,0,0
543,0.0,0.03762376237623763,0.08771182015980238,1.0,-0.0,0,0
544,0.0,0.03762376237623763,0.08771182015980238,1.0,-0.0,0,0
545,0.0,0.0,0.0,1.0,-0.0,0,0
546,0.0,0.0,0.0,1.0,-0.0,0,0
547,0.0,0.0,0.0,1.0,-0.0,0,0
548,0.0,0.0,0.0,1.0,-0.0,0,0
549,0.0,0.0,0.0,1.0,-0.0,0,0
550,0.0,0.0,0.0,1.0,-0.0,0,0
551,0.0,0.0,0.0,1.0,-0.0,0,0
552,0.0,0.0,0.0,1.0,-0.0,0,0
553,0.0,0.007920792079207921,0.03900537743285587,1.0,-0.0,0,0
554,0.0,0.007920792079207921,0.03900537743285587,1.0,-0.0,0,0
555,0.0,0.007920792079207921,0.03900537743285587,1.0,-0.0,0,0
556,0.0,0.007920792079207921,0.03900537743285587,1.0,-0.0,0,0
557,0.0,0.007920792079207921,0.03900537743285587,1.0,-0.0,0,0
558,0.0,0.0,0.0,1.0,-0.0,0,0
559,0.0,0.0,0.0,1.0,-0.0,0,0
560,0.0,0.0,0.0,1.0,-0.0,0,0
561,0.0,0.0,0.0,1.0,-0.0,0,0
562,0.0,0.0,0.0,1.0,-0.0,0,0
563,0.0,0.0,0.0,1.0,-0.0,0,0
564,0.0,0.0,0.0,1.0,-0.0,0,0
565,0.0,0.0,0.0,1.0,-0.0,0,0
566,0.0,0.0,0.0,1.0,-0.0,0,0
567,0.0,0.007920792079207921,0.03900537743285587,1.0,-0.0,0,0
568,0.0,0.007920792079207921,0.03900537743285587,1.0,-0.0,0,0
569,0.0,0.007920792079207921,0.03900537743285587,1.0,-0.0,0,0
570,0.0,0.007920792079207921,0.03900537743285587,1.0,-0.0,0,0
571,0.0,0.007920792079207921,0.03900537743285587,1.0,-0.0,0,0
572,0.0,0.0059405940594059415,0.033953323167291584,1.0,-0.0,0,0
573,0.0,0.009900990099009901,0.04338396495090424,1.0,-0.0,0,0
574,0.0,0.009900990099009901,0.04338396495090424,1.0,-0.0,0,0
575,0.0,0.009900990099009901,0.04338396495090424,1.0,-0.0,0,0
576,0.0,0.009900990099009901,0.04338396495090424,1.0,-0.0,0,0
577,0.0,0.009900990099009901,0.04338396495090424,1.0,-0.0,0,0
578,0.0,0.0059405940594059415,0.03395332316729158,1.0,-0.0,0,0
579,0.0,0.0059405940594059415,0.03395332316729158,1.0,-0.0,0,0
580,0.0,0.019801980198019806,0.05973506189702319,1.0,-0.0,0,0
581,0.0,0.05148514851485149,0.10399339410297728,1.0,-0.0,0,0
582,0.0,0.061386138613861385,0.1185475607690754,1.0,-0.0,0,0
583,0.0,0.07326732673267328,0.12811743461086583,1.0,-0.0,0,0
584,0.0,0.09504950495049506,0.14513649268759363,1.0,-0.0,0,0
585,0.0,0.08118811881188118,0.12951766673875514,1.0,-0.0,0,0
586,0.0,0.04950495049504951,0.09504950495049506,1.0,-0.0,0,0
587,0.0,0.033663366336633666,0.07994704648786674,1.0,-0.0,0,0
588,0.0,0.041584158415841586,0.08590499787518362,1.0,-0.0,0,0
589,0.0,0.039603960396039604,0.09757374253271224,1.0,-0.0,0,0
590,0.0,0.039603960396039604,0.09757374253271224,1.0,-0.0,0,0
591,0.0,0.039603960396039604,0.09757374253271224,1.0,-0.0,0,0
592,0.0,0.051485148514851496,0.10773441987117183,1.0,-0.0,0,0
593,0.0,0.03564356435643565,0.08154954567118415,1.0,-0.0,0,0
594,0.0,0.015841584158415842,0.05401260078014202,1.0,-0.0,0,0
595,0.0,0.015841584158415842,0.05401260078014202,1.0,-0.0,0,0
596,0.0,0.017821782178217824,0.056980176514606566,1.0,-0.0,0,0
597,0.0,0.0059405940594059415,0.03395332316729157,1.0,-0.0,0,0
598,0.0,0.0019801980198019802,0.0198019801980198,1.0,-0.0,0,0
599,0.0,0.007920792079207921,0.03900537743285587,1.0,-0.0,0,0
600,0.0,0.007920792079207921,0.03900537743285587,1.0,-0.0,0,0
601,0.0,0.041584158415841586,0.09039772047931348,1.0,-0.0,0,0
602,0.0,0.041584158415841586,0.09039772047931348,1.0,-0.0,0,0
603,0.0,0.05544554455445546,0.11299281281336322,1.0,-0.0,0,0
604,0.0,0.05148514851485149,0.11134982906542217,1.0,-0.0,0,0
605,0.0,0.057425742574257435,0.12051583409665692,1.0,-0.0,0,0
606,0.0,0.03564356435643565,0.09500824186847648,1.0,-0.0,0,0
607,0.0,0.05742574257425742,0.12051583409665695,1.0,-0.0,0,0
608,0.0,0.05544554455445545,0.10943169805661863,1.0,-0.0,0,0
609,0.0,0.05940594059405942,0.11447531431916541,1.0,-0.0,0,0
610,0.0,0.06534653465346535,0.10939585993610405,1.0,-0.0,0,0
611,0.0,0.06336633663366338,0.10504385908811757,1.0,-0.0,0,0
612,0.0,0.09702970297029702,0.12778032320714203,1.0,-0.0,0,0
613,0.0,0.08514851485148513,0.11378818137472192,1.0,-0.0,0,0
614,0.0,0.08514851485148513,0.12054836637801526,1.0,-0.0,0,0
615,0.0,0.08514851485148513,0.11378818137472192,1.0,-0.0,0,0
616,0.0,0.07326732673267328,0.10798889666879985,1.0,-0.0,0,0
617,0.0,0.017821782178217824,0.0635517090529949,1.0,-0.0,0,0
618,0.0,0.017821782178217824,0.0635517090529949,1.0,-0.0,0,0
619,0.0,0.011881188118811883,0.047276579747775535,1.0,-0.0,0,0
620,0.0,0.0,0.0,1.0,-0.0,0,0
621,0.0,0.0,0.0,1.0,-0.0,0,0
622,0.0,0.0,0.0,1.0,-0.0,0,0
623,0.0,0.0,0.0,1.0,-0.0,0,0
624,0.0,0.0,0.0,1.0,-0.0,0,0
625,0.0,0.0,0.0,1.0,-0.0,0,0
626,0.0,0.0,0.0,1.0,-0.0,0,0
627,0.0,0.019801980198019802,0.059735061897023205,1.0,-0.0,0,0
628,0.0,0.033663366336633666,0.07994704648786674,1.0,-0.0,0,0
629,0.0,0.033663366336633666,0.07994704648786674,1.0,-0.0,0,0
630,0.0,0.033663366336633666,0.07994704648786674,1.0,-0.0,0,0
631,0.0,0.033663366336633666,0.07994704648786674,1.0,-0.0,0,0
632,0.0,0.013861386138613863,0.05079507064705211,1.0,-0.0,0,0
633,0.0,0.041584158415841586,0.09039772047931348,1.0,-0.0,0,0
634,0.0,0.041584158415841586,0.09039772047931348,1.0,-0.0,0,0
635,0.0,0.041584158415841586,0.09039772047931348,1.0,-0.0,0,0
636,0.0,0.041584158415841586,0.09039772047931348,1.0,-0.0,0,0
637,0.0,0.041584158415841586,0.09039772047931348,1.0,-0.0,0,0
638,0.0,0.007920792079207921,0.03900537743285587,1.0,-0.0,0,0
639,0.0,0.03762376237623763,0.09211646217515253,1.0,-0.0,0,0
640,0.0,0.03762376237623763,0.09211646217515253,1.0,-0.0,0,0
641,0.0,0.05544554455445544,0.10943169805661862,1.0,-0.0,0,0
642,0.0,0.05742574257425742,0.11021718851545144,1.0,-0.0,0,0
643,0.0,0.05346534653465348,0.09704990696905226,1.0,-0.0,0,0
644,0.0,0.023762376237623766,0.07056843438101175,1.0,-0.0,0,0
645,0.0,0.023762376237623766,0.07056843438101175,1.0,-0.0,0,0
646,0.0,0.0059405940594059415,0.033953323167291584,1.0,-0.0,0,0
647,0.0,0.0039603960396039604,0.02786385599895107,1.0,-0.0,0,0
648,0.2,0.0297029702970297,0.07648795214189293,0.012991839772286904,1.8863293442020952,0,0
649,0.2,0.0297029702970297,0.07648795214189293,0.012991839772286904,1.8863293442020952,0,0
650,0.4,0.0594059405940594,0.10357779667819421,0.0005039858459677199,3.297581660190253,0,0
651,0.4,0.0594059405940594,0.10357779667819421,0.0005039858459677199,3.297581660190253,0,0
652,0.4,0.0594059405940594,0.10357779667819421,0.0005039858459677199,3.297581660190253,0,0
653,0.2,0.04356435643564357,0.08255312311158745,0.029048226759887566,1.5368803738382273,0,0
654,0.2,0.04752475247524753,0.08512548617902843,0.03663203844700429,1.4361389136681444,0,0
655,0.0,0.041584158415841586,0.09039772047931348,1.0,-0.0,0,0
656,0.0,0.041584158415841586,0.09039772047931348,1.0,-0.0,0,0
657,0.0,0.041584158415841586,0.09039772047931348,1.0,-0.0,0,0
658,0.0,0.033663366336633666,0.07994704648786673,1.0,-0.0,0,0
659,0.0,0.0297029702970297,0.07112192077650681,1.0,-0.0,0,0
660,0.0,0.015841584158415842,0.05401260078014202,1.0,-0.0,0,0
661,0.0,0.015841584158415842,0.05401260078014202,1.0,-0.0,0,0
662,0.0,0.015841584158415842,0.05401260078014202,1.0,-0.0,0,0
663,0.0,0.02772277227722772,0.07461957893630405,1.0,-0.0,0,0
664,0.0,0.02772277227722772,0.07461957893630405,1.0,-0.0,0,0
665,0.0,0.04356435643564357,0.09587103712404124,1.0,-0.0,0,0
666,0.0,0.04356435643564357,0.09587103712404124,1.0,-0.0,0,0
667,0.0,0.04356435643564357,0.09587103712404124,1.0,-0.0,0,0
668,0.0,0.025742574257425745,0.0669763743575753,1.0,-0.0,0,0
669,0.0,0.04950495049504951,0.09078727434730813,1.0,-0.0,0,0
670,0.0,0.05346534653465347,0.10104832334394513,1.0,-0.0,0,0
671,0.0,0.06930693069306931,0.11751770396006173,1.0,-0.0,0,0
672,0.0,0.07722772277227724,0.12888031758632065,1.0,-0.0,0,0
673,0.0,0.0891089108910891,0.13042276277287218,1.0,-0.0,0,0
674,0.0,0.14059405940594058,0.13943181578046687,1.0,-0.0,0,0
675,0.0,0.11584158415841582,0.12953280349644583,1.0,-0.0,0,0
676,0.0,0.09900990099009899,0.1308729634998678,1.0,-0.0,0,0
677,0.0,0.09900990099009899,0.13386490123687583,1.0,-0.0,0,0
678,0.0,0.09900990099009901,0.14246420394934614,1.0,-0.0,0,0
679,0.0,0.031683168316831684,0.07826167463512675,1.0,-0.0,0,0
680,0.0,0.057425742574257435,0.09476028605152792,1.0,-0.0,0,0
681,0.0,0.09900990099009899,0.12467387119760154,1.0,-0.0,0,0
682,0.0,0.09108910891089109,0.12113245340338318,1.0,-0.0,0,0
683,0.0,0.09504950495049505,0.1277189346265117,1.0,-0.0,0,0
684,0.0,0.08910891089108909,0.12420120222231065,1.0,-0.0,0,0
685,0.0,0.061386138613861385,0.11166631429601336,1.0,-0.0,0,0
686,0.2,0.03762376237623763,0.08307396817189318,0.025315250600093615,1.5966177690988217,0,0
687,0.2,0.04356435643564357,0.08721867542790196,0.03643831012751651,1.4384417721851057,0,0
688,0.2,0.02772277227722772,0.06910862719451544,0.0063361735559086295,2.1981729353735644,0,0
689,0.2,0.0297029702970297,0.07112192077650681,0.008322928729312118,2.079723824290396,0,0
690,0.2,0.049504950495049514,0.09912864166957489,0.06448460512601868,1.1905439552382786,0,0
691,0.0,0.05148514851485149,0.11485148514851484,1.0,-0.0,0,0
692,0.0,0.0613861386138614,0.1281786323380773,1.0,-0.0,0,0
693,0.0,0.07722772277227724,0.14615954128511632,1.0,-0.0,0,0
694,0.0,0.08118811881188118,0.15202453637757812,1.0,-0.0,0,0
695,0.0,0.05742574257425742,0.11718356139020585,1.0,-0.0,0,0
696,0.0,0.03762376237623763,0.08771182015980238,1.0,-0.0,0,0
697,0.0,0.04356435643564357,0.09991664009142863,1.0,-0.0,0,0
698,0.0,0.027722772277227727,0.07461957893630405,1.0,-0.0,0,0
699,0.0,0.021782178217821784,0.06230547612891991,1.0,-0.0,0,0
700,0.0,0.027722772277227727,0.06910862719451545,1.0,-0.0,0,0
701,0.0,0.0297029702970297,0.07112192077650681,1.0,-0.0,0,0
702,0.0,0.013861386138613863,0.05079507064705211,1.0,-0.0,0,0
703,0.0,0.027722772277227727,0.07461957893630405,1.0,-0.0,0,0
704,0.0,0.03762376237623763,0.08771182015980238,1.0,-0.0,0,0
705,0.0,0.031683168316831684,0.07826167463512675,1.0,-0.0,0,0
706,0.0,0.03564356435643565,0.07653920035678292,1.0,-0.0,0,0
707,0.0,0.03564356435643565,0.08154954567118415,1.0,-0.0,0,0
708,0.0,0.023762376237623766,0.06471340450838889,1.0,-0.0,0,0
709,0.0,0.013861386138613863,0.05079507064705211,1.0,-0.0,0,0
710,0.0,0.025742574257425748,0.06697637435757531,1.0,-0.0,0,0
711,0.0,0.06336633663366337,0.10504385908811757,1.0,-0.0,0,0
712,0.0,0.05742574257425742,0.09885135821266286,1.0,-0.0,0,0
713,0.0,0.0594059405940594,0.09968089464279778,1.0,-0.0,0,0
714,0.0,0.0594059405940594,0.09968089464279778,1.0,-0.0,0,0
715,0.0,0.05544554455445545,0.10575073206193022,1.0,-0.0,0,0
716,0.2,0.025742574257425748,0.06697637435757531,0.004637140001348011,2.3337497919853583,0,0
717,0.2,0.0613861386138614,0.11166631429601336,0.10724339580581539,0.9696294427647089,0,0
718,0.2,0.06534653465346535,0.1197651526735639,0.13044022603964706,0.8845884572772555,0,0
719,0.2,0.06534653465346535,0.1197651526735639,0.13044022603964706,0.8845884572772555,0,0
720,0.2,0.057425742574257435,0.11375371577303027,0.10503752039332916,0.9786555391292131,0,0
721,0.0,0.04356435643564357,0.09587103712404124,1.0,-0.0,0,0
722,0.0,0.011881188118811883,0.047276579747775535,1.0,-0.0,0,0
723,0.0,0.0039603960396039604,0.027863855998951068,1.0,-0.0,0,0
724,0.0,0.0039603960396039604,0.027863855998951068,1.0,-0.0,0,0
725,0.0,0.0039603960396039604,0.027863855998951068,1.0,-0.0,0,0
726,0.0,0.0039603960396039604,0.027863855998951068,1.0,-0.0,0,0
727,0.0,0.0,0.0,1.0,-0.0,0,0
728,0.0,0.0,0.0,1.0,-0.0,0,0
729,0.0,0.0,0.0,1.0,-0.0,0,0
730,0.0,0.0,0.0,1.0,-0.0,0,0
731,0.0,0.017821782178217824,0.05698017651460656,1.0,-0.0,0,0
732,0.0,0.04356435643564357,0.09587103712404124,1.0,-0.0,0,0
733,0.0,0.04356435643564357,0.09587103712404124,1.0,-0.0,0,0
734,0.0,0.04356435643564357,0.09587103712404124,1.0,-0.0,0,0
735,0.0,0.04356435643564357,0.09587103712404124,1.0,-0.0,0,0
736,0.0,0.027722772277227727,0.07461957893630405,1.0,-0.0,0,0
737,0.0,0.04554455445544555,0.08387254884969257,1.0,-0.0,0,0
738,0.2,0.0594059405940594,0.09968089464279778,0.07920469585235763,1.1012490693914339,0,0
739,0.2,0.06534653465346535,0.10189845806153354,0.09317609402087902,1.03069549930456,0,0
740,0.2,0.07326732673267328,0.10425700262248065,0.1120725770261012,0.9505006416709056,0,0
741,0.2,0.07920792079207921,0.11285391563386142,0.1422331097238646,0.8469992946288156,0,0
742,0.2,0.0594059405940594,0.10357779667819421,0.08733081746926054,1.0588324745635311,0,0
743,0.0,0.04554455445544555,0.08846854615322249,1.0,-0.0,0,0
744,0.0,0.04356435643564357,0.08721867542790195,1.0,-0.0,0,0
745,0.0,0.039603960396039604,0.08452453849668534,1.0,-0.0,0,0
746,0.0,0.04356435643564357,0.0916470215081674,1.0,-0.0,0,0
747,0.0,0.019801980198019802,0.06603299802191315,1.0,-0.0,0,0
748,0.0,0.019801980198019802,0.06603299802191315,1.0,-0.0,0,0
749,0.0,0.029702970297029712,0.07648795214189293,1.0,-0.0,0,0
750,0.0,0.025742574257425748,0.06697637435757531,1.0,-0.0,0,0
751,0.0,0.01386138613861386,0.05079507064705212,1.0,-0.0,0,0
752,0.0,0.01386138613861386,0.05079507064705212,1.0,-0.0,0,0
753,0.0,0.031683168316831684,0.0730260947112308,1.0,-0.0,0,0
754,0.0,0.017821782178217824,0.056980176514606566,1.0,-0.0,0,0
755,0.0,0.017821782178217824,0.056980176514606566,1.0,-0.0,0,0
756,0.0,0.017821782178217824,0.056980176514606566,1.0,-0.0,0,0
757,0.0,0.017821782178217824,0.056980176514606566,1.0,-0.0,0,0
758,0.0,0.0059405940594059415,0.033953323167291584,1.0,-0.0,0,0
759,0.0,0.013861386138613863,0.05079507064705211,1.0,-0.0,0,0
760,0.0,0.013861386138613863,0.05079507064705211,1.0,-0.0,0,0
761,0.0,0.041584158415841586,0.09039772047931348,1.0,-0.0,0,0
762,0.0,0.041584158415841586,0.09039772047931348,1.0,-0.0,0,0
763,0.0,0.04356435643564357,0.0916470215081674,1.0,-0.0,0,0
764,0.2,0.04752475247524753,0.10205226714237721,0.0675760797755082,1.1702070061279664,0,0
765,0.2,0.04752475247524753,0.10205226714237721,0.0675760797755082,1.1702070061279664,0,0
766,0.2,0.019801980198019802,0.059735061897023205,0.001278047474114718,2.8934530136556162,0,0
767,0.2,0.03960396039603961,0.08908690597387718,0.0358952311958159,1.4449632450960652,0,0
768,0.2,0.031683168316831684,0.07826167463512675,0.015750221703151112,1.8027133286186672,0,0
769,0.0,0.019801980198019802,0.0597350618970232,1.0,-0.0,0,0
770,0.0,0.019801980198019802,0.0597350618970232,1.0,-0.0,0,0
771,0.0,0.019801980198019802,0.0597350618970232,1.0,-0.0,0,0
772,0.0,0.05148514851485149,0.1001126705723924,1.0,-0.0,0,0
773,0.0,0.07722772277227724,0.1257698574906964,1.0,-0.0,0,0
774,0.0,0.08118811881188118,0.1264228887090089,1.0,-0.0,0,0
775,0.0,0.08118811881188118,0.1264228887090089,1.0,-0.0,0,0
776,0.0,0.08118811881188118,0.1264228887090089,1.0,-0.0,0,0
777,0.0,0.06732673267326733,0.11698261772468857,1.0,-0.0,0,0
778,0.0,0.041584158415841586,0.10270338597932627,1.0,-0.0,0,0
779,0.0,0.03762376237623763,0.09211646217515253,1.0,-0.0,0,0
780,0.0,0.03762376237623763,0.09211646217515253,1.0,-0.0,0,0
781,0.0,0.04554455445544555,0.10100951085035129,1.0,-0.0,0,0
782,0.0,0.007920792079207921,0.03900537743285587,1.0,-0.0,0,0
783,0.0,0.011881188118811883,0.047276579747775535,1.0,-0.0,0,0
784,0.0,0.02772277227722772,0.07461957893630407,1.0,-0.0,0,0
785,0.0,0.033663366336633666,0.07994704648786674,1.0,-0.0,0,0
786,0.0,0.02772277227722772,0.07461957893630407,1.0,-0.0,0,0
787,0.0,0.02772277227722772,0.07461957893630407,1.0,-0.0,0,0
788,0.0,0.023762376237623766,0.06471340450838889,1.0,-0.0,0,0
789,0.0,0.009900990099009901,0.04338396495090425,1.0,-0.0,0,0
790,0.0,0.049504950495049514,0.08631483056516186,1.0,-0.0,0,0
791,0.0,0.04752475247524753,0.08512548617902843,1.0,-0.0,0,0
792,0.0,0.04752475247524753,0.08512548617902843,1.0,-0.0,0,0
793,0.0,0.08316831683168316,0.11351216354824961,1.0,-0.0,0,0
794,0.0,0.08118811881188118,0.11320083903331847,1.0,-0.0,0,0
795,0.0,0.03564356435643565,0.08154954567118415,1.0,-0.0,0,0
796,0.0,0.03564356435643565,0.08154954567118415,1.0,-0.0,0,0
797,0.0,0.03564356435643565,0.08154954567118415,1.0,-0.0,0,0
798,0.0,0.03564356435643565,0.08154954567118416,1.0,-0.0,0,0
799,0.0,0.03762376237623763,0.08307396817189319,1.0,-0.0,0,0
800,0.0,0.03762376237623763,0.08307396817189319,1.0,-0.0,0,0
801,0.0,0.04356435643564357,0.08721867542790195,1.0,-0.0,0,0
802,0.0,0.04356435643564357,0.08721867542790195,1.0,-0.0,0,0
803,0.0,0.017821782178217824,0.05698017651460656,1.0,-0.0,0,0
804,0.0,0.033663366336633666,0.08475617647141663,1.0,-0.0,0,0
805,0.0,0.03564356435643565,0.09074407316744237,1.0,-0.0,0,0
806,0.0,0.0297029702970297,0.08622392497852371,1.0,-0.0,0,0
807,0.0,0.041584158415841586,0.0946774898050053,1.0,-0.0,0,0
808,0.0,0.031683168316831684,0.08780118525701135,1.0,-0.0,0,0
809,0.0,0.013861386138613863,0.050795070647052104,1.0,-0.0,0,0
810,0.0,0.033663366336633666,0.08930671115865095,1.0,-0.0,0,0
811,0.0,0.041584158415841586,0.1027033859793263,1.0,-0.0,0,0
812,0.0,0.031683168316831684,0.08780118525701135,1.0,-0.0,0,0
813,0.0,0.04752475247524753,0.10205226714237722,1.0,-0.0,0,0
814,0.0,0.04752475247524753,0.10205226714237722,1.0,-0.0,0,0
815,0.0,0.025742574257425748,0.07264925278354116,1.0,-0.0,0,0
816,0.0,0.027722772277227727,0.07975061610139514,1.0,-0.0,0,0
817,0.2,0.04752475247524753,0.09809478080396702,0.06004850186537829,1.2214978232271951,0,0
818,0.2,0.039603960396039604,0.08452453849668534,0.028872622852877186,1.5395137620565469,0,0
819,0.2,0.04752475247524753,0.09397077637785879,0.05233944412570533,1.2811708941229774,0,0
820,0.2,0.04752475247524753,0.09397077637785879,0.05233944412570533,1.2811708941229774,0,0
821,0.2,0.03762376237623763,0.08307396817189318,0.025315250600093615,1.5966177690988217,0,0
822,0.0,0.025742574257425748,0.07264925278354116,1.0,-0.0,0,0
823,0.2,0.05544554455445545,0.09797478714338996,0.07004915208881982,1.1545971172715026,0,0
824,0.2,0.06732673267326733,0.1135467024699521,0.12131331785204298,0.9160915193958917,0,0
825,0.4,0.08712871287128712,0.13618810981425267,0.010799503534292852,1.9665962090753621,0,0
826,0.4,0.08712871287128712,0.13618810981425267,0.010799503534292852,1.9665962090753621,0,0
827,0.4,0.08514851485148514,0.13598641357140118,0.010297829212359208,1.9872543151447362,0,0
828,0.2,0.04752475247524753,0.10205226714237722,0.06757607977550824,1.1702070061279661,0,0
829,0.2,0.02772277227722773,0.06910862719451544,0.0063361735559086295,2.1981729353735644,0,0
830,0.0,0.007920792079207921,0.03900537743285587,1.0,-0.0,0,0
831,0.0,0.009900990099009901,0.04338396495090425,1.0,-0.0,0,0
832,0.0,0.0039603960396039604,0.02786385599895107,1.0,-0.0,0,0
833,0.0,0.017821782178217824,0.056980176514606566,1.0,-0.0,0,0
834,0.0,0.04554455445544555,0.09283729243351321,1.0,-0.0,0,0
835,0.0,0.04554455445544555,0.09283729243351321,1.0,-0.0,0,0
836,0.0,0.04356435643564357,0.0916470215081674,1.0,-0.0,0,0
837,0.0,0.05544554455445545,0.10575073206193022,1.0,-0.0,0,0
838,0.0,0.041584158415841586,0.09467748980500532,1.0,-0.0,0,0
839,0.0,0.019801980198019802,0.07178047113026478,1.0,-0.0,0,0
840,0.0,0.019801980198019802,0.07178047113026478,1.0,-0.0,0,0
841,0.0,0.019801980198019802,0.07178047113026478,1.0,-0.0,0,0
842,0.0,0.0059405940594059415,0.033953323167291584,1.0,-0.0,0,0
843,0.0,0.0059405940594059415,0.033953323167291584,1.0,-0.0,0,0
844,0.0,0.0,0.0,1.0,-0.0,0,0
845,0.0,0.0,0.0,1.0,-0.0,0,0
846,0.0,0.009900990099009901,0.04338396495090425,1.0,-0.0,0,0
847,0.0,0.009900990099009901,0.04338396495090425,1.0,-0.0,0,0
848,0.0,0.009900990099009901,0.04338396495090425,1.0,-0.0,0,0
849,0.0,0.017821782178217824,0.05698017651460655,1.0,-0.0,0,0
850,0.0,0.019801980198019802,0.0597350618970232,1.0,-0.0,0,0
851,0.0,0.025742574257425745,0.0669763743575753,1.0,-0.0,0,0
852,0.0,0.025742574257425745,0.0669763743575753,1.0,-0.0,0,0
853,0.0,0.03762376237623763,0.08771182015980239,1.0,-0.0,0,0
854,0.0,0.0297029702970297,0.07648795214189293,1.0,-0.0,0,0
855,0.0,0.04752475247524753,0.09809478080396704,1.0,-0.0,0,0
856,0.0,0.03168316831683169,0.08316831683168317,1.0,-0.0,0,0
857,0.0,0.03168316831683169,0.08316831683168317,1.0,-0.0,0,0
858,0.0,0.019801980198019802,0.06603299802191315,1.0,-0.0,0,0
859,0.0,0.019801980198019802,0.06603299802191315,1.0,-0.0,0,0
860,0.0,0.021782178217821784,0.06836703565002801,1.0,-0.0,0,0
861,0.0,0.021782178217821784,0.06836703565002801,1.0,-0.0,0,0
862,0.0,0.021782178217821784,0.06836703565002801,1.0,-0.0,0,0
863,0.0,0.021782178217821784,0.06836703565002801,1.0,-0.0,0,0
864,0.0,0.021782178217821784,0.06836703565002801,1.0,-0.0,0,0
865,0.0,0.0059405940594059415,0.033953323167291584,1.0,-0.0,0,0
866,0.0,0.0059405940594059415,0.033953323167291584,1.0,-0.0,0,0
867,0.0,0.0059405940594059415,0.033953323167291584,1.0,-0.0,0,0
868,0.0,0.009900990099009901,0.04338396495090424,1.0,-0.0,0,0
869,0.0,0.009900990099009901,0.04338396495090424,1.0,-0.0,0,0
870,0.0,0.0039603960396039604,0.027863855998951064,1.0,-0.0,0,0
871,0.0,0.0039603960396039604,0.027863855998951064,1.0,-0.0,0,0
872,0.0,0.0039603960396039604,0.027863855998951064,1.0,-0.0,0,0
873,0.0,0.0,0.0,1.0,-0.0,0,0
874,0.0,0.0,0.0,1.0,-0.0,0,0
875,0.0,0.0,0.0,1.0,-0.0,0,0
876,0.0,0.0,0.0,1.0,-0.0,0,0
877,0.0,0.0,0.0,1.0,-0.0,0,0
878,0.0,0.0,0.0,1.0,-0.0,1,0
879,0.0,0.0,0.0,1.0,-0.0,0,0
880,0.0,0.0,0.0,1.0,-0.0,0,0
881,0.0,0.0039603960396039604,0.027863855998951068,1.0,-0.0,0,0
882,0.2,0.041584158415841586,0.08590499787518362,0.03258561123651815,1.4869741281544258,0,0
883,0.2,0.041584158415841586,0.08590499787518362,0.03258561123651815,1.4869741281544258,0,0
884,0.2,0.041584158415841586,0.08590499787518362,0.03258561123651815,1.4869741281544258,0,0
885,0.2,0.05544554455445544,0.10575073206193021,0.0858227237563678,1.0663977063776964,0,0
886,0.2,0.05148514851485149,0.10399339410297728,0.07662893002971194,1.1156072384578781,0,0
887,0.0,0.013861386138613863,0.050795070647052104,1.0,-0.0,0,0
888,0.0,0.013861386138613863,0.050795070647052104,1.0,-0.0,0,0
889,0.0,0.013861386138613863,0.050795070647052104,1.0,-0.0,0,0
890,0.0,0.0059405940594059415,0.03395332316729158,1.0,-0.0,0,0
891,0.0,0.0059405940594059415,0.03395332316729158,1.0,-0.0,0,0
892,0.0,0.0059405940594059415,0.03395332316729158,1.0,-0.0,0,0
893,0.0,0.015841584158415842,0.05401260078014202,1.0,-0.0,0,0
894,0.0,0.015841584158415842,0.05401260078014202,1.0,-0.0,0,0
895,0.0,0.009900990099009901,0.04338396495090424,1.0,-0.0,0,0
896,0.0,0.009900990099009901,0.04338396495090424,1.0,-0.0,0,0
897,0.0,0.031683168316831684,0.0730260947112308,1.0,-0.0,0,0
898,0.0,0.021782178217821784,0.06230547612891991,1.0,-0.0,0,0
899,0.0,0.021782178217821784,0.06230547612891991,1.0,-0.0,0,0
900,0.0,0.021782178217821784,0.06230547612891991,1.0,-0.0,0,0
901,0.0,0.021782178217821784,0.06230547612891991,1.0,-0.0,0,0
902,0.0,0.0,0.0,1.0,-0.0,0,0
903,0.0,0.0,0.0,1.0,-0.0,0,0
904,0.0,0.0,0.0,1.0,-0.0,0,0
905,0.0,0.0,0.0,1.0,-0.0,0,0
906,0.0,0.0,0.0,1.0,-0.0,0,0
907,0.0,0.0,0.0,1.0,-0.0,0,0
908,0.0,0.0,0.0,1.0,-0.0,0,0
909,0.0,0.0,0.0,1.0,-0.0,0,0
910,0.0,0.0,0.0,1.0,-0.0,0,0
911,0.0,0.0,0.0,1.0,-0.0,0,0
912,0.0,0.0,0.0,1.0,-0.0,0,0
913,0.0,0.0,0.0,1.0,-0.0,0,0
914,0.0,0.0,0.0,1.0,-0.0,0,0
915,0.0,0.0,0.0,1.0,-0.0,0,0
916,0.0,0.0,0.0,1.0,-0.0,0,0
917,0.0,0.023762376237623766,0.06471340450838889,1.0,-0.0,0,0
918,0.0,0.02772277227722773,0.06910862719451544,1.0,-0.0,0,0
919,0.0,0.031683168316831684,0.0730260947112308,1.0,-0.0,0,0
920,0.0,0.031683168316831684,0.0730260947112308,1.0,-0.0,0,0
921,0.0,0.05544554455445545,0.09384550979067553,1.0,-0.0,0,0
922,0.0,0.031683168316831684,0.0730260947112308,1.0,-0.0,0,0
923,0.0,0.027722772277227727,0.06910862719451545,1.0,-0.0,0,0
924,0.0,0.02772277227722772,0.06910862719451544,1.0,-0.0,0,0
925,0.0,0.07722772277227723,0.13191745702927898,1.0,-0.0,0,0
926,0.0,0.05346534653465347,0.11566797518027905,1.0,-0.0,0,0
927,0.0,0.06534653465346535,0.1197651526735639,1.0,-0.0,0,0
928,0.0,0.06732673267326733,0.12032045569079852,1.0,-0.0,0,0
929,0.0,0.07524752475247526,0.13156027914354926,1.0,-0.0,0,0
930,0.0,0.027722772277227727,0.06910862719451544,1.0,-0.0,0,0
931,0.0,0.027722772277227727,0.06910862719451544,1.0,-0.0,0,0
932,0.0,0.015841584158415842,0.054012600780142014,1.0,-0.0,0,0
933,0.0,0.013861386138613863,0.050795070647052104,1.0,-0.0,0,0
934,0.0,0.0019801980198019802,0.0198019801980198,1.0,-0.0,0,0
935,0.0,0.0,0.0,1.0,-0.0,0,0
936,0.0,0.0,0.0,1.0,-0.0,0,0
937,0.0,0.03564356435643565,0.08626938974571076,1.0,-0.0,0,0
938,0.0,0.03564356435643565,0.08626938974571076,1.0,-0.0,0,0
939,0.0,0.039603960396039604,0.09342674148186496,1.0,-0.0,0,0
940,0.0,0.039603960396039604,0.09342674148186496,1.0,-0.0,0,0
941,0.0,0.0712871287128713,0.1213265242141813,1.0,-0.0,0,0
942,0.0,0.03762376237623763,0.08771182015980236,1.0,-0.0,0,0
943,0.0,0.03762376237623763,0.08771182015980236,1.0,-0.0,0,0
944,0.0,0.05346534653465347,0.10489443673781407,1.0,-0.0,0,0
945,0.0,0.05346534653465347,0.10489443673781407,1.0,-0.0,0,0
946,0.0,0.021782178217821784,0.06230547612891991,1.0,-0.0,0,0
947,0.0,0.019801980198019802,0.059735061897023205,1.0,-0.0,0,0
948,0.0,0.019801980198019802,0.059735061897023205,1.0,-0.0,0,0
949,0.0,0.0,0.0,1.0,-0.0,0,0
950,0.0,0.05346534653465348,0.09287951999650354,1.0,-0.0,0,0
951,0.0,0.05346534653465348,0.09287951999650354,1.0,-0.0,0,0
952,0.0,0.06534653465346535,0.10571364605971598,1.0,-0.0,0,0
953,0.0,0.06534653465346535,0.10571364605971598,1.0,-0.0,0,0
954,0.0,0.1089108910891089,0.14765427233510695,1.0,-0.0,0,0
955,0.0,0.05544554455445545,0.1019369320889802,1.0,-0.0,0,0
956,0.0,0.05544554455445545,0.1019369320889802,1.0,-0.0,0,0
957,0.0,0.09504950495049505,0.1277189346265117,1.0,-0.0,0,0
958,0.0,0.09504950495049505,0.1277189346265117,1.0,-0.0,0,0
959,0.0,0.051485148514851496,0.096075322540263,1.0,-0.0,0,0
960,0.0,0.051485148514851496,0.096075322540263,1.0,-0.0,0,0
961,0.0,0.051485148514851496,0.096075322540263,1.0,-0.0,0,0
962,0.0,0.0,0.0,1.0,-0.0,0,0
963,0.0,0.0,0.0,1.0,-0.0,0,0
964,0.0,0.0,0.0,1.0,-0.0,0,0
965,0.0,0.0,0.0,1.0,-0.0,0,0
966,0.0,0.0,0.0,1.0,-0.0,0,0
967,0.0,0.0,0.0,1.0,-0.0,0,0
968,0.0,0.023762376237623766,0.07056843438101175,1.0,-0.0,0,0
969,0.0,0.039603960396039604,0.08452453849668534,1.0,-0.0,0,0
970,0.0,0.039603960396039604,0.08452453849668534,1.0,-0.0,0,0
971,0.0,0.06930693069306931,0.11057238501634631,1.0,-0.0,0,0
972,0.0,0.11089108910891086,0.13636075485692528,1.0,-0.0,0,0
973,0.0,0.08712871287128712,0.12401163019288061,1.0,-0.0,0,0
974,0.0,0.07722772277227724,0.12258049537063101,1.0,-0.0,0,0
975,0.0,0.07722772277227724,0.12258049537063101,1.0,-0.0,0,0
976,0.0,0.04752475247524753,0.10205226714237722,1.0,-0.0,0,0
977,0.0,0.007920792079207921,0.03900537743285587,1.0,-0.0,0,0
978,0.0,0.015841584158415842,0.054012600780142014,1.0,-0.0,0,0
979,0.0,0.011881188118811881,0.047276579747775535,1.0,-0.0,0,0
980,0.0,0.011881188118811881,0.047276579747775535,1.0,-0.0,0,0
981,0.0,0.04356435643564357,0.0916470215081674,1.0,-0.0,0,0
982,0.0,0.041584158415841586,0.09039772047931349,1.0,-0.0,0,0
983,0.0,0.033663366336633666,0.07994704648786674,1.0,-0.0,0,0
984,0.0,0.031683168316831684,0.07826167463512676,1.0,-0.0,0,0
985,0.0,0.033663366336633666,0.08475617647141663,1.0,-0.0,0,0
986,0.0,0.0019801980198019802,0.019801980198019802,1.0,-0.0,0,0
987,0.0,0.0019801980198019802,0.019801980198019802,1.0,-0.0,0,0
988,0.0,0.007920792079207921,0.03900537743285587,1.0,-0.0,0,0
989,0.0,0.007920792079207921,0.03900537743285587,1.0,-0.0,0,0
990,0.0,0.0059405940594059415,0.03395332316729158,1.0,-0.0,0,0
991,0.0,0.007920792079207921,0.03900537743285587,1.0,-0.0,0,0
992,0.0,0.007920792079207921,0.03900537743285587,1.0,-0.0,0,0
993,0.0,0.0019801980198019802,0.019801980198019802,1.0,-0.0,0,0
994,0.0,0.0019801980198019802,0.019801980198019802,1.0,-0.0,0,0
995,0.0,0.0019801980198019802,0.019801980198019802,1.0,-0.0,0,0
996,0.0,0.0,0.0,1.0,-0.0,0,0
997,0.0,0.0,0.0,1.0,-0.0,0,0
998,0.0,0.0,0.0,1.0,-0.0,0,0
999,0.0,0.0,0.0,1.0,-0.0,0,0
1000,0.0,0.0,0.0,1.0,-0.0,0,0
1001,0.0,0.0,0.0,1.0,-0.0,0,0
1002,0.0,0.0,0.0,1.0,-0.0,0,0
1003,0.0,0.0,0.0,1.0,-0.0,0,0
1004,0.0,0.0,0.0,1.0,-0.0,0,0
1005,0.0,0.0,0.0,1.0,-0.0,0,0
1006,0.0,0.0,0.0,1.0,-0.0,0,0
1007,0.0,0.0,0.0,1.0,-0.0,0,0
1008,0.0,0.0,0.0,1.0,-0.0,0,0
1009,0.2,0.019801980198019802,0.059735061897023205,0.001278047474114718,2.8934530136556162,0,0
1010,0.2,0.0297029702970297,0.07648795214189293,0.012991839772286904,1.8863293442020952,0,0
1011,0.2,0.0297029702970297,0.07648795214189293,0.012991839772286904,1.8863293442020952,0,0
1012,0.2,0.0297029702970297,0.07648795214189293,0.012991839772286904,1.8863293442020952,0,0
1013,0.2,0.0297029702970297,0.07648795214189293,0.012991839772286904,1.8863293442020952,0,0
1014,0.0,0.009900990099009901,0.04338396495090425,1.0,-0.0,0,0
1015,0.2,0.0019801980198019802,0.0198019801980198,1.0000007619853025e-17,16.999999669074114,0,0
1016,0.2,0.019801980198019802,0.0597350618970232,0.0012780474741147156,2.893453013655617,0,0
1017,0.2,0.03564356435643565,0.08626938974571076,0.028380055950301422,1.5469867526811094,0,0
1018,0.6,0.0613861386138614,0.10433219700847123,1.2184358755351025e-07,6.914197322149401,0,0
1019,0.8,0.08712871287128712,0.12077584698595571,1.790903181785131e-09,8.746927891958347,0,0
1020,0.6,0.097029702970297,0.124642415697871,2.7265582056931503e-05,4.564385226698403,0,0
1021,0.6,0.10891089108910891,0.13937555924568534,0.00021294743489177527,3.67172758695467,0,0
1022,0.6,0.09900990099009899,0.14246420394934614,0.0002185532134274528,3.6604428036170145,0,0
1023,0.4,0.07722772277227723,0.13191745702927896,0.0072070483980578165,2.1422425614789415,0,0
1024,0.2,0.05148514851485149,0.10773441987117181,0.08402025455510505,1.0756160070195218,0,0
1025,0.4,0.04950495049504951,0.10304643034659552,0.0003352925125692628,3.474576144710637,0,0
1026,0.4,0.019801980198019802,0.0597350618970232,9.78116791754024e-11,10.009609285308553,0,0
1027,0.4,0.013861386138613863,0.05079507064705211,1.4601672822824464e-14,13.83559738694809,0,0
1028,0.2,0.009900990099009901,0.04338396495090424,5.885669548817485e-06,5.230204125035219,0,0
1029,0.2,0.04554455445544555,0.08846854615322249,0.040415922396446834,1.3934475050229045,0,0
1030,0.0,0.04950495049504951,0.09504950495049506,1.0,-0.0,0,0
1031,0.0,0.0594059405940594,0.10357779667819421,1.0,-0.0,0,0
1032,0.0,0.06732673267326733,0.1135467024699521,1.0,-0.0,0,0
1033,0.0,0.06732673267326733,0.1135467024699521,1.0,-0.0,0,0
1034,0.0,0.05544554455445544,0.10575073206193021,1.0,-0.0,0,0
1035,0.0,0.041584158415841586,0.0946774898050053,1.0,-0.0,0,0
1036,0.0,0.061386138613861385,0.10046456153636296,1.0,-0.0,0,0
1037,0.0,0.05346534653465347,0.09287951999650358,1.0,-0.0,0,0
1038,0.0,0.05346534653465347,0.09287951999650358,1.0,-0.0,0,0
1039,0.0,0.0297029702970297,0.07112192077650681,1.0,-0.0,0,0
1040,0.0,0.03564356435643565,0.08154954567118415,1.0,-0.0,0,0
1041,0.0,0.0059405940594059415,0.03395332316729158,1.0,-0.0,0,0
1042,0.0,0.0059405940594059415,0.03395332316729158,1.0,-0.0,0,0
1043,0.0,0.033663366336633666,0.07994704648786674,1.0,-0.0,0,0
1044,0.0,0.04356435643564357,0.08721867542790195,1.0,-0.0,0,0
1045,0.0,0.039603960396039604,0.08452453849668534,1.0,-0.0,0,0
1046,0.0,0.039603960396039604,0.08452453849668534,1.0,-0.0,0,0
1047,0.0,0.09108910891089109,0.11781762202489916,1.0,-0.0,0,0
1048,0.0,0.0910891089108911,0.12113245340338318,1.0,-0.0,0,0
1049,0.0,0.13663366336633664,0.1405243168254271,1.0,-0.0,0,0
1050,0.0,0.1405940594059406,0.1450013436754282,1.0,-0.0,0,0
1051,0.0,0.1485148514851485,0.15325760452189582,1.0,-0.0,0,0
1052,0.0,0.12079207920792079,0.14913402284168503,1.0,-0.0,0,0
1053,0.0,0.12871287128712872,0.1606525268671035,1.0,-0.0,0,0
1054,0.0,0.07524752475247524,0.1189108498693262,1.0,-0.0,0,0
1055,0.0,0.16237623762376235,0.16818865241652334,1.0,-0.0,0,0
1056,0.0,0.18811881188118812,0.17981680926331076,1.0,-0.0,0,0
1057,0.0,0.28118811881188116,0.2535736154900559,1.0,-0.0,0,0
1058,0.0,0.24554455445544554,0.23357944457034657,1.0,-0.0,0,0
1059,0.0,0.24554455445544554,0.23357944457034657,1.0,-0.0,0,0
1060,0.0,0.15247524752475247,0.20128009124076135,1.0,-0.0,0,0
1061,0.0,0.1188118811881188,0.17160446766964987,1.0,-0.0,0,0
1062,0.0,0.019801980198019802,0.06603299802191315,1.0,-0.0,0,0
1063,0.0,0.019801980198019802,0.06603299802191315,1.0,-0.0,0,0
1064,0.0,0.019801980198019802,0.06603299802191315,1.0,-0.0,0,0
1065,0.0,0.019801980198019802,0.06603299802191315,1.0,-0.0,0,0
1066,0.0,0.019801980198019802,0.06603299802191315,1.0,-0.0,0,0
1067,0.0,0.031683168316831684,0.07826167463512675,1.0,-0.0,0,0
1068,0.0,0.031683168316831684,0.07826167463512675,1.0,-0.0,0,0
1069,0.0,0.031683168316831684,0.07826167463512675,1.0,-0.0,0,0
1070,0.0,0.031683168316831684,0.07826167463512675,1.0,-0.0,0,0
1071,0.0,0.03564356435643565,0.09074407316744237,1.0,-0.0,0,0
1072,0.0,0.0039603960396039604,0.027863855998951068,1.0,-0.0,0,0
1073,0.0,0.009900990099009901,0.04338396495090425,1.0,-0.0,0,0
1074,0.0,0.009900990099009901,0.04338396495090425,1.0,-0.0,0,0
1075,0.0,0.019801980198019802,0.06603299802191316,1.0,-0.0,0,0
1076,0.0,0.023762376237623766,0.07056843438101174,1.0,-0.0,0,0
1077,0.0,0.039603960396039604,0.09757374253271223,1.0,-0.0,0,0
1078,0.0,0.033663366336633666,0.08475617647141663,1.0,-0.0,0,0
1079,0.0,0.041584158415841586,0.09467748980500532,1.0,-0.0,0,0
1080,0.0,0.031683168316831684,0.08316831683168317,1.0,-0.0,0,0
1081,0.0,0.02772277227722772,0.08457091684777276,1.0,-0.0,0,0
1082,0.0,0.011881188118811883,0.04727657974777554,1.0,-0.0,0,0
1083,0.0,0.027722772277227727,0.06910862719451544,1.0,-0.0,0,0
1084,0.0,0.031683168316831684,0.0730260947112308,1.0,-0.0,0,0
1085,0.0,0.031683168316831684,0.0730260947112308,1.0,-0.0,0,0
1086,0.0,0.061386138613861385,0.09644194583672017,1.0,-0.0,0,0
1087,0.0,0.07722772277227723,0.1124710639300034,1.0,-0.0,0,0
