,foreground,bg_means,bg_stdev,pvals,minus_logs,regs,active
2,0.0,0.0019801980198019802,0.0198019801980198,1.0,-0.0,0,0
3,0.0,0.0019801980198019802,0.0198019801980198,1.0,-0.0,0,0
4,0.0,0.017821782178217824,0.05698017651460656,1.0,-0.0,0,0
5,0.0,0.017821782178217824,0.05698017651460656,1.0,-0.0,0,0
6,0.0,0.017821782178217824,0.05698017651460656,1.0,-0.0,0,0
7,0.0,0.017821782178217824,0.05698017651460656,1.0,-0.0,0,0
8,0.0,0.017821782178217824,0.05698017651460656,1.0,-0.0,0,0
9,0.0,0.0,0.0,1.0,-0.0,0,0
10,0.0,0.0,0.0,1.0,-0.0,0,0
11,0.0,0.0,0.0,1.0,-0.0,0,0
12,0.0,0.0,0.0,1.0,-0.0,0,0
13,0.0,0.0,0.0,1.0,-0.0,0,0
14,0.0,0.0,0.0,1.0,-0.0,0,0
15,0.0,0.0,0.0,1.0,-0.0,0,0
16,0.0,0.0,0.0,1.0,-0.0,0,0
17,0.0,0.0,0.0,1.0,-0.0,0,0
18,0.0,0.009900990099009901,0.04338396495090424,1.0,-0.0,0,0
19,0.0,0.017821782178217824,0.05698017651460656,1.0,-0.0,0,0
20,0.0,0.049504950495049514,0.09078727434730813,1.0,-0.0,0,0
21,0.0,0.049504950495049514,0.09078727434730813,1.0,-0.0,0,0
22,0.0,0.16435643564356436,0.18107717211333596,1.0,-0.0,0,0
23,0.0,0.15445544554455443,0.18213516495155513,1.0,-0.0,0,0
24,0.0,0.22970297029702974,0.21688366843711793,1.0,-0.0,0,0
25,0.0,0.6554455445544551,0.34711690829561076,1.0,-0.0,0,0
26,0.0,0.6910891089108908,0.35098137094819043,1.0,-0.0,0,0
27,0.0,0.5920792079207922,0.3340964372298359,1.0,-0.0,0,0
28,0.0,0.5920792079207922,0.3340964372298359,1.0,-0.0,0,0
29,0.0,0.5089108910891089,0.3140596556502072,1.0,-0.0,0,0
30,0.0,0.049504950495049514,0.09078727434730813,1.0,-0.0,0,0
31,0.0,0.013861386138613863,0.05807080514303042,1.0,-0.0,0,0
32,0.0,0.0,0.0,1.0,-0.0,0,0
33,0.0,0.04752475247524753,0.09397077637785879,1.0,-0.0,0,0
34,0.0,0.0811881188118812,0.1325402022232199,1.0,-0.0,0,0
35,0.0,0.14455445544554454,0.1619651884885428,1.0,-0.0,0,0
36,0.0,0.23564356435643566,0.22408633344052936,1.0,-0.0,0,0
37,0.0,0.24752475247524752,0.23233385819665348,1.0,-0.0,0,0
38,0.0,0.19999999999999998,0.2180017258538279,1.0,-0.0,0,0
39,0.0,0.17029702970297028,0.20563572254648982,1.0,-0.0,0,0
40,0.0,0.11287128712871287,0.15521519162190436,1.0,-0.0,0,0
41,0.0,0.021782178217821784,0.06230547612891991,1.0,-0.0,0,0
42,0.0,0.009900990099009901,0.04338396495090424,1.0,-0.0,0,0
43,0.0,0.015841584158415842,0.05401260078014202,1.0,-0.0,0,0
44,0.0,0.03762376237623763,0.08307396817189318,1.0,-0.0,0,0
45,0.0,0.031683168316831684,0.07826167463512675,1.0,-0.0,0,0
46,0.0,0.04554455445544555,0.09283729243351323,1.0,-0.0,0,0
47,0.0,0.07722772277227723,0.11593886073904515,1.0,-0.0,0,0
48,0.0,0.19207920792079206,0.1948257247722589,1.0,-0.0,0,0
49,0.0,0.21188118811881182,0.2026004841572858,1.0,-0.0,0,0
50,0.0,0.44158415841584153,0.2733247177501563,1.0,-0.0,0,0
51,0.2,0.5980198019801981,0.3202660397880876,1.0,-0.0,0,0
52,0.2,0.8297029702970296,0.3508249272716203,1.0,-0.0,0,0
53,0.2,0.8039603960396039,0.3701540466258697,1.0,-0.0,0,0
54,0.2,0.8178217821782177,0.38905726107711164,1.0,-0.0,0,0
55,0.2,0.6138613861386139,0.31873192527912547,1.0,-0.0,0,0
56,0.0,0.7445544554455444,0.37349705355571744,1.0,-0.0,0,0
57,0.0,0.5247524752475248,0.3280322190750459,1.0,-0.0,0,0
58,0.0,0.5405940594059406,0.30771538148801286,1.0,-0.0,0,0
59,0.0,0.47920792079207924,0.27872298312733323,1.0,-0.0,0,0
60,0.0,0.45346534653465354,0.2727071313556113,1.0,-0.0,0,0
61,0.0,0.17227722772277224,0.17806373977319878,1.0,-0.0,0,0
62,0.0,0.12475247524752475,0.16851473513974877,1.0,-0.0,0,0
63,0.0,0.017821782178217824,0.056980176514606566,1.0,-0.0,0,0
64,0.0,0.017821782178217824,0.056980176514606566,1.0,-0.0,0,0
65,0.0,0.021782178217821784,0.06230547612891991,1.0,-0.0,0,0
66,0.0,0.0039603960396039604,0.027863855998951064,1.0,-0.0,0,0
67,0.0,0.0039603960396039604,0.027863855998951064,1.0,-0.0,0,0
68,0.0,0.0039603960396039604,0.027863855998951064,1.0,-0.0,0,0
69,0.0,0.0039603960396039604,0.027863855998951064,1.0,-0.0,0,0
70,0.0,0.0,0.0,1.0,-0.0,0,0
71,0.0,0.0,0.0,1.0,-0.0,0,0
72,0.0,0.0,0.0,1.0,-0.0,0,0
73,0.0,0.0,0.0,1.0,-0.0,0,0
74,0.0,0.0,0.0,1.0,-0.0,0,0
75,0.0,0.0,0.0,1.0,-0.0,0,0
76,0.0,0.013861386138613863,0.05079507064705211,1.0,-0.0,0,0
77,0.0,0.013861386138613863,0.05079507064705211,1.0,-0.0,0,0
78,0.0,0.05346534653465347,0.11219180573635876,1.0,-0.0,0,0
79,0.0,0.1465346534653465,0.15893479355105833,1.0,-0.0,0,0
80,0.0,0.2752475247524752,0.20460342737567513,1.0,-0.0,0,0
81,0.0,0.37029702970297035,0.2443599659548887,1.0,-0.0,0,0
82,0.0,0.39801980198019804,0.2412755698324648,1.0,-0.0,0,0
83,0.0,0.5405940594059406,0.30382975229649734,1.0,-0.0,0,0
84,0.0,0.7207920792079207,0.36378560536383825,1.0,-0.0,0,0
85,0.0,0.6198019801980198,0.35208566745012726,1.0,-0.0,0,0
86,0.0,0.5247524752475247,0.3398910543549312,1.0,-0.0,0,0
87,0.0,0.49702970297029697,0.3301531134574599,1.0,-0.0,0,0
88,0.0,0.31485148514851485,0.25069651038571816,1.0,-0.0,0,0
89,0.0,0.04356435643564357,0.08255312311158747,1.0,-0.0,0,0
90,0.0,0.013861386138613863,0.05079507064705211,1.0,-0.0,0,0
91,0.0,0.0,0.0,1.0,-0.0,0,0
92,0.0,0.0,0.0,1.0,-0.0,0,0
93,0.0,0.0,0.0,1.0,-0.0,0,0
94,0.0,0.011881188118811881,0.047276579747775535,1.0,-0.0,0,0
95,0.0,0.033663366336633666,0.08475617647141663,1.0,-0.0,0,0
96,0.0,0.049504950495049514,0.09504950495049506,1.0,-0.0,0,0
97,0.0,0.049504950495049514,0.09504950495049506,1.0,-0.0,0,0
98,0.0,0.13465346534653463,0.16194097663572968,1.0,-0.0,0,0
99,0.0,0.12277227722772276,0.15913204437912432,1.0,-0.0,0,0
100,0.0,0.10099009900990098,0.14791959918402456,1.0,-0.0,0,0
101,0.0,0.08514851485148513,0.13598641357140118,1.0,-0.0,0,0
102,0.0,0.2396039603960396,0.2180376967683296,1.0,-0.0,0,0
103,0.0,0.15445544554455443,0.17321922953369534,1.0,-0.0,0,0
104,0.0,0.16039603960396034,0.17804171717219025,1.0,-0.0,0,0
105,0.0,0.16039603960396034,0.17804171717219025,1.0,-0.0,0,0
106,0.0,0.17425742574257425,0.18597001000988353,1.0,-0.0,0,0
107,0.0,0.019801980198019802,0.06603299802191315,1.0,-0.0,0,0
108,0.0,0.019801980198019802,0.06603299802191315,1.0,-0.0,0,0
109,0.0,0.02772277227722773,0.06910862719451544,1.0,-0.0,0,0
110,0.0,0.041584158415841586,0.09039772047931348,1.0,-0.0,0,0
111,0.0,0.027722772277227727,0.06910862719451544,1.0,-0.0,0,0
112,0.0,0.027722772277227727,0.06910862719451544,1.0,-0.0,0,0
113,0.0,0.027722772277227727,0.06910862719451544,1.0,-0.0,0,0
114,0.0,0.013861386138613863,0.05079507064705211,1.0,-0.0,0,0
115,0.0,0.0,0.0,1.0,-0.0,0,0
116,0.0,0.0,0.0,1.0,-0.0,0,0
117,0.0,0.0,0.0,1.0,-0.0,0,0
118,0.0,0.0,0.0,1.0,-0.0,0,0
119,0.0,0.0,0.0,1.0,-0.0,0,0
120,0.0,0.0,0.0,1.0,-0.0,0,0
121,0.0,0.0,0.0,1.0,-0.0,0,0
122,0.0,0.0,0.0,1.0,-0.0,0,0
123,0.0,0.0,0.0,1.0,-0.0,0,0
124,0.0,0.0,0.0,1.0,-0.0,0,0
125,0.0,0.0,0.0,1.0,-0.0,0,0
126,0.0,0.0019801980198019802,0.0198019801980198,1.0,-0.0,0,0
127,0.0,0.009900990099009901,0.04338396495090424,1.0,-0.0,0,0
128,0.0,0.009900990099009901,0.04338396495090424,1.0,-0.0,0,0
129,0.0,0.009900990099009901,0.04338396495090424,1.0,-0.0,0,0
130,0.0,0.009900990099009901,0.04338396495090424,1.0,-0.0,0,0
131,0.0,0.011881188118811883,0.047276579747775535,1.0,-0.0,0,0
132,0.0,0.23366336633663365,0.19714658953906763,1.0,-0.0,0,0
133,0.0,0.25544554455445545,0.21083297670029566,1.0,-0.0,0,0
134,0.0,0.35742574257425735,0.2538209139669599,1.0,-0.0,0,0
135,0.0,0.46336633663366333,0.2910284842910707,1.0,-0.0,0,0
136,0.2,0.46336633663366333,0.28553329374536135,1.0,-0.0,0,0
137,0.2,0.2336633663366336,0.21630434541657617,1.0,-0.0,0,0
138,0.2,0.23762376237623759,0.2210915697344128,1.0,-0.0,0,0
139,0.2,0.13465346534653463,0.16436836411443276,0.34547671951240155,0.46158121291482246,0,0
140,0.2,0.02970297029702971,0.07648795214189293,0.012991839772286904,1.8863293442020952,0,0
141,0.0,0.025742574257425745,0.07264925278354116,1.0,-0.0,0,0
142,0.0,0.06930693069306931,0.11751770396006171,1.0,-0.0,0,0
143,0.0,0.05346534653465347,0.09287951999650357,1.0,-0.0,0,0
144,0.0,0.05346534653465347,0.09287951999650357,1.0,-0.0,0,0
145,0.0,0.07722772277227724,0.10889288780093088,1.0,-0.0,0,0
146,0.0,0.12475247524752472,0.12851469892742934,1.0,-0.0,0,0
147,0.0,0.07920792079207921,0.11631029826208643,1.0,-0.0,0,0
148,0.0,0.06930693069306931,0.10316052497133552,1.0,-0.0,0,0
149,0.0,0.6712871287128712,0.36324626391770576,1.0,-0.0,0,0
150,0.0,0.6712871287128712,0.3750476230257969,1.0,-0.0,0,0
151,0.0,0.6257425742574259,0.36114599372205697,1.0,-0.0,0,0
152,0.0,0.6495049504950494,0.3673894424867706,1.0,-0.0,0,0
153,0.0,0.7108910891089109,0.37703927103259954,1.0,-0.0,0,0
154,0.0,0.14257425742574253,0.15754712301715712,1.0,-0.0,0,0
155,0.0,0.11683168316831682,0.149632756335149,1.0,-0.0,0,0
156,0.0,0.18217821782178217,0.17598156946925847,1.0,-0.0,0,0
157,0.0,0.1603960396039604,0.16890984643276136,1.0,-0.0,0,0
158,0.0,0.09702970297029703,0.1367627457412436,1.0,-0.0,0,0
159,0.0,0.06534653465346535,0.1164113937164283,1.0,-0.0,0,0
160,0.0,0.06534653465346535,0.1164113937164283,1.0,-0.0,0,0
161,0.0,0.20198019801980194,0.1834651060895124,1.0,-0.0,0,0
162,0.0,0.4455445544554456,0.23861180722997338,1.0,-0.0,0,0
163,0.0,0.4891089108910891,0.2508997630702644,1.0,-0.0,0,0
164,0.0,0.4891089108910891,0.2508997630702644,1.0,-0.0,0,0
165,0.0,0.5267326732673268,0.24970917306073365,1.0,-0.0,0,0
166,0.0,0.398019801980198,0.2312172687116078,1.0,-0.0,0,0
167,0.0,0.15247524752475247,0.15707352091130253,1.0,-0.0,0,0
168,0.0,0.25346534653465347,0.19476533553959288,1.0,-0.0,0,0
169,0.0,0.37425742574257426,0.23658187427809757,1.0,-0.0,0,0
170,0.0,0.4811881188118811,0.28028022444559475,1.0,-0.0,0,0
171,0.4,0.5524752475247524,0.30200454373538804,1.0,-0.0,0,0
172,0.4,0.6574257425742573,0.32982039356381104,1.0,-0.0,0,0
173,0.4,0.6396039603960394,0.31843652954812185,1.0,-0.0,0,0
174,0.6,1.27029702970297,0.47627776122002746,1.0,-0.0,0,0
175,0.6,1.2554455445544555,0.4752227716325984,1.0,-0.0,0,0
176,0.2,1.3861386138613865,0.5067914412700882,1.0,-0.0,0,0
177,0.2,1.5603960396039604,0.539174140740931,1.0,-0.0,0,0
178,0.2,1.5722772277227721,0.5464772534070603,1.0,-0.0,0,0
179,0.0,1.095049504950495,0.48713676239022663,1.0,-0.0,0,0
180,0.0,1.2435643564356436,0.49998333468942746,1.0,-0.0,0,0
181,0.0,1.1633663366336633,0.47045854443839635,1.0,-0.0,0,0
182,0.0,1.0138613861386139,0.4148313991214847,1.0,-0.0,0,0
183,0.0,1.2475247524752477,0.41281311174537455,1.0,-0.0,0,0
184,0.0,1.4376237623762376,0.4740496454655805,1.0,-0.0,0,0
185,0.0,1.2376237623762378,0.43483272877004886,1.0,-0.0,0,0
186,0.0,1.0455445544554456,0.41732878803388485,1.0,-0.0,0,0
187,0.0,0.9148514851485148,0.3872692257214142,1.0,-0.0,0,0
188,0.0,0.5425742574257426,0.3416171601219633,1.0,-0.0,0,0
189,0.0,0.07722772277227724,0.13191745702927898,1.0,-0.0,0,0
190,0.0,0.0,0.0,1.0,-0.0,0,0
191,0.0,0.29900990099009905,0.2679201334759528,1.0,-0.0,0,0
192,0.0,0.7247524752475246,0.38573728827166825,1.0,-0.0,0,0
193,0.0,0.895049504950495,0.4227154644508449,1.0,-0.0,0,0
194,0.0,0.895049504950495,0.4227154644508449,1.0,-0.0,0,0
195,0.0,1.199009900990099,0.517514059598547,1.0,-0.0,0,0
196,0.0,0.9821782178217824,0.42784193426270817,1.0,-0.0,0,0
197,0.0,0.6811881188118811,0.35841037138213916,1.0,-0.0,0,0
198,0.0,0.6871287128712871,0.3474556361272056,1.0,-0.0,0,0
199,0.0,0.9603960396039602,0.422177103262326,1.0,-0.0,0,0
200,0.0,0.6574257425742573,0.3322132604614524,1.0,-0.0,0,0
201,0.0,0.5762376237623763,0.3175239960843952,1.0,-0.0,0,0
202,0.0,0.44950495049504957,0.2848045229839693,1.0,-0.0,0,0
203,0.0,0.2732673267326733,0.1964492170334401,1.0,-0.0,0,0
204,0.0,0.0019801980198019802,0.0198019801980198,1.0,-0.0,0,0
205,0.0,0.0019801980198019802,0.0198019801980198,1.0,-0.0,0,0
206,0.0,0.0039603960396039604,0.027863855998951068,1.0,-0.0,0,0
207,0.0,0.0039603960396039604,0.027863855998951068,1.0,-0.0,0,0
208,0.0,0.009900990099009901,0.04338396495090424,1.0,-0.0,0,0
209,0.0,0.011881188118811883,0.04727657974777555,1.0,-0.0,0,0
210,0.0,0.011881188118811883,0.04727657974777555,1.0,-0.0,0,0
211,0.0,0.009900990099009901,0.04338396495090424,1.0,-0.0,0,0
212,0.0,0.011881188118811883,0.04727657974777554,1.0,-0.0,0,0
213,0.0,0.0059405940594059415,0.03395332316729158,1.0,-0.0,0,0
214,0.0,0.0059405940594059415,0.03395332316729158,1.0,-0.0,0,0
215,0.0,0.0059405940594059415,0.03395332316729158,1.0,-0.0,0,0
216,0.0,0.0059405940594059415,0.03395332316729158,1.0,-0.0,0,0
217,0.0,0.0039603960396039604,0.027863855998951064,1.0,-0.0,0,0
218,0.0,0.0039603960396039604,0.027863855998951064,1.0,-0.0,0,0
219,0.0,0.0,0.0,1.0,-0.0,0,0
220,0.0,0.0,0.0,1.0,-0.0,0,0
221,0.0,0.0,0.0,1.0,-0.0,0,0
222,0.0,0.0,0.0,1.0,-0.0,0,0
223,0.0,0.0,0.0,1.0,-0.0,0,0
224,0.0,0.0,0.0,1.0,-0.0,0,0
225,0.0,0.0,0.0,1.0,-0.0,0,0
226,0.0,0.009900990099009901,0.04338396495090424,1.0,-0.0,0,0
227,0.0,0.009900990099009901,0.04338396495090424,1.0,-0.0,0,0
228,0.0,0.009900990099009901,0.04338396495090424,1.0,-0.0,0,0
229,0.0,0.009900990099009901,0.04338396495090424,1.0,-0.0,0,0
230,0.0,0.009900990099009901,0.04338396495090424,1.0,-0.0,0,0
231,0.0,0.0059405940594059415,0.03395332316729158,1.0,-0.0,0,0
232,0.0,0.07920792079207921,0.11631029826208643,1.0,-0.0,0,0
233,0.0,0.08514851485148513,0.12054836637801526,1.0,-0.0,0,0
234,0.0,0.16633663366336635,0.17364880212589112,1.0,-0.0,0,0
235,0.0,0.31089108910891083,0.23458452427538118,1.0,-0.0,0,0
236,0.0,0.3960396039603961,0.28000028008444544,1.0,-0.0,0,0
237,0.0,0.398019801980198,0.26772980247375167,1.0,-0.0,0,0
238,0.0,0.5782178217821783,0.34227079789009857,1.0,-0.0,0,0
239,0.0,0.6574257425742573,0.3530199373534065,1.0,-0.0,0,0
240,0.0,0.8693069306930694,0.3706410219871625,1.0,-0.0,0,0
241,0.0,0.8019801980198018,0.36205688465584174,1.0,-0.0,0,0
242,0.0,0.7247524752475246,0.343368848986435,1.0,-0.0,0,0
243,0.0,0.6613861386138612,0.3205719817005634,1.0,-0.0,0,0
244,0.0,0.5386138613861386,0.30278257304629547,1.0,-0.0,0,0
245,0.0,0.3326732673267327,0.24418338786479019,1.0,-0.0,0,0
246,0.0,0.5128712871287129,0.28895967937462125,1.0,-0.0,0,0
247,0.0,0.5128712871287129,0.28895967937462125,1.0,-0.0,0,0
248,0.0,0.40792079207920795,0.2741984423830909,1.0,-0.0,0,0
249,0.0,0.37029702970297035,0.2705127344435523,1.0,-0.0,0,0
250,0.0,0.22772277227722773,0.20877711450451014,1.0,-0.0,0,0
251,0.0,0.023762376237623766,0.06471340450838887,1.0,-0.0,0,0
252,0.0,0.04752475247524754,0.09397077637785879,1.0,-0.0,0,0
253,0.0,0.16237623762376235,0.1902845629074887,1.0,-0.0,0,0
254,0.0,0.2871287128712871,0.2705562170812447,1.0,-0.0,0,0
255,0.0,0.3643564356435644,0.3075241786890658,1.0,-0.0,0,0
256,0.0,0.4613861386138614,0.34092776652258727,1.0,-0.0,0,0
257,0.0,0.4435643564356437,0.3325317945296369,1.0,-0.0,0,0
258,0.0,0.31287128712871287,0.2720160763801184,1.0,-0.0,0,0
259,0.0,0.18811881188118815,0.19257871154715578,1.0,-0.0,0,0
260,0.0,0.10297029702970295,0.127780323207142,1.0,-0.0,0,0
261,0.0,0.0059405940594059415,0.03395332316729158,1.0,-0.0,0,0
262,0.0,0.0,0.0,1.0,-0.0,0,0
263,0.0,0.0,0.0,1.0,-0.0,0,0
264,0.0,0.0,0.0,1.0,-0.0,0,0
265,0.0,0.44158415841584153,0.2733247177501563,1.0,-0.0,0,0
266,0.0,0.7247524752475247,0.3795270482003296,1.0,-0.0,0,0
267,0.0,0.8574257425742572,0.38314656985386836,1.0,-0.0,0,0
268,0.0,0.8574257425742572,0.38314656985386836,1.0,-0.0,0,0
269,0.0,0.8653465346534652,0.3870261442711299,1.0,-0.0,0,0
270,0.0,0.42376237623762375,0.25529967436909773,1.0,-0.0,0,0
271,0.0,0.14257425742574256,0.1416637593862964,1.0,-0.0,0,0
272,0.0,0.007920792079207921,0.03900537743285587,1.0,-0.0,0,0
273,0.0,0.007920792079207921,0.03900537743285587,1.0,-0.0,0,0
274,0.0,0.011881188118811883,0.047276579747775535,1.0,-0.0,0,0
275,0.0,0.05346534653465347,0.10489443673781407,1.0,-0.0,0,0
276,0.0,0.4772277227722773,0.3233124314658482,1.0,-0.0,0,0
277,0.0,0.5683168316831684,0.36449631408838845,1.0,-0.0,0,0
278,0.0,0.7504950495049506,0.41877325852387054,1.0,-0.0,0,0
279,0.0,0.7386138613861386,0.424723625229,1.0,-0.0,0,0
280,0.0,0.7227722772277227,0.424935915522276,1.0,-0.0,0,0
281,0.0,0.29900990099009894,0.21913197321283034,1.0,-0.0,0,0
282,0.0,0.20990099009900992,0.18320845158368915,1.0,-0.0,0,0
283,0.0,0.025742574257425745,0.07791016068477624,1.0,-0.0,0,0
284,0.0,0.0297029702970297,0.08622392497852371,1.0,-0.0,0,0
285,0.0,0.0039603960396039604,0.02786385599895107,1.0,-0.0,0,0
286,0.0,0.0039603960396039604,0.02786385599895107,1.0,-0.0,0,0
287,0.0,0.0039603960396039604,0.02786385599895107,1.0,-0.0,0,0
288,0.0,0.0039603960396039604,0.02786385599895107,1.0,-0.0,0,0
289,0.0,0.5356435643564357,0.3280860061158926,1.0,-0.0,0,0
290,0.2,0.6217821782178218,0.3657635335222216,1.0,-0.0,0,0
291,0.2,0.782178217821782,0.38393379163238534,1.0,-0.0,0,0
292,0.2,0.9465346534653467,0.40186800365728764,1.0,-0.0,0,0
293,0.2,0.9465346534653467,0.40186800365728764,1.0,-0.0,0,0
294,0.2,0.4099009900990099,0.27195840920194647,1.0,-0.0,0,0
295,0.0,0.3237623762376237,0.23511047112784544,1.0,-0.0,0,0
296,0.0,0.16435643564356434,0.18107717211333596,1.0,-0.0,0,0
297,0.0,0.025742574257425745,0.06697637435757531,1.0,-0.0,0,0
298,0.0,0.061386138613861385,0.10046456153636296,1.0,-0.0,0,0
299,0.0,0.09900990099009901,0.12781100644043505,1.0,-0.0,0,0
300,0.0,0.26732673267326734,0.23424997686574445,1.0,-0.0,0,0
301,0.0,0.43762376237623773,0.2767747359945529,1.0,-0.0,0,0
302,0.0,0.5504950495049505,0.33229587268757277,1.0,-0.0,0,0
303,0.0,0.5782178217821783,0.37006928984494847,1.0,-0.0,0,0
304,0.0,0.5504950495049505,0.36086358531059265,1.0,-0.0,0,0
305,0.0,0.38217821782178224,0.3135223205230064,1.0,-0.0,0,0
306,0.0,0.21188118811881188,0.21948956479079762,1.0,-0.0,0,0
307,0.0,0.07326732673267328,0.1481844509613442,1.0,-0.0,0,0
308,0.0,0.027722772277227727,0.06910862719451544,1.0,-0.0,0,0
309,0.0,0.025742574257425745,0.07264925278354115,1.0,-0.0,0,0
310,0.0,0.08316831683168316,0.12353642740976017,1.0,-0.0,0,0
311,0.0,0.14455445544554454,0.15950123220279025,1.0,-0.0,0,0
312,0.0,0.1861386138613861,0.17407731466008644,1.0,-0.0,0,0
313,0.0,0.407920792079208,0.2638943564191316,1.0,-0.0,0,0
314,0.0,0.5207920792079209,0.31851040416448473,1.0,-0.0,0,0
315,0.0,0.6277227722772277,0.36806123357349274,1.0,-0.0,0,0
316,0.0,0.7089108910891088,0.4179390760236746,1.0,-0.0,0,0
317,0.0,0.9425742574257424,0.4745704748242811,1.0,-0.0,0,0
318,0.0,1.011881188118812,0.4622988465349003,1.0,-0.0,0,0
319,0.0,1.1346534653465346,0.40891928167259967,1.0,-0.0,0,0
320,0.0,1.0396039603960396,0.41555860244196985,1.0,-0.0,0,0
321,0.2,1.099009900990099,0.44732318250336717,1.0,-0.0,0,0
322,0.2,0.9683168316831683,0.4085547318592887,1.0,-0.0,0,0
323,0.2,0.7782178217821784,0.3785338993402187,1.0,-0.0,0,0
324,0.2,0.6475247524752474,0.33317971822252285,1.0,-0.0,0,0
325,0.2,0.5762376237623762,0.3086696189033794,1.0,-0.0,0,0
326,0.0,0.8356435643564354,0.36413036464785864,1.0,-0.0,0,0
327,0.0,0.8297029702970297,0.38833091799696484,1.0,-0.0,0,0
328,0.0,0.8613861386138614,0.38767402276484025,1.0,-0.0,0,0
329,0.0,0.885148514851485,0.40428059528688376,1.0,-0.0,0,0
330,0.0,0.9683168316831683,0.40758421180989646,1.0,-0.0,0,0
331,0.0,0.5445544554455446,0.2980049994679146,1.0,-0.0,0,0
332,0.0,0.403960396039604,0.2699177696853661,1.0,-0.0,0,0
333,0.0,0.25346534653465347,0.20468007222847603,1.0,-0.0,0,0
334,0.0,0.11683168316831682,0.14146987009498416,1.0,-0.0,0,0
335,0.0,0.03564356435643565,0.07653920035678292,1.0,-0.0,0,0
336,0.0,0.0,0.0,1.0,-0.0,0,0
337,0.0,0.0,0.0,1.0,-0.0,0,0
338,0.0,0.0,0.0,1.0,-0.0,0,0
339,0.0,0.0,0.0,1.0,-0.0,0,0
340,0.0,0.0,0.0,1.0,-0.0,0,0
341,0.0,0.0,0.0,1.0,-0.0,0,0
342,0.0,0.0,0.0,1.0,-0.0,0,0
343,0.0,0.0,0.0,1.0,-0.0,0,0
344,0.0,0.0,0.0,1.0,-0.0,0,0
345,0.2,0.0039603960396039604,0.027863855998951064,9.918686161641043e-13,12.003545851085576,0,0
346,0.2,0.0039603960396039604,0.027863855998951064,9.918686161641043e-13,12.003545851085576,0,0
347,0.2,0.0039603960396039604,0.027863855998951064,9.918686161641043e-13,12.003545851085576,0,0
348,0.2,0.0059405940594059415,0.03395332316729158,5.469865928325192e-09,8.262023318511567,0,0
349,0.2,0.009900990099009901,0.04338396495090424,5.885669548817485e-06,5.230204125035219,0,0
350,0.0,0.0059405940594059415,0.03395332316729158,1.0,-0.0,0,0
351,0.0,0.0059405940594059415,0.03395332316729158,1.0,-0.0,0,0
352,0.0,0.0059405940594059415,0.03395332316729158,1.0,-0.0,0,0
353,0.0,0.0039603960396039604,0.027863855998951064,1.0,-0.0,0,0
354,0.0,0.0,0.0,1.0,-0.0,0,0
355,0.0,0.0,0.0,1.0,-0.0,0,0
356,0.0,0.0,0.0,1.0,-0.0,0,0
357,0.0,0.0,0.0,1.0,-0.0,0,0
358,0.0,0.22574257425742567,0.1859700100098835,1.0,-0.0,0,0
359,0.0,0.3118811881188118,0.21676611875515173,1.0,-0.0,0,0
360,0.0,0.4277227722772276,0.27579545149545487,1.0,-0.0,0,0
361,0.6,0.9861386138613859,0.41863278243440477,1.0,-0.0,0,0
362,0.6,1.203960396039604,0.4564002048053636,1.0,-0.0,0,0
363,0.6,1.0,0.42589451582975496,1.0,-0.0,0,0
364,0.6,1.207920792079208,0.43044604273509507,1.0,-0.0,0,0
365,0.6,1.2495049504950495,0.44088654214525486,1.0,-0.0,0,0
366,0.0,0.7445544554455445,0.3870362757129786,1.0,-0.0,0,0
367,0.0,0.6772277227722772,0.3570731372843129,1.0,-0.0,0,0
368,0.6,0.8712871287128712,0.42643737916507907,1.0,-0.0,0,0
369,0.6,0.8514851485148512,0.4393095080223502,1.0,-0.0,0,0
370,0.6,0.6930693069306929,0.37396919069970047,1.0,-0.0,0,0
371,0.6,0.6415841584158416,0.34620068772994633,1.0,-0.0,0,0
372,0.6,0.4891089108910891,0.3190024644055805,0.36406343670941244,0.43882293554751794,0,0
373,0.0,0.27326732673267323,0.2465167594603536,1.0,-0.0,0,0
374,0.0,0.0,0.0,1.0,-0.0,0,0
375,0.0,0.14851485148514848,0.16567525277902487,1.0,-0.0,0,0
376,0.8,0.5564356435643565,0.28784478820342213,0.1987301860962165,0.7017361607748254,0,0
377,1.0,1.0554455445544553,0.4651147516292289,1.0,-0.0,0,0
378,1.0,1.2198019801980198,0.4975225358307352,1.0,-0.0,0,0
379,1.2,1.6376237623762373,0.5867938537187332,1.0,-0.0,0,0
380,1.2,1.811881188118812,0.5955756228367648,1.0,-0.0,0,0
381,0.4,1.5207920792079208,0.5167140718196758,1.0,-0.0,0,0
382,0.2,1.023762376237624,0.41390401978520763,1.0,-0.0,0,0
383,0.2,0.9465346534653465,0.39890055745728326,1.0,-0.0,0,0
384,0.2,0.6811881188118811,0.3606135781277856,1.0,-0.0,0,0
385,0.2,0.36831683168316837,0.2299077271081187,1.0,-0.0,0,0
386,0.2,0.2514851485148515,0.19831660924442426,1.0,-0.0,0,0
387,0.2,0.38613861386138615,0.2552535927813389,1.0,-0.0,0,0
388,0.4,0.49702970297029714,0.31036721959466285,1.0,-0.0,0,0
389,0.2,0.4316831683168318,0.27247697443615776,1.0,-0.0,0,0
390,0.2,0.502970297029703,0.285093504044597,1.0,-0.0,0,0
391,0.2,0.5158415841584157,0.2858832667911044,1.0,-0.0,0,0
392,0.2,0.42574257425742573,0.25742574257425743,1.0,-0.0,0,0
393,0.0,0.22574257425742572,0.1943017278738389,1.0,-0.0,0,0
394,0.0,0.14059405940594058,0.16055486574752068,1.0,-0.0,0,0
395,0.0,0.05940594059405942,0.11447531431916541,1.0,-0.0,0,0
396,0.0,0.04752475247524753,0.09397077637785879,1.0,-0.0,0,0
397,0.0,0.0,0.0,1.0,-0.0,0,0
398,0.0,0.009900990099009901,0.04338396495090424,1.0,-0.0,0,0
399,0.0,0.009900990099009901,0.04338396495090424,1.0,-0.0,0,0
400,0.0,0.009900990099009901,0.04338396495090424,1.0,-0.0,0,0
401,0.0,0.011881188118811883,0.047276579747775535,1.0,-0.0,0,0
402,0.0,0.1762376237623762,0.16953548350894254,1.0,-0.0,0,0
403,0.0,0.3801980198019802,0.2750408797626877,1.0,-0.0,0,0
404,0.0,0.40990099009900993,0.30361027340627256,1.0,-0.0,0,0
405,0.0,0.41584158415841593,0.30270486010330866,1.0,-0.0,0,0
406,0.0,0.4297029702970297,0.29968450554285325,1.0,-0.0,0,0
407,0.0,0.27128712871287125,0.23307527941404238,1.0,-0.0,0,0
408,0.0,0.06336633663366338,0.11233152161332938,1.0,-0.0,0,0
409,0.0,0.041584158415841586,0.09877199139279148,1.0,-0.0,0,0
410,0.0,0.041584158415841586,0.08590499787518362,1.0,-0.0,0,0
411,0.0,0.025742574257425745,0.0669763743575753,1.0,-0.0,0,0
412,0.0,0.02970297029702971,0.07112192077650681,1.0,-0.0,0,0
413,0.0,0.023762376237623766,0.06471340450838887,1.0,-0.0,0,0
414,0.0,0.015841584158415842,0.054012600780142014,1.0,-0.0,0,0
415,0.0,0.009900990099009901,0.04338396495090424,1.0,-0.0,0,0
416,0.0,0.009900990099009901,0.04338396495090424,1.0,-0.0,0,0
417,0.0,0.0,0.0,1.0,-0.0,0,0
418,0.0,0.0019801980198019802,0.019801980198019802,1.0,-0.0,0,0
419,0.0,0.015841584158415842,0.05401260078014202,1.0,-0.0,0,0
420,0.0,0.031683168316831684,0.07826167463512675,1.0,-0.0,0,0
421,0.0,0.1504950495049505,0.17212921831366915,1.0,-0.0,0,0
422,0.0,0.30297029702970296,0.269379722253361,1.0,-0.0,0,0
423,0.0,0.300990099009901,0.2679201334759528,1.0,-0.0,0,0
424,0.0,0.30891089108910885,0.2835765249891968,1.0,-0.0,0,0
425,0.0,0.299009900990099,0.2809090792285993,1.0,-0.0,0,0
426,0.0,0.18217821782178212,0.22356076083016552,1.0,-0.0,0,0
427,0.0,0.02772277227722773,0.07461957893630405,1.0,-0.0,0,0
428,0.0,0.02772277227722773,0.07461957893630405,1.0,-0.0,0,0
429,0.0,0.013861386138613863,0.05079507064705211,1.0,-0.0,0,0
430,0.0,0.007920792079207921,0.03900537743285587,1.0,-0.0,0,0
431,0.0,0.007920792079207921,0.03900537743285587,1.0,-0.0,0,0
432,0.0,0.007920792079207921,0.03900537743285587,1.0,-0.0,0,0
433,0.0,0.007920792079207921,0.03900537743285587,1.0,-0.0,0,0
434,0.0,0.039603960396039604,0.08908690597387718,1.0,-0.0,0,0
435,0.0,0.05346534653465347,0.11219180573635876,1.0,-0.0,0,0
436,0.0,0.05346534653465347,0.11219180573635876,1.0,-0.0,0,0
437,0.0,0.05346534653465347,0.11219180573635876,1.0,-0.0,0,0
438,0.0,0.05346534653465347,0.11219180573635876,1.0,-0.0,0,0
439,0.0,0.01386138613861386,0.05079507064705211,1.0,-0.0,0,0
440,0.0,0.009900990099009901,0.04338396495090424,1.0,-0.0,0,0
441,0.0,0.009900990099009901,0.04338396495090424,1.0,-0.0,0,0
442,0.0,0.009900990099009901,0.04338396495090424,1.0,-0.0,0,0
443,0.0,0.009900990099009901,0.04338396495090424,1.0,-0.0,0,0
444,0.0,0.009900990099009901,0.04338396495090424,1.0,-0.0,0,0
445,0.0,0.0,0.0,1.0,-0.0,0,0
446,0.0,0.015841584158415842,0.05401260078014202,1.0,-0.0,0,0
447,0.0,0.1782178217821782,0.18647536422960084,1.0,-0.0,0,0
448,0.0,0.19801980198019803,0.197999999009802,1.0,-0.0,0,0
449,0.0,0.2920792079207921,0.2293698506333616,1.0,-0.0,0,0
450,0.0,0.2920792079207921,0.2293698506333616,1.0,-0.0,0,0
451,0.0,0.27524752475247527,0.22488982587258563,1.0,-0.0,0,0
452,0.0,0.11287128712871286,0.13324834725751067,1.0,-0.0,0,0
453,0.0,0.09306930693069307,0.12126186845461279,1.0,-0.0,0,0
454,0.0,0.0,0.0,1.0,-0.0,0,0
455,0.0,0.0,0.0,1.0,-0.0,0,0
456,0.0,0.0,0.0,1.0,-0.0,0,0
457,0.0,0.0,0.0,1.0,-0.0,0,0
458,0.0,0.0,0.0,1.0,-0.0,0,0
459,0.0,0.047524752475247525,0.08965727859542,1.0,-0.0,0,0
460,0.0,0.047524752475247525,0.08965727859542,1.0,-0.0,0,0
461,0.0,0.047524752475247525,0.08965727859542,1.0,-0.0,0,0
462,0.0,0.047524752475247525,0.08965727859542,1.0,-0.0,0,0
463,0.0,0.047524752475247525,0.08965727859542,1.0,-0.0,0,0
464,0.0,0.0059405940594059415,0.03395332316729157,1.0,-0.0,0,0
465,0.0,0.0059405940594059415,0.03395332316729157,1.0,-0.0,0,0
466,0.0,0.03564356435643565,0.07653920035678292,1.0,-0.0,0,0
467,0.0,0.03564356435643565,0.07653920035678292,1.0,-0.0,0,0
468,0.0,0.2772277227722772,0.21428268001455497,1.0,-0.0,0,0
469,0.0,0.4792079207920792,0.26111597199012965,1.0,-0.0,0,0
470,0.0,0.5386138613861386,0.2606048930908848,1.0,-0.0,0,0
471,0.0,0.5128712871287129,0.25549926520854355,1.0,-0.0,0,0
472,0.0,0.5247524752475247,0.26077035175659696,1.0,-0.0,0,0
473,0.0,0.38217821782178224,0.23897306679676186,1.0,-0.0,0,0
474,0.0,0.30297029702970296,0.23816769428888138,1.0,-0.0,0,0
475,0.0,0.25742574257425743,0.21495868111068372,1.0,-0.0,0,0
476,0.0,0.33069306930693065,0.2586111321554774,1.0,-0.0,0,0
477,0.0,0.4930693069306931,0.2959319649342002,1.0,-0.0,0,0
478,0.0,0.5049504950495051,0.312883819776563,1.0,-0.0,0,0
479,0.0,0.5188118811881188,0.3136223595557128,1.0,-0.0,0,0
480,0.0,0.5861386138613861,0.31873192527912547,1.0,-0.0,0,0
481,0.0,0.6356435643564357,0.34514573142939065,1.0,-0.0,0,0
482,0.0,0.5168316831683168,0.2873812477710302,1.0,-0.0,0,0
483,0.0,0.4217821782178219,0.26536131183915623,1.0,-0.0,0,0
484,0.0,0.3465346534653465,0.25930766787914217,1.0,-0.0,0,0
485,0.0,0.38613861386138615,0.28039212393081775,1.0,-0.0,0,0
486,0.0,0.28514851485148507,0.2442957705075823,1.0,-0.0,0,0
487,0.0,0.22772277227722768,0.21805568000039185,1.0,-0.0,0,0
488,0.0,0.21188118811881182,0.21585066744444445,1.0,-0.0,0,0
489,0.0,0.14257425742574253,0.1809471968564066,1.0,-0.0,0,0
490,0.0,0.025742574257425745,0.07264925278354116,1.0,-0.0,0,0
491,0.0,0.0,0.0,1.0,-0.0,0,0
492,0.0,0.0,0.0,1.0,-0.0,0,0
493,0.0,0.009900990099009901,0.04338396495090424,1.0,-0.0,0,0
494,0.0,0.009900990099009901,0.04338396495090424,1.0,-0.0,0,0
495,0.0,0.009900990099009901,0.04338396495090424,1.0,-0.0,0,0
496,0.0,0.02772277227722772,0.06910862719451544,1.0,-0.0,0,0
497,0.0,0.02772277227722772,0.06910862719451544,1.0,-0.0,0,0
498,0.0,0.017821782178217824,0.05698017651460656,1.0,-0.0,0,0
499,0.0,0.017821782178217824,0.05698017651460656,1.0,-0.0,0,0
500,0.0,0.017821782178217824,0.05698017651460656,1.0,-0.0,0,0
501,0.0,0.0,0.0,1.0,-0.0,0,0
502,0.0,0.0,0.0,1.0,-0.0,0,0
503,0.0,0.0,0.0,1.0,-0.0,0,0
504,0.0,0.0,0.0,1.0,-0.0,0,0
505,0.0,0.0,0.0,1.0,-0.0,0,0
506,0.0,0.0,0.0,1.0,-0.0,0,0
507,0.2,0.0059405940594059415,0.03395332316729158,5.469865928325192e-09,8.262023318511567,0,0
508,0.2,0.0059405940594059415,0.03395332316729158,5.469865928325192e-09,8.262023318511567,0,0
509,0.2,0.0059405940594059415,0.03395332316729158,5.469865928325192e-09,8.262023318511567,0,0
510,0.2,0.0059405940594059415,0.03395332316729158,5.469865928325192e-09,8.262023318511567,0,0
511,0.2,0.0059405940594059415,0.03395332316729158,5.469865928325192e-09,8.262023318511567,0,0
512,0.2,0.05544554455445544,0.09384550979067553,0.0617381483506657,1.2094464000101817,0,0
513,0.2,0.08514851485148514,0.12054836637801526,0.17036041751406306,0.7686313042414473,0,0
514,0.2,0.08514851485148514,0.12054836637801526,0.17036041751406306,0.7686313042414473,0,0
515,0.2,0.1603960396039604,0.1712384753198294,0.40854880985290765,0.3887560503103597,0,0
516,0.2,0.23366336633663368,0.2050246194937787,1.0,-0.0,0,0
517,0.0,0.22772277227722773,0.22165838129038765,1.0,-0.0,0,0
518,0.0,0.2059405940594059,0.21517746862900786,1.0,-0.0,0,0
519,0.0,0.2178217821782178,0.21266626092410076,1.0,-0.0,0,0
520,0.0,0.14455445544554454,0.1569986110329885,1.0,-0.0,0,0
521,0.0,0.07326732673267328,0.11848138852793338,1.0,-0.0,0,0
522,0.0,0.02772277227722773,0.06910862719451545,1.0,-0.0,0,0
523,0.0,0.019801980198019806,0.05973506189702319,1.0,-0.0,0,0
524,0.0,0.015841584158415842,0.06090517425437506,1.0,-0.0,0,0
525,0.0,0.015841584158415842,0.06090517425437506,1.0,-0.0,0,0
526,0.0,0.01386138613861386,0.05807080514303042,1.0,-0.0,0,0
527,0.0,0.009900990099009901,0.04338396495090424,1.0,-0.0,0,0
528,0.0,0.009900990099009901,0.04338396495090424,1.0,-0.0,0,0
529,0.0,0.0019801980198019802,0.0198019801980198,1.0,-0.0,0,0
530,0.0,0.0019801980198019802,0.0198019801980198,1.0,-0.0,0,0
531,0.0,0.0,0.0,1.0,-0.0,0,0
532,0.0,0.0,0.0,1.0,-0.0,0,0
533,0.0,0.0,0.0,1.0,-0.0,0,0
534,0.0,0.0,0.0,1.0,-0.0,0,0
535,0.0,0.0,0.0,1.0,-0.0,0,0
536,0.0,0.0,0.0,1.0,-0.0,0,0
537,0.0,0.0,0.0,1.0,-0.0,0,0
538,0.0,0.01782178217821782,0.05698017651460657,1.0,-0.0,0,0
539,0.2,0.025742574257425745,0.06697637435757531,0.004637140001348011,2.3337497919853583,0,0
540,0.2,0.025742574257425745,0.06697637435757531,0.004637140001348011,2.3337497919853583,0,0
541,0.2,0.025742574257425745,0.06697637435757531,0.004637140001348011,2.3337497919853583,0,0
542,0.2,0.031683168316831684,0.0730260947112308,0.01058647624307391,1.9752485727397298,0,0
543,0.2,0.01386138613861386,0.05079507064705211,0.00012391038159364294,3.90689230556944,0,0
544,0.0,0.0059405940594059415,0.03395332316729158,1.0,-0.0,0,0
545,0.0,0.0059405940594059415,0.03395332316729158,1.0,-0.0,0,0
546,0.0,0.0059405940594059415,0.03395332316729158,1.0,-0.0,0,0
547,0.0,0.0,0.0,1.0,-0.0,0,0
548,0.0,0.0,0.0,1.0,-0.0,0,0
549,0.0,0.04554455445544555,0.09700949476369022,1.0,-0.0,0,0
550,0.2,0.09900990099009899,0.14246420394934614,0.23919931221538082,0.6212400734356932,0,0
551,0.4,0.31089108910891095,0.2540371026534439,0.3628799854952055,0.44023698448253257,0,0
552,0.6,0.5227722772277228,0.3017707437869107,0.3990081555058795,0.39901822748366983,0,0
553,0.6,0.6732673267326733,0.34437232013193464,1.0,-0.0,0,0
554,0.6,0.6435643564356436,0.3465289957105324,1.0,-0.0,0,0
555,0.4,0.6396039603960395,0.3258132879398516,1.0,-0.0,0,0
556,0.2,0.4396039603960396,0.26997587274699825,1.0,-0.0,0,0
557,0.0,0.22772277227722773,0.1909428466047948,1.0,-0.0,0,0
558,0.2,0.1306930693069307,0.1627380658321137,0.33509754778184475,0.4748287502868114,0,0
559,0.6,0.21386138613861383,0.1914145896807061,0.021832663006264366,1.6608932886431247,0,0
560,0.8,0.20198019801980194,0.197999999009802,0.0012626135905696827,2.8987295403075297,0,0
561,0.8,0.20198019801980194,0.1856112183041662,0.0006367296199371776,3.196044946781263,0,0
562,0.8,0.20198019801980194,0.1856112183041662,0.0006367296199371776,3.196044946781263,0,0
563,0.6,0.1485148514851485,0.16082329112274815,0.0024976489601756546,2.602468600938563,0,0
564,0.2,0.049504950495049514,0.09912864166957487,0.06448460512601864,1.190543955238279,0,0
565,0.0,0.011881188118811881,0.047276579747775535,1.0,-0.0,0,0
566,0.0,0.0,0.0,1.0,-0.0,0,0
567,0.0,0.0,0.0,1.0,-0.0,0,0
568,0.0,0.0,0.0,1.0,-0.0,0,0
569,0.0,0.0,0.0,1.0,-0.0,0,0
570,0.0,0.0,0.0,1.0,-0.0,0,0
571,0.0,0.0,0.0,1.0,-0.0,0,0
572,0.0,0.0,0.0,1.0,-0.0,0,0
573,0.0,0.0,0.0,1.0,-0.0,0,0
574,0.0,0.0,0.0,1.0,-0.0,0,0
575,0.0,0.0,0.0,1.0,-0.0,0,0
576,0.0,0.0,0.0,1.0,-0.0,0,0
577,0.0,0.025742574257425748,0.07791016068477624,1.0,-0.0,0,0
578,0.0,0.025742574257425748,0.07791016068477624,1.0,-0.0,0,0
579,0.0,0.03564356435643564,0.09074407316744237,1.0,-0.0,0,0
580,0.0,0.03564356435643564,0.09074407316744237,1.0,-0.0,0,0
581,0.0,0.03564356435643564,0.09074407316744237,1.0,-0.0,0,0
582,0.0,0.009900990099009901,0.04338396495090424,1.0,-0.0,0,0
583,0.0,0.009900990099009901,0.04338396495090424,1.0,-0.0,0,0
584,0.0,0.0059405940594059415,0.03395332316729158,1.0,-0.0,0,0
585,0.0,0.03564356435643565,0.08154954567118415,1.0,-0.0,0,0
586,0.0,0.06534653465346535,0.10189845806153354,1.0,-0.0,0,0
587,0.0,0.11881188118811879,0.14939672169394075,1.0,-0.0,0,0
588,0.2,0.23960396039603957,0.1970471160025168,1.0,-0.0,0,0
589,0.4,0.2792079207920792,0.20696621988837896,0.27973401119469254,0.5532547271351222,0,0
590,0.4,0.27722772277227725,0.19894831814029956,0.26858227903746384,0.5709226453163406,0,0
591,0.4,0.25346534653465347,0.19476533553959288,0.22591574519482516,0.6460534998767393,0,0
592,0.8,0.297029702970297,0.20022534114478477,0.006002094251581963,2.2216971890810147,0,0
593,1.0,0.21782178217821782,0.1931479910747968,2.564915656780251e-05,4.590926911408762,0,0
594,0.8,0.17227722772277226,0.18245781385805057,0.00029045746286098905,3.5369174605108404,0,0
595,0.8,0.14257425742574256,0.1696510890344863,5.3276521126807176e-05,4.273464141659791,0,0
596,0.8,0.14950495049504953,0.1698128045506404,6.390010374173922e-05,4.194498436764475,0,0
597,0.6,0.11683168316831682,0.13864214704328154,0.0002460656394719385,3.608949026807464,0,0
598,0.2,0.07722772277227724,0.1124710639300034,0.13750669912875174,0.8616761431153293,0,0
599,0.2,0.09900990099009897,0.12781100644043505,0.21471955559663825,0.6681284003660175,0,0
600,0.2,0.09900990099009897,0.12781100644043505,0.21471955559663825,0.6681284003660175,0,0
601,0.2,0.08712871287128712,0.12077584698595571,0.17500966031852921,0.7569379781294916,0,0
602,0.2,0.08316831683168317,0.12028786177019754,0.16570755996746267,0.7806576775960137,0,0
603,0.4,0.16237623762376235,0.1634113349368535,0.0729530661168451,1.1369564505882992,0,0
604,0.4,0.14851485148514848,0.16326729671147555,0.06174024088977667,1.2094316803787588,0,0
605,0.4,0.18415841584158413,0.18387074305594647,0.12022220484674513,0.9200153114364907,0,0
606,0.4,0.18415841584158413,0.18387074305594647,0.12022220484674513,0.9200153114364907,0,0
607,0.2,0.12079207920792079,0.14645435316515326,0.2943099975322995,0.5311949849293931,0,0
608,0.0,0.04356435643564357,0.09164702150816742,1.0,-0.0,0,0
609,0.0,0.03564356435643565,0.08626938974571075,1.0,-0.0,0,0
610,0.0,0.0,0.0,1.0,-0.0,0,0
611,0.0,0.0,0.0,1.0,-0.0,0,0
612,0.0,0.0,0.0,1.0,-0.0,0,0
613,0.0,0.0,0.0,1.0,-0.0,0,0
614,0.4,0.1485148514851485,0.16567525277902487,0.06451472041088833,1.1903411804993722,0,0
615,0.4,0.15643564356435644,0.16793200037318168,0.07347700280072882,1.1338485673043406,0,0
616,0.4,0.15643564356435644,0.16793200037318168,0.07347700280072882,1.1338485673043406,0,0
617,0.4,0.15643564356435644,0.16793200037318168,0.07347700280072882,1.1338485673043406,0,0
618,0.4,0.15643564356435644,0.16793200037318168,0.07347700280072882,1.1338485673043406,0,0
619,0.0,0.007920792079207921,0.03900537743285587,1.0,-0.0,0,0
620,0.0,0.0,0.0,1.0,-0.0,0,0
621,0.0,0.0,0.0,1.0,-0.0,0,0
622,0.0,0.0,0.0,1.0,-0.0,0,0
623,0.0,0.0,0.0,1.0,-0.0,0,0
624,0.2,0.04752475247524753,0.09397077637785879,0.05233944412570533,1.2811708941229774,0,0
625,0.2,0.04752475247524753,0.09397077637785879,0.05233944412570533,1.2811708941229774,0,0
626,0.4,0.10099009900990098,0.12781100644043505,0.00965558432337917,2.015221439052845,0,0
627,0.4,0.10099009900990098,0.12781100644043505,0.00965558432337917,2.015221439052845,0,0
628,0.4,0.10099009900990098,0.12781100644043505,0.00965558432337917,2.015221439052845,0,0
629,0.4,0.12277227722772276,0.12576985749069639,0.013753519282048654,1.861586159345613,0,0
630,0.4,0.1584158415841584,0.1443780287806589,0.047136577429274885,1.3266419546403365,0,0
631,0.4,0.13861386138613863,0.15088537189345536,0.041605712132527305,1.38084704011039,0,0
632,0.4,0.13861386138613863,0.15088537189345536,0.041605712132527305,1.38084704011039,0,0
633,0.6,0.2554455445544554,0.22884784496148383,0.0660843044228284,1.1799016768529396,0,0
634,2.0,0.49504950495049505,0.3203884516106932,1.3183205160631154e-06,5.87997898926027,0,0
635,2.8,0.5821782178217823,0.36813580135380475,8.48342007927987e-10,9.07142902721074,0,0
636,4.8,0.79009900990099,0.441757280808743,1.0055722970439959e-17,16.997586699728075,0,0
637,5.6,0.9881188118811881,0.4749751694839543,1.0000137029544067e-17,16.999994048923288,0,0
638,5.6,1.0237623762376238,0.48198198784213353,1.0001105040351419e-17,16.99995201135873,0,0
639,5.2,0.7900990099009899,0.3893393618835514,1.0000000000004843e-17,16.99999999999979,0,0
640,4.8,0.786138613861386,0.35180713184061546,1.000000000000188e-17,16.99999999999992,0,0
641,2.6,0.5445544554455446,0.3058749008261327,9.093129057022178e-12,11.04128664501138,0,0
642,1.8,0.3465346534653465,0.24192477205484933,9.395765599051259e-10,9.02706782632487,0,0
643,1.6,0.19207920792079206,0.17782134115361303,1.2205552280307755e-15,14.913442564721713,0,0
644,1.4,0.3346534653465347,0.24064091138159702,4.774948924008736e-06,5.321031269554538,0,0
645,1.2,0.35049504950495064,0.29437759895680204,0.0019523099661842023,2.709451228720381,0,0
646,2.0,0.5366336633663367,0.3592408861924299,2.3156317091487002e-05,4.635330512044421,0,0
647,2.4,0.6,0.37759006531653155,9.346006839867555e-07,6.029373905473523,0,0
648,2.8,0.7049504950495048,0.38649894332691803,2.970253325797181e-08,7.527206509166249,0,0
649,2.6,0.6178217821782178,0.32101202580846644,3.312810643855787e-10,9.479803387142116,0,0
650,2.4,0.49306930693069306,0.29188951719110146,3.222043032342794e-11,10.491868663611333,0,0
651,1.8,0.3702970297029703,0.2585353086770964,1.6010581499831762e-08,7.795592894340414,0,0
652,1.4,0.3861386138613862,0.24737421164741002,2.079247280393096e-05,4.682093857891248,0,0
653,1.2,0.3108910891089109,0.21521391159118455,1.8037448667263664e-05,4.7438248918544215,0,0
654,0.4,0.18019801980198016,0.15544239134091375,0.07867487027874039,1.1041639644906707,0,0
655,0.4,0.17029702970297028,0.15767151871203475,0.07257957969401685,1.1391855511133864,0,0
656,0.2,0.10693069306930694,0.13069306930693073,0.23819485997038675,0.6230676144341945,0,0
657,0.2,0.0297029702970297,0.07648795214189293,0.012991839772286904,1.8863293442020952,0,0
658,0.0,0.0,0.0,1.0,-0.0,0,0
659,0.0,0.0,0.0,1.0,-0.0,0,0
660,0.0,0.0,0.0,1.0,-0.0,0,0
661,0.0,0.013861386138613863,0.05807080514303042,1.0,-0.0,0,0
662,0.0,0.015841584158415842,0.06090517425437506,1.0,-0.0,0,0
663,0.0,0.015841584158415842,0.06090517425437506,1.0,-0.0,0,0
664,0.0,0.015841584158415842,0.06090517425437506,1.0,-0.0,0,0
665,0.0,0.015841584158415842,0.06090517425437506,1.0,-0.0,0,0
666,0.0,0.0019801980198019802,0.0198019801980198,1.0,-0.0,0,0
667,0.0,0.0059405940594059415,0.033953323167291584,1.0,-0.0,0,0
668,0.0,0.0059405940594059415,0.033953323167291584,1.0,-0.0,0,0
669,0.0,0.0059405940594059415,0.033953323167291584,1.0,-0.0,0,0
670,0.2,0.027722772277227727,0.06910862719451544,0.0063361735559086295,2.1981729353735644,0,0
671,0.4,0.04554455445544555,0.09283729243351323,6.726114370462085e-05,4.172235752240194,0,0
672,0.4,0.039603960396039604,0.08452453849668534,1.0048801267895168e-05,4.9978857426005865,0,0
673,0.4,0.07920792079207921,0.11285391563386142,0.0022377614537823515,2.650186211296351,0,0
674,0.4,0.07920792079207921,0.11285391563386142,0.0022377614537823515,2.650186211296351,0,0
675,0.2,0.0594059405940594,0.10733330877518932,0.0951177364230414,1.0217384934469724,0,0
676,0.4,0.12673267326732673,0.15599637537608815,0.039908029768927135,1.3989397124967171,0,0
677,0.4,0.16435643564356434,0.1697897117641665,0.082590544144463,1.0830696725459352,0,0
678,1.0,0.24554455445544554,0.24516099074126202,0.0010441171254613195,2.981250780942573,0,0
679,1.6,0.3445544554455445,0.293991057830182,9.758198699199618e-06,5.010630342906743,0,0
680,1.6,0.3415841584158416,0.294257692256319,9.489422999788166e-06,5.022760193855779,0,0
681,1.4,0.36237623762376237,0.29344369984701313,0.00020309942628853132,3.6922913033804075,0,0
682,2.0,0.45148514851485155,0.29738592500872457,9.591327205794494e-08,7.0181212929053185,0,0
683,2.2,0.4455445544554456,0.295016278280613,1.365686886253258e-09,8.86464886080078,0,0
684,1.6,0.35544554455445543,0.26938700032758733,1.9191632311078293e-06,5.716888085527899,0,0
685,1.8,0.4000000000000001,0.278610413258797,2.5179784957434376e-07,6.5989479832114135,0,0
686,2.6,0.4079207920792079,0.2653908637421199,8.294973581259588e-17,16.081184992826053,0,0
687,2.4,0.3702970297029703,0.24917469892675048,1.9854308853016138e-16,15.70214522653239,0,0
688,1.6,0.2633663366336633,0.2123525800943289,1.5428816287803878e-10,9.811667392108903,0,0
689,2.0,0.33861386138613864,0.21934659811561175,1.8070305837991993e-14,13.743034496989248,0,0
690,2.0,0.3405940594059405,0.22785187902800044,1.6345750383728547e-13,12.786595137486044,0,0
691,1.0,0.3247524752475249,0.25462297524688565,0.004001413753486273,2.39778653945693,0,0
692,0.8,0.28910891089108914,0.24772269313260997,0.019587175919068323,1.7080281761123606,0,0
693,1.0,0.3326732673267327,0.2409177629260345,0.00280336726836239,2.552320001713667,0,0
694,0.8,0.2613861386138614,0.21386138613861388,0.005892484309412802,2.22970156524734,0,0
695,0.6,0.23366336633663368,0.1991453162261327,0.032917583311953366,1.4825720565949259,0,0
696,0.8,0.14257425742574256,0.1550129567586608,1.1121256926179993e-05,4.953846125950412,0,0
697,0.6,0.0891089108910891,0.13042276277287215,4.4793075220213884e-05,4.348789120513047,0,0
698,0.4,0.03564356435643565,0.09074407316744237,2.9696547060178094e-05,4.527294044955163,0,0
699,0.2,0.03762376237623763,0.09211646217515253,0.03897321499939909,1.4092337666757113,0,0
700,0.2,0.019801980198019802,0.0597350618970232,0.0012780474741147156,2.893453013655617,0,0
701,0.0,0.011881188118811883,0.047276579747775535,1.0,-0.0,0,0
702,0.0,0.011881188118811883,0.047276579747775535,1.0,-0.0,0,0
703,0.0,0.011881188118811883,0.047276579747775535,1.0,-0.0,0,0
704,0.0,0.0039603960396039604,0.027863855998951068,1.0,-0.0,0,0
705,0.0,0.019801980198019802,0.06603299802191316,1.0,-0.0,0,0
706,0.0,0.05148514851485149,0.10773441987117183,1.0,-0.0,0,0
707,0.0,0.05544554455445545,0.11299281281336322,1.0,-0.0,0,0
708,0.0,0.06930693069306931,0.12084076279122662,1.0,-0.0,0,0
709,0.2,0.07920792079207921,0.1261123431927973,0.16907845647801423,0.771911725511465,0,0
710,0.2,0.07722772277227724,0.12258049537063101,0.15827697765574333,0.80058225130445,0,0
711,0.2,0.04554455445544555,0.09283729243351323,0.04808399917069303,1.3179994190099724,0,0
712,0.2,0.06732673267326733,0.10634234916512914,0.10608783743468066,0.9743344034481476,0,0
713,0.2,0.05346534653465347,0.09704990696905226,0.0655357875709919,1.1835214771048093,0,0
714,0.2,0.0712871287128713,0.11461224656227945,0.1307125990009052,0.8836825500410105,0,0
715,0.2,0.057425742574257435,0.10656335878870264,0.0904597157907538,1.0435447810683363,0,0
716,0.2,0.057425742574257435,0.10656335878870264,0.0904597157907538,1.0435447810683363,0,0
717,0.2,0.041584158415841586,0.08116396646304633,0.025480968483881664,1.5937840693032386,0,0
718,0.2,0.041584158415841586,0.08116396646304633,0.025480968483881664,1.5937840693032386,0,0
719,0.2,0.033663366336633666,0.08475617647141663,0.024850340762334614,1.6046676515911364,0,0
720,0.2,0.033663366336633666,0.08475617647141663,0.024850340762334614,1.6046676515911364,0,0
721,0.2,0.04356435643564357,0.09587103712404124,0.05136819286808971,1.289305712477369,0,0
722,0.2,0.11287128712871287,0.15264231556912292,0.2840665474464929,0.5465799071246757,0,0
723,0.4,0.14059405940594058,0.16055486574752068,0.05308131733556291,1.2750583076526174,0,0
724,0.2,0.13267326732673265,0.15989409297573345,0.33685169380888935,0.47256126452028435,0,0
725,0.2,0.2138613861386138,0.2053876812228002,1.0,-0.0,0,0
726,0.4,0.40396039603960393,0.2828149841560901,1.0,-0.0,0,0
727,0.6,0.34059405940594056,0.254145128033813,0.15369828942368502,0.813330965928937,0,0
728,0.4,0.31287128712871287,0.2492219045156796,0.36331834858192513,0.4397126685103735,0,0
729,1.4,0.3801980198019803,0.27359716068101375,9.673835854418595e-05,4.014401285990879,0,0
730,1.8,0.4732673267326733,0.3001290445590083,4.922710708346291e-06,5.30779568554767,0,0
731,1.6,0.27326732673267323,0.22289325647929045,1.3218143060409093e-09,8.878829552056297,0,0
732,1.4,0.2574257425742574,0.220416587870802,1.0876127083491407e-07,6.963525726485732,0,0
733,1.4,0.2574257425742574,0.220416587870802,1.0876127083491407e-07,6.963525726485732,0,0
734,0.4,0.17425742574257425,0.18597001000988353,0.11239954962501959,0.9492354289427641,0,0
735,0.0,0.0,0.0,1.0,-0.0,0,0
736,0.0,0.027722772277227727,0.06910862719451544,1.0,-0.0,0,0
737,0.0,0.027722772277227727,0.06910862719451544,1.0,-0.0,0,0
738,0.0,0.027722772277227727,0.06910862719451544,1.0,-0.0,0,0
739,0.0,0.027722772277227727,0.06910862719451544,1.0,-0.0,0,0
740,0.0,0.027722772277227727,0.06910862719451544,1.0,-0.0,0,0
741,0.0,0.0,0.0,1.0,-0.0,0,0
742,0.0,0.0,0.0,1.0,-0.0,0,0
743,0.0,0.0,0.0,1.0,-0.0,0,0
744,0.0,0.0,0.0,1.0,-0.0,0,0
745,0.0,0.0019801980198019802,0.0198019801980198,1.0,-0.0,0,0
746,0.0,0.0019801980198019802,0.0198019801980198,1.0,-0.0,0,0
747,0.0,0.0019801980198019802,0.0198019801980198,1.0,-0.0,0,0
748,0.0,0.0019801980198019802,0.0198019801980198,1.0,-0.0,0,0
749,0.4,0.09504950495049502,0.13670539084430264,0.01285007236892673,1.8910944264698821,0,0
750,0.4,0.09306930693069305,0.1306930693069307,0.009424983049455386,2.0257194221868495,0,0
751,0.4,0.21386138613861383,0.18077375114498545,0.15158077585791435,0.8193558743519161,0,0
752,1.2,0.5346534653465347,0.3097222145903707,0.015848772138077383,1.8000043785133304,0,0
753,1.6,0.7188118811881188,0.3595136624972738,0.007121889608614283,2.147404762301926,0,0
754,2.2,0.8554455445544555,0.4203900234152562,0.0006910819479031871,3.1604704513059945,0,0
755,2.4,0.9524752475247523,0.43065551218972475,0.00038800528572525083,3.411162358050965,0,0
756,3.6,1.2495049504950493,0.46279900955254794,1.89845261329341e-07,6.721600238683272,0,0
757,4.0,1.118811881188119,0.4677125442162668,3.6333773652242985e-10,9.439689493652965,0,0
758,6.2,1.2613861386138614,0.4429805210007319,1.000000000003637e-17,16.99999999999842,0,0
759,5.6,1.0514851485148515,0.42089340655375385,1.0000000001597965e-17,16.9999999999306,0,0
760,5.6,1.0039603960396042,0.4476386431790378,1.0000000494681438e-17,16.999999978516257,0,0
761,4.6,0.60990099009901,0.3439735629074096,1.0000000000000207e-17,16.99999999999999,0,0
762,3.6,0.45544554455445546,0.2759233813600056,1.0000000000002178e-17,16.999999999999904,0,0
763,1.4,0.20396039603960395,0.19494644711665693,4.2520352902468954e-10,9.371403139657703,0,0
764,1.4,0.2891089108910891,0.21521391159118455,1.22293506295909e-07,6.9125966031004875,0,0
765,1.4,0.31485148514851485,0.21681133771359987,2.792581982106385e-07,6.553994068398999,0,0
766,1.2,0.2910891089108911,0.21713663622768792,1.4202309411049605e-05,4.84764103005879,0,0
767,1.2,0.300990099009901,0.252706165026824,0.00018717879096451687,3.7277433622693863,0,0
768,0.8,0.22772277227722773,0.2106655233984672,0.003298604773753949,2.4816697168463664,0,0
769,0.4,0.12475247524752475,0.16131019290626772,0.04397384496704321,1.3568055590570256,0,0
770,0.2,0.05148514851485149,0.10399339410297728,0.07662893002971194,1.1156072384578781,0,0
771,0.2,0.05148514851485149,0.10399339410297728,0.07662893002971194,1.1156072384578781,0,0
772,0.4,0.10099009900990097,0.1308729634998678,0.011164216741282849,1.9521717407404269,0,0
773,0.6,0.19405940594059404,0.17452724385370855,0.010010769413796554,1.9995325419687753,0,0
774,0.6,0.18811881188118812,0.17760069168141515,0.010193674418150191,1.9916692417163964,0,0
775,0.6,0.18811881188118812,0.17760069168141515,0.010193674418150191,1.9916692417163964,0,0
776,0.6,0.18811881188118812,0.17760069168141515,0.010193674418150191,1.9916692417163964,0,0
777,0.2,0.09108910891089109,0.12113245340338318,0.1842981552477096,0.7344790118766933,0,0
778,0.0,0.0,0.0,1.0,-0.0,0,0
779,0.0,0.0,0.0,1.0,-0.0,0,0
780,0.2,0.04356435643564357,0.09991664009142863,0.05871393383087656,1.231258820937131,0,0
781,0.6,0.20198019801980197,0.21340251467882923,0.031082784151262248,1.507480087445909,0,0
782,1.0,0.297029702970297,0.2664231152611506,0.004163090125382597,2.380584187111622,0,0
783,2.0,0.4613861386138614,0.31809155448641635,6.590149153324923e-07,6.181104756007973,0,0
784,2.4,0.5742574257425742,0.3600477045803392,1.980368203651784e-07,6.703254055219483,0,0
785,3.4,0.7356435643564356,0.41064647376907865,4.343398024211237e-11,10.362170370546124,0,0
786,4.4,0.78019801980198,0.40638951270386253,1.0261633884959924e-17,16.98878348418249,0,0
787,4.4,0.776237623762376,0.3973049094331708,1.0037265330894464e-17,16.998384595306188,0,0
788,4.6,0.8653465346534652,0.3745454389714657,1.000001019144028e-17,16.999999557391597,0,0
789,4.4,0.8138613861386137,0.3518071318406155,1.0000001060187312e-17,16.999999953956653,0,0
790,3.4,0.7405940594059403,0.33719231455419074,1.5587846644147599e-15,14.80721387552036,0,0
791,2.2,0.6356435643564357,0.3542064505162143,5.0153562587816e-06,5.299698212049815,0,0
792,1.8,0.5702970297029704,0.34283170089665305,0.00016731639773742718,3.7764614941965866,0,0
793,0.8,0.36039603960396044,0.27578123340283067,0.05546449507456755,1.2559849362913047,0,0
794,0.8,0.3821782178217822,0.23897306679676183,0.040196933367820493,1.3958070780656482,0,0
795,0.8,0.304950495049505,0.23478502390538022,0.01749290942842137,1.7571379524638004,0,0
796,1.2,0.3227722772277228,0.23875966130213722,0.00011934295657030895,3.9232032072639553,0,0
797,1.2,0.31485148514851485,0.2442957705075823,0.00014545329339411687,3.8372764408885693,0,0
798,1.4,0.34851485148514855,0.24316960685954458,7.658440544906643e-06,5.115859654870161,0,0
799,1.4,0.2891089108910891,0.23118334847835673,7.728363275829249e-07,6.111912471869479,0,0
800,1.2,0.24356435643564353,0.20217424187089458,1.118463426038345e-06,5.951378212845338,0,0
801,0.8,0.16831683168316833,0.18397734097959503,0.0002979392129972901,3.525872333751725,0,0
802,0.8,0.15049504950495046,0.16746435256923542,5.255841005324721e-05,4.27935778111086,0,0
803,0.4,0.07326732673267328,0.11509022642946842,0.0022632803634886505,2.6452616445542345,0,0
804,0.2,0.10099009900990098,0.13386490123687583,0.2297636175030388,0.6387187396538443,0,0
805,0.2,0.0891089108910891,0.12420120222231065,0.18597296685049775,0.7305501805181491,0,0
806,0.0,0.05148514851485149,0.096075322540263,1.0,-0.0,0,0
807,0.0,0.05544554455445545,0.09797478714338997,1.0,-0.0,0,0
808,0.2,0.08514851485148513,0.11378818137472192,0.15640470144165336,0.8057501964201678,0,0
809,0.4,0.11683168316831682,0.15225649732072147,0.031456131410889966,1.5022946895389184,0,0
810,0.6,0.18415841584158413,0.1772913210740546,0.009500100659537361,2.022271793063781,0,0
811,0.6,0.18415841584158413,0.1772913210740546,0.009500100659537361,2.022271793063781,0,0
812,0.6,0.22376237623762374,0.1975836781507552,0.028442471538954912,1.5460326678194685,0,0
813,0.4,0.21782178217821782,0.18900261384538627,0.16754989117180613,0.7758558499146507,0,0
814,0.2,0.1465346534653465,0.16384268984901074,0.3720906672509391,0.42935122278214305,0,0
815,0.0,0.09306930693069305,0.12126186845461277,1.0,-0.0,0,0
816,0.2,0.17227722772277226,0.16417740457959706,0.4329539185706869,0.3635583252989849,0,0
817,0.2,0.1287128712871287,0.12768822926854265,0.28832300653959486,0.5401207019942198,0,0
818,0.2,0.10297029702970295,0.1181167785505484,0.20568854856415925,0.6867898863987798,0,0
819,0.2,0.09108910891089109,0.11781762202489916,0.17763842606826635,0.7504630834655708,0,0
820,0.2,0.07722772277227724,0.10889288780093088,0.12977421193735644,0.886811599723601,0,0
821,0.0,0.0,0.0,1.0,-0.0,0,0
822,0.2,0.0712871287128713,0.11110305060677653,0.12333004940280463,0.9089310945328983,0,0
823,0.2,0.0712871287128713,0.11110305060677653,0.12333004940280463,0.9089310945328983,0,0
824,0.2,0.0712871287128713,0.11110305060677653,0.12333004940280463,0.9089310945328983,0,0
825,0.2,0.0712871287128713,0.11110305060677653,0.12333004940280463,0.9089310945328983,0,0
826,0.2,0.0712871287128713,0.11110305060677653,0.12333004940280463,0.9089310945328983,0,0
827,0.0,0.0,0.0,1.0,-0.0,0,0
828,0.2,0.0039603960396039604,0.027863855998951064,9.918686161641043e-13,12.003545851085576,0,0
829,0.2,0.0039603960396039604,0.027863855998951064,9.918686161641043e-13,12.003545851085576,0,0
830,0.2,0.0039603960396039604,0.027863855998951064,9.918686161641043e-13,12.003545851085576,0,0
831,0.2,0.0039603960396039604,0.027863855998951064,9.918686161641043e-13,12.003545851085576,0,0
832,0.2,0.0039603960396039604,0.027863855998951064,9.918686161641043e-13,12.003545851085576,0,0
833,0.0,0.0,0.0,1.0,-0.0,0,0
834,0.2,0.011881188118811883,0.047276579747775535,3.4586556520905853e-05,4.461092674713385,0,0
835,0.2,0.011881188118811883,0.047276579747775535,3.4586556520905853e-05,4.461092674713385,0,0
836,0.2,0.011881188118811883,0.047276579747775535,3.4586556520905853e-05,4.461092674713385,0,0
837,0.2,0.011881188118811883,0.047276579747775535,3.4586556520905853e-05,4.461092674713385,0,0
838,0.2,0.011881188118811883,0.047276579747775535,3.4586556520905853e-05,4.461092674713385,0,0
839,0.0,0.0,0.0,1.0,-0.0,0,0
840,0.2,0.033663366336633666,0.07482947971362848,0.013112090674369045,1.882328056139665,0,0
841,0.2,0.033663366336633666,0.07482947971362848,0.013112090674369045,1.882328056139665,0,0
842,0.2,0.033663366336633666,0.07482947971362848,0.013112090674369045,1.882328056139665,0,0
843,0.2,0.033663366336633666,0.07482947971362848,0.013112090674369045,1.882328056139665,0,0
844,0.2,0.033663366336633666,0.07482947971362848,0.013112090674369045,1.882328056139665,0,0
845,0.0,0.0,0.0,1.0,-0.0,0,0
846,0.2,0.015841584158415842,0.05401260078014202,0.00032535620257014524,3.4876409094885674,0,0
847,0.2,0.09900990099009901,0.13965661530697393,0.234799546255409,0.629302746687466,0,0
848,0.2,0.23168316831683167,0.21010638185665007,1.0,-0.0,0,0
849,0.6,0.2514851485148515,0.22629773666790742,0.06177137854753885,1.2092127064345486,0,0
850,0.6,0.26732673267326734,0.23084387201257958,0.07477566955963269,1.1262396895002298,0,0
851,1.0,0.3069306930693069,0.2510403800671759,0.002883103305337026,2.540139795997492,0,0
852,1.2,0.25346534653465347,0.219614584285335,8.16343404940526e-06,5.088127111469454,0,0
853,1.4,0.15841584158415842,0.17192407185067915,2.567172278641344e-13,12.5905449855737,0,0
854,1.0,0.1485148514851485,0.16567525277902487,1.3774769226663027e-07,6.860915668296602,0,0
855,1.2,0.21386138613861388,0.21664850529279764,2.6595640839801304e-06,5.575189540600539,0,0
856,0.6,0.22574257425742572,0.20997570125642082,0.03734327940408646,1.4277875459327194,0,0
857,1.0,0.29900990099009894,0.2558213522331669,0.003070512930767146,2.5127890693454855,0,0
858,0.8,0.36831683168316826,0.2590656069928917,0.04782601330991104,1.320335819622867,0,0
859,1.0,0.41782178217821786,0.2744557312872657,0.016952070723160934,1.7707772444394005,0,0
860,0.8,0.34059405940594056,0.2397103110674134,0.027650442027486764,1.5582979215540786,0,0
861,1.0,0.3425742574257426,0.24589562893109523,0.0037521318583800516,2.425721907936731,0,0
862,0.6,0.3247524752475248,0.2159051591356675,0.10118048704977352,0.9949032343708202,0,0
863,0.8,0.26336633663366343,0.22678238894606587,0.008983600335341867,2.046549577318342,0,0
864,0.8,0.23168316831683167,0.24813390391308857,0.011000127362373623,1.9586022864366974,0,0
865,1.4,0.31683168316831684,0.2887560575613178,8.801141919416523e-05,4.0554609759035385,0,0
866,1.2,0.2475247524752475,0.2627328046039126,0.0001443343322667464,3.840630352617328,0,0
867,1.8,0.32079207920792085,0.2565254630725531,4.051056612304405e-09,8.392431687638526,0,0
868,1.6,0.27722772277227725,0.21975737661790232,8.761922503670485e-10,9.057400592333044,0,0
869,1.6,0.3188118811881188,0.2109445383855172,6.254557778498069e-10,9.20380339118997,0,0
870,1.0,0.2376237623762376,0.19843520784522387,6.1032745274312e-05,4.214437094885771,0,0
871,1.0,0.2376237623762376,0.19843520784522387,6.1032745274312e-05,4.214437094885771,0,0
872,0.2,0.07722772277227723,0.11593886073904515,0.1448135921514157,0.8391906735026715,0,0
873,0.2,0.07722772277227723,0.11593886073904515,0.1448135921514157,0.8391906735026715,0,0
874,0.0,0.033663366336633666,0.08930671115865095,1.0,-0.0,0,0
875,0.2,0.11881188118811879,0.14399729871443837,0.28643935507266,0.5429673127723917,0,0
876,0.2,0.13465346534653463,0.15184387732816487,0.3334692801441096,0.4769441679795172,0,0
877,0.2,0.16237623762376235,0.16818865241652334,0.4114954635871043,0.3856349481794096,0,0
878,0.2,0.18019801980198016,0.17463954503247,0.45486158664384596,0.34212073807226956,0,0
879,0.4,0.2594059405940594,0.21163120257963716,0.2532378951638876,0.5964713048587794,0,0
880,0.2,0.16435643564356434,0.16744093589393827,0.41571322089895313,0.3812061634366341,0,0
881,0.2,0.1584158415841584,0.17647108799335678,0.40685489180701,0.3905604579109162,0,0
882,0.2,0.12871287128712872,0.16788529421169618,0.33555756099259215,0.47423297094286104,0,0
883,0.4,0.13663366336633662,0.16633663366336632,0.056672754609762926,1.2466256777282645,0,0
884,0.2,0.033663366336633666,0.08475617647141663,0.024850340762334614,1.6046676515911364,0,0
885,0.2,0.033663366336633666,0.08475617647141663,0.024850340762334614,1.6046676515911364,0,0
886,0.2,0.025742574257425748,0.07264925278354116,0.008228653963589683,2.084671200510097,0,0
887,0.2,0.03366336633663367,0.07994704648786674,0.018735949469970602,1.7273242935431963,0,0
888,0.0,0.007920792079207921,0.03900537743285587,1.0,-0.0,0,0
889,0.0,0.007920792079207921,0.03900537743285587,1.0,-0.0,0,0
890,0.0,0.007920792079207921,0.03900537743285587,1.0,-0.0,0,0
891,0.0,0.007920792079207921,0.03900537743285587,1.0,-0.0,0,0
892,0.0,0.0,0.0,1.0,-0.0,0,0
893,0.0,0.0,0.0,1.0,-0.0,0,0
894,0.2,0.007920792079207921,0.03900537743285587,4.2303541670263104e-07,6.3736232717865695,0,0
895,0.2,0.007920792079207921,0.03900537743285587,4.2303541670263104e-07,6.3736232717865695,0,0
896,0.2,0.007920792079207921,0.03900537743285587,4.2303541670263104e-07,6.3736232717865695,0,0
897,0.4,0.013861386138613863,0.05079507064705211,1.4601672822824464e-14,13.83559738694809,0,0
898,0.4,0.013861386138613863,0.05079507064705211,1.4601672822824464e-14,13.83559738694809,0,0
899,0.2,0.0059405940594059415,0.033953323167291584,5.469865928325272e-09,8.262023318511561,0,0
900,0.2,0.0059405940594059415,0.033953323167291584,5.469865928325272e-09,8.262023318511561,0,0
901,0.2,0.0059405940594059415,0.033953323167291584,5.469865928325272e-09,8.262023318511561,0,0
902,0.0,0.0,0.0,1.0,-0.0,0,0
903,0.0,0.09108910891089109,0.12750384183766536,1.0,-0.0,0,0
904,0.0,0.09900990099009899,0.13386490123687583,1.0,-0.0,0,0
905,0.0,0.09900990099009899,0.13386490123687583,1.0,-0.0,0,0
906,0.0,0.09900990099009899,0.13386490123687583,1.0,-0.0,0,0
907,0.0,0.10891089108910891,0.13937555924568534,1.0,-0.0,0,0
908,0.0,0.017821782178217824,0.05698017651460656,1.0,-0.0,0,0
909,0.0,0.009900990099009901,0.04338396495090424,1.0,-0.0,0,0
910,0.0,0.011881188118811883,0.04727657974777554,1.0,-0.0,0,0
911,0.0,0.025742574257425745,0.06697637435757531,1.0,-0.0,0,0
912,0.0,0.015841584158415842,0.05401260078014202,1.0,-0.0,0,0
913,0.0,0.015841584158415842,0.05401260078014202,1.0,-0.0,0,0
914,0.0,0.015841584158415842,0.05401260078014202,1.0,-0.0,0,0
915,0.0,0.013861386138613863,0.05079507064705211,1.0,-0.0,0,0
916,0.0,0.0,0.0,1.0,-0.0,0,0
917,0.0,0.0,0.0,1.0,-0.0,0,0
918,0.0,0.023762376237623766,0.06471340450838887,1.0,-0.0,0,0
919,0.0,0.0712871287128713,0.10747934055534188,1.0,-0.0,0,0
920,0.0,0.10891089108910891,0.13650445892763632,1.0,-0.0,0,0
921,0.2,0.1881188118811881,0.17308335353197749,0.47263637216485666,0.3254728598880132,0,0
922,0.2,0.22970297029702966,0.1957693907320881,1.0,-0.0,0,0
923,0.2,0.30891089108910896,0.2632993289282323,1.0,-0.0,0,0
924,0.2,0.2871287128712871,0.22412132779280652,1.0,-0.0,0,0
925,0.2,0.24950495049504953,0.21873794727813697,1.0,-0.0,0,0
926,0.0,0.17227722772277226,0.1802741651760957,1.0,-0.0,0,0
927,0.4,0.5782178217821783,0.3132720831772689,1.0,-0.0,0,0
928,0.4,0.4732673267326733,0.2988065664940822,1.0,-0.0,0,0
929,0.4,0.4554455445544555,0.2912843690764539,1.0,-0.0,0,0
930,0.4,0.4554455445544555,0.2912843690764539,1.0,-0.0,0,0
931,0.4,0.45742574257425744,0.2915803761794738,1.0,-0.0,0,0
932,0.0,0.009900990099009901,0.04338396495090425,1.0,-0.0,0,0
933,0.0,0.009900990099009901,0.04338396495090425,1.0,-0.0,0,0
934,0.0,0.0019801980198019802,0.0198019801980198,1.0,-0.0,0,0
935,0.0,0.0019801980198019802,0.0198019801980198,1.0,-0.0,0,0
936,0.0,0.0,0.0,1.0,-0.0,0,0
937,0.0,0.0,0.0,1.0,-0.0,0,0
938,0.0,0.0,0.0,1.0,-0.0,0,0
939,0.0,0.0,0.0,1.0,-0.0,0,0
940,0.0,0.0,0.0,1.0,-0.0,0,0
941,0.0,0.0,0.0,1.0,-0.0,0,0
942,0.0,0.0,0.0,1.0,-0.0,0,0
943,0.0,0.0,0.0,1.0,-0.0,0,0
944,0.0,0.0,0.0,1.0,-0.0,0,0
945,0.2,0.0712871287128713,0.10747934055534188,0.11554433714027447,0.9372513345552421,0,0
946,0.4,0.08514851485148514,0.12694907267187808,0.006566538571338243,2.1826635003809467,0,0
947,0.4,0.08514851485148514,0.12694907267187808,0.006566538571338243,2.1826635003809467,0,0
948,0.6,0.14653465346534653,0.15893479355105836,0.0021643860075594374,2.664665282381004,0,0
949,0.6,0.14653465346534653,0.15893479355105836,0.0021643860075594374,2.664665282381004,0,0
950,0.4,0.07326732673267328,0.11509022642946842,0.0022632803634886505,2.6452616445542345,0,0
951,0.2,0.0594059405940594,0.10733330877518932,0.0951177364230414,1.0217384934469724,0,0
952,0.2,0.0594059405940594,0.10733330877518932,0.0951177364230414,1.0217384934469724,0,0
953,0.0,0.0,0.0,1.0,-0.0,0,0
954,0.2,0.0297029702970297,0.08150144802873932,0.018331504659791168,1.7368018864493864,0,0
955,0.4,0.06534653465346535,0.1129581045303102,0.001525097508658427,2.816702388370638,0,0
956,0.4,0.06534653465346535,0.1129581045303102,0.001525097508658427,2.816702388370638,0,0
957,0.4,0.06534653465346535,0.1129581045303102,0.001525097508658427,2.816702388370638,0,0
958,0.6,0.14653465346534653,0.15893479355105833,0.002164386007559433,2.664665282381005,0,0
959,0.4,0.11485148514851484,0.14717547862227365,0.026343775878197757,1.579321977075834,0,0
960,0.2,0.07920792079207921,0.1261123431927973,0.16907845647801423,0.771911725511465,0,0
961,0.2,0.07920792079207921,0.1261123431927973,0.16907845647801423,0.771911725511465,0,0
962,0.2,0.07920792079207921,0.1261123431927973,0.16907845647801423,0.771911725511465,0,0
963,0.2,0.0712871287128713,0.10747934055534188,0.11554433714027447,0.9372513345552421,0,0
964,0.2,0.10495049504950495,0.13078304733432372,0.2336827065616655,0.6313734259164431,0,0
965,0.2,0.10495049504950495,0.13078304733432372,0.2336827065616655,0.6313734259164431,0,0
966,0.2,0.10495049504950495,0.13078304733432372,0.2336827065616655,0.6313734259164431,0,0
967,0.2,0.10495049504950495,0.13078304733432372,0.2336827065616655,0.6313734259164431,0,0
968,0.0,0.033663366336633666,0.07994704648786674,1.0,-0.0,0,0
969,0.0,0.0,0.0,1.0,-0.0,0,0
970,0.0,0.0,0.0,1.0,-0.0,0,0
971,0.0,0.0,0.0,1.0,-0.0,0,0
972,0.0,0.0,0.0,1.0,-0.0,0,0
973,0.0,0.0,0.0,1.0,-0.0,0,0
974,0.2,0.06534653465346535,0.11641139371642828,0.12369676173807938,0.9076416696327345,0,0
975,0.2,0.06534653465346535,0.11641139371642828,0.12369676173807938,0.9076416696327345,0,0
976,0.2,0.06534653465346535,0.11641139371642828,0.12369676173807938,0.9076416696327345,0,0
977,0.2,0.06534653465346535,0.11641139371642828,0.12369676173807938,0.9076416696327345,0,0
978,0.2,0.14653465346534653,0.1821566926586159,0.3845650547929829,0.4150301823962806,0,0
979,0.0,0.08118811881188118,0.13549532985786936,1.0,-0.0,0,0
980,0.0,0.08118811881188118,0.13549532985786936,1.0,-0.0,0,0
981,0.0,0.1306930693069307,0.17896433311200002,1.0,-0.0,0,0
982,0.0,0.1306930693069307,0.17896433311200002,1.0,-0.0,0,0
983,0.0,0.04950495049504951,0.10304643034659554,1.0,-0.0,0,0
984,0.0,0.11287128712871286,0.1577461090428074,1.0,-0.0,0,0
985,0.0,0.11287128712871286,0.1577461090428074,1.0,-0.0,0,0
986,0.0,0.06336633663366338,0.11580349716604711,1.0,-0.0,0,0
987,0.0,0.08118811881188118,0.12951766673875514,1.0,-0.0,0,0
988,0.0,0.08118811881188118,0.12951766673875514,1.0,-0.0,0,0
989,0.0,0.017821782178217824,0.05698017651460656,1.0,-0.0,0,0
990,0.0,0.04356435643564357,0.08721867542790195,1.0,-0.0,0,0
991,0.0,0.04356435643564357,0.08721867542790195,1.0,-0.0,0,0
992,0.0,0.025742574257425745,0.0669763743575753,1.0,-0.0,0,0
993,0.0,0.04950495049504951,0.09078727434730813,1.0,-0.0,0,0
994,0.0,0.04950495049504951,0.09078727434730813,1.0,-0.0,0,0
995,0.0,0.023762376237623766,0.06471340450838887,1.0,-0.0,0,0
996,0.0,0.023762376237623766,0.06471340450838887,1.0,-0.0,0,0
997,0.0,0.023762376237623766,0.06471340450838887,1.0,-0.0,0,0
998,0.0,0.0,0.0,1.0,-0.0,0,0
999,0.0,0.0,0.0,1.0,-0.0,0,0
1000,0.0,0.0,0.0,1.0,-0.0,0,0
1001,0.0,0.0,0.0,1.0,-0.0,0,0
1002,0.0,0.0,0.0,1.0,-0.0,0,0
1003,0.0,0.0,0.0,1.0,-0.0,0,0
1004,0.0,0.023762376237623766,0.06471340450838887,1.0,-0.0,0,0
1005,0.0,0.023762376237623766,0.06471340450838887,1.0,-0.0,0,0
1006,0.0,0.10495049504950496,0.13670539084430264,1.0,-0.0,0,0
1007,0.0,0.10495049504950496,0.13670539084430264,1.0,-0.0,0,0
1008,0.0,0.11683168316831684,0.1442421691205886,1.0,-0.0,0,0
1009,0.0,0.09306930693069305,0.13661931335176508,1.0,-0.0,0,0
1010,0.0,0.1534653465346535,0.18645433514983514,1.0,-0.0,0,0
1011,0.0,0.25346534653465347,0.21413623702460574,1.0,-0.0,0,0
1012,0.0,0.49504950495049505,0.3203884516106932,1.0,-0.0,0,0
1013,0.2,0.5465346534653467,0.3304854983818828,1.0,-0.0,0,0
1014,0.4,0.5980198019801981,0.33595738709621376,1.0,-0.0,0,0
1015,0.4,0.5376237623762378,0.3014327126033747,1.0,-0.0,0,0
1016,0.4,0.36435643564356435,0.2275935922882314,0.43777588214069696,0.35874816817176014,0,0
1017,0.4,0.12079207920792076,0.14372473118118065,0.026028779843063878,1.5845461899331967,0,0
1018,0.2,0.05940594059405942,0.10357779667819422,0.08733081746926048,1.0588324745635314,0,0
1019,0.0,0.007920792079207921,0.03900537743285587,1.0,-0.0,0,0
1020,0.0,0.007920792079207921,0.03900537743285587,1.0,-0.0,0,0
1021,0.2,0.14059405940594058,0.15036471688371983,0.3463922966247934,0.46043177476827185,0,0
1022,0.2,0.4752475247524752,0.28263468377761275,1.0,-0.0,0,0
1023,0.4,0.48316831683168326,0.2887560575613178,1.0,-0.0,0,0
1024,0.4,0.6277227722772276,0.34126114731909085,1.0,-0.0,0,0
1025,0.4,0.7128712871287127,0.36306270531060086,1.0,-0.0,0,0
1026,0.2,0.5742574257425742,0.31799292144389424,1.0,-0.0,0,0
1027,0.2,0.30891089108910896,0.2587475584238334,1.0,-0.0,0,0
1028,0.0,0.38613861386138615,0.27323862670353016,1.0,-0.0,0,0
1029,0.0,0.34851485148514855,0.25894449169548556,1.0,-0.0,0,0
1030,0.0,0.3247524752475248,0.2711931614379405,1.0,-0.0,0,0
1031,0.0,0.6851485148514851,0.36407651752977177,1.0,-0.0,0,0
1032,0.0,0.6297029702970298,0.34513437029008537,1.0,-0.0,0,0
1033,0.0,0.887128712871287,0.3463139325361316,1.0,-0.0,0,0
1034,0.0,0.9108910891089107,0.3674641465905305,1.0,-0.0,0,0
1035,0.0,1.0653465346534652,0.3921092097732231,1.0,-0.0,0,0
1036,0.0,0.8217821782178216,0.36250065493857936,1.0,-0.0,0,0
1037,0.0,0.8277227722772276,0.38179327045223244,1.0,-0.0,0,0
1038,0.0,0.6752475247524753,0.3805691258149774,1.0,-0.0,0,0
1039,0.0,0.6138613861386139,0.34841357664442096,1.0,-0.0,0,0
1040,0.0,0.5504950495049505,0.32139046988656716,1.0,-0.0,0,0
1041,0.0,0.5960396039603959,0.30955758660001426,1.0,-0.0,0,0
1042,0.0,0.6118811881188119,0.33279111538290246,1.0,-0.0,0,0
1043,0.0,0.5128712871287129,0.294390918908799,1.0,-0.0,0,0
1044,0.0,0.671287128712871,0.3264985659948695,1.0,-0.0,0,0
1045,0.2,0.7267326732673266,0.3623058958943179,1.0,-0.0,0,0
1046,0.2,0.5821782178217821,0.30842815797920853,1.0,-0.0,0,0
1047,0.2,0.5841584158415841,0.30139368460908883,1.0,-0.0,0,0
1048,0.2,0.4910891089108912,0.2662906213705226,1.0,-0.0,0,0
1049,0.2,0.2653465346534653,0.22179985785260758,1.0,-0.0,0,0
1050,0.0,0.05544554455445545,0.09797478714338996,1.0,-0.0,0,0
1051,0.2,0.19801980198019803,0.18346510608951241,0.4956941709927602,0.3047861880558406,0,0
1052,0.2,0.16435643564356434,0.16744093589393827,0.41571322089895313,0.3812061634366341,0,0
1053,0.2,0.194059405940594,0.19387746573147424,0.4877779331490267,0.3117778508619444,0,0
1054,0.2,0.30891089108910896,0.2329743154589415,1.0,-0.0,0,0
1055,0.4,0.38811881188118813,0.2401678986607145,0.48027223589542034,0.318512518807493,0,0
1056,0.2,0.27524752475247527,0.24832346383677273,1.0,-0.0,0,0
1057,0.2,0.26930693069306927,0.24444018655583344,1.0,-0.0,0,0
1058,0.2,0.23960396039603957,0.2321143487064175,1.0,-0.0,0,0
1059,0.2,0.12277227722772277,0.17793156328107143,0.3321331518018319,0.4786877732241746,0,0
1060,0.0,0.04554455445544555,0.10856831811384397,1.0,-0.0,0,0
1061,0.0,0.0,0.0,1.0,-0.0,0,0
1062,0.0,0.0,0.0,1.0,-0.0,0,0
1063,0.0,0.0,0.0,1.0,-0.0,0,0
1064,0.0,0.0,0.0,1.0,-0.0,0,0
1065,0.0,0.0,0.0,1.0,-0.0,0,0
1066,0.0,0.0,0.0,1.0,-0.0,0,0
1067,0.0,0.0,0.0,1.0,-0.0,0,0
1068,0.0,0.0,0.0,1.0,-0.0,0,0
1069,0.0,0.0,0.0,1.0,-0.0,0,0
1070,0.0,0.0019801980198019802,0.0198019801980198,1.0,-0.0,0,0
1071,0.0,0.0039603960396039604,0.027863855998951068,1.0,-0.0,0,0
1072,0.0,0.0039603960396039604,0.027863855998951068,1.0,-0.0,0,0
1073,0.0,0.0039603960396039604,0.027863855998951068,1.0,-0.0,0,0
1074,0.0,0.0039603960396039604,0.027863855998951068,1.0,-0.0,0,0
1075,0.0,0.0019801980198019802,0.019801980198019802,1.0,-0.0,0,0
1076,0.0,0.0,0.0,1.0,-0.0,0,0
1077,0.0,0.0039603960396039604,0.027863855998951054,1.0,-0.0,0,0
1078,0.2,0.011881188118811883,0.047276579747775535,3.4586556520905853e-05,4.461092674713385,0,0
1079,0.2,0.10297029702970298,0.15054715096038185,0.25962118471448503,0.5856598726219708,0,0
1080,0.4,0.20198019801980197,0.2188992254326413,0.18283435501919942,0.737942195946795,0,0
1081,0.4,0.2594059405940594,0.23130204753186284,0.2716476260288291,0.5659940859812074,0,0
1082,0.4,0.3495049504950496,0.2361505487155618,0.4153415027199874,0.38159467013812,0,0
1083,0.2,0.34059405940594073,0.2330079749715724,1.0,-0.0,0,0
1084,0.2,0.24950495049504953,0.1998136569412739,1.0,-0.0,0,0
1085,0.0,0.15247524752475247,0.15453158823862712,1.0,-0.0,0,0
1086,0.0,0.09306930693069305,0.11795067415315191,1.0,-0.0,0,0
1087,0.0,0.027722772277227727,0.07975061610139514,1.0,-0.0,0,0
1088,0.0,0.027722772277227727,0.07975061610139514,1.0,-0.0,0,0
1089,0.0,0.027722772277227727,0.07975061610139514,1.0,-0.0,0,0
1090,0.0,0.05346534653465347,0.10860442931328386,1.0,-0.0,0,0
1091,0.0,0.11287128712871283,0.13618810981425267,1.0,-0.0,0,0
1092,0.0,0.097029702970297,0.11811677855054842,1.0,-0.0,0,0
1093,0.0,0.41782178217821786,0.27732671499923944,1.0,-0.0,0,0
1094,0.2,0.6554455445544555,0.3413645441241658,1.0,-0.0,0,0
1095,0.2,0.6297029702970297,0.3322722712902854,1.0,-0.0,0,0
1096,0.2,0.5702970297029704,0.3087966277631768,1.0,-0.0,0,0
1097,0.2,0.5584158415841585,0.31379735112143053,1.0,-0.0,0,0
1098,0.2,0.23762376237623759,0.20238747522615821,1.0,-0.0,0,0
1099,0.0,0.0,0.0,1.0,-0.0,0,0
1100,0.0,0.0,0.0,1.0,-0.0,0,0
1101,0.0,0.0,0.0,1.0,-0.0,0,0
1102,0.0,0.0,0.0,1.0,-0.0,0,0
1103,0.0,0.0,0.0,1.0,-0.0,0,0
1104,0.0,0.0,0.0,1.0,-0.0,0,0
1105,0.0,0.0,0.0,1.0,-0.0,0,0
1106,0.0,0.05346534653465347,0.10489443673781407,1.0,-0.0,0,0
1107,0.0,0.28514851485148507,0.26751002150705533,1.0,-0.0,0,0
1108,0.0,0.3128712871287129,0.2806157890368237,1.0,-0.0,0,0
1109,0.0,0.491089108910891,0.33004620435644616,1.0,-0.0,0,0
1110,0.0,0.8277227722772277,0.4432371494691551,1.0,-0.0,0,0
1111,0.0,0.8554455445544553,0.4495267583142799,1.0,-0.0,0,0
1112,0.0,0.6237623762376239,0.3892487089205739,1.0,-0.0,0,0
1113,0.0,0.6712871287128714,0.4103455760874338,1.0,-0.0,0,0
1114,0.0,0.5841584158415841,0.3666094782706613,1.0,-0.0,0,0
1115,0.0,0.2475247524752475,0.22364844203557224,1.0,-0.0,0,0
1116,0.0,0.16633663366336632,0.18036114909680317,1.0,-0.0,0,0
1117,0.0,0.16633663366336632,0.18036114909680317,1.0,-0.0,0,0
1118,0.0,0.09900990099009901,0.14246420394934614,1.0,-0.0,0,0
1119,0.0,0.009900990099009901,0.04338396495090424,1.0,-0.0,0,0
1120,0.0,0.009900990099009901,0.04338396495090424,1.0,-0.0,0,0
1121,0.0,0.009900990099009901,0.04338396495090424,1.0,-0.0,0,0
1122,0.2,0.6742574257425743,0.36874243481993974,1.0,-0.0,0,0
1123,0.2,0.697029702970297,0.37189784755860533,1.0,-0.0,0,0
1124,0.2,0.7029702970297028,0.37296124225801863,1.0,-0.0,0,0
1125,0.4,0.8435643564356436,0.3813513858918249,1.0,-0.0,0,0
1126,0.4,1.1405940594059407,0.49275507900528176,1.0,-0.0,0,0
1127,0.2,0.4752475247524752,0.30811015793797875,1.0,-0.0,0,0
1128,0.2,0.6752475247524752,0.3836783772215193,1.0,-0.0,0,0
1129,0.2,1.0653465346534656,0.520554853172323,1.0,-0.0,0,0
1130,0.0,1.0257425742574258,0.4888162029501892,1.0,-0.0,0,0
1131,0.0,0.7544554455445545,0.39489934861892717,1.0,-0.0,0,0
1132,0.0,0.7683168316831684,0.393745832747222,1.0,-0.0,0,0
1133,0.0,0.7267326732673265,0.3374015702772098,1.0,-0.0,0,0
1134,0.0,0.5247524752475248,0.30811015793797875,1.0,-0.0,0,0
1135,0.0,0.4415841584158416,0.3074221552380739,1.0,-0.0,0,0
1136,0.0,0.4752475247524752,0.29497640133637515,1.0,-0.0,0,0
1137,0.0,0.47920792079207924,0.3005990163825097,1.0,-0.0,0,0
1138,0.0,0.4178217821782177,0.29261404296341975,1.0,-0.0,0,0
1139,0.0,0.22376237623762377,0.22389376673429812,1.0,-0.0,0,0
1140,0.0,0.20396039603960395,0.216141131047601,1.0,-0.0,0,0
1141,0.0,0.14455445544554454,0.18046982004062492,1.0,-0.0,0,0
1142,0.0,0.12673267326732673,0.17959861138016997,1.0,-0.0,0,0
1143,0.0,0.0,0.0,1.0,-0.0,0,0
1144,0.0,0.0,0.0,1.0,-0.0,0,0
1145,0.0,0.0,0.0,1.0,-0.0,0,0
1146,0.0,0.0,0.0,1.0,-0.0,0,0
1147,0.0,0.0,0.0,1.0,-0.0,0,0
1148,0.0,0.0,0.0,1.0,-0.0,0,0
1149,0.2,0.049504950495049514,0.09078727434730813,0.04869237040212954,1.3125390829709087,0,0
1150,0.2,0.061386138613861385,0.11515834731523734,0.11435653877291625,0.9417389978975692,0,0
1151,0.2,0.3920792079207921,0.2727502641564118,1.0,-0.0,0,0
1152,0.2,0.40792079207920795,0.28132753481470163,1.0,-0.0,0,0
1153,0.2,0.4396039603960395,0.2925068190525411,1.0,-0.0,0,0
1154,0.0,0.4633663366336634,0.29508272787901424,1.0,-0.0,0,0
1155,0.0,0.4693069306930694,0.3010682545742104,1.0,-0.0,0,0
1156,0.0,0.15445544554455443,0.17321922953369534,1.0,-0.0,0,0
1157,0.0,0.15247524752475247,0.1644637607354148,1.0,-0.0,0,0
1158,0.0,0.1207920792079208,0.14645435316515326,1.0,-0.0,0,0
1159,0.0,0.04752475247524753,0.09809478080396702,1.0,-0.0,0,0
1160,0.0,0.05544554455445545,0.09797478714338996,1.0,-0.0,0,0
1161,0.0,0.061386138613861385,0.10046456153636296,1.0,-0.0,0,0
1162,0.0,0.07326732673267328,0.10425700262248065,1.0,-0.0,0,0
1163,0.0,0.07722772277227724,0.1124710639300034,1.0,-0.0,0,0
1164,0.0,0.07722772277227724,0.1124710639300034,1.0,-0.0,0,0
1165,0.0,0.051485148514851496,0.1001126705723924,1.0,-0.0,0,0
1166,0.0,0.031683168316831684,0.07826167463512675,1.0,-0.0,0,0
1167,0.0,0.0059405940594059415,0.03395332316729158,1.0,-0.0,0,0
1168,0.0,0.0,0.0,1.0,-0.0,0,0
1169,0.0,0.0,0.0,1.0,-0.0,0,0
1170,0.0,0.0,0.0,1.0,-0.0,0,0
1171,0.0,0.0,0.0,1.0,-0.0,0,0
1172,0.0,0.0,0.0,1.0,-0.0,0,0
1173,0.0,0.0,0.0,1.0,-0.0,0,0
1174,0.0,0.0,0.0,1.0,-0.0,0,0
1175,0.0,0.0,0.0,1.0,-0.0,0,0
1176,0.0,0.0,0.0,1.0,-0.0,0,0
1177,0.0,0.0,0.0,1.0,-0.0,0,0
1178,0.0,0.009900990099009901,0.04338396495090425,1.0,-0.0,0,0
1179,0.0,0.033663366336633666,0.07482947971362847,1.0,-0.0,0,0
1180,0.0,0.033663366336633666,0.07482947971362847,1.0,-0.0,0,0
1181,0.0,0.13465346534653466,0.16436836411443276,1.0,-0.0,0,0
1182,0.0,0.21188118811881188,0.1986524547165854,1.0,-0.0,0,0
1183,0.0,0.20198019801980197,0.19598959258073068,1.0,-0.0,0,0
1184,0.0,0.20198019801980197,0.20584537021649227,1.0,-0.0,0,0
1185,0.0,0.20198019801980197,0.20584537021649227,1.0,-0.0,0,0
1186,0.0,0.09900990099009901,0.13965661530697393,1.0,-0.0,0,0
1187,0.0,0.0613861386138614,0.10433219700847123,1.0,-0.0,0,0
1188,0.0,0.10099009900990098,0.1308729634998678,1.0,-0.0,0,0
1189,0.0,0.15049504950495046,0.16021258301915867,1.0,-0.0,0,0
1190,0.0,0.2376237623762376,0.20042108402186132,1.0,-0.0,0,0
1191,0.0,0.3108910891089109,0.24287917792414992,1.0,-0.0,0,0
1192,0.0,0.3702970297029704,0.26756864741648306,1.0,-0.0,0,0
1193,0.0,0.4118811881188119,0.282593059661566,1.0,-0.0,0,0
1194,0.0,0.4495049504950496,0.3101017917758962,1.0,-0.0,0,0
1195,0.0,0.4574257425742574,0.3138223419510104,1.0,-0.0,0,0
1196,0.0,0.4891089108910891,0.32393037697708565,1.0,-0.0,0,0
1197,0.0,0.500990099009901,0.3419498688013457,1.0,-0.0,0,0
1198,0.0,0.5980198019801979,0.40442605659310077,1.0,-0.0,0,0
1199,0.0,0.49900990099009906,0.37719523781023917,1.0,-0.0,0,0
1200,0.0,0.6158415841584158,0.340858750475484,1.0,-0.0,0,0
1201,0.0,0.6871287128712872,0.3801155025964935,1.0,-0.0,0,0
1202,0.0,0.699009900990099,0.38755262804673485,1.0,-0.0,0,0
1203,0.0,0.8118811881188117,0.40081281987581957,1.0,-0.0,0,0
1204,0.0,0.8079207920792078,0.40288149458196804,1.0,-0.0,0,0
1205,0.0,0.596039603960396,0.33770359963110186,1.0,-0.0,0,0
1206,0.0,0.41782178217821786,0.2801682802676116,1.0,-0.0,0,0
1207,0.0,0.3148514851485149,0.23267116072355806,1.0,-0.0,0,0
1208,0.0,0.039603960396039604,0.08452453849668534,1.0,-0.0,0,0
1209,0.0,0.031683168316831684,0.0730260947112308,1.0,-0.0,0,0
1210,0.0,0.033663366336633666,0.07482947971362845,1.0,-0.0,0,0
1211,0.0,0.033663366336633666,0.07482947971362845,1.0,-0.0,0,0
1212,0.0,0.023762376237623766,0.07056843438101175,1.0,-0.0,0,0
1213,0.0,0.06930693069306931,0.12407485305204391,1.0,-0.0,0,0
1214,0.0,0.11485148514851487,0.15246238855382302,1.0,-0.0,0,0
1215,0.0,0.194059405940594,0.1699282214093064,1.0,-0.0,0,0
1216,0.0,0.24554455445544554,0.1885456335630517,1.0,-0.0,0,0
1217,0.0,0.2851485148514852,0.21126030989610492,1.0,-0.0,0,0
1218,0.0,0.24752475247524752,0.19324947166345904,1.0,-0.0,0,0
1219,0.0,0.3217821782178218,0.21782178217821785,1.0,-0.0,0,0
1220,0.0,0.2792079207920792,0.20310307176171224,1.0,-0.0,0,0
1221,0.0,0.27722772277227725,0.2124264290202596,1.0,-0.0,0,0
1222,0.0,0.4712871287128714,0.264888033010836,1.0,-0.0,0,0
1223,0.0,0.5762376237623763,0.32247450274569955,1.0,-0.0,0,0
1224,0.0,0.5108910891089109,0.29040804004465204,1.0,-0.0,0,0
1225,0.0,0.4792079207920792,0.2884979302852018,1.0,-0.0,0,0
1226,0.0,0.4316831683168316,0.2768030693862424,1.0,-0.0,0,0
1227,0.0,0.1900990099009901,0.20368143953463436,1.0,-0.0,0,0
1228,0.0,0.06336633663366337,0.11233152161332939,1.0,-0.0,0,0
1229,0.0,0.007920792079207921,0.03900537743285587,1.0,-0.0,0,0
1230,0.0,0.0019801980198019802,0.0198019801980198,1.0,-0.0,0,0
1231,0.0,0.09504950495049502,0.12771893462651165,1.0,-0.0,0,0
1232,0.0,0.18415841584158413,0.18387074305594647,1.0,-0.0,0,0
1233,0.0,0.18415841584158413,0.18387074305594647,1.0,-0.0,0,0
1234,0.0,0.25346534653465347,0.2085140052449613,1.0,-0.0,0,0
1235,0.0,0.3168316831683168,0.2342332369524158,1.0,-0.0,0,0
1236,0.0,0.22178217821782173,0.1968081743835003,1.0,-0.0,0,0
1237,0.0,0.13465346534653463,0.15697363312955576,1.0,-0.0,0,0
1238,0.0,0.13465346534653463,0.15697363312955576,1.0,-0.0,0,0
1239,0.0,0.06336633663366337,0.10874875419996816,1.0,-0.0,0,0
1240,0.0,0.0,0.0,1.0,-0.0,0,0
1241,0.0,0.0,0.0,1.0,-0.0,0,0
1242,0.0,0.0,0.0,1.0,-0.0,0,0
1243,0.0,0.057425742574257435,0.10656335878870264,1.0,-0.0,0,0
1244,0.0,0.057425742574257435,0.10656335878870264,1.0,-0.0,0,0
1245,0.0,0.07326732673267328,0.11848138852793338,1.0,-0.0,0,0
1246,0.0,0.1485148514851485,0.16082329112274815,1.0,-0.0,0,0
1247,0.0,0.1584158415841584,0.16486858056632595,1.0,-0.0,0,0
1248,0.0,0.14653465346534655,0.1662423117767553,1.0,-0.0,0,0
1249,0.0,0.14653465346534655,0.1662423117767553,1.0,-0.0,0,0
1250,0.0,0.16435643564356434,0.1766487584013007,1.0,-0.0,0,0
1251,0.0,0.4237623762376238,0.25529967436909773,1.0,-0.0,0,0
1252,0.0,0.6297029702970296,0.3485598530802079,1.0,-0.0,0,0
1253,0.0,0.6237623762376237,0.3357121925224267,1.0,-0.0,0,0
1254,0.0,0.704950495049505,0.3487960161980015,1.0,-0.0,0,0
1255,0.0,0.7386138613861386,0.364507071745414,1.0,-0.0,0,0
1256,0.0,0.5069306930693069,0.2959319649342002,1.0,-0.0,0,0
1257,0.0,0.30297029702970296,0.22091414287834574,1.0,-0.0,0,0
1258,0.0,0.3603960396039604,0.25332607559896925,1.0,-0.0,0,0
1259,0.0,0.5217821782178218,0.30429400855550887,1.0,-0.0,0,0
1260,0.0,0.7168316831683168,0.3799607345348412,1.0,-0.0,0,0
1261,0.0,0.6495049504950494,0.3358523256268414,1.0,-0.0,0,0
1262,0.0,0.6356435643564355,0.34052497572460944,1.0,-0.0,0,0
1263,0.0,0.6732673267326733,0.3677308230749611,1.0,-0.0,0,0
1264,0.0,0.6554455445544551,0.3605483303521914,1.0,-0.0,0,0
1265,0.0,0.6475247524752474,0.36818905480796715,1.0,-0.0,0,0
1266,0.0,0.6990099009900989,0.3600041390039706,1.0,-0.0,0,0
1267,0.0,0.7702970297029704,0.37483846143291527,1.0,-0.0,0,0
1268,0.0,0.8752475247524754,0.40769964206194437,1.0,-0.0,0,0
1269,0.0,0.8019801980198021,0.4160112807923547,1.0,-0.0,0,0
1270,0.0,0.5712871287128714,0.3493520547401456,1.0,-0.0,0,0
1271,0.0,0.48514851485148514,0.32008233427606736,1.0,-0.0,0,0
1272,0.0,0.5366336633663367,0.34575867858561815,1.0,-0.0,0,0
1273,0.2,0.5900990099009901,0.32624626259990447,1.0,-0.0,0,0
1274,0.2,0.44752475247524753,0.2885930566690959,1.0,-0.0,0,0
1275,0.2,0.43762376237623773,0.2852310111688054,1.0,-0.0,0,0
1276,0.2,0.43762376237623773,0.2852310111688054,1.0,-0.0,0,0
1277,0.2,0.31683168316831684,0.2598816588756106,1.0,-0.0,0,0
1278,0.0,0.031683168316831684,0.07826167463512675,1.0,-0.0,0,0
1279,0.0,0.11683168316831684,0.14696218071508493,1.0,-0.0,0,0
1280,0.0,0.37623762376237624,0.25529967436909773,1.0,-0.0,0,0
1281,0.0,0.4514851485148515,0.2604694396418785,1.0,-0.0,0,0
1282,0.0,0.4514851485148515,0.2604694396418785,1.0,-0.0,0,0
1283,0.2,0.6653465346534654,0.32834286703014504,1.0,-0.0,0,0
1284,0.2,0.7465346534653463,0.3411002455466848,1.0,-0.0,0,0
1285,0.2,0.5623762376237623,0.3040490727551562,1.0,-0.0,0,0
1286,0.2,0.5425742574257427,0.2942843424119011,1.0,-0.0,0,0
1287,0.4,0.6396039603960395,0.3121560944640484,1.0,-0.0,0,0
1288,0.2,0.4217821782178217,0.23019748749006905,1.0,-0.0,0,0
1289,0.2,0.24356435643564353,0.18796241544687975,1.0,-0.0,0,0
1290,0.2,0.1584158415841584,0.14709552815265856,0.3887027498565183,0.4103823869651123,0,0
1291,0.2,0.10099009900990097,0.12781100644043505,0.21927069710826586,0.6590194026794772,0,0
1292,0.0,0.0039603960396039604,0.02786385599895107,1.0,-0.0,0,0
1293,0.0,0.0,0.0,1.0,-0.0,0,0
1294,0.2,0.32673267326732675,0.22816143716172793,1.0,-0.0,0,0
1295,0.4,0.5861386138613862,0.3060543221601847,1.0,-0.0,0,0
1296,0.4,0.6811881188118811,0.3425914263425047,1.0,-0.0,0,0
1297,0.4,0.796039603960396,0.3848416910164459,1.0,-0.0,0,0
1298,1.0,0.9346534653465344,0.4098866405868282,0.4366666787633538,0.3598499470329263,0,0
1299,0.8,0.6653465346534653,0.34251129736787517,0.34710957852851365,0.45953340175733703,0,0
1300,0.6,0.6792079207920791,0.3045258712718752,1.0,-0.0,0,0
1301,0.8,1.0019801980198018,0.40735325317862425,1.0,-0.0,0,0
1302,0.8,1.1148514851485147,0.4661589705927914,1.0,-0.0,0,0
1303,0.2,1.0435643564356436,0.44464154916560344,1.0,-0.0,0,0
1304,0.2,1.2653465346534654,0.5152017087566899,1.0,-0.0,0,0
1305,0.4,1.1168316831683167,0.508359681454824,1.0,-0.0,0,0
1306,0.4,0.7900990099009902,0.3831875043165764,1.0,-0.0,0,0
1307,0.6,0.6712871287128712,0.3510483968957027,1.0,-0.0,0,0
1308,0.8,0.9445544554455445,0.4098962069840985,1.0,-0.0,0,0
1309,0.8,0.6643564356435643,0.3411059933454794,0.34544111012609546,0.4616259793380554,0,0
1310,0.6,0.6138613861386139,0.32120740746125326,1.0,-0.0,0,0
1311,0.4,0.6574257425742573,0.34507755898284304,1.0,-0.0,0,0
1312,0.4,0.7069306930693069,0.3610374012447179,1.0,-0.0,0,0
1313,0.2,0.4000000000000001,0.28838917599605424,1.0,-0.0,0,0
1314,0.2,0.4000000000000001,0.28838917599605424,1.0,-0.0,0,0
1315,0.2,0.3227722772277228,0.2453048974170602,1.0,-0.0,0,0
1316,0.2,0.1900990099009901,0.18103385739626768,0.47819217148028004,0.320397538029415,0,0
1317,0.0,0.05544554455445545,0.1019369320889802,1.0,-0.0,0,0
1318,0.0,0.025742574257425748,0.07264925278354116,1.0,-0.0,0,0
1319,0.0,0.025742574257425748,0.07264925278354116,1.0,-0.0,0,0
1320,0.0,0.025742574257425748,0.07264925278354116,1.0,-0.0,0,0
1321,0.0,0.025742574257425748,0.07264925278354116,1.0,-0.0,0,0
1322,0.0,0.0,0.0,1.0,-0.0,0,0
1323,0.0,0.0,0.0,1.0,-0.0,0,0
1324,0.0,0.04356435643564357,0.09164702150816742,1.0,-0.0,0,0
1325,0.0,0.04356435643564357,0.09164702150816742,1.0,-0.0,0,0
1326,0.0,0.06732673267326733,0.12673267326732673,1.0,-0.0,0,0
1327,0.0,0.06732673267326733,0.12673267326732673,1.0,-0.0,0,0
1328,0.0,0.07524752475247526,0.13156027914354926,1.0,-0.0,0,0
1329,0.0,0.031683168316831684,0.07826167463512675,1.0,-0.0,0,0
1330,0.0,0.04752475247524753,0.09809478080396702,1.0,-0.0,0,0
1331,0.0,0.023762376237623766,0.06471340450838887,1.0,-0.0,0,0
1332,0.0,0.023762376237623766,0.06471340450838887,1.0,-0.0,0,0
1333,0.0,0.015841584158415842,0.05401260078014202,1.0,-0.0,0,0
1334,0.0,0.015841584158415842,0.05401260078014202,1.0,-0.0,0,0
1335,0.0,0.0,0.0,1.0,-0.0,0,0
1336,0.0,0.0,0.0,1.0,-0.0,0,0
1337,0.0,0.0,0.0,1.0,-0.0,0,0
1338,0.0,0.0,0.0,1.0,-0.0,0,0
1339,0.0,0.0,0.0,1.0,-0.0,0,0
1340,0.0,0.0,0.0,1.0,-0.0,0,0
1341,0.0,0.08514851485148513,0.13598641357140118,1.0,-0.0,0,0
1342,0.0,0.09702970297029702,0.1451905170679078,1.0,-0.0,0,0
1343,0.0,0.11287128712871286,0.15264231556912292,1.0,-0.0,0,0
1344,0.0,0.12079207920792079,0.16429678029854689,1.0,-0.0,0,0
1345,0.0,0.16831683168316827,0.17740187251029738,1.0,-0.0,0,0
1346,0.0,0.10297029702970295,0.13676274574124359,1.0,-0.0,0,0
1347,0.0,0.09108910891089109,0.1335716590419014,1.0,-0.0,0,0
1348,0.0,0.07524752475247526,0.12219602867755656,1.0,-0.0,0,0
1349,0.0,0.06732673267326733,0.12032045569079852,1.0,-0.0,0,0
1350,0.0,0.021782178217821784,0.06836703565002801,1.0,-0.0,0,0
1351,0.0,0.0,0.0,1.0,-0.0,0,0
1352,0.0,0.0,0.0,1.0,-0.0,0,0
1353,0.0,0.0,0.0,1.0,-0.0,0,0
1354,0.0,0.023762376237623763,0.06471340450838887,1.0,-0.0,0,0
1355,0.0,0.05742574257425742,0.09885135821266286,1.0,-0.0,0,0
1356,0.0,0.06534653465346535,0.11295810453031022,1.0,-0.0,0,0
1357,0.0,0.10297029702970295,0.1367627457412436,1.0,-0.0,0,0
1358,0.0,0.10297029702970295,0.1367627457412436,1.0,-0.0,0,0
1359,0.0,0.0792079207920792,0.12293186689242579,1.0,-0.0,0,0
1360,0.0,0.04554455445544554,0.08846854615322249,1.0,-0.0,0,0
1361,0.0,0.03762376237623763,0.07816140339006157,1.0,-0.0,0,0
1362,0.0,0.0,0.0,1.0,-0.0,0,0
1363,0.0,0.0,0.0,1.0,-0.0,0,0
1364,0.0,0.0,0.0,1.0,-0.0,0,0
1365,0.0,0.0,0.0,1.0,-0.0,0,0
1366,0.0,0.0,0.0,1.0,-0.0,0,0
1367,0.0,0.0,0.0,1.0,-0.0,0,0
1368,0.0,0.0,0.0,1.0,-0.0,0,0
1369,0.0,0.0,0.0,1.0,-0.0,0,0
1370,0.0,0.0,0.0,1.0,-0.0,0,0
1371,0.0,0.0,0.0,1.0,-0.0,0,0
1372,0.0,0.0,0.0,1.0,-0.0,0,0
1373,0.0,0.0,0.0,1.0,-0.0,0,0
1374,0.0,0.007920792079207921,0.03900537743285587,1.0,-0.0,0,0
1375,0.0,0.007920792079207921,0.03900537743285587,1.0,-0.0,0,0
1376,0.0,0.007920792079207921,0.03900537743285587,1.0,-0.0,0,0
1377,0.0,0.025742574257425748,0.0669763743575753,1.0,-0.0,0,0
1378,0.0,0.025742574257425748,0.0669763743575753,1.0,-0.0,0,0
1379,0.0,0.017821782178217824,0.05698017651460657,1.0,-0.0,0,0
1380,0.0,0.017821782178217824,0.05698017651460657,1.0,-0.0,0,0
1381,0.0,0.017821782178217824,0.05698017651460657,1.0,-0.0,0,0
1382,0.0,0.0,0.0,1.0,-0.0,0,0
1383,0.0,0.0,0.0,1.0,-0.0,0,0
1384,0.0,0.007920792079207921,0.03900537743285587,1.0,-0.0,0,0
1385,0.0,0.007920792079207921,0.03900537743285587,1.0,-0.0,0,0
1386,0.0,0.031683168316831684,0.0730260947112308,1.0,-0.0,0,0
1387,0.0,0.031683168316831684,0.0730260947112308,1.0,-0.0,0,0
1388,0.0,0.031683168316831684,0.0730260947112308,1.0,-0.0,0,0
1389,0.0,0.023762376237623763,0.06471340450838889,1.0,-0.0,0,0
1390,0.0,0.023762376237623763,0.06471340450838889,1.0,-0.0,0,0
1391,0.0,0.0,0.0,1.0,-0.0,0,0
1392,0.0,0.0,0.0,1.0,-0.0,0,0
1393,0.2,0.023762376237623766,0.07056843438101174,0.006255383356131752,2.2037460697673743,0,0
1394,0.2,0.023762376237623766,0.07056843438101174,0.006255383356131752,2.2037460697673743,0,0
1395,0.4,0.049504950495049514,0.09912864166957489,0.00020330223811297488,3.691857840276056,0,0
1396,0.4,0.049504950495049514,0.09912864166957489,0.00020330223811297488,3.691857840276056,0,0
1397,0.4,0.049504950495049514,0.09912864166957489,0.00020330223811297488,3.691857840276056,0,0
1398,0.2,0.025742574257425748,0.07264925278354116,0.008228653963589683,2.084671200510097,0,0
1399,0.2,0.025742574257425748,0.07264925278354116,0.008228653963589683,2.084671200510097,0,0
1400,0.0,0.0,0.0,1.0,-0.0,0,0
1401,0.0,0.0,0.0,1.0,-0.0,0,0
1402,0.0,0.0,0.0,1.0,-0.0,0,0
1403,0.0,0.0,0.0,1.0,-0.0,0,0
1404,0.0,0.0,0.0,1.0,-0.0,0,0
1405,0.2,0.0039603960396039604,0.027863855998951064,9.918686161641043e-13,12.003545851085576,0,0
1406,0.4,0.015841584158415842,0.05401260078014202,5.702824897715459e-13,12.243909962997291,0,0
1407,0.4,0.015841584158415842,0.05401260078014202,5.702824897715459e-13,12.243909962997291,0,0
1408,0.4,0.015841584158415842,0.05401260078014202,5.702824897715459e-13,12.243909962997291,0,0
1409,0.4,0.025742574257425745,0.06697637435757531,1.1491454260291877e-08,7.939625007233837,0,0
1410,0.2,0.021782178217821784,0.06230547612891991,0.002115616449879084,2.6745630648030154,0,0
1411,0.0,0.009900990099009901,0.04338396495090424,1.0,-0.0,0,0
1412,0.0,0.009900990099009901,0.04338396495090424,1.0,-0.0,0,0
1413,0.0,0.009900990099009901,0.04338396495090424,1.0,-0.0,0,0
1414,0.0,0.0,0.0,1.0,-0.0,0,0
1415,0.0,0.0,0.0,1.0,-0.0,0,0
1416,0.0,0.0,0.0,1.0,-0.0,0,0
1417,0.2,0.013861386138613863,0.05079507064705211,0.00012391038159364294,3.90689230556944,0,0
1418,0.2,0.013861386138613863,0.05079507064705211,0.00012391038159364294,3.90689230556944,0,0
1419,0.2,0.013861386138613863,0.05079507064705211,0.00012391038159364294,3.90689230556944,0,0
1420,0.8,0.05544554455445545,0.12305938961021265,7.225816898890409e-10,9.141113047585188,0,0
1421,0.8,0.05544554455445545,0.12305938961021265,7.225816898890409e-10,9.141113047585188,0,0
1422,0.6,0.06138613861386138,0.11515834731523733,1.454385995093146e-06,5.837320316109904,0,0
1423,0.6,0.06138613861386138,0.11515834731523733,1.454385995093146e-06,5.837320316109904,0,0
1424,0.6,0.08514851485148514,0.130031327995105,3.756256263788236e-05,4.425244786439834,0,0
1425,0.0,0.04356435643564357,0.08255312311158745,1.0,-0.0,0,0
1426,0.0,0.04356435643564357,0.08255312311158745,1.0,-0.0,0,0
