,foreground,bg_means,bg_stdev,pvals,minus_logs,regs,active
2,0.0,0.017821782178217824,0.056980176514606566,1.0,-0.0,0,0
3,0.0,0.017821782178217824,0.056980176514606566,1.0,-0.0,0,0
4,0.0,0.017821782178217824,0.056980176514606566,1.0,-0.0,0,0
5,0.0,0.017821782178217824,0.056980176514606566,1.0,-0.0,0,0
6,0.0,0.017821782178217824,0.056980176514606566,1.0,-0.0,0,0
7,0.0,0.0,0.0,1.0,-0.0,0,0
8,0.0,0.0,0.0,1.0,-0.0,0,0
9,0.0,0.04158415841584159,0.08590499787518362,1.0,-0.0,0,0
10,0.0,0.04158415841584159,0.08590499787518362,1.0,-0.0,0,0
11,0.0,0.04158415841584159,0.08590499787518362,1.0,-0.0,0,0
12,0.0,0.04158415841584159,0.08590499787518362,1.0,-0.0,0,0
13,0.6,0.22376237623762374,0.19353333422369295,0.025944977182958424,1.585946706904672,0,0
14,0.6,0.18217821782178217,0.16909546170462728,0.00673825091690084,2.1714528209303667,0,0
15,0.6,0.18217821782178217,0.16909546170462728,0.00673825091690084,2.1714528209303667,0,0
16,1.2,0.3603960396039604,0.23381434960952494,0.00016476899856204615,3.7831244978571297,0,0
17,1.2,0.3603960396039604,0.23381434960952494,0.00016476899856204615,3.7831244978571297,0,0
18,0.6,0.2396039603960396,0.19704711600251681,0.03370099605642802,1.4723572630628554,0,0
19,0.6,0.2396039603960396,0.19704711600251681,0.03370099605642802,1.4723572630628554,0,0
20,0.6,0.2514851485148515,0.2003036612499294,0.04093543494464157,1.387900590811145,0,0
21,0.0,0.07326732673267328,0.10038647014365605,1.0,-0.0,0,0
22,0.0,0.07326732673267328,0.10038647014365605,1.0,-0.0,0,0
23,0.0,0.011881188118811881,0.047276579747775535,1.0,-0.0,0,0
24,0.0,0.011881188118811881,0.047276579747775535,1.0,-0.0,0,0
25,0.0,0.0,0.0,1.0,-0.0,0,0
26,0.0,0.0,0.0,1.0,-0.0,0,0
27,0.0,0.03762376237623763,0.08771182015980238,1.0,-0.0,0,0
28,0.0,0.03762376237623763,0.08771182015980238,1.0,-0.0,0,0
29,0.2,0.0613861386138614,0.10806149425459212,0.09979311443423107,1.000899423305625,0,0
30,0.2,0.0613861386138614,0.10806149425459212,0.09979311443423107,1.000899423305625,0,0
31,0.2,0.0613861386138614,0.10806149425459212,0.09979311443423107,1.000899423305625,0,0
32,0.2,0.023762376237623766,0.07056843438101175,0.00625538335613176,2.203746069767374,0,0
33,0.2,0.023762376237623766,0.07056843438101175,0.00625538335613176,2.203746069767374,0,0
34,0.0,0.027722772277227727,0.06910862719451544,1.0,-0.0,0,0
35,0.0,0.027722772277227727,0.06910862719451544,1.0,-0.0,0,0
36,0.2,0.0613861386138614,0.10433219700847123,0.09199298471617674,1.0362452902111776,0,0
37,0.2,0.06732673267326733,0.1135467024699521,0.12131331785204298,0.9160915193958917,0,0
38,1.6,0.41386138613861384,0.27755285036654453,9.618846897042529e-06,5.016876987865234,0,0
39,1.6,0.38613861386138615,0.27032422885673696,3.554633503718187e-06,5.449205170044743,0,0
40,1.6,0.38613861386138615,0.27032422885673696,3.554633503718187e-06,5.449205170044743,0,0
41,1.4,0.3524752475247525,0.24559245779931643,9.981826687571025e-06,5.000789974971297,0,0
42,1.6,0.40594059405940597,0.26767121186084436,4.080460110828891e-06,5.38929086330041,0,0
43,0.2,0.05940594059405942,0.10357779667819421,0.08733081746926054,1.0588324745635311,0,0
44,0.2,0.11485148514851483,0.13598641357140118,0.2656067797011653,0.5757608436518119,0,0
45,0.2,0.15445544554455443,0.15124876399151133,0.3816601677710013,0.41832316313167517,0,0
46,0.2,0.22574257425742575,0.1880875429979268,1.0,-0.0,0,0
47,0.0,0.18415841584158413,0.17276589394999792,1.0,-0.0,0,0
48,0.0,0.18415841584158413,0.17276589394999792,1.0,-0.0,0,0
49,0.0,0.12673267326732673,0.15599637537608815,1.0,-0.0,0,0
50,0.0,0.12475247524752472,0.15632280678012314,1.0,-0.0,0,0
51,0.0,0.05346534653465347,0.10104832334394513,1.0,-0.0,0,0
52,0.0,0.03564356435643565,0.07653920035678292,1.0,-0.0,0,0
53,0.0,0.03564356435643565,0.07653920035678292,1.0,-0.0,0,0
54,0.0,0.11683168316831682,0.13864214704328154,1.0,-0.0,0,0
55,0.0,0.11485148514851484,0.15246238855382305,1.0,-0.0,0,0
56,0.0,0.11485148514851484,0.15246238855382305,1.0,-0.0,0,0
57,0.0,0.11485148514851484,0.15246238855382305,1.0,-0.0,0,0
58,0.0,0.11485148514851484,0.15246238855382305,1.0,-0.0,0,0
59,0.0,0.033663366336633666,0.07994704648786674,1.0,-0.0,0,0
60,0.0,0.0,0.0,1.0,-0.0,0,0
61,0.0,0.0,0.0,1.0,-0.0,0,0
62,0.0,0.011881188118811883,0.047276579747775535,1.0,-0.0,0,0
63,0.0,0.05148514851485149,0.09186070102766893,1.0,-0.0,0,0
64,0.0,0.05148514851485149,0.09186070102766893,1.0,-0.0,0,0
65,0.0,0.05148514851485149,0.09186070102766893,1.0,-0.0,0,0
66,0.0,0.05148514851485149,0.09186070102766893,1.0,-0.0,0,0
67,0.0,0.039603960396039604,0.07970143286137867,1.0,-0.0,0,0
68,0.0,0.0,0.0,1.0,-0.0,0,0
69,0.8,0.20594059405940596,0.18337959449964716,0.0005986834853833744,3.2228027216535344,0,0
70,0.8,0.20594059405940596,0.18337959449964716,0.0005986834853833744,3.2228027216535344,0,0
71,1.2,0.3108910891089109,0.20580726834291893,7.797765702411092e-06,5.108029818093745,0,0
72,1.2,0.3108910891089109,0.20580726834291893,7.797765702411092e-06,5.108029818093745,0,0
73,1.8,0.7524752475247525,0.339070967017885,0.0010028169387454146,2.99877833891253,0,0
74,1.4,0.592079207920792,0.33880487924667324,0.008548392336156632,2.068115553714598,0,16
75,1.4,0.6673267326732671,0.35741340040674846,0.02018551975842421,1.6949600634293227,0,0
76,1.0,0.5623762376237624,0.3205352840893504,0.08608088962152823,1.0650932533444584,0,0
77,1.0,0.5623762376237624,0.3205352840893504,0.08608088962152823,1.0650932533444584,0,0
78,0.4,0.12277227722772274,0.14063588835298776,0.02434795753131606,1.6135374644322202,0,0
79,0.0,0.07524752475247524,0.11553229422427584,1.0,-0.0,0,0
80,0.0,0.19603960396039596,0.14066376740735081,1.0,-0.0,0,0
81,0.0,0.19603960396039596,0.14066376740735081,1.0,-0.0,0,0
82,0.2,0.5128712871287129,0.2585808054321652,1.0,-0.0,0,0
83,0.2,0.7861386138613861,0.32731421394064686,1.0,-0.0,0,0
84,0.2,0.8118811881188119,0.3339790497706661,1.0,-0.0,0,0
85,0.2,0.6158415841584158,0.2879537480968688,1.0,-0.0,0,0
86,0.2,0.6554455445544554,0.2980049994679146,1.0,-0.0,0,0
87,0.0,0.3405940594059407,0.23300797497157238,1.0,-0.0,0,0
88,0.0,0.06534653465346535,0.10189845806153354,1.0,-0.0,0,0
89,0.0,0.039603960396039604,0.07970143286137865,1.0,-0.0,0,0
90,0.0,0.33267326732673275,0.2688843510430818,1.0,-0.0,0,0
91,0.0,0.2930693069306931,0.24945779846769942,1.0,-0.0,0,0
92,0.0,0.2930693069306931,0.24945779846769942,1.0,-0.0,0,0
93,0.0,0.2930693069306931,0.24945779846769942,1.0,-0.0,0,0
94,0.0,0.2930693069306931,0.24945779846769942,1.0,-0.0,0,0
95,0.0,0.0,0.0,1.0,-0.0,0,0
96,0.0,0.03960396039603961,0.07970143286137867,1.0,-0.0,0,0
97,0.0,0.03960396039603961,0.07970143286137867,1.0,-0.0,0,0
98,0.0,0.03960396039603961,0.07970143286137867,1.0,-0.0,0,0
99,0.0,0.03960396039603961,0.07970143286137867,1.0,-0.0,0,0
100,0.0,0.03960396039603961,0.07970143286137867,1.0,-0.0,0,0
101,0.0,0.39603960396039606,0.26096575856690013,1.0,-0.0,0,0
102,0.0,0.39603960396039606,0.26096575856690013,1.0,-0.0,0,0
103,0.0,0.39603960396039606,0.26096575856690013,1.0,-0.0,0,0
104,0.0,0.39603960396039606,0.26096575856690013,1.0,-0.0,0,0
105,0.0,0.39603960396039606,0.26096575856690013,1.0,-0.0,0,0
106,0.0,0.0,0.0,1.0,-0.0,0,0
107,0.0,0.0,0.0,1.0,-0.0,0,0
108,0.0,0.0,0.0,1.0,-0.0,0,0
109,0.0,0.2514851485148515,0.20806218671784077,1.0,-0.0,0,0
110,0.0,0.27326732673267323,0.2119644511148461,1.0,-0.0,0,0
111,0.0,0.27326732673267323,0.2119644511148461,1.0,-0.0,0,0
112,0.0,0.27326732673267323,0.2119644511148461,1.0,-0.0,0,0
113,0.0,0.3069306930693069,0.22614173499259316,1.0,-0.0,0,0
114,0.0,0.19603960396039605,0.18875348902641545,1.0,-0.0,0,0
115,0.0,0.17425742574257425,0.18166090995928266,1.0,-0.0,0,0
116,0.0,0.17425742574257425,0.18166090995928266,1.0,-0.0,0,0
117,0.0,0.17425742574257425,0.18166090995928266,1.0,-0.0,0,0
118,0.0,0.1782178217821782,0.2007924697791424,1.0,-0.0,0,0
119,0.0,0.03762376237623763,0.08307396817189318,1.0,-0.0,0,0
120,0.0,0.061386138613861385,0.10806149425459212,1.0,-0.0,0,0
121,0.0,0.08316831683168317,0.11694909354640316,1.0,-0.0,0,0
122,0.0,0.08316831683168317,0.11694909354640316,1.0,-0.0,0,0
123,0.0,0.04554455445544554,0.08387254884969257,1.0,-0.0,0,0
124,0.0,0.04554455445544554,0.08387254884969257,1.0,-0.0,0,0
125,0.0,0.021782178217821784,0.06230547612891991,1.0,-0.0,0,0
126,0.0,0.0,0.0,1.0,-0.0,0,0
127,0.0,0.0613861386138614,0.11166631429601336,1.0,-0.0,0,0
128,0.0,0.0613861386138614,0.11166631429601336,1.0,-0.0,0,0
129,0.0,0.0613861386138614,0.11166631429601336,1.0,-0.0,0,0
130,0.0,0.08316831683168316,0.12978985828256587,1.0,-0.0,0,0
131,0.0,0.08316831683168316,0.12978985828256587,1.0,-0.0,0,0
132,0.0,0.021782178217821788,0.062305476128919894,1.0,-0.0,0,0
133,0.0,0.021782178217821788,0.062305476128919894,1.0,-0.0,0,0
134,0.0,0.20198019801980197,0.197999999009802,1.0,-0.0,0,0
135,0.0,0.23960396039603957,0.20492897002764762,1.0,-0.0,0,0
136,0.0,0.3069306930693069,0.2330416296225707,1.0,-0.0,0,0
137,0.0,0.3069306930693069,0.2330416296225707,1.0,-0.0,0,0
138,0.0,0.3069306930693069,0.2330416296225707,1.0,-0.0,0,0
139,0.0,0.12673267326732673,0.1658408452769117,1.0,-0.0,0,0
140,0.0,0.19603960396039602,0.19084013945594866,1.0,-0.0,0,0
141,0.0,0.1267326732673267,0.15599637537608815,1.0,-0.0,0,0
142,0.0,0.1267326732673267,0.15599637537608815,1.0,-0.0,0,0
143,0.0,0.14257425742574256,0.15501295675866078,1.0,-0.0,0,0
144,0.0,0.16831683168316827,0.1728793392928091,1.0,-0.0,0,0
145,0.0,0.039603960396039604,0.07970143286137867,1.0,-0.0,0,0
146,0.0,0.039603960396039604,0.07970143286137867,1.0,-0.0,0,0
147,0.0,0.039603960396039604,0.07970143286137867,1.0,-0.0,0,0
148,0.0,0.025742574257425745,0.0669763743575753,1.0,-0.0,0,0
149,0.0,0.0,0.0,1.0,-0.0,0,0
150,0.0,0.0,0.0,1.0,-0.0,0,0
151,0.0,0.0,0.0,1.0,-0.0,0,0
152,0.0,0.0,0.0,1.0,-0.0,0,0
153,0.0,0.0,0.0,1.0,-0.0,0,0
154,0.0,0.0,0.0,1.0,-0.0,0,0
155,0.0,0.42970297029702975,0.2861643073188138,1.0,-0.0,0,0
156,0.0,0.42970297029702975,0.2861643073188138,1.0,-0.0,0,0
157,0.0,0.42970297029702975,0.2861643073188138,1.0,-0.0,0,0
158,0.4,0.6336633663366337,0.31725219618579065,1.0,-0.0,0,0
159,1.4,0.9643564356435645,0.4120905789154367,0.1452204552485668,0.8379722061160041,0,0
160,1.4,0.5346534653465348,0.3032613628063418,0.0021622454901170486,2.6650950000447295,0,0
161,1.4,0.5346534653465348,0.3032613628063418,0.0021622454901170486,2.6650950000447295,0,0
162,1.4,0.5346534653465348,0.3032613628063418,0.0021622454901170486,2.6650950000447295,0,0
163,1.0,0.33069306930693076,0.24444018655583344,0.0030895621153481405,2.5101030689129864,0,0
164,0.0,0.0,0.0,1.0,-0.0,0,0
165,0.0,0.0,0.0,1.0,-0.0,0,0
166,0.0,0.0,0.0,1.0,-0.0,0,0
167,0.0,0.0,0.0,1.0,-0.0,0,0
168,0.0,0.06534653465346535,0.10189845806153354,1.0,-0.0,0,0
169,0.0,0.06534653465346535,0.10189845806153354,1.0,-0.0,0,0
170,0.0,0.06534653465346535,0.10189845806153354,1.0,-0.0,0,0
171,0.0,0.06534653465346535,0.10189845806153354,1.0,-0.0,0,0
172,0.0,0.06534653465346535,0.10189845806153354,1.0,-0.0,0,0
173,0.0,0.0,0.0,1.0,-0.0,0,0
174,0.0,0.007920792079207921,0.03900537743285587,1.0,-0.0,0,0
175,0.0,0.007920792079207921,0.03900537743285587,1.0,-0.0,0,0
176,0.0,0.007920792079207921,0.03900537743285587,1.0,-0.0,0,0
177,0.0,0.007920792079207921,0.03900537743285587,1.0,-0.0,0,0
178,0.0,0.06732673267326733,0.09861306612268303,1.0,-0.0,0,0
179,0.0,0.05940594059405942,0.0956253185556407,1.0,-0.0,0,0
180,0.0,0.05940594059405942,0.0956253185556407,1.0,-0.0,0,0
181,0.0,0.42970297029702975,0.2645918038497123,1.0,-0.0,0,0
182,0.0,0.42970297029702975,0.2645918038497123,1.0,-0.0,0,0
183,0.0,0.7900990099009899,0.3530643647305461,1.0,-0.0,0,0
184,0.0,0.8534653465346533,0.3569852747984148,1.0,-0.0,0,0
185,0.0,0.8534653465346533,0.3569852747984148,1.0,-0.0,0,0
186,0.0,0.48316831683168304,0.26590749040149736,1.0,-0.0,0,0
187,0.0,0.5227722772277227,0.2639686405462663,1.0,-0.0,0,0
188,0.0,0.10297029702970295,0.127780323207142,1.0,-0.0,0,0
189,0.0,0.08118811881188118,0.11664694237642095,1.0,-0.0,0,0
