,foreground,bg_means,bg_stdev,pvals,minus_logs,regs,active
2,0.2,0.015841584158415842,0.06090517425437506,0.0012485575013819607,2.9035914517444854,0,0
3,0.2,0.009900990099009901,0.05171312814732909,0.00011844584382923118,3.9264801737229673,0,0
4,0.0,0.0,0.0,1.0,-0.0,0,0
5,0.0,0.0059405940594059415,0.03395332316729158,1.0,-0.0,0,0
6,0.0,0.039603960396039604,0.09757374253271224,1.0,-0.0,0,0
7,0.0,0.039603960396039604,0.09757374253271224,1.0,-0.0,0,0
8,0.0,0.039603960396039604,0.09757374253271224,1.0,-0.0,0,0
9,0.0,0.039603960396039604,0.09757374253271224,1.0,-0.0,0,0
10,0.0,0.033663366336633666,0.08475617647141662,1.0,-0.0,0,0
11,0.0,0.0,0.0,1.0,-0.0,0,0
12,0.0,0.0,0.0,1.0,-0.0,0,0
13,0.0,0.0,0.0,1.0,-0.0,0,0
14,0.0,0.0,0.0,1.0,-0.0,0,0
15,0.0,0.013861386138613863,0.05079507064705211,1.0,-0.0,0,0
16,0.0,0.013861386138613863,0.05079507064705211,1.0,-0.0,0,0
17,0.0,0.13267326732673265,0.18299429785580867,1.0,-0.0,0,0
18,0.2,0.19405940594059404,0.2076849204297329,0.48859025970595554,0.31105519515652497,0,0
19,0.4,0.2534653465346534,0.22845341247270629,0.26062482780621526,0.5839842146187053,0,0
20,1.0,0.2633663366336633,0.22852205833136868,0.0006332410697928185,3.1984309260807193,0,0
21,1.0,0.2851485148514851,0.23605090012175206,0.001229349373318969,2.9103246758262977,0,0
22,1.0,0.16633663366336632,0.17591471140208167,1.073770623436411e-06,5.969088481778986,0,0
23,0.8,0.10495049504950495,0.14513649268759363,8.383359517091954e-07,6.076581908893029,0,0
24,0.6,0.04554455445544555,0.08387254884969257,1.912661034048853e-11,10.718361989766692,0,0
25,0.0,0.04752475247524753,0.10205226714237721,1.0,-0.0,0,0
26,0.0,0.025742574257425745,0.07264925278354116,1.0,-0.0,0,0
27,0.0,0.025742574257425745,0.07264925278354116,1.0,-0.0,0,0
28,0.0,0.03762376237623763,0.08771182015980238,1.0,-0.0,0,0
29,0.0,0.03762376237623763,0.08771182015980238,1.0,-0.0,0,0
30,0.0,0.011881188118811883,0.04727657974777554,1.0,-0.0,0,0
31,0.0,0.011881188118811883,0.04727657974777554,1.0,-0.0,0,0
32,0.0,0.011881188118811883,0.04727657974777554,1.0,-0.0,0,0
33,0.0,0.0,0.0,1.0,-0.0,0,0
34,0.0,0.015841584158415842,0.06090517425437505,1.0,-0.0,0,0
35,0.0,0.033663366336633666,0.07994704648786674,1.0,-0.0,0,0
36,0.2,0.12475247524752475,0.13744913773527348,0.29203232189931416,0.5345690785321504,0,0
37,0.2,0.16435643564356434,0.17210643633774864,0.4179651518716867,0.37885992631284027,0,0
38,0.2,0.2178217821782178,0.20314168084328174,1.0,-0.0,0,0
39,0.2,0.2099009900990099,0.19166025556535227,1.0,-0.0,0,0
40,0.2,0.1920792079207921,0.19071681786668526,0.4834360141647527,0.31566099941777814,0,0
41,0.0,0.100990099009901,0.14791959918402456,1.0,-0.0,0,0
42,0.0,0.0613861386138614,0.11515834731523734,1.0,-0.0,0,0
43,0.0,0.007920792079207921,0.03900537743285587,1.0,-0.0,0,0
44,0.0,0.0,0.0,1.0,-0.0,0,0
45,0.0,0.0,0.0,1.0,-0.0,0,0
46,0.0,0.0,0.0,1.0,-0.0,0,0
47,0.0,0.0,0.0,1.0,-0.0,0,0
48,0.0,0.0,0.0,1.0,-0.0,0,0
49,0.0,0.0,0.0,1.0,-0.0,0,0
50,0.0,0.0,0.0,1.0,-0.0,0,0
51,0.0,0.0,0.0,1.0,-0.0,0,0
52,0.0,0.0,0.0,1.0,-0.0,0,0
53,0.0,0.0,0.0,1.0,-0.0,0,0
54,0.0,0.0,0.0,1.0,-0.0,0,0
55,0.0,0.0,0.0,1.0,-0.0,0,0
56,0.2,0.09108910891089109,0.1243589581632284,0.19057525368436823,0.7199334934461744,0,0
57,0.2,0.13267326732673265,0.1414975848312859,0.31710294183422544,0.49879972890812296,0,0
58,0.2,0.14455445544554454,0.14656141045515514,0.3526004188666671,0.45271717612241963,0,0
59,0.2,0.18415841584158413,0.1704581324091671,0.462977465760143,0.3344401466368767,0,0
60,0.2,0.20198019801980194,0.1834651060895124,1.0,-0.0,0,0
61,0.0,0.1089108910891089,0.1335716590419014,1.0,-0.0,0,0
62,0.0,0.06930693069306931,0.11057238501634628,1.0,-0.0,0,0
63,0.0,0.07722772277227724,0.10889288780093088,1.0,-0.0,0,0
64,0.0,0.039603960396039604,0.07970143286137867,1.0,-0.0,0,0
65,0.0,0.08316831683168317,0.12670172889541695,1.0,-0.0,0,0
66,0.0,0.08316831683168317,0.12670172889541695,1.0,-0.0,0,0
67,0.0,0.19405940594059404,0.2076849204297329,1.0,-0.0,0,0
68,0.0,0.17425742574257425,0.1880875429979268,1.0,-0.0,0,0
69,0.0,0.1861386138613861,0.1914145896807061,1.0,-0.0,0,0
70,0.0,0.12376237623762375,0.15100227186769402,1.0,-0.0,0,0
71,0.0,0.12376237623762375,0.15100227186769402,1.0,-0.0,0,0
72,0.0,0.013861386138613863,0.05079507064705211,1.0,-0.0,0,0
73,0.0,0.017821782178217824,0.05698017651460656,1.0,-0.0,0,0
74,0.0,0.0059405940594059415,0.033953323167291584,1.0,-0.0,0,0
75,0.0,0.007920792079207921,0.03900537743285587,1.0,-0.0,0,0
76,0.2,0.05940594059405942,0.09562531855564071,0.07074570539322604,1.1502999187808278,0,0
77,0.8,0.11683168316831682,0.14146987009498416,6.858509150211274e-07,6.1637702776171945,0,0
78,0.8,0.11287128712871287,0.1390657415135005,3.8854453988570007e-07,6.41055918968714,0,0
79,0.8,0.11089108910891086,0.13636075485692528,2.168112186902419e-07,6.663918249397442,0,0
80,0.8,0.1089108910891089,0.13650445892763632,2.0661659902005984e-07,6.684834791368001,0,0
81,0.6,0.05742574257425744,0.10277971700879983,6.494494969655327e-08,7.1874546152483205,0,0
82,0.0,0.0,0.0,1.0,-0.0,0,0
83,0.0,0.0,0.0,1.0,-0.0,0,0
84,0.0,0.0,0.0,1.0,-0.0,0,0
85,0.0,0.0,0.0,1.0,-0.0,0,0
86,0.0,0.0,0.0,1.0,-0.0,0,0
87,0.2,0.011881188118811883,0.047276579747775535,3.4586556520905853e-05,4.461092674713385,0,0
88,0.2,0.011881188118811883,0.047276579747775535,3.4586556520905853e-05,4.461092674713385,0,0
89,0.2,0.04356435643564357,0.09587103712404124,0.05136819286808971,1.289305712477369,0,0
90,0.2,0.09900990099009901,0.1308729634998678,0.2201564018743143,0.6572686812775224,0,0
91,0.2,0.1089108910891089,0.13937555924568532,0.2567003926389665,0.5905734670480498,0,0
92,0.0,0.09702970297029703,0.13383560593042218,1.0,-0.0,0,0
93,0.0,0.09900990099009901,0.13965661530697393,1.0,-0.0,0,0
94,0.0,0.06732673267326734,0.12673267326732673,1.0,-0.0,0,0
95,0.0,0.017821782178217824,0.0635517090529949,1.0,-0.0,0,0
96,0.0,0.007920792079207921,0.03900537743285587,1.0,-0.0,0,0
97,0.0,0.011881188118811881,0.047276579747775535,1.0,-0.0,0,0
98,0.0,0.009900990099009901,0.04338396495090425,1.0,-0.0,0,0
99,0.0,0.009900990099009901,0.04338396495090425,1.0,-0.0,0,0
100,0.0,0.0039603960396039604,0.027863855998951064,1.0,-0.0,0,0
101,0.0,0.013861386138613863,0.05079507064705211,1.0,-0.0,0,0
102,0.0,0.009900990099009901,0.04338396495090425,1.0,-0.0,0,0
103,0.0,0.009900990099009901,0.04338396495090425,1.0,-0.0,0,0
104,0.0,0.009900990099009901,0.04338396495090425,1.0,-0.0,0,0
105,0.0,0.009900990099009901,0.04338396495090425,1.0,-0.0,0,0
106,0.0,0.0,0.0,1.0,-0.0,0,0
107,0.0,0.0,0.0,1.0,-0.0,0,0
108,0.0,0.0,0.0,1.0,-0.0,0,0
109,0.0,0.0,0.0,1.0,-0.0,0,0
110,0.0,0.007920792079207921,0.03900537743285587,1.0,-0.0,0,0
111,0.0,0.007920792079207921,0.03900537743285587,1.0,-0.0,0,0
112,0.0,0.007920792079207921,0.03900537743285587,1.0,-0.0,0,0
113,0.0,0.02772277227722773,0.07975061610139514,1.0,-0.0,0,0
114,0.0,0.05940594059405942,0.12119717820276717,1.0,-0.0,0,0
115,0.0,0.06930693069306931,0.1303024465454424,1.0,-0.0,0,0
116,0.0,0.07326732673267328,0.13707776871189528,1.0,-0.0,0,0
117,0.0,0.08118811881188118,0.1439972987144384,1.0,-0.0,0,0
118,0.0,0.07722772277227723,0.13191745702927898,1.0,-0.0,0,0
119,0.2,0.08316831683168317,0.12353642740976017,0.17214403052095056,0.7641080328301242,0,0
120,0.2,0.06732673267326733,0.1135467024699521,0.12131331785204298,0.9160915193958917,0,0
121,0.2,0.07524752475247526,0.1189108498693262,0.1470600443380226,0.8325053074261874,0,0
122,0.2,0.10099009900990097,0.1396566153069739,0.2391769893682686,0.621280605081162,0,0
123,0.2,0.10297029702970295,0.14243667729389659,0.24786839117861242,0.6057788520621764,0,0
124,0.0,0.08316831683168317,0.12978985828256587,1.0,-0.0,0,0
125,0.0,0.1089108910891089,0.1529246303073887,1.0,-0.0,0,0
126,0.0,0.16435643564356434,0.18325125229717662,1.0,-0.0,0,0
127,0.0,0.12871287128712872,0.15564406822280066,1.0,-0.0,0,0
128,0.0,0.11287128712871286,0.14464936528910635,1.0,-0.0,0,0
129,0.0,0.1069306930693069,0.15041686348382532,1.0,-0.0,0,0
130,0.0,0.13267326732673265,0.14698885988036148,1.0,-0.0,0,0
131,0.0,0.06534653465346535,0.10571364605971598,1.0,-0.0,0,0
132,0.0,0.08910891089108909,0.11765109526742928,1.0,-0.0,0,0
133,0.0,0.17821782178217818,0.1589594632902137,1.0,-0.0,0,0
134,0.0,0.22376237623762374,0.1975836781507552,1.0,-0.0,0,0
135,0.0,0.17227722772277226,0.17806373977319878,1.0,-0.0,0,0
136,0.0,0.17227722772277226,0.17806373977319878,1.0,-0.0,0,0
137,0.0,0.15445544554455443,0.16381875548472422,1.0,-0.0,0,0
138,0.0,0.06336633663366337,0.11580349716604711,1.0,-0.0,0,0
139,0.0,0.0059405940594059415,0.033953323167291584,1.0,-0.0,0,0
140,0.0,0.0059405940594059415,0.033953323167291584,1.0,-0.0,0,0
141,0.0,0.0059405940594059415,0.033953323167291584,1.0,-0.0,0,0
142,0.0,0.0,0.0,1.0,-0.0,0,0
143,0.0,0.009900990099009901,0.04338396495090424,1.0,-0.0,0,0
144,0.0,0.009900990099009901,0.04338396495090424,1.0,-0.0,0,0
145,0.0,0.009900990099009901,0.04338396495090424,1.0,-0.0,0,0
146,0.0,0.009900990099009901,0.04338396495090424,1.0,-0.0,0,0
147,0.0,0.017821782178217824,0.05698017651460656,1.0,-0.0,0,0
148,0.0,0.007920792079207921,0.03900537743285587,1.0,-0.0,0,0
149,0.0,0.007920792079207921,0.03900537743285587,1.0,-0.0,0,0
150,0.2,0.017821782178217824,0.05698017651460656,0.0006937928196726553,3.15877019915046,0,0
151,0.2,0.031683168316831684,0.0730260947112308,0.01058647624307391,1.9752485727397298,0,0
152,0.2,0.023762376237623766,0.06471340450838887,0.003231121245907738,2.4906467450338194,0,0
153,0.2,0.023762376237623766,0.06471340450838887,0.003231121245907738,2.4906467450338194,0,0
154,0.2,0.023762376237623766,0.06471340450838887,0.003231121245907738,2.4906467450338194,0,0
155,0.0,0.013861386138613863,0.05079507064705211,1.0,-0.0,0,0
156,0.0,0.0,0.0,1.0,-0.0,0,0
157,0.0,0.0,0.0,1.0,-0.0,0,0
158,0.0,0.011881188118811881,0.04727657974777554,1.0,-0.0,0,0
159,0.0,0.011881188118811881,0.04727657974777554,1.0,-0.0,0,0
160,0.0,0.023762376237623766,0.07056843438101175,1.0,-0.0,0,0
161,0.0,0.03762376237623763,0.09631989312487374,1.0,-0.0,0,0
162,0.0,0.03762376237623763,0.09631989312487374,1.0,-0.0,0,0
163,0.0,0.025742574257425748,0.07264925278354116,1.0,-0.0,0,0
164,0.0,0.025742574257425748,0.07264925278354116,1.0,-0.0,0,0
165,0.0,0.09504950495049505,0.14784005112815915,1.0,-0.0,0,0
166,0.0,0.23168316831683167,0.20437332035549569,1.0,-0.0,0,0
167,0.0,0.23960396039603962,0.2106469092589656,1.0,-0.0,0,0
168,0.0,0.25346534653465347,0.219614584285335,1.0,-0.0,0,0
169,0.0,0.2732673267326733,0.24164907421935525,1.0,-0.0,0,0
170,0.0,0.19207920792079206,0.20279393448700367,1.0,-0.0,0,0
171,0.2,0.13465346534653466,0.14380655568606185,0.32476838510357997,0.4884262541948036,0,0
172,0.2,0.17227722772277226,0.1665722047113908,0.43390890477593236,0.3626014370905,0,0
173,0.2,0.20990099009900987,0.17660435755646176,1.0,-0.0,0,0
174,0.2,0.19603960396039602,0.1664544608607328,0.49050899348664084,0.3093530254179484,0,0
175,0.2,0.2336633663366336,0.18894036343566833,1.0,-0.0,0,0
176,0.0,0.17227722772277224,0.18245781385805057,1.0,-0.0,0,0
177,0.0,0.1603960396039604,0.18243632168365972,1.0,-0.0,0,0
178,0.0,0.10693069306930691,0.1450554183905936,1.0,-0.0,0,0
179,0.0,0.10099009900990098,0.14246420394934614,1.0,-0.0,0,0
180,0.0,0.06930693069306931,0.11057238501634628,1.0,-0.0,0,0
181,0.0,0.13564356435643563,0.16385465572011298,1.0,-0.0,0,0
182,0.0,0.11881188118811879,0.13838736799727644,1.0,-0.0,0,0
183,0.0,0.11881188118811879,0.13838736799727644,1.0,-0.0,0,0
184,0.0,0.11881188118811879,0.13838736799727644,1.0,-0.0,0,0
185,0.0,0.11683168316831682,0.13864214704328154,1.0,-0.0,0,0
186,0.0,0.021782178217821784,0.06836703565002801,1.0,-0.0,0,0
187,0.0,0.06534653465346535,0.10939585993610405,1.0,-0.0,0,0
188,0.0,0.09702970297029702,0.1338356059304222,1.0,-0.0,0,0
189,0.0,0.11287128712871286,0.13618810981425267,1.0,-0.0,0,0
190,0.0,0.20198019801980197,0.18129359046727286,1.0,-0.0,0,0
191,0.0,0.20198019801980197,0.18129359046727286,1.0,-0.0,0,0
192,0.0,0.14059405940594058,0.1450013436754282,1.0,-0.0,0,0
193,0.0,0.10693069306930691,0.13661931335176508,1.0,-0.0,0,0
194,0.2,0.2079207920792079,0.1755800391893932,1.0,-0.0,0,0
195,0.2,0.1168316831683168,0.12353642740976015,0.25040077795897375,0.601364326169417,0,0
196,0.2,0.12079207920792076,0.12611234319279727,0.2649776362710008,0.5767907783422326,0,0
197,0.2,0.2396039603960396,0.21437415608276214,1.0,-0.0,0,0
198,0.2,0.2891089108910891,0.23793708715824124,1.0,-0.0,0,0
199,0.0,0.4831683168316832,0.2832167790698,1.0,-0.0,0,0
200,0.0,0.4831683168316832,0.2832167790698,1.0,-0.0,0,0
201,0.0,0.4792079207920792,0.2758665309666218,1.0,-0.0,0,0
202,0.0,0.5089108910891089,0.2891089108910891,1.0,-0.0,0,0
203,0.0,0.47920792079207924,0.29258724066952674,1.0,-0.0,0,0
204,0.2,0.30099009900990104,0.21913197321283034,1.0,-0.0,0,0
205,0.2,0.30099009900990104,0.21913197321283034,1.0,-0.0,0,0
206,0.2,0.36831683168316837,0.26510998766225047,1.0,-0.0,0,0
207,0.2,0.23564356435643566,0.22584677115854657,1.0,-0.0,0,0
208,0.4,0.27920792079207923,0.22877929685601872,0.29875480956463485,0.5246850944101056,0,0
209,0.2,0.1485148514851485,0.16326729671147555,0.3762507376661025,0.42452263993230954,0,0
210,0.2,0.1603960396039604,0.17580322478754876,0.4108829192017172,0.38628191240234694,0,0
211,0.2,0.09306930693069307,0.13368903310588712,0.2118998952955819,0.6738692578836474,0,0
212,0.2,0.08316831683168317,0.12028786177019754,0.16570755996746267,0.7806576775960137,0,0
213,0.0,0.019801980198019802,0.06603299802191316,1.0,-0.0,0,0
214,0.0,0.019801980198019802,0.06603299802191316,1.0,-0.0,0,0
215,0.0,0.007920792079207921,0.03900537743285587,1.0,-0.0,0,0
216,0.0,0.007920792079207921,0.03900537743285587,1.0,-0.0,0,0
217,0.0,0.0,0.0,1.0,-0.0,0,0
218,0.0,0.0,0.0,1.0,-0.0,0,0
219,0.0,0.0,0.0,1.0,-0.0,0,0
220,0.0,0.0,0.0,1.0,-0.0,0,0
221,0.0,0.0,0.0,1.0,-0.0,0,0
222,0.0,0.0,0.0,1.0,-0.0,0,0
223,0.0,0.0,0.0,1.0,-0.0,0,0
224,0.0,0.0,0.0,1.0,-0.0,0,0
225,0.0,0.0,0.0,1.0,-0.0,0,0
226,0.0,0.0,0.0,1.0,-0.0,0,0
227,0.0,0.0059405940594059415,0.03395332316729158,1.0,-0.0,0,0
228,0.0,0.0059405940594059415,0.03395332316729158,1.0,-0.0,0,0
229,0.0,0.0059405940594059415,0.03395332316729158,1.0,-0.0,0,0
230,0.0,0.011881188118811883,0.04727657974777554,1.0,-0.0,0,0
231,0.0,0.011881188118811883,0.04727657974777554,1.0,-0.0,0,0
232,0.0,0.0059405940594059415,0.033953323167291584,1.0,-0.0,0,0
233,0.0,0.015841584158415842,0.05401260078014202,1.0,-0.0,0,0
234,0.0,0.015841584158415842,0.05401260078014202,1.0,-0.0,0,0
235,0.0,0.009900990099009901,0.04338396495090424,1.0,-0.0,0,0
236,0.0,0.051485148514851496,0.11134982906542217,1.0,-0.0,0,0
237,0.0,0.06732673267326733,0.12356816445008076,1.0,-0.0,0,0
238,0.0,0.057425742574257435,0.11021718851545143,1.0,-0.0,1,0
239,0.0,0.06336633663366337,0.11917436454123626,1.0,-0.0,0,0
240,0.0,0.09108910891089109,0.16050601290423325,1.0,-0.0,0,0
241,0.0,0.10297029702970298,0.14789308791950767,1.0,-0.0,0,0
242,0.2,0.12079207920792079,0.14913402284168503,0.2976681413832576,0.5262676442308092,0,0
243,0.2,0.1762376237623762,0.1786353744371313,0.44708812040213564,0.34960686963620075,0,0
244,0.2,0.18415841584158413,0.1772913210740546,0.4644005242402012,0.3331072986783,0,0
245,0.2,0.1564356435643564,0.16070133517048302,0.3931613095241796,0.4054292270731349,0,0
246,0.2,0.10099009900990098,0.12145573247679727,0.20748083236247084,0.6830220183914711,0,0
247,0.0,0.07524752475247526,0.11553229422427584,1.0,-0.0,0,0
248,0.0,0.04554455445544554,0.08846854615322249,1.0,-0.0,0,0
249,0.0,0.031683168316831684,0.0730260947112308,1.0,-0.0,0,0
250,0.2,0.06336633663366337,0.10120342446875752,0.08849366552547523,1.0530878154692966,0,0
251,0.4,0.09900990099009901,0.12145573247679728,0.0066025833322837955,2.1802861087847822,0,0
252,0.4,0.12277227722772276,0.13191745702927898,0.017797489822094413,1.7496412467522195,0,0
253,0.4,0.11287128712871286,0.13618810981425267,0.017501470035157667,1.7569254712369022,0,0
254,0.4,0.11287128712871286,0.13618810981425267,0.017501470035157667,1.7569254712369022,0,0
255,0.2,0.08118811881188118,0.12325042629382525,0.1675260743172871,0.775917588323708,0,0
256,0.0,0.08514851485148514,0.13304219431477882,1.0,-0.0,0,0
257,0.0,0.06732673267326733,0.12032045569079852,1.0,-0.0,0,0
258,0.0,0.08514851485148514,0.12379009590564581,1.0,-0.0,0,0
259,0.0,0.12277227722772277,0.14615954128511635,1.0,-0.0,0,0
260,0.0,0.14455445544554454,0.15186969892129912,1.0,-0.0,0,0
261,0.0,0.12079207920792079,0.1594028657227573,1.0,-0.0,0,0
262,0.0,0.20198019801980197,0.21340251467882923,1.0,-0.0,0,0
263,0.0,0.201980198019802,0.2260203259149351,1.0,-0.0,0,0
264,0.0,0.16435643564356434,0.20947088382745174,1.0,-0.0,0,0
265,0.0,0.16435643564356434,0.19979403177234753,1.0,-0.0,0,0
266,0.0,0.17029702970297025,0.19576939073208813,1.0,-0.0,0,0
267,0.0,0.08316831683168317,0.14146987009498416,1.0,-0.0,0,0
268,0.0,0.04950495049504951,0.09504950495049506,1.0,-0.0,0,0
269,0.0,0.04950495049504951,0.09504950495049506,1.0,-0.0,0,0
270,0.0,0.0297029702970297,0.07648795214189293,1.0,-0.0,0,0
271,0.0,0.0059405940594059415,0.033953323167291584,1.0,-0.0,0,0
272,0.0,0.0,0.0,1.0,-0.0,0,0
273,0.0,0.0,0.0,1.0,-0.0,0,0
274,0.0,0.0,0.0,1.0,-0.0,0,0
275,0.0,0.0,0.0,1.0,-0.0,0,0
276,0.0,0.0,0.0,1.0,-0.0,0,0
277,0.0,0.0,0.0,1.0,-0.0,0,0
278,0.0,0.0,0.0,1.0,-0.0,0,0
279,0.0,0.0,0.0,1.0,-0.0,0,0
280,0.0,0.0,0.0,1.0,-0.0,0,0
281,0.0,0.0,0.0,1.0,-0.0,0,0
282,0.0,0.0,0.0,1.0,-0.0,0,0
283,0.0,0.0,0.0,1.0,-0.0,0,0
284,0.0,0.0,0.0,1.0,-0.0,0,0
285,0.0,0.0,0.0,1.0,-0.0,0,0
286,0.0,0.0,0.0,1.0,-0.0,0,0
287,0.0,0.0,0.0,1.0,-0.0,0,0
288,0.0,0.0,0.0,1.0,-0.0,0,0
289,0.0,0.0,0.0,1.0,-0.0,0,0
290,0.0,0.0,0.0,1.0,-0.0,0,0
291,0.0,0.0,0.0,1.0,-0.0,0,0
292,0.0,0.0,0.0,1.0,-0.0,0,0
293,0.0,0.0,0.0,1.0,-0.0,0,0
294,0.0,0.0,0.0,1.0,-0.0,0,0
295,0.0,0.0,0.0,1.0,-0.0,0,0
296,0.0,0.0,0.0,1.0,-0.0,0,0
297,0.0,0.0,0.0,1.0,-0.0,0,0
298,0.0,0.0,0.0,1.0,-0.0,0,0
299,0.0,0.0,0.0,1.0,-0.0,0,0
300,0.0,0.0,0.0,1.0,-0.0,0,0
301,0.0,0.0,0.0,1.0,-0.0,0,0
302,0.0,0.0,0.0,1.0,-0.0,0,0
303,0.0,0.0,0.0,1.0,-0.0,0,0
304,0.0,0.0,0.0,1.0,-0.0,0,0
305,0.0,0.0,0.0,1.0,-0.0,0,0
306,0.0,0.027722772277227727,0.07975061610139512,1.0,-0.0,0,0
307,0.0,0.027722772277227727,0.07975061610139512,1.0,-0.0,0,0
308,0.0,0.027722772277227727,0.07975061610139512,1.0,-0.0,0,0
309,0.0,0.027722772277227727,0.07975061610139512,1.0,-0.0,0,0
310,0.0,0.027722772277227727,0.07975061610139512,1.0,-0.0,0,0
311,0.0,0.0,0.0,1.0,-0.0,0,0
312,0.0,0.017821782178217824,0.056980176514606566,1.0,-0.0,0,0
313,0.2,0.039603960396039604,0.08452453849668534,0.028872622852877186,1.5395137620565469,0,0
314,0.4,0.05544554455445545,0.1019369320889802,0.0003623305243434886,3.4408950775152025,0,0
315,0.4,0.05544554455445545,0.1019369320889802,0.0003623305243434886,3.4408950775152025,0,0
316,0.4,0.05544554455445545,0.1019369320889802,0.0003623305243434886,3.4408950775152025,0,0
317,0.4,0.03762376237623763,0.08771182015980238,1.802478650994888e-05,4.74412987046985,0,0
318,0.2,0.015841584158415842,0.05401260078014202,0.00032535620257014524,3.4876409094885674,0,0
319,0.0,0.0,0.0,1.0,-0.0,1,0
320,0.0,0.011881188118811881,0.047276579747775535,1.0,-0.0,0,0
321,0.0,0.011881188118811881,0.047276579747775535,1.0,-0.0,0,0
322,0.0,0.011881188118811881,0.047276579747775535,1.0,-0.0,0,0
323,0.0,0.011881188118811881,0.047276579747775535,1.0,-0.0,0,0
324,0.0,0.011881188118811881,0.047276579747775535,1.0,-0.0,0,0
325,0.0,0.0,0.0,1.0,-0.0,0,0
326,0.0,0.0,0.0,1.0,-0.0,0,0
327,0.0,0.0,0.0,1.0,-0.0,0,0
328,0.0,0.0,0.0,1.0,-0.0,0,0
329,0.0,0.0,0.0,1.0,-0.0,0,0
330,0.0,0.0,0.0,1.0,-0.0,0,0
331,0.0,0.0,0.0,1.0,-0.0,0,0
332,0.0,0.0,0.0,1.0,-0.0,0,0
333,0.0,0.0,0.0,1.0,-0.0,0,0
334,0.0,0.0,0.0,1.0,-0.0,0,0
335,0.0,0.0,0.0,1.0,-0.0,0,0
336,0.0,0.0,0.0,1.0,-0.0,0,0
337,0.0,0.0,0.0,1.0,-0.0,0,0
338,0.0,0.0,0.0,1.0,-0.0,0,0
339,0.0,0.0,0.0,1.0,-0.0,0,0
340,0.0,0.0,0.0,1.0,-0.0,0,0
341,0.0,0.017821782178217824,0.05698017651460656,1.0,-0.0,0,0
342,0.0,0.017821782178217824,0.05698017651460656,1.0,-0.0,0,0
343,0.0,0.017821782178217824,0.05698017651460656,1.0,-0.0,0,0
344,0.0,0.017821782178217824,0.05698017651460656,1.0,-0.0,0,0
345,0.0,0.017821782178217824,0.05698017651460656,1.0,-0.0,0,0
346,0.0,0.0,0.0,1.0,-0.0,0,0
347,0.0,0.0,0.0,1.0,-0.0,0,0
348,0.0,0.0,0.0,1.0,-0.0,0,0
349,0.0,0.0,0.0,1.0,-0.0,0,0
350,0.0,0.0,0.0,1.0,-0.0,0,0
351,0.0,0.0,0.0,1.0,-0.0,0,0
352,0.0,0.0,0.0,1.0,-0.0,0,0
353,0.0,0.0,0.0,1.0,-0.0,0,0
354,0.0,0.0,0.0,1.0,-0.0,0,0
355,0.0,0.0,0.0,1.0,-0.0,0,0
356,0.0,0.0059405940594059415,0.03395332316729158,1.0,-0.0,0,0
357,0.0,0.0059405940594059415,0.03395332316729158,1.0,-0.0,0,0
358,0.0,0.0059405940594059415,0.03395332316729158,1.0,-0.0,0,0
359,0.0,0.0059405940594059415,0.03395332316729158,1.0,-0.0,0,0
360,0.0,0.0059405940594059415,0.03395332316729158,1.0,-0.0,0,0
361,0.0,0.0,0.0,1.0,-0.0,0,0
362,0.0,0.0,0.0,1.0,-0.0,0,0
363,0.0,0.0,0.0,1.0,-0.0,0,0
364,0.0,0.0,0.0,1.0,-0.0,0,0
365,0.0,0.0,0.0,1.0,-0.0,0,0
366,0.0,0.0,0.0,1.0,-0.0,0,0
367,0.0,0.0,0.0,1.0,-0.0,0,0
368,0.2,0.007920792079207921,0.03900537743285587,4.2303541670263104e-07,6.3736232717865695,0,0
369,0.2,0.007920792079207921,0.03900537743285587,4.2303541670263104e-07,6.3736232717865695,0,0
370,0.2,0.007920792079207921,0.03900537743285587,4.2303541670263104e-07,6.3736232717865695,0,0
371,0.2,0.007920792079207921,0.03900537743285587,4.2303541670263104e-07,6.3736232717865695,0,0
372,0.2,0.007920792079207921,0.03900537743285587,4.2303541670263104e-07,6.3736232717865695,0,0
373,0.0,0.0,0.0,1.0,-0.0,0,0
374,0.0,0.0,0.0,1.0,-0.0,0,0
375,0.0,0.009900990099009901,0.04338396495090424,1.0,-0.0,0,0
376,0.0,0.013861386138613863,0.05079507064705211,1.0,-0.0,0,0
377,0.0,0.013861386138613863,0.05079507064705211,1.0,-0.0,0,0
378,0.0,0.027722772277227727,0.07461957893630407,1.0,-0.0,0,0
379,0.0,0.027722772277227727,0.07461957893630407,1.0,-0.0,0,0
380,0.0,0.02970297029702971,0.07112192077650681,1.0,-0.0,0,0
381,0.0,0.025742574257425748,0.06697637435757531,1.0,-0.0,0,0
382,0.0,0.05346534653465347,0.09704990696905226,1.0,-0.0,0,0
383,0.0,0.039603960396039604,0.07970143286137867,1.0,-0.0,0,0
384,0.0,0.06732673267326733,0.10255055347504201,1.0,-0.0,0,0
385,0.0,0.07920792079207921,0.10928827506175547,1.0,-0.0,0,0
386,0.0,0.12277227722772276,0.13488622864100122,1.0,-0.0,0,0
387,0.0,0.12277227722772276,0.14615954128511632,1.0,-0.0,0,0
388,0.0,0.16237623762376235,0.1609695163002105,1.0,-0.0,0,0
389,0.0,0.16633663366336632,0.15937826461670404,1.0,-0.0,0,0
390,0.0,0.27326732673267323,0.2174975083999363,1.0,-0.0,0,0
391,0.0,0.23168316831683167,0.21010638185665007,1.0,-0.0,0,0
392,0.0,0.32673267326732675,0.2695397944898781,1.0,-0.0,0,0
393,0.0,0.2871287128712871,0.2631354604794071,1.0,-0.0,0,0
394,0.0,0.5663366336633664,0.3294992383358652,1.0,-0.0,0,0
395,0.0,0.43366336633663366,0.28012628966758046,1.0,-0.0,0,0
396,0.0,0.43366336633663366,0.28012628966758046,1.0,-0.0,0,0
397,0.0,0.3108910891089109,0.22245301655419594,1.0,-0.0,0,0
398,0.0,0.3108910891089109,0.22245301655419594,1.0,-0.0,0,0
399,0.2,0.057425742574257435,0.09885135821266286,0.07460753442729876,1.127217312004932,0,0
400,0.2,0.10297029702970298,0.13383560593042218,0.23422856230353278,0.6303601472889669,0,0
401,0.2,0.10297029702970298,0.13383560593042218,0.23422856230353278,0.6303601472889669,0,0
402,0.4,0.16237623762376235,0.16341133493685353,0.07295306611684516,1.136956450588299,0,0
403,0.4,0.16237623762376235,0.16341133493685353,0.07295306611684516,1.136956450588299,0,0
404,0.2,0.10297029702970298,0.1367627457412436,0.23901498454778197,0.6215748710082736,0,0
405,0.2,0.057425742574257435,0.09476028605152792,0.06621628156331662,1.1790352111084907,0,0
406,0.2,0.057425742574257435,0.09476028605152792,0.06621628156331662,1.1790352111084907,0,0
407,0.0,0.0,0.0,1.0,-0.0,0,0
408,0.2,0.09702970297029702,0.15315522802114462,0.25068797588215863,0.6008664962502466,0,0
409,0.2,0.09702970297029702,0.15315522802114462,0.25068797588215863,0.6008664962502466,0,0
410,0.2,0.09702970297029702,0.15315522802114462,0.25068797588215863,0.6008664962502466,0,0
411,0.2,0.09702970297029702,0.15315522802114462,0.25068797588215863,0.6008664962502466,0,0
412,0.2,0.09702970297029702,0.15315522802114462,0.25068797588215863,0.6008664962502466,0,0
413,0.0,0.0019801980198019802,0.019801980198019802,1.0,-0.0,0,0
414,0.2,0.09108910891089109,0.12113245340338318,0.1842981552477096,0.7344790118766933,0,0
415,0.4,0.16831683168316833,0.16101822851688022,0.0750946738809935,1.1243908644089002,0,0
416,0.4,0.16831683168316833,0.16101822851688022,0.0750946738809935,1.1243908644089002,0,0
417,0.6,0.22178217821782176,0.19881030333482985,0.028559078888029873,1.5442558039090597,0,0
418,0.6,0.27128712871287125,0.22792070605842626,0.07461949775266624,1.1271476784254453,0,0
419,0.4,0.21782178217821782,0.2181815211222071,0.20186317972041723,0.6949428900832975,0,0
420,0.2,0.15445544554455443,0.166218722942046,0.39204086748793565,0.40666865849130684,0,0
421,0.2,0.16237623762376235,0.16818865241652334,0.4114954635871043,0.3856349481794096,0,0
422,0.0,0.11683168316831682,0.1442421691205886,1.0,-0.0,0,0
423,0.0,0.06534653465346535,0.11295810453031022,1.0,-0.0,0,0
424,0.0,0.0297029702970297,0.07112192077650681,1.0,-0.0,0,0
425,0.0,0.031683168316831684,0.07826167463512675,1.0,-0.0,0,0
426,0.0,0.023762376237623766,0.06471340450838887,1.0,-0.0,0,0
427,0.0,0.013861386138613863,0.05079507064705211,1.0,-0.0,0,0
428,0.0,0.025742574257425748,0.06697637435757531,1.0,-0.0,0,0
429,0.0,0.02772277227722773,0.06910862719451545,1.0,-0.0,0,0
430,0.0,0.01386138613861386,0.05079507064705211,1.0,-0.0,0,0
431,0.0,0.015841584158415842,0.05401260078014202,1.0,-0.0,0,0
432,0.0,0.015841584158415842,0.05401260078014202,1.0,-0.0,0,0
433,0.0,0.0039603960396039604,0.027863855998951064,1.0,-0.0,0,0
434,0.0,0.0019801980198019802,0.0198019801980198,1.0,-0.0,0,0
435,0.0,0.007920792079207921,0.03900537743285587,1.0,-0.0,0,0
436,0.0,0.011881188118811883,0.047276579747775535,1.0,-0.0,0,0
437,0.0,0.011881188118811883,0.047276579747775535,1.0,-0.0,0,0
438,0.0,0.011881188118811883,0.047276579747775535,1.0,-0.0,0,0
439,0.0,0.011881188118811883,0.047276579747775535,1.0,-0.0,0,0
440,0.0,0.0059405940594059415,0.03395332316729158,1.0,-0.0,0,0
441,0.0,0.011881188118811883,0.047276579747775535,1.0,-0.0,0,0
442,0.0,0.011881188118811883,0.047276579747775535,1.0,-0.0,0,0
443,0.0,0.011881188118811883,0.047276579747775535,1.0,-0.0,0,0
444,0.0,0.011881188118811883,0.047276579747775535,1.0,-0.0,0,0
445,0.0,0.023762376237623766,0.06471340450838889,1.0,-0.0,0,0
446,0.0,0.011881188118811883,0.047276579747775535,1.0,-0.0,0,0
447,0.0,0.011881188118811883,0.047276579747775535,1.0,-0.0,0,0
448,0.0,0.011881188118811883,0.047276579747775535,1.0,-0.0,0,0
449,0.0,0.011881188118811883,0.047276579747775535,1.0,-0.0,0,0
450,0.0,0.0,0.0,1.0,-0.0,0,0
451,0.0,0.0,0.0,1.0,-0.0,0,0
452,0.0,0.0,0.0,1.0,-0.0,0,0
453,0.0,0.0059405940594059415,0.03395332316729158,1.0,-0.0,0,0
454,0.0,0.0059405940594059415,0.03395332316729158,1.0,-0.0,0,0
455,0.0,0.007920792079207921,0.03900537743285587,1.0,-0.0,0,0
456,0.0,0.007920792079207921,0.03900537743285587,1.0,-0.0,0,0
457,0.0,0.007920792079207921,0.03900537743285587,1.0,-0.0,0,0
458,0.2,0.009900990099009901,0.04338396495090424,5.885669548817485e-06,5.230204125035219,0,0
459,0.2,0.009900990099009901,0.04338396495090424,5.885669548817485e-06,5.230204125035219,0,0
460,0.2,0.007920792079207921,0.03900537743285587,4.2303541670263104e-07,6.3736232717865695,0,0
461,0.2,0.007920792079207921,0.03900537743285587,4.2303541670263104e-07,6.3736232717865695,0,0
462,0.2,0.007920792079207921,0.03900537743285587,4.2303541670263104e-07,6.3736232717865695,0,0
463,0.0,0.015841584158415842,0.05401260078014202,1.0,-0.0,0,0
464,0.0,0.015841584158415842,0.05401260078014202,1.0,-0.0,0,0
465,0.0,0.015841584158415842,0.05401260078014202,1.0,-0.0,0,0
466,0.0,0.039603960396039604,0.08452453849668534,1.0,-0.0,0,0
467,0.0,0.04752475247524753,0.08965727859541997,1.0,-0.0,0,0
468,0.0,0.039603960396039604,0.0890869059738772,1.0,-0.0,0,0
469,0.0,0.039603960396039604,0.0890869059738772,1.0,-0.0,0,0
470,0.0,0.06534653465346535,0.11295810453031019,1.0,-0.0,0,0
471,0.0,0.06534653465346535,0.10189845806153354,1.0,-0.0,0,0
472,0.0,0.0712871287128713,0.11110305060677654,1.0,-0.0,0,0
473,0.0,0.07524752475247526,0.11891084986932618,1.0,-0.0,0,0
474,0.0,0.07524752475247526,0.11891084986932618,1.0,-0.0,0,0
475,0.0,0.09702970297029702,0.14243667729389659,1.0,-0.0,0,0
476,0.0,0.100990099009901,0.14246420394934614,1.0,-0.0,0,0
477,0.0,0.11485148514851484,0.1444594832462533,1.0,-0.0,0,0
478,0.6,0.1485148514851485,0.16804870898437327,0.003608814132525882,2.4426354851605154,0,0
479,0.6,0.1485148514851485,0.16804870898437327,0.003608814132525882,2.4426354851605154,0,0
480,0.6,0.1089108910891089,0.14494724878689189,0.0003519519967549503,3.4535165665391627,0,0
481,0.8,0.1069306930693069,0.13368903310588712,1.0847801892545105e-07,6.964658254686461,0,0
482,0.8,0.15643564356435644,0.1702740025877676,7.85462953279493e-05,4.1048742938394245,0,0
483,0.2,0.16831683168316833,0.18823342001292906,0.43316635735163417,0.3633452810031229,0,0
484,0.2,0.1881188118811881,0.2006361806176688,0.4763894056005874,0.3220379053344433,0,0
485,0.2,0.17821782178217818,0.19478546736408614,0.4554804853281563,0.34153022526804067,0,0
486,0.0,0.15841584158415842,0.18307998940714804,1.0,-0.0,0,0
487,0.2,0.10099009900990098,0.12781100644043505,0.2192706971082659,0.6590194026794771,0,0
488,0.4,0.057425742574257435,0.10656335878870264,0.0006527972711111281,3.1852216697319156,0,0
489,0.4,0.03762376237623763,0.08307396817189319,6.441252943445817e-06,5.191029646072187,0,0
490,0.4,0.04950495049504951,0.09078727434730813,5.655013932087107e-05,4.247566320779003,0,0
491,0.4,0.04356435643564357,0.08721867542790195,2.18786067554328e-05,4.659980337626219,0,0
492,0.2,0.02772277227722773,0.06910862719451544,0.0063361735559086295,2.1981729353735644,0,0
493,0.0,0.025742574257425748,0.0669763743575753,1.0,-0.0,0,0
494,0.0,0.03960396039603961,0.08452453849668534,1.0,-0.0,0,0
495,0.0,0.02772277227722772,0.06910862719451544,1.0,-0.0,0,0
496,0.0,0.02772277227722772,0.06910862719451544,1.0,-0.0,0,0
497,0.0,0.023762376237623766,0.06471340450838889,1.0,-0.0,0,0
498,0.0,0.03564356435643565,0.08154954567118415,1.0,-0.0,0,0
499,0.0,0.02772277227722772,0.06910862719451544,1.0,-0.0,0,0
500,0.0,0.02772277227722772,0.06910862719451544,1.0,-0.0,0,0
501,0.0,0.02772277227722772,0.06910862719451544,1.0,-0.0,0,0
502,0.0,0.02772277227722772,0.06910862719451544,1.0,-0.0,0,0
503,0.0,0.0059405940594059415,0.03395332316729158,1.0,-0.0,0,0
504,0.0,0.0,0.0,1.0,-0.0,0,0
505,0.0,0.007920792079207921,0.03900537743285587,1.0,-0.0,0,0
506,0.0,0.011881188118811883,0.047276579747775535,1.0,-0.0,0,0
507,0.0,0.011881188118811883,0.047276579747775535,1.0,-0.0,0,0
508,0.0,0.011881188118811883,0.047276579747775535,1.0,-0.0,0,0
509,0.0,0.011881188118811883,0.047276579747775535,1.0,-0.0,0,0
510,0.0,0.0039603960396039604,0.02786385599895107,1.0,-0.0,0,0
511,0.0,0.0,0.0,1.0,-0.0,0,0
512,0.0,0.0,0.0,1.0,-0.0,0,0
513,0.0,0.0,0.0,1.0,-0.0,0,0
514,0.0,0.0,0.0,1.0,-0.0,0,0
515,0.0,0.0,0.0,1.0,-0.0,0,0
516,0.0,0.0,0.0,1.0,-0.0,0,0
517,0.0,0.011881188118811883,0.047276579747775535,1.0,-0.0,0,0
518,0.0,0.011881188118811883,0.047276579747775535,1.0,-0.0,0,0
519,0.0,0.011881188118811883,0.047276579747775535,1.0,-0.0,0,0
520,0.0,0.011881188118811883,0.047276579747775535,1.0,-0.0,0,0
521,0.0,0.011881188118811883,0.047276579747775535,1.0,-0.0,0,0
522,0.0,0.0,0.0,1.0,-0.0,0,0
523,0.0,0.0,0.0,1.0,-0.0,0,0
524,0.0,0.0059405940594059415,0.03395332316729158,1.0,-0.0,0,0
525,0.0,0.0059405940594059415,0.03395332316729158,1.0,-0.0,0,0
526,0.0,0.0059405940594059415,0.03395332316729158,1.0,-0.0,0,0
527,0.0,0.017821782178217824,0.05698017651460656,1.0,-0.0,0,0
528,0.0,0.025742574257425748,0.0669763743575753,1.0,-0.0,0,0
529,0.0,0.025742574257425748,0.06697637435757531,1.0,-0.0,0,0
530,0.0,0.025742574257425748,0.06697637435757531,1.0,-0.0,0,0
531,0.0,0.031683168316831684,0.0730260947112308,1.0,-0.0,0,0
532,0.0,0.019801980198019802,0.0597350618970232,1.0,-0.0,0,0
533,0.0,0.011881188118811883,0.047276579747775535,1.0,-0.0,0,0
534,0.0,0.0059405940594059415,0.03395332316729158,1.0,-0.0,0,0
535,0.4,0.06336633663366337,0.11233152161332939,0.001364205599377552,2.86512017224089,0,0
536,0.4,0.07722772277227723,0.122580495370631,0.004229905136374424,2.3736693723911744,0,0
537,0.6,0.1188118811881188,0.15460769343321298,0.0009281259807351739,3.032393070090748,0,0
538,0.8,0.1603960396039604,0.16415351901831846,4.882122367437257e-05,4.311391339454522,0,0
539,0.8,0.1881188118811881,0.17077988190051752,0.00016992341250297253,3.769746778751115,0,0
540,0.4,0.13663366336633662,0.14605218942246156,0.035675702652787473,1.4476274644579366,0,0
541,0.4,0.11485148514851483,0.14169143619800648,0.022085672454221304,1.6558893730090944,0,0
542,0.2,0.10495049504950493,0.13957235791450373,0.24793409227042545,0.6056637513002845,0,0
543,0.0,0.06732673267326733,0.11000352009767247,1.0,-0.0,0,0
544,0.0,0.04554455445544555,0.08846854615322249,1.0,-0.0,0,0
545,0.0,0.14059405940594058,0.1450013436754282,1.0,-0.0,0,0
546,0.0,0.16435643564356434,0.1551646576171068,1.0,-0.0,0,0
547,0.0,0.13267326732673265,0.1496589594272569,1.0,-0.0,0,0
548,0.0,0.14059405940594058,0.16300289605747864,1.0,-0.0,0,0
549,0.0,0.13465346534653463,0.1594766462708981,1.0,-0.0,0,0
550,0.2,0.10099009900990098,0.15057319492752774,0.25541260604362737,0.5927576716768348,0,0
551,0.2,0.07722772277227723,0.12258049537063101,0.15827697765574333,0.80058225130445,0,0
552,0.2,0.07722772277227723,0.12258049537063101,0.15827697765574333,0.80058225130445,0,0
553,0.2,0.06732673267326733,0.1135467024699521,0.12131331785204298,0.9160915193958917,0,0
554,0.2,0.06732673267326733,0.1135467024699521,0.12131331785204298,0.9160915193958917,0,0
555,0.0,0.0,0.0,1.0,-0.0,0,0
556,0.0,0.2871287128712871,0.23616715272674177,1.0,-0.0,0,0
557,0.0,0.3623762376237625,0.2575018927734011,1.0,-0.0,0,0
558,0.0,0.3841584158415843,0.26800793296494774,1.0,-0.0,0,0
559,0.0,0.3841584158415843,0.26800793296494774,1.0,-0.0,0,0
560,0.0,0.3841584158415843,0.26800793296494774,1.0,-0.0,0,0
561,0.0,0.10495049504950493,0.1307830473343237,1.0,-0.0,0,0
562,0.0,0.09702970297029702,0.12142344330103676,1.0,-0.0,0,0
563,0.0,0.07524752475247526,0.10845991237726064,1.0,-0.0,1,0
564,0.0,0.07524752475247526,0.10845991237726064,1.0,-0.0,0,0
565,0.0,0.10495049504950495,0.13377699607171908,1.0,-0.0,0,0
566,0.0,0.12475247524752475,0.14583724862987696,1.0,-0.0,0,0
567,0.0,0.0712871287128713,0.10747934055534188,1.0,-0.0,0,0
568,0.0,0.10891089108910891,0.13057300215314485,1.0,-0.0,0,0
569,0.0,0.16237623762376235,0.1634113349368535,1.0,-0.0,0,0
570,0.0,0.18415841584158413,0.1963693596248423,1.0,-0.0,0,0
571,0.0,0.1594059405940594,0.20303548820257963,1.0,-0.0,0,0
572,0.0,0.23366336633663365,0.2144655931336603,1.0,-0.0,0,0
573,0.0,0.2633663366336633,0.21787578088553283,1.0,-0.0,0,0
574,0.2,0.2198019801980198,0.1813152180952015,1.0,-0.0,0,0
575,0.2,0.26732673267326734,0.22563832923951074,1.0,-0.0,0,0
576,0.4,0.4356435643564357,0.2777505677836268,1.0,-0.0,0,0
577,0.4,0.45346534653465354,0.3042811221130632,1.0,-0.0,0,0
578,0.4,0.38613861386138615,0.29011083678118715,0.48094593862028984,0.31790373834220226,0,0
579,0.2,0.39801980198019804,0.2876949009689347,1.0,-0.0,0,0
580,0.2,0.40198019801980195,0.26624644208836534,1.0,-0.0,0,0
581,0.0,0.2910891089108911,0.23297431545894154,1.0,-0.0,0,0
582,0.2,0.6237623762376238,0.33215423914870107,1.0,-0.0,0,0
583,0.4,1.0178217821782178,0.43060998401966705,1.0,-0.0,1,0
584,0.4,0.998019801980198,0.4226226924834266,1.0,-0.0,0,0
585,0.4,1.2673267326732671,0.4626888505828523,1.0,-0.0,0,0
586,0.4,1.203960396039604,0.44852250119151293,1.0,-0.0,0,0
587,0.2,0.9227722772277227,0.3989791895411256,1.0,-0.0,0,0
588,0.0,0.5287128712871287,0.31539277215151756,1.0,-0.0,0,0
589,0.0,0.5603960396039604,0.31593933742858027,1.0,-0.0,0,0
590,0.0,0.3643564356435644,0.26159607530885914,1.0,-0.0,0,0
591,0.0,0.3643564356435644,0.26159607530885914,1.0,-0.0,0,0
592,0.0,0.2495049504950495,0.21508633420933887,1.0,-0.0,0,0
593,0.0,0.2495049504950495,0.21508633420933887,1.0,-0.0,0,0
594,0.0,0.23762376237623759,0.21194595105361827,1.0,-0.0,0,0
595,0.0,0.10297029702970295,0.1396285351588451,1.0,-0.0,0,0
596,0.0,0.1762376237623762,0.17640441545600072,1.0,-0.0,0,0
597,0.0,0.16633663366336632,0.16666633990099655,1.0,-0.0,0,0
598,0.0,0.23168316831683167,0.19032577234227777,1.0,-0.0,0,0
599,0.0,0.2138613861386138,0.18077375114498542,1.0,-0.0,0,0
600,0.0,0.17029702970297025,0.16503498246348225,1.0,-0.0,0,0
601,0.0,0.10099009900990098,0.12781100644043505,1.0,-0.0,0,0
602,0.0,0.07326732673267328,0.11509022642946842,1.0,-0.0,0,0
603,0.0,0.007920792079207921,0.03900537743285587,1.0,-0.0,0,0
604,0.0,0.007920792079207921,0.03900537743285587,1.0,-0.0,0,0
605,0.0,0.007920792079207921,0.03900537743285587,1.0,-0.0,0,0
606,0.0,0.0039603960396039604,0.027863855998951068,1.0,-0.0,0,0
607,0.0,0.0,0.0,1.0,-0.0,0,0
608,0.0,0.0,0.0,1.0,-0.0,0,0
609,0.0,0.0,0.0,1.0,-0.0,0,0
610,0.0,0.0,0.0,1.0,-0.0,0,0
611,0.0,0.0,0.0,1.0,-0.0,0,0
612,0.0,0.0,0.0,1.0,-0.0,0,0
613,0.0,0.015841584158415842,0.054012600780142014,1.0,-0.0,0,0
614,0.0,0.025742574257425748,0.06697637435757531,1.0,-0.0,0,0
615,0.2,0.06336633663366338,0.11233152161332939,0.1119271380917808,0.9510646007408702,0,0
616,0.4,0.07524752475247526,0.13156027914354926,0.006784619577214828,2.1684744987998568,0,0
617,0.4,0.07524752475247526,0.13156027914354926,0.006784619577214828,2.1684744987998568,0,0
618,0.4,0.0594059405940594,0.11096178792967841,0.0010721888769873531,2.9697287025090255,0,0
619,0.4,0.05148514851485149,0.10011267057239238,0.00024956189489403055,3.602821725482382,0,0
620,0.2,0.03168316831683169,0.08780118525701135,0.02761754819185322,1.5588148794870293,0,0
621,0.2,0.05346534653465348,0.10860442931328386,0.08862815178171947,1.0524283072157026,0,0
622,0.4,0.06336633663366337,0.11233152161332939,0.001364205599377552,2.86512017224089,0,0
623,0.4,0.08316831683168316,0.13280619910579974,0.008524034799117218,2.0693547859599786,0,0
624,0.6,0.09900990099009899,0.14246420394934614,0.0002185532134274528,3.6604428036170145,0,0
625,0.6,0.15247524752475244,0.18271552276312514,0.007156749844087315,2.145284162782032,0,0
626,0.4,0.17029702970297025,0.1977820354722182,0.12274075016495241,0.911011226729912,0,0
627,0.4,0.22376237623762374,0.22032762052595836,0.21188757719709772,0.6738945048885636,0,0
628,0.4,0.2237623762376237,0.22032762052595836,0.21188757719709767,0.6738945048885637,0,0
629,0.2,0.22772277227722768,0.20687146814606536,1.0,-0.0,0,0
630,0.2,0.2158415841584158,0.20427736592964435,1.0,-0.0,0,0
631,0.2,0.33267326732673264,0.23926823710088263,1.0,-0.0,0,0
632,0.0,0.30891089108910896,0.25411426832535927,1.0,-0.0,0,0
633,0.0,0.28910891089108914,0.2540371026534439,1.0,-0.0,0,0
634,0.0,0.4237623762376238,0.3200088225428239,1.0,-0.0,0,0
635,0.0,0.36633663366336633,0.30839001528788484,1.0,-0.0,0,0
636,0.0,0.2178217821782178,0.21266626092410076,1.0,-0.0,0,0
637,0.0,0.1762376237623762,0.16718313599370643,1.0,-0.0,0,0
638,0.0,0.1762376237623762,0.16718313599370643,1.0,-0.0,0,0
639,0.0,0.019801980198019802,0.059735061897023205,1.0,-0.0,0,0
640,0.0,0.0297029702970297,0.08150144802873932,1.0,-0.0,0,0
641,0.0,0.3128712871287128,0.24278229107317392,1.0,-0.0,0,0
642,0.0,0.3247524752475247,0.2514929444492122,1.0,-0.0,0,0
643,0.2,0.3346534653465346,0.25964013311815864,1.0,-0.0,0,0
644,0.2,0.3485148514851485,0.27381205572187894,1.0,-0.0,0,0
645,0.2,0.44158415841584153,0.32859356059709366,1.0,-0.0,0,0
646,0.2,0.1485148514851485,0.19630944524980165,0.39655847006614475,0.4016927696201355,0,0
647,0.2,0.2554455445544554,0.24715219487320772,1.0,-0.0,0,0
648,0.0,0.25742574257425743,0.2343503912349483,1.0,-0.0,0,0
649,0.0,0.2435643564356436,0.22795511178072336,1.0,-0.0,0,0
650,0.0,0.20792079207920788,0.23364658439483468,1.0,-0.0,0,0
651,0.2,0.30891089108910896,0.25411426832535927,1.0,-0.0,0,0
652,0.4,0.2495049504950495,0.22232959316135717,0.24923449101447165,0.6033918567932083,0,0
653,0.6,0.2613861386138614,0.21753356269084298,0.05978213158522972,1.2234286038635027,0,0
654,0.6,0.2613861386138614,0.21753356269084298,0.05978213158522972,1.2234286038635027,0,0
655,0.6,0.19405940594059404,0.18764923153239021,0.015259259003662434,1.8164665554004058,0,0
656,0.4,0.08316831683168316,0.12353642740976016,0.005163516382656354,2.2870544407238307,0,0
657,0.2,0.023762376237623766,0.06471340450838889,0.0032311212459077425,2.490646745033819,0,0
658,0.0,0.0,0.0,1.0,-0.0,0,0
659,0.0,0.0,0.0,1.0,-0.0,0,0
660,0.0,0.0,0.0,1.0,-0.0,0,0
661,0.0,0.0,0.0,1.0,-0.0,0,0
662,0.0,0.0,0.0,1.0,-0.0,0,0
663,0.0,0.017821782178217824,0.056980176514606566,1.0,-0.0,0,0
664,0.2,0.04554455445544555,0.09283729243351321,0.04808399917069303,1.3179994190099724,0,0
665,0.4,0.057425742574257435,0.10277971700879983,0.00042943261266422447,3.3671049767551833,0,0
666,0.4,0.057425742574257435,0.10277971700879983,0.00042943261266422447,3.3671049767551833,0,0
667,0.4,0.057425742574257435,0.10277971700879983,0.00042943261266422447,3.3671049767551833,0,0
668,0.6,0.07722772277227723,0.1193059036149867,5.885669548817543e-06,5.230204125035215,0,0
669,0.4,0.10099009900990098,0.14791959918402456,0.02161736123665638,1.6651973201098438,0,0
670,0.2,0.17227722772277224,0.18245781385805057,0.43961684415652674,0.3569256757024033,0,0
671,0.2,0.17227722772277224,0.18245781385805057,0.43961684415652674,0.3569256757024033,0,0
672,0.2,0.17227722772277224,0.18245781385805057,0.43961684415652674,0.3569256757024033,0,0
673,0.0,0.13267326732673268,0.16235208707144264,1.0,-0.0,0,0
674,2.2,0.4435643564356436,0.2737404427859812,6.97547831717207e-11,10.156426006923741,0,0
675,2.2,0.3623762376237625,0.24488893629259328,3.098166906669098e-14,13.508895189322836,0,0
676,2.4,0.514851485148515,0.33460073402589185,8.802633021199906e-09,8.055387403356717,0,0
677,2.6,0.5742574257425743,0.3361557469495867,8.392847056566386e-10,9.07609069099323,0,0
678,2.6,0.5742574257425743,0.3361557469495867,8.392847056566386e-10,9.07609069099323,0,0
679,0.4,0.25346534653465347,0.22319212362147123,0.25573823056943407,0.592204343994551,0,0
680,0.4,0.2910891089108911,0.23967759281010306,0.32476838510357997,0.4884262541948036,0,0
681,0.2,0.13861386138613857,0.15604664003838054,0.3470182095989421,0.4596477352355185,0,0
682,0.0,0.07920792079207921,0.12611234319279727,1.0,-0.0,0,0
683,0.2,0.20792079207920788,0.2047375370386191,1.0,-0.0,0,0
684,0.2,0.19603960396039605,0.19084013945594866,0.4917215737036523,0.3082807371340544,0,0
685,0.2,0.1584158415841584,0.17647108799335678,0.40685489180701,0.3905604579109162,0,0
686,0.2,0.24752475247524752,0.23905509510618225,1.0,-0.0,0,0
687,0.2,0.3346534653465347,0.28018227573582566,1.0,-0.0,0,0
688,0.0,0.20990099009900987,0.20753382188631925,1.0,-0.0,0,0
689,0.2,0.21188118811881188,0.19865245471658538,1.0,-0.0,0,0
690,0.2,0.22178217821782176,0.1968081743835003,1.0,-0.0,0,0
691,0.2,0.13267326732673268,0.1414975848312859,0.31710294183422555,0.49879972890812285,0,0
692,0.2,0.061386138613861385,0.11166631429601336,0.10724339580581539,0.9696294427647089,0,0
693,0.2,0.05940594059405942,0.11096178792967841,0.10256882529016816,0.9889846183837064,0,0
694,0.0,0.027722772277227727,0.07975061610139514,1.0,-0.0,0,0
695,0.0,0.06336633663366338,0.10120342446875752,1.0,-0.0,0,0
696,0.0,0.06732673267326733,0.102550553475042,1.0,-0.0,0,0
697,0.2,0.05148514851485149,0.08744317689433512,0.04471467951449677,1.3495498776386112,0,0
698,0.2,0.05148514851485149,0.08744317689433512,0.04471467951449677,1.3495498776386112,0,0
699,0.2,0.06930693069306931,0.09924724028627063,0.09394556775030262,1.027123704621387,0,0
700,0.2,0.023762376237623766,0.06471340450838887,0.003231121245907738,2.4906467450338194,0,0
701,0.2,0.031683168316831684,0.07826167463512675,0.015750221703151112,1.8027133286186672,0,0
702,0.0,0.0297029702970297,0.07648795214189293,1.0,-0.0,0,0
703,0.0,0.0297029702970297,0.07648795214189293,1.0,-0.0,0,0
704,0.0,0.015841584158415842,0.05401260078014202,1.0,-0.0,0,0
705,0.0,0.015841584158415842,0.05401260078014202,1.0,-0.0,0,0
706,0.0,0.0039603960396039604,0.027863855998951064,1.0,-0.0,0,0
707,0.0,0.0039603960396039604,0.027863855998951064,1.0,-0.0,0,0
708,0.0,0.007920792079207921,0.03900537743285587,1.0,-0.0,0,0
709,0.0,0.019801980198019806,0.059735061897023184,1.0,-0.0,0,0
710,0.0,0.027722772277227727,0.06910862719451544,1.0,-0.0,0,0
711,0.0,0.04356435643564357,0.09991664009142863,1.0,-0.0,0,0
712,0.0,0.05544554455445545,0.11299281281336322,1.0,-0.0,0,0
713,0.0,0.07524752475247526,0.12219602867755656,1.0,-0.0,0,0
714,0.0,0.08118811881188118,0.1264228887090089,1.0,-0.0,0,0
715,0.0,0.0891089108910891,0.13636075485692528,1.0,-0.0,0,0
716,0.0,0.07326732673267328,0.11848138852793338,1.0,-0.0,0,0
717,0.0,0.06336633663366337,0.10874875419996817,1.0,-0.0,0,0
718,0.0,0.041584158415841586,0.08590499787518362,1.0,-0.0,0,0
719,0.0,0.019801980198019802,0.0597350618970232,1.0,-0.0,0,0
720,0.0,0.0059405940594059415,0.03395332316729158,1.0,-0.0,0,0
721,0.0,0.007920792079207921,0.03900537743285587,1.0,-0.0,0,0
722,0.0,0.0059405940594059415,0.03395332316729157,1.0,-0.0,0,0
723,0.2,0.025742574257425745,0.07791016068477626,0.012654752832206356,1.8977463328966535,0,0
724,0.2,0.04950495049504951,0.09912864166957489,0.06448460512601864,1.190543955238279,0,0
725,0.2,0.0613861386138614,0.11515834731523734,0.11435653877291625,0.9417389978975692,0,0
726,0.2,0.21980198019801975,0.20000980272026075,1.0,-0.0,0,0
727,0.2,0.2633663366336634,0.24844975676996545,1.0,-0.0,0,0
728,0.0,0.25346534653465347,0.21780377963410028,1.0,-0.0,0,0
729,0.0,0.24158415841584158,0.20932107448676,1.0,-0.0,0,0
730,0.0,0.25742574257425743,0.2055403574611095,1.0,-0.0,0,0
731,0.0,0.09702970297029702,0.127780323207142,1.0,-0.0,1,0
732,0.0,0.06732673267326733,0.10634234916512914,1.0,-0.0,0,0
733,0.0,0.05544554455445546,0.08952597667688962,1.0,-0.0,0,0
734,0.2,0.45346534653465354,0.26534653465346536,1.0,-0.0,0,0
735,0.2,0.42376237623762386,0.2674220585447911,1.0,-0.0,0,0
736,0.2,0.42376237623762386,0.2674220585447911,1.0,-0.0,0,0
737,0.4,0.5108910891089109,0.313997222065977,1.0,-0.0,0,0
738,0.4,0.5267326732673268,0.32787678472584875,1.0,-0.0,0,0
739,0.2,0.1168316831683168,0.1548357845728682,0.2955858499300149,0.5293163600079369,0,0
740,0.2,0.1168316831683168,0.1548357845728682,0.2955858499300149,0.5293163600079369,0,0
741,0.2,0.14257425742574253,0.17425742574257425,0.37087172151388603,0.4307762797980449,0,0
742,0.0,0.04752475247524753,0.09397077637785879,1.0,-0.0,0,0
743,0.8,0.34059405940594056,0.2722034103356766,0.04573150728176265,1.3397844843100155,0,0
744,0.8,0.34059405940594056,0.2722034103356766,0.04573150728176265,1.3397844843100155,0,0
745,0.8,0.3801980198019802,0.27790581850057555,0.06544636625569153,1.184114461548847,0,0
746,0.8,0.3564356435643564,0.26191066483306613,0.04517339819304992,1.3451172381749554,0,0
747,0.8,0.34851485148514855,0.25894449169548556,0.040617958542992695,1.3912819080063725,0,0
748,0.2,0.07920792079207921,0.1292145592164392,0.17494108392292335,0.7571081869435704,0,0
749,0.4,0.2851485148514852,0.2491117442266737,0.3223835042024754,0.4916271883840745,0,0
750,0.4,0.2455445544554455,0.2231745542804261,0.2444424198686282,0.6118234256133539,0,0
751,0.4,0.297029702970297,0.2558060239517646,0.34364600306850246,0.4638887029855008,0,0
752,0.4,0.34851485148514855,0.26499163498328876,0.42297452028623667,0.373685793457999,0,0
753,0.2,0.3069306930693069,0.23808536024061996,1.0,-0.0,0,0
754,0.0,0.10099009900990098,0.14521752172118102,1.0,-0.0,0,0
755,0.0,0.10099009900990098,0.14521752172118102,1.0,-0.0,0,0
756,0.0,0.0712871287128713,0.10747934055534188,1.0,-0.0,0,0
757,0.0,0.021782178217821784,0.06230547612891991,1.0,-0.0,0,0
758,0.0,0.3445544554455445,0.2844049711743166,1.0,-0.0,0,0
759,0.0,0.3465346534653465,0.2840876856809759,1.0,-0.0,0,0
760,0.0,0.44554455445544555,0.3280680780821028,1.0,-0.0,0,0
761,0.0,0.48910891089108915,0.3251506855850647,1.0,-0.0,0,0
762,0.0,0.601980198019802,0.34981754735799736,1.0,-0.0,0,0
763,0.0,0.3762376237623763,0.2521780428925678,1.0,-0.0,0,0
764,0.0,0.4376237623762377,0.2810346813270861,1.0,-0.0,0,0
765,0.0,0.39603960396039606,0.2742842321674447,1.0,-0.0,0,0
766,0.0,0.3346534653465347,0.23732654679728532,1.0,-0.0,0,0
767,0.0,0.3445544554455446,0.26568620198590204,1.0,-0.0,0,0
768,0.0,0.2514851485148515,0.22629773666790737,1.0,-0.0,0,0
769,0.0,0.4217821782178218,0.2638646369127116,1.0,-0.0,0,0
770,0.0,0.5148514851485149,0.3022641093559158,1.0,-0.0,0,0
771,0.0,0.5089108910891089,0.3024975279830227,1.0,-0.0,0,0
772,0.0,0.41188118811881197,0.26821268666802006,1.0,-0.0,0,0
773,0.0,0.40792079207920795,0.26835884366577156,1.0,-0.0,0,0
774,0.0,0.1900990099009901,0.18320845158368915,1.0,-0.0,0,0
775,0.0,0.12673267326732673,0.15083338726765974,1.0,-0.0,0,0
776,0.0,0.19801980198019803,0.17687059543257513,1.0,-0.0,0,0
777,0.0,0.1801980198019802,0.17463954503246998,1.0,-0.0,0,0
778,0.0,0.1801980198019802,0.17463954503246998,1.0,-0.0,0,0
779,0.0,0.20198019801980194,0.17461709057464242,1.0,-0.0,0,0
780,0.0,0.11089108910891088,0.13042276277287215,1.0,-0.0,0,0
