,foreground,bg_means,bg_stdev,pvals,minus_logs,regs,active
2,0.4,0.12475247524752472,0.1374491377352735,0.022613292570368974,1.6456361983342027,0,0
3,0.4,0.097029702970297,0.12464241569787099,0.007534513364808576,2.1229447924274174,0,0
4,0.2,0.04752475247524753,0.08965727859541997,0.044504787234598886,1.3515932708674616,0,0
5,0.2,0.09702970297029702,0.1396285351588451,0.23042168355485154,0.6374766545668977,0,0
6,0.2,0.15445544554455443,0.17091758912506996,0.39493830499392524,0.40347074207829303,0,0
7,0.6,0.19801980198019797,0.2019607833806434,0.023274138547082174,1.6331263847256674,0,0
8,0.6,0.19801980198019797,0.2019607833806434,0.023274138547082174,1.6331263847256674,0,0
9,0.4,0.15049504950495046,0.16508249505478284,0.06534384961815974,1.1847952834100814,0,0
10,0.4,0.2594059405940594,0.22610705333684253,0.2670356844418584,0.5734306992322034,0,0
11,0.6,0.24356435643564353,0.21728105701932998,0.05045728434777829,1.2970761272729037,0,0
12,0.2,0.19999999999999998,0.18668552474285427,0.49999999999999994,0.30102999566398125,0,0
13,0.2,0.19999999999999998,0.18668552474285427,0.49999999999999994,0.30102999566398125,0,0
14,0.2,0.3554455445544555,0.2447367741447183,1.0,-0.0,0,0
15,0.2,0.22772277227722768,0.18885733097134833,1.0,-0.0,0,0
16,0.0,0.1881188118811881,0.16367507580017285,1.0,-0.0,0,0
17,0.0,0.1881188118811881,0.16367507580017285,1.0,-0.0,0,0
18,0.0,0.23960396039603957,0.18883656715060815,1.0,-0.0,0,0
19,0.0,0.10495049504950495,0.12771893462651168,1.0,-0.0,0,0
20,0.0,0.07326732673267328,0.12177815335858849,1.0,-0.0,0,0
21,0.0,0.07326732673267328,0.12177815335858849,1.0,-0.0,0,0
22,0.0,0.07326732673267328,0.12177815335858849,1.0,-0.0,0,0
23,0.0,0.05346534653465347,0.10104832334394512,1.0,-0.0,0,0
24,0.0,0.031683168316831684,0.0730260947112308,1.0,-0.0,0,0
25,0.0,0.031683168316831684,0.0730260947112308,1.0,-0.0,0,0
26,0.0,0.031683168316831684,0.0730260947112308,1.0,-0.0,0,0
27,0.0,0.031683168316831684,0.0730260947112308,1.0,-0.0,0,0
28,0.0,0.14257425742574256,0.16730036701294593,1.0,-0.0,0,0
29,0.0,0.29306930693069305,0.2226116032232342,1.0,-0.0,0,0
30,0.0,0.5267326732673268,0.2974782092390324,1.0,-0.0,0,0
31,0.0,0.5267326732673268,0.2974782092390324,1.0,-0.0,0,0
32,0.0,0.5653465346534654,0.3006381475383955,1.0,-0.0,0,0
33,0.0,0.4554455445544555,0.23734306853818019,1.0,-0.0,0,0
34,0.0,0.30297029702970296,0.19823750409199728,1.0,-0.0,0,0
35,0.0,0.1277227722772277,0.1503255950626118,1.0,-0.0,0,0
36,0.0,0.1277227722772277,0.1503255950626118,1.0,-0.0,0,0
37,0.0,0.0891089108910891,0.12420120222231065,1.0,-0.0,0,0
38,0.0,0.2099009900990099,0.17660435755646178,1.0,-0.0,0,0
39,0.0,0.2099009900990099,0.17660435755646178,1.0,-0.0,0,0
40,0.0,0.15247524752475247,0.15707352091130253,1.0,-0.0,0,0
41,0.0,0.15247524752475247,0.15707352091130253,1.0,-0.0,0,0
42,0.2,0.28118811881188116,0.20133852645501055,1.0,-0.0,0,0
43,0.2,0.1287128712871287,0.1556440682228007,0.3234712690031588,0.4901642876923811,0,0
44,0.2,0.1287128712871287,0.1556440682228007,0.3234712690031588,0.4901642876923811,0,0
45,0.2,0.1287128712871287,0.1556440682228007,0.3234712690031588,0.4901642876923811,0,0
46,0.2,0.1287128712871287,0.1556440682228007,0.3234712690031588,0.4901642876923811,0,0
47,0.0,0.0,0.0,1.0,-0.0,0,0
48,0.0,0.015841584158415842,0.05401260078014202,1.0,-0.0,0,0
49,0.8,0.1881188118811881,0.17760069168141515,0.00028525143364519027,3.5447721641836107,0,0
50,0.8,0.1881188118811881,0.17760069168141515,0.00028525143364519027,3.5447721641836107,0,0
51,0.8,0.2356435643564356,0.19578941931577468,0.0019728756596114386,2.704900285273039,0,0
52,1.0,0.2594059405940594,0.21534141339079438,0.0002917587012517866,3.53497618292857,0,0
53,1.4,0.4455445544554455,0.2592925456940949,0.00011616123202802353,3.93493879041004,0,0
54,0.6,0.27326732673267323,0.21382471266048458,0.06325132706523952,1.1989303581985542,0,0
55,0.6,0.33267326732673275,0.22563832923951074,0.11805664423013797,0.9279095657958902,0,0
56,0.8,0.3564356435643564,0.2098636245464043,0.01727541547547453,1.7625714990023225,0,0
57,0.6,0.33069306930693076,0.20573104342610332,0.09526306341610098,1.0210754568017884,0,0
58,0.2,0.12871287128712872,0.14781352559621008,0.3148044356469313,0.5019591569882769,0,0
59,0.2,0.12871287128712872,0.14781352559621008,0.3148044356469313,0.5019591569882769,0,0
60,0.2,0.0712871287128713,0.11461224656227946,0.1307125990009052,0.8836825500410105,0,0
61,0.0,0.0,0.0,1.0,-0.0,0,0
62,0.0,0.0,0.0,1.0,-0.0,0,0
63,0.0,0.0,0.0,1.0,-0.0,0,0
64,0.0,0.0,0.0,1.0,-0.0,0,0
65,0.0,0.0,0.0,1.0,-0.0,0,0
66,0.0,0.0,0.0,1.0,-0.0,0,0
67,0.0,0.0,0.0,1.0,-0.0,0,0
68,0.0,0.0,0.0,1.0,-0.0,0,0
69,0.0,0.0,0.0,1.0,-0.0,0,0
70,0.0,0.0,0.0,1.0,-0.0,0,0
71,0.0,0.0,0.0,1.0,-0.0,0,0
72,0.0,0.0,0.0,1.0,-0.0,0,0
73,0.0,0.0,0.0,1.0,-0.0,0,0
74,0.0,0.0,0.0,1.0,-0.0,0,0
75,0.0,0.0,0.0,1.0,-0.0,0,0
76,0.0,0.0,0.0,1.0,-0.0,0,0
77,0.0,0.0,0.0,1.0,-0.0,0,0
78,0.0,0.0,0.0,1.0,-0.0,0,0
79,0.0,0.0,0.0,1.0,-0.0,0,0
80,0.0,0.0,0.0,1.0,-0.0,0,0
81,0.0,0.0,0.0,1.0,-0.0,0,0
82,0.0,0.0,0.0,1.0,-0.0,0,0
83,0.0,0.0,0.0,1.0,-0.0,0,0
84,0.0,0.0,0.0,1.0,-0.0,0,0
85,0.0,0.0,0.0,1.0,-0.0,0,0
86,0.0,0.06336633663366337,0.11233152161332939,1.0,-0.0,0,0
87,0.0,0.10891089108910891,0.13650445892763635,1.0,-0.0,0,0
88,0.4,0.2158415841584158,0.20036238123787667,0.17901465055194316,0.7471114249223472,0,0
89,0.4,0.2158415841584158,0.20036238123787667,0.17901465055194316,0.7471114249223472,0,0
90,0.4,0.2158415841584158,0.20036238123787667,0.17901465055194316,0.7471114249223472,0,0
91,0.4,0.15247524752475244,0.15707352091130253,0.05752986192717221,1.2401066682887572,0,0
92,0.4,0.10495049504950493,0.11805036483793173,0.006221019559473783,2.206138433192264,0,0
93,0.0,0.0,0.0,1.0,-0.0,0,0
94,0.0,0.0,0.0,1.0,-0.0,0,0
95,0.0,0.0,0.0,1.0,-0.0,0,0
96,0.0,0.031683168316831684,0.07826167463512676,1.0,-0.0,0,0
97,0.0,0.031683168316831684,0.07826167463512676,1.0,-0.0,0,0
98,0.0,0.031683168316831684,0.07826167463512676,1.0,-0.0,0,0
99,0.0,0.0871287128712871,0.11745095149573798,1.0,-0.0,0,0
100,0.0,0.10891089108910887,0.14494724878689189,1.0,-0.0,0,0
101,0.0,0.07722772277227724,0.122580495370631,1.0,-0.0,0,0
102,0.0,0.07722772277227724,0.122580495370631,1.0,-0.0,0,0
103,0.0,0.1287128712871287,0.15307840071356582,1.0,-0.0,0,0
104,0.0,0.11089108910891088,0.12734998170941408,1.0,-0.0,0,0
105,0.0,0.0891089108910891,0.12420120222231065,1.0,-0.0,0,0
106,0.0,0.0891089108910891,0.12420120222231065,1.0,-0.0,0,0
107,0.0,0.0891089108910891,0.12420120222231065,1.0,-0.0,0,0
108,0.0,0.03762376237623763,0.08771182015980239,1.0,-0.0,0,0
109,0.0,0.1485148514851485,0.1703891070439521,1.0,-0.0,0,0
110,0.2,0.16831683168316827,0.18181194346357277,0.4308292289144678,0.3656948403655715,0,0
111,0.4,0.19801980198019797,0.189830668692386,0.14366391242846982,0.8426523105119466,0,0
112,0.4,0.19801980198019797,0.189830668692386,0.14366391242846982,0.8426523105119466,0,0
113,0.4,0.19801980198019797,0.189830668692386,0.14366391242846982,0.8426523105119466,0,0
114,0.4,0.049504950495049514,0.09078727434730813,5.655013932087107e-05,4.247566320779003,0,0
115,0.2,0.0297029702970297,0.07112192077650681,0.008322928729312118,2.079723824290396,0,0
116,0.0,0.0,0.0,1.0,-0.0,0,0
117,0.0,0.0,0.0,1.0,-0.0,0,0
118,0.0,0.0,0.0,1.0,-0.0,0,0
119,0.0,0.0,0.0,1.0,-0.0,0,0
120,0.0,0.0,0.0,1.0,-0.0,0,0
121,0.0,0.0,0.0,1.0,-0.0,0,0
122,0.0,0.0,0.0,1.0,-0.0,0,0
123,0.0,0.0,0.0,1.0,-0.0,0,0
124,0.0,0.0,0.0,1.0,-0.0,0,0
125,0.0,0.0,0.0,1.0,-0.0,0,0
126,0.0,0.0,0.0,1.0,-0.0,0,0
127,0.0,0.0,0.0,1.0,-0.0,0,0
128,0.0,0.0,0.0,1.0,-0.0,0,0
129,0.0,0.0,0.0,1.0,-0.0,0,0
130,0.0,0.0,0.0,1.0,-0.0,0,0
131,0.0,0.0,0.0,1.0,-0.0,0,0
132,0.0,0.0,0.0,1.0,-0.0,0,0
133,0.0,0.0,0.0,1.0,-0.0,0,0
134,0.0,0.0,0.0,1.0,-0.0,0,0
135,0.0,0.0,0.0,1.0,-0.0,0,0
136,0.0,0.0,0.0,1.0,-0.0,0,0
137,0.0,0.0,0.0,1.0,-0.0,0,0
138,0.0,0.14059405940594058,0.14224384155301362,1.0,-0.0,0,0
139,0.0,0.14059405940594058,0.14224384155301362,1.0,-0.0,0,0
140,0.0,0.14059405940594058,0.14224384155301362,1.0,-0.0,0,0
141,0.0,0.14059405940594058,0.14224384155301362,1.0,-0.0,0,0
142,0.4,0.29504950495049503,0.18367871089592444,0.283870758993549,0.5468793410485899,0,0
143,0.4,0.21386138613861383,0.15223074133689166,0.11071396039087301,0.9557976136429063,0,0
144,0.4,0.21386138613861383,0.15223074133689166,0.11071396039087301,0.9557976136429063,0,0
145,0.4,0.21386138613861383,0.15223074133689166,0.11071396039087301,0.9557976136429063,0,0
146,0.4,0.21386138613861383,0.15223074133689166,0.11071396039087301,0.9557976136429063,0,0
147,0.4,0.27524752475247527,0.1884832322263888,0.25402543639768915,0.5951227938759007,0,0
148,0.8,0.47326732673267324,0.26806644998157625,0.11145064947960638,0.9529173963215875,0,0
149,0.8,0.5188118811881188,0.28587640869256103,0.16265604097764724,0.7887298025663398,1,0
150,0.8,0.5188118811881188,0.28587640869256103,0.16265604097764724,0.7887298025663398,0,0
151,0.8,0.5188118811881188,0.28587640869256103,0.16265604097764724,0.7887298025663398,0,0
152,0.4,0.299009900990099,0.2262457480613321,0.32766374769047846,0.48457160576107083,0,0
153,0.0,0.04356435643564357,0.08721867542790195,1.0,-0.0,0,0
154,0.0,0.0,0.0,1.0,-0.0,0,0
155,0.0,0.0,0.0,1.0,-0.0,0,0
156,0.0,0.0,0.0,1.0,-0.0,0,0
157,0.0,0.023762376237623766,0.06471340450838889,1.0,-0.0,0,0
158,0.0,0.023762376237623766,0.06471340450838889,1.0,-0.0,0,0
159,0.0,0.061386138613861385,0.09224407682259103,1.0,-0.0,0,0
160,0.0,0.07920792079207921,0.10178294871997146,1.0,-0.0,0,0
161,0.0,0.07920792079207921,0.10178294871997146,1.0,-0.0,0,0
162,0.0,0.05544554455445544,0.09384550979067553,1.0,-0.0,0,0
163,0.0,0.05544554455445544,0.09384550979067553,1.0,-0.0,0,0
164,0.0,0.1089108910891089,0.13057300215314482,1.0,-0.0,0,0
165,0.0,0.24950495049504945,0.19172162285084568,1.0,-0.0,0,0
166,0.0,0.37227722772277244,0.23719433144061855,1.0,-0.0,0,0
167,0.0,0.37227722772277244,0.23719433144061855,1.0,-0.0,0,0
168,0.0,0.46732673267326735,0.26442873635839365,1.0,-0.0,1,0
169,0.0,0.37623762376237624,0.2274039955636529,1.0,-0.0,0,0
170,0.0,0.2178217821782178,0.18260818825185748,1.0,-0.0,0,0
171,0.0,0.12376237623762375,0.1401191253095801,1.0,-0.0,0,0
172,0.0,0.12376237623762375,0.1401191253095801,1.0,-0.0,0,0
173,0.0,0.04950495049504951,0.09504950495049506,1.0,-0.0,0,0
174,0.2,0.15247524752475247,0.15453158823862712,0.37921592529479975,0.4211134326144916,0,0
175,0.2,0.18019801980198016,0.1813152180952015,0.45651677193048895,0.3405432623288975,0,0
176,0.2,0.15247524752475244,0.16685445095398732,0.3878881137404293,0.41129352851036954,0,0
177,0.2,0.18019801980198016,0.1791176404070512,0.45598543698168925,0.34104902737830095,0,0
178,0.2,0.1584158415841584,0.17192407185067915,0.4044384580337892,0.3931475540757625,0,0
179,0.2,0.2514851485148515,0.2003036612499294,1.0,-0.0,0,0
180,0.2,0.22376237623762374,0.19957802754687703,1.0,-0.0,0,0
181,0.2,0.2851485148514852,0.22924159879176859,1.0,-0.0,0,0
182,0.2,0.40198019801980206,0.25250436640467455,1.0,-0.0,0,0
183,0.2,0.4356435643564356,0.2777505677836268,1.0,-0.0,0,0
184,0.0,0.23960396039603957,0.1970471160025168,1.0,-0.0,0,0
185,0.0,0.27326732673267323,0.21566892903767937,1.0,-0.0,0,0
186,0.0,0.21188118811881182,0.18200594523684843,1.0,-0.0,0,0
187,0.0,0.27722772277227725,0.2124264290202596,1.0,-0.0,0,0
188,0.0,0.24356435643564353,0.19821772287116352,1.0,-0.0,0,0
189,0.0,0.2574257425742575,0.2074582313458819,1.0,-0.0,0,0
190,0.2,0.33663366336633666,0.2547461451538338,1.0,-0.0,0,0
191,0.2,0.3603960396039604,0.27863855998951065,1.0,-0.0,0,0
192,0.2,0.1762376237623762,0.19353333422369295,0.4511399329110235,0.34568872937461453,0,0
193,0.2,0.24158415841584152,0.22217080519217025,1.0,-0.0,0,0
194,0.2,0.22772277227722765,0.21253715429700973,1.0,-0.0,0,0
195,0.0,0.11485148514851483,0.15246238855382305,1.0,-0.0,0,0
196,0.0,0.2950495049504951,0.22966882641422537,1.0,-0.0,0,0
197,0.0,0.42970297029702975,0.2615810854182754,1.0,-0.0,0,0
198,0.0,0.6079207920792079,0.2668789796250526,1.0,-0.0,0,0
199,0.2,0.7346534653465349,0.2926274431897893,1.0,-0.0,0,0
200,0.2,0.7702970297029704,0.2983600570695475,1.0,-0.0,0,0
201,0.4,0.6019801980198021,0.2735828283432957,1.0,-0.0,0,0
202,0.4,0.44158415841584164,0.22394630134846624,1.0,-0.0,0,0
203,0.8,0.2811881188118812,0.20329604384492034,0.00535529741184619,2.271216405180034,0,0
204,0.6,0.1564356435643564,0.15569444662458046,0.0021932478754332243,2.6589122826638363,0,0
205,0.6,0.11980198019801978,0.13498793637349912,0.00018731438974256635,3.7274288582588078,0,0
206,0.4,0.08316831683168316,0.10996786833199856,0.0019812632013890058,2.7030578266734806,0,0
207,0.4,0.08316831683168316,0.10996786833199856,0.0019812632013890058,2.7030578266734806,0,0
