,foreground,bg_means,bg_stdev,pvals,minus_logs,regs,active
2,0.0,0.34851485148514855,0.22277007699683535,1.0,-0.0,0,0
3,0.0,0.5603960396039604,0.30444860332004015,1.0,-0.0,0,0
4,0.0,0.5603960396039604,0.30444860332004015,1.0,-0.0,0,0
5,0.0,0.5603960396039604,0.30444860332004015,1.0,-0.0,0,0
6,0.0,0.41980198019801973,0.2647695811175969,1.0,-0.0,0,0
7,0.0,0.4257425742574257,0.2604844935034511,1.0,-0.0,0,0
8,0.0,0.19405940594059404,0.18764923153239027,1.0,-0.0,0,0
9,0.0,0.19405940594059404,0.18764923153239027,1.0,-0.0,0,0
10,0.0,0.19405940594059404,0.18764923153239027,1.0,-0.0,0,0
11,0.0,0.023762376237623766,0.07056843438101175,1.0,-0.0,0,0
12,0.0,0.017821782178217824,0.0635517090529949,1.0,-0.0,0,0
13,0.0,0.0,0.0,1.0,-0.0,0,0
14,0.0,0.0,0.0,1.0,-0.0,0,0
15,0.0,0.0,0.0,1.0,-0.0,0,0
16,0.0,0.0,0.0,1.0,-0.0,0,0
17,0.0,0.0,0.0,1.0,-0.0,0,0
18,0.0,0.023762376237623766,0.06471340450838889,1.0,-0.0,0,0
19,0.0,0.023762376237623766,0.06471340450838889,1.0,-0.0,0,0
20,0.0,0.023762376237623766,0.06471340450838889,1.0,-0.0,0,0
21,0.0,0.04752475247524753,0.09397077637785879,1.0,-0.0,0,0
22,0.0,0.04752475247524753,0.09397077637785879,1.0,-0.0,0,0
23,0.0,0.06336633663366337,0.10504385908811757,1.0,-0.0,0,0
24,0.0,0.09306930693069305,0.12448501897427097,1.0,-0.0,0,0
25,0.0,0.2732673267326733,0.2081940684087239,1.0,-0.0,0,0
26,0.0,0.2693069306930693,0.20954574833442655,1.0,-0.0,0,0
27,0.0,0.2792079207920792,0.21814557392349168,1.0,-0.0,0,0
28,0.0,0.2396039603960396,0.20102667569442348,1.0,-0.0,0,0
29,0.0,0.2178217821782178,0.18476425418501982,1.0,-0.0,0,0
30,0.0,0.041584158415841586,0.08116396646304633,1.0,-0.0,0,0
31,0.0,0.021782178217821784,0.06230547612891991,1.0,-0.0,0,0
32,0.0,0.041584158415841586,0.09877199139279148,1.0,-0.0,0,0
33,0.0,0.19207920792079206,0.19884974591102086,1.0,-0.0,0,0
34,0.0,0.18415841584158413,0.19229343978313213,1.0,-0.0,0,0
35,0.0,0.1801980198019802,0.1919260387558563,1.0,-0.0,0,0
36,0.0,0.1801980198019802,0.1919260387558563,1.0,-0.0,0,0
37,0.0,0.15049504950495046,0.16508249505478284,1.0,-0.0,0,0
38,0.0,0.0,0.0,1.0,-0.0,0,0
39,0.0,0.0,0.0,1.0,-0.0,0,0
40,0.0,0.0039603960396039604,0.027863855998951068,1.0,-0.0,0,0
41,0.0,0.0039603960396039604,0.027863855998951068,1.0,-0.0,0,0
42,0.0,0.015841584158415842,0.05401260078014202,1.0,-0.0,0,0
43,0.0,0.015841584158415842,0.05401260078014202,1.0,-0.0,0,0
44,0.0,0.015841584158415842,0.05401260078014202,1.0,-0.0,0,0
45,0.0,0.06732673267326734,0.1135467024699521,1.0,-0.0,0,0
46,0.0,0.07524752475247524,0.12539516989297084,1.0,-0.0,0,0
47,0.0,0.06336633663366337,0.11580349716604711,1.0,-0.0,0,0
48,0.0,0.06336633663366337,0.11580349716604711,1.0,-0.0,0,0
49,0.0,0.08316831683168316,0.12353642740976016,1.0,-0.0,0,0
50,0.0,0.03564356435643565,0.08626938974571076,1.0,-0.0,0,0
51,0.0,0.033663366336633666,0.08475617647141663,1.0,-0.0,0,0
52,0.0,0.057425742574257435,0.11021718851545144,1.0,-0.0,0,0
53,0.4,0.2376237623762376,0.2246455889250183,0.2348980932567486,0.6291205085158527,0,0
54,0.4,0.22574257425742572,0.2173893096493221,0.21139464413918596,0.6749060201045763,0,0
55,0.4,0.21782178217821782,0.2126662609241008,0.19582220636865127,0.7081380604566613,0,0
56,0.4,0.2118811881188119,0.2006361806176688,0.17422202194191427,0.758896950342272,0,0
57,0.4,0.18811881188118812,0.18200594523684843,0.12218276430656684,0.9129900534591441,0,0
58,0.0,0.007920792079207921,0.03900537743285587,1.0,-0.0,0,0
59,0.0,0.0,0.0,1.0,-0.0,0,0
60,0.2,0.021782178217821784,0.06230547612891991,0.002115616449879084,2.6745630648030154,0,0
61,0.2,0.021782178217821784,0.06230547612891991,0.002115616449879084,2.6745630648030154,0,0
62,0.2,0.021782178217821784,0.06230547612891991,0.002115616449879084,2.6745630648030154,0,0
63,0.2,0.021782178217821784,0.06230547612891991,0.002115616449879084,2.6745630648030154,0,0
64,0.6,0.07920792079207921,0.1322440226302099,4.106223372790966e-05,4.386557429312265,0,0
65,0.4,0.057425742574257435,0.11375371577303027,0.0012996160129178428,2.886184946235169,0,0
66,0.8,0.09108910891089109,0.14765427233510695,7.887696953947338e-07,6.103049783380824,0,0
67,0.8,0.09108910891089109,0.14765427233510695,7.887696953947338e-07,6.103049783380824,0,0
68,0.8,0.09108910891089109,0.14765427233510695,7.887696953947338e-07,6.103049783380824,0,0
69,0.4,0.033663366336633666,0.08475617647141663,7.72261192771888e-06,5.112235788531411,0,0
70,0.4,0.07326732673267328,0.13117223890438964,0.006371580749062655,2.195752808570668,0,0
71,0.0,0.06336633663366337,0.10874875419996817,1.0,-0.0,0,0
72,0.0,0.06336633663366337,0.10874875419996817,1.0,-0.0,0,0
73,0.2,0.08514851485148514,0.12379009590564582,0.17675768599419261,0.7526216925958915,0,0
74,0.2,0.08514851485148514,0.12379009590564582,0.17675768599419261,0.7526216925958915,0,0
75,0.2,0.05544554455445545,0.10575073206193021,0.0858227237563678,1.0663977063776964,0,0
76,0.2,0.04356435643564357,0.08721867542790196,0.03643831012751651,1.4384417721851057,0,0
77,1.2,0.12475247524752475,0.14583724862987696,8.347036338802408e-14,13.078467695794671,0,0
78,1.0,0.1089108910891089,0.14218869759220787,1.8409706976411675e-10,9.73495312401854,0,0
79,1.0,0.12475247524752475,0.1588360762784592,1.7902744750868343e-08,7.74708038026179,0,0
80,1.2,0.14257425742574253,0.16249693654596944,3.824200150873405e-11,10.417459385709456,0,0
81,1.2,0.12970297029702968,0.14994689122885185,4.74051906772106e-13,12.324174102227856,0,0
82,0.2,0.10495049504950493,0.12457948087149172,0.22274280177626504,0.652196321856115,0,0
83,0.2,0.11485148514851483,0.130031327995105,0.25628835809898753,0.5912711211985167,0,0
84,0.2,0.09900990099009899,0.12781100644043505,0.21471955559663825,0.6681284003660175,0,0
85,0.0,0.07326732673267328,0.11159606181073561,1.0,-0.0,0,0
86,0.0,0.07326732673267328,0.11159606181073561,1.0,-0.0,0,0
87,0.0,0.015841584158415842,0.05401260078014202,1.0,-0.0,0,0
88,0.0,0.0,0.0,1.0,-0.0,0,0
89,0.0,0.0,0.0,1.0,-0.0,0,0
90,0.0,0.0,0.0,1.0,-0.0,0,0
91,0.0,0.0,0.0,1.0,-0.0,0,0
92,0.0,0.0,0.0,1.0,-0.0,0,0
93,0.0,0.013861386138613863,0.05079507064705211,1.0,-0.0,0,0
94,0.0,0.031683168316831684,0.07826167463512675,1.0,-0.0,0,0
95,0.0,0.05346534653465347,0.10489443673781407,1.0,-0.0,0,0
96,0.0,0.07524752475247524,0.12219602867755656,1.0,-0.0,0,0
97,0.0,0.07524752475247524,0.12219602867755656,1.0,-0.0,0,0
98,0.0,0.061386138613861385,0.11515834731523733,1.0,-0.0,0,0
99,0.0,0.10099009900990098,0.12781100644043505,1.0,-0.0,0,0
100,0.0,0.17029702970297025,0.16976661583645788,1.0,-0.0,0,0
101,0.0,0.2712871287128713,0.2226468293652734,1.0,-0.0,0,0
102,0.0,0.4475247524752475,0.2759660114693925,1.0,-0.0,0,0
103,0.0,0.6217821782178218,0.33994873241782075,1.0,-0.0,0,0
104,0.0,0.5801980198019802,0.31403468370601395,1.0,-0.0,0,0
105,0.0,0.5148514851485149,0.268986413810486,1.0,-0.0,0,0
106,0.0,0.39207920792079215,0.23023155297120118,1.0,-0.0,0,0
107,0.0,0.2158415841584158,0.17504323271769953,1.0,-0.0,0,0
108,0.0,0.051485148514851496,0.10011267057239238,1.0,-0.0,0,0
109,0.0,0.03564356435643565,0.08626938974571076,1.0,-0.0,0,0
110,0.0,0.041584158415841586,0.09039772047931348,1.0,-0.0,0,0
111,0.0,0.041584158415841586,0.09039772047931348,1.0,-0.0,0,0
112,0.0,0.041584158415841586,0.09039772047931348,1.0,-0.0,0,0
113,0.0,0.04752475247524753,0.08965727859541997,1.0,-0.0,0,0
114,0.0,0.05940594059405942,0.09562531855564071,1.0,-0.0,0,0
115,0.0,0.031683168316831684,0.0730260947112308,1.0,-0.0,0,0
116,0.0,0.031683168316831684,0.0730260947112308,1.0,-0.0,0,0
117,0.0,0.031683168316831684,0.0730260947112308,1.0,-0.0,0,0
118,0.0,0.023762376237623766,0.07056843438101175,1.0,-0.0,0,0
119,0.0,0.011881188118811883,0.055019580156236855,1.0,-0.0,0,0
120,0.0,0.007920792079207921,0.03900537743285587,1.0,-0.0,0,0
121,0.0,0.007920792079207921,0.03900537743285587,1.0,-0.0,0,0
122,0.0,0.007920792079207921,0.03900537743285587,1.0,-0.0,0,0
123,0.0,0.0,0.0,1.0,-0.0,0,0
124,0.0,0.0,0.0,1.0,-0.0,0,0
125,0.0,0.0,0.0,1.0,-0.0,0,0
126,0.0,0.0,0.0,1.0,-0.0,0,0
127,0.0,0.0,0.0,1.0,-0.0,0,0
128,0.0,0.0,0.0,1.0,-0.0,0,0
129,0.0,0.0,0.0,1.0,-0.0,0,0
130,0.0,0.0,0.0,1.0,-0.0,0,0
131,0.0,0.0,0.0,1.0,-0.0,0,0
132,0.0,0.0,0.0,1.0,-0.0,0,0
133,0.0,0.021782178217821784,0.06230547612891991,1.0,-0.0,0,0
134,0.0,0.021782178217821784,0.06230547612891991,1.0,-0.0,0,0
135,0.0,0.07524752475247526,0.11553229422427584,1.0,-0.0,0,0
136,0.0,0.11089108910891088,0.1420507440353343,1.0,-0.0,0,0
137,0.0,0.14059405940594058,0.15806892707703052,1.0,-0.0,0,0
138,0.0,0.11683168316831682,0.14696218071508493,1.0,-0.0,0,0
139,0.0,0.12079207920792079,0.1517663861889879,1.0,-0.0,0,0
140,0.0,0.09900990099009897,0.14246420394934614,1.0,-0.0,0,0
141,0.0,0.06336633663366337,0.1158034971660471,1.0,-0.0,0,0
142,0.0,0.03564356435643565,0.08626938974571075,1.0,-0.0,0,0
143,0.0,0.04554455445544555,0.09700949476369022,1.0,-0.0,0,0
144,0.2,0.12871287128712872,0.16309909134236833,0.3310271594374546,0.4801363726595352,0,0
145,0.4,0.2138613861386138,0.1914145896807061,0.1654166162974663,0.7814208671907223,0,0
146,0.6,0.2455445544554455,0.21038613838088596,0.04601501374614806,1.3371004438998293,0,0
147,0.6,0.3168316831683168,0.2375907567836934,0.11666352156673955,0.9330649182375697,0,0
148,0.6,0.3455445544554455,0.25466917094293506,0.15885840765339942,0.798989794995792,0,0
149,0.4,0.3544554455445545,0.23861180722997338,0.42431254217924486,0.3723141308100213,0,0
150,0.4,0.3485148514851486,0.22277007699683543,0.40861335504255686,0.3886874430718933,0,0
151,0.2,0.34059405940594073,0.21717275042938927,1.0,-0.0,0,0
152,0.2,0.38613861386138615,0.22384121979047228,1.0,-0.0,0,0
153,0.2,0.3782178217821782,0.22673051146878956,1.0,-0.0,0,0
154,0.2,0.29504950495049503,0.2098449392750725,1.0,-0.0,0,0
155,0.0,0.1861386138613861,0.17856950998171084,1.0,-0.0,0,0
156,0.0,0.19009900990099005,0.18320845158368915,1.0,-0.0,0,0
157,0.0,0.0712871287128713,0.12454800153280307,1.0,-0.0,0,0
158,0.0,0.07524752475247526,0.1189108498693262,1.0,-0.0,0,0
159,0.0,0.061386138613861385,0.10806149425459212,1.0,-0.0,0,0
160,0.0,0.061386138613861385,0.10806149425459212,1.0,-0.0,0,0
161,0.0,0.033663366336633666,0.07994704648786674,1.0,-0.0,0,0
162,0.0,0.033663366336633666,0.07994704648786674,1.0,-0.0,0,0
163,0.0,0.009900990099009901,0.04338396495090424,1.0,-0.0,0,0
164,0.2,0.03564356435643565,0.09074407316744236,0.03505429232785737,1.4552587959521426,0,0
165,0.2,0.03564356435643565,0.09074407316744236,0.03505429232785737,1.4552587959521426,0,0
166,0.2,0.05148514851485149,0.10399339410297728,0.07662893002971194,1.1156072384578781,0,0
167,0.2,0.07920792079207921,0.12611234319279727,0.16907845647801412,0.7719117255114654,0,0
168,0.4,0.10495049504950493,0.1337769960717191,0.01370837689907432,1.8630139635551264,0,0
169,0.2,0.08118811881188118,0.11320083903331847,0.14695858512597854,0.8328050379416199,0,0
170,0.2,0.08514851485148513,0.12054836637801526,0.170360417514063,0.7686313042414474,0,0
171,0.2,0.12277227722772276,0.16160162980675774,0.31636442600450343,0.49981235721777173,0,0
172,0.2,0.13663366336633664,0.17103226044902323,0.3555074184401462,0.44915133233504534,0,0
173,0.0,0.12475247524752475,0.15883607627845922,1.0,-0.0,0,0
174,0.2,0.20198019801980197,0.2019607833806434,1.0,-0.0,0,0
175,0.6,0.23366336633663368,0.2088522276979835,0.03971122282860177,1.4010867394901996,0,0
176,0.8,0.3178217821782178,0.23731002390613173,0.0210844547233065,1.6760376260326233,0,0
177,1.4,0.4118811881188118,0.2740553997303477,0.00015574983089426043,3.8075724162047764,0,0
178,1.4,0.5089108910891088,0.30768989464641633,0.001889386770994773,2.7236791297885796,0,0
179,1.8,0.5099009900990098,0.3250300673052957,3.606197846028151e-05,4.442950450358694,0,0
180,2.0,0.6,0.33300313678539256,1.3102409677639083e-05,4.882648825453886,0,0
181,2.8,0.6356435643564357,0.3189041130961964,5.730166880580681e-12,11.241832729819702,0,0
182,2.2,0.502970297029703,0.28785841044560123,1.869297618729754e-09,8.72832154726646,0,0
183,2.2,0.38217821782178224,0.2565560327518694,6.928426141719763e-13,12.159365408331102,0,0
184,1.8,0.3247524752475248,0.2546229752468856,3.4395291415247303e-09,8.46350100662439,0,0
185,1.2,0.19999999999999996,0.20872076187012056,8.293875808835e-07,6.081242471979171,0,0
186,0.2,0.025742574257425748,0.07264925278354116,0.008228653963589683,2.084671200510097,0,0
187,0.2,0.031683168316831684,0.08780118525701135,0.02761754819185322,1.5588148794870293,0,0
188,0.4,0.039603960396039604,0.09342674148186496,5.727036148207492e-05,4.242070075675303,0,0
189,0.6,0.2910891089108911,0.2396775928101031,0.09872336025508917,1.0055800709424494,0,0
190,0.8,0.306930693069307,0.24626212619992896,0.022630897374502093,1.6452982247873151,0,0
191,0.8,0.31386138613861386,0.24576802351049826,0.02396218148704902,1.6204736468561396,0,0
192,1.0,0.31683168316831684,0.24253990461944713,0.002425799113106747,2.615145167064493,0,0
193,0.8,0.30891089108910896,0.23801947249610647,0.019545352124999003,1.708956501002189,0,0
194,0.4,0.0891089108910891,0.12420120222231065,0.006155109217616707,2.210764236447136,0,0
195,0.2,0.07326732673267328,0.10798889666879984,0.12028338488133551,0.919794358966917,0,0
196,0.2,0.06732673267326733,0.10255055347504202,0.09787844017657184,1.0093129603266378,0,0
197,0.0,0.05544554455445545,0.09797478714338996,1.0,-0.0,0,0
198,0.0,0.06930693069306931,0.10316052497133553,1.0,-0.0,0,0
199,0.0,0.025742574257425748,0.06697637435757531,1.0,-0.0,0,0
200,0.0,0.057425742574257435,0.09885135821266286,1.0,-0.0,0,0
201,0.0,0.057425742574257435,0.09885135821266286,1.0,-0.0,0,0
202,0.0,0.08712871287128712,0.11745095149573798,1.0,-0.0,0,0
203,0.0,0.07920792079207921,0.11631029826208643,1.0,-0.0,0,0
204,0.0,0.0712871287128713,0.11461224656227947,1.0,-0.0,0,0
205,0.0,0.05544554455445545,0.09797478714338996,1.0,-0.0,0,0
206,0.0,0.0613861386138614,0.10046456153636296,1.0,-0.0,0,0
207,0.0,0.031683168316831684,0.07302609471123078,1.0,-0.0,0,0
208,0.0,0.025742574257425745,0.06697637435757531,1.0,-0.0,0,0
209,0.2,0.039603960396039604,0.07970143286137865,0.02208567245422131,1.6558893730090944,0,0
210,0.2,0.023762376237623766,0.06471340450838887,0.003231121245907738,2.4906467450338194,0,0
211,0.2,0.031683168316831684,0.0730260947112308,0.01058647624307391,1.9752485727397298,0,0
212,0.2,0.047524752475247525,0.09809478080396704,0.06004850186537829,1.2214978232271951,0,0
213,0.2,0.047524752475247525,0.09809478080396704,0.06004850186537829,1.2214978232271951,0,0
214,0.0,0.0297029702970297,0.08622392497852371,1.0,-0.0,0,0
215,0.0,0.0297029702970297,0.08622392497852371,1.0,-0.0,0,0
216,0.0,0.049504950495049514,0.10304643034659554,1.0,-0.0,0,0
217,0.0,0.03564356435643565,0.08626938974571076,1.0,-0.0,0,0
218,0.0,0.06534653465346535,0.10939585993610405,1.0,-0.0,0,0
219,0.0,0.0712871287128713,0.11461224656227946,1.0,-0.0,0,0
220,0.0,0.10297029702970298,0.1396285351588451,1.0,-0.0,0,0
221,0.0,0.17227722772277226,0.17126137275595765,1.0,-0.0,0,0
222,0.0,0.2693069306930693,0.20184425632985362,1.0,-0.0,0,0
223,0.0,0.24158415841584158,0.19359410776396424,1.0,-0.0,0,0
224,0.0,0.2851485148514852,0.21681133771359987,1.0,-0.0,0,0
225,0.0,0.4257425742574257,0.24961493725397105,1.0,-0.0,0,0
226,0.0,0.36237623762376237,0.23833227705628676,1.0,-0.0,0,0
227,0.2,0.38811881188118813,0.2754967174564544,1.0,-0.0,0,0
228,0.2,0.49702970297029697,0.2837009461396029,1.0,-0.0,0,0
229,0.2,0.48514851485148514,0.28886467372373026,1.0,-0.0,0,0
230,0.2,0.3227722772277228,0.22685154046130196,1.0,-0.0,0,0
231,0.2,0.29504950495049503,0.2347850239053802,1.0,-0.0,0,0
232,0.0,0.17029702970297028,0.17885474744676658,1.0,-0.0,0,0
233,0.0,0.061386138613861385,0.1080614942545921,1.0,-0.0,0,0
234,0.0,0.023762376237623766,0.07056843438101174,1.0,-0.0,0,0
235,0.0,0.019801980198019802,0.0717804711302648,1.0,-0.0,0,0
236,0.0,0.12673267326732673,0.15599637537608815,1.0,-0.0,0,0
237,0.0,0.15445544554455443,0.16858452795083376,1.0,-0.0,0,0
238,0.0,0.21980198019801975,0.20000980272026073,1.0,-0.0,0,0
239,0.0,0.2376237623762376,0.2081752332823988,1.0,-0.0,0,0
240,0.0,0.25742574257425743,0.2074582313458819,1.0,-0.0,0,0
241,0.0,0.20198019801980197,0.19190560696373415,1.0,-0.0,0,0
242,0.0,0.1762376237623762,0.19147603570112592,1.0,-0.0,0,0
243,0.0,0.10891089108910891,0.1529246303073887,1.0,-0.0,0,0
244,0.0,0.11683168316831682,0.14146987009498416,1.0,-0.0,0,0
245,0.0,0.09702970297029702,0.124642415697871,1.0,-0.0,0,0
246,0.0,0.03564356435643565,0.07653920035678292,1.0,-0.0,0,0
247,0.0,0.039603960396039604,0.08908690597387718,1.0,-0.0,0,0
248,0.0,0.04554455445544555,0.09283729243351323,1.0,-0.0,0,0
249,0.0,0.019801980198019802,0.059735061897023205,1.0,-0.0,0,0
250,0.0,0.01386138613861386,0.05079507064705211,1.0,-0.0,0,0
251,0.0,0.01386138613861386,0.05079507064705211,1.0,-0.0,0,0
252,0.0,0.013861386138613863,0.05807080514303042,1.0,-0.0,0,0
253,0.0,0.0039603960396039604,0.02786385599895106,1.0,-0.0,0,0
254,0.0,0.0039603960396039604,0.02786385599895106,1.0,-0.0,0,0
255,0.0,0.0039603960396039604,0.02786385599895106,1.0,-0.0,0,0
256,0.0,0.0039603960396039604,0.02786385599895106,1.0,-0.0,0,0
257,0.0,0.0,0.0,1.0,-0.0,0,0
258,0.0,0.0,0.0,1.0,-0.0,0,0
259,0.0,0.0,0.0,1.0,-0.0,0,0
260,0.0,0.0,0.0,1.0,-0.0,0,0
261,0.0,0.0,0.0,1.0,-0.0,0,0
262,0.0,0.0,0.0,1.0,-0.0,0,0
263,0.0,0.0,0.0,1.0,-0.0,0,0
264,0.0,0.015841584158415842,0.05401260078014202,1.0,-0.0,0,0
265,0.0,0.021782178217821784,0.06230547612891991,1.0,-0.0,0,0
266,0.0,0.021782178217821784,0.06230547612891991,1.0,-0.0,0,0
267,0.0,0.24158415841584158,0.22038100524277598,1.0,-0.0,0,0
268,0.0,0.29108910891089107,0.22781745771516287,1.0,-0.0,0,0
269,0.0,0.37227722772277244,0.27435570316226526,1.0,-0.0,0,0
270,0.2,0.6613861386138613,0.37203489057864175,1.0,-0.0,0,0
271,0.8,0.8752475247524751,0.4331340863419767,1.0,-0.0,0,0
272,1.0,0.7148514851485147,0.41300304187354864,0.24496280268586662,0.610899857736428,0,0
273,1.4,0.8732673267326732,0.4237716293983738,0.1069406395717123,0.9708572228760856,0,0
274,1.8,1.0712871287128714,0.45518718457646273,0.054698632660332806,1.2620235298913307,0,0
275,1.6,0.7900990099009898,0.37903079905554254,0.016308421480199536,1.7875880730256504,0,0
276,1.0,0.5762376237623763,0.32613807282322704,0.09691461840035838,1.0136107099278295,0,0
277,0.8,0.5663366336633664,0.2952687071974508,0.21436744440549355,0.6688411694858225,0,0
278,1.0,0.5465346534653466,0.3132595660627627,0.07386858539810837,1.1315402177473646,0,0
279,0.6,0.2514851485148515,0.2173712712881203,0.05443244564285221,1.2641421524487833,0,0
280,0.6,0.2376237623762376,0.2119459510536183,0.04365533710680642,1.359962653806224,0,0
281,0.6,0.2376237623762376,0.2119459510536183,0.04365533710680642,1.359962653806224,0,0
282,0.6,0.1881188118811881,0.18200594523684843,0.011817550991416955,1.9274725150886634,0,0
283,0.0,0.0,0.0,1.0,-0.0,0,0
284,0.0,0.0,0.0,1.0,-0.0,0,0
285,0.0,0.0,0.0,1.0,-0.0,0,0
286,0.0,0.0,0.0,1.0,-0.0,0,0
287,0.0,0.0,0.0,1.0,-0.0,0,0
288,0.0,0.0,0.0,1.0,-0.0,0,0
289,0.0,0.0,0.0,1.0,-0.0,0,0
290,0.0,0.0,0.0,1.0,-0.0,0,0
291,0.0,0.0,0.0,1.0,-0.0,0,0
292,0.0,0.0,0.0,1.0,-0.0,0,0
293,0.0,0.0,0.0,1.0,-0.0,0,0
294,0.0,0.013861386138613863,0.05079507064705211,1.0,-0.0,0,0
295,0.0,0.04950495049504951,0.09912864166957489,1.0,-0.0,0,0
296,0.2,0.29900990099009905,0.2527061650268241,1.0,-0.0,0,0
297,0.2,0.46534653465346537,0.3097222145903707,1.0,-0.0,0,0
298,0.2,0.5277227722772277,0.31657786863134635,1.0,-0.0,0,0
299,0.2,0.5346534653465347,0.3109982788034114,1.0,-0.0,0,0
300,0.2,0.5287128712871287,0.29191638354646154,1.0,-0.0,0,0
301,0.0,0.27722772277227725,0.20866439401694245,1.0,-0.0,0,0
302,0.0,0.14653465346534653,0.1564231101634178,1.0,-0.0,0,0
303,0.0,0.19801980198019797,0.179095747399525,1.0,-0.0,0,0
304,0.0,0.22970297029702966,0.21133454050622985,1.0,-0.0,0,0
305,0.0,0.19999999999999996,0.2048906977385796,1.0,-0.0,0,0
306,0.0,0.19999999999999996,0.2048906977385796,1.0,-0.0,0,0
307,0.0,0.16633663366336632,0.19308707712077477,1.0,-0.0,0,0
308,0.0,0.05148514851485149,0.10399339410297728,1.0,-0.0,0,0
309,0.0,0.0,0.0,1.0,-0.0,0,0
310,0.0,0.0,0.0,1.0,-0.0,0,0
311,0.0,0.0,0.0,1.0,-0.0,0,0
312,0.0,0.20594059405940596,0.1979207673143487,1.0,-0.0,0,0
313,0.0,0.21188118811881188,0.2026004841572858,1.0,-0.0,0,0
314,0.0,0.21188118811881188,0.2026004841572858,1.0,-0.0,0,0
315,0.0,0.21188118811881188,0.2026004841572858,1.0,-0.0,0,0
316,0.0,0.2514851485148515,0.21183491675748647,1.0,-0.0,0,0
317,0.0,0.05148514851485149,0.1001126705723924,1.0,-0.0,0,0
318,0.0,0.08514851485148513,0.12379009590564581,1.0,-0.0,0,0
319,0.0,0.09900990099009901,0.13386490123687583,1.0,-0.0,0,0
320,0.0,0.23366336633663365,0.20885222769798348,1.0,-0.0,0,0
321,0.0,0.19405940594059407,0.18552669588707663,1.0,-0.0,0,0
322,0.0,0.2198019801980198,0.19192603875585632,1.0,-0.0,0,0
323,0.0,0.1801980198019802,0.18775368421597713,1.0,-0.0,0,0
324,0.0,0.22772277227722768,0.2030065169325038,1.0,-0.0,0,0
325,0.0,0.09306930693069305,0.12448501897427097,1.0,-0.0,0,0
326,0.0,0.09306930693069305,0.12448501897427097,1.0,-0.0,0,0
327,0.0,0.10297029702970295,0.13676274574124359,1.0,-0.0,0,0
328,0.0,0.15247524752475247,0.16685445095398732,1.0,-0.0,0,0
329,0.0,0.12079207920792079,0.15689867556071532,1.0,-0.0,0,0
330,0.0,0.1306930693069307,0.16753458295712845,1.0,-0.0,0,0
331,0.0,0.17227722772277226,0.17582552776572763,1.0,-0.0,0,0
332,0.0,0.15643564356435644,0.16793200037318168,1.0,-0.0,0,0
333,0.0,0.11485148514851484,0.15246238855382305,1.0,-0.0,0,0
334,0.0,0.18415841584158413,0.17951125796479814,1.0,-0.0,0,0
335,0.0,0.28118811881188116,0.21281371544757102,1.0,-0.0,0,0
336,0.0,0.24158415841584158,0.19963696096837322,1.0,-0.0,0,0
337,0.0,0.299009900990099,0.21913197321283032,1.0,-0.0,0,0
338,0.0,0.3227722772277228,0.23709512153815077,1.0,-0.0,0,0
339,0.0,0.2217821782178218,0.19274153441415962,1.0,-0.0,0,0
340,0.0,0.11287128712871286,0.1390657415135005,1.0,-0.0,0,0
341,0.0,0.11287128712871286,0.1390657415135005,1.0,-0.0,0,0
342,0.0,0.09306930693069307,0.1422989641443302,1.0,-0.0,0,0
343,0.0,0.09900990099009899,0.1396566153069739,1.0,-0.0,0,0
344,0.0,0.1069306930693069,0.1422989641443302,1.0,-0.0,0,0
345,0.0,0.13663366336633662,0.16870078513860487,1.0,-0.0,0,0
346,0.0,0.17821782178217815,0.19067569294591244,1.0,-0.0,0,0
347,0.0,0.1603960396039604,0.18025241263723205,1.0,-0.0,0,0
348,0.2,0.13663366336633662,0.1733323781704483,0.3573403575499645,0.446917932380057,0,0
349,0.2,0.16237623762376235,0.1860754053201348,0.4198816245920285,0.3768731311084409,0,0
350,0.4,0.20396039603960398,0.20677667298545127,0.17154587136819427,0.7656197297418075,0,0
351,0.6,0.2851485148514852,0.26152111726402144,0.11430952491560094,0.9419175802264322,0,0
352,0.6,0.299009900990099,0.2558213522331668,0.11968486058479778,0.9219607817599282,0,0
353,0.4,0.299009900990099,0.2679201334759528,0.35310870349945667,0.45209157772094927,0,0
354,0.4,0.30495049504950494,0.27516916043806683,0.36488853840978885,0.4378397781359261,0,0
355,0.4,0.2673267326732673,0.2718141877307011,0.3127385123643097,0.5048186340195738,0,0
356,0.4,0.24356435643564353,0.22795511178072336,0.2462757338093276,0.6085783782213525,0,0
357,0.6,0.28316831683168314,0.24898578707326588,0.10159970930452634,0.9931075346467918,0,0
358,0.6,0.3009900990099009,0.2573648061921575,0.12265561873850613,0.9113125523802512,0,0
359,0.8,0.35247524752475257,0.2455924577993164,0.03421041523401373,1.4658416544689437,0,0
360,0.8,0.3425742574257426,0.2292244931245589,0.022992222482879694,1.6384190467646738,0,0
361,0.8,0.299009900990099,0.22624574806133213,0.013401926382527247,1.8728327719955375,0,0
362,0.8,0.23168316831683167,0.1964691763138608,0.0019100253017441567,2.718960879697252,0,0
363,0.8,0.2693069306930693,0.2132922386325306,0.00642132573814504,2.1923752988281313,0,0
364,0.6,0.18217821782178212,0.18476425418501982,0.01186793621247874,1.9256247965853057,0,0
365,0.4,0.2792079207920792,0.23050389558064985,0.3001271430738178,0.5226947258210123,0,0
366,0.2,0.3287128712871287,0.24305670351063902,1.0,-0.0,0,0
367,0.0,0.3960396039603961,0.2814111512632161,1.0,-0.0,0,0
368,0.2,0.37029702970297035,0.2777364497787998,1.0,-0.0,0,0
369,0.2,0.37029702970297035,0.2777364497787998,1.0,-0.0,0,0
370,0.2,0.24752475247524752,0.2254122996485762,1.0,-0.0,0,0
371,0.2,0.1594059405940594,0.1888884724227879,0.4149186660831232,0.3820370269821868,0,0
372,0.2,0.05940594059405942,0.1178841668604928,0.11650405553071382,0.9336589564924316,0,0
373,0.0,0.07326732673267326,0.13117223890438964,1.0,-0.0,0,0
374,0.0,0.07326732673267326,0.13117223890438964,1.0,-0.0,0,0
375,0.2,0.12475247524752475,0.16614793634378636,0.32531227300384363,0.48769955185094527,0,0
376,0.2,0.10891089108910891,0.15292463030738873,0.2757055103150342,0.5595545538960462,0,0
377,0.2,0.14257425742574256,0.16730036701294593,0.3657054399191405,0.436868579423254,0,0
378,0.2,0.08316831683168317,0.12670172889541695,0.17823816947726295,0.748999286728571,0,0
379,0.2,0.08316831683168317,0.12670172889541695,0.17823816947726295,0.748999286728571,0,0
380,0.0,0.031683168316831684,0.0730260947112308,1.0,-0.0,0,0
381,0.0,0.08118811881188118,0.11664694237642095,1.0,-0.0,0,0
382,0.2,0.10297029702970298,0.13084299831035082,0.22917288574708766,0.6398367665781116,0,0
383,0.2,0.10297029702970298,0.13084299831035082,0.22917288574708766,0.6398367665781116,0,0
384,0.2,0.14455445544554454,0.1569986110329885,0.3619844495191884,0.44131008591177023,0,0
385,0.2,0.15643564356435638,0.16793200037318168,0.3976568934569065,0.40049148456958916,0,0
386,0.2,0.14257425742574253,0.16491614109827335,0.3638405718553684,0.4390888744026611,0,0
387,0.0,0.11683168316831682,0.16232793292609266,1.0,-0.0,0,0
388,0.0,0.1900990099009901,0.19166025556535224,1.0,-0.0,0,0
389,0.0,0.1495049504950495,0.18327264890560932,1.0,-0.0,0,0
390,0.0,0.2198019801980198,0.1939785646932033,1.0,-0.0,0,0
391,0.2,0.25346534653465347,0.2104047755903286,1.0,-0.0,0,0
392,0.4,0.37425742574257437,0.24802326038576122,0.4586676171635286,0.3385019208308215,0,0
393,0.8,0.4712871287128712,0.27226102562054993,0.11364973614542863,0.9444315682163301,0,0
394,0.8,0.48316831683168304,0.2775669777098651,0.12683921372195955,0.8967464588341054,0,0
395,0.8,0.4198019801980198,0.24455245118832364,0.060012506882357944,1.221758231216989,0,0
396,1.0,0.5405940594059406,0.2678030227137296,0.043130267492383516,1.3652178483667803,0,0
397,1.0,0.5742574257425742,0.3065791663129371,0.08246393900112493,1.0837359243782754,0,0
398,0.8,0.5148514851485149,0.30616960892369344,0.17583842671118155,0.7548862106900854,0,0
399,1.0,0.691089108910891,0.31906391857872285,0.16647756440640787,0.7786442865482004,0,0
400,1.0,0.6732673267326733,0.3254520357077506,0.1577049844880687,0.8021545799656233,0,0
401,0.6,0.4831683168316832,0.29284176341860363,0.34496192617754595,0.4622288358353346,0,0
402,0.4,0.299009900990099,0.20416216108961588,0.3104213771353773,0.5080483787403438,0,0
403,0.2,0.1881188118811881,0.16367507580017285,0.47106615736060226,0.3269180955059621,0,0
404,0.0,0.0,0.0,1.0,-0.0,0,0
405,0.0,0.0,0.0,1.0,-0.0,0,0
406,0.4,0.10495049504950493,0.1556692594616519,0.029022269678067855,1.5372686266978683,0,0
407,0.4,0.1584158415841584,0.1696048562801098,0.07716620905699757,1.1125728348034023,0,0
408,0.4,0.32871287128712884,0.23811829727615705,0.38232622506867164,0.41756591120936953,0,0
409,0.6,0.3841584158415842,0.26203040911402015,0.20504728066192113,0.6881459859539323,0,0
410,0.6,0.4772277227722772,0.2910823734655518,0.3365933621639279,0.47289445284029835,0,0
411,0.4,0.5702970297029702,0.2675686474164831,1.0,-0.0,0,0
412,0.6,0.7603960396039601,0.31593933742858027,1.0,-0.0,0,0
413,0.6,0.6792079207920791,0.31726455577814333,1.0,-0.0,0,0
414,0.4,0.7267326732673268,0.3314806534112103,1.0,-0.0,0,0
415,0.6,0.8217821782178216,0.3908872771589788,1.0,-0.0,0,0
416,0.4,0.7702970297029701,0.38319773724901024,1.0,-0.0,0,0
417,0.2,0.6554455445544554,0.3425227455119153,1.0,-0.0,0,0
418,0.2,0.6495049504950494,0.3575559950265874,1.0,-0.0,0,0
419,0.4,0.6514851485148513,0.30785552140031713,1.0,-0.0,0,0
420,0.6,0.6237623762376238,0.29689766041966437,1.0,-0.0,0,0
421,0.6,0.4772277227722772,0.2594286136263338,0.31802059643528624,0.4975447522528975,0,0
422,0.6,0.35049504950495053,0.22761082052278836,0.1364975818397126,0.864875042417889,0,0
423,0.8,0.28910891089108914,0.20580726834291893,0.006525468272326395,2.1853883175850397,0,0
424,0.6,0.20198019801980194,0.17687059543257513,0.012213537142083756,1.9131585425395847,0,0
425,0.2,0.04158415841584158,0.09039772047931349,0.03984979219979861,1.3995739389282478,0,0
426,0.2,0.04158415841584158,0.09039772047931349,0.03984979219979861,1.3995739389282478,0,0
427,0.2,0.04158415841584158,0.09039772047931349,0.03984979219979861,1.3995739389282478,0,0
428,0.0,0.015841584158415842,0.05401260078014202,1.0,-0.0,0,0
429,0.0,0.11683168316831682,0.13575553664160483,1.0,-0.0,0,0
430,0.0,0.1465346534653465,0.148633615879566,1.0,-0.0,0,0
431,0.0,0.1465346534653465,0.148633615879566,1.0,-0.0,0,0
432,0.0,0.1465346534653465,0.148633615879566,1.0,-0.0,0,0
433,0.0,0.1465346534653465,0.148633615879566,1.0,-0.0,0,0
434,0.0,0.03762376237623763,0.07816140339006158,1.0,-0.0,0,0
435,0.0,0.009900990099009901,0.04338396495090424,1.0,-0.0,0,0
436,0.0,0.009900990099009901,0.04338396495090424,1.0,-0.0,0,0
437,0.0,0.015841584158415842,0.05401260078014202,1.0,-0.0,0,0
438,0.0,0.015841584158415842,0.05401260078014202,1.0,-0.0,0,0
439,0.0,0.0059405940594059415,0.03395332316729158,1.0,-0.0,0,0
440,0.0,0.021782178217821784,0.06836703565002801,1.0,-0.0,0,0
441,0.0,0.021782178217821784,0.06836703565002801,1.0,-0.0,0,0
442,0.0,0.033663366336633666,0.08475617647141663,1.0,-0.0,0,0
443,0.0,0.05346534653465347,0.09704990696905226,1.0,-0.0,0,0
444,0.0,0.07524752475247526,0.11205191564986228,1.0,-0.0,0,0
445,0.0,0.08910891089108909,0.12097048989545554,1.0,-0.0,0,0
446,0.0,0.12079207920792079,0.14094225464771679,1.0,-0.0,0,0
447,0.0,0.10297029702970298,0.13383560593042218,1.0,-0.0,0,0
448,0.0,0.0930693069306931,0.12762679639066948,1.0,-0.0,0,0
449,0.0,0.0712871287128713,0.11461224656227947,1.0,-0.0,0,0
450,0.0,0.06534653465346535,0.10571364605971598,1.0,-0.0,0,0
451,0.0,0.033663366336633666,0.07994704648786674,1.0,-0.0,0,0
452,0.0,0.033663366336633666,0.07994704648786674,1.0,-0.0,0,0
453,0.0,0.023762376237623766,0.06471340450838889,1.0,-0.0,0,0
454,0.0,0.023762376237623766,0.06471340450838889,1.0,-0.0,0,0
455,0.0,0.009900990099009901,0.04338396495090424,1.0,-0.0,0,0
456,0.0,0.009900990099009901,0.04338396495090424,1.0,-0.0,0,0
457,0.0,0.009900990099009901,0.04338396495090424,1.0,-0.0,0,0
458,0.0,0.009900990099009901,0.04338396495090424,1.0,-0.0,0,0
459,0.0,0.009900990099009901,0.04338396495090424,1.0,-0.0,0,0
460,0.0,0.0,0.0,1.0,-0.0,0,0
461,0.0,0.0,0.0,1.0,-0.0,0,0
462,0.0,0.015841584158415842,0.054012600780142014,1.0,-0.0,0,0
463,0.0,0.021782178217821784,0.06230547612891991,1.0,-0.0,0,0
464,0.0,0.021782178217821784,0.06230547612891991,1.0,-0.0,0,0
465,0.2,0.07326732673267328,0.11848138852793338,0.14239023387273103,0.8465197966586488,0,0
466,0.2,0.07326732673267328,0.11848138852793338,0.14239023387273103,0.8465197966586488,0,0
467,0.2,0.13663366336633662,0.1565233492702535,0.34279891491999714,0.4649605614425486,0,0
468,0.4,0.14257425742574256,0.16491614109827338,0.05926785149037623,1.2271808160170354,0,0
469,0.4,0.16237623762376235,0.17511042352027043,0.08739158722826525,1.0585303728140476,0,0
470,0.6,0.36039603960396044,0.23550207916544172,0.1544774062390476,0.81113503121161,0,0
471,0.6,0.39801980198019804,0.25250436640467455,0.211882125423636,0.6739056792368783,0,0
472,1.0,0.38019801980198026,0.26774444812363396,0.010309166167915404,1.9867764601595224,0,0
473,0.8,0.36831683168316837,0.26955434179779214,0.054636439355696766,1.2625176112767444,0,0
474,0.8,0.3782178217821782,0.28549209224055405,0.06978602424732584,1.1562315429927712,0,0
475,0.4,0.16237623762376235,0.17052712983454243,0.08173945547811313,1.087568259744543,0,0
476,0.4,0.12871287128712872,0.1581681231502246,0.04315592565441793,1.3649595637418739,0,0
477,0.0,0.07920792079207921,0.11966689053257921,1.0,-0.0,0,0
478,0.2,0.10693069306930691,0.13948804962658473,0.25231560183735696,0.598055894221315,0,0
479,0.2,0.07722772277227724,0.1193059036149867,0.15172703225002876,0.8189370368062708,0,0
480,0.2,0.08118811881188118,0.12951766673875512,0.17948195868240224,0.7459791996676153,0,0
481,0.2,0.07524752475247526,0.12851469892742934,0.16584253402843124,0.7803040749629362,0,0
482,0.2,0.06534653465346535,0.1262055870822035,0.1430000445571732,0.8446638272137393,0,0
483,0.0,0.06930693069306931,0.12084076279122662,1.0,-0.0,0,0
484,0.0,0.06930693069306931,0.12084076279122662,1.0,-0.0,0,0
485,0.0,0.031683168316831684,0.07826167463512675,1.0,-0.0,0,0
486,0.0,0.031683168316831684,0.07826167463512675,1.0,-0.0,0,0
487,0.0,0.03762376237623763,0.08771182015980238,1.0,-0.0,0,0
488,0.0,0.0059405940594059415,0.03395332316729158,1.0,-0.0,0,0
489,0.0,0.0059405940594059415,0.03395332316729158,1.0,-0.0,0,0
490,0.0,0.09108910891089109,0.13357165904190144,1.0,-0.0,0,0
491,0.0,0.11287128712871286,0.14736186103080443,1.0,-0.0,0,0
492,0.0,0.13663366336633662,0.15397233406965347,1.0,-0.0,0,0
493,0.0,0.16831683168316827,0.1728793392928091,1.0,-0.0,0,0
494,0.0,0.2495049504950495,0.22054108185862745,1.0,-0.0,0,0
495,0.0,0.16435643564356434,0.1766487584013007,1.0,-0.0,0,0
496,0.0,0.1425742574257426,0.16491614109827338,1.0,-0.0,0,0
497,0.0,0.11287128712871287,0.15002532217723416,1.0,-0.0,0,0
498,0.0,0.0891089108910891,0.13923481846532235,1.0,-0.0,0,0
499,0.0,0.015841584158415842,0.05401260078014201,1.0,-0.0,0,0
500,0.0,0.015841584158415842,0.05401260078014201,1.0,-0.0,0,0
501,0.0,0.015841584158415842,0.05401260078014201,1.0,-0.0,0,0
502,0.0,0.031683168316831684,0.0730260947112308,1.0,-0.0,0,0
503,0.0,0.023762376237623766,0.06471340450838887,1.0,-0.0,0,0
504,0.0,0.015841584158415842,0.05401260078014202,1.0,-0.0,0,0
505,0.0,0.015841584158415842,0.05401260078014202,1.0,-0.0,0,0
506,0.0,0.015841584158415842,0.05401260078014202,1.0,-0.0,0,0
507,0.0,0.0,0.0,1.0,-0.0,0,0
508,0.0,0.0,0.0,1.0,-0.0,0,0
509,0.0,0.0,0.0,1.0,-0.0,0,0
510,0.0,0.0,0.0,1.0,-0.0,0,0
511,0.0,0.015841584158415842,0.054012600780142014,1.0,-0.0,0,0
512,0.0,0.015841584158415842,0.054012600780142014,1.0,-0.0,0,0
513,0.0,0.021782178217821784,0.07393328595086918,1.0,-0.0,0,0
514,0.0,0.06732673267326733,0.1135467024699521,1.0,-0.0,0,0
515,0.0,0.0811881188118812,0.12325042629382522,1.0,-0.0,0,0
516,0.0,0.0891089108910891,0.12420120222231065,1.0,-0.0,0,0
517,0.0,0.14257425742574256,0.14981608173764543,1.0,-0.0,0,0
518,0.0,0.13663366336633662,0.1487391046195162,1.0,-0.0,0,0
519,0.0,0.0891089108910891,0.11765109526742927,1.0,-0.0,0,0
520,0.0,0.07524752475247526,0.10845991237726064,1.0,-0.0,0,0
521,0.0,0.06336633663366337,0.09721138779115705,1.0,-0.0,0,0
522,0.2,0.09306930693069305,0.1306930693069307,0.20662668774682014,0.6848135860465708,0,0
523,0.6,0.14851485148514848,0.16082329112274815,0.0024976489601756524,2.6024686009385634,0,0
524,0.6,0.1564356435643564,0.16793200037318168,0.00412902379298331,2.38415261455044,0,0
525,0.8,0.23366336633663365,0.18683249644342295,0.0012177039641626832,2.914458280140948,0,0
526,0.8,0.22178217821782176,0.18647536422960084,0.000965080160404647,3.015436612277392,0,0
527,0.6,0.14059405940594058,0.15297590428378585,0.0013361081351157998,2.8741583917230216,0,0
528,0.2,0.08514851485148514,0.12694907267187808,0.1828107949282391,0.7379981628727221,0,0
529,0.4,0.2158415841584158,0.17504323271769953,0.14638282373700084,0.8345098795198927,0,0
530,0.2,0.1564356435643564,0.15312962320143525,0.3880161724023068,0.41115017275963706,0,0
531,0.2,0.19009900990099005,0.17660435755646176,0.4776457645290032,0.3208940689594445,0,0
532,0.4,0.5445544554455446,0.34367704375029345,1.0,-0.0,0,0
533,0.6,0.5722772277227722,0.3481546293201728,0.4682666591432675,0.32950676313522076,0,0
534,0.4,0.4930693069306931,0.3521524832145489,1.0,-0.0,0,0
535,0.4,0.4752475247524752,0.3398910543549312,1.0,-0.0,0,0
536,0.4,0.4514851485148515,0.3241481941329173,1.0,-0.0,0,0
537,0.2,0.10297029702970295,0.13084299831035082,0.2291728857470876,0.6398367665781117,0,0
538,0.0,0.2554455445544554,0.22711067111783748,1.0,-0.0,0,0
539,0.0,0.23366336633663365,0.20885222769798345,1.0,-0.0,0,0
540,0.0,0.23366336633663365,0.20885222769798345,1.0,-0.0,0,0
541,0.0,0.2356435643564356,0.2037199390037494,1.0,-0.0,0,0
542,0.4,0.28118811881188116,0.2201317658001291,0.29469136813456226,0.5306325849727102,0,0
543,0.4,0.10297029702970295,0.15315522802114465,0.026226145031719616,1.5812655414527401,0,0
544,0.4,0.06534653465346535,0.10571364605971598,0.0007736575764547356,3.1114512170453996,0,0
545,0.4,0.06534653465346535,0.10571364605971598,0.0007736575764547356,3.1114512170453996,0,0
546,0.4,0.08316831683168316,0.12670172889541695,0.006198971145448987,2.20768038516826,0,0
547,0.0,0.0297029702970297,0.07648795214189293,1.0,-0.0,0,0
548,0.0,0.0297029702970297,0.07648795214189293,1.0,-0.0,0,0
549,0.0,0.0297029702970297,0.07648795214189293,1.0,-0.0,0,0
550,0.0,0.0297029702970297,0.07648795214189293,1.0,-0.0,0,0
551,0.0,0.0,0.0,1.0,-0.0,0,0
552,0.0,0.0,0.0,1.0,-0.0,0,0
553,0.0,0.0,0.0,1.0,-0.0,0,0
554,0.0,0.0,0.0,1.0,-0.0,0,0
555,0.0,0.013861386138613863,0.05079507064705211,1.0,-0.0,0,0
556,0.0,0.013861386138613863,0.05079507064705211,1.0,-0.0,0,0
557,0.0,0.013861386138613863,0.05079507064705211,1.0,-0.0,0,0
558,0.0,0.0297029702970297,0.07112192077650681,1.0,-0.0,0,0
559,0.0,0.0297029702970297,0.07112192077650681,1.0,-0.0,0,0
560,0.0,0.015841584158415842,0.05401260078014202,1.0,-0.0,0,0
561,0.0,0.015841584158415842,0.05401260078014202,1.0,-0.0,0,0
562,0.0,0.015841584158415842,0.05401260078014202,1.0,-0.0,0,0
563,0.0,0.007920792079207921,0.03900537743285587,1.0,-0.0,0,0
564,0.0,0.017821782178217824,0.0635517090529949,1.0,-0.0,0,0
565,0.2,0.07722772277227724,0.12888031758632065,0.17039464501736856,0.7685440579023645,0,0
566,0.2,0.10693069306930691,0.13948804962658473,0.25231560183735696,0.598055894221315,0,0
567,0.2,0.11287128712871286,0.15002532217723416,0.2807010934421309,0.5517558956129467,0,0
568,0.2,0.1168316831683168,0.149632756335149,0.28916823932179064,0.5388494093192813,0,0
569,0.2,0.35643564356435653,0.28368712426211834,1.0,-0.0,0,0
570,0.0,0.32673267326732675,0.2559745845633089,1.0,-0.0,0,0
571,0.0,0.3584158415841584,0.2776376036436077,1.0,-0.0,0,0
572,0.0,0.36237623762376237,0.2738979665295324,1.0,-0.0,0,0
573,0.0,0.47722772277227726,0.2828011189773022,1.0,-0.0,0,0
574,0.0,0.2633663366336633,0.22678238894606587,1.0,-0.0,0,0
575,0.0,0.2336633663366336,0.21073996351506546,1.0,-0.0,0,0
576,0.0,0.20792079207920788,0.21419116487904888,1.0,-0.0,0,0
577,0.0,0.19801980198019797,0.1999901967992491,1.0,-0.0,0,0
578,0.0,0.06930693069306931,0.12084076279122662,1.0,-0.0,0,0
579,0.0,0.04950495049504951,0.09912864166957489,1.0,-0.0,0,0
580,0.0,0.12277227722772276,0.14884451859775158,1.0,-0.0,0,0
581,0.0,0.11881188118811878,0.157148395081398,1.0,-0.0,0,0
582,0.0,0.1287128712871287,0.1606525268671035,1.0,-0.0,0,0
583,0.0,0.15445544554455443,0.17091758912506996,1.0,-0.0,0,0
584,0.0,0.14059405940594058,0.15806892707703052,1.0,-0.0,0,0
585,0.0,0.08514851485148513,0.1172170185104851,1.0,-0.0,0,0
586,0.0,0.05346534653465347,0.08851285797476044,1.0,-0.0,0,0
587,0.0,0.12970297029702965,0.14994689122885185,1.0,-0.0,0,0
588,0.0,0.10495049504950493,0.1423816080178024,1.0,-0.0,0,0
589,0.0,0.3940594059405941,0.266187524972776,1.0,-0.0,0,0
590,0.0,0.3742574257425743,0.26500643195875795,1.0,-0.0,0,0
591,0.0,0.3742574257425743,0.26500643195875795,1.0,-0.0,0,0
592,0.0,0.2871287128712871,0.21693790065345306,1.0,-0.0,0,0
593,0.0,0.7544554455445543,0.3340494871962665,1.0,-0.0,0,0
594,0.0,0.4653465346534654,0.2815922350570538,1.0,-0.0,0,0
595,0.0,0.4732673267326733,0.28385294237131603,1.0,-0.0,0,0
596,0.0,0.47920792079207924,0.29123051727915944,1.0,-0.0,0,0
597,0.0,0.47920792079207924,0.29123051727915944,1.0,-0.0,0,0
598,0.2,0.11089108910891088,0.12734998170941408,0.2420521177649097,0.6160911132726649,0,0
599,0.2,0.14455445544554454,0.15186969892129912,0.35752349826485164,0.4466954088800076,0,0
600,0.2,0.16039603960396034,0.1665486626005091,0.40602116342229266,0.39145132869380084,0,0
601,0.2,0.15445544554455443,0.1613831014717559,0.3888897503515124,0.4101735030454937,0,0
602,0.2,0.15445544554455443,0.1613831014717559,0.3888897503515124,0.4101735030454937,0,0
603,0.6,0.41782178217821786,0.2715543960619791,0.25115106447037894,0.6000649768011389,0,0
604,0.6,0.4396039603960396,0.2814668817620818,0.28438714485848826,0.546090038895868,0,0
605,0.6,0.41584158415841593,0.2738550144945809,0.25064327221521926,0.6009439482582662,0,0
606,0.6,0.601980198019802,0.30893627720010125,1.0,-0.0,0,0
607,0.6,0.601980198019802,0.30893627720010125,1.0,-0.0,0,0
608,0.4,0.2891089108910891,0.20192194850221867,0.29144165496979524,0.5354483755905672,0,0
609,0.8,0.39009900990099017,0.2748554797552615,0.0679370717753411,1.1678931760296853,0,0
610,0.8,0.39009900990099017,0.2748554797552615,0.0679370717753411,1.1678931760296853,0,0
611,0.8,0.22574257425742572,0.2155598124463093,0.003860554136607511,2.413350353048917,0,0
612,0.8,0.5108910891089109,0.31019029295158174,0.1756586347963111,0.7553304968698555,0,0
613,0.4,0.5168316831683167,0.295534188915528,1.0,-0.0,0,0
614,0.0,0.4257425742574258,0.2694524941492919,1.0,-0.0,0,0
615,0.0,0.6158415841584159,0.3290347940514807,1.0,-0.0,0,0
616,0.0,0.7366336633663365,0.3536857620441037,1.0,-0.0,0,0
617,0.0,0.491089108910891,0.2821764808006289,1.0,-0.0,0,0
618,0.0,0.43564356435643564,0.27632100661405795,1.0,-0.0,0,0
619,0.0,0.44752475247524764,0.2566324410189689,1.0,-0.0,0,0
620,0.0,0.27128712871287125,0.2098262523397957,1.0,-0.0,0,0
621,0.0,0.1287128712871287,0.1366767043701972,1.0,-0.0,0,0
622,0.0,0.08712871287128712,0.11745095149573799,1.0,-0.0,0,0
623,0.0,0.09306930693069305,0.12448501897427097,1.0,-0.0,0,0
624,0.0,0.24752475247524752,0.21644932153567853,1.0,-0.0,0,0
625,0.0,0.26534653465346536,0.21453871471544186,1.0,-0.0,0,0
