,foreground,bg_means,bg_stdev,pvals,minus_logs,regs,active
2,0.0,0.33267326732673275,0.26292675292593576,1.0,-0.0,0,0
3,0.0,0.22376237623762374,0.20155264396038766,1.0,-0.0,0,0
4,0.0,0.22376237623762374,0.20155264396038766,1.0,-0.0,0,0
5,0.0,0.22376237623762374,0.20155264396038766,1.0,-0.0,0,0
6,0.0,0.011881188118811881,0.047276579747775535,1.0,-0.0,0,0
7,0.0,0.0,0.0,1.0,-0.0,0,0
8,0.0,0.0,0.0,1.0,-0.0,0,0
9,0.0,0.0,0.0,1.0,-0.0,0,0
10,0.0,0.0,0.0,1.0,-0.0,0,0
11,0.0,0.0,0.0,1.0,-0.0,0,0
12,0.0,0.0,0.0,1.0,-0.0,0,0
13,0.0,0.009900990099009901,0.04338396495090424,1.0,-0.0,0,0
14,0.0,0.009900990099009901,0.04338396495090424,1.0,-0.0,0,0
15,0.0,0.009900990099009901,0.04338396495090424,1.0,-0.0,0,0
16,0.0,0.05346534653465347,0.10489443673781407,1.0,-0.0,0,0
17,0.0,0.06336633663366338,0.11233152161332939,1.0,-0.0,0,0
18,0.0,0.05346534653465347,0.10860442931328386,1.0,-0.0,0,0
19,0.0,0.05346534653465347,0.10860442931328386,1.0,-0.0,0,0
20,0.0,0.05346534653465347,0.10860442931328386,1.0,-0.0,0,0
21,0.0,0.009900990099009901,0.04338396495090424,1.0,-0.0,0,0
22,0.0,0.0,0.0,1.0,-0.0,0,0
23,0.0,0.01386138613861386,0.05079507064705211,1.0,-0.0,0,0
24,0.0,0.01386138613861386,0.05079507064705211,1.0,-0.0,0,0
25,0.0,0.01386138613861386,0.05079507064705211,1.0,-0.0,0,0
26,0.0,0.01386138613861386,0.05079507064705211,1.0,-0.0,0,0
27,0.0,0.01386138613861386,0.05079507064705211,1.0,-0.0,0,0
28,0.0,0.007920792079207921,0.03900537743285587,1.0,-0.0,0,0
29,0.0,0.10891089108910891,0.1449472487868919,1.0,-0.0,0,0
30,0.0,0.10891089108910891,0.1449472487868919,1.0,-0.0,0,0
31,0.0,0.10891089108910891,0.1449472487868919,1.0,-0.0,0,0
32,0.0,0.10891089108910891,0.1449472487868919,1.0,-0.0,0,0
33,0.0,0.100990099009901,0.14521752172118105,1.0,-0.0,0,0
34,0.0,0.0,0.0,1.0,-0.0,0,0
35,0.0,0.017821782178217824,0.05698017651460657,1.0,-0.0,0,0
36,0.0,0.13465346534653463,0.14653465346534655,1.0,-0.0,0,0
37,0.0,0.13465346534653463,0.14653465346534655,1.0,-0.0,0,0
38,0.0,0.13465346534653463,0.14653465346534655,1.0,-0.0,0,0
39,0.0,0.13465346534653463,0.14653465346534655,1.0,-0.0,0,0
40,0.0,0.11485148514851483,0.13598641357140118,1.0,-0.0,0,0
41,0.0,0.0,0.0,1.0,-0.0,0,0
42,0.0,0.019801980198019802,0.059735061897023205,1.0,-0.0,0,0
43,0.0,0.019801980198019802,0.059735061897023205,1.0,-0.0,0,0
44,0.0,0.019801980198019802,0.059735061897023205,1.0,-0.0,0,0
45,0.0,0.019801980198019802,0.059735061897023205,1.0,-0.0,0,0
46,0.0,0.025742574257425748,0.06697637435757531,1.0,-0.0,0,0
47,0.0,0.17425742574257425,0.1583663288960967,1.0,-0.0,0,0
48,0.0,0.17425742574257425,0.1583663288960967,1.0,-0.0,0,0
49,0.0,0.17425742574257425,0.1583663288960967,1.0,-0.0,0,0
50,0.0,0.21386138613861383,0.18510350488002844,1.0,-0.0,0,0
51,0.0,0.20792079207920788,0.18222126052003704,1.0,-0.0,0,0
52,0.0,0.03960396039603961,0.08908690597387718,1.0,-0.0,0,0
53,0.0,0.03960396039603961,0.08908690597387718,1.0,-0.0,0,0
54,0.0,0.03960396039603961,0.08908690597387718,1.0,-0.0,0,0
55,0.0,0.0,0.0,1.0,-0.0,0,0
56,0.0,0.0,0.0,1.0,-0.0,0,0
57,0.0,0.0,0.0,1.0,-0.0,0,0
58,0.0,0.0,0.0,1.0,-0.0,0,0
59,0.0,0.0,0.0,1.0,-0.0,0,0
60,0.0,0.0,0.0,1.0,-0.0,0,0
61,0.0,0.06336633663366338,0.10504385908811757,1.0,-0.0,0,0
62,0.0,0.09504950495049505,0.13078304733432375,1.0,-0.0,0,0
63,0.0,0.16831683168316827,0.18397734097959503,1.0,-0.0,0,0
64,0.0,0.16831683168316827,0.18397734097959503,1.0,-0.0,0,0
65,0.4,0.27128712871287136,0.2117053031430352,0.27159992905831576,0.5660703478288924,0,0
66,0.4,0.2079207920792079,0.18222126052003706,0.1459188479469406,0.8358886078277591,0,0
67,0.6,0.27722772277227725,0.2179477583506235,0.06930839325792923,1.159214169069563,0,0
68,1.4,0.3267326732673268,0.2544226969718657,1.2299825237364824e-05,4.9101010592099765,0,0
69,1.6,0.39801980198019804,0.26475477090468547,2.813037021672461e-06,5.550824552156783,0,0
70,1.8,0.3841584158415841,0.28379768043321396,3.0360186967002736e-07,6.5176955582545695,0,0
71,1.8,0.47326732673267324,0.2880082125853637,2.046734884433933e-06,5.688938408282326,0,0
72,2.8,0.5247524752475248,0.28818515108477455,1.460536342924228e-15,14.835487631887917,0,0
73,2.4,0.45544554455445535,0.27303764202999103,5.321478786423837e-13,12.273967664783711,0,0
74,2.4,0.43762376237623773,0.27244819115033975,2.950603220436915e-13,12.530089187911253,0,0
75,1.8,0.34851485148514855,0.24153546011363358,9.310094338277693e-10,9.031045918332744,0,0
76,2.4,0.31683168316831684,0.225620950387154,1.0013152314564081e-17,16.999429177535657,0,0
77,1.2,0.16633663366336632,0.1847005753086894,1.094069241867223e-08,7.9609551913396555,0,0
78,0.8,0.13267326732673268,0.17183281702904268,5.146452502861568e-05,4.288492031018004,0,0
79,0.6,0.08118811881188118,0.12325042629382525,1.2801780384287117e-05,4.892729627437865,0,0
80,0.8,0.10495049504950495,0.13670539084430264,1.8450435390539217e-07,6.733993380969549,0,0
81,0.2,0.04554455445544555,0.09700949476369022,0.05567344326657021,1.2543519178087963,0,0
82,0.2,0.09900990099009899,0.13087296349986777,0.22015640187431423,0.6572686812775224,0,0
83,0.2,0.07722772277227723,0.10889288780093087,0.12977421193735644,0.886811599723601,0,0
84,0.2,0.12079207920792079,0.14372473118118065,0.2907796499938946,0.5364359905386117,0,0
85,0.0,0.14059405940594058,0.14770737583343774,1.0,-0.0,0,0
86,0.0,0.14059405940594058,0.14770737583343774,1.0,-0.0,0,0
87,0.0,0.08514851485148514,0.12379009590564582,1.0,-0.0,0,0
88,0.0,0.08514851485148514,0.12379009590564582,1.0,-0.0,0,0
89,0.0,0.07920792079207921,0.11285391563386142,1.0,-0.0,0,0
90,0.0,0.03762376237623763,0.07816140339006158,1.0,-0.0,0,0
91,0.0,0.1861386138613861,0.20345028972738724,1.0,-0.0,0,0
92,0.0,0.1861386138613861,0.20345028972738724,1.0,-0.0,0,0
93,0.0,0.1861386138613861,0.20345028972738724,1.0,-0.0,0,0
94,0.0,0.1485148514851485,0.17944571499737336,1.0,-0.0,0,0
95,0.0,0.17425742574257425,0.1901815002541461,1.0,-0.0,0,0
96,0.0,0.03564356435643565,0.08154954567118415,1.0,-0.0,0,0
97,0.0,0.11089108910891088,0.14752142995793407,1.0,-0.0,0,0
98,0.0,0.1623762376237624,0.16581719933036293,1.0,-0.0,0,0
99,0.0,0.1623762376237624,0.16581719933036293,1.0,-0.0,0,0
100,0.0,0.13663366336633662,0.1487391046195162,1.0,-0.0,0,0
101,0.0,0.12574257425742574,0.14532549015373286,1.0,-0.0,0,0
102,0.0,0.04950495049504951,0.09912864166957489,1.0,-0.0,0,0
103,0.0,0.03762376237623763,0.07816140339006158,1.0,-0.0,0,0
104,0.0,0.049504950495049514,0.08631483056516186,1.0,-0.0,0,0
105,0.0,0.049504950495049514,0.08631483056516186,1.0,-0.0,0,0
106,0.0,0.049504950495049514,0.08631483056516186,1.0,-0.0,0,0
107,0.0,0.049504950495049514,0.08631483056516186,1.0,-0.0,0,0
108,0.0,0.019801980198019806,0.05973506189702319,1.0,-0.0,0,0
109,0.0,0.05148514851485149,0.096075322540263,1.0,-0.0,0,0
110,0.0,0.061386138613861385,0.10806149425459212,1.0,-0.0,0,0
111,0.0,0.07326732673267328,0.11509022642946842,1.0,-0.0,0,0
112,0.0,0.07326732673267328,0.11509022642946842,1.0,-0.0,0,0
113,0.0,0.06534653465346535,0.10571364605971598,1.0,-0.0,0,0
114,0.0,0.04356435643564357,0.08255312311158745,1.0,-0.0,0,0
115,0.0,0.033663366336633666,0.07482947971362845,1.0,-0.0,0,0
116,0.0,0.021782178217821784,0.06230547612891991,1.0,-0.0,0,0
117,0.0,0.021782178217821784,0.06230547612891991,1.0,-0.0,0,0
118,0.0,0.021782178217821784,0.06230547612891991,1.0,-0.0,0,0
119,0.0,0.06138613861386138,0.10433219700847123,1.0,-0.0,0,0
120,0.0,0.19603960396039602,0.20677667298545127,1.0,-0.0,0,0
121,0.0,0.23564356435643566,0.22932710798896516,1.0,-0.0,0,0
122,0.0,0.2613861386138614,0.2333443030550736,1.0,-0.0,0,0
123,0.0,0.2613861386138614,0.2333443030550736,1.0,-0.0,0,0
124,0.0,0.24950495049504953,0.22410383129972453,1.0,-0.0,0,0
125,0.0,0.11485148514851483,0.14717547862227365,1.0,-0.0,0,0
126,0.0,0.07524752475247526,0.10845991237726066,1.0,-0.0,0,0
127,0.0,0.049504950495049514,0.09504950495049506,1.0,-0.0,0,0
128,0.0,0.049504950495049514,0.09504950495049506,1.0,-0.0,0,0
129,0.0,0.0039603960396039604,0.02786385599895107,1.0,-0.0,0,0
130,0.0,0.0712871287128713,0.11461224656227947,1.0,-0.0,0,0
131,0.0,0.10099009900990098,0.1308729634998678,1.0,-0.0,0,0
132,0.0,0.19603960396039605,0.18235032765499148,1.0,-0.0,0,0
133,0.0,0.19603960396039605,0.18235032765499148,1.0,-0.0,0,0
134,0.0,0.20594059405940596,0.1938774657314743,1.0,-0.0,0,0
135,0.0,0.22376237623762374,0.21670279636125864,1.0,-0.0,0,0
136,0.0,0.19405940594059404,0.1979207673143487,1.0,-0.0,0,0
137,0.0,0.09900990099009901,0.15318082856090076,1.0,-0.0,0,0
138,0.0,0.14653465346534653,0.17324186517306459,1.0,-0.0,0,0
139,0.0,0.1306930693069307,0.1577958163416755,1.0,-0.0,0,0
140,0.0,0.04554455445544555,0.08846854615322249,1.0,-0.0,0,0
141,0.0,0.05544554455445545,0.09797478714338996,1.0,-0.0,0,0
142,0.0,0.05544554455445545,0.09797478714338996,1.0,-0.0,0,0
143,0.0,0.009900990099009901,0.04338396495090424,1.0,-0.0,0,0
144,0.0,0.009900990099009901,0.04338396495090424,1.0,-0.0,0,0
145,0.0,0.025742574257425745,0.06697637435757531,1.0,-0.0,0,0
146,0.0,0.06534653465346535,0.1129581045303102,1.0,-0.0,0,0
147,0.0,0.09702970297029703,0.1396285351588451,1.0,-0.0,0,0
148,0.0,0.10495049504950496,0.14513649268759363,1.0,-0.0,0,0
149,0.0,0.10495049504950496,0.14513649268759363,1.0,-0.0,0,0
150,0.0,0.10693069306930694,0.1450554183905936,1.0,-0.0,0,0
151,0.0,0.100990099009901,0.13386490123687583,1.0,-0.0,0,0
152,0.0,0.06930693069306931,0.11409790329416186,1.0,-0.0,0,0
153,0.0,0.10891089108910892,0.1449472487868919,1.0,-0.0,0,0
154,0.0,0.10891089108910892,0.1449472487868919,1.0,-0.0,0,0
155,0.0,0.09702970297029702,0.13383560593042218,1.0,-0.0,0,0
156,0.0,0.2356435643564356,0.22052330130618514,1.0,-0.0,0,0
157,0.0,0.3376237623762376,0.2575018927734011,1.0,-0.0,0,0
158,0.0,0.28910891089108914,0.24450434408621793,1.0,-0.0,0,0
159,0.0,0.28910891089108914,0.24450434408621793,1.0,-0.0,0,0
160,0.0,0.2891089108910891,0.24450434408621793,1.0,-0.0,0,0
161,0.0,0.10693069306930694,0.13661931335176508,1.0,-0.0,0,0
162,0.0,0.021782178217821784,0.06230547612891991,1.0,-0.0,0,0
163,0.0,0.10495049504950493,0.1367053908443026,1.0,-0.0,0,0
164,0.0,0.10495049504950493,0.1367053908443026,1.0,-0.0,0,0
165,0.0,0.13267326732673265,0.1442693512878177,1.0,-0.0,0,0
166,0.0,0.13267326732673265,0.1442693512878177,1.0,-0.0,0,0
167,0.0,0.11485148514851484,0.13886822488939993,1.0,-0.0,0,0
168,0.0,0.031683168316831684,0.0730260947112308,1.0,-0.0,0,0
169,0.0,0.031683168316831684,0.0730260947112308,1.0,-0.0,0,0
170,0.0,0.0,0.0,1.0,-0.0,0,0
171,0.0,0.0,0.0,1.0,-0.0,0,0
172,0.0,0.09108910891089109,0.12113245340338318,1.0,-0.0,0,0
173,0.0,0.09108910891089109,0.12113245340338318,1.0,-0.0,0,0
174,0.0,0.09108910891089109,0.12113245340338318,1.0,-0.0,0,0
175,0.0,0.09108910891089109,0.12113245340338318,1.0,-0.0,0,0
176,0.0,0.09108910891089109,0.12113245340338318,1.0,-0.0,0,0
177,0.0,0.0,0.0,1.0,-0.0,0,0
178,0.0,0.007920792079207921,0.03900537743285587,1.0,-0.0,0,0
179,0.2,0.03762376237623762,0.09211646217515254,0.03897321499939912,1.4092337666757109,0,0
180,0.2,0.03762376237623762,0.09211646217515254,0.03897321499939912,1.4092337666757109,0,0
181,0.2,0.04752475247524753,0.09809478080396702,0.06004850186537829,1.2214978232271951,0,0
182,0.2,0.0910891089108911,0.1243589581632284,0.19057525368436834,0.7199334934461742,0,0
183,0.2,0.08316831683168317,0.11351216354824961,0.15168257774907984,0.8190642993843816,0,0
184,0.0,0.05346534653465347,0.09704990696905226,1.0,-0.0,0,0
185,0.0,0.08118811881188118,0.11320083903331847,1.0,-0.0,0,0
186,0.0,0.07128712871287128,0.10747934055534186,1.0,-0.0,0,0
187,0.0,0.03564356435643565,0.08626938974571076,1.0,-0.0,0,0
188,0.0,0.03564356435643565,0.08626938974571076,1.0,-0.0,0,0
189,0.0,0.03564356435643565,0.08626938974571076,1.0,-0.0,0,0
190,0.2,0.031683168316831684,0.07826167463512675,0.015750221703151112,1.8027133286186672,0,0
191,0.2,0.031683168316831684,0.07826167463512675,0.015750221703151112,1.8027133286186672,0,0
192,0.2,0.023762376237623766,0.07056843438101175,0.00625538335613176,2.203746069767374,0,0
193,0.2,0.023762376237623766,0.07056843438101175,0.00625538335613176,2.203746069767374,0,0
194,0.2,0.039603960396039604,0.08908690597387718,0.0358952311958159,1.4449632450960652,0,0
195,0.2,0.02970297029702971,0.07112192077650681,0.008322928729312118,2.079723824290396,0,0
196,0.2,0.02970297029702971,0.07112192077650681,0.008322928729312118,2.079723824290396,0,0
197,0.2,0.02970297029702971,0.07112192077650681,0.008322928729312118,2.079723824290396,0,0
198,0.2,0.02970297029702971,0.07112192077650681,0.008322928729312118,2.079723824290396,0,0
199,0.2,0.027722772277227727,0.07461957893630407,0.010478998804251384,1.9796802091996195,0,0
200,0.0,0.033663366336633666,0.07482947971362845,1.0,-0.0,0,0
201,0.0,0.033663366336633666,0.07482947971362845,1.0,-0.0,0,0
202,0.0,0.033663366336633666,0.07482947971362845,1.0,-0.0,0,0
203,0.0,0.033663366336633666,0.07482947971362845,1.0,-0.0,0,0
204,0.0,0.019801980198019802,0.0597350618970232,1.0,-0.0,0,0
205,0.0,0.015841584158415842,0.054012600780142014,1.0,-0.0,0,0
206,0.0,0.015841584158415842,0.054012600780142014,1.0,-0.0,0,0
207,0.0,0.015841584158415842,0.054012600780142014,1.0,-0.0,0,0
208,0.0,0.015841584158415842,0.054012600780142014,1.0,-0.0,0,0
209,0.0,0.023762376237623766,0.06471340450838887,1.0,-0.0,0,0
210,0.0,0.007920792079207921,0.03900537743285587,1.0,-0.0,0,0
211,0.0,0.023762376237623766,0.07056843438101175,1.0,-0.0,0,0
212,0.0,0.03564356435643565,0.08626938974571076,1.0,-0.0,0,0
213,0.0,0.05346534653465347,0.10489443673781407,1.0,-0.0,0,0
214,0.0,0.04554455445544555,0.09700949476369022,1.0,-0.0,0,0
215,0.0,0.04554455445544555,0.09700949476369022,1.0,-0.0,0,0
216,0.0,0.03564356435643565,0.08154954567118415,1.0,-0.0,0,0
217,0.0,0.023762376237623763,0.06471340450838887,1.0,-0.0,0,0
218,0.0,0.0059405940594059415,0.03395332316729158,1.0,-0.0,0,0
219,0.0,0.0059405940594059415,0.03395332316729158,1.0,-0.0,0,0
220,0.0,0.0059405940594059415,0.03395332316729158,1.0,-0.0,0,0
221,0.0,0.007920792079207921,0.03900537743285587,1.0,-0.0,0,0
222,0.0,0.0712871287128713,0.12768822926854265,1.0,-0.0,0,0
223,0.2,0.09504950495049502,0.14513649268759363,0.234804362963618,0.6292938376057692,0,0
224,0.6,0.16831683168316827,0.19239537111273064,0.012424905676725712,1.9057068995147934,0,0
225,0.6,0.16831683168316827,0.19239537111273064,0.012424905676725712,1.9057068995147934,0,0
226,0.8,0.17029702970297028,0.19576939073208813,0.000648698803512919,3.1879569030998582,0,0
227,1.0,0.11881188118811879,0.15460769343321296,6.007608385370377e-09,8.221298385194281,0,0
228,0.8,0.10495049504950493,0.14513649268759363,8.383359517091954e-07,6.076581908893029,0,0
229,0.4,0.033663366336633666,0.07994704648786674,2.3000965330509323e-06,5.638253936638243,0,0
230,0.4,0.06930693069306931,0.10693069306930696,0.0009920816231311176,3.0034525949656348,0,0
231,0.2,0.06534653465346535,0.10939585993610405,0.10918337986089162,0.9618434658808062,0,0
232,0.0,0.061386138613861385,0.1080614942545921,1.0,-0.0,0,0
233,0.0,0.18019801980198016,0.20586441850878456,1.0,-0.0,0,0
234,0.0,0.1900990099009901,0.21868416146183806,1.0,-0.0,0,0
235,0.0,0.15445544554455445,0.2007534088956333,1.0,-0.0,0,0
236,0.0,0.1485148514851485,0.19016088102057818,1.0,-0.0,0,0
237,0.0,0.17425742574257425,0.1901815002541461,1.0,-0.0,0,0
238,0.0,0.10297029702970295,0.127780323207142,1.0,-0.0,0,0
239,0.0,0.09306930693069304,0.12448501897427097,1.0,-0.0,0,0
240,0.0,0.09108910891089106,0.1243589581632284,1.0,-0.0,0,0
241,0.0,0.13465346534653463,0.14380655568606182,1.0,-0.0,0,0
242,0.0,0.09900990099009899,0.12145573247679727,1.0,-0.0,0,0
243,0.0,0.041584158415841586,0.08590499787518362,1.0,-0.0,0,0
244,0.0,0.041584158415841586,0.08590499787518362,1.0,-0.0,0,0
245,0.0,0.041584158415841586,0.08590499787518362,1.0,-0.0,0,0
246,0.0,0.0059405940594059415,0.03395332316729157,1.0,-0.0,0,0
247,0.0,0.0059405940594059415,0.03395332316729157,1.0,-0.0,0,0
248,0.0,0.0059405940594059415,0.03395332316729157,1.0,-0.0,0,0
249,0.0,0.0059405940594059415,0.03395332316729157,1.0,-0.0,0,0
250,0.0,0.0059405940594059415,0.03395332316729157,1.0,-0.0,0,0
251,0.0,0.0,0.0,1.0,-0.0,0,0
252,0.0,0.0,0.0,1.0,-0.0,0,0
253,0.0,0.0,0.0,1.0,-0.0,0,0
254,0.0,0.0,0.0,1.0,-0.0,0,0
255,0.0,0.007920792079207921,0.03900537743285588,1.0,-0.0,0,0
256,0.0,0.007920792079207921,0.03900537743285588,1.0,-0.0,0,0
257,0.0,0.007920792079207921,0.03900537743285588,1.0,-0.0,0,0
258,0.0,0.007920792079207921,0.03900537743285588,1.0,-0.0,0,0
259,0.0,0.007920792079207921,0.03900537743285588,1.0,-0.0,0,0
260,0.0,0.0,0.0,1.0,-0.0,0,0
261,0.0,0.0,0.0,1.0,-0.0,0,0
262,0.0,0.0,0.0,1.0,-0.0,0,0
263,0.0,0.0,0.0,1.0,-0.0,0,0
264,0.0,0.011881188118811883,0.047276579747775535,1.0,-0.0,0,0
265,0.0,0.011881188118811883,0.047276579747775535,1.0,-0.0,0,0
266,0.0,0.011881188118811883,0.047276579747775535,1.0,-0.0,0,0
267,0.0,0.011881188118811883,0.047276579747775535,1.0,-0.0,0,0
268,0.0,0.061386138613861385,0.11515834731523733,1.0,-0.0,0,0
269,0.0,0.05148514851485149,0.10399339410297728,1.0,-0.0,0,0
270,0.2,0.13267326732673265,0.17183281702904266,0.34759733196623,0.458923565700905,0,0
271,0.2,0.19801980198019797,0.19799999900980197,0.49601024470318816,0.304509353404731,0,0
272,0.2,0.19801980198019797,0.19799999900980197,0.49601024470318816,0.304509353404731,0,0
273,0.2,0.22574257425742572,0.1983363806027551,1.0,-0.0,0,0
274,0.4,0.3089108910891089,0.22254113421126812,0.3411547745130903,0.4670485463240456,0,0
275,0.2,0.22772277227722768,0.19906654038593571,1.0,-0.0,0,0
276,0.2,0.16435643564356434,0.18107717211333596,0.42197565267816517,0.3747126064140724,0,0
277,0.2,0.16435643564356434,0.18107717211333596,0.42197565267816517,0.3747126064140724,0,0
278,0.2,0.08514851485148514,0.13304219431477882,0.1939942072739198,0.7122112380415881,0,0
279,0.0,0.0,0.0,1.0,-0.0,0,0
280,0.0,0.06336633663366337,0.10504385908811757,1.0,-0.0,0,0
281,0.0,0.06336633663366337,0.10504385908811757,1.0,-0.0,0,0
282,0.0,0.06336633663366337,0.10504385908811757,1.0,-0.0,0,0
283,0.0,0.11287128712871286,0.15521519162190436,1.0,-0.0,0,0
284,0.0,0.11287128712871286,0.15521519162190436,1.0,-0.0,0,0
285,0.0,0.057425742574257435,0.10656335878870264,1.0,-0.0,0,0
286,0.0,0.057425742574257435,0.10656335878870264,1.0,-0.0,0,0
287,0.0,0.12079207920792079,0.1666898653919601,1.0,-0.0,0,0
288,0.0,0.0712871287128713,0.12454800153280307,1.0,-0.0,0,0
289,0.0,0.0712871287128713,0.12454800153280307,1.0,-0.0,0,0
290,0.0,0.31287128712871287,0.24114551965736072,1.0,-0.0,0,0
291,0.0,0.31287128712871287,0.24114551965736072,1.0,-0.0,0,0
292,0.0,0.24950495049504953,0.2169198247545213,1.0,-0.0,0,0
293,0.0,0.2613861386138614,0.22114477003269256,1.0,-0.0,0,0
294,0.0,0.2613861386138614,0.22114477003269256,1.0,-0.0,0,0
295,0.0,0.011881188118811883,0.04727657974777554,1.0,-0.0,0,0
296,0.0,0.011881188118811883,0.04727657974777554,1.0,-0.0,0,0
297,0.0,0.011881188118811883,0.04727657974777554,1.0,-0.0,0,0
298,0.0,0.0,0.0,1.0,-0.0,0,0
299,0.0,0.0,0.0,1.0,-0.0,0,0
300,0.0,0.0,0.0,1.0,-0.0,0,0
301,0.0,0.0,0.0,1.0,-0.0,0,0
302,0.0,0.0,0.0,1.0,-0.0,0,0
303,0.0,0.0,0.0,1.0,-0.0,0,0
304,0.0,0.0,0.0,1.0,-0.0,0,0
305,0.0,0.0,0.0,1.0,-0.0,0,0
306,0.0,0.0,0.0,1.0,-0.0,0,0
307,0.0,0.0,0.0,1.0,-0.0,0,0
308,0.0,0.16633663366336635,0.17364880212589112,1.0,-0.0,0,0
309,0.0,0.17821782178217818,0.18647536422960084,1.0,-0.0,0,0
310,0.0,0.17821782178217818,0.18647536422960084,1.0,-0.0,0,0
311,0.0,0.17821782178217818,0.18647536422960084,1.0,-0.0,0,0
312,0.0,0.17821782178217818,0.18647536422960084,1.0,-0.0,0,0
313,0.0,0.011881188118811883,0.047276579747775535,1.0,-0.0,0,0
314,0.0,0.0,0.0,1.0,-0.0,0,0
315,0.0,0.0,0.0,1.0,-0.0,0,0
316,0.0,0.0,0.0,1.0,-0.0,0,0
317,0.0,0.0,0.0,1.0,-0.0,0,0
318,0.0,0.011881188118811881,0.047276579747775535,1.0,-0.0,0,0
319,0.0,0.019801980198019802,0.059735061897023205,1.0,-0.0,0,0
320,0.2,0.1584158415841584,0.17192407185067915,0.4044384580337892,0.3931475540757625,0,0
321,0.4,0.1861386138613861,0.17633771771004506,0.11260422978441716,0.9484452956522549,0,0
322,0.4,0.1861386138613861,0.17633771771004506,0.11260422978441716,0.9484452956522549,0,0
323,0.6,0.26732673267326734,0.19955837920545144,0.047752494945100185,1.321003932717239,0,0
324,0.8,0.3643564356435644,0.22759359228823137,0.0278018180422315,1.5559268033663685,0,0
325,0.6,0.22574257425742572,0.19018150025414607,0.02453999891011091,1.6101254608972309,0,0
326,0.4,0.2099009900990099,0.19574936009912708,0.1657405855238966,0.7805711312257074,0,0
327,0.4,0.2099009900990099,0.19574936009912708,0.1657405855238966,0.7805711312257074,0,0
328,0.2,0.11485148514851484,0.1550382505430763,0.2914307658307523,0.535464602445127,0,0
329,0.0,0.011881188118811883,0.047276579747775535,1.0,-0.0,0,0
330,0.0,0.011881188118811883,0.047276579747775535,1.0,-0.0,0,0
331,0.0,0.0,0.0,1.0,-0.0,0,0
332,0.0,0.0,0.0,1.0,-0.0,0,0
333,0.0,0.0910891089108911,0.12435895816322838,1.0,-0.0,0,0
334,0.0,0.16435643564356434,0.18107717211333596,1.0,-0.0,0,0
335,0.0,0.2455445544554455,0.2084951990212257,1.0,-0.0,0,0
336,0.0,0.2792079207920792,0.2270415985277005,1.0,-0.0,0,0
337,0.0,0.2792079207920792,0.2270415985277005,1.0,-0.0,0,0
338,0.0,0.2059405940594059,0.18764923153239027,1.0,-0.0,0,0
339,0.0,0.14653465346534653,0.1564231101634178,1.0,-0.0,0,0
340,0.0,0.06336633663366337,0.09721138779115705,1.0,-0.0,0,0
341,0.0,0.0297029702970297,0.07648795214189293,1.0,-0.0,0,0
342,0.0,0.0297029702970297,0.07648795214189293,1.0,-0.0,0,0
343,0.0,0.011881188118811881,0.047276579747775535,1.0,-0.0,0,0
344,0.0,0.01386138613861386,0.05079507064705211,1.0,-0.0,0,0
345,0.0,0.01386138613861386,0.05079507064705211,1.0,-0.0,0,0
346,0.0,0.01386138613861386,0.05079507064705211,1.0,-0.0,0,0
347,0.0,0.01386138613861386,0.05079507064705211,1.0,-0.0,0,0
348,0.0,0.01386138613861386,0.05079507064705211,1.0,-0.0,0,0
349,0.0,0.0,0.0,1.0,-0.0,0,0
350,0.0,0.0,0.0,1.0,-0.0,0,0
351,0.0,0.0,0.0,1.0,-0.0,0,0
352,0.0,0.0,0.0,1.0,-0.0,0,0
353,0.0,0.0,0.0,1.0,-0.0,0,0
354,0.0,0.0,0.0,1.0,-0.0,0,0
355,0.0,0.0,0.0,1.0,-0.0,0,0
356,0.0,0.0,0.0,1.0,-0.0,0,0
357,0.0,0.0297029702970297,0.07112192077650681,1.0,-0.0,0,0
358,0.0,0.16633663366336632,0.1491077275011224,1.0,-0.0,0,0
359,0.0,0.16633663366336632,0.1491077275011224,1.0,-0.0,0,0
360,0.0,0.16633663366336632,0.1491077275011224,1.0,-0.0,0,0
361,0.0,0.16633663366336632,0.1491077275011224,1.0,-0.0,0,0
362,0.0,0.13663366336633662,0.1405243168254271,1.0,-0.0,0,0
363,0.0,0.1762376237623762,0.16479721403218364,1.0,-0.0,0,0
364,0.0,0.1762376237623762,0.16479721403218364,1.0,-0.0,0,0
365,0.0,0.1762376237623762,0.16479721403218364,1.0,-0.0,0,0
366,0.0,0.1762376237623762,0.16479721403218364,1.0,-0.0,0,0
367,0.0,0.1762376237623762,0.16479721403218364,1.0,-0.0,0,0
368,0.0,0.0059405940594059415,0.03395332316729158,1.0,-0.0,0,0
369,0.0,0.0059405940594059415,0.03395332316729158,1.0,-0.0,0,0
370,0.0,0.0059405940594059415,0.03395332316729158,1.0,-0.0,0,0
371,0.0,0.047524752475247525,0.09809478080396704,1.0,-0.0,0,0
372,0.0,0.08514851485148514,0.13886822488939993,1.0,-0.0,0,0
373,0.0,0.09900990099009903,0.13679141417164786,1.0,-0.0,0,0
374,0.0,0.11287128712871287,0.14736186103080443,1.0,-0.0,0,0
375,0.0,0.27128712871287125,0.23136984822144208,1.0,-0.0,0,0
376,0.0,0.22970297029702968,0.21504986962753755,1.0,-0.0,0,0
377,0.0,0.24158415841584152,0.22570783126772284,1.0,-0.0,0,0
378,0.0,0.22178217821782173,0.21782178217821777,1.0,-0.0,0,0
379,0.0,0.27128712871287125,0.2347683221430326,1.0,-0.0,0,0
380,0.0,0.12475247524752475,0.1511709677939985,1.0,-0.0,0,0
381,0.2,0.1722772277227723,0.18461563597317487,0.4403172934868537,0.3562342572649246,0,0
382,0.2,0.16435643564356436,0.1766487584013007,0.42004573548133184,0.3767034201121342,0,0
383,0.2,0.18415841584158413,0.19229343978313215,0.4671713381870128,0.3305238098362764,0,0
384,0.2,0.1188118811881188,0.13838736799727644,0.2787117051527264,0.5548447916867998,0,0
385,0.4,0.1603960396039604,0.17353585980361697,0.08368295297265761,1.0773630029856123,0,0
386,0.4,0.16435643564356434,0.17887666995067272,0.09386030739532576,1.027518027793723,0,0
387,0.4,0.12079207920792076,0.149134022841685,0.030589838986393565,1.5144228089749427,0,0
388,0.4,0.10099009900990098,0.14521752172118102,0.019744802660674556,1.7045472024596418,0,0
389,0.4,0.10099009900990098,0.14521752172118102,0.019744802660674556,1.7045472024596418,0,0
390,0.2,0.049504950495049514,0.09078727434730813,0.04869237040212954,1.3125390829709087,0,0
391,0.0,0.0,0.0,1.0,-0.0,0,0
392,0.0,0.0,0.0,1.0,-0.0,0,0
393,0.0,0.01386138613861386,0.05079507064705211,1.0,-0.0,0,0
394,0.0,0.01386138613861386,0.05079507064705211,1.0,-0.0,0,0
395,0.0,0.027722772277227727,0.06910862719451544,1.0,-0.0,0,0
396,0.0,0.027722772277227727,0.06910862719451544,1.0,-0.0,0,0
397,0.0,0.027722772277227727,0.06910862719451544,1.0,-0.0,0,0
398,0.0,0.013861386138613863,0.05079507064705211,1.0,-0.0,0,0
399,0.0,0.013861386138613863,0.05079507064705211,1.0,-0.0,0,0
400,0.0,0.031683168316831684,0.08780118525701135,1.0,-0.0,0,0
401,0.0,0.031683168316831684,0.08780118525701135,1.0,-0.0,0,0
402,0.0,0.031683168316831684,0.08780118525701135,1.0,-0.0,0,0
403,0.0,0.061386138613861385,0.11515834731523733,1.0,-0.0,0,0
404,0.0,0.061386138613861385,0.11515834731523733,1.0,-0.0,0,0
405,0.0,0.2514851485148515,0.2431696068595446,1.0,-0.0,0,0
406,0.0,0.2514851485148515,0.2431696068595446,1.0,-0.0,0,0
407,0.0,0.2514851485148515,0.2431696068595446,1.0,-0.0,0,0
408,0.0,0.22178217821782176,0.24357240588807846,1.0,-0.0,0,0
409,0.0,0.22970297029702968,0.2523334876727192,1.0,-0.0,0,0
410,0.0,0.007920792079207921,0.03900537743285587,1.0,-0.0,0,0
411,0.0,0.007920792079207921,0.03900537743285587,1.0,-0.0,0,0
412,0.0,0.007920792079207921,0.03900537743285587,1.0,-0.0,0,0
413,0.0,0.007920792079207921,0.03900537743285587,1.0,-0.0,0,0
414,0.0,0.0,0.0,1.0,-0.0,0,0
415,0.2,0.30495049504950494,0.2479125674781662,1.0,-0.0,0,0
416,0.2,0.30891089108910885,0.24939491523038382,1.0,-0.0,0,0
417,0.2,0.30891089108910885,0.24939491523038382,1.0,-0.0,0,0
418,0.2,0.30891089108910885,0.24939491523038382,1.0,-0.0,0,0
419,0.2,0.30891089108910885,0.24939491523038382,1.0,-0.0,0,0
420,0.0,0.0039603960396039604,0.02786385599895106,1.0,-0.0,0,0
421,0.0,0.0,0.0,1.0,-0.0,0,0
422,0.0,0.019801980198019802,0.0597350618970232,1.0,-0.0,0,0
423,0.0,0.22574257425742572,0.22455829706669048,1.0,-0.0,0,0
424,0.0,0.22574257425742572,0.22455829706669048,1.0,-0.0,0,0
425,0.0,0.22574257425742572,0.22455829706669048,1.0,-0.0,0,0
