,foreground,bg_means,bg_stdev,pvals,minus_logs,regs,active
2,0.0,0.07326732673267328,0.11848138852793338,1.0,-0.0,0,0
3,0.0,0.04554455445544555,0.1010095108503513,1.0,-0.0,0,0
4,0.0,0.0,0.0,1.0,-0.0,0,0
5,0.0,0.03762376237623763,0.07816140339006158,1.0,-0.0,0,0
6,0.0,0.03762376237623763,0.07816140339006158,1.0,-0.0,0,0
7,0.0,0.03762376237623763,0.07816140339006158,1.0,-0.0,0,0
8,0.0,0.097029702970297,0.13084299831035082,1.0,-0.0,0,0
9,0.0,0.097029702970297,0.13084299831035082,1.0,-0.0,0,0
10,0.0,0.09108910891089109,0.12435895816322838,1.0,-0.0,0,0
11,0.0,0.09108910891089109,0.12435895816322838,1.0,-0.0,0,0
12,0.0,0.09108910891089109,0.12435895816322838,1.0,-0.0,0,0
13,0.0,0.031683168316831684,0.07826167463512675,1.0,-0.0,0,0
14,0.0,0.031683168316831684,0.07826167463512675,1.0,-0.0,0,0
15,0.0,0.023762376237623766,0.06471340450838887,1.0,-0.0,0,0
16,0.0,0.08118811881188118,0.12951766673875514,1.0,-0.0,0,0
17,0.0,0.08118811881188118,0.12951766673875514,1.0,-0.0,0,0
18,0.0,0.08118811881188118,0.12951766673875514,1.0,-0.0,0,0
19,0.0,0.08118811881188118,0.12951766673875514,1.0,-0.0,0,0
20,0.0,0.057425742574257435,0.11375371577303027,1.0,-0.0,0,0
21,0.0,0.0,0.0,1.0,-0.0,0,0
22,0.0,0.0,0.0,1.0,-0.0,0,0
23,0.0,0.0,0.0,1.0,-0.0,0,0
24,0.0,0.0,0.0,1.0,-0.0,0,0
25,0.0,0.0,0.0,1.0,-0.0,0,0
26,0.0,0.0,0.0,1.0,-0.0,0,0
27,0.0,0.0,0.0,1.0,-0.0,0,0
28,0.0,0.03564356435643565,0.07653920035678292,1.0,-0.0,0,0
29,0.0,0.05544554455445545,0.10575073206193022,1.0,-0.0,0,0
30,0.0,0.05544554455445545,0.10575073206193022,1.0,-0.0,0,0
31,0.0,0.06534653465346535,0.10939585993610405,1.0,-0.0,0,0
32,0.0,0.07722772277227723,0.11593886073904514,1.0,-0.0,0,0
33,0.0,0.1089108910891089,0.1335716590419014,1.0,-0.0,0,0
34,0.0,0.08910891089108909,0.13042276277287215,1.0,-0.0,0,0
35,0.0,0.1564356435643564,0.14786657190173835,1.0,-0.0,0,0
36,0.0,0.20594059405940587,0.1767818940250744,1.0,-0.0,0,0
37,0.0,0.19405940594059404,0.17452724385370855,1.0,-0.0,0,0
38,0.0,0.1584158415841584,0.17647108799335678,1.0,-0.0,0,0
39,0.0,0.1584158415841584,0.17647108799335678,1.0,-0.0,0,0
40,0.0,0.10099009900990098,0.1396566153069739,1.0,-0.0,0,0
41,0.0,0.0712871287128713,0.09578920096988376,1.0,-0.0,0,0
42,0.0,0.0712871287128713,0.09578920096988376,1.0,-0.0,0,0
43,0.0,0.039603960396039604,0.07970143286137865,1.0,-0.0,0,0
44,0.0,0.039603960396039604,0.07970143286137865,1.0,-0.0,0,6
45,0.0,0.02970297029702971,0.07112192077650681,1.0,-0.0,0,0
46,0.0,0.0,0.0,1.0,-0.0,0,0
47,0.0,0.0,0.0,1.0,-0.0,0,0
48,0.0,0.0,0.0,1.0,-0.0,0,0
49,0.0,0.0,0.0,1.0,-0.0,0,0
50,0.0,0.0,0.0,1.0,-0.0,0,0
51,0.0,0.03564356435643565,0.07653920035678292,1.0,-0.0,0,0
52,0.0,0.0712871287128713,0.09578920096988376,1.0,-0.0,0,0
53,0.0,0.0712871287128713,0.09578920096988376,1.0,-0.0,0,0
54,0.0,0.0712871287128713,0.09578920096988376,1.0,-0.0,0,0
55,0.0,0.0712871287128713,0.09578920096988376,1.0,-0.0,0,0
56,0.0,0.05148514851485149,0.096075322540263,1.0,-0.0,0,0
57,0.0,0.015841584158415842,0.05401260078014202,1.0,-0.0,0,0
58,0.0,0.015841584158415842,0.05401260078014202,1.0,-0.0,0,0
59,0.0,0.015841584158415842,0.05401260078014202,1.0,-0.0,0,0
60,0.0,0.015841584158415842,0.05401260078014202,1.0,-0.0,0,0
61,0.0,0.0,0.0,1.0,-0.0,0,0
62,0.0,0.041584158415841586,0.08590499787518362,1.0,-0.0,0,0
63,0.0,0.041584158415841586,0.08590499787518362,1.0,-0.0,0,0
64,0.0,0.041584158415841586,0.08590499787518362,1.0,-0.0,0,0
65,0.0,0.041584158415841586,0.08590499787518362,1.0,-0.0,0,0
66,0.0,0.041584158415841586,0.08590499787518362,1.0,-0.0,0,0
67,0.0,0.0,0.0,1.0,-0.0,0,0
68,0.0,0.0,0.0,1.0,-0.0,0,0
69,0.0,0.0,0.0,1.0,-0.0,0,0
70,0.0,0.0,0.0,1.0,-0.0,0,0
71,0.0,0.0,0.0,1.0,-0.0,0,0
72,0.0,0.0,0.0,1.0,-0.0,0,0
73,0.0,0.0,0.0,1.0,-0.0,0,0
74,0.0,0.0,0.0,1.0,-0.0,0,0
75,0.0,0.033663366336633666,0.07482947971362848,1.0,-0.0,0,0
76,0.0,0.08118811881188118,0.11320083903331847,1.0,-0.0,0,0
77,0.2,0.11287128712871286,0.13024224675172555,0.25175594337998036,0.5990202679574179,0,0
78,0.2,0.11287128712871286,0.13024224675172555,0.25175594337998036,0.5990202679574179,0,0
79,0.2,0.11287128712871286,0.13024224675172555,0.25175594337998036,0.5990202679574179,0,0
80,0.2,0.07920792079207921,0.11966689053257921,0.1563907784536167,0.8057888585957333,0,0
81,0.2,0.031683168316831684,0.07302609471123078,0.010586476243073911,1.9752485727397298,0,0
82,0.0,0.0,0.0,1.0,-0.0,0,0
83,0.0,0.0,0.0,1.0,-0.0,0,0
84,0.0,0.04554455445544555,0.08387254884969257,1.0,-0.0,0,0
85,0.0,0.04554455445544555,0.08387254884969257,1.0,-0.0,0,0
86,0.0,0.09900990099009901,0.12467387119760155,1.0,-0.0,0,0
87,0.0,0.12277227722772276,0.15407416763506465,1.0,-0.0,0,0
88,0.0,0.12277227722772276,0.15407416763506465,1.0,-0.0,0,0
89,0.0,0.07722772277227724,0.12576985749069639,1.0,-0.0,0,0
90,0.0,0.14455445544554454,0.1826511296253498,1.0,-0.0,0,0
91,0.0,0.09108910891089109,0.13057300215314485,1.0,-0.0,0,0
92,0.0,0.06732673267326733,0.10634234916512914,1.0,-0.0,0,0
93,0.0,0.06732673267326733,0.10634234916512914,1.0,-0.0,0,0
94,0.0,0.06732673267326733,0.10634234916512914,1.0,-0.0,0,0
95,0.0,0.027722772277227727,0.06910862719451544,1.0,-0.0,0,0
96,0.0,0.027722772277227727,0.06910862719451544,1.0,-0.0,0,0
97,0.0,0.04950495049504951,0.09504950495049506,1.0,-0.0,0,0
98,0.0,0.08316831683168316,0.11694909354640316,1.0,-0.0,0,0
99,0.0,0.08316831683168316,0.11694909354640316,1.0,-0.0,0,0
100,0.0,0.06534653465346535,0.10189845806153354,1.0,-0.0,0,0
101,0.0,0.06534653465346535,0.10189845806153354,1.0,-0.0,0,0
102,0.0,0.04356435643564357,0.08255312311158747,1.0,-0.0,0,0
103,0.0,0.009900990099009901,0.04338396495090424,1.0,-0.0,0,0
104,0.0,0.009900990099009901,0.04338396495090424,1.0,-0.0,0,0
105,0.0,0.0,0.0,1.0,-0.0,0,0
106,0.0,0.007920792079207921,0.03900537743285588,1.0,-0.0,0,0
107,0.0,0.0297029702970297,0.07112192077650681,1.0,-0.0,0,0
108,0.0,0.0297029702970297,0.07112192077650681,1.0,-0.0,0,0
109,0.0,0.0297029702970297,0.07112192077650681,1.0,-0.0,0,0
110,0.0,0.0297029702970297,0.07112192077650681,1.0,-0.0,0,0
111,0.0,0.021782178217821784,0.06230547612891991,1.0,-0.0,0,0
112,0.0,0.0,0.0,1.0,-0.0,0,0
113,0.0,0.0297029702970297,0.07648795214189293,1.0,-0.0,0,0
114,0.0,0.0297029702970297,0.07648795214189293,1.0,-0.0,0,0
115,0.0,0.0297029702970297,0.07648795214189293,1.0,-0.0,0,0
116,0.2,0.041584158415841586,0.0859049978751836,0.03258561123651813,1.486974128154426,0,0
117,0.2,0.041584158415841586,0.0859049978751836,0.03258561123651813,1.486974128154426,0,0
118,0.2,0.039603960396039604,0.08908690597387718,0.0358952311958159,1.4449632450960652,0,0
119,0.2,0.039603960396039604,0.08908690597387718,0.0358952311958159,1.4449632450960652,0,0
120,0.2,0.039603960396039604,0.08908690597387718,0.0358952311958159,1.4449632450960652,0,0
121,0.0,0.02772277227722772,0.06910862719451544,1.0,-0.0,0,0
122,0.0,0.02772277227722772,0.06910862719451544,1.0,-0.0,0,0
123,0.0,0.0,0.0,1.0,-0.0,0,0
124,0.0,0.011881188118811883,0.04727657974777554,1.0,-0.0,0,0
125,0.0,0.011881188118811883,0.04727657974777554,1.0,-0.0,0,0
126,0.0,0.011881188118811883,0.04727657974777554,1.0,-0.0,0,0
127,0.0,0.011881188118811883,0.04727657974777554,1.0,-0.0,0,0
128,0.0,0.02772277227722772,0.07461957893630407,1.0,-0.0,0,0
129,0.0,0.015841584158415842,0.05401260078014202,1.0,-0.0,0,0
130,0.0,0.025742574257425748,0.06697637435757531,1.0,-0.0,0,0
131,0.0,0.1108910891089109,0.14205074403533427,1.0,-0.0,0,0
132,0.0,0.1108910891089109,0.14205074403533427,1.0,-0.0,0,0
133,0.0,0.09504950495049506,0.13957235791450373,1.0,-0.0,0,0
134,0.0,0.09504950495049506,0.13957235791450373,1.0,-0.0,0,0
135,0.0,0.08514851485148514,0.130031327995105,1.0,-0.0,0,0
136,0.0,0.0,0.0,1.0,-0.0,0,0
137,0.0,0.0,0.0,1.0,-0.0,0,0
138,0.0,0.0,0.0,1.0,-0.0,0,0
139,0.0,0.0,0.0,1.0,-0.0,0,0
140,0.0,0.007920792079207921,0.03900537743285587,1.0,-0.0,0,0
141,0.0,0.007920792079207921,0.03900537743285587,1.0,-0.0,0,0
142,0.0,0.007920792079207921,0.03900537743285587,1.0,-0.0,0,0
143,0.0,0.011881188118811883,0.04727657974777555,1.0,-0.0,0,0
144,0.0,0.023762376237623766,0.07056843438101175,1.0,-0.0,0,0
145,0.0,0.015841584158415842,0.05401260078014202,1.0,-0.0,0,0
146,0.0,0.015841584158415842,0.05401260078014202,1.0,-0.0,0,0
147,0.2,0.03762376237623763,0.07816140339006157,0.018880122929825723,1.7239951823064261,0,6
148,0.2,0.033663366336633666,0.07482947971362847,0.013112090674369026,1.8823280561396656,0,0
149,0.2,0.021782178217821784,0.062305476128919915,0.0021156164498790874,2.6745630648030145,0,0
150,0.2,0.021782178217821784,0.062305476128919915,0.0021156164498790874,2.6745630648030145,0,0
151,0.2,0.021782178217821784,0.062305476128919915,0.0021156164498790874,2.6745630648030145,0,0
152,0.0,0.0,0.0,1.0,-0.0,0,0
153,0.0,0.009900990099009901,0.04338396495090424,1.0,-0.0,0,0
154,0.0,0.009900990099009901,0.04338396495090424,1.0,-0.0,0,0
155,0.0,0.009900990099009901,0.04338396495090424,1.0,-0.0,0,0
156,0.0,0.009900990099009901,0.04338396495090424,1.0,-0.0,0,0
157,0.0,0.009900990099009901,0.04338396495090424,1.0,-0.0,0,0
158,0.0,0.0,0.0,1.0,-0.0,0,0
159,0.0,0.0,0.0,1.0,-0.0,0,0
160,0.0,0.0,0.0,1.0,-0.0,0,0
161,0.2,0.015841584158415842,0.05401260078014202,0.00032535620257014524,3.4876409094885674,0,0
162,0.2,0.015841584158415842,0.05401260078014202,0.00032535620257014524,3.4876409094885674,0,0
163,0.2,0.015841584158415842,0.05401260078014202,0.00032535620257014524,3.4876409094885674,0,0
164,0.2,0.015841584158415842,0.05401260078014202,0.00032535620257014524,3.4876409094885674,0,0
165,0.2,0.015841584158415842,0.05401260078014202,0.00032535620257014524,3.4876409094885674,0,0
166,0.0,0.0,0.0,1.0,-0.0,0,0
167,0.0,0.0,0.0,1.0,-0.0,0,0
168,0.0,0.06336633663366337,0.10120342446875752,1.0,-0.0,0,0
169,0.0,0.06336633663366337,0.10120342446875752,1.0,-0.0,0,0
170,0.0,0.08514851485148514,0.11378818137472192,1.0,-0.0,0,0
171,0.0,0.08514851485148514,0.11378818137472192,1.0,-0.0,0,0
172,0.0,0.08514851485148514,0.11378818137472192,1.0,-0.0,0,0
173,0.2,0.04554455445544555,0.08846854615322249,0.040415922396446834,1.3934475050229045,0,0
174,0.2,0.07524752475247526,0.10845991237726066,0.12502717670865526,0.9029955756978825,0,6
175,1.0,0.0891089108910891,0.11765109526742927,4.891382994174121e-15,14.310568330688355,0,0
176,1.0,0.1108910891089109,0.13636075485692528,3.509053102308332e-11,10.454810059580266,0,0
177,1.0,0.1108910891089109,0.13636075485692528,3.509053102308332e-11,10.454810059580266,0,0
178,0.8,0.08712871287128712,0.12077584698595571,1.790903181785131e-09,8.746927891958347,0,0
179,0.8,0.057425742574257435,0.10656335878870264,1.6030365315983856e-12,11.79505658039644,0,0
180,0.0,0.021782178217821784,0.06230547612891991,1.0,-0.0,0,0
181,0.0,0.03564356435643565,0.07653920035678292,1.0,-0.0,0,0
182,0.0,0.03564356435643565,0.07653920035678292,1.0,-0.0,0,0
183,0.0,0.03564356435643565,0.07653920035678292,1.0,-0.0,0,0
184,0.0,0.03564356435643565,0.07653920035678292,1.0,-0.0,0,0
185,0.0,0.03564356435643565,0.07653920035678292,1.0,-0.0,0,0
186,0.0,0.0,0.0,1.0,-0.0,0,0
187,0.0,0.0,0.0,1.0,-0.0,0,0
188,0.0,0.0,0.0,1.0,-0.0,0,0
189,0.0,0.0,0.0,1.0,-0.0,0,0
190,0.0,0.0,0.0,1.0,-0.0,0,0
191,0.0,0.0,0.0,1.0,-0.0,0,0
192,0.0,0.0,0.0,1.0,-0.0,0,0
193,0.0,0.0,0.0,1.0,-0.0,1,0
194,0.0,0.0,0.0,1.0,-0.0,0,0
195,0.0,0.011881188118811881,0.047276579747775535,1.0,-0.0,1,0
196,0.0,0.011881188118811881,0.047276579747775535,1.0,-0.0,0,0
197,0.0,0.011881188118811881,0.047276579747775535,1.0,-0.0,0,0
198,0.0,0.011881188118811881,0.047276579747775535,1.0,-0.0,0,0
199,0.0,0.023762376237623766,0.06471340450838889,1.0,-0.0,0,0
200,0.0,0.011881188118811881,0.047276579747775535,1.0,-0.0,0,0
201,0.0,0.011881188118811881,0.047276579747775535,1.0,-0.0,0,0
202,0.0,0.011881188118811881,0.047276579747775535,1.0,-0.0,0,0
203,0.0,0.011881188118811881,0.047276579747775535,1.0,-0.0,0,0
204,0.0,0.0,0.0,1.0,-0.0,0,0
205,0.0,0.007920792079207921,0.03900537743285587,1.0,-0.0,0,0
206,0.0,0.007920792079207921,0.03900537743285587,1.0,-0.0,0,0
207,0.0,0.007920792079207921,0.03900537743285587,1.0,-0.0,0,0
208,0.0,0.03762376237623763,0.08307396817189318,1.0,-0.0,0,0
209,0.0,0.049504950495049514,0.09504950495049506,1.0,-0.0,0,0
210,0.0,0.041584158415841586,0.08590499787518362,1.0,-0.0,0,0
211,0.0,0.041584158415841586,0.08590499787518362,1.0,-0.0,0,0
212,0.0,0.05742574257425742,0.09476028605152792,1.0,-0.0,0,0
213,0.0,0.04752475247524753,0.08965727859541997,1.0,-0.0,0,0
214,0.0,0.03564356435643565,0.07653920035678291,1.0,-0.0,0,0
