,foreground,bg_means,bg_stdev,pvals,minus_logs,regs,active
2,0.0,0.0,0.0,1.0,-0.0,0,0
3,0.0,0.0,0.0,1.0,-0.0,0,0
4,0.0,0.0,0.0,1.0,-0.0,0,0
5,0.0,0.0,0.0,1.0,-0.0,0,0
6,0.0,0.0,0.0,1.0,-0.0,0,0
7,0.0,0.0,0.0,1.0,-0.0,0,0
8,0.0,0.0,0.0,1.0,-0.0,0,0
9,0.0,0.0039603960396039604,0.027863855998951054,1.0,-0.0,0,0
10,0.0,0.0039603960396039604,0.027863855998951054,1.0,-0.0,0,0
11,0.0,0.025742574257425748,0.06697637435757531,1.0,-0.0,0,0
12,0.0,0.025742574257425748,0.06697637435757531,1.0,-0.0,0,0
13,0.0,0.02772277227722773,0.06910862719451544,1.0,-0.0,0,0
14,0.0,0.023762376237623766,0.06471340450838889,1.0,-0.0,0,0
15,0.0,0.023762376237623766,0.06471340450838889,1.0,-0.0,0,0
16,0.0,0.0019801980198019802,0.0198019801980198,1.0,-0.0,0,0
17,0.0,0.013861386138613863,0.05079507064705211,1.0,-0.0,0,0
18,0.0,0.011881188118811883,0.047276579747775535,1.0,-0.0,0,0
19,0.0,0.011881188118811883,0.047276579747775535,1.0,-0.0,0,0
20,0.0,0.011881188118811883,0.047276579747775535,1.0,-0.0,0,0
21,0.0,0.011881188118811883,0.047276579747775535,1.0,-0.0,0,0
22,0.0,0.0,0.0,1.0,-0.0,0,0
23,0.0,0.0,0.0,1.0,-0.0,0,0
24,0.0,0.0,0.0,1.0,-0.0,0,0
25,0.0,0.0,0.0,1.0,-0.0,0,0
26,0.0,0.0,0.0,1.0,-0.0,0,0
27,0.0,0.0,0.0,1.0,-0.0,0,0
28,0.0,0.0019801980198019802,0.0198019801980198,1.0,-0.0,0,0
29,0.0,0.0019801980198019802,0.0198019801980198,1.0,-0.0,0,0
30,0.0,0.0019801980198019802,0.0198019801980198,1.0,-0.0,0,0
31,0.0,0.0019801980198019802,0.0198019801980198,1.0,-0.0,0,0
32,0.0,0.0019801980198019802,0.0198019801980198,1.0,-0.0,0,0
33,0.0,0.0,0.0,1.0,-0.0,0,0
34,0.0,0.0,0.0,1.0,-0.0,0,0
35,0.0,0.0,0.0,1.0,-0.0,0,0
36,0.0,0.0,0.0,1.0,-0.0,0,0
37,0.0,0.0,0.0,1.0,-0.0,0,0
38,0.0,0.0,0.0,1.0,-0.0,0,0
39,0.0,0.0,0.0,1.0,-0.0,0,0
40,0.0,0.0019801980198019802,0.0198019801980198,1.0,-0.0,0,0
41,0.0,0.0019801980198019802,0.0198019801980198,1.0,-0.0,0,0
42,0.0,0.0019801980198019802,0.0198019801980198,1.0,-0.0,0,0
43,0.0,0.031683168316831684,0.0730260947112308,1.0,-0.0,0,0
44,0.0,0.031683168316831684,0.0730260947112308,1.0,-0.0,0,0
45,0.0,0.0297029702970297,0.07112192077650681,1.0,-0.0,0,0
46,0.0,0.0297029702970297,0.07112192077650681,1.0,-0.0,0,0
47,0.0,0.0297029702970297,0.07112192077650681,1.0,-0.0,0,0
48,0.0,0.0,0.0,1.0,-0.0,0,0
49,0.0,0.0,0.0,1.0,-0.0,0,0
50,0.0,0.011881188118811883,0.047276579747775535,1.0,-0.0,0,0
51,0.0,0.011881188118811883,0.047276579747775535,1.0,-0.0,0,0
52,0.0,0.011881188118811883,0.047276579747775535,1.0,-0.0,0,0
53,0.0,0.011881188118811883,0.047276579747775535,1.0,-0.0,0,0
54,0.0,0.011881188118811883,0.047276579747775535,1.0,-0.0,0,0
55,0.0,0.007920792079207921,0.03900537743285587,1.0,-0.0,0,0
56,0.0,0.007920792079207921,0.03900537743285587,1.0,-0.0,0,0
57,0.0,0.025742574257425748,0.07264925278354116,1.0,-0.0,0,0
58,0.0,0.025742574257425748,0.07264925278354116,1.0,-0.0,0,0
59,0.0,0.025742574257425748,0.07264925278354116,1.0,-0.0,0,0
60,0.0,0.033663366336633666,0.07482947971362847,1.0,-0.0,0,0
61,0.6,0.20198019801980194,0.18773279832857556,0.01699712320296096,1.7696245776101631,0,0
62,0.6,0.1841584158415841,0.17276589394999795,0.008042839860632396,2.0945905783614958,0,0
63,0.6,0.1861386138613861,0.17178717143997088,0.007994821245712531,2.097191242095174,0,0
64,0.6,0.1861386138613861,0.17178717143997088,0.007994821245712531,2.097191242095174,0,0
65,1.2,0.32277227722772295,0.2161229885091842,2.4649219066767053e-05,4.60819683542798,0,0
66,0.6,0.15643564356435644,0.16070133517048302,0.002888490133618491,2.5393291115646193,0,0
67,0.6,0.18415841584158418,0.18170407519927864,0.011052320145517889,1.9565465436416916,0,0
68,0.6,0.18217821782178217,0.1782178217821782,0.0095277245714648,2.021010805977623,0,0
69,0.6,0.18217821782178217,0.1782178217821782,0.0095277245714648,2.021010805977623,0,0
70,0.0,0.02772277227722772,0.06910862719451544,1.0,-0.0,0,0
71,0.0,0.02772277227722772,0.06910862719451544,1.0,-0.0,0,0
72,0.0,0.013861386138613863,0.05079507064705211,1.0,-0.0,0,0
73,0.0,0.03564356435643565,0.08154954567118416,1.0,-0.0,0,0
74,0.0,0.03564356435643565,0.08154954567118416,1.0,-0.0,0,0
75,0.0,0.04356435643564357,0.09587103712404123,1.0,-0.0,0,0
76,0.0,0.061386138613861385,0.11166631429601336,1.0,-0.0,0,0
77,0.0,0.09702970297029702,0.124642415697871,1.0,-0.0,0,0
78,0.0,0.09900990099009899,0.12467387119760154,1.0,-0.0,0,0
79,0.0,0.09900990099009899,0.12467387119760154,1.0,-0.0,0,0
80,0.0,0.12475247524752472,0.14030090759539288,1.0,-0.0,0,0
81,0.0,0.2712871287128713,0.2296517525691723,1.0,-0.0,0,0
82,0.0,0.22178217821782176,0.21782178217821777,1.0,-0.0,0,0
83,0.0,0.19801980198019806,0.21340251467882923,1.0,-0.0,0,0
84,0.0,0.19801980198019806,0.21340251467882923,1.0,-0.0,0,0
85,0.0,0.17227722772277226,0.18245781385805057,1.0,-0.0,0,0
86,0.0,0.0059405940594059415,0.033953323167291584,1.0,-0.0,0,0
87,0.0,0.0059405940594059415,0.033953323167291584,1.0,-0.0,0,0
88,0.2,0.025742574257425745,0.07264925278354115,0.008228653963589664,2.084671200510098,0,0
89,0.4,0.061386138613861385,0.11515834731523733,0.0016388402660386595,2.7854633740430557,0,0
90,0.6,0.2079207920792079,0.1733097543528005,0.011839339131297323,1.9266725391368442,0,0
91,0.6,0.22970297029702968,0.18750290002005252,0.02414048952889453,1.6172539273810878,0,0
92,0.6,0.22970297029702968,0.18750290002005252,0.02414048952889453,1.6172539273810878,0,0
93,0.4,0.2099009900990099,0.18320845158368915,0.14972571777274163,0.8247035962668375,0,0
94,0.4,0.2059405940594059,0.17452724385370855,0.13308741635482213,0.8758630058778252,0,0
95,0.4,0.08910891089108909,0.12420120222231065,0.006155109217616707,2.210764236447136,1,0
96,0.4,0.06732673267326733,0.11000352009767247,0.0012464345936461629,2.904330506060191,0,0
97,0.4,0.06732673267326733,0.11000352009767247,0.0012464345936461629,2.904330506060191,1,0
98,0.4,0.06732673267326733,0.11000352009767247,0.0012464345936461629,2.904330506060191,0,0
99,0.2,0.03762376237623763,0.08771182015980238,0.03206701867154286,1.4939414153345645,0,0
100,0.0,0.0019801980198019802,0.019801980198019802,1.0,-0.0,0,0
101,0.0,0.0019801980198019802,0.019801980198019802,1.0,-0.0,0,0
102,0.0,0.0019801980198019802,0.019801980198019802,1.0,-0.0,0,0
103,0.0,0.0019801980198019802,0.019801980198019802,1.0,-0.0,0,0
104,0.0,0.011881188118811883,0.047276579747775535,1.0,-0.0,0,0
105,0.0,0.011881188118811883,0.047276579747775535,1.0,-0.0,0,0
106,0.0,0.011881188118811883,0.047276579747775535,1.0,-0.0,0,0
107,0.0,0.011881188118811883,0.047276579747775535,1.0,-0.0,0,0
108,0.0,0.011881188118811883,0.047276579747775535,1.0,-0.0,0,0
109,0.0,0.0,0.0,1.0,-0.0,0,0
110,0.0,0.05940594059405942,0.09138994660763826,1.0,-0.0,0,0
111,0.0,0.06336633663366337,0.09721138779115705,1.0,-0.0,0,0
112,0.0,0.06336633663366337,0.09721138779115705,1.0,-0.0,0,0
113,0.0,0.06336633663366337,0.09721138779115705,1.0,-0.0,0,0
114,0.0,0.06930693069306931,0.09924724028627063,1.0,-0.0,0,0
115,0.0,0.009900990099009901,0.04338396495090425,1.0,-0.0,0,0
116,0.0,0.0059405940594059415,0.033953323167291584,1.0,-0.0,0,0
117,0.0,0.0059405940594059415,0.033953323167291584,1.0,-0.0,0,0
118,0.0,0.0059405940594059415,0.033953323167291584,1.0,-0.0,0,0
119,0.0,0.0,0.0,1.0,-0.0,0,0
120,0.0,0.015841584158415842,0.054012600780142014,1.0,-0.0,0,0
121,0.0,0.015841584158415842,0.054012600780142014,1.0,-0.0,0,0
122,0.0,0.0297029702970297,0.07648795214189293,1.0,-0.0,0,0
123,0.0,0.0297029702970297,0.07648795214189293,1.0,-0.0,0,0
124,0.0,0.0297029702970297,0.07648795214189293,1.0,-0.0,0,0
125,0.0,0.013861386138613863,0.05079507064705211,1.0,-0.0,0,0
126,0.0,0.013861386138613863,0.05079507064705211,1.0,-0.0,0,0
127,0.0,0.0,0.0,1.0,-0.0,0,0
128,0.0,0.0,0.0,1.0,-0.0,0,0
129,0.0,0.0,0.0,1.0,-0.0,0,0
130,0.0,0.0,0.0,1.0,-0.0,0,0
131,0.0,0.0,0.0,1.0,-0.0,0,0
132,0.0,0.0,0.0,1.0,-0.0,0,0
133,0.0,0.0,0.0,1.0,-0.0,0,0
134,0.0,0.0,0.0,1.0,-0.0,0,0
135,0.0,0.0039603960396039604,0.02786385599895107,1.0,-0.0,0,0
136,0.0,0.0039603960396039604,0.02786385599895107,1.0,-0.0,0,0
137,0.0,0.023762376237623763,0.07056843438101175,1.0,-0.0,0,0
138,0.0,0.03564356435643565,0.08626938974571076,1.0,-0.0,0,0
139,0.0,0.03564356435643565,0.08626938974571076,1.0,-0.0,0,0
140,0.0,0.031683168316831684,0.08316831683168317,1.0,-0.0,0,0
141,0.0,0.04554455445544554,0.09700949476369024,1.0,-0.0,0,0
142,0.0,0.041584158415841586,0.08590499787518362,1.0,-0.0,0,0
143,0.0,0.02970297029702971,0.07112192077650682,1.0,-0.0,0,0
144,0.0,0.02970297029702971,0.07112192077650682,1.0,-0.0,0,0
145,0.0,0.02970297029702971,0.07112192077650682,1.0,-0.0,0,0
146,0.0,0.015841584158415842,0.054012600780142014,1.0,-0.0,0,0
147,0.0,0.0,0.0,1.0,-0.0,0,0
148,0.0,0.05346534653465347,0.10860442931328386,1.0,-0.0,0,0
149,0.0,0.05346534653465347,0.10860442931328386,1.0,-0.0,0,0
150,0.0,0.05346534653465347,0.10860442931328386,1.0,-0.0,0,0
151,0.0,0.07920792079207921,0.1261123431927973,1.0,-0.0,0,0
152,0.0,0.07920792079207921,0.1261123431927973,1.0,-0.0,0,0
153,0.0,0.04158415841584158,0.08590499787518362,1.0,-0.0,0,0
154,0.0,0.04158415841584158,0.08590499787518362,1.0,-0.0,0,0
155,0.0,0.04158415841584158,0.08590499787518362,1.0,-0.0,0,0
156,0.0,0.015841584158415842,0.06090517425437506,1.0,-0.0,0,0
157,0.0,0.05148514851485149,0.09607532254026299,1.0,-0.0,0,0
158,0.0,0.03564356435643565,0.07653920035678292,1.0,-0.0,0,0
159,0.0,0.03564356435643565,0.07653920035678292,1.0,-0.0,0,0
160,0.0,0.03564356435643565,0.07653920035678292,1.0,-0.0,0,0
161,0.0,0.04158415841584159,0.08590499787518362,1.0,-0.0,0,0
162,0.0,0.0059405940594059415,0.033953323167291584,1.0,-0.0,0,0
163,0.0,0.0059405940594059415,0.033953323167291584,1.0,-0.0,0,0
164,0.0,0.013861386138613863,0.05079507064705211,1.0,-0.0,0,0
165,0.0,0.013861386138613863,0.05079507064705211,1.0,-0.0,0,0
166,0.0,0.007920792079207921,0.03900537743285587,1.0,-0.0,0,0
167,0.0,0.15445544554455443,0.17773311423617325,1.0,-0.0,0,0
168,0.0,0.19603960396039605,0.20677667298545127,1.0,-0.0,0,0
169,0.0,0.3742574257425743,0.24961493725397105,1.0,-0.0,0,0
170,0.0,0.394059405940594,0.2586414553228625,1.0,-0.0,0,0
171,0.0,0.394059405940594,0.2586414553228625,1.0,-0.0,0,0
172,0.0,0.24752475247524752,0.18700032265866198,1.0,-0.0,0,0
173,0.0,0.22772277227722773,0.19300582861007848,1.0,-0.0,0,0
174,0.0,0.041584158415841586,0.08590499787518362,1.0,-0.0,0,0
175,0.0,0.021782178217821784,0.06230547612891991,1.0,-0.0,0,0
176,0.0,0.03762376237623762,0.08771182015980238,1.0,-0.0,0,0
177,0.0,0.03762376237623762,0.08771182015980238,1.0,-0.0,0,0
178,0.0,0.015841584158415842,0.05401260078014202,1.0,-0.0,0,0
179,0.0,0.015841584158415842,0.05401260078014202,1.0,-0.0,0,0
180,0.0,0.017821782178217824,0.05698017651460656,1.0,-0.0,0,0
181,0.0,0.021782178217821784,0.06230547612891991,1.0,-0.0,0,0
182,0.0,0.021782178217821784,0.06230547612891991,1.0,-0.0,0,0
183,0.0,0.021782178217821784,0.06230547612891991,1.0,-0.0,0,0
184,0.0,0.021782178217821784,0.06230547612891991,1.0,-0.0,0,0
185,0.0,0.019801980198019802,0.059735061897023205,1.0,-0.0,0,0
186,0.0,0.0,0.0,1.0,-0.0,0,0
187,0.0,0.0,0.0,1.0,-0.0,0,0
188,0.0,0.0,0.0,1.0,-0.0,0,0
189,0.0,0.0,0.0,1.0,-0.0,0,0
190,0.0,0.0,0.0,1.0,-0.0,0,0
191,0.0,0.0,0.0,1.0,-0.0,0,0
192,0.0,0.007920792079207921,0.03900537743285587,1.0,-0.0,0,0
193,0.0,0.007920792079207921,0.03900537743285587,1.0,-0.0,0,0
194,0.0,0.007920792079207921,0.03900537743285587,1.0,-0.0,0,0
195,0.0,0.05544554455445545,0.10943169805661863,1.0,-0.0,0,0
196,0.0,0.06336633663366337,0.11917436454123626,1.0,-0.0,0,0
197,0.0,0.06732673267326733,0.1135467024699521,1.0,-0.0,0,0
198,0.0,0.06732673267326733,0.1135467024699521,1.0,-0.0,0,0
199,0.0,0.06732673267326733,0.1135467024699521,1.0,-0.0,0,0
200,0.0,0.019801980198019802,0.059735061897023205,1.0,-0.0,0,0
201,0.0,0.011881188118811883,0.047276579747775535,1.0,-0.0,0,0
202,0.0,0.0,0.0,1.0,-0.0,0,0
203,0.0,0.0,0.0,1.0,-0.0,0,0
204,0.0,0.0,0.0,1.0,-0.0,0,0
205,0.0,0.0,0.0,1.0,-0.0,0,0
206,0.0,0.0,0.0,1.0,-0.0,0,0
207,0.0,0.0,0.0,1.0,-0.0,0,0
208,0.0,0.0,0.0,1.0,-0.0,0,0
209,0.0,0.0,0.0,1.0,-0.0,0,0
210,0.0,0.0,0.0,1.0,-0.0,0,0
211,0.0,0.0,0.0,1.0,-0.0,0,0
212,0.0,0.019801980198019802,0.06603299802191315,1.0,-0.0,0,0
213,0.0,0.019801980198019802,0.06603299802191315,1.0,-0.0,0,0
214,0.0,0.019801980198019802,0.06603299802191315,1.0,-0.0,0,0
215,0.0,0.019801980198019802,0.06603299802191315,1.0,-0.0,0,0
216,0.0,0.019801980198019802,0.06603299802191315,1.0,-0.0,0,0
217,0.0,0.0,0.0,1.0,-0.0,0,0
218,0.0,0.0,0.0,1.0,-0.0,0,0
219,0.0,0.0,0.0,1.0,-0.0,0,0
220,0.0,0.0,0.0,1.0,-0.0,0,0
221,0.0,0.0,0.0,1.0,-0.0,0,0
222,0.0,0.0,0.0,1.0,-0.0,0,0
223,0.0,0.0,0.0,1.0,-0.0,0,0
224,0.0,0.0,0.0,1.0,-0.0,0,0
225,0.0,0.0,0.0,1.0,-0.0,0,0
226,0.0,0.0,0.0,1.0,-0.0,0,0
227,0.0,0.0,0.0,1.0,-0.0,0,0
228,0.0,0.0,0.0,1.0,-0.0,0,0
229,0.0,0.0,0.0,1.0,-0.0,0,0
230,0.0,0.0,0.0,1.0,-0.0,0,0
231,0.0,0.015841584158415842,0.054012600780142014,1.0,-0.0,0,0
232,0.0,0.019801980198019806,0.05973506189702319,1.0,-0.0,0,0
233,0.0,0.03564356435643565,0.09074407316744236,1.0,-0.0,0,0
234,0.0,0.03564356435643565,0.09074407316744236,1.0,-0.0,0,0
235,0.0,0.03564356435643565,0.09074407316744236,1.0,-0.0,0,0
236,0.0,0.019801980198019802,0.06603299802191315,1.0,-0.0,0,0
237,0.0,0.033663366336633666,0.08930671115865095,1.0,-0.0,0,0
238,0.0,0.017821782178217824,0.05698017651460657,1.0,-0.0,0,0
239,0.0,0.017821782178217824,0.05698017651460657,1.0,-0.0,0,0
240,0.0,0.017821782178217824,0.05698017651460657,1.0,-0.0,0,0
241,0.0,0.03564356435643565,0.08154954567118416,1.0,-0.0,0,0
242,0.0,0.017821782178217824,0.0635517090529949,1.0,-0.0,0,0
243,0.0,0.017821782178217824,0.0635517090529949,1.0,-0.0,0,0
244,0.0,0.017821782178217824,0.0635517090529949,1.0,-0.0,0,0
245,0.0,0.031683168316831684,0.08316831683168317,1.0,-0.0,0,0
246,0.0,0.013861386138613863,0.05079507064705211,1.0,-0.0,0,0
247,0.0,0.039603960396039604,0.07970143286137865,1.0,-0.0,0,0
248,0.0,0.039603960396039604,0.07970143286137865,1.0,-0.0,0,0
249,0.0,0.039603960396039604,0.07970143286137865,1.0,-0.0,0,0
250,0.0,0.025742574257425745,0.0669763743575753,1.0,-0.0,0,0
251,0.0,0.025742574257425745,0.0669763743575753,1.0,-0.0,0,0
252,0.0,0.0,0.0,1.0,-0.0,0,0
253,0.0,0.0297029702970297,0.07112192077650681,1.0,-0.0,0,0
254,0.0,0.0297029702970297,0.07112192077650681,1.0,-0.0,0,0
255,0.0,0.0297029702970297,0.07112192077650681,1.0,-0.0,0,0
256,0.0,0.0297029702970297,0.07112192077650681,1.0,-0.0,0,0
257,0.0,0.0297029702970297,0.07112192077650681,1.0,-0.0,0,0
258,0.0,0.0,0.0,1.0,-0.0,0,0
259,0.0,0.0,0.0,1.0,-0.0,0,0
260,0.0,0.0,0.0,1.0,-0.0,0,0
261,0.0,0.0,0.0,1.0,-0.0,0,0
262,0.0,0.0,0.0,1.0,-0.0,0,0
263,0.0,0.0,0.0,1.0,-0.0,0,0
264,0.0,0.0,0.0,1.0,-0.0,0,0
265,0.0,0.0,0.0,1.0,-0.0,0,0
266,0.0,0.007920792079207921,0.03900537743285587,1.0,-0.0,0,0
267,0.0,0.007920792079207921,0.03900537743285587,1.0,-0.0,0,0
268,0.0,0.011881188118811881,0.047276579747775535,1.0,-0.0,0,0
269,0.0,0.011881188118811881,0.047276579747775535,1.0,-0.0,0,0
270,0.0,0.011881188118811881,0.047276579747775535,1.0,-0.0,0,0
271,0.0,0.0039603960396039604,0.027863855998951068,1.0,-0.0,0,0
272,0.0,0.0039603960396039604,0.027863855998951068,1.0,-0.0,0,0
273,0.0,0.0,0.0,1.0,-0.0,0,0
274,0.0,0.0,0.0,1.0,-0.0,0,0
275,0.0,0.0019801980198019802,0.019801980198019802,1.0,-0.0,0,0
276,0.0,0.0019801980198019802,0.019801980198019802,1.0,-0.0,0,0
277,0.0,0.009900990099009901,0.04338396495090424,1.0,-0.0,0,0
278,0.0,0.009900990099009901,0.04338396495090424,1.0,-0.0,0,0
279,0.0,0.04356435643564357,0.10755228209109126,1.0,-0.0,0,0
280,0.0,0.041584158415841586,0.10270338597932627,1.0,-0.0,0,0
281,0.0,0.04950495049504951,0.1104659459879711,1.0,-0.0,0,0
282,0.0,0.041584158415841586,0.09467748980500532,1.0,-0.0,0,0
283,0.0,0.0891089108910891,0.13923481846532235,1.0,-0.0,0,0
284,0.0,0.07920792079207921,0.10928827506175545,1.0,-0.0,0,0
285,0.0,0.09108910891089109,0.11089108910891092,1.0,-0.0,0,0
286,0.0,0.08316831683168316,0.10630546955619442,1.0,-0.0,0,0
287,0.0,0.08316831683168316,0.10630546955619442,1.0,-0.0,0,0
288,0.0,0.03564356435643565,0.07653920035678292,1.0,-0.0,0,0
289,0.0,0.011881188118811881,0.047276579747775535,1.0,-0.0,0,0
290,0.0,0.0,0.0,1.0,-0.0,0,0
291,0.0,0.017821782178217824,0.05698017651460656,1.0,-0.0,0,0
292,0.0,0.017821782178217824,0.05698017651460656,1.0,-0.0,0,0
293,0.0,0.019801980198019802,0.059735061897023205,1.0,-0.0,0,0
294,0.0,0.019801980198019802,0.059735061897023205,1.0,-0.0,0,0
295,0.0,0.019801980198019802,0.059735061897023205,1.0,-0.0,0,0
296,0.0,0.011881188118811883,0.047276579747775535,1.0,-0.0,0,0
297,0.0,0.011881188118811883,0.047276579747775535,1.0,-0.0,0,0
298,0.0,0.009900990099009901,0.043383964950904234,1.0,-0.0,0,0
299,0.0,0.013861386138613863,0.05079507064705211,1.0,-0.0,0,0
300,0.0,0.013861386138613863,0.05079507064705211,1.0,-0.0,0,0
301,0.0,0.0039603960396039604,0.027863855998951068,1.0,-0.0,0,0
302,0.0,0.0039603960396039604,0.027863855998951068,1.0,-0.0,0,0
303,0.0,0.011881188118811881,0.047276579747775535,1.0,-0.0,0,0
304,0.0,0.007920792079207921,0.03900537743285587,1.0,-0.0,0,0
305,0.0,0.007920792079207921,0.03900537743285587,1.0,-0.0,0,0
306,0.0,0.007920792079207921,0.03900537743285587,1.0,-0.0,0,0
307,0.0,0.007920792079207921,0.03900537743285587,1.0,-0.0,0,0
308,0.0,0.0,0.0,1.0,-0.0,0,0
309,0.0,0.0,0.0,1.0,-0.0,0,0
310,0.0,0.0,0.0,1.0,-0.0,0,0
311,0.0,0.0,0.0,1.0,-0.0,0,0
312,0.0,0.023762376237623766,0.07056843438101175,1.0,-0.0,0,0
313,0.0,0.03762376237623763,0.08771182015980238,1.0,-0.0,0,0
314,0.0,0.06336633663366338,0.1158034971660471,1.0,-0.0,0,0
315,0.0,0.08316831683168317,0.12670172889541695,1.0,-0.0,0,0
316,0.0,0.08316831683168317,0.12670172889541695,1.0,-0.0,0,0
317,0.0,0.06930693069306931,0.11409790329416189,1.0,-0.0,0,0
318,0.0,0.05544554455445544,0.1019369320889802,1.0,-0.0,0,0
319,0.0,0.0297029702970297,0.07112192077650681,1.0,-0.0,0,0
320,0.0,0.009900990099009901,0.04338396495090424,1.0,-0.0,0,0
321,0.0,0.061386138613861385,0.11166631429601336,1.0,-0.0,0,0
322,0.0,0.05148514851485149,0.10773441987117181,1.0,-0.0,0,0
323,0.0,0.05544554455445544,0.11299281281336322,1.0,-0.0,0,0
324,0.0,0.05544554455445544,0.11299281281336322,1.0,-0.0,0,0
325,0.0,0.05544554455445544,0.11299281281336322,1.0,-0.0,0,0
326,0.0,0.0039603960396039604,0.027863855998951064,1.0,-0.0,0,0
327,0.0,0.0039603960396039604,0.027863855998951064,1.0,-0.0,0,0
328,0.0,0.0,0.0,1.0,-0.0,0,0
329,0.8,0.06930693069306931,0.11409790329416186,7.563519087795168e-11,10.121276092750927,0,0
330,0.8,0.06930693069306931,0.11409790329416186,7.563519087795168e-11,10.121276092750927,0,0
331,0.8,0.06930693069306931,0.11409790329416186,7.563519087795168e-11,10.121276092750927,0,0
332,0.8,0.06930693069306931,0.11409790329416186,7.563519087795168e-11,10.121276092750927,0,0
333,0.8,0.06930693069306931,0.11409790329416186,7.563519087795168e-11,10.121276092750927,0,0
334,0.0,0.0,0.0,1.0,-0.0,0,0
335,0.0,0.0,0.0,1.0,-0.0,0,0
336,0.0,0.023762376237623766,0.06471340450838887,1.0,-0.0,0,0
337,0.0,0.023762376237623766,0.06471340450838887,1.0,-0.0,0,0
338,0.0,0.023762376237623766,0.06471340450838887,1.0,-0.0,0,0
339,0.0,0.023762376237623766,0.06471340450838887,1.0,-0.0,0,0
340,0.0,0.023762376237623766,0.06471340450838887,1.0,-0.0,0,0
341,0.0,0.0039603960396039604,0.027863855998951068,1.0,-0.0,0,0
342,0.0,0.015841584158415842,0.054012600780142014,1.0,-0.0,0,0
343,0.0,0.03762376237623763,0.08307396817189319,1.0,-0.0,0,0
344,0.0,0.03762376237623763,0.08307396817189319,1.0,-0.0,0,0
345,0.0,0.03762376237623763,0.08307396817189319,1.0,-0.0,0,0
346,0.0,0.033663366336633666,0.07994704648786674,1.0,-0.0,0,0
347,0.0,0.03762376237623763,0.08307396817189318,1.0,-0.0,0,0
348,0.0,0.019801980198019802,0.0597350618970232,1.0,-0.0,0,0
349,0.0,0.02970297029702971,0.07112192077650681,1.0,-0.0,0,0
350,0.0,0.0712871287128713,0.11110305060677654,1.0,-0.0,0,0
351,0.0,0.1217821782178218,0.13468258275748082,1.0,-0.0,0,0
352,0.0,0.1603960396039604,0.16890984643276136,1.0,-0.0,0,0
353,0.0,0.15643564356435644,0.16793200037318168,1.0,-0.0,0,0
354,0.0,0.18217821782178217,0.18042635951740818,1.0,-0.0,0,0
355,0.0,0.14059405940594058,0.15297590428378585,1.0,-0.0,0,0
356,0.0,0.08910891089108909,0.12734998170941406,1.0,-0.0,0,0
357,0.0,0.201980198019802,0.2188992254326413,1.0,-0.0,0,0
358,0.0,0.201980198019802,0.2188992254326413,1.0,-0.0,0,0
359,0.0,0.16633663366336635,0.18894036343566833,1.0,-0.0,0,0
360,0.0,0.17029702970297028,0.1916807135101792,1.0,-0.0,0,0
361,0.0,0.17029702970297028,0.1916807135101792,1.0,-0.0,0,0
362,0.0,0.0039603960396039604,0.027863855998951064,1.0,-0.0,0,0
363,0.0,0.013861386138613863,0.05807080514303042,1.0,-0.0,0,0
364,0.0,0.013861386138613863,0.05807080514303042,1.0,-0.0,0,0
365,0.0,0.009900990099009901,0.04338396495090425,1.0,-0.0,0,0
366,0.0,0.009900990099009901,0.04338396495090425,1.0,-0.0,0,0
367,0.0,0.009900990099009901,0.04338396495090425,1.0,-0.0,0,0
368,0.0,0.0,0.0,1.0,-0.0,0,0
