,foreground,bg_means,bg_stdev,pvals,minus_logs,regs,active
2,0.2,0.09702970297029703,0.12464241569787102,0.20436640857029575,0.6895904870669045,0,0
3,0.2,0.09702970297029703,0.12464241569787102,0.20436640857029575,0.6895904870669045,0,0
4,0.2,0.15445544554455443,0.166218722942046,0.39204086748793565,0.40666865849130684,0,0
5,0.2,0.15445544554455443,0.166218722942046,0.39204086748793565,0.40666865849130684,0,0
6,0.2,0.22772277227722768,0.2162318209064348,1.0,-0.0,0,0
7,0.2,0.22772277227722768,0.2162318209064348,1.0,-0.0,0,0
8,0.2,0.22772277227722768,0.2162318209064348,1.0,-0.0,0,0
9,0.6,0.5722772277227722,0.31469577069812166,0.46490102922964577,0.3326394923450674,0,0
10,0.6,0.6910891089108909,0.34299179042249067,1.0,-0.0,0,0
11,0.4,0.5207920792079208,0.29662017973558363,1.0,-0.0,0,0
12,0.4,0.5346534653465347,0.2979918410619266,1.0,-0.0,0,0
13,0.4,0.5346534653465347,0.2979918410619266,1.0,-0.0,0,0
14,0.0,0.13366336633663364,0.15432845757147493,1.0,-0.0,0,0
15,0.0,0.05346534653465348,0.09704990696905226,1.0,-0.0,0,0
16,0.0,0.06336633663366337,0.11233152161332939,1.0,-0.0,0,0
17,0.0,0.2495049504950495,0.20759049672836247,1.0,-0.0,0,0
18,0.0,0.26534653465346536,0.22179985785260756,1.0,-0.0,0,0
19,0.0,0.30495049504950494,0.24630988998758352,1.0,-0.0,0,0
20,0.0,0.26534653465346536,0.22883070986019358,1.0,-0.0,0,0
21,0.0,0.6,0.3083009973232248,1.0,-0.0,0,0
22,0.0,0.39999999999999997,0.26699649569399087,1.0,-0.0,0,0
23,0.0,0.407920792079208,0.2623893140772826,1.0,-0.0,0,0
24,0.0,0.36831683168316837,0.23836517997313517,1.0,-0.0,0,0
25,0.0,0.36831683168316837,0.23836517997313517,1.0,-0.0,0,0
26,0.0,0.023762376237623766,0.06471340450838887,1.0,-0.0,0,0
27,0.0,0.023762376237623766,0.06471340450838887,1.0,-0.0,0,0
28,0.0,0.0,0.0,1.0,-0.0,0,0
29,0.0,0.0,0.0,1.0,-0.0,0,0
30,0.0,0.0,0.0,1.0,-0.0,0,0
31,0.0,0.0,0.0,1.0,-0.0,0,0
32,0.0,0.0,0.0,1.0,-0.0,0,0
33,0.0,0.017821782178217824,0.0635517090529949,1.0,-0.0,0,0
34,0.0,0.061386138613861385,0.10806149425459212,1.0,-0.0,0,0
35,0.0,0.13663366336633662,0.13767717461995008,1.0,-0.0,0,0
36,0.0,0.1881188118811881,0.16367507580017288,1.0,-0.0,0,0
37,0.2,0.7267326732673268,0.32423286128706663,1.0,-0.0,0,0
38,0.2,0.7405940594059405,0.3288679104731363,1.0,-0.0,0,0
39,0.6,0.9782178217821782,0.3625006549385793,1.0,-0.0,0,0
40,0.6,0.9257425742574256,0.3511377449238473,1.0,-0.0,0,0
41,0.6,1.1623762376237625,0.386620668890797,1.0,-0.0,0,0
42,0.4,0.7485148514851486,0.3302006175028075,1.0,-0.0,0,0
43,0.4,0.716831683168317,0.31119994748233576,1.0,-0.0,0,0
44,0.0,0.45940594059405937,0.2603037897054255,1.0,-0.0,0,0
45,0.0,1.01980198019802,0.41123330613568587,1.0,-0.0,0,0
46,0.0,0.7326732673267325,0.34500937306569796,1.0,-0.0,0,0
47,0.0,0.607920792079208,0.32079207920792085,1.0,-0.0,0,0
48,0.0,0.607920792079208,0.32079207920792085,1.0,-0.0,0,0
49,0.0,0.5821782178217821,0.2979786820748781,1.0,-0.0,0,0
50,0.0,0.0,0.0,1.0,-0.0,0,0
51,0.0,0.0,0.0,1.0,-0.0,0,0
52,0.0,0.0,0.0,1.0,-0.0,0,0
53,0.0,0.0,0.0,1.0,-0.0,0,0
54,0.0,0.0,0.0,1.0,-0.0,0,0
55,0.0,0.0,0.0,1.0,-0.0,0,0
56,0.0,0.03762376237623762,0.07816140339006157,1.0,-0.0,0,0
57,0.0,0.03762376237623762,0.07816140339006157,1.0,-0.0,0,0
58,0.0,0.03762376237623762,0.07816140339006157,1.0,-0.0,0,0
59,0.0,0.08316831683168317,0.11351216354824961,1.0,-0.0,0,0
60,0.0,0.10495049504950495,0.11805036483793173,1.0,-0.0,0,0
61,0.4,0.6118811881188119,0.2976099942139278,1.0,-0.0,0,0
62,0.6,0.6475247524752475,0.300690314491337,1.0,-0.0,0,0
63,0.8,1.225742574257426,0.42090272278617863,1.0,-0.0,0,0
64,0.8,1.2396039603960396,0.42869343472277976,1.0,-0.0,0,0
65,0.8,1.217821782178218,0.42037136801914704,1.0,-0.0,0,0
66,0.4,0.6732673267326734,0.32666665999798594,1.0,-0.0,0,0
67,0.2,0.6376237623762375,0.31429679016279594,1.0,-0.0,0,0
68,0.0,0.0594059405940594,0.09138994660763824,1.0,-0.0,0,0
69,0.0,0.0,0.0,1.0,-0.0,0,0
70,0.0,0.0,0.0,1.0,-0.0,0,0
71,0.0,0.0,0.0,1.0,-0.0,0,0
72,0.0,0.0,0.0,1.0,-0.0,0,0
73,0.0,0.0,0.0,1.0,-0.0,0,0
74,0.0,0.0,0.0,1.0,-0.0,0,0
75,0.0,0.015841584158415842,0.05401260078014202,1.0,-0.0,0,0
76,0.0,0.04554455445544555,0.09700949476369022,1.0,-0.0,0,0
77,0.0,0.06930693069306931,0.12084076279122662,1.0,-0.0,0,0
78,0.0,0.08118811881188118,0.12951766673875514,1.0,-0.0,0,0
79,0.0,0.13663366336633662,0.15137833547418925,1.0,-0.0,0,0
80,0.0,0.20396039603960398,0.19290421984883252,1.0,-0.0,0,0
81,0.2,0.21386138613861383,0.19550883243085126,1.0,-0.0,0,0
82,0.2,0.31980198019801975,0.2501563083552765,1.0,-0.0,0,0
83,0.2,0.3079207920792079,0.24603113717328245,1.0,-0.0,0,0
84,0.2,0.25346534653465347,0.2159777933375997,1.0,-0.0,0,0
85,0.2,0.17029702970297025,0.1674175159433525,0.429589824987842,0.36694601363058055,0,0
86,0.0,0.16633663366336632,0.1642729120947021,1.0,-0.0,0,0
87,0.0,0.03564356435643565,0.07653920035678292,1.0,-0.0,0,0
88,0.0,0.03564356435643565,0.07653920035678292,1.0,-0.0,0,0
89,0.0,0.03564356435643565,0.07653920035678292,1.0,-0.0,0,0
90,0.0,0.03564356435643565,0.07653920035678292,1.0,-0.0,0,0
91,0.0,0.0,0.0,1.0,-0.0,0,0
92,0.0,0.0,0.0,1.0,-0.0,0,0
93,0.4,0.20198019801980197,0.19190560696373418,0.15106875279837761,0.8208253562474,0,0
94,0.4,0.2376237623762376,0.20433494399230787,0.2134064631879688,0.670792431751451,0,0
95,0.4,0.2376237623762376,0.20433494399230787,0.2134064631879688,0.670792431751451,0,0
96,0.4,0.2376237623762376,0.20433494399230787,0.2134064631879688,0.670792431751451,0,0
97,0.4,0.2376237623762376,0.20433494399230787,0.2134064631879688,0.670792431751451,0,0
98,0.0,0.03564356435643565,0.07653920035678292,1.0,-0.0,0,0
99,0.0,0.0,0.0,1.0,-0.0,0,0
100,0.0,0.0,0.0,1.0,-0.0,0,0
101,0.0,0.0,0.0,1.0,-0.0,0,0
102,0.0,0.45742574257425744,0.2689718357862599,1.0,-0.0,0,0
103,0.0,0.5405940594059405,0.3153430374240694,1.0,-0.0,0,0
104,0.0,0.5405940594059405,0.3153430374240694,1.0,-0.0,0,0
105,0.0,0.5405940594059405,0.3153430374240694,1.0,-0.0,0,0
106,0.0,0.5405940594059405,0.3153430374240694,1.0,-0.0,0,0
107,0.0,0.1504950495049505,0.1810988255869097,1.0,-0.0,0,0
108,0.2,0.1821782178217822,0.18476425418501982,0.46157886230840056,0.3357540876188201,0,0
109,0.2,0.21386138613861383,0.20149427084221783,1.0,-0.0,0,0
110,0.2,0.21386138613861383,0.20149427084221783,1.0,-0.0,0,0
111,0.2,0.21386138613861383,0.20149427084221783,1.0,-0.0,0,0
112,0.8,0.35247524752475257,0.26423589048983964,0.04516531663317044,1.3451949407829003,0,0
113,3.0,0.592079207920792,0.32569291505070247,7.166518128074857e-14,13.144691796221634,0,0
114,3.0,0.5584158415841584,0.3175610416826799,7.45055442698938e-15,14.127811408376138,0,0
115,3.0,0.5623762376237624,0.31805457067993687,9.009686234235103e-15,14.045290333228822,0,0
116,3.0,0.5623762376237624,0.31805457067993687,9.009686234235103e-15,14.045290333228822,0,0
117,2.4,0.37821782178217817,0.2668495925215527,1.7762011937857803e-14,13.750507842385082,0,0
118,0.0,0.03564356435643565,0.07653920035678292,1.0,-0.0,0,0
119,0.2,0.0594059405940594,0.09968089464279778,0.07920469585235763,1.1012490693914339,0,0
120,0.6,0.09108910891089109,0.11781762202489916,7.819855301553797e-06,5.106801283042215,0,0
121,0.8,0.10495049504950493,0.12771893462651168,2.6339291006733563e-08,7.579395919427668,0,0
122,0.8,0.08118811881188118,0.11999411807954947,1.0466751790232777e-09,8.980188074619882,0,0
123,0.8,0.08514851485148514,0.1269490726718781,8.957872049188181e-09,8.047795145142992,0,0
124,0.6,0.061386138613861385,0.11515834731523733,1.454385995093146e-06,5.837320316109904,0,0
125,0.2,0.025742574257425745,0.07264925278354115,0.008228653963589664,2.084671200510098,0,0
126,0.0,0.011881188118811883,0.047276579747775535,1.0,-0.0,0,0
127,0.0,0.011881188118811883,0.047276579747775535,1.0,-0.0,0,0
128,0.2,0.009900990099009901,0.04338396495090425,5.885669548817499e-06,5.230204125035218,0,0
129,0.2,0.031683168316831684,0.07826167463512675,0.015750221703151112,1.8027133286186672,0,0
130,0.2,0.04950495049504951,0.09078727434730813,0.0486923704021295,1.312539082970909,0,0
131,0.2,0.04950495049504951,0.09078727434730813,0.0486923704021295,1.312539082970909,0,0
132,0.2,0.04950495049504951,0.09078727434730813,0.0486923704021295,1.312539082970909,0,0
133,0.0,0.039603960396039604,0.07970143286137865,1.0,-0.0,0,0
134,0.4,0.07524752475247526,0.10474480123119365,0.0009662445444291516,3.0149129451626266,0,0
135,0.4,0.057425742574257435,0.09476028605152792,0.00015007704500451322,3.823685730076873,0,0
136,0.4,0.057425742574257435,0.09476028605152792,0.00015007704500451322,3.823685730076873,0,0
137,0.4,0.057425742574257435,0.09476028605152792,0.00015007704500451322,3.823685730076873,0,0
138,0.4,0.057425742574257435,0.09476028605152792,0.00015007704500451322,3.823685730076873,0,0
139,0.0,0.0,0.0,1.0,-0.0,0,0
140,0.0,0.0,0.0,1.0,-0.0,0,0
141,0.0,0.0,0.0,1.0,-0.0,0,0
142,0.0,0.0,0.0,1.0,-0.0,0,0
143,0.0,0.0,0.0,1.0,-0.0,0,0
144,0.0,0.0,0.0,1.0,-0.0,0,0
145,0.0,0.0,0.0,1.0,-0.0,0,0
146,0.0,0.013861386138613863,0.05079507064705211,1.0,-0.0,0,0
147,0.0,0.013861386138613863,0.05079507064705211,1.0,-0.0,0,0
148,0.0,0.04356435643564357,0.09587103712404124,1.0,-0.0,0,0
149,0.0,0.1287128712871287,0.13954426081146826,1.0,-0.0,0,0
150,0.2,0.2891089108910891,0.19796038712603858,1.0,-0.0,0,0
151,0.2,0.27524752475247516,0.19263978624974748,1.0,-0.0,0,0
152,0.2,0.30693069306930687,0.21720885862656772,1.0,-0.0,0,0
153,0.2,0.2772277227722772,0.19894831814029953,1.0,-0.0,0,0
154,0.4,0.21584158415841584,0.2003623812378767,0.1790146505519432,0.7471114249223471,0,0
155,0.2,0.39207920792079215,0.2419733920061802,1.0,-0.0,0,0
156,0.2,0.41782178217821786,0.23897306679676183,1.0,-0.0,0,0
157,0.2,0.403960396039604,0.25169555398709936,1.0,-0.0,0,0
158,0.2,0.5207920792079207,0.29528198695221686,1.0,-0.0,0,0
159,0.0,0.499009900990099,0.2933234113812715,1.0,-0.0,0,0
160,0.0,0.3940594059405941,0.2476910332573279,1.0,-0.0,0,0
161,0.0,0.39207920792079226,0.2370124148968028,1.0,-0.0,0,0
162,0.0,0.3742574257425743,0.23150539003050272,1.0,-0.0,0,0
163,0.0,0.2554455445544555,0.2012216390567959,1.0,-0.0,0,0
164,0.4,0.48514851485148514,0.26303112740309437,1.0,-0.0,0,0
165,0.4,0.2792079207920792,0.22352567871761836,0.29446245092959555,0.5309700774261777,0,0
166,0.4,0.2554455445544554,0.21639496687323803,0.2520629355650581,0.5984910101862668,0,0
167,0.6,0.27128712871287125,0.2190603848498573,0.06673492624020046,1.1756468152066382,0,0
168,0.6,0.32079207920792085,0.22174681471951557,0.10399180896348677,0.9830008670671178,0,0
169,0.2,0.0910891089108911,0.11440678673785577,0.17055817672492546,0.7681274552575101,0,0
170,0.2,0.2059405940594059,0.1767818940250744,1.0,-0.0,0,0
171,0.2,0.5801980198019804,0.33478818543220684,1.0,-0.0,0,0
172,0.0,0.613861386138614,0.3344952464462063,1.0,-0.0,0,0
173,0.0,0.5643564356435644,0.32505419454188794,1.0,-0.0,0,0
174,0.0,0.5643564356435644,0.32505419454188794,1.0,-0.0,0,0
175,0.0,0.4237623762376238,0.2674220585447911,1.0,-0.0,0,0
176,0.0,0.04950495049504951,0.09078727434730813,1.0,-0.0,0,0
177,0.0,0.0,0.0,1.0,-0.0,0,0
178,0.0,0.0,0.0,1.0,-0.0,0,0
179,0.0,0.0,0.0,1.0,-0.0,0,0
180,0.0,0.0,0.0,1.0,-0.0,0,0
181,0.2,0.025742574257425745,0.0669763743575753,0.0046371400013480064,2.3337497919853587,0,0
182,0.2,0.025742574257425745,0.0669763743575753,0.0046371400013480064,2.3337497919853587,0,0
183,0.2,0.025742574257425745,0.0669763743575753,0.0046371400013480064,2.3337497919853587,0,0
184,0.2,0.025742574257425745,0.0669763743575753,0.0046371400013480064,2.3337497919853587,0,0
185,0.4,0.047524752475247525,0.0939707763778588,8.809950274804034e-05,4.055026542829628,0,0
186,0.2,0.021782178217821784,0.06230547612891991,0.002115616449879084,2.6745630648030154,0,0
187,0.2,0.021782178217821784,0.06230547612891991,0.002115616449879084,2.6745630648030154,0,0
188,0.2,0.021782178217821784,0.06230547612891991,0.002115616449879084,2.6745630648030154,0,0
189,0.2,0.021782178217821784,0.06230547612891991,0.002115616449879084,2.6745630648030154,0,0
190,0.0,0.0,0.0,1.0,-0.0,0,0
191,0.0,0.023762376237623766,0.06471340450838889,1.0,-0.0,0,0
192,0.0,0.023762376237623766,0.06471340450838889,1.0,-0.0,0,0
193,0.0,0.05346534653465348,0.09704990696905225,1.0,-0.0,0,0
194,0.0,0.1742574257425742,0.17724708119287327,1.0,-0.0,0,0
195,0.0,0.2138613861386138,0.18723083807640103,1.0,-0.0,0,0
196,0.0,0.19009900990099005,0.17660435755646178,1.0,-0.0,0,0
197,0.0,0.19009900990099005,0.17660435755646178,1.0,-0.0,0,0
198,0.0,0.1603960396039604,0.16890984643276136,1.0,-0.0,0,0
199,0.0,0.039603960396039604,0.07970143286137867,1.0,-0.0,0,0
200,0.0,0.0,0.0,1.0,-0.0,0,0
201,0.2,0.07722772277227724,0.12576985749069639,0.16449106805243702,0.783857679482127,0,0
202,0.2,0.3386138613861387,0.24654857012691103,1.0,-0.0,0,0
203,0.2,0.3702970297029703,0.2585353086770964,1.0,-0.0,1,0
204,0.2,0.3702970297029703,0.2585353086770964,1.0,-0.0,0,0
205,0.4,0.42376237623762375,0.2688989338101854,1.0,-0.0,0,0
206,0.4,0.5148514851485149,0.26000233761853225,1.0,-0.0,0,0
207,0.8,0.42970297029702964,0.24597534870265994,0.06610763676900339,1.1797483678205203,0,0
208,0.8,0.4000000000000001,0.2453528475522145,0.05151851454021957,1.2880366677034905,0,0
209,0.8,0.4000000000000001,0.2453528475522145,0.05151851454021957,1.2880366677034905,1,0
210,0.6,0.3465346534653466,0.21413623702460574,0.11827305517557547,0.9271141845472907,0,0
211,0.4,0.1782178217821782,0.17096346688435152,0.09727277127191471,1.012008711029464,0,0
212,0.0,0.0,0.0,1.0,-0.0,0,0
213,0.0,0.033663366336633666,0.07482947971362847,1.0,-0.0,0,0
214,0.0,0.033663366336633666,0.07482947971362847,1.0,-0.0,0,0
215,0.2,0.10495049504950493,0.1213588391765906,0.2167517843992725,0.6640373185273338,0,0
216,0.2,0.10495049504950493,0.1213588391765906,0.2167517843992725,0.6640373185273338,0,0
217,0.2,0.10495049504950493,0.1213588391765906,0.2167517843992725,0.6640373185273338,0,0
218,0.2,0.0712871287128713,0.10372911567294095,0.10732951799335329,0.9692808210103285,0,0
219,0.2,0.0712871287128713,0.10372911567294095,0.10732951799335329,0.9692808210103285,0,0
220,0.0,0.0891089108910891,0.12734998170941406,1.0,-0.0,0,0
221,0.0,0.0891089108910891,0.12734998170941406,1.0,-0.0,0,0
222,0.0,0.0891089108910891,0.12734998170941406,1.0,-0.0,0,0
223,0.0,0.0891089108910891,0.12734998170941406,1.0,-0.0,0,0
224,0.0,0.09900990099009901,0.14246420394934614,1.0,-0.0,0,0
225,0.0,0.009900990099009901,0.04338396495090425,1.0,-0.0,0,0
226,0.0,0.009900990099009901,0.04338396495090425,1.0,-0.0,0,0
227,0.0,0.009900990099009901,0.04338396495090425,1.0,-0.0,0,0
228,0.6,0.12079207920792079,0.11966689053257921,3.107235519704718e-05,4.5076258271983285,0,0
229,0.6,0.1099009900990099,0.11731733262256336,1.4733302288711902e-05,4.831699900473873,0,0
230,0.6,0.17425742574257425,0.14532549015373286,0.0016971049745324028,2.77029129353963,0,0
231,0.6,0.22772277227722773,0.17806373977319878,0.01827764194125281,1.738079834748785,0,0
