,foreground,bg_means,bg_stdev,pvals,minus_logs,regs,active
2,0.0,0.43762376237623757,0.28936649314691143,1.0,-0.0,0,0
3,0.0,0.4198019801980198,0.2662611693302433,1.0,-0.0,0,0
4,0.0,0.2554455445544554,0.208946081218066,1.0,-0.0,0,0
5,0.0,0.15643564356435644,0.16793200037318168,1.0,-0.0,0,0
6,0.0,0.15643564356435644,0.16793200037318168,1.0,-0.0,0,0
7,0.0,0.0,0.0,1.0,-0.0,0,0
8,0.0,0.0,0.0,1.0,-0.0,0,0
9,0.0,0.0,0.0,1.0,-0.0,0,0
10,0.0,0.0,0.0,1.0,-0.0,0,0
11,0.0,0.025742574257425748,0.06697637435757531,1.0,-0.0,0,0
12,0.8,0.06732673267326733,0.12673267326732673,3.7073803251423567e-09,8.430932859171907,0,0
13,0.8,0.10297029702970295,0.15824247939807562,5.293577521259093e-06,5.27625072255629,0,0
14,0.8,0.10297029702970295,0.15824247939807562,5.293577521259093e-06,5.27625072255629,0,0
15,0.8,0.10297029702970295,0.15824247939807562,5.293577521259093e-06,5.27625072255629,0,0
16,0.8,0.0910891089108911,0.13937555924568537,1.8252377826567396e-07,6.738680549854724,0,0
17,0.0,0.04950495049504951,0.09504950495049506,1.0,-0.0,0,0
18,0.2,0.051485148514851496,0.096075322540263,0.06107440442601424,1.2141407594058025,0,0
19,0.2,0.051485148514851496,0.096075322540263,0.06107440442601424,1.2141407594058025,0,0
20,0.2,0.051485148514851496,0.096075322540263,0.06107440442601424,1.2141407594058025,0,0
21,0.2,0.03762376237623763,0.08771182015980238,0.03206701867154286,1.4939414153345645,0,0
22,0.2,0.03762376237623763,0.08771182015980238,0.03206701867154286,1.4939414153345645,0,0
23,0.0,0.0,0.0,1.0,-0.0,0,0
24,0.0,0.0,0.0,1.0,-0.0,0,0
25,0.0,0.0,0.0,1.0,-0.0,0,0
26,0.0,0.0,0.0,1.0,-0.0,0,0
27,0.0,0.0,0.0,1.0,-0.0,0,0
28,0.0,0.0,0.0,1.0,-0.0,0,0
29,0.0,0.023762376237623766,0.0759735686861421,1.0,-0.0,0,0
30,0.0,0.023762376237623766,0.0759735686861421,1.0,-0.0,0,0
31,0.0,0.023762376237623766,0.0759735686861421,1.0,-0.0,0,0
32,0.2,0.06930693069306931,0.12407485305204391,0.14609247881555887,0.8353721419916438,0,0
33,0.2,0.06930693069306931,0.12407485305204391,0.14609247881555887,0.8353721419916438,0,0
34,0.2,0.04554455445544555,0.09700949476369022,0.05567344326657021,1.2543519178087963,0,0
35,0.2,0.04554455445544555,0.09700949476369022,0.05567344326657021,1.2543519178087963,0,0
36,0.2,0.11683168316831682,0.14146987009498416,0.27830402559675094,0.555480511661606,0,0
37,0.0,0.1168316831683168,0.14146987009498416,1.0,-0.0,0,0
38,0.0,0.1168316831683168,0.14146987009498416,1.0,-0.0,0,0
39,0.0,0.1168316831683168,0.14146987009498416,1.0,-0.0,0,0
40,0.0,0.1168316831683168,0.14146987009498416,1.0,-0.0,0,0
41,0.0,0.04554455445544555,0.08846854615322249,1.0,-0.0,0,0
42,0.0,0.0,0.0,1.0,-0.0,0,0
43,0.0,0.0,0.0,1.0,-0.0,0,0
44,0.0,0.0,0.0,1.0,-0.0,0,0
45,0.0,0.0,0.0,1.0,-0.0,0,0
46,0.0,0.0,0.0,1.0,-0.0,0,0
47,0.0,0.0,0.0,1.0,-0.0,0,0
48,0.0,0.0,0.0,1.0,-0.0,0,0
49,0.0,0.0,0.0,1.0,-0.0,0,0
50,0.0,0.0,0.0,1.0,-0.0,0,0
51,0.0,0.0,0.0,1.0,-0.0,0,0
52,0.0,0.0,0.0,1.0,-0.0,0,0
53,0.0,0.0,0.0,1.0,-0.0,0,0
54,0.0,0.0,0.0,1.0,-0.0,0,0
55,0.0,0.0,0.0,1.0,-0.0,0,0
56,0.0,0.0,0.0,1.0,-0.0,0,0
57,0.0,0.0,0.0,1.0,-0.0,0,0
58,0.0,0.025742574257425748,0.0669763743575753,1.0,-0.0,0,0
59,0.0,0.025742574257425748,0.0669763743575753,1.0,-0.0,0,0
60,0.0,0.025742574257425748,0.0669763743575753,1.0,-0.0,0,0
61,0.0,0.025742574257425748,0.0669763743575753,1.0,-0.0,0,0
62,0.0,0.08514851485148513,0.13598641357140118,1.0,-0.0,0,0
63,0.0,0.05940594059405942,0.12119717820276717,1.0,-0.0,0,0
64,0.0,0.05940594059405942,0.12119717820276717,1.0,-0.0,0,0
65,0.0,0.05940594059405942,0.12119717820276717,1.0,-0.0,0,0
66,0.0,0.05940594059405942,0.12119717820276717,1.0,-0.0,0,0
67,0.0,0.019801980198019802,0.059735061897023205,1.0,-0.0,0,0
68,0.0,0.1089108910891089,0.1335716590419014,1.0,-0.0,0,0
69,0.0,0.1089108910891089,0.1335716590419014,1.0,-0.0,0,0
70,0.0,0.22970297029702966,0.20370069017874276,1.0,-0.0,0,0
71,0.0,0.22970297029702966,0.20370069017874276,1.0,-0.0,0,0
72,0.0,0.2099009900990099,0.18958263199843847,1.0,-0.0,0,0
73,0.0,0.19603960396039605,0.19494644711665693,1.0,-0.0,0,0
74,0.0,0.19603960396039605,0.19494644711665693,1.0,-0.0,0,0
75,0.0,0.07524752475247524,0.1189108498693262,1.0,-0.0,0,0
76,0.0,0.07524752475247524,0.1189108498693262,1.0,-0.0,0,0
77,0.0,0.07524752475247524,0.1189108498693262,1.0,-0.0,0,0
78,0.0,0.0,0.0,1.0,-0.0,0,0
79,0.0,0.0,0.0,1.0,-0.0,0,0
80,0.0,0.0,0.0,1.0,-0.0,0,0
81,0.0,0.041584158415841586,0.08116396646304633,1.0,-0.0,0,0
82,0.0,0.06732673267326733,0.102550553475042,1.0,-0.0,0,0
83,0.0,0.08514851485148513,0.11378818137472192,1.0,-0.0,0,0
84,0.0,0.12277227722772276,0.12576985749069639,1.0,-0.0,0,0
85,0.0,0.12277227722772276,0.12576985749069639,1.0,-0.0,0,0
86,0.0,0.07920792079207921,0.10928827506175547,1.0,-0.0,0,0
87,0.0,0.08712871287128712,0.12077584698595571,1.0,-0.0,0,0
88,0.0,0.06930693069306931,0.11057238501634631,1.0,-0.0,0,0
89,0.0,0.0613861386138614,0.10433219700847124,1.0,-0.0,0,0
90,0.0,0.0613861386138614,0.10433219700847124,1.0,-0.0,0,0
91,0.0,0.07722772277227724,0.10889288780093088,1.0,-0.0,0,0
92,0.0,0.2495049504950495,0.22410383129972453,1.0,-0.0,0,0
93,0.0,0.2653465346534653,0.22709340493990418,1.0,-0.0,0,0
94,0.0,0.2376237623762376,0.21194595105361827,1.0,-0.0,0,0
95,0.0,0.2376237623762376,0.21194595105361827,1.0,-0.0,0,0
96,0.0,0.30297029702970296,0.22091414287834574,1.0,-0.0,0,0
97,0.0,0.09702970297029702,0.12464241569787099,1.0,-0.0,0,0
98,0.0,0.08118811881188118,0.11320083903331846,1.0,-0.0,0,0
99,0.0,0.100990099009901,0.13386490123687583,1.0,-0.0,0,0
100,0.0,0.100990099009901,0.13386490123687583,1.0,-0.0,0,0
101,0.0,0.1861386138613861,0.1893342703651726,1.0,-0.0,0,0
102,0.0,0.1861386138613861,0.1893342703651726,1.0,-0.0,0,0
103,0.0,0.2059405940594059,0.1979207673143487,1.0,-0.0,0,0
104,0.0,0.1861386138613861,0.187230838076401,1.0,-0.0,0,0
105,0.0,0.1861386138613861,0.187230838076401,1.0,-0.0,0,0
106,0.0,0.07920792079207921,0.11631029826208643,1.0,-0.0,0,0
107,0.0,0.07920792079207921,0.11631029826208643,1.0,-0.0,0,0
108,0.0,0.0594059405940594,0.09968089464279778,1.0,-0.0,0,0
109,0.0,0.0594059405940594,0.09968089464279778,1.0,-0.0,0,0
110,0.0,0.0594059405940594,0.09968089464279778,1.0,-0.0,0,0
111,0.0,0.015841584158415842,0.05401260078014202,1.0,-0.0,0,0
112,0.0,0.03762376237623763,0.08307396817189318,1.0,-0.0,0,0
113,0.0,0.05544554455445545,0.1019369320889802,1.0,-0.0,0,0
114,0.0,0.05544554455445545,0.1019369320889802,1.0,-0.0,0,0
115,0.0,0.05544554455445545,0.1019369320889802,1.0,-0.0,0,0
116,0.4,0.061386138613861385,0.10433219700847123,0.0005861494943187688,3.231991605351054,0,0
117,0.4,0.039603960396039604,0.08452453849668534,1.0048801267895168e-05,4.9978857426005865,0,0
118,0.4,0.021782178217821784,0.06230547612891991,6.380457231764126e-10,9.195148198063018,0,0
119,0.4,0.021782178217821784,0.06230547612891991,6.380457231764126e-10,9.195148198063018,0,0
120,0.4,0.021782178217821784,0.06230547612891991,6.380457231764126e-10,9.195148198063018,0,0
121,0.0,0.015841584158415842,0.05401260078014202,1.0,-0.0,0,0
122,0.0,0.021782178217821784,0.06836703565002801,1.0,-0.0,0,0
123,0.0,0.021782178217821784,0.06836703565002801,1.0,-0.0,0,0
124,0.0,0.0891089108910891,0.13042276277287215,1.0,-0.0,0,0
125,0.0,0.0891089108910891,0.13042276277287215,1.0,-0.0,0,0
126,0.0,0.07326732673267328,0.10798889666879985,1.0,-0.0,0,0
127,0.0,0.06732673267326733,0.10634234916512914,1.0,-0.0,0,0
128,0.0,0.06732673267326733,0.10634234916512914,1.0,-0.0,0,0
129,0.0,0.017821782178217824,0.05698017651460656,1.0,-0.0,0,0
130,0.0,0.017821782178217824,0.05698017651460656,1.0,-0.0,0,0
131,0.2,0.041584158415841586,0.08590499787518362,0.03258561123651815,1.4869741281544258,0,0
132,0.4,0.0594059405940594,0.0956253185556407,0.00018419128125608784,3.734730931098922,0,0
133,0.4,0.09108910891089109,0.12750384183766536,0.007701602182696177,2.1134189181103133,0,0
134,0.4,0.07326732673267328,0.1115960618107356,0.0017067629990529696,2.7678267807888814,0,0
135,0.4,0.07326732673267328,0.1115960618107356,0.0017067629990529696,2.7678267807888814,0,0
136,0.2,0.049504950495049514,0.09078727434730813,0.04869237040212954,1.3125390829709087,0,0
137,0.0,0.031683168316831684,0.0730260947112308,1.0,-0.0,0,0
138,0.0,0.1108910891089109,0.15789518399405605,1.0,-0.0,0,0
139,0.0,0.1108910891089109,0.15789518399405605,1.0,-0.0,0,0
140,0.0,0.1108910891089109,0.15789518399405605,1.0,-0.0,0,0
141,0.0,0.1108910891089109,0.15789518399405605,1.0,-0.0,0,0
142,0.0,0.1108910891089109,0.15789518399405605,1.0,-0.0,0,0
143,0.0,0.07326732673267328,0.12177815335858849,1.0,-0.0,0,0
144,0.0,0.08118811881188118,0.1264228887090089,1.0,-0.0,0,0
145,0.0,0.24356435643564353,0.22268204993487845,1.0,-0.0,0,0
146,0.0,0.24356435643564353,0.22268204993487845,1.0,-0.0,0,0
147,0.2,0.27722772277227725,0.22859068357565784,1.0,-0.0,0,0
148,0.2,0.22376237623762377,0.20926486833462027,1.0,-0.0,0,0
149,0.2,0.2158415841584158,0.20036238123787667,1.0,-0.0,0,0
150,0.2,0.07722772277227723,0.122580495370631,0.15827697765574333,0.80058225130445,0,0
151,0.2,0.0891089108910891,0.13042276277287218,0.197594897441158,0.7042242745346298,0,0
152,0.0,0.06930693069306931,0.12084076279122662,1.0,-0.0,0,0
153,0.0,0.05940594059405942,0.0996808946427978,1.0,-0.0,0,0
154,0.0,0.05940594059405942,0.0996808946427978,1.0,-0.0,0,0
155,0.0,0.0891089108910891,0.13042276277287215,1.0,-0.0,0,0
156,0.0,0.07722772277227724,0.1257698574906964,1.0,-0.0,0,0
157,0.0,0.06336633663366338,0.11917436454123626,1.0,-0.0,0,0
158,0.0,0.05346534653465346,0.10860442931328386,1.0,-0.0,0,0
159,0.0,0.05346534653465346,0.10860442931328386,1.0,-0.0,0,0
160,0.0,0.0,0.0,1.0,-0.0,0,0
161,0.0,0.0,0.0,1.0,-0.0,0,0
162,0.0,0.0,0.0,1.0,-0.0,0,0
163,0.0,0.025742574257425745,0.06697637435757531,1.0,-0.0,0,0
164,0.2,0.03762376237623763,0.07816140339006158,0.01888012292982573,1.723995182306426,0,0
165,0.2,0.03762376237623763,0.07816140339006158,0.01888012292982573,1.723995182306426,0,0
166,0.2,0.03762376237623763,0.07816140339006158,0.01888012292982573,1.723995182306426,0,0
167,0.2,0.03762376237623763,0.07816140339006158,0.01888012292982573,1.723995182306426,0,0
168,0.2,0.011881188118811883,0.04727657974777554,3.458655652090603e-05,4.461092674713383,0,0
169,0.0,0.0,0.0,1.0,-0.0,0,0
170,0.0,0.0,0.0,1.0,-0.0,0,0
171,0.0,0.0,0.0,1.0,-0.0,0,0
172,0.0,0.033663366336633666,0.07482947971362845,1.0,-0.0,0,0
173,0.0,0.033663366336633666,0.07482947971362845,1.0,-0.0,0,0
174,0.0,0.033663366336633666,0.07482947971362845,1.0,-0.0,0,0
175,0.0,0.033663366336633666,0.07482947971362845,1.0,-0.0,0,0
176,0.0,0.033663366336633666,0.07482947971362845,1.0,-0.0,0,0
177,0.0,0.0,0.0,1.0,-0.0,0,0
178,0.0,0.0,0.0,1.0,-0.0,0,0
179,0.0,0.0,0.0,1.0,-0.0,0,0
180,0.0,0.011881188118811881,0.047276579747775535,1.0,-0.0,0,0
181,0.0,0.011881188118811881,0.047276579747775535,1.0,-0.0,0,0
182,0.0,0.021782178217821784,0.06230547612891991,1.0,-0.0,0,0
183,0.0,0.021782178217821784,0.06230547612891991,1.0,-0.0,0,0
184,0.0,0.021782178217821784,0.06230547612891991,1.0,-0.0,0,0
185,0.0,0.009900990099009901,0.04338396495090424,1.0,-0.0,0,0
186,0.0,0.009900990099009901,0.04338396495090424,1.0,-0.0,0,0
187,0.0,0.0039603960396039604,0.027863855998951064,1.0,-0.0,0,0
188,0.0,0.0039603960396039604,0.027863855998951064,1.0,-0.0,0,0
189,0.0,0.0039603960396039604,0.027863855998951064,1.0,-0.0,0,0
190,0.0,0.0039603960396039604,0.027863855998951064,1.0,-0.0,0,0
191,0.0,0.025742574257425748,0.07264925278354115,1.0,-0.0,0,0
192,0.0,0.021782178217821784,0.06230547612891991,1.0,-0.0,0,0
193,0.0,0.021782178217821784,0.06230547612891991,1.0,-0.0,0,0
194,0.0,0.021782178217821784,0.06230547612891991,1.0,-0.0,0,0
195,0.0,0.057425742574257435,0.10277971700879983,1.0,-0.0,0,0
196,0.0,0.03564356435643565,0.08154954567118415,1.0,-0.0,0,0
197,0.0,0.06930693069306931,0.10693069306930697,1.0,-0.0,0,0
198,0.0,0.06930693069306931,0.10693069306930697,1.0,-0.0,0,0
199,0.0,0.06930693069306931,0.10693069306930697,1.0,-0.0,0,0
200,0.0,0.033663366336633666,0.07994704648786674,1.0,-0.0,0,0
201,0.0,0.05544554455445544,0.09797478714338996,1.0,-0.0,0,0
202,0.0,0.021782178217821784,0.06230547612891991,1.0,-0.0,0,0
203,0.0,0.021782178217821784,0.06230547612891991,1.0,-0.0,0,0
204,0.0,0.021782178217821784,0.06230547612891991,1.0,-0.0,0,0
205,0.0,0.021782178217821784,0.06230547612891991,1.0,-0.0,0,0
206,0.0,0.021782178217821784,0.06230547612891991,1.0,-0.0,0,0
207,0.0,0.021782178217821784,0.06230547612891991,1.0,-0.0,0,0
208,0.0,0.021782178217821784,0.06230547612891991,1.0,-0.0,0,0
209,0.0,0.021782178217821784,0.06230547612891991,1.0,-0.0,0,0
210,0.0,0.021782178217821784,0.06230547612891991,1.0,-0.0,0,0
211,0.2,0.019801980198019806,0.059735061897023184,0.0012780474741147132,2.893453013655618,0,0
212,0.4,0.03960396039603961,0.08452453849668534,1.0048801267895226e-05,4.997885742600584,0,0
213,0.4,0.03960396039603961,0.08452453849668534,1.0048801267895226e-05,4.997885742600584,0,0
214,0.4,0.03960396039603961,0.08452453849668534,1.0048801267895226e-05,4.997885742600584,0,0
215,0.4,0.03960396039603961,0.08452453849668534,1.0048801267895226e-05,4.997885742600584,0,0
216,0.2,0.019801980198019802,0.059735061897023205,0.001278047474114718,2.8934530136556162,0,0
217,0.0,0.0,0.0,1.0,-0.0,0,0
218,0.0,0.0,0.0,1.0,-0.0,0,0
219,0.0,0.0,0.0,1.0,-0.0,0,0
220,0.0,0.0,0.0,1.0,-0.0,0,0
221,0.0,0.0,0.0,1.0,-0.0,0,0
222,0.0,0.0,0.0,1.0,-0.0,0,0
223,0.0,0.0,0.0,1.0,-0.0,0,0
224,0.0,0.0,0.0,1.0,-0.0,0,0
225,0.0,0.0,0.0,1.0,-0.0,0,0
226,0.0,0.0,0.0,1.0,-0.0,0,0
227,0.0,0.0,0.0,1.0,-0.0,0,0
228,0.0,0.0,0.0,1.0,-0.0,0,0
229,0.0,0.0,0.0,1.0,-0.0,0,0
230,0.0,0.06336633663366337,0.10874875419996817,1.0,-0.0,0,0
231,0.2,0.08316831683168316,0.12353642740976017,0.17214403052095056,0.7641080328301242,0,0
232,0.4,0.09504950495049505,0.13078304733432375,0.009857502087670462,2.0062331222777,0,0
233,0.4,0.11485148514851484,0.15246238855382307,0.030721945244991805,1.512551289212804,0,0
234,0.4,0.11485148514851484,0.15246238855382307,0.030721945244991805,1.512551289212804,0,0
235,0.4,0.05148514851485149,0.10399339410297728,0.0004021405793251329,3.395622100764828,0,0
236,0.2,0.031683168316831684,0.07826167463512675,0.015750221703151112,1.8027133286186672,0,0
237,0.0,0.019801980198019802,0.0597350618970232,1.0,-0.0,0,0
238,0.0,0.02772277227722772,0.06910862719451544,1.0,-0.0,0,0
239,0.0,0.057425742574257435,0.10277971700879983,1.0,-0.0,0,0
240,0.0,0.057425742574257435,0.10277971700879983,1.0,-0.0,0,0
241,0.0,0.057425742574257435,0.10277971700879983,1.0,-0.0,0,0
242,0.0,0.09900990099009901,0.1308729634998678,1.0,-0.0,0,0
243,0.0,0.0712871287128713,0.11461224656227947,1.0,-0.0,0,0
244,0.0,0.041584158415841586,0.09039772047931348,1.0,-0.0,0,0
245,0.0,0.06336633663366337,0.10504385908811757,1.0,-0.0,0,0
246,0.0,0.06336633663366337,0.10504385908811757,1.0,-0.0,0,0
247,0.0,0.021782178217821784,0.06230547612891991,1.0,-0.0,0,0
248,0.0,0.027722772277227727,0.06910862719451544,1.0,-0.0,0,0
249,0.0,0.039603960396039604,0.07970143286137867,1.0,-0.0,0,0
250,0.0,0.017821782178217824,0.05698017651460656,1.0,-0.0,0,0
251,0.0,0.017821782178217824,0.05698017651460656,1.0,-0.0,0,0
252,0.0,0.017821782178217824,0.05698017651460656,1.0,-0.0,0,0
253,0.0,0.011881188118811883,0.047276579747775535,1.0,-0.0,0,0
254,0.0,0.0059405940594059415,0.033953323167291584,1.0,-0.0,0,0
255,0.0,0.0059405940594059415,0.033953323167291584,1.0,-0.0,0,0
256,0.0,0.09504950495049502,0.12771893462651168,1.0,-0.0,0,0
257,0.0,0.15247524752475247,0.17153590358580373,1.0,-0.0,0,0
258,0.0,0.1603960396039604,0.17580322478754876,1.0,-0.0,0,0
259,0.0,0.1801980198019802,0.18348647776016436,1.0,-0.0,0,0
260,0.0,0.25148514851485143,0.22804110337598865,1.0,-0.0,0,0
261,0.0,0.1881188118811881,0.18630706513012396,1.0,-0.0,0,0
262,0.0,0.15148514851485148,0.18054585078278296,1.0,-0.0,0,0
263,0.0,0.1425742574257426,0.1809471968564066,1.0,-0.0,0,0
264,0.0,0.15445544554455448,0.19063455915340577,1.0,-0.0,0,0
265,0.0,0.08316831683168316,0.13575553664160483,1.0,-0.0,0,0
266,0.0,0.10693069306930694,0.15302716108009237,1.0,-0.0,0,0
267,0.0,0.08712871287128712,0.13024224675172555,1.0,-0.0,0,0
268,0.0,0.08712871287128712,0.13024224675172555,1.0,-0.0,0,0
269,0.0,0.12079207920792079,0.149134022841685,1.0,-0.0,0,0
270,0.0,0.12079207920792079,0.149134022841685,1.0,-0.0,0,0
271,0.0,0.0712871287128713,0.11461224656227947,1.0,-0.0,0,0
272,0.0,0.10297029702970295,0.1367627457412436,1.0,-0.0,0,0
273,0.0,0.1188118811881188,0.1467218499235066,1.0,-0.0,0,0
274,0.0,0.04752475247524753,0.09397077637785879,1.0,-0.0,0,0
275,0.0,0.04752475247524753,0.09397077637785879,1.0,-0.0,0,0
276,0.0,0.04752475247524753,0.09397077637785879,1.0,-0.0,0,0
277,0.0,0.015841584158415842,0.05401260078014202,1.0,-0.0,0,0
278,0.0,0.04950495049504951,0.09912864166957489,1.0,-0.0,0,0
279,0.0,0.04950495049504951,0.09912864166957489,1.0,-0.0,0,0
280,0.0,0.04950495049504951,0.09912864166957489,1.0,-0.0,0,0
281,0.0,0.04950495049504951,0.09912864166957489,1.0,-0.0,0,0
282,0.0,0.0594059405940594,0.1178841668604928,1.0,-0.0,0,0
283,0.0,0.009900990099009901,0.04338396495090424,1.0,-0.0,0,0
284,0.0,0.009900990099009901,0.04338396495090424,1.0,-0.0,0,0
285,0.0,0.009900990099009901,0.04338396495090424,1.0,-0.0,0,0
286,0.0,0.009900990099009901,0.04338396495090424,1.0,-0.0,0,0
287,0.0,0.0,0.0,1.0,-0.0,0,0
288,0.0,0.019801980198019802,0.0597350618970232,1.0,-0.0,0,0
289,0.0,0.019801980198019802,0.0597350618970232,1.0,-0.0,0,0
290,0.0,0.03762376237623763,0.08771182015980238,1.0,-0.0,0,0
291,0.0,0.03762376237623763,0.08771182015980238,1.0,-0.0,0,0
292,0.0,0.03762376237623763,0.08771182015980238,1.0,-0.0,0,0
293,0.0,0.017821782178217824,0.05698017651460656,1.0,-0.0,0,0
294,0.0,0.017821782178217824,0.05698017651460656,1.0,-0.0,0,0
295,0.0,0.04356435643564357,0.09164702150816742,1.0,-0.0,0,0
296,0.0,0.0712871287128713,0.11110305060677653,1.0,-0.0,0,0
297,0.0,0.0712871287128713,0.11110305060677653,1.0,-0.0,0,0
298,0.0,0.0712871287128713,0.11110305060677653,1.0,-0.0,0,0
299,0.0,0.0712871287128713,0.11110305060677653,1.0,-0.0,0,0
300,0.0,0.02772277227722773,0.06910862719451544,1.0,-0.0,0,0
301,0.4,0.07326732673267328,0.10798889666879984,0.0012406459186268925,2.906352148822171,0,0
302,0.4,0.07326732673267328,0.10798889666879984,0.0012406459186268925,2.906352148822171,0,0
303,0.4,0.07326732673267328,0.10798889666879984,0.0012406459186268925,2.906352148822171,0,0
304,0.4,0.07326732673267328,0.10798889666879984,0.0012406459186268925,2.906352148822171,0,0
305,0.4,0.1900990099009901,0.1697435167662324,0.10812201438242376,0.9660858717134004,0,0
306,0.0,0.11485148514851483,0.13886822488939993,1.0,-0.0,0,0
307,0.0,0.11485148514851483,0.13886822488939993,1.0,-0.0,0,0
308,0.0,0.11485148514851483,0.13886822488939993,1.0,-0.0,0,0
309,0.0,0.11485148514851483,0.13886822488939993,1.0,-0.0,0,0
310,0.0,0.025742574257425745,0.06697637435757531,1.0,-0.0,0,0
311,0.0,0.025742574257425745,0.06697637435757531,1.0,-0.0,0,0
312,0.0,0.06534653465346535,0.09793475658517416,1.0,-0.0,0,0
313,0.0,0.06534653465346535,0.09793475658517416,1.0,-0.0,0,0
314,0.0,0.06534653465346535,0.09793475658517416,1.0,-0.0,0,0
315,0.0,0.039603960396039604,0.08452453849668534,1.0,-0.0,0,0
316,0.0,0.039603960396039604,0.08452453849668534,1.0,-0.0,0,0
317,0.0,0.0,0.0,1.0,-0.0,0,0
318,0.0,0.0,0.0,1.0,-0.0,0,0
319,0.0,0.0,0.0,1.0,-0.0,0,0
320,0.2,0.06930693069306931,0.10693069306930696,0.11081180122969687,0.9554139856724337,0,0
321,0.2,0.06930693069306931,0.10693069306930696,0.11081180122969687,0.9554139856724337,0,0
322,0.4,0.14257425742574253,0.1444323368618651,0.03734791092806797,1.4277336856233147,0,0
323,0.6,0.1603960396039604,0.16415351901831846,0.0037031045798034084,2.4314340228168283,0,0
324,0.6,0.1603960396039604,0.16415351901831846,0.0037031045798034084,2.4314340228168283,0,0
325,0.4,0.0891089108910891,0.12420120222231065,0.006155109217616707,2.210764236447136,0,0
326,0.4,0.0891089108910891,0.12420120222231065,0.006155109217616707,2.210764236447136,0,0
327,0.2,0.017821782178217824,0.056980176514606566,0.0006937928196726553,3.15877019915046,0,0
328,0.0,0.0,0.0,1.0,-0.0,0,0
329,0.4,0.07128712871287128,0.11110305060677654,0.0015450469930285533,2.8110583068523405,0,0
330,0.4,0.07128712871287128,0.11110305060677654,0.0015450469930285533,2.8110583068523405,0,0
331,0.4,0.07128712871287128,0.11110305060677654,0.0015450469930285533,2.8110583068523405,0,0
332,0.4,0.07128712871287128,0.11110305060677654,0.0015450469930285533,2.8110583068523405,0,0
333,0.4,0.10099009900990098,0.1396566153069739,0.016135550208832835,1.7922162209272032,0,0
334,0.0,0.0297029702970297,0.08150144802873932,1.0,-0.0,0,0
335,0.0,0.0297029702970297,0.08150144802873932,1.0,-0.0,0,0
336,0.0,0.0297029702970297,0.08150144802873932,1.0,-0.0,0,0
337,0.0,0.0297029702970297,0.08150144802873932,1.0,-0.0,0,0
338,0.0,0.0,0.0,1.0,-0.0,0,0
339,0.0,0.0,0.0,1.0,-0.0,0,0
340,0.0,0.0,0.0,1.0,-0.0,0,0
341,0.2,0.033663366336633666,0.07482947971362845,0.01311209067436901,1.882328056139666,0,0
342,0.4,0.06534653465346535,0.10189845806153354,0.0005113874169786654,3.291249962277541,0,0
343,0.4,0.09108910891089109,0.12113245340338318,0.0053831960242207355,2.268959805455098,0,0
344,0.4,0.09108910891089109,0.12113245340338318,0.0053831960242207355,2.268959805455098,0,0
345,0.4,0.09108910891089109,0.12113245340338318,0.0053831960242207355,2.268959805455098,0,0
346,0.4,0.07722772277227723,0.12888031758632065,0.006132370515258439,2.212371613134205,0,0
347,0.2,0.04554455445544555,0.10485704788018795,0.07037421411059562,1.1525864420068488,0,0
348,0.2,0.019801980198019802,0.059735061897023205,0.001278047474114718,2.8934530136556162,0,0
349,0.2,0.019801980198019802,0.059735061897023205,0.001278047474114718,2.8934530136556162,0,0
350,0.2,0.06336633663366337,0.10504385908811757,0.09667550266855758,1.014683561115634,0,0
351,0.0,0.04356435643564357,0.08255312311158745,1.0,-0.0,0,0
352,0.0,0.04356435643564357,0.08255312311158745,1.0,-0.0,0,0
353,0.0,0.04356435643564357,0.08255312311158745,1.0,-0.0,0,0
354,0.0,0.04356435643564357,0.08255312311158745,1.0,-0.0,0,0
355,0.0,0.0,0.0,1.0,-0.0,0,0
356,0.0,0.0,0.0,1.0,-0.0,0,0
357,0.0,0.0,0.0,1.0,-0.0,0,0
358,0.0,0.023762376237623766,0.07056843438101175,1.0,-0.0,0,0
359,0.0,0.023762376237623766,0.07056843438101175,1.0,-0.0,0,0
360,0.0,0.08514851485148514,0.14169143619800648,1.0,-0.0,0,0
361,0.2,0.09900990099009901,0.14791959918402456,0.24738670286539155,0.6066236475823373,0,0
362,0.2,0.10297029702970295,0.15315522802114462,0.26319108868849883,0.5797288194613102,0,0
363,0.2,0.07920792079207921,0.12293186689242579,0.16290372061051445,0.7880689965867439,0,0
364,0.2,0.09702970297029702,0.13676274574124359,0.22575143212025217,0.646369485931621,0,0
365,0.2,0.04554455445544555,0.09283729243351321,0.04808399917069303,1.3179994190099724,0,0
366,0.0,0.031683168316831684,0.0730260947112308,1.0,-0.0,0,0
367,0.0,0.027722772277227727,0.06910862719451544,1.0,-0.0,0,0
368,0.0,0.07326732673267328,0.11848138852793338,1.0,-0.0,0,0
369,0.2,0.12277227722772276,0.15913204437912432,0.31372967932523066,0.5034443944120148,0,0
370,0.2,0.16237623762376235,0.1817688038394126,0.41801004214703774,0.37881328474013737,0,0
371,0.4,0.19405940594059404,0.19590954781832295,0.1465828121203775,0.8339169508333453,0,0
372,0.4,0.19405940594059404,0.19590954781832295,0.1465828121203775,0.8339169508333453,0,0
373,0.4,0.1485148514851485,0.16804870898437327,0.06726150598460054,1.172233413062421,0,0
374,0.2,0.07920792079207921,0.12611234319279727,0.16907845647801412,0.7719117255114654,0,0
375,0.2,0.039603960396039604,0.08908690597387718,0.0358952311958159,1.4449632450960652,0,0
376,0.2,0.03564356435643565,0.07653920035678292,0.015882722457572503,1.7990750531077893,0,0
377,0.2,0.03564356435643565,0.07653920035678292,0.015882722457572503,1.7990750531077893,0,0
378,0.2,0.05346534653465347,0.09287951999650358,0.05731896239780438,1.2417016799108866,0,0
379,0.2,0.061386138613861385,0.10046456153636296,0.08383506191077846,1.0765743106091494,0,0
380,0.2,0.05346534653465347,0.09704990696905226,0.0655357875709919,1.1835214771048093,0,0
381,0.0,0.025742574257425748,0.07264925278354116,1.0,-0.0,0,0
382,0.0,0.025742574257425748,0.07264925278354116,1.0,-0.0,0,0
383,0.0,0.02772277227722772,0.07461957893630407,1.0,-0.0,0,0
384,0.0,0.0891089108910891,0.12734998170941406,1.0,-0.0,0,0
385,0.0,0.09504950495049505,0.1277189346265117,1.0,-0.0,0,0
386,0.0,0.09504950495049505,0.1277189346265117,1.0,-0.0,0,0
387,0.0,0.09504950495049505,0.1277189346265117,1.0,-0.0,0,0
388,0.0,0.07524752475247524,0.11553229422427584,1.0,-0.0,0,0
389,0.0,0.0059405940594059415,0.03395332316729158,1.0,-0.0,0,0
390,0.0,0.04554455445544555,0.09283729243351321,1.0,-0.0,0,0
391,0.2,0.07920792079207921,0.11631029826208643,0.1495109975624142,0.8253268608177716,0,0
392,0.4,0.19207920792079206,0.18651741527630283,0.13247820563559298,0.8778555628647355,0,0
393,0.4,0.19207920792079206,0.18651741527630283,0.13247820563559298,0.8778555628647355,0,0
394,0.4,0.21188118811881188,0.196648718676233,0.16937862771473283,0.7711413900568345,0,0
395,0.6,0.27128712871287125,0.2279207060584263,0.0746194977526663,1.1271476784254448,0,0
396,0.6,0.30891089108910896,0.2413243205795188,0.11386722612705759,0.9436012588915381,0,0
397,0.4,0.19801980198019797,0.19190560696373415,0.146285646854024,0.834798283566363,0,0
398,0.4,0.19801980198019797,0.19190560696373415,0.146285646854024,0.834798283566363,0,0
399,0.4,0.17821782178217818,0.18647536422960084,0.11715340556654381,0.9312450822504541,0,0
400,0.2,0.0712871287128713,0.11110305060677653,0.12333004940280463,0.9089310945328983,0,0
401,0.0,0.05346534653465347,0.10104832334394513,1.0,-0.0,0,0
402,0.0,0.0891089108910891,0.13042276277287215,1.0,-0.0,0,0
403,0.0,0.09702970297029703,0.1338356059304222,1.0,-0.0,0,0
404,0.0,0.16435643564356434,0.1551646576171068,1.0,-0.0,0,0
405,0.0,0.19603960396039602,0.19494644711665693,1.0,-0.0,0,0
406,0.0,0.1425742574257426,0.1550129567586608,1.0,-0.0,0,0
407,0.0,0.10495049504950496,0.14513649268759365,1.0,-0.0,0,0
408,0.0,0.09702970297029703,0.14243667729389659,1.0,-0.0,0,0
409,0.0,0.031683168316831684,0.08316831683168317,1.0,-0.0,0,0
410,0.2,0.023762376237623766,0.07056843438101176,0.006255383356131765,2.2037460697673734,0,0
411,0.4,0.07524752475247526,0.11205191564986228,0.0018763629215048038,2.7266831576610144,0,0
412,0.4,0.12079207920792076,0.14094225464771679,0.023795113907911013,1.6235122118797733,0,0
413,0.4,0.18217821782178212,0.16191676116245252,0.08926900813543794,1.0492992906288405,0,0
414,0.4,0.18217821782178212,0.16191676116245252,0.08926900813543794,1.0492992906288405,0,0
415,0.2,0.1584158415841584,0.1497637259500122,0.3906347307237308,0.40822914688756573,0,0
416,0.0,0.13168316831683166,0.1521663323044604,1.0,-0.0,0,0
417,0.0,0.08514851485148514,0.1269490726718781,1.0,-0.0,0,0
418,0.0,0.025742574257425748,0.0669763743575753,1.0,-0.0,0,0
419,0.0,0.025742574257425748,0.0669763743575753,1.0,-0.0,0,0
420,0.0,0.025742574257425748,0.0669763743575753,1.0,-0.0,0,0
421,0.0,0.0,0.0,1.0,-0.0,0,0
422,0.0,0.02970297029702971,0.08622392497852373,1.0,-0.0,0,0
423,0.0,0.02970297029702971,0.08622392497852373,1.0,-0.0,0,0
424,0.0,0.0871287128712871,0.15002532217723416,1.0,-0.0,0,0
425,0.0,0.0871287128712871,0.15002532217723416,1.0,-0.0,0,0
426,0.0,0.10891089108910887,0.16295477712032463,1.0,-0.0,0,0
427,0.0,0.07920792079207921,0.12293186689242579,1.0,-0.0,0,0
428,0.0,0.07920792079207921,0.12293186689242579,1.0,-0.0,0,0
429,0.0,0.021782178217821784,0.06836703565002801,1.0,-0.0,0,0
430,0.0,0.021782178217821784,0.06836703565002801,1.0,-0.0,0,0
431,0.0,0.0,0.0,1.0,-0.0,0,0
432,0.0,0.0,0.0,1.0,-0.0,0,0
433,0.0,0.0,0.0,1.0,-0.0,0,0
434,0.0,0.0,0.0,1.0,-0.0,0,0
435,0.0,0.021782178217821784,0.06230547612891992,1.0,-0.0,0,0
436,0.0,0.021782178217821784,0.06230547612891992,1.0,-0.0,0,0
437,0.0,0.021782178217821784,0.06230547612891992,1.0,-0.0,0,0
438,0.0,0.021782178217821784,0.06230547612891992,1.0,-0.0,0,0
439,0.0,0.021782178217821784,0.06230547612891992,1.0,-0.0,0,0
440,0.0,0.0,0.0,1.0,-0.0,0,0
441,0.0,0.0,0.0,1.0,-0.0,0,0
442,0.0,0.0,0.0,1.0,-0.0,1,0
443,0.0,0.08316831683168316,0.12978985828256584,1.0,-0.0,0,0
444,0.0,0.08316831683168316,0.12978985828256584,1.0,-0.0,0,0
445,0.0,0.08316831683168316,0.12978985828256584,1.0,-0.0,0,0
446,0.0,0.10891089108910891,0.1503125521928582,1.0,-0.0,0,0
447,0.0,0.10891089108910891,0.1503125521928582,1.0,-0.0,0,0
448,0.0,0.025742574257425745,0.0669763743575753,1.0,-0.0,0,0
449,0.0,0.025742574257425745,0.0669763743575753,1.0,-0.0,0,0
450,0.0,0.025742574257425745,0.0669763743575753,1.0,-0.0,0,0
451,0.0,0.0,0.0,1.0,-0.0,0,0
452,0.0,0.0,0.0,1.0,-0.0,0,0
453,0.0,0.0,0.0,1.0,-0.0,0,0
454,0.0,0.0,0.0,1.0,-0.0,0,0
455,0.0,0.0,0.0,1.0,-0.0,0,0
456,0.0,0.0,0.0,1.0,-0.0,0,0
457,0.0,0.017821782178217824,0.05698017651460656,1.0,-0.0,0,0
458,0.0,0.017821782178217824,0.05698017651460656,1.0,-0.0,0,0
459,0.0,0.039603960396039604,0.07970143286137867,1.0,-0.0,0,0
460,0.0,0.039603960396039604,0.07970143286137867,1.0,-0.0,0,0
461,0.0,0.039603960396039604,0.07970143286137867,1.0,-0.0,0,0
462,0.0,0.021782178217821784,0.06230547612891991,1.0,-0.0,0,0
463,0.0,0.021782178217821784,0.06230547612891991,1.0,-0.0,0,0
464,0.0,0.16633663366336632,0.1713529319032391,1.0,-0.0,0,0
465,0.0,0.16633663366336632,0.1713529319032391,1.0,-0.0,0,0
466,0.0,0.16633663366336632,0.1713529319032391,1.0,-0.0,0,0
467,0.0,0.16633663366336632,0.1713529319032391,1.0,-0.0,0,0
468,0.0,0.19999999999999996,0.1711926712598098,1.0,-0.0,0,0
469,0.0,0.08910891089108909,0.11071414454252959,1.0,-0.0,0,0
470,0.0,0.08910891089108909,0.11071414454252959,1.0,-0.0,0,0
471,0.0,0.08910891089108909,0.11071414454252959,1.0,-0.0,0,0
472,0.0,0.08910891089108909,0.11071414454252959,1.0,-0.0,0,0
473,0.0,0.05544554455445545,0.09384550979067553,1.0,-0.0,0,0
474,0.0,0.0,0.0,1.0,-0.0,0,0
475,0.0,0.0,0.0,1.0,-0.0,0,0
476,0.0,0.0,0.0,1.0,-0.0,0,0
477,0.0,0.0,0.0,1.0,-0.0,0,0
478,0.0,0.0,0.0,1.0,-0.0,0,0
479,0.0,0.0,0.0,1.0,-0.0,0,0
480,0.0,0.0,0.0,1.0,-0.0,0,0
481,0.0,0.0,0.0,1.0,-0.0,0,0
482,0.0,0.0,0.0,1.0,-0.0,0,0
483,0.0,0.0,0.0,1.0,-0.0,0,0
484,0.0,0.0,0.0,1.0,-0.0,0,0
485,0.0,0.025742574257425748,0.07264925278354116,1.0,-0.0,0,0
486,0.0,0.09900990099009901,0.14521752172118105,1.0,-0.0,0,0
487,0.0,0.14257425742574256,0.16249693654596944,1.0,-0.0,0,0
488,0.0,0.14257425742574256,0.16249693654596944,1.0,-0.0,0,0
489,0.0,0.14257425742574256,0.16249693654596944,1.0,-0.0,0,0
490,0.0,0.12673267326732673,0.15851482056387722,1.0,-0.0,0,0
491,0.0,0.05346534653465347,0.09287951999650358,1.0,-0.0,0,0
492,0.0,0.011881188118811883,0.047276579747775535,1.0,-0.0,0,0
493,0.0,0.011881188118811883,0.047276579747775535,1.0,-0.0,0,0
494,0.0,0.05346534653465347,0.10104832334394512,1.0,-0.0,0,0
495,0.0,0.041584158415841586,0.09467748980500532,1.0,-0.0,0,0
496,0.0,0.09504950495049505,0.13377699607171914,1.0,-0.0,0,0
497,0.0,0.09504950495049505,0.13377699607171914,1.0,-0.0,0,0
498,0.0,0.09504950495049505,0.13377699607171914,1.0,-0.0,0,0
499,0.0,0.05346534653465347,0.10104832334394513,1.0,-0.0,0,0
500,0.0,0.05346534653465347,0.10104832334394513,1.0,-0.0,0,0
501,0.0,0.0,0.0,1.0,-0.0,0,0
502,0.0,0.0,0.0,1.0,-0.0,0,0
503,0.0,0.027722772277227727,0.07461957893630407,1.0,-0.0,0,0
504,0.0,0.027722772277227727,0.07461957893630407,1.0,-0.0,0,0
505,0.0,0.027722772277227727,0.07461957893630407,1.0,-0.0,0,0
506,0.0,0.027722772277227727,0.07461957893630407,1.0,-0.0,0,0
507,0.0,0.041584158415841586,0.08590499787518362,1.0,-0.0,0,0
508,0.0,0.013861386138613863,0.05079507064705211,1.0,-0.0,0,0
509,0.0,0.025742574257425748,0.06697637435757531,1.0,-0.0,0,0
510,0.0,0.06732673267326733,0.09861306612268303,1.0,-0.0,0,0
511,0.0,0.06732673267326733,0.09861306612268303,1.0,-0.0,0,0
512,0.0,0.05346534653465347,0.09287951999650358,1.0,-0.0,0,0
513,0.0,0.05346534653465347,0.09287951999650358,1.0,-0.0,0,0
514,0.0,0.07722772277227723,0.12888031758632065,1.0,-0.0,0,0
515,0.0,0.08514851485148514,0.130031327995105,1.0,-0.0,0,0
516,0.0,0.1089108910891089,0.1503125521928582,1.0,-0.0,0,0
517,0.0,0.1089108910891089,0.1503125521928582,1.0,-0.0,0,0
518,0.0,0.1089108910891089,0.1503125521928582,1.0,-0.0,0,0
519,0.0,0.08514851485148517,0.12694907267187808,1.0,-0.0,0,0
520,0.0,0.04950495049504951,0.09504950495049506,1.0,-0.0,0,0
521,0.0,0.10099009900990098,0.14246420394934614,1.0,-0.0,0,0
522,0.0,0.10099009900990098,0.14246420394934614,1.0,-0.0,0,0
523,0.0,0.1504950495049505,0.16746435256923545,1.0,-0.0,0,0
524,0.0,0.18217821782178217,0.1868954489346046,1.0,-0.0,0,0
525,0.0,0.16831683168316833,0.16823527435849067,1.0,-0.0,0,0
526,0.0,0.09108910891089106,0.11781762202489916,1.0,-0.0,0,0
527,0.0,0.09108910891089106,0.11781762202489916,1.0,-0.0,0,0
528,0.0,0.04356435643564357,0.08255312311158747,1.0,-0.0,0,0
529,0.0,0.0,0.0,1.0,-0.0,0,0
530,0.0,0.011881188118811881,0.047276579747775535,1.0,-0.0,0,0
531,0.0,0.11881188118811879,0.14122019271030045,1.0,-0.0,0,0
