,foreground,bg_means,bg_stdev,pvals,minus_logs,regs,active
2,0.2,0.06336633663366337,0.09304823860966915,0.07099542332536607,1.1487696468950526,0,0
3,0.2,0.06336633663366337,0.09304823860966915,0.07099542332536607,1.1487696468950526,0,0
4,0.8,0.297029702970297,0.21176086154922535,0.008770182043700923,2.0569913918387215,0,0
5,0.8,0.297029702970297,0.21176086154922535,0.008770182043700923,2.0569913918387215,0,0
6,1.0,0.5247524752475248,0.2652874176794325,0.0366110451766128,1.4363878726492996,0,0
7,1.0,0.5247524752475248,0.2652874176794325,0.0366110451766128,1.4363878726492996,0,0
8,1.2,0.6,0.26550903846187707,0.01191652043730262,1.9238505378409305,0,0
9,0.8,0.4554455445544555,0.24229727569017703,0.0775084951800635,1.1106506948145751,0,0
10,0.8,0.4554455445544555,0.24229727569017703,0.0775084951800635,1.1106506948145751,0,0
11,0.4,0.16435643564356434,0.16264165701687977,0.07368956709871488,1.1325939948029187,0,0
12,0.4,0.16435643564356434,0.16264165701687977,0.07368956709871488,1.1325939948029187,0,0
13,0.2,0.17821782178217818,0.1538959146750531,0.4437223217777287,0.3528887232305891,0,0
14,0.0,0.08712871287128712,0.12077584698595573,1.0,-0.0,0,0
15,0.0,0.08712871287128712,0.12077584698595573,1.0,-0.0,0,0
16,0.0,0.08712871287128712,0.12077584698595573,1.0,-0.0,0,0
17,0.0,0.08712871287128712,0.12077584698595573,1.0,-0.0,0,0
18,0.0,0.0,0.0,1.0,-0.0,0,0
19,0.0,0.011881188118811883,0.047276579747775535,1.0,-0.0,0,0
20,0.0,0.19801980198019797,0.189830668692386,1.0,-0.0,0,0
21,0.0,0.8633663366336632,0.33881645262553006,1.0,-0.0,0,0
22,0.0,0.8633663366336632,0.33881645262553006,1.0,-0.0,0,0
23,0.0,1.0574257425742575,0.3683913477266996,1.0,-0.0,0,0
24,0.0,1.0455445544554456,0.36897630729036407,1.0,-0.0,0,0
25,0.0,0.9346534653465347,0.3366802530369446,1.0,-0.0,0,0
26,0.0,0.26732673267326734,0.18081712817047954,1.0,-0.0,0,0
27,0.0,0.26732673267326734,0.18081712817047954,1.0,-0.0,0,0
28,0.0,0.07326732673267328,0.1184813885279334,1.0,-0.0,0,0
29,0.0,0.2158415841584158,0.21001304686832242,1.0,-0.0,0,0
30,0.0,0.14257425742574256,0.15243666735776418,1.0,-0.0,0,0
31,0.0,0.14257425742574256,0.15243666735776418,1.0,-0.0,0,0
32,0.0,0.14257425742574256,0.15243666735776418,1.0,-0.0,0,0
33,0.0,0.18811881188118804,0.16367507580017285,1.0,-0.0,0,0
34,0.0,0.04554455445544555,0.08387254884969257,1.0,-0.0,0,0
35,0.2,0.11683168316831684,0.15483578457286823,0.295585849930015,0.5293163600079367,0,0
36,0.2,0.18019801980198022,0.18131521809520154,0.45651677193048906,0.34054326232889737,0,0
37,0.2,0.18019801980198022,0.18131521809520154,0.45651677193048906,0.34054326232889737,0,0
38,0.2,0.13267326732673268,0.15739771840980324,0.3344168985199323,0.47571178521468127,0,0
39,0.2,0.18217821782178212,0.1594520565480982,0.45550332056948106,0.3415084527200807,0,0
40,0.2,0.1346534653465346,0.14380655568606185,0.3247683851035798,0.48842625419480384,0,0
41,0.2,0.0712871287128713,0.10747934055534188,0.11554433714027447,0.9372513345552421,0,0
42,0.2,0.0712871287128713,0.10747934055534188,0.11554433714027447,0.9372513345552421,0,0
43,0.2,0.0712871287128713,0.10747934055534188,0.11554433714027447,0.9372513345552421,0,0
44,0.2,0.023762376237623766,0.06471340450838889,0.0032311212459077425,2.490646745033819,0,0
45,0.0,0.0,0.0,1.0,-0.0,0,0
46,0.0,0.0,0.0,1.0,-0.0,0,0
47,0.0,0.0,0.0,1.0,-0.0,0,0
48,0.0,0.06534653465346535,0.0938037170877387,1.0,-0.0,0,0
49,0.0,0.06534653465346535,0.0938037170877387,1.0,-0.0,0,0
50,0.0,0.06534653465346535,0.0938037170877387,1.0,-0.0,0,0
51,0.0,0.06534653465346535,0.0938037170877387,1.0,-0.0,0,0
52,0.0,0.06534653465346535,0.0938037170877387,1.0,-0.0,0,0
53,0.0,0.0,0.0,1.0,-0.0,0,0
54,0.0,0.0,0.0,1.0,-0.0,0,0
55,0.0,0.0,0.0,1.0,-0.0,0,0
56,0.0,0.021782178217821784,0.06230547612891991,1.0,-0.0,0,0
57,0.0,0.021782178217821784,0.06230547612891991,1.0,-0.0,0,0
58,0.0,0.05346534653465347,0.09704990696905226,1.0,-0.0,0,0
59,0.0,0.21386138613861388,0.1914145896807061,1.0,-0.0,0,0
60,0.0,0.21386138613861388,0.1914145896807061,1.0,-0.0,0,0
61,1.6,0.7742574257425742,0.3204741120656461,0.004988462754868307,2.3020332659866165,0,0
62,1.6,0.7742574257425742,0.3204741120656461,0.004988462754868307,2.3020332659866165,0,0
63,1.6,0.811881188118812,0.327996356147615,0.008134419837630035,2.0896734163350943,0,0
64,1.6,0.7455445544554455,0.28267630176450403,0.0012525090458464635,2.902219128896232,0,0
65,1.6,0.7455445544554455,0.28267630176450403,0.0012525090458464635,2.902219128896232,0,0
66,0.0,0.16435643564356434,0.12710341810598982,1.0,-0.0,0,0
67,0.0,0.16435643564356434,0.12710341810598982,1.0,-0.0,0,0
68,0.0,0.09306930693069305,0.09975953835889108,1.0,-0.0,0,0
69,0.0,0.0,0.0,1.0,-0.0,0,0
70,0.0,0.0,0.0,1.0,-0.0,0,0
71,0.0,0.0,0.0,1.0,-0.0,0,0
72,0.4,0.6851485148514849,0.3100259135173216,1.0,-0.0,0,0
73,0.6,0.778217821782178,0.3232275232117339,1.0,-0.0,0,0
74,0.6,0.778217821782178,0.3232275232117339,1.0,-0.0,0,0
75,0.6,0.778217821782178,0.3232275232117339,1.0,-0.0,0,0
76,0.6,0.778217821782178,0.3232275232117339,1.0,-0.0,0,0
77,0.2,0.09108910891089109,0.11781762202489916,0.17763842606826635,0.7504630834655708,0,0
78,0.0,0.0,0.0,1.0,-0.0,0,0
79,0.4,0.30891089108910885,0.20201902170070257,0.32603307369895507,0.4867383416609578,0,0
80,0.4,0.3821782178217822,0.20508198776039438,0.4653751946462483,0.3321967691269784,0,0
81,0.4,0.42772277227722766,0.23041882309368486,1.0,-0.0,0,0
