,foreground,bg_means,bg_stdev,pvals,minus_logs,regs,active
2,0.0,0.009900990099009901,0.04338396495090424,1.0,-0.0,0,0
3,0.2,0.1920792079207921,0.2027939344870037,0.48442194238154324,0.3147761932758936,0,0
4,0.2,0.18217821782178217,0.1931479910747968,0.4632417265486166,0.3341923283962602,0,0
5,0.2,0.18217821782178217,0.1931479910747968,0.4632417265486166,0.3341923283962602,0,0
6,0.2,0.23168316831683167,0.21568710976934816,1.0,-0.0,0,19
7,0.2,0.23168316831683167,0.21568710976934816,1.0,-0.0,0,0
8,0.0,0.1089108910891089,0.13057300215314482,1.0,-0.0,0,0
9,0.0,0.1089108910891089,0.13057300215314482,1.0,-0.0,0,0
10,0.0,0.19207920792079203,0.17558003918939316,1.0,-0.0,0,0
11,0.0,0.14257425742574253,0.15754712301715712,1.0,-0.0,0,0
12,0.0,0.14257425742574253,0.15754712301715712,1.0,-0.0,0,0
13,0.0,0.08118811881188118,0.11320083903331847,1.0,-0.0,0,0
14,0.0,0.08316831683168316,0.11351216354824961,1.0,-0.0,0,0
15,0.0,0.1267326732673267,0.15599637537608815,1.0,-0.0,0,0
16,0.0,0.13564356435643563,0.1589471288992512,1.0,-0.0,0,0
17,0.0,0.14455445544554454,0.16439221845954263,1.0,-0.0,0,0
18,0.0,0.14455445544554454,0.16439221845954263,1.0,-0.0,0,0
19,0.0,0.14455445544554454,0.15950123220279022,1.0,-0.0,0,0
20,0.0,0.017821782178217824,0.05698017651460656,1.0,-0.0,0,0
21,0.2,0.023762376237623766,0.06471340450838889,0.0032311212459077425,2.490646745033819,0,0
22,0.2,0.015841584158415842,0.054012600780142014,0.00032535620257014524,3.4876409094885674,0,0
23,0.2,0.033663366336633666,0.07482947971362848,0.013112090674369045,1.882328056139665,0,0
24,0.2,0.031683168316831684,0.0730260947112308,0.01058647624307391,1.9752485727397298,0,0
25,0.2,0.03564356435643565,0.08154954567118415,0.0219304263845019,1.6589529244266186,0,0
26,0.0,0.021782178217821784,0.06836703565002801,1.0,-0.0,0,0
27,0.0,0.021782178217821784,0.06836703565002801,1.0,-0.0,0,0
28,0.0,0.007920792079207921,0.03900537743285587,1.0,-0.0,0,0
29,0.0,0.007920792079207921,0.03900537743285587,1.0,-0.0,0,0
30,0.0,0.0039603960396039604,0.027863855998951068,1.0,-0.0,0,0
31,0.0,0.0039603960396039604,0.027863855998951068,1.0,-0.0,0,0
32,0.0,0.033663366336633666,0.07482947971362847,1.0,-0.0,0,0
33,0.0,0.057425742574257435,0.09476028605152792,1.0,-0.0,0,0
34,0.0,0.0712871287128713,0.11110305060677653,1.0,-0.0,0,0
35,0.0,0.07722772277227724,0.11593886073904516,1.0,-0.0,0,0
36,0.0,0.07722772277227724,0.11593886073904516,1.0,-0.0,0,0
37,0.0,0.061386138613861385,0.09644194583672017,1.0,-0.0,0,0
38,0.0,0.04356435643564357,0.08721867542790196,1.0,-0.0,0,0
39,0.2,0.061386138613861385,0.10433219700847123,0.09199298471617674,1.0362452902111776,0,0
40,0.2,0.06930693069306931,0.11409790329416186,0.12601207675801535,0.8995878309298326,0,0
41,0.2,0.10099009900990098,0.1396566153069739,0.2391769893682686,0.621280605081162,0,0
42,0.2,0.1089108910891089,0.13937555924568532,0.2567003926389665,0.5905734670480498,0,0
43,0.2,0.09900990099009901,0.13965661530697393,0.234799546255409,0.629302746687466,0,0
44,0.0,0.06732673267326733,0.1135467024699521,1.0,-0.0,0,0
45,0.0,0.05346534653465347,0.09704990696905226,1.0,-0.0,0,0
46,0.0,0.039603960396039604,0.08452453849668534,1.0,-0.0,0,0
47,0.0,0.017821782178217824,0.05698017651460656,1.0,-0.0,0,0
48,0.0,0.017821782178217824,0.05698017651460656,1.0,-0.0,0,0
49,0.0,0.017821782178217824,0.05698017651460656,1.0,-0.0,0,0
50,0.0,0.017821782178217824,0.05698017651460656,1.0,-0.0,0,0
51,0.0,0.0,0.0,1.0,-0.0,0,0
52,0.0,0.0,0.0,1.0,-0.0,0,0
53,0.0,0.0,0.0,1.0,-0.0,0,0
54,0.0,0.0,0.0,1.0,-0.0,0,0
55,0.0,0.023762376237623763,0.06471340450838889,1.0,-0.0,0,0
56,0.0,0.023762376237623763,0.06471340450838889,1.0,-0.0,0,0
57,0.0,0.05940594059405942,0.0996808946427978,1.0,-0.0,0,0
58,0.0,0.05940594059405942,0.0996808946427978,1.0,-0.0,0,0
59,0.0,0.05940594059405942,0.0996808946427978,1.0,-0.0,0,0
60,0.0,0.05148514851485149,0.10399339410297728,1.0,-0.0,0,0
61,0.0,0.05148514851485149,0.10399339410297728,1.0,-0.0,0,0
62,0.0,0.039603960396039604,0.08452453849668534,1.0,-0.0,0,0
63,0.0,0.039603960396039604,0.08452453849668534,1.0,-0.0,0,0
64,0.0,0.039603960396039604,0.08452453849668534,1.0,-0.0,0,0
65,0.0,0.06534653465346535,0.10571364605971598,1.0,-0.0,0,0
66,0.0,0.06534653465346535,0.10571364605971598,1.0,-0.0,0,0
67,0.0,0.041584158415841586,0.08590499787518362,1.0,-0.0,0,0
68,0.0,0.041584158415841586,0.08590499787518362,1.0,-0.0,0,0
69,0.0,0.041584158415841586,0.08590499787518362,1.0,-0.0,0,0
70,0.0,0.0,0.0,1.0,-0.0,0,0
71,0.0,0.0,0.0,1.0,-0.0,0,0
72,0.0,0.0,0.0,1.0,-0.0,0,0
73,0.0,0.0,0.0,1.0,-0.0,0,0
74,0.0,0.0,0.0,1.0,-0.0,0,0
75,0.0,0.0,0.0,1.0,-0.0,0,0
76,0.0,0.0,0.0,1.0,-0.0,0,0
77,0.0,0.0,0.0,1.0,-0.0,0,0
78,0.0,0.0,0.0,1.0,-0.0,0,0
79,0.0,0.0,0.0,1.0,-0.0,0,0
80,0.0,0.0,0.0,1.0,-0.0,0,0
81,0.0,0.0,0.0,1.0,-0.0,0,0
82,0.0,0.0,0.0,1.0,-0.0,0,0
83,0.0,0.0,0.0,1.0,-0.0,0,0
84,0.0,0.0,0.0,1.0,-0.0,0,0
85,0.0,0.0039603960396039604,0.02786385599895107,1.0,-0.0,0,0
86,0.0,0.0039603960396039604,0.02786385599895107,1.0,-0.0,0,0
87,0.0,0.0039603960396039604,0.02786385599895107,1.0,-0.0,0,0
88,0.0,0.0039603960396039604,0.02786385599895107,1.0,-0.0,0,0
89,0.0,0.0039603960396039604,0.02786385599895107,1.0,-0.0,0,0
90,0.0,0.011881188118811883,0.04727657974777555,1.0,-0.0,0,0
91,0.0,0.011881188118811883,0.04727657974777555,1.0,-0.0,0,0
92,0.0,0.011881188118811883,0.04727657974777555,1.0,-0.0,0,1
93,0.0,0.011881188118811883,0.04727657974777555,1.0,-0.0,0,0
94,0.0,0.011881188118811883,0.04727657974777555,1.0,-0.0,0,0
95,0.0,0.0,0.0,1.0,-0.0,0,0
96,0.0,0.0,0.0,1.0,-0.0,0,0
97,0.0,0.0,0.0,1.0,-0.0,0,0
98,0.0,0.0,0.0,1.0,-0.0,0,0
99,0.0,0.0,0.0,1.0,-0.0,0,0
100,0.0,0.0,0.0,1.0,-0.0,0,0
101,0.0,0.009900990099009901,0.04338396495090424,1.0,-0.0,0,0
102,0.2,0.047524752475247525,0.0939707763778588,0.05233944412570533,1.2811708941229774,0,0
103,0.2,0.05148514851485149,0.096075322540263,0.0610744044260142,1.2141407594058027,0,0
104,0.2,0.10891089108910891,0.14494724878689189,0.26486134954069185,0.5769814124309087,0,0
105,0.2,0.10891089108910891,0.14494724878689189,0.26486134954069185,0.5769814124309087,0,0
106,0.2,0.09900990099009903,0.14246420394934614,0.239199312215381,0.6212400734356929,0,0
107,0.0,0.12871287128712872,0.1423540653909816,1.0,-0.0,0,0
108,0.4,0.2693069306930693,0.20764715610167653,0.26454368896451136,0.5775025946708804,0,0
109,0.4,0.2435643564356435,0.19005775129824673,0.2052268980675228,0.6877657190147262,0,0
110,0.4,0.3089108910891089,0.2243136991446542,0.3423422345605086,0.46553951890158396,0,0
111,0.4,0.3089108910891089,0.2243136991446542,0.3423422345605086,0.46553951890158396,0,0
112,0.4,0.2435643564356435,0.19418060470702989,0.21023119580501304,0.6773028393984866,0,0
113,0.0,0.097029702970297,0.11811677855054843,1.0,-0.0,0,0
114,0.0,0.06534653465346535,0.10571364605971598,1.0,-0.0,0,0
115,0.0,0.0,0.0,1.0,-0.0,0,0
116,0.0,0.0,0.0,1.0,-0.0,0,0
117,0.0,0.0,0.0,1.0,-0.0,0,0
118,0.0,0.0,0.0,1.0,-0.0,0,0
119,0.0,0.0,0.0,1.0,-0.0,0,0
120,0.0,0.0,0.0,1.0,-0.0,0,0
121,0.0,0.0,0.0,1.0,-0.0,0,0
122,0.0,0.009900990099009901,0.04338396495090424,1.0,-0.0,0,0
123,0.0,0.015841584158415842,0.06090517425437506,1.0,-0.0,0,0
124,0.0,0.015841584158415842,0.06090517425437506,1.0,-0.0,0,0
125,0.0,0.015841584158415842,0.06090517425437506,1.0,-0.0,0,0
126,0.0,0.015841584158415842,0.06090517425437506,1.0,-0.0,0,0
127,0.0,0.0059405940594059415,0.033953323167291584,1.0,-0.0,0,0
128,0.0,0.0,0.0,1.0,-0.0,0,0
129,0.0,0.0,0.0,1.0,-0.0,0,0
130,0.2,0.0039603960396039604,0.02786385599895106,9.918686161640932e-13,12.00354585108558,0,0
131,0.2,0.0039603960396039604,0.02786385599895106,9.918686161640932e-13,12.00354585108558,0,0
132,0.2,0.023762376237623766,0.06471340450838889,0.0032311212459077425,2.490646745033819,0,0
133,0.2,0.023762376237623766,0.06471340450838889,0.0032311212459077425,2.490646745033819,0,0
134,0.2,0.023762376237623766,0.06471340450838889,0.0032311212459077425,2.490646745033819,0,0
135,0.0,0.019801980198019802,0.0597350618970232,1.0,-0.0,0,0
136,0.0,0.019801980198019802,0.0597350618970232,1.0,-0.0,0,0
137,0.0,0.0019801980198019802,0.019801980198019802,1.0,-0.0,0,0
138,0.0,0.0019801980198019802,0.019801980198019802,1.0,-0.0,0,0
139,0.0,0.0019801980198019802,0.019801980198019802,1.0,-0.0,0,0
140,0.0,0.0019801980198019802,0.019801980198019802,1.0,-0.0,0,0
141,0.0,0.0019801980198019802,0.019801980198019802,1.0,-0.0,0,0
142,0.0,0.0,0.0,1.0,-0.0,0,0
143,0.0,0.0,0.0,1.0,-0.0,0,0
144,0.0,0.0,0.0,1.0,-0.0,0,0
145,0.0,0.0059405940594059415,0.03395332316729158,1.0,-0.0,0,0
146,0.0,0.0059405940594059415,0.03395332316729158,1.0,-0.0,0,0
147,0.0,0.0059405940594059415,0.03395332316729158,1.0,-0.0,0,0
148,0.0,0.0059405940594059415,0.03395332316729158,1.0,-0.0,0,0
149,0.0,0.011881188118811883,0.04727657974777554,1.0,-0.0,0,0
150,0.0,0.0059405940594059415,0.033953323167291584,1.0,-0.0,0,0
151,0.0,0.0059405940594059415,0.033953323167291584,1.0,-0.0,0,0
152,0.0,0.0059405940594059415,0.033953323167291584,1.0,-0.0,0,0
153,0.0,0.0059405940594059415,0.033953323167291584,1.0,-0.0,0,0
154,0.0,0.0,0.0,1.0,-0.0,0,0
155,0.0,0.011881188118811883,0.04727657974777554,1.0,-0.0,0,0
156,0.0,0.011881188118811883,0.04727657974777554,1.0,-0.0,0,0
157,0.0,0.011881188118811883,0.04727657974777554,1.0,-0.0,0,0
158,0.0,0.011881188118811883,0.04727657974777554,1.0,-0.0,0,0
159,0.0,0.011881188118811883,0.04727657974777554,1.0,-0.0,0,0
160,0.0,0.0,0.0,1.0,-0.0,0,0
161,0.0,0.0,0.0,1.0,-0.0,0,0
162,0.0,0.0,0.0,1.0,-0.0,0,0
163,0.0,0.0,0.0,1.0,-0.0,0,0
164,0.0,0.0,0.0,1.0,-0.0,0,0
165,0.0,0.0,0.0,1.0,-0.0,0,0
166,0.0,0.0,0.0,1.0,-0.0,0,0
167,0.0,0.0,0.0,1.0,-0.0,0,0
168,0.0,0.0,0.0,1.0,-0.0,0,0
169,0.0,0.007920792079207921,0.03900537743285587,1.0,-0.0,0,0
170,0.0,0.007920792079207921,0.03900537743285587,1.0,-0.0,0,0
171,0.2,0.015841584158415842,0.05401260078014202,0.00032535620257014524,3.4876409094885674,0,0
172,0.2,0.015841584158415842,0.05401260078014202,0.00032535620257014524,3.4876409094885674,0,0
173,0.2,0.015841584158415842,0.05401260078014202,0.00032535620257014524,3.4876409094885674,0,0
174,0.2,0.017821782178217824,0.05698017651460656,0.0006937928196726553,3.15877019915046,0,0
175,0.2,0.017821782178217824,0.05698017651460656,0.0006937928196726553,3.15877019915046,0,0
176,0.0,0.009900990099009901,0.04338396495090424,1.0,-0.0,0,0
177,0.0,0.009900990099009901,0.04338396495090424,1.0,-0.0,0,0
178,0.0,0.009900990099009901,0.04338396495090424,1.0,-0.0,0,0
179,0.0,0.0,0.0,1.0,-0.0,0,0
180,0.0,0.0,0.0,1.0,-0.0,0,0
181,0.0,0.0,0.0,1.0,-0.0,0,0
182,0.0,0.0,0.0,1.0,-0.0,0,0
183,0.0,0.0,0.0,1.0,-0.0,0,0
184,0.0,0.0,0.0,1.0,-0.0,0,0
185,0.0,0.0,0.0,1.0,-0.0,0,0
186,0.0,0.0,0.0,1.0,-0.0,0,0
187,0.0,0.0,0.0,1.0,-0.0,0,0
188,0.0,0.0,0.0,1.0,-0.0,0,0
189,0.0,0.0,0.0,1.0,-0.0,0,0
190,0.0,0.0,0.0,1.0,-0.0,0,0
191,0.0,0.0019801980198019802,0.0198019801980198,1.0,-0.0,0,0
192,0.0,0.01386138613861386,0.05079507064705211,1.0,-0.0,0,0
193,0.0,0.039603960396039604,0.0890869059738772,1.0,-0.0,0,0
194,0.0,0.039603960396039604,0.0890869059738772,1.0,-0.0,0,0
195,0.0,0.09108910891089109,0.13057300215314485,1.0,-0.0,0,0
196,0.0,0.08910891089108909,0.13042276277287215,1.0,-0.0,0,0
197,0.0,0.09702970297029702,0.1396285351588451,1.0,-0.0,0,0
198,0.0,0.0712871287128713,0.1307530615383697,1.0,-0.0,0,0
199,0.0,0.0712871287128713,0.1307530615383697,1.0,-0.0,0,0
200,0.0,0.0198019801980198,0.059735061897023205,1.0,-0.0,0,0
201,0.0,0.0198019801980198,0.059735061897023205,1.0,-0.0,0,0
202,0.0,0.0,0.0,1.0,-0.0,0,0
203,0.2,0.03960396039603961,0.08452453849668534,0.028872622852877186,1.5395137620565469,0,0
204,0.4,0.12079207920792079,0.14645435316515326,0.02829591495260535,1.5482762585251435,0,0
205,0.4,0.13465346534653463,0.16436836411443276,0.053226776810353274,1.2738698320774846,0,0
206,0.4,0.14653465346534653,0.1686077858012515,0.0663829428093936,1.1779434988760122,0,0
207,0.4,0.14653465346534653,0.1686077858012515,0.0663829428093936,1.1779434988760122,0,0
208,0.2,0.10495049504950495,0.1367053908443026,0.2434376750920733,0.6136122082817695,0,0
209,0.0,0.023762376237623766,0.06471340450838887,1.0,-0.0,0,0
210,0.0,0.08118811881188118,0.12325042629382527,1.0,-0.0,0,0
211,0.0,0.0712871287128713,0.11110305060677654,1.0,-0.0,0,0
212,0.0,0.0891089108910891,0.12734998170941408,1.0,-0.0,0,0
213,0.0,0.0891089108910891,0.12734998170941408,1.0,-0.0,0,0
214,0.0,0.0891089108910891,0.12734998170941408,1.0,-0.0,0,0
215,0.0,0.017821782178217824,0.05698017651460656,1.0,-0.0,0,0
216,0.0,0.017821782178217824,0.05698017651460656,1.0,-0.0,0,1
217,0.0,0.0,0.0,1.0,-0.0,0,0
218,0.0,0.0,0.0,1.0,-0.0,0,0
219,0.0,0.019801980198019802,0.059735061897023205,1.0,-0.0,0,0
220,0.0,0.019801980198019802,0.059735061897023205,1.0,-0.0,0,1
221,0.0,0.031683168316831684,0.0730260947112308,1.0,-0.0,0,0
222,0.0,0.0712871287128713,0.10747934055534188,1.0,-0.0,0,0
223,0.2,0.08910891089108909,0.12734998170941406,0.19194299301932338,0.716827737407409,0,0
224,0.2,0.06930693069306931,0.11409790329416186,0.12601207675801535,0.8995878309298326,0,0
225,0.2,0.09504950495049502,0.1277189346265117,0.20561525732768132,0.6869446624035489,0,3
226,0.2,0.08910891089108909,0.12420120222231065,0.1859729668504977,0.7305501805181494,0,0
227,0.2,0.04950495049504951,0.09078727434730814,0.04869237040212954,1.3125390829709087,0,0
228,0.0,0.03762376237623763,0.08307396817189319,1.0,-0.0,0,0
229,0.0,0.05544554455445545,0.09384550979067555,1.0,-0.0,0,0
230,0.0,0.02970297029702971,0.07112192077650681,1.0,-0.0,0,0
231,0.0,0.023762376237623766,0.06471340450838887,1.0,-0.0,0,0
232,0.0,0.023762376237623766,0.06471340450838887,1.0,-0.0,0,0
233,0.0,0.017821782178217824,0.056980176514606566,1.0,-0.0,0,0
234,0.0,0.0,0.0,1.0,-0.0,0,0
235,0.4,0.0594059405940594,0.10733330877518932,0.0007537462695981591,3.122774824234139,0,0
236,1.2,0.1584158415841584,0.17870121461668878,2.7941285875638756e-09,8.553753611255335,0,0
237,1.2,0.1584158415841584,0.17870121461668878,2.7941285875638756e-09,8.553753611255335,0,0
238,1.4,0.16633663366336632,0.18254375725135072,6.986856928816545e-12,11.155718149784395,0,0
239,1.4,0.16633663366336632,0.18254375725135072,6.986856928816545e-12,11.155718149784395,0,0
240,1.0,0.10495049504950496,0.15049504950495052,1.3624382288817871e-09,8.865683178933095,0,0
241,0.2,0.007920792079207921,0.03900537743285587,4.2303541670263104e-07,6.3736232717865695,0,0
242,0.2,0.007920792079207921,0.03900537743285587,4.2303541670263104e-07,6.3736232717865695,0,0
243,0.2,0.033663366336633666,0.07994704648786674,0.018735949469970602,1.7273242935431963,0,0
244,0.4,0.04356435643564357,0.0916470215081674,5.0282976284261656e-05,4.298579024033491,0,0
245,0.4,0.07524752475247526,0.12219602867755655,0.0039345502315398136,2.405104905776178,0,0
246,0.4,0.1277227722772277,0.15032559506261184,0.03505108406491786,1.4552985455680432,0,0
247,0.4,0.13663366336633662,0.1539723340696535,0.043588731157905666,1.3606257728529352,0,0
248,0.2,0.10099009900990098,0.1367914141716479,0.23459364655241438,0.6296837539621412,0,0
249,0.0,0.09108910891089109,0.12750384183766536,1.0,-0.0,0,0
250,0.0,0.0594059405940594,0.1109617879296784,1.0,-0.0,0,0
251,0.0,0.007920792079207921,0.03900537743285587,1.0,-0.0,0,0
252,0.0,0.0,0.0,1.0,-0.0,0,0
253,0.0,0.0,0.0,1.0,-0.0,0,0
254,0.0,0.04356435643564357,0.08255312311158745,1.0,-0.0,0,0
255,0.0,0.05346534653465347,0.09704990696905226,1.0,-0.0,0,0
256,0.0,0.057425742574257435,0.10277971700879983,1.0,-0.0,0,0
257,0.0,0.057425742574257435,0.10277971700879983,1.0,-0.0,0,0
258,0.0,0.057425742574257435,0.10277971700879983,1.0,-0.0,0,0
259,0.0,0.05544554455445545,0.09797478714338997,1.0,-0.0,0,0
260,0.0,0.04554455445544555,0.08387254884969257,1.0,-0.0,0,0
261,0.0,0.041584158415841586,0.08116396646304633,1.0,-0.0,0,0
262,0.0,0.041584158415841586,0.08116396646304633,1.0,-0.0,0,0
263,0.0,0.09900990099009901,0.1308729634998678,1.0,-0.0,0,0
264,0.0,0.1900990099009901,0.17206086333646303,1.0,-0.0,0,0
265,0.0,0.2099009900990099,0.17660435755646178,1.0,-0.0,0,0
266,0.2,0.33069306930693076,0.22939549239722107,1.0,-0.0,0,0
267,0.2,0.33069306930693076,0.22939549239722107,1.0,-0.0,0,0
268,0.2,0.2712871287128713,0.20601674144380122,1.0,-0.0,0,0
269,0.2,0.16831683168316833,0.1751552030692751,0.4282284298207433,0.36832450354225954,0,0
270,0.2,0.24158415841584152,0.21120461981740007,1.0,-0.0,0,0
271,0.0,0.16237623762376235,0.15597123697041754,1.0,-0.0,0,0
272,0.0,0.21188118811881188,0.18200594523684843,1.0,-0.0,0,0
273,0.0,0.21188118811881188,0.18200594523684843,1.0,-0.0,0,0
274,0.0,0.1841584158415841,0.17276589394999795,1.0,-0.0,0,0
275,0.0,0.08910891089108909,0.13923481846532232,1.0,-0.0,0,0
276,0.0,0.04950495049504951,0.09912864166957489,1.0,-0.0,0,0
277,0.0,0.0,0.0,1.0,-0.0,0,0
278,0.0,0.0059405940594059415,0.03395332316729158,1.0,-0.0,0,0
279,0.0,0.0059405940594059415,0.03395332316729158,1.0,-0.0,0,0
280,0.0,0.0059405940594059415,0.03395332316729158,1.0,-0.0,0,0
281,0.0,0.0059405940594059415,0.03395332316729158,1.0,-0.0,0,0
282,0.0,0.0059405940594059415,0.03395332316729158,1.0,-0.0,0,0
283,0.0,0.0019801980198019802,0.019801980198019802,1.0,-0.0,0,0
284,0.0,0.011881188118811883,0.047276579747775535,1.0,-0.0,0,0
285,0.0,0.011881188118811883,0.047276579747775535,1.0,-0.0,0,0
286,0.0,0.011881188118811883,0.047276579747775535,1.0,-0.0,0,0
287,0.0,0.011881188118811883,0.047276579747775535,1.0,-0.0,0,0
288,0.0,0.009900990099009901,0.04338396495090424,1.0,-0.0,0,0
289,0.0,0.04752475247524753,0.08965727859541997,1.0,-0.0,0,0
290,0.2,0.08514851485148513,0.12694907267187808,0.1828107949282391,0.7379981628727221,0,0
291,0.4,0.11881188118811879,0.14399729871443837,0.0254256857888514,1.5947273243325633,0,0
292,0.6,0.19603960396039605,0.1711468549412428,0.009129724921531355,2.039542307554501,0,0
293,0.6,0.22178217821782176,0.17096346688435152,0.013473911833392716,1.8705062987820869,0,0
294,0.6,0.20198019801980197,0.165296132710568,0.008021856344334662,2.0957251196444964,0,0
295,0.4,0.1762376237623762,0.17185563527720504,0.09645188823811109,1.0156892657560734,0,0
296,0.2,0.16237623762376233,0.1609695163002105,0.4075964363175495,0.389769621756851,0,0
297,0.0,0.08514851485148513,0.11378818137472192,1.0,-0.0,0,0
298,0.2,0.07920792079207921,0.11631029826208643,0.1495109975624142,0.8253268608177716,0,0
299,0.2,0.05148514851485149,0.09186070102766894,0.0529672293593788,1.275992743798466,0,0
300,0.2,0.039603960396039604,0.08452453849668534,0.028872622852877186,1.5395137620565469,0,0
301,0.2,0.0712871287128713,0.11461224656227946,0.1307125990009052,0.8836825500410105,0,0
302,0.2,0.09900990099009901,0.1308729634998678,0.2201564018743143,0.6572686812775224,0,0
303,0.0,0.08316831683168317,0.12670172889541698,1.0,-0.0,0,0
304,0.0,0.11881188118811883,0.15202453637757812,1.0,-0.0,0,0
305,0.0,0.1227722772277228,0.15407416763506465,1.0,-0.0,0,0
306,0.0,0.0712871287128713,0.11110305060677654,1.0,-0.0,0,0
307,0.0,0.11089108910891086,0.16038381569359672,1.0,-0.0,0,0
308,0.0,0.12079207920792079,0.17137581404688165,1.0,-0.0,0,0
309,0.0,0.08514851485148514,0.13886822488939993,1.0,-0.0,0,0
310,0.0,0.12475247524752475,0.1588360762784592,1.0,-0.0,0,0
311,0.0,0.1762376237623762,0.19957802754687703,1.0,-0.0,0,0
312,0.0,0.10693069306930694,0.16305100079397153,1.0,-0.0,0,0
313,0.0,0.15049504950495046,0.17212921831366915,1.0,-0.0,0,0
314,0.0,0.22376237623762374,0.19353333422369295,1.0,-0.0,0,0
315,0.0,0.18019801980198016,0.1700435599289386,1.0,-0.0,0,0
316,0.0,0.14257425742574253,0.1575471230171571,1.0,-0.0,0,0
317,0.0,0.14257425742574253,0.1575471230171571,1.0,-0.0,0,0
318,0.0,0.08514851485148514,0.130031327995105,1.0,-0.0,0,0
319,0.0,0.033663366336633666,0.07994704648786674,1.0,-0.0,0,0
320,0.0,0.03564356435643565,0.08154954567118415,1.0,-0.0,0,0
321,0.0,0.02970297029702971,0.07648795214189294,1.0,-0.0,0,0
322,0.0,0.02970297029702971,0.07648795214189294,1.0,-0.0,0,0
323,0.0,0.02970297029702971,0.07648795214189294,1.0,-0.0,0,0
324,0.0,0.007920792079207921,0.03900537743285587,1.0,-0.0,0,0
325,0.0,0.0059405940594059415,0.03395332316729158,1.0,-0.0,0,0
326,0.0,0.009900990099009901,0.04338396495090424,1.0,-0.0,0,0
327,0.0,0.009900990099009901,0.04338396495090424,1.0,-0.0,0,0
328,0.0,0.009900990099009901,0.04338396495090424,1.0,-0.0,0,0
329,0.0,0.009900990099009901,0.04338396495090424,1.0,-0.0,0,0
330,0.0,0.009900990099009901,0.04338396495090424,1.0,-0.0,0,0
331,0.0,0.0,0.0,1.0,-0.0,0,0
332,0.0,0.0,0.0,1.0,-0.0,0,0
333,0.0,0.0,0.0,1.0,-0.0,0,0
334,0.0,0.009900990099009901,0.04338396495090424,1.0,-0.0,0,0
335,0.0,0.009900990099009901,0.04338396495090424,1.0,-0.0,0,0
336,0.0,0.009900990099009901,0.04338396495090424,1.0,-0.0,0,0
337,0.0,0.021782178217821784,0.06836703565002801,1.0,-0.0,0,0
338,0.0,0.023762376237623766,0.07056843438101175,1.0,-0.0,0,0
339,0.0,0.01386138613861386,0.05079507064705211,1.0,-0.0,0,0
340,0.0,0.04554455445544554,0.08846854615322249,1.0,-0.0,0,0
341,0.0,0.04554455445544554,0.08846854615322249,1.0,-0.0,0,0
342,0.0,0.04752475247524753,0.09809478080396702,1.0,-0.0,0,0
343,0.0,0.04554455445544554,0.09700949476369024,1.0,-0.0,0,0
344,0.0,0.04554455445544554,0.09700949476369024,1.0,-0.0,0,0
345,0.0,0.01386138613861386,0.05079507064705211,1.0,-0.0,0,0
346,0.0,0.01386138613861386,0.05079507064705211,1.0,-0.0,0,0
347,0.0,0.0,0.0,1.0,-0.0,0,0
348,0.0,0.01386138613861386,0.05079507064705211,1.0,-0.0,0,0
349,0.2,0.057425742574257435,0.12051583409665695,0.11839795455412573,0.9266558004300716,0,0
350,0.2,0.057425742574257435,0.12051583409665695,0.11839795455412573,0.9266558004300716,0,0
351,0.4,0.08316831683168316,0.13575553664160483,0.00980205428518303,2.0086828966315755,0,0
352,0.4,0.11287128712871287,0.15521519162190436,0.03216577917729509,1.4926059238749585,0,0
353,0.4,0.12277227722772277,0.16403403904105138,0.045508031352579074,1.3419119513800988,0,0
354,0.2,0.07920792079207921,0.1261123431927973,0.16907845647801423,0.771911725511465,0,0
355,0.2,0.07920792079207921,0.1261123431927973,0.16907845647801423,0.771911725511465,0,0
356,0.0,0.05544554455445545,0.11299281281336322,1.0,-0.0,0,0
357,0.2,0.07524752475247526,0.11205191564986228,0.13278007588509982,0.8768670874855233,0,0
358,0.2,0.05148514851485149,0.096075322540263,0.0610744044260142,1.2141407594058027,0,0
359,0.2,0.11089108910891088,0.13342479626077636,0.25211189644106335,0.598406660722568,0,0
360,0.2,0.2396039603960396,0.20492897002764762,1.0,-0.0,0,0
361,0.2,0.2554455445544554,0.20512022435768015,1.0,-0.0,0,0
362,0.0,0.2237623762376237,0.1893963913064292,1.0,-0.0,0,0
363,0.0,0.24158415841584152,0.19359410776396424,1.0,-0.0,0,0
364,0.0,0.18217821782178217,0.15694865125096522,1.0,-0.0,0,0
365,0.0,0.14653465346534655,0.1638426898490107,1.0,-0.0,0,0
366,0.0,0.12871287128712872,0.14510947295494067,1.0,-0.0,0,0
367,0.0,0.11881188118811879,0.14122019271030048,1.0,-0.0,0,0
368,0.0,0.10099009900990098,0.1308729634998678,1.0,-0.0,0,0
369,0.0,0.10099009900990098,0.1308729634998678,1.0,-0.0,0,0
370,0.0,0.06336633663366337,0.11233152161332938,1.0,-0.0,0,0
371,0.0,0.08118811881188118,0.12325042629382525,1.0,-0.0,0,0
372,0.0,0.10099009900990098,0.15057319492752774,1.0,-0.0,0,0
373,0.0,0.10891089108910891,0.15549283508436104,1.0,-0.0,0,0
374,0.0,0.12673267326732673,0.16343532896604632,1.0,-0.0,0,0
375,0.0,0.07326732673267328,0.12177815335858849,1.0,-0.0,0,0
376,0.0,0.05544554455445545,0.1019369320889802,1.0,-0.0,0,0
377,0.0,0.025742574257425748,0.07264925278354116,1.0,-0.0,0,0
378,0.0,0.02970297029702971,0.07648795214189293,1.0,-0.0,0,0
379,0.0,0.05544554455445545,0.10575073206193021,1.0,-0.0,0,0
380,0.0,0.07326732673267328,0.12177815335858849,1.0,-0.0,0,0
381,0.0,0.07326732673267328,0.12177815335858849,1.0,-0.0,0,0
382,0.2,0.13069306930693067,0.16988206407546308,0.34164753662611314,0.4664217063141692,0,0
383,0.2,0.1188118811881188,0.1669249379461988,0.31335065170694054,0.5039693977170538,0,0
384,0.4,0.13465346534653463,0.14921288105967925,0.03767660056897984,1.423928289019682,0,0
385,0.4,0.11485148514851484,0.13598641357140118,0.01800166867147252,1.744687235939824,0,0
386,0.4,0.11485148514851484,0.13598641357140118,0.01800166867147252,1.744687235939824,0,0
387,0.4,0.11089108910891086,0.13636075485692528,0.01699556845468671,1.7696643048905754,0,0
388,0.4,0.11089108910891086,0.13636075485692528,0.01699556845468671,1.7696643048905754,0,0
389,0.2,0.11683168316831684,0.149632756335149,0.28916823932179075,0.538849409319281,0,0
390,0.2,0.13267326732673268,0.15989409297573348,0.33685169380888946,0.47256126452028424,0,0
391,0.2,0.13861386138613863,0.1634833064598043,0.3536485143955464,0.4514281619592285,0,0
392,0.0,0.08514851485148514,0.1172170185104851,1.0,-0.0,0,0
393,0.0,0.08514851485148514,0.1172170185104851,1.0,-0.0,0,0
394,0.0,0.021782178217821784,0.06230547612891991,1.0,-0.0,0,0
395,0.0,0.0059405940594059415,0.033953323167291584,1.0,-0.0,0,0
396,0.0,0.0,0.0,1.0,-0.0,0,0
397,0.0,0.0,0.0,1.0,-0.0,0,0
398,0.0,0.0,0.0,1.0,-0.0,0,0
399,0.0,0.0,0.0,1.0,-0.0,0,0
400,0.0,0.017821782178217824,0.05698017651460656,1.0,-0.0,0,0
401,0.0,0.061386138613861385,0.1080614942545921,1.0,-0.0,0,0
402,0.0,0.14455445544554454,0.16678393417224213,1.0,-0.0,0,0
403,0.0,0.14455445544554454,0.16678393417224213,1.0,-0.0,0,0
404,0.0,0.16831683168316833,0.1751552030692751,1.0,-0.0,0,0
405,0.0,0.20198019801980197,0.189830668692386,1.0,-0.0,0,0
406,0.0,0.16633663366336632,0.18254375725135072,1.0,-0.0,0,0
407,0.0,0.08316831683168317,0.11694909354640316,1.0,-0.0,0,0
408,0.0,0.1881188118811881,0.17760069168141515,1.0,-0.0,0,0
409,0.0,0.16435643564356434,0.1697897117641665,1.0,-0.0,0,0
410,0.0,0.11089108910891086,0.14205074403533427,1.0,-0.0,0,0
411,0.0,0.1069306930693069,0.1450554183905936,1.0,-0.0,0,0
412,0.0,0.1069306930693069,0.1450554183905936,1.0,-0.0,0,0
413,0.0,0.0039603960396039604,0.027863855998951064,1.0,-0.0,0,0
414,0.0,0.0039603960396039604,0.027863855998951064,1.0,-0.0,0,0
415,0.0,0.0039603960396039604,0.027863855998951064,1.0,-0.0,0,0
416,0.0,0.0,0.0,1.0,-0.0,0,0
417,0.0,0.0,0.0,1.0,-0.0,0,0
418,0.0,0.0,0.0,1.0,-0.0,0,0
419,0.0,0.01386138613861386,0.05079507064705211,1.0,-0.0,0,0
420,0.0,0.01386138613861386,0.05079507064705211,1.0,-0.0,0,0
421,0.0,0.01386138613861386,0.05079507064705211,1.0,-0.0,0,0
422,0.0,0.01386138613861386,0.05079507064705211,1.0,-0.0,0,0
423,0.0,0.01386138613861386,0.05079507064705211,1.0,-0.0,0,0
424,0.0,0.0,0.0,1.0,-0.0,0,0
425,0.0,0.0,0.0,1.0,-0.0,0,0
426,0.0,0.13663366336633662,0.1433149079027503,1.0,-0.0,0,0
427,0.0,0.1801980198019802,0.17235687245139755,1.0,-0.0,0,0
428,0.0,0.1801980198019802,0.17235687245139755,1.0,-0.0,0,0
429,0.0,0.2455445544554455,0.19474520163396825,1.0,-0.0,0,0
430,0.0,0.2455445544554455,0.19474520163396825,1.0,-0.0,0,0
431,0.0,0.12673267326732673,0.14818445096134422,1.0,-0.0,0,0
432,0.0,0.08316831683168316,0.12670172889541698,1.0,-0.0,0,0
433,0.0,0.08316831683168316,0.12670172889541698,1.0,-0.0,0,0
434,0.0,0.017821782178217824,0.056980176514606566,1.0,-0.0,0,0
435,0.0,0.03564356435643565,0.07653920035678292,1.0,-0.0,0,0
436,0.0,0.033663366336633666,0.07482947971362847,1.0,-0.0,0,0
437,0.0,0.033663366336633666,0.07482947971362847,1.0,-0.0,0,0
438,0.0,0.033663366336633666,0.07482947971362847,1.0,-0.0,0,0
439,0.0,0.033663366336633666,0.07482947971362847,1.0,-0.0,0,0
440,0.0,0.041584158415841586,0.08116396646304633,1.0,-0.0,0,0
441,0.0,0.025742574257425748,0.06697637435757531,1.0,-0.0,0,0
442,0.0,0.025742574257425748,0.06697637435757531,1.0,-0.0,0,0
443,0.0,0.025742574257425748,0.06697637435757531,1.0,-0.0,0,0
444,0.2,0.10693069306930694,0.13069306930693073,0.23819485997038675,0.6230676144341945,0,0
445,0.2,0.08118811881188118,0.11664694237642094,0.1542060090621744,0.8118987024738039,0,0
446,0.2,0.08118811881188118,0.11664694237642094,0.1542060090621744,0.8118987024738039,0,0
447,0.2,0.08118811881188118,0.11664694237642094,0.1542060090621744,0.8118987024738039,0,0
448,0.2,0.08118811881188118,0.11664694237642094,0.1542060090621744,0.8118987024738039,0,0
449,0.0,0.013861386138613863,0.050795070647052104,1.0,-0.0,0,0
450,0.0,0.03762376237623763,0.08307396817189318,1.0,-0.0,0,0
451,0.0,0.03762376237623763,0.08307396817189318,1.0,-0.0,0,0
452,0.0,0.04554455445544555,0.08846854615322249,1.0,-0.0,0,0
453,0.0,0.06930693069306931,0.11057238501634631,1.0,-0.0,0,0
454,0.0,0.09702970297029703,0.1396285351588451,1.0,-0.0,0,0
455,0.0,0.07326732673267328,0.11848138852793338,1.0,-0.0,0,0
456,0.0,0.12277227722772276,0.15407416763506465,1.0,-0.0,0,0
457,0.0,0.12277227722772276,0.15148191286261609,1.0,-0.0,0,0
458,0.0,0.09900990099009901,0.13386490123687583,1.0,-0.0,0,0
459,0.0,0.057425742574257435,0.11021718851545143,1.0,-0.0,0,0
460,0.0,0.057425742574257435,0.11021718851545143,1.0,-0.0,0,0
461,0.0,0.007920792079207921,0.03900537743285587,1.0,-0.0,0,0
462,0.2,0.08712871287128712,0.13324834725751067,0.19847677780780137,0.7022902992782225,0,0
463,0.2,0.10693069306930691,0.1422989641443302,0.2565428085145365,0.5908401551120017,0,0
464,0.2,0.14059405940594058,0.15806892707703052,0.3535242386351092,0.4515808043717551,0,0
465,0.2,0.16633663366336632,0.17591471140208167,0.42412104966371267,0.37251017242136986,0,0
466,0.2,0.16633663366336632,0.17591471140208167,0.42412104966371267,0.37251017242136986,0,0
467,0.0,0.07722772277227724,0.11930590361498669,1.0,-0.0,0,0
468,0.0,0.05742574257425742,0.10277971700879983,1.0,-0.0,0,0
469,0.0,0.025742574257425748,0.06697637435757531,1.0,-0.0,0,0
470,0.0,0.0,0.0,1.0,-0.0,0,0
471,0.0,0.0,0.0,1.0,-0.0,0,0
472,0.0,0.0,0.0,1.0,-0.0,0,0
473,0.0,0.0,0.0,1.0,-0.0,0,0
474,0.0,0.0,0.0,1.0,-0.0,0,0
475,0.0,0.0,0.0,1.0,-0.0,0,0
476,0.0,0.0,0.0,1.0,-0.0,0,0
477,0.0,0.0,0.0,1.0,-0.0,0,0
478,0.0,0.0,0.0,1.0,-0.0,0,0
479,0.0,0.0,0.0,1.0,-0.0,0,0
480,0.0,0.0,0.0,1.0,-0.0,0,0
481,0.0,0.0,0.0,1.0,-0.0,0,0
482,0.0,0.0,0.0,1.0,-0.0,0,0
483,0.0,0.0,0.0,1.0,-0.0,0,0
484,0.0,0.0,0.0,1.0,-0.0,0,0
485,0.0,0.0,0.0,1.0,-0.0,0,0
486,0.0,0.0,0.0,1.0,-0.0,0,0
487,0.0,0.0297029702970297,0.07648795214189293,1.0,-0.0,0,0
488,0.0,0.041584158415841586,0.0946774898050053,1.0,-0.0,0,0
489,0.0,0.041584158415841586,0.0946774898050053,1.0,-0.0,0,0
490,0.0,0.041584158415841586,0.0946774898050053,1.0,-0.0,0,0
491,0.0,0.06732673267326733,0.11000352009767249,1.0,-0.0,0,0
492,0.0,0.09702970297029702,0.11811677855054843,1.0,-0.0,0,0
493,0.0,0.18415841584158413,0.2003623812378767,1.0,-0.0,0,0
494,0.0,0.18415841584158413,0.2003623812378767,1.0,-0.0,0,0
495,0.0,0.22178217821782176,0.21599594807165748,1.0,-0.0,0,0
496,0.0,0.19603960396039605,0.20485241829915377,1.0,-0.0,0,0
497,0.0,0.17227722772277224,0.1909428466047948,1.0,-0.0,0,0
498,0.0,0.09900990099009903,0.13679141417164786,1.0,-0.0,0,0
499,0.0,0.15445544554455445,0.166218722942046,1.0,-0.0,0,0
500,0.0,0.12277227722772276,0.15407416763506465,1.0,-0.0,0,0
501,0.0,0.12277227722772276,0.15407416763506465,1.0,-0.0,0,0
502,0.0,0.08712871287128714,0.12401163019288061,1.0,-0.0,0,0
503,0.0,0.061386138613861385,0.10806149425459212,1.0,-0.0,0,0
504,0.0,0.007920792079207921,0.03900537743285587,1.0,-0.0,0,0
505,0.0,0.0,0.0,1.0,-0.0,0,0
506,0.4,0.03564356435643565,0.08154954567118416,3.949284449990814e-06,5.403481584771323,0,0
507,0.4,0.03564356435643565,0.08154954567118416,3.949284449990814e-06,5.403481584771323,0,0
508,0.4,0.15643564356435644,0.183700057715788,0.0924396125970728,1.0341418832633102,0,0
509,0.4,0.19801980198019803,0.1999901967992491,0.1562595045736241,0.806153556970525,0,0
510,0.4,0.297029702970297,0.24147051376663706,0.33489723354153905,0.475088439986578,0,0
511,0.0,0.2613861386138614,0.22819580658832372,1.0,-0.0,0,0
512,0.0,0.2613861386138614,0.22819580658832372,1.0,-0.0,0,0
513,0.0,0.15643564356435644,0.16793200037318168,1.0,-0.0,0,0
514,0.0,0.11287128712871286,0.14188502271424044,1.0,-0.0,0,0
515,0.0,0.01386138613861386,0.05079507064705211,1.0,-0.0,0,0
516,0.0,0.023762376237623766,0.06471340450838889,1.0,-0.0,0,0
517,0.0,0.061386138613861385,0.1080614942545921,1.0,-0.0,0,0
518,0.0,0.047524752475247525,0.0939707763778588,1.0,-0.0,0,0
519,0.0,0.047524752475247525,0.0939707763778588,1.0,-0.0,0,0
520,0.0,0.07524752475247526,0.1253951698929708,1.0,-0.0,0,0
521,0.0,0.06534653465346535,0.1197651526735639,1.0,-0.0,0,0
522,0.0,0.027722772277227727,0.07461957893630407,1.0,-0.0,0,0
523,0.0,0.027722772277227727,0.07461957893630407,1.0,-0.0,0,0
524,0.0,0.027722772277227727,0.07461957893630407,1.0,-0.0,0,0
525,0.0,0.05346534653465348,0.10104832334394513,1.0,-0.0,0,0
526,0.0,0.05346534653465348,0.10104832334394513,1.0,-0.0,0,0
527,0.0,0.07524752475247526,0.11553229422427584,1.0,-0.0,0,0
528,0.2,0.20198019801980197,0.1856112183041662,1.0,-0.0,0,0
529,0.2,0.2099009900990099,0.18535753542711383,1.0,-0.0,0,0
530,0.2,0.15643564356435638,0.15821769786485682,0.3915258295622036,0.4072395815848258,0,0
531,0.2,0.17425742574257425,0.16329131190564994,0.4373670273956247,0.35915396103294533,0,0
532,0.2,0.15247524752475247,0.1466416521312762,0.37293582788472535,0.4283658920337202,0,0
533,0.0,0.041584158415841586,0.08116396646304633,1.0,-0.0,0,0
534,0.0,0.057425742574257435,0.09476028605152792,1.0,-0.0,0,0
535,0.0,0.057425742574257435,0.09476028605152792,1.0,-0.0,0,0
536,0.0,0.039603960396039604,0.08452453849668534,1.0,-0.0,0,0
537,0.0,0.039603960396039604,0.08452453849668534,1.0,-0.0,0,0
538,0.2,0.05940594059405942,0.10733330877518932,0.0951177364230414,1.0217384934469724,0,0
539,0.2,0.03564356435643565,0.07653920035678292,0.015882722457572503,1.7990750531077893,0,0
540,0.2,0.03564356435643565,0.07653920035678292,0.015882722457572503,1.7990750531077893,0,0
541,0.2,0.061386138613861385,0.09644194583672018,0.07531954647324092,1.1230923036946965,0,0
542,0.2,0.07326732673267328,0.10798889666879984,0.12028338488133551,0.919794358966917,0,0
543,0.0,0.03762376237623763,0.08307396817189318,1.0,-0.0,0,0
544,0.0,0.03762376237623763,0.08307396817189318,1.0,-0.0,0,0
545,0.0,0.08910891089108909,0.13042276277287215,1.0,-0.0,0,0
546,0.0,0.07524752475247526,0.1189108498693262,1.0,-0.0,0,0
547,0.0,0.06336633663366338,0.10874875419996817,1.0,-0.0,0,0
548,0.0,0.08316831683168316,0.12028786177019754,1.0,-0.0,0,0
549,0.0,0.08316831683168316,0.12028786177019754,1.0,-0.0,0,0
550,0.0,0.09504950495049505,0.12135883917659061,1.0,-0.0,0,0
551,0.0,0.08316831683168316,0.11351216354824961,1.0,-0.0,0,0
552,0.0,0.08316831683168316,0.11351216354824961,1.0,-0.0,0,0
553,0.0,0.06336633663366337,0.10120342446875755,1.0,-0.0,0,0
554,0.0,0.06336633663366337,0.10120342446875755,1.0,-0.0,0,0
555,0.0,0.0,0.0,1.0,-0.0,0,0
556,0.0,0.0,0.0,1.0,-0.0,0,0
557,0.0,0.11089108910891088,0.15536669501729133,1.0,-0.0,0,0
558,0.0,0.11089108910891088,0.15536669501729133,1.0,-0.0,0,0
559,0.0,0.2712871287128713,0.2364492425231587,1.0,-0.0,0,0
560,0.0,0.2712871287128713,0.2364492425231587,1.0,-0.0,0,0
561,0.0,0.2712871287128713,0.2364492425231587,1.0,-0.0,0,0
562,0.0,0.1603960396039604,0.17804171717219025,1.0,-0.0,0,0
563,0.0,0.16831683168316827,0.17962044309621494,1.0,-0.0,0,0
564,0.0,0.007920792079207921,0.03900537743285587,1.0,-0.0,0,0
