,foreground,bg_means,bg_stdev,pvals,minus_logs,regs,active
2,0.2,0.16633663366336635,0.1713529319032391,0.4221265092044055,0.37455737364590447,0,0
3,0.2,0.16633663366336635,0.1713529319032391,0.4221265092044055,0.37455737364590447,0,0
4,0.2,0.16633663366336635,0.1713529319032391,0.4221265092044055,0.37455737364590447,1,0
5,0.2,0.16633663366336635,0.1713529319032391,0.4221265092044055,0.37455737364590447,0,0
6,0.0,0.0,0.0,1.0,-0.0,0,0
7,0.0,0.0,0.0,1.0,-0.0,0,0
8,0.0,0.0,0.0,1.0,-0.0,0,0
9,0.0,0.0,0.0,1.0,-0.0,0,0
10,0.0,0.0,0.0,1.0,-0.0,0,0
11,0.0,0.0,0.0,1.0,-0.0,0,0
12,0.0,0.0,0.0,1.0,-0.0,0,0
13,0.0,0.0,0.0,1.0,-0.0,0,0
14,0.0,0.0,0.0,1.0,-0.0,0,0
15,0.0,0.06336633663366338,0.10504385908811757,1.0,-0.0,0,0
16,0.2,0.19801980198019797,0.179095747399525,0.4955891268800422,0.3048782305199445,0,0
17,0.2,0.19801980198019797,0.179095747399525,0.4955891268800422,0.3048782305199445,0,0
18,0.2,0.19801980198019797,0.179095747399525,0.4955891268800422,0.3048782305199445,0,0
19,0.2,0.19801980198019797,0.179095747399525,0.4955891268800422,0.3048782305199445,0,0
20,0.2,0.13465346534653463,0.15697363312955576,0.3385989490484825,0.4703143941985931,0,0
21,0.0,0.0,0.0,1.0,-0.0,0,0
22,0.0,0.0,0.0,1.0,-0.0,0,0
23,0.0,0.0,0.0,1.0,-0.0,0,0
24,0.0,0.0,0.0,1.0,-0.0,0,0
25,0.0,0.0,0.0,1.0,-0.0,0,0
26,0.0,0.0,0.0,1.0,-0.0,0,0
27,0.0,0.0,0.0,1.0,-0.0,0,0
28,0.0,0.0,0.0,1.0,-0.0,0,0
29,0.0,0.0,0.0,1.0,-0.0,0,0
30,0.0,0.0,0.0,1.0,-0.0,0,0
31,0.0,0.0,0.0,1.0,-0.0,0,0
32,0.0,0.0,0.0,1.0,-0.0,0,0
33,0.0,0.0,0.0,1.0,-0.0,0,0
34,0.0,0.0,0.0,1.0,-0.0,0,0
35,0.0,0.0,0.0,1.0,-0.0,0,0
36,0.0,0.0,0.0,1.0,-0.0,0,0
37,0.0,0.0,0.0,1.0,-0.0,0,0
38,0.0,0.04752475247524753,0.08512548617902843,1.0,-0.0,0,0
39,0.0,0.04752475247524753,0.08512548617902843,1.0,-0.0,0,0
40,0.0,0.0712871287128713,0.09983812012638045,1.0,-0.0,0,0
41,0.0,0.0712871287128713,0.09983812012638045,1.0,-0.0,0,0
42,0.0,0.0712871287128713,0.09983812012638045,1.0,-0.0,0,0
43,0.0,0.023762376237623766,0.06471340450838887,1.0,-0.0,0,0
44,0.0,0.023762376237623766,0.06471340450838887,1.0,-0.0,0,0
45,0.0,0.0,0.0,1.0,-0.0,0,0
46,0.0,0.0,0.0,1.0,-0.0,0,0
47,0.0,0.0,0.0,1.0,-0.0,0,0
48,0.0,0.0,0.0,1.0,-0.0,0,0
49,0.0,0.0,0.0,1.0,-0.0,0,0
50,0.0,0.0,0.0,1.0,-0.0,0,0
51,0.0,0.0,0.0,1.0,-0.0,0,0
52,0.0,0.0,0.0,1.0,-0.0,0,0
53,0.0,0.0,0.0,1.0,-0.0,0,0
54,0.0,0.061386138613861385,0.09224407682259103,1.0,-0.0,0,0
55,0.0,0.061386138613861385,0.09224407682259103,1.0,-0.0,0,0
56,0.0,0.13465346534653463,0.13818888176132993,1.0,-0.0,0,0
57,0.4,0.33663366336633654,0.2267823889460659,0.3899632897378675,0.4089762745495824,0,0
58,0.4,0.33663366336633654,0.2267823889460659,0.3899632897378675,0.4089762745495824,0,0
59,0.4,0.27326732673267323,0.21382471266048456,0.2766929020682597,0.5580019815606233,0,0
60,0.4,0.27326732673267323,0.21382471266048456,0.2766929020682597,0.5580019815606233,0,0
61,0.4,0.20198019801980197,0.19598959258073065,0.15616171893740738,0.8064254191899213,0,0
62,0.0,0.0,0.0,1.0,-0.0,0,0
63,0.0,0.0,0.0,1.0,-0.0,0,0
64,0.0,0.061386138613861385,0.10433219700847123,1.0,-0.0,0,0
65,0.2,0.16831683168316827,0.1427666468726807,0.4121870061595894,0.3849057031005611,0,0
66,0.2,0.16831683168316827,0.1427666468726807,0.4121870061595894,0.3849057031005611,0,0
67,0.2,0.16831683168316827,0.1427666468726807,0.4121870061595894,0.3849057031005611,0,0
68,0.2,0.16831683168316827,0.1427666468726807,0.4121870061595894,0.3849057031005611,0,0
69,0.4,0.4673267326732674,0.24418338786479019,1.0,-0.0,0,0
70,0.2,0.36237623762376237,0.21565074677325916,1.0,-0.0,0,0
71,0.2,0.36237623762376237,0.21565074677325916,1.0,-0.0,0,0
72,0.6,0.8237623762376239,0.30349401444225266,1.0,-0.0,0,0
73,0.6,0.8237623762376239,0.30349401444225266,1.0,-0.0,0,0
74,0.4,0.46138613861386146,0.25445351927459825,1.0,-0.0,0,0
75,0.4,0.46138613861386146,0.25445351927459825,1.0,-0.0,0,0
76,0.4,0.46138613861386146,0.25445351927459825,1.0,-0.0,0,0
77,0.0,0.0,0.0,1.0,-0.0,0,0
78,0.0,0.0,0.0,1.0,-0.0,0,0
79,0.2,0.15841584158415842,0.1358998806873148,0.3798056986573088,0.4204385233355559,0,0
80,0.2,0.15841584158415842,0.1358998806873148,0.3798056986573088,0.4204385233355559,1,0
81,0.2,0.15841584158415842,0.1358998806873148,0.3798056986573088,0.4204385233355559,0,0
82,0.2,0.15841584158415842,0.1358998806873148,0.3798056986573088,0.4204385233355559,0,0
83,0.2,0.15841584158415842,0.1358998806873148,0.3798056986573088,0.4204385233355559,0,0
84,0.0,0.0,0.0,1.0,-0.0,0,0
85,0.2,0.3643564356435644,0.2570141416211099,1.0,-0.0,0,0
86,0.2,0.3643564356435644,0.2570141416211099,1.0,-0.0,0,0
87,0.2,0.3643564356435644,0.2570141416211099,1.0,-0.0,0,0
88,0.2,0.3643564356435644,0.2570141416211099,1.0,-0.0,0,0
89,0.2,0.3643564356435644,0.2570141416211099,1.0,-0.0,0,0
90,0.0,0.0,0.0,1.0,-0.0,0,0
91,0.0,0.0,0.0,1.0,-0.0,0,0
92,0.0,0.0,0.0,1.0,-0.0,0,0
93,0.0,0.0,0.0,1.0,-0.0,0,0
94,0.0,0.06534653465346535,0.10189845806153354,1.0,-0.0,0,0
95,0.0,0.06534653465346535,0.10189845806153354,1.0,-0.0,0,0
96,0.0,0.06534653465346535,0.10189845806153354,1.0,-0.0,0,0
97,0.0,0.06534653465346535,0.10189845806153354,1.0,-0.0,0,0
98,0.0,0.06534653465346535,0.10189845806153354,1.0,-0.0,0,0
99,0.0,0.0,0.0,1.0,-0.0,0,0
100,0.0,0.0,0.0,1.0,-0.0,0,0
101,0.0,0.03564356435643565,0.07653920035678292,1.0,-0.0,0,0
102,0.0,0.03564356435643565,0.07653920035678292,1.0,-0.0,0,0
103,0.0,0.03564356435643565,0.07653920035678292,1.0,-0.0,0,0
104,0.0,0.03564356435643565,0.07653920035678292,1.0,-0.0,0,0
105,0.0,0.03564356435643565,0.07653920035678292,1.0,-0.0,0,0
106,0.0,0.0,0.0,1.0,-0.0,0,0
107,0.0,0.0,0.0,1.0,-0.0,0,0
108,0.0,0.0,0.0,1.0,-0.0,0,0
109,0.0,0.0,0.0,1.0,-0.0,0,0
110,0.0,0.0,0.0,1.0,-0.0,0,0
111,0.0,0.0,0.0,1.0,-0.0,0,0
112,0.0,0.0,0.0,1.0,-0.0,0,0
113,0.0,0.0,0.0,1.0,-0.0,0,0
114,0.0,0.0,0.0,1.0,-0.0,0,0
115,0.0,0.0,0.0,1.0,-0.0,0,0
116,0.0,0.0,0.0,1.0,-0.0,0,0
117,0.0,0.0,0.0,1.0,-0.0,0,0
118,0.0,0.0,0.0,1.0,-0.0,0,0
119,1.2,0.3247524752475248,0.22133972839316557,3.8376742169563985e-05,4.415931895620188,0,0
120,1.2,0.3841584158415842,0.2332434555521044,0.00023454649163825902,3.6297710588734637,0,0
121,1.4,0.45544554455445535,0.26568620198590204,0.00018888133837502354,3.723810948595424,1,0
122,1.4,0.45544554455445535,0.26568620198590204,0.00018888133837502354,3.723810948595424,0,0
123,1.4,0.45544554455445535,0.26568620198590204,0.00018888133837502354,3.723810948595424,0,0
124,0.2,0.13267326732673268,0.13867042693078493,0.31365512751484126,0.5035476083874488,0,0
125,0.4,0.27524752475247527,0.21406297796087284,0.280019363804645,0.552811935433743,0,0
126,0.4,0.3762376237623762,0.25529967436909773,0.46292143052195045,0.33449271348810977,0,0
127,0.4,0.3762376237623762,0.25529967436909773,0.46292143052195045,0.33449271348810977,0,0
128,0.4,0.3762376237623762,0.25529967436909773,0.46292143052195045,0.33449271348810977,0,0
129,0.4,0.3762376237623762,0.25529967436909773,0.46292143052195045,0.33449271348810977,0,0
130,0.2,0.17227722772277226,0.16417740457959706,0.4329539185706869,0.3635583252989849,0,0
131,0.0,0.0,0.0,1.0,-0.0,0,0
132,0.0,0.0,0.0,1.0,-0.0,0,0
133,0.0,0.0,0.0,1.0,-0.0,0,0
134,0.0,0.0,0.0,1.0,-0.0,0,0
135,0.0,0.0,0.0,1.0,-0.0,0,0
136,0.0,0.0,0.0,1.0,-0.0,0,0
137,0.0,0.0,0.0,1.0,-0.0,0,0
138,0.0,0.0,0.0,1.0,-0.0,0,0
139,0.0,0.0,0.0,1.0,-0.0,0,0
140,0.0,0.0,0.0,1.0,-0.0,0,0
141,0.0,0.0,0.0,1.0,-0.0,0,0
142,0.0,0.0,0.0,1.0,-0.0,0,0
143,0.0,0.0,0.0,1.0,-0.0,0,0
144,0.0,0.0,0.0,1.0,-0.0,0,0
145,0.0,0.0,0.0,1.0,-0.0,0,0
146,0.0,0.0,0.0,1.0,-0.0,0,0
147,0.0,0.0,0.0,1.0,-0.0,0,0
148,0.2,0.04554455445544555,0.08387254884969257,0.03277054107653563,1.4845163878939818,0,0
149,0.2,0.04554455445544555,0.08387254884969257,0.03277054107653563,1.4845163878939818,0,0
150,0.2,0.04554455445544555,0.08387254884969257,0.03277054107653563,1.4845163878939818,0,0
151,0.2,0.04554455445544555,0.08387254884969257,0.03277054107653563,1.4845163878939818,0,0
152,0.2,0.04554455445544555,0.08387254884969257,0.03277054107653563,1.4845163878939818,0,0
153,0.0,0.0,0.0,1.0,-0.0,0,0
154,0.0,0.0,0.0,1.0,-0.0,0,0
155,0.0,0.0,0.0,1.0,-0.0,0,0
156,0.2,0.05940594059405942,0.0996808946427978,0.07920469585235769,1.1012490693914336,0,0
157,0.2,0.05940594059405942,0.0996808946427978,0.07920469585235769,1.1012490693914336,0,0
158,0.2,0.05940594059405942,0.0996808946427978,0.07920469585235769,1.1012490693914336,0,0
159,0.8,0.48316831683168315,0.20922738917817493,0.06497570353210545,1.1872490094266865,0,0
160,0.8,0.48316831683168315,0.20922738917817493,0.06497570353210545,1.1872490094266865,0,0
161,0.6,0.42376237623762375,0.18729365667842907,0.17336023749404467,0.7610505067281413,0,0
162,0.6,0.42376237623762375,0.18729365667842907,0.17336023749404467,0.7610505067281413,0,0
163,0.6,0.42376237623762375,0.18729365667842907,0.17336023749404467,0.7610505067281413,0,0
164,0.0,0.039603960396039604,0.08452453849668534,1.0,-0.0,0,0
165,0.0,0.039603960396039604,0.08452453849668534,1.0,-0.0,0,0
166,0.0,0.039603960396039604,0.08452453849668534,1.0,-0.0,0,0
167,0.0,0.10297029702970298,0.15315522802114462,1.0,-0.0,0,0
168,0.0,0.10297029702970298,0.15315522802114462,1.0,-0.0,0,0
169,0.2,0.1465346534653465,0.1614073970084343,0.37022982518400727,0.4315285980329039,0,0
170,0.4,0.19999999999999998,0.19700731252448173,0.15500745616653283,0.8096474109000384,0,0
171,0.4,0.19999999999999998,0.19700731252448173,0.15500745616653283,0.8096474109000384,0,0
172,0.4,0.13564356435643563,0.15894712889925117,0.04813899191741804,1.317503008562166,0,0
173,0.4,0.13564356435643563,0.15894712889925117,0.04813899191741804,1.317503008562166,0,0
174,0.2,0.14059405940594058,0.13943181578046687,0.3350330529567977,0.4749123451761803,0,0
175,0.0,0.08514851485148514,0.1172170185104851,1.0,-0.0,0,0
176,0.0,0.08514851485148514,0.1172170185104851,1.0,-0.0,0,0
177,0.0,0.08514851485148514,0.1172170185104851,1.0,-0.0,0,0
178,0.0,0.08514851485148514,0.1172170185104851,1.0,-0.0,0,0
179,0.0,0.0,0.0,1.0,-0.0,0,0
180,0.0,0.0712871287128713,0.11110305060677653,1.0,-0.0,0,0
181,0.0,0.0712871287128713,0.11110305060677653,1.0,-0.0,0,0
182,0.0,0.0712871287128713,0.11110305060677653,1.0,-0.0,0,0
183,0.0,0.0712871287128713,0.11110305060677653,1.0,-0.0,0,0
184,0.0,0.0712871287128713,0.11110305060677653,1.0,-0.0,0,0
185,0.0,0.0,0.0,1.0,-0.0,0,0
186,0.0,0.04356435643564357,0.08255312311158745,1.0,-0.0,0,0
187,0.2,0.18019801980198016,0.16045714518719123,0.4508913084240619,0.3459281362610722,0,0
188,0.2,0.18019801980198016,0.16045714518719123,0.4508913084240619,0.3459281362610722,0,0
189,0.2,0.18019801980198016,0.16045714518719123,0.4508913084240619,0.3459281362610722,0,0
190,0.2,0.2475247524752475,0.19324947166345904,1.0,-0.0,0,0
191,0.2,0.20396039603960395,0.16881696226492768,1.0,-0.0,0,0
192,0.0,0.06732673267326733,0.11000352009767247,1.0,-0.0,0,0
193,0.0,0.06732673267326733,0.11000352009767247,1.0,-0.0,0,0
194,0.0,0.06732673267326733,0.11000352009767247,1.0,-0.0,0,0
195,0.0,0.0,0.0,1.0,-0.0,0,0
196,0.0,0.2554455445544554,0.1848066945793283,1.0,-0.0,0,0
197,0.0,0.2554455445544554,0.1848066945793283,1.0,-0.0,0,0
198,0.2,0.3544554455445545,0.22843624778486718,1.0,-0.0,0,0
199,0.2,0.3544554455445545,0.22843624778486718,1.0,-0.0,0,0
200,0.2,0.3544554455445545,0.22843624778486718,1.0,-0.0,0,0
201,0.2,0.09702970297029703,0.12142344330103677,0.19821160773112045,0.7028709158146247,0,0
202,0.2,0.09702970297029703,0.12142344330103677,0.19821160773112045,0.7028709158146247,0,0
203,0.4,0.49702970297029714,0.29059701113416464,1.0,-0.0,0,0
204,0.4,0.49702970297029714,0.29059701113416464,1.0,-0.0,0,0
205,0.4,0.49702970297029714,0.29059701113416464,1.0,-0.0,0,0
206,0.4,0.49702970297029714,0.29059701113416464,1.0,-0.0,0,0
207,0.4,0.6158415841584158,0.3511600783787864,1.0,-0.0,0,0
208,0.0,0.11683168316831682,0.13280619910579972,1.0,-0.0,0,0
209,0.0,0.11683168316831682,0.13280619910579972,1.0,-0.0,0,0
210,0.0,0.11683168316831682,0.13280619910579972,1.0,-0.0,0,0
211,0.0,0.22970297029702968,0.18322985319016175,1.0,-0.0,0,0
212,0.0,0.11287128712871286,0.11402914890208293,1.0,-0.0,0,0
213,0.0,0.11287128712871286,0.11402914890208293,1.0,-0.0,0,0
214,0.0,0.11287128712871286,0.11402914890208293,1.0,-0.0,0,0
215,0.0,0.5425742574257425,0.28747674366668524,1.0,-0.0,0,0
216,0.0,0.5207920792079207,0.3045258712718752,1.0,-0.0,0,0
217,0.0,0.5207920792079207,0.3045258712718752,1.0,-0.0,0,0
218,0.0,0.5207920792079207,0.3045258712718752,1.0,-0.0,0,0
219,0.0,0.5207920792079207,0.3045258712718752,1.0,-0.0,0,0
220,0.0,0.0910891089108911,0.12750384183766536,1.0,-0.0,0,0
221,0.0,0.0,0.0,1.0,-0.0,0,0
222,0.0,0.0,0.0,1.0,-0.0,0,0
