,foreground,bg_means,bg_stdev,pvals,minus_logs,regs,active
2,0.0,0.28316831683168314,0.24090148634844438,1.0,-0.0,0,0
3,0.0,0.13564356435643563,0.15894712889925117,1.0,-0.0,0,0
4,0.0,0.13564356435643563,0.15894712889925117,1.0,-0.0,0,0
5,0.0,0.13564356435643563,0.15894712889925117,1.0,-0.0,0,0
6,0.0,0.13564356435643563,0.15894712889925117,1.0,-0.0,0,0
7,0.0,0.03762376237623763,0.07816140339006158,1.0,-0.0,0,0
8,0.0,0.03762376237623763,0.07816140339006158,1.0,-0.0,0,0
9,0.0,0.03762376237623763,0.07816140339006158,1.0,-0.0,0,0
10,0.0,0.03762376237623763,0.07816140339006158,1.0,-0.0,0,0
11,0.0,0.03762376237623763,0.07816140339006158,1.0,-0.0,0,0
12,0.0,0.0,0.0,1.0,-0.0,0,0
13,0.0,0.0,0.0,1.0,-0.0,0,0
14,0.0,0.039603960396039604,0.07970143286137865,1.0,-0.0,0,0
15,0.0,0.12673267326732673,0.15851482056387722,1.0,-0.0,0,0
16,0.0,0.13465346534653466,0.1737391031211394,1.0,-0.0,0,0
17,0.0,0.22376237623762377,0.23086085769171755,1.0,-0.0,0,0
18,0.0,0.27920792079207923,0.2518512965637172,1.0,-0.0,0,0
19,0.0,0.2594059405940594,0.23805241864790053,1.0,-0.0,0,0
20,0.0,0.17227722772277226,0.18885733097134835,1.0,-0.0,0,0
21,0.0,0.16435643564356434,0.17664875840130073,1.0,-0.0,0,0
22,0.0,0.07524752475247524,0.12851469892742934,1.0,-0.0,0,0
23,0.0,0.019801980198019802,0.059735061897023205,1.0,-0.0,0,0
24,0.0,0.0,0.0,1.0,-0.0,0,0
25,0.0,0.0,0.0,1.0,-0.0,0,0
26,0.0,0.0,0.0,1.0,-0.0,0,0
27,0.0,0.0,0.0,1.0,-0.0,0,0
28,0.0,0.0,0.0,1.0,-0.0,0,0
29,0.0,0.0,0.0,1.0,-0.0,0,0
30,0.0,0.0,0.0,1.0,-0.0,0,0
31,0.0,0.021782178217821784,0.06230547612891991,1.0,-0.0,0,0
32,0.0,0.021782178217821784,0.06230547612891991,1.0,-0.0,0,0
33,0.0,0.021782178217821784,0.06230547612891991,1.0,-0.0,0,0
34,0.0,0.021782178217821784,0.06230547612891991,1.0,-0.0,0,0
35,0.0,0.021782178217821784,0.06230547612891991,1.0,-0.0,0,0
36,0.0,0.0,0.0,1.0,-0.0,0,0
37,0.0,0.03564356435643565,0.08154954567118416,1.0,-0.0,0,0
38,0.0,0.03564356435643565,0.08154954567118416,1.0,-0.0,0,0
39,0.0,0.03564356435643565,0.08154954567118416,1.0,-0.0,0,0
40,0.0,0.049504950495049514,0.09504950495049506,1.0,-0.0,0,0
41,0.0,0.049504950495049514,0.09504950495049506,1.0,-0.0,0,0
42,0.0,0.05544554455445545,0.09384550979067553,1.0,-0.0,0,0
43,0.0,0.05544554455445545,0.09384550979067553,1.0,-0.0,0,0
44,0.0,0.05544554455445545,0.09384550979067553,1.0,-0.0,0,0
45,0.0,0.041584158415841586,0.08116396646304633,1.0,-0.0,0,0
46,0.0,0.041584158415841586,0.08116396646304633,1.0,-0.0,0,0
47,0.0,0.0,0.0,1.0,-0.0,0,0
48,0.0,0.0,0.0,1.0,-0.0,0,0
49,0.0,0.0,0.0,1.0,-0.0,0,0
50,0.0,0.0,0.0,1.0,-0.0,0,0
51,0.0,0.0,0.0,1.0,-0.0,0,0
52,0.0,0.0,0.0,1.0,-0.0,0,0
53,0.0,0.0,0.0,1.0,-0.0,0,0
54,0.0,0.025742574257425745,0.06697637435757531,1.0,-0.0,0,0
55,0.0,0.041584158415841586,0.08116396646304633,1.0,-0.0,0,0
56,0.0,0.041584158415841586,0.08116396646304633,1.0,-0.0,0,0
57,0.0,0.041584158415841586,0.08116396646304633,1.0,-0.0,0,0
58,0.0,0.041584158415841586,0.08116396646304633,1.0,-0.0,0,0
59,0.0,0.015841584158415842,0.05401260078014202,1.0,-0.0,0,0
60,0.0,0.0,0.0,1.0,-0.0,0,0
61,0.0,0.027722772277227727,0.06910862719451544,1.0,-0.0,0,0
62,0.0,0.027722772277227727,0.06910862719451544,1.0,-0.0,0,0
63,0.0,0.027722772277227727,0.06910862719451544,1.0,-0.0,0,0
64,0.0,0.0891089108910891,0.13342479626077638,1.0,-0.0,0,0
65,0.0,0.0891089108910891,0.13342479626077638,1.0,-0.0,0,0
66,0.0,0.061386138613861385,0.1080614942545921,1.0,-0.0,0,0
67,0.0,0.0712871287128713,0.11461224656227947,1.0,-0.0,0,0
68,0.0,0.09504950495049505,0.13078304733432375,1.0,-0.0,0,0
69,0.0,0.033663366336633666,0.07994704648786674,1.0,-0.0,0,0
70,0.0,0.07524752475247526,0.11205191564986228,1.0,-0.0,0,0
71,0.0,0.07524752475247526,0.11205191564986228,1.0,-0.0,0,0
72,0.0,0.06534653465346535,0.10939585993610405,1.0,-0.0,0,0
73,0.0,0.07326732673267328,0.11848138852793338,1.0,-0.0,0,0
74,0.0,0.07326732673267328,0.11848138852793338,1.0,-0.0,0,0
75,0.0,0.031683168316831684,0.07826167463512675,1.0,-0.0,0,0
76,0.0,0.031683168316831684,0.07826167463512675,1.0,-0.0,0,0
77,0.0,0.05346534653465347,0.10104832334394513,1.0,-0.0,0,0
78,0.0,0.041584158415841586,0.08116396646304633,1.0,-0.0,0,0
79,0.0,0.041584158415841586,0.08116396646304633,1.0,-0.0,0,0
80,0.0,0.08514851485148513,0.1269490726718781,1.0,-0.0,0,0
81,0.0,0.08514851485148513,0.1269490726718781,1.0,-0.0,0,0
82,0.0,0.06336633663366337,0.10504385908811757,1.0,-0.0,0,0
83,0.0,0.07326732673267328,0.10425700262248065,1.0,-0.0,0,0
84,0.0,0.11089108910891088,0.13342479626077636,1.0,-0.0,0,0
85,0.2,0.09306930693069305,0.13368903310588712,0.2118998952955819,0.6738692578836474,0,0
86,0.2,0.09306930693069305,0.13368903310588712,0.2118998952955819,0.6738692578836474,0,0
87,0.2,0.09306930693069305,0.13368903310588712,0.2118998952955819,0.6738692578836474,0,0
88,0.2,0.06336633663366337,0.11233152161332938,0.11192713809178086,0.95106460074087,0,0
89,0.2,0.025742574257425748,0.06697637435757531,0.004637140001348011,2.3337497919853583,0,0
90,0.0,0.0,0.0,1.0,-0.0,0,0
91,0.0,0.011881188118811883,0.047276579747775535,1.0,-0.0,0,0
92,0.0,0.011881188118811883,0.047276579747775535,1.0,-0.0,0,0
93,0.0,0.011881188118811883,0.047276579747775535,1.0,-0.0,0,0
94,0.0,0.011881188118811883,0.047276579747775535,1.0,-0.0,0,0
95,0.0,0.011881188118811883,0.047276579747775535,1.0,-0.0,0,0
96,0.0,0.0,0.0,1.0,-0.0,0,0
97,0.0,0.0,0.0,1.0,-0.0,0,0
98,0.0,0.03168316831683169,0.08316831683168317,1.0,-0.0,0,0
99,0.0,0.03960396039603961,0.09757374253271224,1.0,-0.0,0,0
100,0.0,0.06534653465346535,0.12620558708220353,1.0,-0.0,0,0
101,0.0,0.06930693069306931,0.12722675963729912,1.0,-0.0,0,0
102,0.0,0.10297029702970298,0.1505471509603819,1.0,-0.0,0,0
103,0.0,0.0712871287128713,0.1213265242141813,1.0,-0.0,0,0
104,0.0,0.06336633663366337,0.10874875419996817,1.0,-0.0,0,0
105,0.0,0.03762376237623763,0.07816140339006158,1.0,-0.0,0,0
106,0.0,0.033663366336633666,0.07482947971362847,1.0,-0.0,0,0
107,0.0,0.0,0.0,1.0,-0.0,0,0
108,0.0,0.025742574257425748,0.06697637435757531,1.0,-0.0,0,0
109,0.0,0.025742574257425748,0.06697637435757531,1.0,-0.0,0,0
110,0.0,0.06732673267326733,0.10634234916512914,1.0,-0.0,0,0
111,0.0,0.06732673267326733,0.10634234916512914,1.0,-0.0,0,0
112,0.0,0.06732673267326733,0.10634234916512914,1.0,-0.0,0,0
113,0.0,0.24158415841584158,0.21307151531852703,1.0,-0.0,0,0
114,0.0,0.24158415841584158,0.21307151531852703,1.0,-0.0,0,0
115,0.0,0.21188118811881188,0.21214936299779588,1.0,-0.0,0,0
116,0.0,0.22376237623762377,0.21852272458192973,1.0,-0.0,0,0
117,0.0,0.3277227722772277,0.25875513555192037,1.0,-0.0,0,0
118,0.0,0.16633663366336632,0.16902587986434298,1.0,-0.0,0,0
119,0.0,0.31980198019801975,0.246969674644679,1.0,-0.0,0,0
120,0.0,0.3445544554455445,0.25658659878911994,1.0,-0.0,0,0
121,0.0,0.33267326732673275,0.25216249314426303,1.0,-0.0,0,0
122,0.0,0.22772277227722773,0.2106655233984672,1.0,-0.0,0,0
123,0.0,0.19009900990099005,0.1977622086930122,1.0,-0.0,0,0
124,0.0,0.03564356435643565,0.08154954567118415,1.0,-0.0,0,0
125,0.0,0.0,0.0,1.0,-0.0,0,0
126,0.0,0.0,0.0,1.0,-0.0,0,0
127,0.0,0.0,0.0,1.0,-0.0,0,0
128,0.0,0.0,0.0,1.0,-0.0,0,0
129,0.0,0.06732673267326734,0.10255055347504202,1.0,-0.0,0,0
130,0.0,0.06732673267326734,0.10255055347504202,1.0,-0.0,0,0
131,0.0,0.06732673267326734,0.10255055347504202,1.0,-0.0,0,0
132,0.2,0.22376237623762374,0.1786353744371313,1.0,-0.0,0,0
133,0.2,0.25148514851485143,0.19016088102057818,1.0,-0.0,0,0
134,0.2,0.18415841584158413,0.16333933170139628,0.4613688638156537,0.3359517178542069,0,0
135,0.2,0.22178217821782176,0.17096346688435152,1.0,-0.0,0,0
136,0.2,0.40990099009901004,0.25074342947475675,1.0,-0.0,0,0
137,0.0,0.26534653465346536,0.22534270647011964,1.0,-0.0,0,0
138,0.0,0.2554455445544554,0.22536010677951354,1.0,-0.0,0,0
139,0.0,0.47920792079207924,0.3258854903314171,1.0,-0.0,0,0
140,0.0,0.4415841584158416,0.3022251887244663,1.0,-0.0,0,0
141,0.0,0.25346534653465347,0.21413623702460574,1.0,-0.0,0,0
142,0.0,0.3366336633663367,0.25318672805425124,1.0,-0.0,0,0
143,0.0,0.3178217821782178,0.2455126137002593,1.0,-0.0,0,0
144,0.0,0.09306930693069307,0.14229896414433021,1.0,-0.0,0,0
145,0.0,0.2594059405940594,0.22610705333684253,1.0,-0.0,0,0
146,0.0,0.2594059405940594,0.22610705333684253,1.0,-0.0,0,0
147,0.0,0.19801980198019803,0.18983066869238602,1.0,-0.0,0,0
148,0.0,0.19801980198019803,0.18983066869238602,1.0,-0.0,0,0
149,0.0,0.2653465346534653,0.21453871471544186,1.0,-0.0,0,0
150,0.0,0.09900990099009899,0.14246420394934614,1.0,-0.0,0,0
151,0.0,0.09900990099009899,0.14246420394934614,1.0,-0.0,0,0
152,0.0,0.06732673267326733,0.11000352009767249,1.0,-0.0,0,0
153,0.0,0.08514851485148513,0.12054836637801525,1.0,-0.0,0,0
154,0.0,0.02970297029702971,0.07112192077650681,1.0,-0.0,0,0
155,0.0,0.06930693069306931,0.11057238501634631,1.0,-0.0,0,0
156,0.0,0.06930693069306931,0.11057238501634631,1.0,-0.0,0,0
157,0.0,0.09504950495049505,0.1277189346265117,1.0,-0.0,0,0
158,0.0,0.07722772277227723,0.10889288780093087,1.0,-0.0,0,0
159,0.0,0.10495049504950495,0.1307830473343237,1.0,-0.0,0,0
160,0.0,0.06534653465346535,0.10189845806153354,1.0,-0.0,0,0
161,0.0,0.06534653465346535,0.10189845806153354,1.0,-0.0,0,0
162,0.0,0.039603960396039604,0.08452453849668534,1.0,-0.0,0,0
163,0.0,0.06732673267326733,0.102550553475042,1.0,-0.0,0,0
164,0.0,0.027722772277227727,0.06910862719451544,1.0,-0.0,0,0
165,0.0,0.041584158415841586,0.09039772047931348,1.0,-0.0,0,0
166,0.0,0.041584158415841586,0.09039772047931348,1.0,-0.0,0,0
167,0.0,0.041584158415841586,0.09039772047931348,1.0,-0.0,0,0
168,0.0,0.01386138613861386,0.05079507064705211,1.0,-0.0,0,0
169,0.6,0.10099009900990098,0.12781100644043505,4.725324242278266e-05,4.325568385715382,0,0
170,0.6,0.0871287128712871,0.1207758469859557,1.0858131345815844e-05,4.964244909188165,0,0
171,0.6,0.1603960396039604,0.1617229068443201,0.0032813704844453892,2.48394473265366,0,0
172,0.6,0.1603960396039604,0.1617229068443201,0.0032813704844453892,2.48394473265366,0,0
173,0.6,0.2613861386138614,0.22114477003269256,0.06286166713925488,1.2016141053455154,0,0
174,0.0,0.21188118811881188,0.20260048415728582,1.0,-0.0,0,0
175,0.6,0.3415841584158416,0.2584291184328784,0.15866768554615984,0.7995115131820208,0,0
176,0.6,0.2693069306930693,0.23620035724750016,0.08074869193661273,1.0928645041586218,0,0
177,0.6,0.2693069306930693,0.23620035724750016,0.08074869193661273,1.0928645041586218,0,0
178,0.6,0.16831683168316833,0.18181194346357277,0.008790203243121245,2.056001083248686,0,0
179,0.6,0.12871287128712872,0.1725387794914215,0.0031524782981254286,2.5013478944572802,0,0
180,0.0,0.02772277227722772,0.06910862719451544,1.0,-0.0,0,0
181,0.0,0.02772277227722772,0.06910862719451544,1.0,-0.0,0,0
182,0.0,0.05544554455445545,0.09384550979067553,1.0,-0.0,0,0
183,0.0,0.05544554455445545,0.09384550979067553,1.0,-0.0,0,0
184,0.0,0.05544554455445545,0.09384550979067553,1.0,-0.0,0,0
185,0.0,0.051485148514851496,0.09186070102766893,1.0,-0.0,0,0
186,0.0,0.08118811881188118,0.10597297552680915,1.0,-0.0,0,0
187,0.0,0.07524752475247524,0.11205191564986228,1.0,-0.0,0,0
188,0.0,0.07524752475247524,0.11205191564986228,1.0,-0.0,0,0
189,0.0,0.07524752475247524,0.11205191564986228,1.0,-0.0,0,0
190,0.0,0.05148514851485149,0.1001126705723924,1.0,-0.0,0,0
191,0.0,0.021782178217821784,0.06230547612891991,1.0,-0.0,0,0
192,0.0,0.0,0.0,1.0,-0.0,0,0
193,0.0,0.0,0.0,1.0,-0.0,0,0
194,0.0,0.027722772277227727,0.07975061610139512,1.0,-0.0,0,0
195,0.2,0.2594059405940594,0.22078985924382347,1.0,-0.0,0,0
196,0.8,0.45544554455445546,0.2656862019859021,0.09734185203258124,1.0117003950980734,0,0
197,1.0,0.4712871287128713,0.26933604967792957,0.024821748410840897,1.6051676306359697,0,0
198,1.2,0.5425742574257425,0.28747674366668524,0.011101320013221817,1.9546253779364016,0,0
199,1.6,0.5702970297029702,0.273425123044627,8.29613788279419e-05,4.081124038533306,0,0
200,1.4,0.33762376237623765,0.23833227705628676,4.1452315339259185e-06,5.382451206706445,0,0
201,0.8,0.14257425742574253,0.15754712301715712,1.5038457515204172e-05,4.822796706762282,0,0
202,0.6,0.12475247524752472,0.15632280678012314,0.0011822328426669161,2.9272969800312096,0,0
203,0.4,0.05544554455445545,0.09797478714338996,0.00021841889085960997,3.660709802591431,0,0
204,0.0,0.0,0.0,1.0,-0.0,0,0
205,0.0,0.0,0.0,1.0,-0.0,0,0
206,0.0,0.03564356435643565,0.07653920035678292,1.0,-0.0,0,0
207,0.0,0.041584158415841586,0.08116396646304633,1.0,-0.0,0,0
208,0.0,0.0594059405940594,0.10357779667819421,1.0,-0.0,0,0
209,0.0,0.0594059405940594,0.10357779667819421,1.0,-0.0,0,0
210,0.0,0.0594059405940594,0.10357779667819421,1.0,-0.0,0,0
211,0.0,0.023762376237623766,0.06471340450838887,1.0,-0.0,0,0
212,0.2,0.10891089108910887,0.14494724878689189,0.26486134954069185,0.5769814124309087,0,0
213,0.2,0.18811881188118812,0.19462435446028697,0.47566098087913894,0.3227024728893326,0,0
214,0.2,0.21782178217821782,0.21635872284536922,1.0,-0.0,0,0
215,0.2,0.21782178217821782,0.21635872284536922,1.0,-0.0,0,0
216,0.2,0.23168316831683167,0.22643631459679692,1.0,-0.0,0,0
217,0.0,0.1405940594059406,0.16300289605747864,1.0,-0.0,0,0
218,0.0,0.04356435643564356,0.09164702150816742,1.0,-0.0,0,0
219,0.0,0.01386138613861386,0.05079507064705211,1.0,-0.0,0,0
220,0.0,0.039603960396039604,0.08908690597387718,1.0,-0.0,0,0
221,0.2,0.09504950495049505,0.13377699607171914,0.2163680383709739,0.6648068922914053,0,0
222,0.2,0.09504950495049505,0.13377699607171914,0.2163680383709739,0.6648068922914053,0,0
223,0.2,0.1801980198019802,0.18563234289517566,0.457524156136555,0.3395859713246171,0,0
224,0.2,0.27326732673267323,0.20435413307475536,1.0,-0.0,0,0
225,0.4,0.2910891089108911,0.23967759281010306,0.32476838510357997,0.4884262541948036,0,0
226,0.2,0.2217821782178218,0.22320969157959367,1.0,-0.0,0,0
227,0.2,0.2217821782178218,0.22320969157959367,1.0,-0.0,0,0
228,0.2,0.13663366336633662,0.17103226044902325,0.3555074184401462,0.44915133233504534,0,0
229,0.2,0.04356435643564357,0.08255312311158745,0.029048226759887566,1.5368803738382273,0,0
230,0.6,0.10099009900990098,0.12781100644043505,4.725324242278266e-05,4.325568385715382,0,0
231,0.6,0.10099009900990098,0.12781100644043505,4.725324242278266e-05,4.325568385715382,0,0
232,0.6,0.10099009900990098,0.12781100644043505,4.725324242278266e-05,4.325568385715382,0,0
233,0.6,0.10099009900990098,0.12781100644043505,4.725324242278266e-05,4.325568385715382,0,0
234,0.6,0.10099009900990098,0.12781100644043505,4.725324242278266e-05,4.325568385715382,0,0
235,0.0,0.0,0.0,1.0,-0.0,0,0
236,0.0,0.0,0.0,1.0,-0.0,0,0
237,0.0,0.0,0.0,1.0,-0.0,0,0
238,0.0,0.0,0.0,1.0,-0.0,0,0
239,0.0,0.0,0.0,1.0,-0.0,0,0
240,0.0,0.0,0.0,1.0,-0.0,0,0
241,0.0,0.0,0.0,1.0,-0.0,0,0
242,0.0,0.0,0.0,1.0,-0.0,0,0
243,0.0,0.0,0.0,1.0,-0.0,0,0
244,0.0,0.0,0.0,1.0,-0.0,0,0
245,0.0,0.0,0.0,1.0,-0.0,0,0
246,0.0,0.0,0.0,1.0,-0.0,0,0
247,0.0,0.13861386138613863,0.1482373645323794,1.0,-0.0,0,0
248,0.0,0.13861386138613863,0.1482373645323794,1.0,-0.0,0,0
249,0.0,0.13861386138613863,0.1482373645323794,1.0,-0.0,0,0
250,0.0,0.19405940594059404,0.16278624882823456,1.0,-0.0,0,0
251,0.0,0.32079207920792085,0.21448387586615456,1.0,-0.0,0,0
252,0.0,0.21386138613861383,0.17633771771004506,1.0,-0.0,0,0
253,0.0,0.33663366336633666,0.23535217860833296,1.0,-0.0,0,0
254,0.0,0.33663366336633666,0.23535217860833296,1.0,-0.0,0,0
255,0.0,0.3940594059405941,0.2345510910073035,1.0,-0.0,0,0
256,0.0,0.299009900990099,0.22271726493469288,1.0,-0.0,0,0
257,0.0,0.2693069306930693,0.20573104342610338,1.0,-0.0,0,0
258,0.0,0.14851485148514848,0.15325760452189585,1.0,-0.0,0,0
259,0.0,0.14851485148514848,0.15325760452189585,1.0,-0.0,0,0
260,0.0,0.033663366336633666,0.07482947971362847,1.0,-0.0,0,0
261,0.0,0.0,0.0,1.0,-0.0,0,0
262,0.0,0.0,0.0,1.0,-0.0,0,0
263,0.0,0.0,0.0,1.0,-0.0,0,0
264,0.0,0.07920792079207921,0.11631029826208643,1.0,-0.0,0,0
265,0.0,0.13861386138613863,0.15856428688449584,1.0,-0.0,0,0
266,0.0,0.14851485148514848,0.16082329112274815,1.0,-0.0,0,0
267,0.0,0.15643564356435644,0.16314716771521567,1.0,-0.0,0,0
268,0.2,0.19207920792079203,0.19071681786668523,0.4834360141647525,0.3156609994177783,0,0
269,0.2,0.1861386138613861,0.1914145896807061,0.4711356189125195,0.3268540608808608,0,0
270,0.2,0.1386138613861386,0.16348330645980427,0.3536485143955463,0.45142816195922864,0,0
271,0.2,0.16831683168316827,0.17962044309621494,0.42999395869727813,0.36653764610149886,0,0
272,0.2,0.1603960396039604,0.17353585980361697,0.40973848838876054,0.3874932390984468,0,0
273,0.0,0.1584158415841584,0.15496235680407014,1.0,-0.0,0,0
274,0.0,0.08316831683168316,0.12028786177019754,1.0,-0.0,0,0
275,0.0,0.09504950495049502,0.1337769960717191,1.0,-0.0,0,0
276,0.0,0.05544554455445545,0.1019369320889802,1.0,-0.0,0,0
277,0.0,0.05544554455445545,0.1019369320889802,1.0,-0.0,0,0
278,0.0,0.021782178217821784,0.06230547612891991,1.0,-0.0,0,0
279,0.0,0.021782178217821784,0.06230547612891991,1.0,-0.0,0,0
280,0.0,0.0,0.0,1.0,-0.0,0,0
281,0.0,0.0,0.0,1.0,-0.0,0,0
282,0.0,0.0,0.0,1.0,-0.0,0,0
283,0.0,0.0,0.0,1.0,-0.0,0,0
284,0.0,0.0,0.0,1.0,-0.0,0,0
285,0.0,0.0,0.0,1.0,-0.0,0,0
286,0.0,0.0,0.0,1.0,-0.0,0,0
287,0.0,0.0,0.0,1.0,-0.0,0,0
288,0.0,0.0,0.0,1.0,-0.0,0,0
289,0.0,0.0,0.0,1.0,-0.0,0,0
290,0.2,0.049504950495049514,0.09504950495049506,0.056672754609762954,1.2466256777282643,0,0
291,0.2,0.049504950495049514,0.09504950495049506,0.056672754609762954,1.2466256777282643,0,0
292,0.2,0.049504950495049514,0.09504950495049506,0.056672754609762954,1.2466256777282643,0,0
293,0.4,0.17821782178217818,0.1589594632902137,0.08147593361223888,1.0889706543630264,0,0
294,0.4,0.17821782178217818,0.1589594632902137,0.08147593361223888,1.0889706543630264,0,0
295,0.2,0.1287128712871287,0.1366767043701972,0.30098319630588943,0.5214577501049552,0,0
296,0.2,0.1287128712871287,0.1366767043701972,0.30098319630588943,0.5214577501049552,0,0
297,0.2,0.1287128712871287,0.1366767043701972,0.30098319630588943,0.5214577501049552,0,0
298,0.0,0.0,0.0,1.0,-0.0,0,0
299,0.0,0.0,0.0,1.0,-0.0,0,0
300,0.0,0.0,0.0,1.0,-0.0,0,0
301,0.0,0.0,0.0,1.0,-0.0,0,0
302,0.0,0.0,0.0,1.0,-0.0,0,0
303,0.4,0.2574257425742574,0.22041658787080204,0.25886776277448154,0.5869220295993796,0,0
304,0.4,0.2772277227722772,0.2337304820543287,0.2996967629980423,0.5233179478107121,0,0
305,0.4,0.2772277227722772,0.2337304820543287,0.2996967629980423,0.5233179478107121,0,0
306,0.4,0.2772277227722772,0.2337304820543287,0.2996967629980423,0.5233179478107121,0,0
307,0.4,0.2772277227722772,0.2337304820543287,0.2996967629980423,0.5233179478107121,0,0
308,0.0,0.019801980198019802,0.0597350618970232,1.0,-0.0,0,0
309,0.2,0.0297029702970297,0.07112192077650681,0.008322928729312118,2.079723824290396,0,0
310,0.2,0.0297029702970297,0.07112192077650681,0.008322928729312118,2.079723824290396,0,0
311,0.2,0.06534653465346535,0.10571364605971598,0.10137482685028305,0.9940698745616096,0,0
312,0.4,0.2574257425742574,0.23603428793269446,0.272908374835263,0.563983136778129,0,0
313,0.4,0.2574257425742574,0.23603428793269446,0.272908374835263,0.563983136778129,0,0
314,0.2,0.2554455445544554,0.23228322057212164,1.0,-0.0,0,0
315,0.4,0.291089108910891,0.24619842673528344,0.3291106054021766,0.48265812258732765,0,0
316,0.4,0.2554455445544554,0.2390058814988453,0.27265080550460297,0.5643932149194395,0,0
317,0.2,0.06336633663366337,0.11233152161332939,0.1119271380917808,0.9510646007408702,0,0
318,0.4,0.12277227722772276,0.14615954128511632,0.028930645492943177,1.5386418763798104,0,0
319,0.4,0.1603960396039604,0.15161128508951263,0.05700954374134521,1.2440524347265998,0,0
320,0.2,0.19603960396039602,0.18875348902641545,0.491630069906994,0.3083615619220838,0,0
321,0.2,0.36435643564356435,0.2293271079889652,1.0,-0.0,0,0
322,0.2,0.39603960396039606,0.2371116594045635,1.0,-0.0,0,0
323,0.0,0.33663366336633666,0.22326238715968957,1.0,-0.0,0,0
324,0.0,0.27128712871287125,0.18365736159488227,1.0,-0.0,0,0
325,0.0,0.19999999999999998,0.1541504986616124,1.0,-0.0,0,0
326,0.0,0.031683168316831684,0.08316831683168316,1.0,-0.0,0,0
327,0.0,0.0,0.0,1.0,-0.0,0,0
328,0.0,0.013861386138613863,0.05079507064705211,1.0,-0.0,0,0
329,0.0,0.013861386138613863,0.05079507064705211,1.0,-0.0,0,0
330,0.0,0.08316831683168316,0.12028786177019754,1.0,-0.0,0,0
331,0.0,0.11287128712871286,0.1526423155691229,1.0,-0.0,0,0
332,0.0,0.11287128712871286,0.1526423155691229,1.0,-0.0,0,0
333,0.0,0.13663366336633662,0.15903344954662388,1.0,-0.0,0,0
334,0.0,0.15445544554455443,0.17321922953369534,1.0,-0.0,0,0
335,0.0,0.08316831683168316,0.12670172889541695,1.0,-0.0,0,0
336,0.0,0.17821782178217818,0.16386662071744318,1.0,-0.0,0,0
337,0.0,0.17821782178217818,0.16386662071744318,1.0,-0.0,0,0
338,0.0,0.14257425742574253,0.14981608173764543,1.0,-0.0,0,0
339,0.0,0.12475247524752472,0.12851469892742934,1.0,-0.0,0,0
340,0.0,0.12475247524752472,0.12851469892742934,1.0,-0.0,0,0
341,0.0,0.10297029702970295,0.13084299831035082,1.0,-0.0,0,0
342,0.0,0.1762376237623762,0.18301572450512466,1.0,-0.0,0,0
343,0.0,0.1762376237623762,0.18301572450512466,1.0,-0.0,0,0
344,0.0,0.1762376237623762,0.18301572450512466,1.0,-0.0,0,0
345,0.2,0.20990099009900992,0.19975477565019392,1.0,-0.0,0,0
346,0.2,0.10495049504950495,0.13078304733432372,0.2336827065616655,0.6313734259164431,0,0
347,0.2,0.03366336633663367,0.07994704648786674,0.018735949469970602,1.7273242935431963,0,0
348,0.4,0.05940594059405942,0.0996808946427978,0.0003167579367343702,3.4992724945605174,0,0
349,0.4,0.05940594059405942,0.0996808946427978,0.0003167579367343702,3.4992724945605174,0,0
350,0.2,0.025742574257425745,0.07264925278354115,0.008228653963589664,2.084671200510098,0,0
351,0.2,0.025742574257425745,0.07264925278354115,0.008228653963589664,2.084671200510098,0,0
352,0.4,0.06534653465346535,0.10571364605971598,0.0007736575764547356,3.1114512170453996,0,0
353,1.0,0.15643564356435644,0.1702740025877676,3.6322032467948766e-07,6.439829857702768,0,0
354,1.2,0.31287128712871287,0.2258814927778091,4.293317930005917e-05,4.367206949830675,0,0
355,1.6,0.39009900990099017,0.2630758466452757,2.122031479526893e-06,5.673248177794048,0,0
356,1.6,0.4356435643564357,0.2805878406488218,1.664528692475117e-05,4.778708714249449,0,0
357,1.4,0.3960396039603961,0.27715699239154384,0.00014596781862842462,3.835742882110359,0,0
358,0.6,0.2792079207920792,0.24548066878909683,0.09564174712949715,1.0193524990371352,0,0
359,0.4,0.12079207920792079,0.1568986755607153,0.037575400777817826,1.4250963785476674,0,0
360,0.0,0.04554455445544555,0.09700949476369022,1.0,-0.0,0,0
361,0.0,0.0297029702970297,0.07112192077650681,1.0,-0.0,0,0
362,0.0,0.0297029702970297,0.07112192077650681,1.0,-0.0,0,0
363,0.0,0.0297029702970297,0.07112192077650681,1.0,-0.0,0,0
