,foreground,bg_means,bg_stdev,pvals,minus_logs,regs,active
2,1.2,0.09306930693069305,0.12762679639066946,1.2101010004407081e-17,16.917178380011254,0,0
3,1.2,0.09306930693069305,0.12762679639066946,1.2101010004407081e-17,16.917178380011254,0,0
4,1.2,0.09306930693069305,0.12762679639066946,1.2101010004407081e-17,16.917178380011254,0,0
5,1.2,0.09306930693069305,0.12762679639066946,1.2101010004407081e-17,16.917178380011254,0,0
6,0.0,0.0,0.0,1.0,-0.0,0,0
7,0.0,0.0,0.0,1.0,-0.0,0,0
8,0.0,0.0,0.0,1.0,-0.0,0,0
9,1.0,0.11683168316831682,0.149632756335149,1.793003851911234e-09,8.746418777441724,0,0
10,1.0,0.11683168316831682,0.149632756335149,1.793003851911234e-09,8.746418777441724,0,0
11,1.0,0.11683168316831682,0.149632756335149,1.793003851911234e-09,8.746418777441724,0,0
12,1.0,0.11683168316831682,0.149632756335149,1.793003851911234e-09,8.746418777441724,0,0
13,1.0,0.11683168316831682,0.149632756335149,1.793003851911234e-09,8.746418777441724,0,0
14,0.0,0.0,0.0,1.0,-0.0,0,0
15,0.0,0.0,0.0,1.0,-0.0,0,0
16,0.0,0.0,0.0,1.0,-0.0,0,0
17,0.0,0.0,0.0,1.0,-0.0,0,0
18,0.0,0.0,0.0,1.0,-0.0,0,0
19,0.0,0.0,0.0,1.0,-0.0,0,0
20,0.0,0.0,0.0,1.0,-0.0,0,0
21,0.0,0.0,0.0,1.0,-0.0,0,0
22,0.0,0.0,0.0,1.0,-0.0,0,0
23,0.0,0.08712871287128712,0.127165103825761,1.0,-0.0,0,0
24,0.0,0.08712871287128712,0.127165103825761,1.0,-0.0,0,0
25,0.0,0.08712871287128712,0.127165103825761,1.0,-0.0,0,0
26,0.0,0.08712871287128712,0.127165103825761,1.0,-0.0,0,0
27,0.0,0.08712871287128712,0.127165103825761,1.0,-0.0,0,0
28,0.0,0.0,0.0,1.0,-0.0,0,0
29,0.0,0.0,0.0,1.0,-0.0,0,0
30,0.0,0.0,0.0,1.0,-0.0,0,0
31,0.0,0.0,0.0,1.0,-0.0,0,0
32,0.0,0.0,0.0,1.0,-0.0,0,0
33,0.0,0.0,0.0,1.0,-0.0,0,0
34,0.0,0.0,0.0,1.0,-0.0,0,0
35,0.0,0.11287128712871286,0.13324834725751067,1.0,-0.0,0,0
36,0.0,0.11287128712871286,0.13324834725751067,1.0,-0.0,0,0
37,0.0,0.11287128712871286,0.13324834725751067,1.0,-0.0,0,0
38,0.0,0.2475247524752475,0.19324947166345904,1.0,-0.0,0,0
39,0.0,0.2475247524752475,0.19324947166345904,1.0,-0.0,0,0
40,0.0,0.1346534653465346,0.15443005630372467,1.0,-0.0,0,0
41,0.0,0.2158415841584158,0.2003623812378767,1.0,-0.0,0,0
42,0.0,0.297029702970297,0.22622841587085502,1.0,-0.0,0,0
43,0.0,0.16435643564356434,0.18107717211333596,1.0,-0.0,0,0
44,0.0,0.16435643564356434,0.18107717211333596,1.0,-0.0,0,0
45,0.0,0.16435643564356434,0.18107717211333596,1.0,-0.0,0,0
46,0.0,0.08118811881188118,0.1264228887090089,1.0,-0.0,0,0
47,0.0,0.0,0.0,1.0,-0.0,0,0
48,0.0,0.0,0.0,1.0,-0.0,0,0
49,0.0,0.0,0.0,1.0,-0.0,0,0
50,0.0,0.11089108910891088,0.1420507440353343,1.0,-0.0,0,0
51,0.0,0.2039603960396039,0.19494644711665693,1.0,-0.0,0,0
52,0.0,0.2039603960396039,0.19494644711665693,1.0,-0.0,0,0
53,0.0,0.2039603960396039,0.19494644711665693,1.0,-0.0,0,0
54,0.0,0.29108910891089107,0.21895295841846044,1.0,-0.0,0,0
55,0.0,0.28118811881188116,0.21832525073010245,1.0,-0.0,0,0
56,0.0,0.19009900990099005,0.18958263199843847,1.0,-0.0,0,0
57,0.0,0.19009900990099005,0.18958263199843847,1.0,-0.0,0,0
58,0.0,0.26534653465346536,0.23565188436930282,1.0,-0.0,0,0
59,0.0,0.2475247524752475,0.2271624617774255,1.0,-0.0,0,0
60,0.0,0.14653465346534653,0.1564231101634178,1.0,-0.0,0,0
61,0.0,0.14653465346534653,0.1564231101634178,1.0,-0.0,0,0
62,0.0,0.14653465346534653,0.1564231101634178,1.0,-0.0,0,0
63,0.0,0.06930693069306931,0.11409790329416186,1.0,-0.0,0,0
64,0.0,0.0,0.0,1.0,-0.0,0,0
65,0.0,0.0,0.0,1.0,-0.0,0,0
66,0.0,0.0,0.0,1.0,-0.0,0,0
67,0.0,0.009900990099009901,0.04338396495090424,1.0,-0.0,0,0
68,0.0,0.009900990099009901,0.04338396495090424,1.0,-0.0,0,0
69,0.0,0.009900990099009901,0.04338396495090424,1.0,-0.0,0,0
70,0.0,0.009900990099009901,0.04338396495090424,1.0,-0.0,0,0
71,0.0,0.009900990099009901,0.04338396495090424,1.0,-0.0,0,0
72,0.0,0.0,0.0,1.0,-0.0,0,0
73,0.0,0.0,0.0,1.0,-0.0,0,0
74,0.0,0.0,0.0,1.0,-0.0,0,0
75,0.0,0.0,0.0,1.0,-0.0,0,0
76,0.0,0.0,0.0,1.0,-0.0,0,0
77,0.0,0.0,0.0,1.0,-0.0,0,0
78,0.0,0.0,0.0,1.0,-0.0,0,0
79,0.0,0.0,0.0,1.0,-0.0,0,0
80,0.0,0.0,0.0,1.0,-0.0,0,0
81,0.0,0.0,0.0,1.0,-0.0,0,0
82,0.0,0.0,0.0,1.0,-0.0,0,0
83,0.0,0.0,0.0,1.0,-0.0,0,0
84,0.0,0.0,0.0,1.0,-0.0,0,0
85,0.0,0.0,0.0,1.0,-0.0,0,0
86,0.0,0.0,0.0,1.0,-0.0,0,0
87,0.0,0.0,0.0,1.0,-0.0,0,0
88,0.0,0.0,0.0,1.0,-0.0,0,0
89,0.0,0.0,0.0,1.0,-0.0,0,0
90,0.0,0.0,0.0,1.0,-0.0,0,0
91,0.0,0.0,0.0,1.0,-0.0,0,0
92,0.0,0.0,0.0,1.0,-0.0,0,0
93,0.0,0.0,0.0,1.0,-0.0,0,0
94,0.0,0.0,0.0,1.0,-0.0,0,0
95,0.0,0.0,0.0,1.0,-0.0,0,0
96,0.0,0.0,0.0,1.0,-0.0,0,0
97,0.0,0.0,0.0,1.0,-0.0,0,0
98,0.0,0.0,0.0,1.0,-0.0,0,0
99,0.0,0.0,0.0,1.0,-0.0,0,0
100,0.0,0.0,0.0,1.0,-0.0,0,0
101,0.0,0.0,0.0,1.0,-0.0,0,0
102,0.0,0.0,0.0,1.0,-0.0,0,0
103,0.0,0.0,0.0,1.0,-0.0,0,0
104,0.0,0.0,0.0,1.0,-0.0,0,0
105,0.0,0.0,0.0,1.0,-0.0,0,0
106,0.0,0.0,0.0,1.0,-0.0,0,0
107,0.0,0.06732673267326733,0.11000352009767247,1.0,-0.0,0,0
108,0.0,0.06732673267326733,0.11000352009767247,1.0,-0.0,0,0
109,0.0,0.06732673267326733,0.11000352009767247,1.0,-0.0,0,0
110,0.0,0.06732673267326733,0.11000352009767247,1.0,-0.0,0,0
111,0.0,0.06732673267326733,0.11000352009767247,1.0,-0.0,0,0
112,0.0,0.0,0.0,1.0,-0.0,0,0
113,0.0,0.0,0.0,1.0,-0.0,0,0
114,0.0,0.0,0.0,1.0,-0.0,0,0
115,0.0,0.0,0.0,1.0,-0.0,0,0
116,0.0,0.0,0.0,1.0,-0.0,0,0
117,0.0,0.0,0.0,1.0,-0.0,0,0
118,0.0,0.0,0.0,1.0,-0.0,0,0
119,0.0,0.0,0.0,1.0,-0.0,0,0
120,0.0,0.0,0.0,1.0,-0.0,0,0
121,0.0,0.0,0.0,1.0,-0.0,0,0
122,0.0,0.0,0.0,1.0,-0.0,0,0
123,0.0,0.0,0.0,1.0,-0.0,0,0
124,0.0,0.0,0.0,1.0,-0.0,0,0
125,0.0,0.019801980198019802,0.0597350618970232,1.0,-0.0,0,0
126,0.0,0.019801980198019802,0.0597350618970232,1.0,-0.0,0,0
127,0.0,0.019801980198019802,0.0597350618970232,1.0,-0.0,0,0
128,0.0,0.019801980198019802,0.0597350618970232,1.0,-0.0,0,0
129,0.0,0.019801980198019802,0.0597350618970232,1.0,-0.0,0,0
130,0.0,0.0,0.0,1.0,-0.0,0,0
131,0.0,0.0,0.0,1.0,-0.0,0,0
132,0.0,0.06732673267326733,0.10634234916512914,1.0,-0.0,0,0
133,0.0,0.06732673267326733,0.10634234916512914,1.0,-0.0,0,0
134,0.0,0.06732673267326733,0.10634234916512914,1.0,-0.0,0,0
135,0.0,0.06732673267326733,0.10634234916512914,1.0,-0.0,0,0
136,0.0,0.06732673267326733,0.10634234916512914,1.0,-0.0,0,0
137,0.0,0.027722772277227727,0.06910862719451544,1.0,-0.0,0,0
138,0.0,0.027722772277227727,0.06910862719451544,1.0,-0.0,0,0
139,0.0,0.027722772277227727,0.06910862719451544,1.0,-0.0,0,0
140,0.0,0.027722772277227727,0.06910862719451544,1.0,-0.0,0,0
141,0.0,0.027722772277227727,0.06910862719451544,1.0,-0.0,0,0
142,0.0,0.0,0.0,1.0,-0.0,0,0
143,0.0,0.0,0.0,1.0,-0.0,0,0
144,0.0,0.0,0.0,1.0,-0.0,0,0
145,0.0,0.0,0.0,1.0,-0.0,0,0
146,0.0,0.11881188118811878,0.12642288870900886,1.0,-0.0,0,0
147,0.0,0.1287128712871287,0.1337476815110359,1.0,-0.0,0,0
148,0.0,0.1287128712871287,0.1337476815110359,1.0,-0.0,0,0
149,0.0,0.1287128712871287,0.1337476815110359,1.0,-0.0,0,0
150,0.0,0.1465346534653465,0.13465346534653466,1.0,-0.0,0,0
151,0.0,0.02772277227722772,0.06910862719451544,1.0,-0.0,0,0
152,0.0,0.017821782178217824,0.05698017651460656,1.0,-0.0,0,0
153,0.0,0.017821782178217824,0.05698017651460656,1.0,-0.0,0,0
154,0.0,0.017821782178217824,0.05698017651460656,1.0,-0.0,0,0
155,0.0,0.0,0.0,1.0,-0.0,0,0
156,0.0,0.0,0.0,1.0,-0.0,0,0
157,0.0,0.0,0.0,1.0,-0.0,0,0
158,0.0,0.0,0.0,1.0,-0.0,0,0
159,0.0,0.0,0.0,1.0,-0.0,0,0
160,0.0,0.0,0.0,1.0,-0.0,0,0
161,0.0,0.0,0.0,1.0,-0.0,0,0
162,0.0,0.0,0.0,1.0,-0.0,0,0
163,0.0,0.0,0.0,1.0,-0.0,0,0
164,0.0,0.0,0.0,1.0,-0.0,0,0
165,0.0,0.07326732673267326,0.10798889666879984,1.0,-0.0,0,0
166,0.0,0.14257425742574253,0.14443233686186507,1.0,-0.0,0,0
167,0.0,0.1504950495049505,0.1526166246970114,1.0,-0.0,0,0
168,0.0,0.15445544554455443,0.15384494732320814,1.0,-0.0,0,0
169,0.0,0.2376237623762376,0.20042108402186132,1.0,-0.0,0,0
170,0.0,0.24752475247524752,0.19324947166345904,1.0,-0.0,0,0
171,0.0,0.1861386138613861,0.1694660823392845,1.0,-0.0,0,0
172,0.0,0.2613861386138614,0.21570528896865301,1.0,-0.0,0,0
173,0.0,0.3089108910891089,0.22254113421126812,1.0,-0.0,0,0
174,0.0,0.24356435643564353,0.2079679343067901,1.0,-0.0,0,0
175,0.0,0.1603960396039604,0.17353585980361697,1.0,-0.0,0,0
176,0.0,0.15445544554455443,0.16858452795083376,1.0,-0.0,0,0
177,0.0,0.06930693069306931,0.11409790329416186,1.0,-0.0,0,0
178,0.0,0.017821782178217824,0.05698017651460656,1.0,-0.0,0,0
179,0.0,0.0,0.0,1.0,-0.0,0,0
180,0.0,0.0,0.0,1.0,-0.0,0,0
181,0.0,0.0,0.0,1.0,-0.0,0,0
182,0.0,0.0,0.0,1.0,-0.0,0,0
183,0.0,0.0,0.0,1.0,-0.0,0,0
184,0.0,0.0,0.0,1.0,-0.0,0,0
185,0.0,0.0,0.0,1.0,-0.0,0,0
186,0.0,0.0,0.0,1.0,-0.0,0,0
187,0.0,0.0,0.0,1.0,-0.0,0,0
188,0.2,0.09504950495049505,0.13078304733432375,0.21113830602558958,0.6754329671360484,0,0
189,0.2,0.09504950495049505,0.13078304733432375,0.21113830602558958,0.6754329671360484,0,0
190,0.2,0.09504950495049505,0.13078304733432375,0.21113830602558958,0.6754329671360484,0,0
191,0.2,0.09504950495049505,0.13078304733432375,0.21113830602558958,0.6754329671360484,0,0
192,0.2,0.09504950495049505,0.13078304733432375,0.21113830602558958,0.6754329671360484,0,0
193,0.0,0.0,0.0,1.0,-0.0,0,0
194,0.0,0.0,0.0,1.0,-0.0,0,0
195,0.2,0.10693069306930691,0.13368903310588712,0.24316349850456426,0.6141016168491317,0,0
196,0.2,0.10693069306930691,0.13368903310588712,0.24316349850456426,0.6141016168491317,0,0
197,0.4,0.21584158415841584,0.18387074305594647,0.15827697765574322,0.8005822513044504,0,0
198,0.4,0.21584158415841584,0.18387074305594647,0.15827697765574322,0.8005822513044504,0,0
199,0.6,0.299009900990099,0.20221302829655033,0.06831214335844409,1.1655020880491542,0,0
200,0.6,0.27128712871287125,0.22792070605842626,0.07461949775266624,1.1271476784254453,0,0
201,0.6,0.27128712871287125,0.22792070605842626,0.07461949775266624,1.1271476784254453,0,0
202,0.6,0.2792079207920792,0.24223253359798858,0.09269929294465991,1.0329235783841293,0,0
203,0.6,0.2792079207920792,0.24223253359798858,0.09269929294465991,1.0329235783841293,0,0
204,0.6,0.3247524752475249,0.2467234554799607,0.1322942332683344,0.87845908638185,0,0
205,0.4,0.24554455445544554,0.2301634169670541,0.251088409642459,0.6001733340592754,0,0
206,0.4,0.24554455445544554,0.2301634169670541,0.251088409642459,0.6001733340592754,0,0
207,0.2,0.12871287128712872,0.1581681231502246,0.3261011693951096,0.48664764381614467,0,0
208,0.2,0.12871287128712872,0.1581681231502246,0.3261011693951096,0.48664764381614467,0,0
209,0.0,0.0,0.0,1.0,-0.0,0,0
210,0.0,0.015841584158415842,0.05401260078014202,1.0,-0.0,0,0
211,0.0,0.015841584158415842,0.05401260078014202,1.0,-0.0,0,0
212,0.0,0.015841584158415842,0.05401260078014202,1.0,-0.0,0,0
213,0.0,0.015841584158415842,0.05401260078014202,1.0,-0.0,0,0
214,0.0,0.015841584158415842,0.05401260078014202,1.0,-0.0,0,0
215,0.0,0.0,0.0,1.0,-0.0,0,0
216,0.0,0.0,0.0,1.0,-0.0,0,0
217,0.0,0.0,0.0,1.0,-0.0,0,0
218,0.0,0.0,0.0,1.0,-0.0,0,0
219,0.0,0.0,0.0,1.0,-0.0,0,0
220,0.0,0.0,0.0,1.0,-0.0,0,0
221,0.0,0.0,0.0,1.0,-0.0,0,0
222,0.0,0.0,0.0,1.0,-0.0,0,0
223,0.0,0.0,0.0,1.0,-0.0,0,0
224,0.0,0.0,0.0,1.0,-0.0,0,0
225,0.0,0.0,0.0,1.0,-0.0,0,0
226,0.0,0.0,0.0,1.0,-0.0,0,0
227,0.0,0.0,0.0,1.0,-0.0,0,0
228,0.0,0.0,0.0,1.0,-0.0,0,0
229,0.0,0.0,0.0,1.0,-0.0,0,0
230,0.0,0.0,0.0,1.0,-0.0,0,0
231,0.0,0.0,0.0,1.0,-0.0,0,0
232,0.0,0.0,0.0,1.0,-0.0,0,0
233,0.0,0.0,0.0,1.0,-0.0,0,0
234,0.0,0.0,0.0,1.0,-0.0,0,0
235,0.0,0.0,0.0,1.0,-0.0,0,0
236,0.0,0.0,0.0,1.0,-0.0,0,0
237,0.0,0.0,0.0,1.0,-0.0,0,0
238,0.0,0.0,0.0,1.0,-0.0,0,0
239,0.0,0.0,0.0,1.0,-0.0,0,0
240,0.0,0.0,0.0,1.0,-0.0,0,0
241,0.0,0.0,0.0,1.0,-0.0,0,0
242,0.0,0.0,0.0,1.0,-0.0,0,0
243,0.0,0.1188118811881188,0.15460769343321298,1.0,-0.0,0,0
244,0.0,0.1188118811881188,0.15460769343321298,1.0,-0.0,0,0
245,0.0,0.1188118811881188,0.15460769343321298,1.0,-0.0,0,0
246,0.0,0.1188118811881188,0.15460769343321298,1.0,-0.0,0,0
247,0.0,0.13267326732673265,0.16477341831853246,1.0,-0.0,0,0
248,0.0,0.10693069306930691,0.13661931335176508,1.0,-0.0,0,0
249,0.0,0.10693069306930691,0.13661931335176508,1.0,-0.0,0,0
250,0.0,0.10693069306930691,0.13661931335176508,1.0,-0.0,0,0
251,0.0,0.10693069306930691,0.13661931335176508,1.0,-0.0,0,0
252,0.0,0.18019801980198016,0.1700435599289386,1.0,-0.0,0,0
253,0.0,0.08514851485148513,0.130031327995105,1.0,-0.0,0,0
254,0.0,0.08514851485148513,0.130031327995105,1.0,-0.0,0,0
255,0.0,0.08514851485148513,0.130031327995105,1.0,-0.0,0,0
256,0.0,0.08514851485148513,0.130031327995105,1.0,-0.0,0,0
257,0.0,0.0,0.0,1.0,-0.0,0,0
258,0.0,0.0,0.0,1.0,-0.0,0,0
259,0.0,0.0,0.0,1.0,-0.0,0,0
260,0.0,0.0,0.0,1.0,-0.0,0,0
261,0.0,0.0,0.0,1.0,-0.0,0,0
262,0.0,0.0,0.0,1.0,-0.0,0,0
263,0.0,0.0,0.0,1.0,-0.0,0,0
264,0.0,0.0,0.0,1.0,-0.0,0,0
265,0.0,0.0,0.0,1.0,-0.0,0,0
266,0.0,0.0,0.0,1.0,-0.0,0,0
267,0.0,0.0,0.0,1.0,-0.0,0,0
268,0.0,0.0,0.0,1.0,-0.0,0,0
269,0.0,0.0,0.0,1.0,-0.0,0,0
270,0.0,0.0,0.0,1.0,-0.0,0,0
271,0.0,0.0,0.0,1.0,-0.0,0,0
272,0.0,0.0,0.0,1.0,-0.0,0,0
273,0.0,0.0,0.0,1.0,-0.0,0,0
274,0.0,0.07920792079207921,0.11285391563386142,1.0,-0.0,0,0
275,0.0,0.07920792079207921,0.11285391563386142,1.0,-0.0,0,0
276,0.0,0.07920792079207921,0.11285391563386142,1.0,-0.0,0,0
277,0.0,0.07920792079207921,0.11285391563386142,1.0,-0.0,0,0
278,0.0,0.07920792079207921,0.11285391563386142,1.0,-0.0,0,0
279,0.0,0.0,0.0,1.0,-0.0,0,0
280,0.0,0.0,0.0,1.0,-0.0,0,0
281,0.0,0.07524752475247526,0.11205191564986228,1.0,-0.0,0,0
282,0.0,0.07524752475247526,0.11205191564986228,1.0,-0.0,0,0
283,0.0,0.07524752475247526,0.11205191564986228,1.0,-0.0,0,0
284,0.0,0.07524752475247526,0.11205191564986228,1.0,-0.0,0,0
285,0.0,0.07524752475247526,0.11205191564986228,1.0,-0.0,0,0
286,0.0,0.0,0.0,1.0,-0.0,0,0
287,0.0,0.0,0.0,1.0,-0.0,0,0
288,0.0,0.09702970297029703,0.13383560593042218,1.0,-0.0,0,0
289,0.0,0.09702970297029703,0.13383560593042218,1.0,-0.0,0,0
290,0.0,0.09702970297029703,0.13383560593042218,1.0,-0.0,0,0
291,0.0,0.09702970297029703,0.13383560593042218,1.0,-0.0,0,0
292,0.0,0.09702970297029703,0.13383560593042218,1.0,-0.0,0,0
293,0.0,0.0,0.0,1.0,-0.0,0,0
294,0.0,0.0,0.0,1.0,-0.0,0,0
295,0.0,0.0,0.0,1.0,-0.0,0,0
296,0.0,0.0,0.0,1.0,-0.0,0,0
297,0.0,0.0,0.0,1.0,-0.0,0,0
298,0.0,0.0,0.0,1.0,-0.0,0,0
299,0.0,0.0,0.0,1.0,-0.0,0,0
300,0.0,0.0,0.0,1.0,-0.0,0,0
301,0.0,0.0,0.0,1.0,-0.0,0,0
302,0.0,0.10693069306930694,0.1530271610800924,1.0,-0.0,0,0
303,0.0,0.10693069306930694,0.1530271610800924,1.0,-0.0,0,0
304,0.0,0.10693069306930694,0.1530271610800924,1.0,-0.0,0,0
305,0.0,0.10693069306930694,0.1530271610800924,1.0,-0.0,0,0
306,0.0,0.10693069306930694,0.1530271610800924,1.0,-0.0,0,0
307,0.0,0.0,0.0,1.0,-0.0,0,0
308,0.0,0.0,0.0,1.0,-0.0,0,0
309,0.0,0.0,0.0,1.0,-0.0,0,0
310,0.0,0.0,0.0,1.0,-0.0,0,0
311,0.0,0.023762376237623766,0.07056843438101175,1.0,-0.0,0,0
312,0.0,0.023762376237623766,0.07056843438101175,1.0,-0.0,0,0
313,0.0,0.023762376237623766,0.07056843438101175,1.0,-0.0,0,0
314,0.0,0.023762376237623766,0.07056843438101175,1.0,-0.0,0,0
315,0.0,0.023762376237623766,0.07056843438101175,1.0,-0.0,0,0
316,0.0,0.0,0.0,1.0,-0.0,0,0
317,0.0,0.0,0.0,1.0,-0.0,0,0
318,0.0,0.0,0.0,1.0,-0.0,0,0
319,0.0,0.0,0.0,1.0,-0.0,0,0
320,0.0,0.0,0.0,1.0,-0.0,0,0
321,0.0,0.0,0.0,1.0,-0.0,0,0
322,0.0,0.08712871287128714,0.127165103825761,1.0,-0.0,0,0
323,0.0,0.08712871287128714,0.127165103825761,1.0,-0.0,0,0
324,0.0,0.08712871287128714,0.127165103825761,1.0,-0.0,0,0
325,0.0,0.08712871287128714,0.127165103825761,1.0,-0.0,0,0
326,0.0,0.08712871287128714,0.127165103825761,1.0,-0.0,0,0
327,0.0,0.0,0.0,1.0,-0.0,0,0
328,0.0,0.0,0.0,1.0,-0.0,0,0
329,0.0,0.0,0.0,1.0,-0.0,0,0
330,0.0,0.0,0.0,1.0,-0.0,0,0
331,0.0,0.0,0.0,1.0,-0.0,0,0
332,0.0,0.0,0.0,1.0,-0.0,0,0
333,0.0,0.0,0.0,1.0,-0.0,0,0
334,0.0,0.0,0.0,1.0,-0.0,0,0
335,0.0,0.0,0.0,1.0,-0.0,0,0
336,0.0,0.0,0.0,1.0,-0.0,0,0
337,0.0,0.0,0.0,1.0,-0.0,0,0
338,0.0,0.0,0.0,1.0,-0.0,0,0
339,0.0,0.0,0.0,1.0,-0.0,0,0
340,0.0,0.0,0.0,1.0,-0.0,0,0
341,0.0,0.0,0.0,1.0,-0.0,0,0
342,0.0,0.0,0.0,1.0,-0.0,0,0
343,0.0,0.0,0.0,1.0,-0.0,0,0
344,0.0,0.0,0.0,1.0,-0.0,0,0
345,0.0,0.0,0.0,1.0,-0.0,0,0
346,0.0,0.0,0.0,1.0,-0.0,0,0
347,0.0,0.0,0.0,1.0,-0.0,0,0
348,0.0,0.0,0.0,1.0,-0.0,0,0
349,0.0,0.0,0.0,1.0,-0.0,0,0
350,0.0,0.0,0.0,1.0,-0.0,0,0
351,0.0,0.0,0.0,1.0,-0.0,0,0
352,0.0,0.0,0.0,1.0,-0.0,0,0
353,0.0,0.0,0.0,1.0,-0.0,0,0
354,0.0,0.0,0.0,1.0,-0.0,0,0
355,0.0,0.0,0.0,1.0,-0.0,0,0
356,0.0,0.0,0.0,1.0,-0.0,0,0
357,0.0,0.0,0.0,1.0,-0.0,0,0
358,0.0,0.0,0.0,1.0,-0.0,0,0
359,0.0,0.0,0.0,1.0,-0.0,0,0
360,0.0,0.0,0.0,1.0,-0.0,0,0
361,0.0,0.0,0.0,1.0,-0.0,0,0
362,0.0,0.0,0.0,1.0,-0.0,0,0
363,0.0,0.0,0.0,1.0,-0.0,0,0
364,0.0,0.0,0.0,1.0,-0.0,0,0
365,0.0,0.0,0.0,1.0,-0.0,0,0
366,0.0,0.0,0.0,1.0,-0.0,0,0
367,0.0,0.0,0.0,1.0,-0.0,0,0
368,0.0,0.0,0.0,1.0,-0.0,0,0
369,0.0,0.0,0.0,1.0,-0.0,0,0
370,0.0,0.0,0.0,1.0,-0.0,0,0
371,0.0,0.0,0.0,1.0,-0.0,0,0
372,0.0,0.0,0.0,1.0,-0.0,0,0
373,0.0,0.0,0.0,1.0,-0.0,0,0
374,0.0,0.0,0.0,1.0,-0.0,0,0
375,0.0,0.0,0.0,1.0,-0.0,0,0
376,0.0,0.0,0.0,1.0,-0.0,0,0
