,foreground,bg_means,bg_stdev,pvals,minus_logs,regs,active
2,0.2,0.0594059405940594,0.10357779667819421,0.08733081746926054,1.0588324745635311,0,0
3,0.2,0.08712871287128712,0.12401163019288061,0.18136723570535113,0.7414411662151199,0,0
4,0.2,0.08712871287128712,0.12401163019288061,0.18136723570535113,0.7414411662151199,0,0
5,0.2,0.08712871287128712,0.12401163019288061,0.18136723570535113,0.7414411662151199,0,0
6,0.2,0.08712871287128712,0.12401163019288061,0.18136723570535113,0.7414411662151199,0,0
7,0.0,0.09108910891089109,0.1335716590419014,1.0,-0.0,0,0
8,0.0,0.06336633663366337,0.1158034971660471,1.0,-0.0,0,0
9,0.0,0.10693069306930691,0.13368903310588712,1.0,-0.0,0,0
10,0.0,0.14059405940594058,0.13943181578046687,1.0,-0.0,0,0
11,0.0,0.2198019801980198,0.17911764040705122,1.0,-0.0,0,0
12,0.0,0.15643564356435644,0.15821769786485684,1.0,-0.0,0,0
13,0.0,0.15643564356435644,0.15821769786485684,1.0,-0.0,0,0
14,0.0,0.11089108910891088,0.12420120222231065,1.0,-0.0,0,0
15,0.0,0.07920792079207921,0.09781456661567106,1.0,-0.0,0,0
16,0.0,0.0,0.0,1.0,-0.0,0,0
17,0.0,0.0,0.0,1.0,-0.0,0,0
18,0.0,0.0,0.0,1.0,-0.0,0,0
19,0.0,0.0,0.0,1.0,-0.0,0,0
20,0.0,0.0,0.0,1.0,-0.0,0,0
21,0.0,0.041584158415841586,0.08116396646304633,1.0,-0.0,0,0
22,0.0,0.041584158415841586,0.08116396646304633,1.0,-0.0,0,0
23,0.0,0.041584158415841586,0.08116396646304633,1.0,-0.0,0,0
24,0.0,0.041584158415841586,0.08116396646304633,1.0,-0.0,0,0
25,0.0,0.13861386138613857,0.15604664003838054,1.0,-0.0,0,0
26,0.2,0.12277227722772276,0.14884451859775158,0.3019332727396555,0.5200890255293896,0,0
27,0.2,0.2356435643564356,0.20176653424136176,1.0,-0.0,0,0
28,0.2,0.2356435643564356,0.20176653424136176,1.0,-0.0,0,0
29,0.2,0.2356435643564356,0.20176653424136176,1.0,-0.0,0,0
30,0.2,0.14851485148514848,0.16326729671147555,0.37625073766610245,0.4245226399323096,0,0
31,0.0,0.13663366336633662,0.14605218942246156,1.0,-0.0,0,0
32,0.0,0.023762376237623766,0.06471340450838887,1.0,-0.0,0,0
33,0.0,0.023762376237623766,0.06471340450838887,1.0,-0.0,0,0
34,0.0,0.023762376237623766,0.06471340450838887,1.0,-0.0,0,0
35,0.0,0.06930693069306931,0.10316052497133552,1.0,-0.0,0,0
36,0.0,0.05346534653465347,0.08851285797476045,1.0,-0.0,0,0
37,0.0,0.3495049504950495,0.2293442060026321,1.0,-0.0,0,0
38,0.0,0.3495049504950495,0.2293442060026321,1.0,-0.0,0,0
39,0.0,0.3495049504950495,0.2293442060026321,1.0,-0.0,0,0
40,0.0,0.34851485148514855,0.23148845164452578,1.0,-0.0,0,0
41,0.0,0.4000000000000001,0.25014847076434943,1.0,-0.0,0,0
42,0.0,0.21782178217821782,0.2126662609241008,1.0,-0.0,0,0
43,0.0,0.21782178217821782,0.2126662609241008,1.0,-0.0,0,0
44,0.0,0.21782178217821782,0.2126662609241008,1.0,-0.0,0,0
45,0.6,0.24158415841584152,0.21120461981740007,0.04484761336837921,1.3482606636237289,0,0
46,0.6,0.19009900990099005,0.18958263199843847,0.015304344036482308,1.81518528007783,0,0
47,0.6,0.07524752475247526,0.11891084986932621,5.097618751774492e-06,5.292632648308103,0,0
48,0.6,0.07524752475247526,0.11891084986932621,5.097618751774492e-06,5.292632648308103,0,0
49,0.6,0.07524752475247526,0.11891084986932621,5.097618751774492e-06,5.292632648308103,0,0
50,0.0,0.0,0.0,1.0,-0.0,0,0
51,0.0,0.22772277227722773,0.20877711450451014,1.0,-0.0,0,0
52,0.0,0.22772277227722773,0.20877711450451014,1.0,-0.0,0,0
53,0.0,0.22772277227722773,0.20877711450451014,1.0,-0.0,0,0
54,0.0,0.2851485148514852,0.23938292726117907,1.0,-0.0,0,0
55,0.0,0.2851485148514852,0.23938292726117907,1.0,-0.0,0,0
56,0.0,0.05742574257425742,0.09048443294095733,1.0,-0.0,0,0
57,0.0,0.05742574257425742,0.09048443294095733,1.0,-0.0,0,0
58,0.0,0.09702970297029703,0.12464241569787102,1.0,-0.0,0,0
59,0.0,0.039603960396039604,0.07970143286137865,1.0,-0.0,0,0
60,0.0,0.039603960396039604,0.07970143286137865,1.0,-0.0,0,0
61,0.0,0.14257425742574256,0.14443233686186507,1.0,-0.0,0,0
62,0.0,0.18217821782178212,0.15694865125096522,1.0,-0.0,0,0
63,0.0,0.14257425742574256,0.16004116713803365,1.0,-0.0,0,0
64,0.0,0.17029702970297025,0.1601636257733956,1.0,-0.0,0,0
65,0.0,0.20198019801980197,0.17909574739952497,1.0,-0.0,0,0
66,0.0,0.09900990099009901,0.11814997140733703,1.0,-0.0,0,0
67,0.0,0.05940594059405942,0.0996808946427978,1.0,-0.0,0,0
68,0.0,0.05940594059405942,0.0996808946427978,1.0,-0.0,0,0
69,0.0,0.031683168316831684,0.0730260947112308,1.0,-0.0,0,0
70,0.0,0.0,0.0,1.0,-0.0,0,0
71,0.0,0.0,0.0,1.0,-0.0,0,0
72,0.0,0.0,0.0,1.0,-0.0,0,0
73,0.0,0.0,0.0,1.0,-0.0,0,0
74,0.0,0.0,0.0,1.0,-0.0,0,0
75,0.0,0.0,0.0,1.0,-0.0,0,0
76,0.0,0.0,0.0,1.0,-0.0,0,0
77,0.0,0.0,0.0,1.0,-0.0,0,0
78,0.0,0.0,0.0,1.0,-0.0,0,0
79,0.0,0.0,0.0,1.0,-0.0,0,0
80,0.0,0.047524752475247525,0.09397077637785882,1.0,-0.0,0,0
81,0.0,0.047524752475247525,0.09397077637785882,1.0,-0.0,0,0
82,0.0,0.07326732673267328,0.12498799079651089,1.0,-0.0,0,0
83,0.0,0.07326732673267328,0.12498799079651089,1.0,-0.0,0,0
84,0.0,0.07326732673267328,0.12498799079651089,1.0,-0.0,0,0
85,0.0,0.025742574257425748,0.06697637435757531,1.0,-0.0,0,0
86,0.0,0.025742574257425748,0.06697637435757531,1.0,-0.0,0,0
87,0.2,0.14059405940594058,0.16541470107292752,0.359747655937842,0.44400202718031356,0,0
88,0.2,0.14059405940594058,0.16541470107292752,0.359747655937842,0.44400202718031356,0,0
89,0.2,0.14059405940594058,0.16541470107292752,0.359747655937842,0.44400202718031356,0,0
90,0.2,0.16831683168316833,0.16823527435849064,0.42531033805401197,0.37129406072532756,0,0
91,0.2,0.1900990099009901,0.17883282225545563,0.4779240379744264,0.32064112537561174,0,0
92,0.0,0.047524752475247525,0.08512548617902845,1.0,-0.0,0,0
93,0.0,0.047524752475247525,0.08512548617902845,1.0,-0.0,0,0
94,0.0,0.047524752475247525,0.08512548617902845,1.0,-0.0,0,0
95,0.2,0.1643564356435643,0.1499730394357346,0.4060698919900718,0.39139921003547573,0,0
96,0.4,0.36039603960396044,0.22342039932781524,0.42965127498651423,0.3668838951044006,0,0
97,0.4,0.36039603960396044,0.22342039932781524,0.42965127498651423,0.3668838951044006,0,0
98,0.4,0.36039603960396044,0.22342039932781524,0.42965127498651423,0.3668838951044006,0,0
99,0.4,0.36039603960396044,0.22342039932781524,0.42965127498651423,0.3668838951044006,0,0
100,0.2,0.2178217821782178,0.18476425418501982,1.0,-0.0,0,0
101,0.0,0.0,0.0,1.0,-0.0,0,0
102,0.2,0.041584158415841586,0.08116396646304633,0.025480968483881664,1.5937840693032386,0,0
103,0.4,0.07722772277227724,0.11247106393000339,0.0020534947914925385,2.6875063943583775,0,0
104,0.4,0.07722772277227724,0.11247106393000339,0.0020534947914925385,2.6875063943583775,0,0
105,0.4,0.07722772277227724,0.11247106393000339,0.0020534947914925385,2.6875063943583775,0,0
106,1.0,0.19405940594059404,0.1699282214093064,1.053767821032923e-06,5.977255067635705,0,0
