,foreground,bg_means,bg_stdev,pvals,minus_logs,regs,active
2,0.0,0.011881188118811883,0.047276579747775535,1.0,-0.0,0,0
3,0.0,0.011881188118811883,0.047276579747775535,1.0,-0.0,0,0
4,0.4,0.07326732673267328,0.1115960618107356,0.0017067629990529696,2.7678267807888814,0,0
5,0.4,0.0613861386138614,0.10046456153636296,0.0003751858686978896,3.425753527601354,0,0
6,0.4,0.0613861386138614,0.10046456153636296,0.0003751858686978896,3.425753527601354,0,0
7,0.4,0.08514851485148517,0.11025275966000045,0.0021469390515691075,2.6681802843680966,0,0
8,0.4,0.17029702970297028,0.17436990069505995,0.09386375828337624,1.0275020607238352,0,0
9,0.0,0.10693069306930694,0.14776046024695158,1.0,-0.0,0,0
10,0.0,0.10693069306930694,0.14776046024695158,1.0,-0.0,0,0
11,0.0,0.10693069306930694,0.14776046024695158,1.0,-0.0,0,0
12,0.0,0.08316831683168316,0.12978985828256587,1.0,-0.0,0,0
13,0.0,0.0,0.0,1.0,-0.0,0,0
14,0.0,0.0,0.0,1.0,-0.0,0,0
15,0.0,0.0,0.0,1.0,-0.0,0,0
16,0.0,0.0,0.0,1.0,-0.0,0,0
17,0.0,0.0,0.0,1.0,-0.0,0,0
18,0.0,0.017821782178217824,0.05698017651460656,1.0,-0.0,0,0
19,0.0,0.017821782178217824,0.05698017651460656,1.0,-0.0,0,0
20,0.0,0.017821782178217824,0.05698017651460656,1.0,-0.0,0,0
21,0.0,0.017821782178217824,0.05698017651460656,1.0,-0.0,0,0
22,0.0,0.017821782178217824,0.05698017651460656,1.0,-0.0,0,0
23,0.0,0.0,0.0,1.0,-0.0,0,0
24,0.0,0.0,0.0,1.0,-0.0,0,0
25,0.0,0.041584158415841586,0.09039772047931348,1.0,-0.0,0,0
26,0.0,0.041584158415841586,0.09039772047931348,1.0,-0.0,0,0
27,0.0,0.041584158415841586,0.09039772047931348,1.0,-0.0,0,0
28,0.0,0.08514851485148514,0.130031327995105,1.0,-0.0,0,0
29,0.0,0.08514851485148514,0.130031327995105,1.0,-0.0,0,0
30,0.0,0.04356435643564357,0.09164702150816742,1.0,-0.0,0,0
31,0.0,0.04356435643564357,0.09164702150816742,1.0,-0.0,0,0
32,0.2,0.07524752475247526,0.1189108498693262,0.1470600443380226,0.8325053074261874,0,0
33,0.2,0.031683168316831684,0.0730260947112308,0.01058647624307391,1.9752485727397298,0,0
34,0.2,0.031683168316831684,0.0730260947112308,0.01058647624307391,1.9752485727397298,0,0
35,0.2,0.031683168316831684,0.0730260947112308,0.01058647624307391,1.9752485727397298,0,0
36,0.4,0.04554455445544555,0.08846854615322249,3.080340316499904e-05,4.51140129992379,0,0
37,0.2,0.01386138613861386,0.05079507064705211,0.00012391038159364294,3.90689230556944,0,0
38,0.2,0.01386138613861386,0.05079507064705211,0.00012391038159364294,3.90689230556944,0,0
39,0.2,0.01386138613861386,0.05079507064705211,0.00012391038159364294,3.90689230556944,0,0
40,0.2,0.01386138613861386,0.05079507064705211,0.00012391038159364294,3.90689230556944,0,0
41,0.0,0.0,0.0,1.0,-0.0,0,0
42,0.0,0.0,0.0,1.0,-0.0,0,0
43,0.0,0.0,0.0,1.0,-0.0,0,0
44,0.0,0.0,0.0,1.0,-0.0,0,0
45,0.0,0.0,0.0,1.0,-0.0,0,0
46,0.0,0.0,0.0,1.0,-0.0,0,0
47,0.0,0.0,0.0,1.0,-0.0,0,0
48,0.0,0.0,0.0,1.0,-0.0,0,0
49,0.0,0.021782178217821784,0.06230547612891991,1.0,-0.0,0,0
50,0.0,0.12673267326732673,0.16343532896604632,1.0,-0.0,0,0
51,0.0,0.12673267326732673,0.16343532896604632,1.0,-0.0,0,0
52,0.0,0.16237623762376235,0.1795767770099744,1.0,-0.0,0,0
53,0.0,0.16237623762376235,0.1795767770099744,1.0,-0.0,0,0
54,0.0,0.1396039603960396,0.16294274516570856,1.0,-0.0,0,0
55,0.0,0.22970297029702966,0.21133454050622985,1.0,-0.0,0,0
56,0.0,0.22970297029702966,0.21133454050622985,1.0,-0.0,0,0
57,0.0,0.19603960396039602,0.20677667298545127,1.0,-0.0,0,0
58,0.0,0.19603960396039602,0.20677667298545127,1.0,-0.0,0,0
59,0.0,0.19603960396039602,0.20677667298545127,1.0,-0.0,0,0
60,0.0,0.0,0.0,1.0,-0.0,0,0
61,0.0,0.0,0.0,1.0,-0.0,0,0
62,0.0,0.0,0.0,1.0,-0.0,0,0
63,0.0,0.0,0.0,1.0,-0.0,0,0
64,0.0,0.02970297029702971,0.07648795214189293,1.0,-0.0,0,0
65,0.0,0.047524752475247525,0.0939707763778588,1.0,-0.0,0,0
66,0.0,0.06930693069306931,0.10316052497133552,1.0,-0.0,0,0
67,0.0,0.06930693069306931,0.10316052497133552,1.0,-0.0,0,0
68,0.0,0.06930693069306931,0.10316052497133552,1.0,-0.0,0,0
69,0.0,0.039603960396039604,0.07970143286137865,1.0,-0.0,0,0
70,0.0,0.021782178217821784,0.06230547612891991,1.0,-0.0,0,0
71,0.0,0.02772277227722772,0.06910862719451544,1.0,-0.0,0,0
72,0.0,0.033663366336633666,0.07482947971362847,1.0,-0.0,0,0
73,0.0,0.033663366336633666,0.07482947971362847,1.0,-0.0,0,0
74,0.0,0.033663366336633666,0.07482947971362847,1.0,-0.0,0,0
75,0.0,0.033663366336633666,0.07482947971362847,1.0,-0.0,0,0
76,0.0,0.0059405940594059415,0.03395332316729158,1.0,-0.0,0,0
77,0.0,0.14059405940594058,0.17920518569106958,1.0,-0.0,0,0
78,0.0,0.14059405940594058,0.17920518569106958,1.0,-0.0,0,0
79,0.0,0.14059405940594058,0.17920518569106958,1.0,-0.0,0,0
80,0.0,0.14059405940594058,0.17920518569106958,1.0,-0.0,0,0
81,0.0,0.14059405940594058,0.17920518569106958,1.0,-0.0,0,0
82,0.0,0.0,0.0,1.0,-0.0,0,0
83,0.0,0.043564356435643575,0.0916470215081674,1.0,-0.0,0,0
84,0.0,0.043564356435643575,0.0916470215081674,1.0,-0.0,0,0
85,0.0,0.043564356435643575,0.0916470215081674,1.0,-0.0,0,0
86,0.0,0.043564356435643575,0.0916470215081674,1.0,-0.0,0,0
87,0.0,0.043564356435643575,0.0916470215081674,1.0,-0.0,0,0
88,0.0,0.013861386138613863,0.050795070647052104,1.0,-0.0,0,0
89,0.0,0.1306930693069307,0.1602859908502817,1.0,-0.0,0,0
90,0.0,0.1306930693069307,0.1602859908502817,1.0,-0.0,0,0
91,0.0,0.3247524752475249,0.22312183795648752,1.0,-0.0,0,0
92,0.0,0.3247524752475249,0.22312183795648752,1.0,-0.0,0,0
93,0.0,0.3267326732673268,0.2350020387983651,1.0,-0.0,0,0
94,0.0,0.2099009900990099,0.19776220869301223,1.0,-0.0,0,0
95,0.0,0.2099009900990099,0.19776220869301223,1.0,-0.0,0,0
96,0.0,0.015841584158415842,0.06090517425437506,1.0,-0.0,0,0
97,0.0,0.07326732673267328,0.12498799079651089,1.0,-0.0,0,0
98,0.0,0.057425742574257435,0.11021718851545143,1.0,-0.0,0,0
99,0.0,0.057425742574257435,0.11021718851545143,1.0,-0.0,0,0
100,0.0,0.10099009900990098,0.14246420394934614,1.0,-0.0,0,0
101,0.0,0.12673267326732673,0.15851482056387725,1.0,-0.0,0,0
102,0.0,0.0693069306930693,0.11057238501634628,1.0,-0.0,0,0
103,0.0,0.0693069306930693,0.11057238501634628,1.0,-0.0,0,0
104,0.0,0.10693069306930691,0.1336890331058871,1.0,-0.0,0,0
105,0.0,0.06336633663366337,0.10504385908811757,1.0,-0.0,0,0
106,0.0,0.03762376237623763,0.07816140339006158,1.0,-0.0,0,0
107,0.0,0.03762376237623763,0.07816140339006158,1.0,-0.0,0,0
108,0.0,0.03762376237623763,0.07816140339006158,1.0,-0.0,0,0
109,0.0,0.0,0.0,1.0,-0.0,0,0
110,0.0,0.09306930693069305,0.1306930693069307,1.0,-0.0,0,0
111,0.0,0.09306930693069305,0.1306930693069307,1.0,-0.0,0,0
112,0.0,0.09306930693069305,0.1306930693069307,1.0,-0.0,0,0
113,0.0,0.1584158415841584,0.1672534844655737,1.0,-0.0,0,0
114,0.0,0.1584158415841584,0.1672534844655737,1.0,-0.0,0,0
115,0.0,0.06336633663366338,0.10874875419996817,1.0,-0.0,0,0
116,0.0,0.1386138613861386,0.1427941099193659,1.0,-0.0,0,0
117,0.0,0.1386138613861386,0.1427941099193659,1.0,-0.0,0,0
118,0.0,0.07326732673267328,0.10798889666879985,1.0,-0.0,0,0
119,0.0,0.07326732673267328,0.10798889666879985,1.0,-0.0,0,0
120,0.0,0.07326732673267328,0.10798889666879985,1.0,-0.0,0,0
121,0.0,0.0,0.0,1.0,-0.0,0,0
122,0.0,0.0,0.0,1.0,-0.0,0,0
123,0.0,0.0,0.0,1.0,-0.0,0,0
124,0.0,0.0,0.0,1.0,-0.0,0,0
125,0.0,0.0,0.0,1.0,-0.0,0,0
126,0.0,0.0,0.0,1.0,-0.0,0,0
127,0.0,0.0,0.0,1.0,-0.0,0,0
128,0.0,0.0,0.0,1.0,-0.0,0,0
129,0.0,0.0,0.0,1.0,-0.0,0,0
130,0.0,0.0297029702970297,0.07648795214189293,1.0,-0.0,0,0
131,0.0,0.0297029702970297,0.07648795214189293,1.0,-0.0,0,0
132,0.0,0.0297029702970297,0.07648795214189293,1.0,-0.0,0,0
133,0.0,0.0297029702970297,0.07648795214189293,1.0,-0.0,0,0
134,0.0,0.0594059405940594,0.11096178792967841,1.0,-0.0,0,0
135,0.0,0.07920792079207921,0.1261123431927973,1.0,-0.0,0,0
136,0.0,0.07920792079207921,0.1261123431927973,1.0,-0.0,0,0
137,0.0,0.1346534653465346,0.14380655568606182,1.0,-0.0,0,0
138,0.0,0.1346534653465346,0.14380655568606182,1.0,-0.0,0,0
139,0.0,0.10297029702970295,0.13383560593042218,1.0,-0.0,0,0
140,0.0,0.06930693069306931,0.12722675963729912,1.0,-0.0,0,0
141,0.0,0.06930693069306931,0.12722675963729912,1.0,-0.0,0,0
142,0.0,0.015841584158415842,0.06090517425437506,1.0,-0.0,0,0
143,0.0,0.015841584158415842,0.06090517425437506,1.0,-0.0,0,0
144,0.4,0.22970297029702966,0.19778203547221818,0.19460969689729313,0.7108355237590085,0,0
145,0.4,0.21386138613861383,0.1893342703651726,0.1627737933656077,0.788415515373482,0,0
146,0.4,0.21386138613861383,0.1893342703651726,0.1627737933656077,0.788415515373482,0,0
147,0.4,0.5495049504950495,0.30102917932847595,1.0,-0.0,0,0
148,0.4,0.5495049504950495,0.30102917932847595,1.0,-0.0,0,0
149,0.0,0.33663366336633654,0.23196225891262373,1.0,-0.0,0,0
150,0.0,0.33663366336633654,0.23196225891262373,1.0,-0.0,0,0
151,0.0,0.33663366336633654,0.23196225891262373,1.0,-0.0,0,0
152,0.0,0.0,0.0,1.0,-0.0,0,0
153,0.0,0.0,0.0,1.0,-0.0,0,0
154,0.0,0.0,0.0,1.0,-0.0,0,0
155,0.6,0.2158415841584158,0.2210383566316963,0.04110789728428379,1.3860747373083808,0,0
156,0.6,0.2158415841584158,0.2210383566316963,0.04110789728428379,1.3860747373083808,0,0
157,0.6,0.2534653465346534,0.24192477205484933,0.07601373755626026,1.1191079129069526,0,0
158,0.6,0.2534653465346534,0.24192477205484933,0.07601373755626026,1.1191079129069526,0,0
159,0.8,0.2792079207920792,0.25027384276608816,0.01872203493045196,1.7276469488118051,0,0
160,0.2,0.06336633663366338,0.10874875419996817,0.10448261079208833,0.9809559838634979,0,0
161,0.2,0.06336633663366338,0.10874875419996817,0.10448261079208833,0.9809559838634979,0,0
162,0.6,0.07524752475247526,0.12219602867755656,8.760307589782653e-06,5.057480644722322,0,0
163,0.6,0.07524752475247526,0.12219602867755656,8.760307589782653e-06,5.057480644722322,0,0
164,0.6,0.11485148514851483,0.13886822488939993,0.00023828697339413812,3.622899698894329,0,0
165,1.0,0.2158415841584158,0.17504323271769953,3.7356764320349144e-06,5.427630747502801,0,0
166,1.0,0.2158415841584158,0.17504323271769953,3.7356764320349144e-06,5.427630747502801,0,0
167,0.6,0.16633663366336632,0.1464275766125636,0.0015301082007044202,2.815277857216807,0,0
168,0.6,0.1900990099009901,0.15511410714903873,0.00411388630829216,2.385747714674261,0,0
169,1.6,0.24356435643564353,0.20986362454640434,5.118312268063926e-11,10.290873221348408,0,0
170,1.2,0.14356435643564355,0.16674866459848459,1.1828881481550952e-10,9.9270563195611,0,0
171,1.2,0.14356435643564355,0.16674866459848459,1.1828881481550952e-10,9.9270563195611,0,0
172,1.2,0.14356435643564355,0.16674866459848459,1.1828881481550952e-10,9.9270563195611,0,0
173,1.2,0.1188118811881188,0.15202453637757812,5.721594729526106e-13,12.242482907272416,0,0
174,0.0,0.0,0.0,1.0,-0.0,0,0
175,0.0,0.03960396039603961,0.07970143286137867,1.0,-0.0,0,0
176,0.0,0.07722772277227724,0.10889288780093087,1.0,-0.0,0,0
177,0.0,0.1069306930693069,0.13661931335176508,1.0,-0.0,0,0
178,0.0,0.12277227722772276,0.14615954128511632,1.0,-0.0,0,0
179,0.0,0.12277227722772276,0.14615954128511632,1.0,-0.0,0,0
180,0.0,0.08316831683168316,0.12670172889541698,1.0,-0.0,0,0
181,0.0,0.04554455445544555,0.09700949476369022,1.0,-0.0,0,0
182,0.2,0.05346534653465348,0.10104832334394513,0.07350913727109526,1.1336586742521855,0,0
183,0.2,0.03762376237623763,0.07816140339006158,0.01888012292982573,1.723995182306426,0,0
184,0.2,0.049504950495049514,0.09078727434730813,0.04869237040212954,1.3125390829709087,0,0
185,0.2,0.049504950495049514,0.09078727434730813,0.04869237040212954,1.3125390829709087,0,0
186,0.2,0.049504950495049514,0.09078727434730813,0.04869237040212954,1.3125390829709087,0,0
187,0.0,0.011881188118811883,0.047276579747775535,1.0,-0.0,0,0
188,0.0,0.3227722772277228,0.22685154046130196,1.0,-0.0,0,0
189,0.0,0.31089108910891083,0.2224530165541959,1.0,-0.0,0,0
190,0.0,0.36633663366336633,0.24057572354039505,1.0,-0.0,0,0
191,0.0,0.5544554455445545,0.2936707769639725,1.0,-0.0,0,0
192,0.0,0.5544554455445545,0.2936707769639725,1.0,-0.0,0,0
193,0.0,0.2435643564356435,0.20605480458342282,1.0,-0.0,0,0
194,0.0,0.2435643564356435,0.20605480458342282,1.0,-0.0,0,0
195,0.0,0.18811881188118812,0.17760069168141515,1.0,-0.0,0,0
196,0.0,0.1089108910891089,0.14765427233510695,1.0,-0.0,0,0
197,0.0,0.1089108910891089,0.14765427233510695,1.0,-0.0,0,0
198,0.0,0.1089108910891089,0.14765427233510695,1.0,-0.0,0,0
199,0.0,0.1089108910891089,0.14765427233510695,1.0,-0.0,0,0
200,0.0,0.1089108910891089,0.14765427233510695,1.0,-0.0,0,0
201,0.0,0.0,0.0,1.0,-0.0,0,0
202,0.0,0.0,0.0,1.0,-0.0,0,0
203,0.0,0.13267326732673268,0.1414975848312859,1.0,-0.0,0,0
204,0.0,0.13267326732673268,0.1414975848312859,1.0,-0.0,0,0
205,0.0,0.13267326732673268,0.1414975848312859,1.0,-0.0,0,0
206,0.0,0.13267326732673268,0.1414975848312859,1.0,-0.0,0,0
207,0.0,0.13267326732673268,0.1414975848312859,1.0,-0.0,0,0
208,0.0,0.023762376237623766,0.07056843438101175,1.0,-0.0,0,0
209,0.0,0.06336633663366338,0.11580349716604711,1.0,-0.0,0,0
210,0.0,0.1485148514851485,0.1859489237793027,1.0,-0.0,0,0
211,0.0,0.1485148514851485,0.1859489237793027,1.0,-0.0,0,0
212,0.0,0.2079207920792079,0.1948257247722589,1.0,-0.0,0,0
213,0.0,0.18415841584158413,0.17504323271769953,1.0,-0.0,0,0
214,0.0,0.17227722772277224,0.15927982219556597,1.0,-0.0,0,0
215,0.0,0.08514851485148517,0.11378818137472192,1.0,-0.0,0,0
216,0.0,0.08514851485148517,0.11378818137472192,1.0,-0.0,0,0
217,0.0,0.05544554455445545,0.09797478714338996,1.0,-0.0,0,0
218,0.0,0.09504950495049505,0.1277189346265117,1.0,-0.0,0,0
219,0.0,0.06732673267326734,0.11000352009767249,1.0,-0.0,0,0
220,0.0,0.06732673267326734,0.11000352009767249,1.0,-0.0,0,0
221,0.0,0.2574257425742575,0.24589562893109523,1.0,-0.0,0,0
222,0.0,0.22970297029702966,0.2168836684371179,1.0,-0.0,0,0
223,0.2,0.20198019801980197,0.197999999009802,1.0,-0.0,0,0
224,0.2,0.20198019801980197,0.197999999009802,1.0,-0.0,0,0
225,0.8,0.34059405940594073,0.22610705333684253,0.02108658864088018,1.6759936741379609,0,0
226,0.8,0.16633663366336632,0.18683249644342295,0.00034741359296976544,3.459153193268677,0,0
227,0.8,0.16633663366336632,0.18683249644342295,0.00034741359296976544,3.459153193268677,0,0
228,0.6,0.15445544554455443,0.18213516495155513,0.007217938348202486,2.1415868317735756,0,0
229,0.6,0.15445544554455443,0.18213516495155513,0.007217938348202486,2.1415868317735756,0,0
230,0.0,0.05742574257425742,0.09885135821266286,1.0,-0.0,0,0
231,0.0,0.041584158415841586,0.08116396646304633,1.0,-0.0,0,0
232,0.0,0.07920792079207921,0.1322440226302099,1.0,-0.0,0,0
233,0.0,0.07920792079207921,0.1322440226302099,1.0,-0.0,0,0
234,0.0,0.07920792079207921,0.1322440226302099,1.0,-0.0,0,0
235,0.0,0.03762376237623762,0.09631989312487374,1.0,-0.0,0,0
236,0.0,0.04356435643564357,0.09991664009142863,1.0,-0.0,0,0
237,0.0,0.0059405940594059415,0.03395332316729158,1.0,-0.0,0,0
238,0.2,0.2356435643564356,0.22231195565443468,1.0,-0.0,0,0
239,0.2,0.27524752475247527,0.2352188534716693,1.0,-0.0,0,0
240,0.2,0.6,0.3270025887807418,1.0,-0.0,0,0
241,0.2,0.5940594059405941,0.3335443569528536,1.0,-0.0,0,0
242,0.2,0.5940594059405941,0.3335443569528536,1.0,-0.0,0,0
243,0.0,0.36435643564356446,0.234450762597064,1.0,-0.0,0,0
244,0.0,0.3247524752475248,0.21954315329164675,1.0,-0.0,0,0
245,0.0,0.0,0.0,1.0,-0.0,0,0
