,foreground,bg_means,bg_stdev,pvals,minus_logs,regs,active
2,0.0,0.041584158415841586,0.08116396646304633,1.0,-0.0,0,0
3,0.0,0.041584158415841586,0.08116396646304633,1.0,-0.0,0,0
4,0.0,0.041584158415841586,0.08116396646304633,1.0,-0.0,0,0
5,0.0,0.07524752475247526,0.12219602867755656,1.0,-0.0,0,0
6,0.0,0.07524752475247526,0.12219602867755656,1.0,-0.0,0,0
7,0.0,0.18613861386138608,0.1623037751861083,1.0,-0.0,0,0
8,0.0,0.18613861386138608,0.1623037751861083,1.0,-0.0,0,0
9,0.0,0.18613861386138608,0.1623037751861083,1.0,-0.0,0,0
10,0.0,0.1881188118811881,0.14575656411546886,1.0,-0.0,0,0
11,0.0,0.2079207920792079,0.1564982955127068,1.0,-0.0,0,0
12,0.0,0.05544554455445545,0.09384550979067555,1.0,-0.0,0,0
13,0.0,0.05544554455445545,0.09384550979067555,1.0,-0.0,0,0
14,0.0,0.05544554455445545,0.09384550979067555,1.0,-0.0,0,0
15,0.0,0.019801980198019802,0.059735061897023205,1.0,-0.0,0,0
16,0.0,0.0,0.0,1.0,-0.0,0,0
17,0.0,0.0,0.0,1.0,-0.0,0,0
18,0.0,0.0,0.0,1.0,-0.0,0,0
19,0.0,0.06930693069306931,0.0951731868570132,1.0,-0.0,0,0
20,0.0,0.06930693069306931,0.0951731868570132,1.0,-0.0,0,0
21,0.0,0.06930693069306931,0.0951731868570132,1.0,-0.0,0,0
22,0.0,0.12673267326732673,0.12498799079651089,1.0,-0.0,0,0
23,0.0,0.12673267326732673,0.12498799079651089,1.0,-0.0,0,0
24,0.0,0.10297029702970295,0.127780323207142,1.0,-0.0,0,0
25,0.0,0.10297029702970295,0.127780323207142,1.0,-0.0,0,0
26,0.0,0.10297029702970295,0.127780323207142,1.0,-0.0,0,0
27,0.0,0.04752475247524753,0.08512548617902843,1.0,-0.0,0,0
28,0.0,0.04752475247524753,0.08512548617902843,1.0,-0.0,0,0
29,0.0,0.0,0.0,1.0,-0.0,0,0
30,0.0,0.0,0.0,1.0,-0.0,0,0
31,0.0,0.09306930693069305,0.09975953835889108,1.0,-0.0,0,0
32,0.0,0.09306930693069305,0.09975953835889108,1.0,-0.0,0,0
33,0.0,0.09306930693069305,0.09975953835889108,1.0,-0.0,0,0
34,0.0,0.09306930693069305,0.09975953835889108,1.0,-0.0,0,0
35,0.0,0.09306930693069305,0.09975953835889108,1.0,-0.0,0,0
36,0.0,0.0,0.0,1.0,-0.0,0,0
37,0.0,0.0,0.0,1.0,-0.0,0,0
38,0.0,0.0,0.0,1.0,-0.0,0,0
39,0.0,0.023762376237623766,0.06471340450838887,1.0,-0.0,0,0
40,0.0,0.0712871287128713,0.11110305060677653,1.0,-0.0,0,0
41,0.0,0.0712871287128713,0.11110305060677653,1.0,-0.0,0,0
42,0.6,0.3485148514851486,0.20227119398977025,0.10687740188446516,0.9711141121379409,0,0
43,0.6,0.38811881188118824,0.22833323256078536,0.17671747457707654,0.7527205034804251,0,0
44,0.6,0.36435643564356446,0.22759359228823137,0.15024808885704094,0.8231910434790997,0,0
45,0.8,0.3603960396039604,0.22693795022349614,0.026365898721271406,1.578957420500288,0,0
46,0.8,0.3603960396039604,0.22693795022349614,0.026365898721271406,1.578957420500288,0,0
47,0.2,0.08316831683168317,0.11694909354640316,0.15889830100735314,0.798880746386554,0,0
48,0.2,0.04356435643564357,0.08255312311158745,0.029048226759887566,1.5368803738382273,0,0
49,0.2,0.04356435643564357,0.08255312311158745,0.029048226759887566,1.5368803738382273,0,0
50,0.0,0.0,0.0,1.0,-0.0,0,0
51,0.0,0.0,0.0,1.0,-0.0,0,0
52,0.0,0.0,0.0,1.0,-0.0,0,0
53,0.0,0.0,0.0,1.0,-0.0,0,0
54,0.0,0.0,0.0,1.0,-0.0,0,0
55,0.0,0.0,0.0,1.0,-0.0,0,0
56,0.0,0.0,0.0,1.0,-0.0,0,0
57,0.0,0.0,0.0,1.0,-0.0,0,0
58,0.0,0.0,0.0,1.0,-0.0,0,0
59,0.0,0.0,0.0,1.0,-0.0,0,0
60,0.0,0.0,0.0,1.0,-0.0,0,0
61,0.0,0.0,0.0,1.0,-0.0,0,0
62,0.0,0.0,0.0,1.0,-0.0,0,0
63,0.0,0.05544554455445544,0.08952597667688962,1.0,-0.0,0,0
64,0.0,0.05544554455445544,0.08952597667688962,1.0,-0.0,0,0
65,0.0,0.09702970297029703,0.09995587694355616,1.0,-0.0,0,0
66,0.0,0.09702970297029703,0.09995587694355616,1.0,-0.0,0,0
67,0.0,0.09702970297029703,0.09995587694355616,1.0,-0.0,0,0
68,0.0,0.041584158415841586,0.08116396646304633,1.0,-0.0,0,0
69,0.0,0.041584158415841586,0.08116396646304633,1.0,-0.0,0,0
70,0.0,0.0,0.0,1.0,-0.0,0,0
71,0.0,0.05148514851485149,0.08744317689433512,1.0,-0.0,0,0
72,0.0,0.07920792079207921,0.11631029826208643,1.0,-0.0,0,0
73,0.0,0.15643564356435644,0.15569444662458046,1.0,-0.0,0,0
74,0.0,0.15643564356435644,0.15569444662458046,1.0,-0.0,0,0
75,0.2,0.39603960396039606,0.23543546847844513,1.0,-0.0,0,0
76,0.2,0.3445544554455445,0.22711067111783748,1.0,-0.0,0,0
77,0.2,0.3148514851485148,0.21312671757740528,1.0,-0.0,0,0
78,0.2,0.23960396039603957,0.16415351901831846,1.0,-0.0,0,0
79,0.2,0.23960396039603957,0.16415351901831846,1.0,-0.0,0,0
80,0.0,0.0,0.0,1.0,-0.0,0,0
81,0.0,0.0,0.0,1.0,-0.0,0,0
82,0.0,0.0,0.0,1.0,-0.0,0,0
83,0.0,0.0,0.0,1.0,-0.0,0,0
84,0.0,0.0,0.0,1.0,-0.0,0,0
85,0.0,0.0,0.0,1.0,-0.0,0,0
86,0.0,0.0,0.0,1.0,-0.0,0,0
87,0.0,0.0,0.0,1.0,-0.0,0,0
88,0.0,0.0,0.0,1.0,-0.0,0,0
89,0.0,0.0,0.0,1.0,-0.0,0,0
90,0.0,0.0,0.0,1.0,-0.0,0,0
91,0.0,0.0,0.0,1.0,-0.0,0,0
92,0.0,0.0,0.0,1.0,-0.0,0,0
93,0.0,0.0,0.0,1.0,-0.0,0,0
94,0.0,0.0,0.0,1.0,-0.0,0,0
95,0.0,0.0,0.0,1.0,-0.0,0,0
96,0.0,0.0,0.0,1.0,-0.0,0,0
97,0.0,0.0,0.0,1.0,-0.0,0,0
98,0.0,0.033663366336633666,0.07482947971362847,1.0,-0.0,0,0
99,0.0,0.033663366336633666,0.07482947971362847,1.0,-0.0,0,0
100,0.0,0.033663366336633666,0.07482947971362847,1.0,-0.0,0,0
101,0.0,0.033663366336633666,0.07482947971362847,1.0,-0.0,0,0
102,0.0,0.06336633663366337,0.10120342446875752,1.0,-0.0,0,0
103,0.0,0.0297029702970297,0.07112192077650681,1.0,-0.0,0,0
104,0.0,0.0297029702970297,0.07112192077650681,1.0,-0.0,0,0
105,0.0,0.07326732673267328,0.10798889666879984,1.0,-0.0,0,0
106,0.0,0.07326732673267328,0.10798889666879984,1.0,-0.0,0,0
107,0.0,0.04356435643564357,0.08255312311158745,1.0,-0.0,0,0
108,0.0,0.04356435643564357,0.08255312311158745,1.0,-0.0,0,0
109,0.0,0.04356435643564357,0.08255312311158745,1.0,-0.0,0,0
110,0.2,0.04752475247524753,0.10586191211583096,0.07488815124685981,1.1255868906472768,0,0
111,0.2,0.04752475247524753,0.10586191211583096,0.07488815124685981,1.1255868906472768,0,0
112,0.4,0.1089108910891089,0.13650445892763632,0.016484882575862243,1.7829141420505037,0,0
113,0.4,0.1089108910891089,0.13650445892763632,0.016484882575862243,1.7829141420505037,0,0
114,0.4,0.1089108910891089,0.13650445892763632,0.016484882575862243,1.7829141420505037,0,0
115,0.2,0.0613861386138614,0.09224407682259105,0.06646004727610072,1.1774393541234773,0,0
116,0.6,0.1386138613861386,0.14823736453237937,0.0009276064270782392,3.0326362509407514,0,0
117,0.4,0.10297029702970298,0.12778032320714203,0.010048446341906712,1.997901082253188,0,0
