,foreground,bg_means,bg_stdev,pvals,minus_logs,regs,active
2,0.0,0.05544554455445545,0.1019369320889802,1.0,-0.0,0,0
3,0.0,0.05742574257425742,0.10277971700879983,1.0,-0.0,0,0
4,0.0,0.039603960396039604,0.08452453849668534,1.0,-0.0,0,0
5,0.0,0.0891089108910891,0.13342479626077636,1.0,-0.0,0,0
6,0.0,0.0891089108910891,0.13342479626077636,1.0,-0.0,0,0
7,0.0,0.07722772277227723,0.13488622864100122,1.0,-0.0,0,0
8,0.0,0.07128712871287128,0.12454800153280307,1.0,-0.0,0,0
9,0.0,0.10099009900990098,0.1396566153069739,1.0,-0.0,0,0
10,0.0,0.061386138613861385,0.10046456153636296,1.0,-0.0,0,0
11,0.0,0.061386138613861385,0.10046456153636296,1.0,-0.0,0,0
12,0.0,0.12277227722772276,0.1591320443791243,1.0,-0.0,0,0
13,0.0,0.12277227722772276,0.1591320443791243,1.0,-0.0,0,0
14,0.0,0.09306930693069307,0.13948804962658476,1.0,-0.0,0,0
15,0.0,0.08316831683168317,0.13864214704328157,1.0,-0.0,0,0
16,0.0,0.14257425742574256,0.16249693654596944,1.0,-0.0,0,0
17,0.0,0.05742574257425742,0.10656335878870264,1.0,-0.0,0,0
18,0.0,0.05940594059405942,0.10733330877518932,1.0,-0.0,0,0
19,0.0,0.0891089108910891,0.13342479626077636,1.0,-0.0,0,0
20,0.0,0.0891089108910891,0.13342479626077636,1.0,-0.0,0,0
21,0.0,0.041584158415841586,0.09039772047931348,1.0,-0.0,0,0
22,0.0,0.041584158415841586,0.09039772047931348,1.0,-0.0,0,0
23,0.0,0.039603960396039604,0.08452453849668534,1.0,-0.0,0,0
24,0.0,0.009900990099009901,0.04338396495090424,1.0,-0.0,0,0
25,0.0,0.009900990099009901,0.04338396495090424,1.0,-0.0,0,0
26,0.2,0.025742574257425748,0.06697637435757531,0.004637140001348011,2.3337497919853583,0,0
27,0.2,0.025742574257425748,0.06697637435757531,0.004637140001348011,2.3337497919853583,0,0
28,0.2,0.025742574257425748,0.06697637435757531,0.004637140001348011,2.3337497919853583,0,0
29,0.2,0.025742574257425748,0.06697637435757531,0.004637140001348011,2.3337497919853583,0,0
30,0.2,0.025742574257425748,0.06697637435757531,0.004637140001348011,2.3337497919853583,0,0
31,0.0,0.0,0.0,1.0,-0.0,0,0
32,0.2,0.011881188118811881,0.047276579747775535,3.4586556520905853e-05,4.461092674713385,0,0
33,0.2,0.011881188118811881,0.047276579747775535,3.4586556520905853e-05,4.461092674713385,0,0
34,0.2,0.011881188118811881,0.047276579747775535,3.4586556520905853e-05,4.461092674713385,0,0
35,0.2,0.011881188118811881,0.047276579747775535,3.4586556520905853e-05,4.461092674713385,0,0
36,0.2,0.011881188118811881,0.047276579747775535,3.4586556520905853e-05,4.461092674713385,0,0
37,0.0,0.0,0.0,1.0,-0.0,0,0
38,0.0,0.0,0.0,1.0,-0.0,0,0
39,0.0,0.011881188118811883,0.04727657974777555,1.0,-0.0,0,0
40,0.2,0.04554455445544555,0.09283729243351321,0.04808399917069303,1.3179994190099724,0,0
41,0.2,0.04752475247524753,0.09397077637785879,0.05233944412570533,1.2811708941229774,0,0
42,0.2,0.04752475247524753,0.09397077637785879,0.05233944412570533,1.2811708941229774,0,0
43,0.2,0.04752475247524753,0.09397077637785879,0.05233944412570533,1.2811708941229774,0,0
44,0.2,0.049504950495049514,0.09504950495049506,0.056672754609762954,1.2466256777282643,0,0
45,0.0,0.09306930693069307,0.14505541839059358,1.0,-0.0,0,0
46,0.0,0.1405940594059406,0.17920518569106958,1.0,-0.0,0,0
47,0.0,0.18415841584158418,0.20427736592964435,1.0,-0.0,0,0
48,0.0,0.18415841584158418,0.20427736592964435,1.0,-0.0,0,0
49,0.0,0.19999999999999996,0.20098766032759424,1.0,-0.0,0,0
50,0.0,0.12079207920792076,0.149134022841685,1.0,-0.0,0,0
51,0.0,0.0712871287128713,0.11110305060677654,1.0,-0.0,0,0
52,0.0,0.02970297029702971,0.07648795214189293,1.0,-0.0,0,0
53,0.0,0.05346534653465347,0.10489443673781407,1.0,-0.0,0,0
54,0.0,0.023762376237623763,0.07056843438101175,1.0,-0.0,0,0
55,0.0,0.023762376237623763,0.07056843438101175,1.0,-0.0,0,0
56,0.0,0.023762376237623763,0.07056843438101175,1.0,-0.0,0,0
57,0.0,0.0297029702970297,0.07648795214189293,1.0,-0.0,0,0
58,0.0,0.0059405940594059415,0.03395332316729157,1.0,-0.0,0,0
59,0.0,0.03762376237623763,0.07816140339006157,1.0,-0.0,0,0
60,0.0,0.03762376237623763,0.07816140339006157,1.0,-0.0,0,0
61,0.0,0.05940594059405942,0.09562531855564071,1.0,-0.0,0,0
62,0.0,0.05346534653465347,0.09287951999650358,1.0,-0.0,0,0
63,0.0,0.05346534653465347,0.09287951999650358,1.0,-0.0,0,0
64,0.0,0.07722772277227724,0.1193059036149867,1.0,-0.0,0,0
65,0.0,0.1277227722772277,0.14496077440151445,1.0,-0.0,0,0
66,0.0,0.1069306930693069,0.1306930693069307,1.0,-0.0,0,0
67,0.0,0.14059405940594058,0.1450013436754282,1.0,-0.0,0,0
68,0.0,0.18217821782178212,0.18476425418501982,1.0,-0.0,0,0
69,0.0,0.12475247524752477,0.17315130486098354,1.0,-0.0,0,0
70,0.2,0.11683168316831682,0.15483578457286823,0.295585849930015,0.5293163600079367,0,0
71,0.2,0.14455445544554454,0.16914183369554553,0.3715295404175921,0.4300066496549224,0,0
72,0.2,0.12475247524752472,0.16851473513974877,0.3276058520610131,0.48464834899005044,0,0
73,0.2,0.08316831683168316,0.13280619910579972,0.1895067021318459,0.7223754260789861,0,0
74,0.2,0.08316831683168316,0.13280619910579972,0.1895067021318459,0.7223754260789861,0,0
75,0.0,0.041584158415841586,0.08590499787518362,1.0,-0.0,0,0
76,0.0,0.013861386138613863,0.05079507064705211,1.0,-0.0,0,0
77,0.0,0.0,0.0,1.0,-0.0,0,0
78,0.0,0.0,0.0,1.0,-0.0,0,0
79,0.0,0.0,0.0,1.0,-0.0,0,0
80,0.0,0.0039603960396039604,0.027863855998951068,1.0,-0.0,0,0
81,0.0,0.025742574257425745,0.07791016068477624,1.0,-0.0,0,0
82,0.2,0.11485148514851484,0.13886822488939993,0.26988509889216616,0.5688210933892304,0,0
83,0.2,0.21386138613861383,0.1955088324308512,1.0,-0.0,0,0
84,0.2,0.2356435643564356,0.20176653424136176,1.0,-0.0,0,0
85,0.2,0.2455445544554455,0.2046609137062056,1.0,-0.0,0,0
86,0.2,0.22376237623762377,0.19147603570112592,1.0,-0.0,0,0
87,0.0,0.13267326732673265,0.1573977184098032,1.0,-0.0,0,0
88,0.0,0.03564356435643565,0.08154954567118415,1.0,-0.0,0,0
89,0.0,0.02772277227722773,0.06910862719451544,1.0,-0.0,0,0
90,0.0,0.013861386138613863,0.05079507064705211,1.0,-0.0,0,0
91,0.0,0.013861386138613863,0.05079507064705211,1.0,-0.0,0,0
92,0.2,0.06534653465346535,0.1197651526735639,0.13044022603964706,0.8845884572772555,0,0
93,0.4,0.11287128712871286,0.14736186103080443,0.025679964702352388,1.5904055775496064,0,0
94,0.4,0.16633663366336632,0.16902587986434298,0.08342265157333552,1.078716010302143,0,0
95,0.6,0.22772277227722776,0.19504699199265746,0.028153368376610918,1.5504696370520636,0,0
96,0.6,0.22772277227722776,0.19504699199265746,0.028153368376610918,1.5504696370520636,0,0
97,0.4,0.17623762376237626,0.18516704518908453,0.11343995250555301,0.9452339639891166,0,0
98,0.2,0.12673267326732673,0.1658408452769117,0.32931949747656974,0.4823825559694911,0,0
99,0.2,0.061386138613861385,0.11166631429601336,0.10724339580581539,0.9696294427647089,0,0
100,0.0,0.015841584158415842,0.05401260078014202,1.0,-0.0,0,0
101,0.0,0.019801980198019802,0.059735061897023205,1.0,-0.0,0,0
102,0.0,0.019801980198019802,0.059735061897023205,1.0,-0.0,0,0
103,0.0,0.019801980198019802,0.059735061897023205,1.0,-0.0,0,0
104,0.0,0.019801980198019802,0.059735061897023205,1.0,-0.0,0,0
105,0.0,0.0039603960396039604,0.027863855998951068,1.0,-0.0,0,0
106,0.2,0.05940594059405942,0.0996808946427978,0.07920469585235769,1.1012490693914336,0,0
107,0.4,0.09702970297029702,0.127780323207142,0.008869423821936553,2.0521045920150787,0,0
108,0.6,0.14059405940594058,0.15806892707703052,0.0018282753131096082,2.737958404903458,0,0
109,0.6,0.14059405940594058,0.15806892707703052,0.0018282753131096082,2.737958404903458,0,0
110,0.6,0.16237623762376235,0.17957677700997435,0.00740539198222176,2.1304519484580493,0,0
111,0.4,0.10099009900990098,0.15318082856090076,0.025468744367692368,1.5939924656223499,0,0
112,0.2,0.06336633663366337,0.1256450857759628,0.138417384010884,0.8588093628714047,0,0
113,0.0,0.033663366336633666,0.07482947971362845,1.0,-0.0,0,0
114,0.0,0.033663366336633666,0.07482947971362845,1.0,-0.0,0,0
115,0.2,0.03564356435643565,0.07653920035678292,0.015882722457572503,1.7990750531077893,0,0
116,0.2,0.03564356435643565,0.07653920035678292,0.015882722457572503,1.7990750531077893,0,0
117,0.2,0.03564356435643565,0.07653920035678292,0.015882722457572503,1.7990750531077893,0,0
118,0.2,0.023762376237623766,0.06471340450838887,0.003231121245907738,2.4906467450338194,0,0
119,0.2,0.033663366336633666,0.07994704648786674,0.018735949469970602,1.7273242935431963,0,0
120,0.0,0.009900990099009901,0.04338396495090425,1.0,-0.0,0,0
121,0.0,0.009900990099009901,0.04338396495090425,1.0,-0.0,0,0
122,0.0,0.021782178217821784,0.06836703565002801,1.0,-0.0,0,0
123,0.0,0.021782178217821784,0.06836703565002801,1.0,-0.0,0,0
124,0.0,0.033663366336633666,0.07994704648786674,1.0,-0.0,0,0
125,0.0,0.033663366336633666,0.07994704648786674,1.0,-0.0,0,0
126,0.0,0.033663366336633666,0.07994704648786674,1.0,-0.0,0,0
127,0.2,0.041584158415841586,0.09039772047931349,0.03984979219979861,1.3995739389282478,0,0
128,0.2,0.09702970297029703,0.15571962971356437,0.25422457596215225,0.5947824683813706,0,0
129,0.2,0.14752475247524752,0.18379608772376654,0.38762750039519134,0.41158541932454473,0,0
130,0.2,0.14752475247524752,0.18379608772376654,0.38762750039519134,0.41158541932454473,0,0
131,0.2,0.1603960396039604,0.19092230959515166,0.417835093660864,0.3789950867511012,0,0
132,0.0,0.1386138613861386,0.17290201942925204,1.0,-0.0,0,0
133,0.0,0.08316831683168316,0.12028786177019754,1.0,-0.0,0,0
134,0.0,0.03762376237623763,0.08307396817189319,1.0,-0.0,0,0
135,0.0,0.03762376237623763,0.08307396817189319,1.0,-0.0,0,0
136,0.0,0.06336633663366337,0.11917436454123627,1.0,-0.0,0,0
137,0.0,0.1267326732673267,0.16821196500273505,1.0,-0.0,0,0
138,0.0,0.17821782178217818,0.19881030333482985,1.0,-0.0,0,0
139,0.0,0.1861386138613861,0.1955088324308512,1.0,-0.0,0,0
140,0.0,0.26534653465346536,0.23226633891066023,1.0,-0.0,0,0
141,0.0,0.2316831683168317,0.21751553629241205,1.0,-0.0,0,0
142,0.0,0.1881188118811881,0.1884208102236084,1.0,-0.0,0,0
143,0.2,0.16435643564356436,0.15769638607575875,0.4105903994934318,0.3865912096068568,0,0
144,0.2,0.1485148514851485,0.16567525277902484,0.3779917536889481,0.42251767467719514,0,0
145,0.2,0.06732673267326733,0.12356816445008077,0.14148197467648932,0.8492988873283202,0,0
146,0.2,0.0712871287128713,0.12454800153280307,0.1506990467085107,0.8218894949351553,0,0
147,0.2,0.11881188118811878,0.15460769343321296,0.29974870245298474,0.5232426881915104,0,0
148,0.0,0.09306930693069305,0.13661931335176508,1.0,-0.0,0,0
149,0.0,0.07524752475247526,0.12539516989297084,1.0,-0.0,0,0
150,0.0,0.10495049504950493,0.14513649268759363,1.0,-0.0,0,0
151,0.0,0.10099009900990097,0.1367914141716479,1.0,-0.0,0,0
152,0.0,0.033663366336633666,0.07994704648786674,1.0,-0.0,0,0
153,0.2,0.16633663366336632,0.17364880212589112,0.42314318180275917,0.37351265261311545,0,0
154,0.2,0.16633663366336632,0.17364880212589112,0.42314318180275917,0.37351265261311545,0,0
155,0.4,0.2891089108910891,0.2224530165541959,0.3090685899192578,0.5099451292553152,0,0
156,0.4,0.2851485148514852,0.22222374712195597,0.3026380683971215,0.5190764436131067,0,0
157,0.4,0.2851485148514852,0.22222374712195597,0.3026380683971215,0.5190764436131067,0,0
158,0.2,0.1782178217821782,0.1968081743835003,0.4559361622357585,0.34109596068987974,0,0
159,0.2,0.3841584158415842,0.29340360917125435,1.0,-0.0,0,0
160,0.0,0.22970297029702968,0.20174709904079255,1.0,-0.0,0,0
161,0.0,0.22970297029702968,0.20174709904079255,1.0,-0.0,0,0
162,0.0,0.5049504950495051,0.305194707408972,1.0,-0.0,0,0
163,0.0,0.4811881188118813,0.30465460764256835,1.0,-0.0,0,0
164,0.0,0.3346534653465346,0.25811028557129284,1.0,-0.0,0,0
165,0.0,0.3346534653465346,0.25811028557129284,1.0,-0.0,0,0
166,0.0,0.3346534653465346,0.25811028557129284,1.0,-0.0,0,0
167,0.2,0.1881188118811881,0.17535656953133033,0.472990551566725,0.32514753461825263,0,0
168,0.2,0.1881188118811881,0.17535656953133033,0.472990551566725,0.32514753461825263,0,0
169,0.4,0.2554455445544554,0.20318028258820844,0.23839990199605193,0.6226939274661242,0,0
170,0.4,0.3247524752475247,0.2402168742038931,0.37704601702835133,0.42360564257432914,0,0
171,0.4,0.33267326732673264,0.24091776292603453,0.38994614697099317,0.40899536653310986,0,0
172,0.2,0.2198019801980198,0.20777930122098492,1.0,-0.0,0,0
173,0.2,0.2198019801980198,0.20777930122098492,1.0,-0.0,0,0
174,0.0,0.09306930693069305,0.12762679639066946,1.0,-0.0,0,0
175,0.0,0.0297029702970297,0.07112192077650681,1.0,-0.0,0,0
176,0.0,0.039603960396039604,0.09342674148186496,1.0,-0.0,0,0
177,0.0,0.021782178217821784,0.06836703565002801,1.0,-0.0,0,0
178,0.0,0.04554455445544554,0.08846854615322249,1.0,-0.0,0,0
179,0.0,0.10495049504950495,0.1367053908443026,1.0,-0.0,0,0
180,0.0,0.12079207920792079,0.14645435316515326,1.0,-0.0,0,0
181,0.0,0.1861386138613861,0.20538768122280024,1.0,-0.0,0,0
182,0.0,0.1861386138613861,0.20538768122280024,1.0,-0.0,0,0
183,0.0,0.16237623762376235,0.19642925572494646,1.0,-0.0,0,0
184,0.0,0.10297029702970295,0.15824247939807562,1.0,-0.0,0,0
185,0.0,0.09108910891089109,0.14765427233510692,1.0,-0.0,0,0
186,0.0,0.100990099009901,0.13386490123687583,1.0,-0.0,0,0
187,0.2,0.15049504950495046,0.15772124951873168,0.37680752388972133,0.42388043403424114,0,0
188,0.4,0.2079207920792079,0.19071681786668523,0.1569329042168014,0.8042859880792554,0,0
189,0.4,0.2158415841584158,0.19022273201620318,0.1664922415716839,0.778605999521695,0,0
190,0.6,0.22574257425742572,0.1880875429979268,0.023306241786386354,1.6325277523491721,0,0
191,0.8,0.14653465346534653,0.14041265664345218,1.6286368958743022e-06,5.7881757307287955,0,0
192,0.6,0.10891089108910891,0.12113245340338318,2.515848579614229e-05,4.599315501150821,0,0
193,0.4,0.05346534653465346,0.09287951999650357,9.535586614099452e-05,4.020652584691398,0,0
194,0.4,0.04950495049504951,0.09078727434730813,5.655013932087107e-05,4.247566320779003,0,0
195,0.2,0.04158415841584159,0.08116396646304633,0.025480968483881664,1.5937840693032386,0,0
196,0.0,0.0297029702970297,0.07112192077650681,1.0,-0.0,0,0
197,0.0,0.017821782178217824,0.05698017651460656,1.0,-0.0,0,0
198,0.2,0.023762376237623766,0.07597356868614212,0.010177937287159166,1.9923402294230923,0,0
199,0.2,0.017821782178217824,0.0635517090529949,0.0020744436267099344,2.6830983626867595,0,0
200,0.2,0.007920792079207921,0.03900537743285587,4.2303541670263104e-07,6.3736232717865695,0,0
201,0.2,0.007920792079207921,0.03900537743285587,4.2303541670263104e-07,6.3736232717865695,0,0
202,0.2,0.007920792079207921,0.03900537743285587,4.2303541670263104e-07,6.3736232717865695,0,0
203,0.0,0.0,0.0,1.0,-0.0,0,0
204,0.0,0.0,0.0,1.0,-0.0,0,0
205,0.0,0.0,0.0,1.0,-0.0,0,0
206,0.0,0.0,0.0,1.0,-0.0,0,0
207,0.0,0.0,0.0,1.0,-0.0,0,0
208,0.0,0.0,0.0,1.0,-0.0,0,0
209,0.0,0.0,0.0,1.0,-0.0,0,0
210,0.0,0.0,0.0,1.0,-0.0,0,0
211,0.0,0.0019801980198019802,0.0198019801980198,1.0,-0.0,0,0
212,0.0,0.0019801980198019802,0.0198019801980198,1.0,-0.0,0,0
213,0.0,0.011881188118811883,0.04727657974777555,1.0,-0.0,0,0
214,0.0,0.011881188118811883,0.04727657974777555,1.0,-0.0,0,0
215,0.0,0.011881188118811883,0.04727657974777555,1.0,-0.0,0,0
216,0.0,0.009900990099009901,0.04338396495090425,1.0,-0.0,0,0
217,0.0,0.009900990099009901,0.04338396495090425,1.0,-0.0,0,0
218,0.0,0.0,0.0,1.0,-0.0,0,0
219,0.0,0.0039603960396039604,0.027863855998951068,1.0,-0.0,0,0
220,0.0,0.0039603960396039604,0.027863855998951068,1.0,-0.0,0,0
221,0.0,0.0039603960396039604,0.027863855998951068,1.0,-0.0,0,0
222,0.0,0.0039603960396039604,0.027863855998951068,1.0,-0.0,0,0
223,0.0,0.0039603960396039604,0.027863855998951068,1.0,-0.0,0,0
224,0.0,0.0,0.0,1.0,-0.0,0,0
225,0.0,0.0,0.0,1.0,-0.0,0,0
226,0.0,0.0,0.0,1.0,-0.0,0,0
227,0.0,0.0,0.0,1.0,-0.0,0,0
228,0.0,0.0,0.0,1.0,-0.0,0,0
229,0.0,0.007920792079207921,0.03900537743285587,1.0,-0.0,0,0
230,0.2,0.019801980198019802,0.06603299802191315,0.003177215148072976,2.4979533755231182,0,0
231,0.2,0.019801980198019802,0.06603299802191315,0.003177215148072976,2.4979533755231182,0,0
232,0.2,0.019801980198019802,0.06603299802191315,0.003177215148072976,2.4979533755231182,0,0
233,0.2,0.019801980198019802,0.06603299802191315,0.003177215148072976,2.4979533755231182,0,0
234,0.4,0.0297029702970297,0.08150144802873932,2.7671635478521693e-06,5.557965171964686,0,0
235,0.2,0.027722772277227727,0.07975061610139514,0.015378620884094646,1.813082609221364,0,0
236,0.4,0.031683168316831684,0.08316831683168317,4.74296519614438e-06,5.323950062187239,0,0
237,0.6,0.03564356435643565,0.09074407316744237,2.4983231272021695e-10,9.602351391708346,0,0
238,0.6,0.047524752475247525,0.10205226714237722,3.087642278148714e-08,7.510373021038769,0,0
239,0.4,0.02970297029702971,0.07648795214189293,6.451360324816492e-07,6.19034870098158,0,0
240,0.4,0.05940594059405942,0.10733330877518932,0.0007537462695981591,3.122774824234139,0,0
241,0.2,0.09504950495049502,0.1245794808714917,0.19977140085777173,0.6994666849722296,0,0
242,0.0,0.1287128712871287,0.1337476815110359,1.0,-0.0,0,0
243,0.0,0.12574257425742572,0.14532549015373286,1.0,-0.0,0,0
244,0.0,0.12574257425742572,0.14532549015373286,1.0,-0.0,0,0
245,0.0,0.10693069306930691,0.14229896414433016,1.0,-0.0,0,0
246,0.0,0.06732673267326733,0.12032045569079852,1.0,-0.0,0,0
247,0.0,0.03168316831683169,0.08316831683168317,1.0,-0.0,0,0
248,0.0,0.04752475247524753,0.09397077637785879,1.0,-0.0,0,0
249,0.0,0.04752475247524753,0.09397077637785879,1.0,-0.0,0,0
250,0.0,0.025742574257425745,0.06697637435757531,1.0,-0.0,0,0
251,0.0,0.05346534653465347,0.09704990696905227,1.0,-0.0,0,0
252,0.0,0.05346534653465347,0.09704990696905227,1.0,-0.0,0,0
253,0.0,0.10297029702970294,0.14789308791950762,1.0,-0.0,0,0
254,0.0,0.10891089108910887,0.14765427233510692,1.0,-0.0,0,0
255,0.0,0.10891089108910887,0.14765427233510692,1.0,-0.0,0,0
256,0.0,0.08118811881188118,0.13838736799727647,1.0,-0.0,0,0
257,0.0,0.08118811881188118,0.13838736799727647,1.0,-0.0,0,0
258,0.0,0.0059405940594059415,0.03395332316729158,1.0,-0.0,0,0
259,0.0,0.05346534653465347,0.09287951999650357,1.0,-0.0,0,0
260,0.0,0.05346534653465347,0.09287951999650357,1.0,-0.0,0,0
261,0.0,0.0594059405940594,0.09968089464279778,1.0,-0.0,0,0
262,0.0,0.0594059405940594,0.09968089464279778,1.0,-0.0,0,0
263,0.0,0.0712871287128713,0.11461224656227947,1.0,-0.0,0,0
264,0.0,0.025742574257425748,0.0669763743575753,1.0,-0.0,0,0
265,0.0,0.1306930693069307,0.1577958163416755,1.0,-0.0,0,0
266,0.0,0.17029702970297025,0.17662655937408128,1.0,-0.0,0,0
267,0.0,0.17029702970297025,0.17662655937408128,1.0,-0.0,0,0
268,0.0,0.1584158415841584,0.16960485628010977,1.0,-0.0,0,0
269,0.0,0.15247524752475247,0.16203780234042603,1.0,-0.0,0,0
270,0.0,0.04554455445544555,0.09283729243351323,1.0,-0.0,0,0
271,0.0,0.16435643564356434,0.16744093589393821,1.0,-0.0,0,0
272,0.0,0.3841584158415843,0.24321797796505762,1.0,-0.0,0,0
273,0.0,0.3841584158415843,0.24321797796505762,1.0,-0.0,0,0
274,0.0,0.38217821782178224,0.24389416614181644,1.0,-0.0,0,0
275,0.0,0.38217821782178224,0.24389416614181644,1.0,-0.0,0,0
276,0.0,0.2198019801980198,0.20586441850878456,1.0,-0.0,0,0
277,0.0,0.015841584158415842,0.06090517425437506,1.0,-0.0,0,0
278,0.0,0.015841584158415842,0.06090517425437506,1.0,-0.0,0,0
279,0.0,0.023762376237623766,0.08101890117021301,1.0,-0.0,0,0
280,0.0,0.023762376237623766,0.08101890117021301,1.0,-0.0,0,0
281,0.0,0.023762376237623766,0.08101890117021301,1.0,-0.0,0,0
282,0.0,0.007920792079207921,0.03900537743285587,1.0,-0.0,0,0
283,0.0,0.05544554455445545,0.10575073206193022,1.0,-0.0,0,0
284,0.0,0.047524752475247525,0.09809478080396702,1.0,-0.0,0,0
285,0.0,0.0910891089108911,0.14494724878689189,1.0,-0.0,0,0
286,0.0,0.0910891089108911,0.14494724878689189,1.0,-0.0,0,0
287,0.0,0.0910891089108911,0.14494724878689189,1.0,-0.0,0,0
288,0.0,0.04356435643564357,0.09587103712404124,1.0,-0.0,0,0
289,0.0,0.04356435643564357,0.09587103712404124,1.0,-0.0,0,0
290,0.0,0.0,0.0,1.0,-0.0,0,0
291,0.0,0.03564356435643565,0.07653920035678292,1.0,-0.0,0,0
292,0.0,0.03564356435643565,0.07653920035678292,1.0,-0.0,0,0
293,0.0,0.05742574257425742,0.10277971700879983,1.0,-0.0,0,0
294,0.0,0.09306930693069307,0.13661931335176508,1.0,-0.0,0,0
295,0.0,0.09702970297029702,0.1367627457412436,1.0,-0.0,0,0
296,0.0,0.06930693069306931,0.1303024465454424,1.0,-0.0,0,0
297,0.0,0.06930693069306931,0.1303024465454424,1.0,-0.0,0,0
298,0.0,0.05148514851485149,0.10399339410297728,1.0,-0.0,0,0
299,0.0,0.015841584158415842,0.05401260078014202,1.0,-0.0,0,0
300,0.0,0.011881188118811881,0.047276579747775535,1.0,-0.0,0,0
301,0.0,0.0039603960396039604,0.027863855998951064,1.0,-0.0,0,0
302,0.0,0.0039603960396039604,0.027863855998951064,1.0,-0.0,0,0
303,0.0,0.0,0.0,1.0,-0.0,0,0
304,0.0,0.0,0.0,1.0,-0.0,0,0
305,0.0,0.0,0.0,1.0,-0.0,0,0
306,0.0,0.0,0.0,1.0,-0.0,0,0
307,0.0,0.051485148514851496,0.09186070102766894,1.0,-0.0,0,0
308,0.0,0.06336633663366337,0.11233152161332939,1.0,-0.0,0,0
309,0.0,0.06336633663366337,0.11233152161332939,1.0,-0.0,0,0
310,0.0,0.1386138613861386,0.1585642868844958,1.0,-0.0,0,0
311,0.0,0.1386138613861386,0.1585642868844958,1.0,-0.0,0,0
312,0.0,0.0891089108910891,0.13923481846532235,1.0,-0.0,0,0
313,0.0,0.10495049504950493,0.1395723579145037,1.0,-0.0,0,0
314,0.0,0.11683168316831682,0.149632756335149,1.0,-0.0,0,0
315,0.0,0.04356435643564357,0.09587103712404123,1.0,-0.0,0,0
316,0.0,0.04356435643564357,0.09587103712404123,1.0,-0.0,0,0
317,0.0,0.039603960396039604,0.08908690597387718,1.0,-0.0,0,0
318,0.0,0.011881188118811883,0.04727657974777555,1.0,-0.0,0,0
319,0.0,0.09504950495049505,0.1277189346265117,1.0,-0.0,0,0
320,0.0,0.09504950495049505,0.1277189346265117,1.0,-0.0,0,0
321,0.0,0.09504950495049505,0.1277189346265117,1.0,-0.0,0,0
322,0.0,0.10693069306930691,0.13661931335176508,1.0,-0.0,0,0
323,0.0,0.1603960396039604,0.16890984643276136,1.0,-0.0,0,0
324,0.0,0.06336633663366337,0.1256450857759628,1.0,-0.0,0,0
325,0.0,0.07722772277227724,0.13488622864100122,1.0,-0.0,0,0
326,0.0,0.1287128712871287,0.17707001113749035,1.0,-0.0,0,0
327,0.0,0.1168316831683168,0.16948921922004478,1.0,-0.0,0,0
328,0.0,0.06534653465346536,0.11976515267356391,1.0,-0.0,0,0
329,0.0,0.06534653465346536,0.11976515267356391,1.0,-0.0,0,0
330,0.0,0.14653465346534653,0.18645433514983512,1.0,-0.0,0,0
331,0.0,0.10693069306930694,0.15302716108009237,1.0,-0.0,0,0
332,0.0,0.10693069306930694,0.15302716108009237,1.0,-0.0,0,0
333,0.0,0.10693069306930694,0.15302716108009237,1.0,-0.0,0,0
334,0.0,0.10693069306930694,0.15302716108009237,1.0,-0.0,0,0
335,0.0,0.027722772277227727,0.07461957893630407,1.0,-0.0,0,0
336,0.0,0.015841584158415842,0.05401260078014202,1.0,-0.0,0,0
337,0.0,0.015841584158415842,0.05401260078014202,1.0,-0.0,0,0
338,0.0,0.015841584158415842,0.05401260078014202,1.0,-0.0,0,0
339,0.0,0.015841584158415842,0.05401260078014202,1.0,-0.0,0,0
340,0.0,0.007920792079207921,0.03900537743285587,1.0,-0.0,0,0
341,0.0,0.02970297029702971,0.07112192077650681,1.0,-0.0,0,0
342,0.0,0.09900990099009901,0.1308729634998678,1.0,-0.0,0,0
343,0.0,0.10297029702970295,0.13383560593042218,1.0,-0.0,0,0
344,0.0,0.10891089108910891,0.1335716590419014,1.0,-0.0,0,0
345,0.0,0.12277227722772276,0.14884451859775158,1.0,-0.0,0,0
346,0.0,0.10693069306930691,0.13948804962658473,1.0,-0.0,0,0
347,0.0,0.03762376237623763,0.08771182015980238,1.0,-0.0,0,0
348,0.0,0.033663366336633666,0.07994704648786674,1.0,-0.0,0,0
349,0.0,0.027722772277227727,0.06910862719451544,1.0,-0.0,0,0
350,0.0,0.0059405940594059415,0.03395332316729158,1.0,-0.0,0,0
351,0.0,0.019801980198019802,0.06603299802191316,1.0,-0.0,0,0
352,0.0,0.031683168316831684,0.08780118525701133,1.0,-0.0,0,0
353,0.0,0.031683168316831684,0.08780118525701133,1.0,-0.0,0,0
354,0.0,0.031683168316831684,0.08780118525701133,1.0,-0.0,0,0
355,0.0,0.031683168316831684,0.08780118525701133,1.0,-0.0,0,0
356,0.0,0.011881188118811883,0.04727657974777555,1.0,-0.0,0,0
357,0.0,0.007920792079207921,0.03900537743285587,1.0,-0.0,0,0
358,0.0,0.013861386138613863,0.05079507064705212,1.0,-0.0,0,0
359,0.0,0.013861386138613863,0.05079507064705212,1.0,-0.0,0,0
360,0.0,0.013861386138613863,0.05079507064705212,1.0,-0.0,0,0
361,0.0,0.013861386138613863,0.05079507064705212,1.0,-0.0,0,0
362,0.0,0.0059405940594059415,0.03395332316729158,1.0,-0.0,0,0
363,0.0,0.0,0.0,1.0,-0.0,0,0
364,0.0,0.0,0.0,1.0,-0.0,0,0
365,0.0,0.021782178217821784,0.06836703565002801,1.0,-0.0,0,0
366,0.0,0.025742574257425748,0.07791016068477624,1.0,-0.0,0,0
367,0.0,0.06930693069306933,0.11751770396006173,1.0,-0.0,0,0
368,0.0,0.09108910891089106,0.13650445892763635,1.0,-0.0,0,0
369,0.0,0.09900990099009899,0.13679141417164786,1.0,-0.0,0,0
370,0.0,0.09504950495049502,0.1307830473343237,1.0,-0.0,0,0
371,0.0,0.1089108910891089,0.13650445892763632,1.0,-0.0,0,0
372,0.0,0.06534653465346535,0.10189845806153354,1.0,-0.0,0,0
373,0.0,0.09702970297029702,0.13383560593042218,1.0,-0.0,0,0
374,0.0,0.08910891089108909,0.13342479626077636,1.0,-0.0,0,0
375,0.0,0.0712871287128713,0.11801714396634724,1.0,-0.0,0,0
376,0.0,0.0712871287128713,0.1307530615383697,1.0,-0.0,0,0
377,0.0,0.09900990099009901,0.15318082856090073,1.0,-0.0,0,0
378,0.0,0.04554455445544554,0.09283729243351323,1.0,-0.0,0,0
379,0.0,0.04554455445544554,0.09283729243351323,1.0,-0.0,0,0
380,0.0,0.04554455445544554,0.09283729243351323,1.0,-0.0,0,0
381,0.0,0.02772277227722772,0.07461957893630407,1.0,-0.0,0,0
382,0.0,0.0,0.0,1.0,-0.0,0,0
383,0.0,0.0,0.0,1.0,-0.0,0,0
384,0.0,0.0,0.0,1.0,-0.0,0,0
385,0.0,0.025742574257425745,0.0669763743575753,1.0,-0.0,0,0
386,0.0,0.025742574257425745,0.0669763743575753,1.0,-0.0,0,0
387,0.0,0.025742574257425745,0.0669763743575753,1.0,-0.0,0,0
388,0.0,0.025742574257425745,0.0669763743575753,1.0,-0.0,0,0
389,0.0,0.033663366336633666,0.07482947971362847,1.0,-0.0,0,0
390,0.0,0.007920792079207921,0.03900537743285587,1.0,-0.0,0,0
391,0.0,0.007920792079207921,0.03900537743285587,1.0,-0.0,0,0
392,0.0,0.007920792079207921,0.03900537743285587,1.0,-0.0,0,0
393,0.0,0.007920792079207921,0.03900537743285587,1.0,-0.0,0,0
394,0.0,0.0,0.0,1.0,-0.0,0,0
395,0.0,0.009900990099009901,0.04338396495090424,1.0,-0.0,0,0
396,0.0,0.009900990099009901,0.04338396495090424,1.0,-0.0,0,0
397,0.0,0.009900990099009901,0.04338396495090424,1.0,-0.0,0,0
398,0.0,0.009900990099009901,0.04338396495090424,1.0,-0.0,0,0
399,0.0,0.009900990099009901,0.04338396495090424,1.0,-0.0,0,0
400,0.0,0.0,0.0,1.0,-0.0,0,0
401,0.0,0.0,0.0,1.0,-0.0,0,0
402,0.0,0.0,0.0,1.0,-0.0,0,0
403,0.0,0.0,0.0,1.0,-0.0,0,0
404,0.0,0.0,0.0,1.0,-0.0,0,0
405,0.0,0.0,0.0,1.0,-0.0,0,0
406,0.0,0.0,0.0,1.0,-0.0,0,0
407,0.0,0.0,0.0,1.0,-0.0,0,0
408,0.0,0.0,0.0,1.0,-0.0,0,0
409,0.0,0.0,0.0,1.0,-0.0,0,0
410,0.0,0.0,0.0,1.0,-0.0,0,0
411,0.0,0.0,0.0,1.0,-0.0,0,0
412,0.0,0.0,0.0,1.0,-0.0,0,0
413,0.0,0.007920792079207921,0.03900537743285587,1.0,-0.0,0,0
414,0.0,0.021782178217821784,0.06230547612891991,1.0,-0.0,0,0
415,0.0,0.031683168316831684,0.08316831683168317,1.0,-0.0,0,0
416,0.0,0.041584158415841586,0.10648973987919806,1.0,-0.0,0,0
417,0.0,0.057425742574257435,0.11375371577303026,1.0,-0.0,0,0
418,0.0,0.04950495049504951,0.09912864166957489,1.0,-0.0,0,0
419,0.0,0.039603960396039604,0.0890869059738772,1.0,-0.0,0,0
420,0.0,0.0297029702970297,0.07112192077650681,1.0,-0.0,0,0
421,0.0,0.019801980198019802,0.059735061897023205,1.0,-0.0,0,0
422,0.0,0.007920792079207921,0.03900537743285587,1.0,-0.0,0,0
423,0.0,0.011881188118811883,0.047276579747775535,1.0,-0.0,0,0
424,0.0,0.039603960396039604,0.07970143286137867,1.0,-0.0,0,0
425,0.0,0.061386138613861385,0.10046456153636296,1.0,-0.0,0,0
426,0.0,0.06336633663366337,0.10120342446875752,1.0,-0.0,0,0
427,0.0,0.05940594059405942,0.0996808946427978,1.0,-0.0,0,0
428,0.0,0.057425742574257435,0.10277971700879983,1.0,-0.0,0,0
429,0.0,0.033663366336633666,0.07482947971362847,1.0,-0.0,0,0
430,0.0,0.011881188118811881,0.047276579747775535,1.0,-0.0,0,0
431,0.0,0.025742574257425748,0.06697637435757531,1.0,-0.0,0,0
432,0.0,0.025742574257425748,0.06697637435757531,1.0,-0.0,0,0
433,0.0,0.031683168316831684,0.07826167463512675,1.0,-0.0,0,0
434,0.0,0.057425742574257435,0.11021718851545143,1.0,-0.0,0,0
435,0.0,0.06930693069306931,0.12084076279122662,1.0,-0.0,0,0
436,0.0,0.05346534653465348,0.11566797518027908,1.0,-0.0,0,0
437,0.0,0.12277227722772277,0.16160162980675777,1.0,-0.0,0,0
438,0.0,0.11485148514851484,0.15246238855382305,1.0,-0.0,0,0
439,0.0,0.08712871287128712,0.127165103825761,1.0,-0.0,0,0
440,0.0,0.12871287128712872,0.1630990913423683,1.0,-0.0,0,0
441,0.0,0.12871287128712872,0.1630990913423683,1.0,-0.0,0,0
442,0.0,0.0594059405940594,0.09968089464279778,1.0,-0.0,0,0
443,0.0,0.0594059405940594,0.09968089464279778,1.0,-0.0,0,0
444,0.0,0.05346534653465347,0.09704990696905227,1.0,-0.0,0,0
445,0.0,0.031683168316831684,0.08316831683168316,1.0,-0.0,0,0
446,0.0,0.031683168316831684,0.08316831683168316,1.0,-0.0,0,0
447,0.0,0.07326732673267328,0.11509022642946842,1.0,-0.0,0,0
448,0.0,0.07326732673267328,0.11509022642946842,1.0,-0.0,0,0
449,0.0,0.07326732673267328,0.11509022642946842,1.0,-0.0,0,0
450,0.0,0.04356435643564357,0.08255312311158745,1.0,-0.0,0,0
451,0.0,0.08316831683168316,0.11694909354640316,1.0,-0.0,0,0
452,0.0,0.041584158415841586,0.08590499787518362,1.0,-0.0,0,0
453,0.0,0.041584158415841586,0.08590499787518362,1.0,-0.0,0,0
454,0.0,0.1465346534653465,0.1709405295438197,1.0,-0.0,0,0
455,0.0,0.14455445544554454,0.16914183369554553,1.0,-0.0,0,0
456,0.0,0.10297029702970295,0.1396285351588451,1.0,-0.0,0,0
457,0.0,0.17821782178217818,0.1755353680172698,1.0,-0.0,0,0
458,0.0,0.1881188118811881,0.18200594523684843,1.0,-0.0,0,0
459,0.0,0.08316831683168316,0.12670172889541695,1.0,-0.0,0,0
460,0.0,0.08316831683168316,0.12670172889541695,1.0,-0.0,0,0
461,0.0,0.09702970297029702,0.1367627457412436,1.0,-0.0,0,0
462,0.0,0.023762376237623766,0.07056843438101175,1.0,-0.0,0,0
463,0.0,0.01386138613861386,0.05079507064705211,1.0,-0.0,0,0
464,0.0,0.01386138613861386,0.05079507064705211,1.0,-0.0,0,0
465,0.0,0.01386138613861386,0.05079507064705211,1.0,-0.0,0,0
466,0.0,0.03564356435643565,0.08154954567118416,1.0,-0.0,0,0
467,0.0,0.03564356435643565,0.08154954567118416,1.0,-0.0,0,0
468,0.0,0.05346534653465348,0.10104832334394513,1.0,-0.0,0,0
469,0.0,0.08118811881188118,0.1264228887090089,1.0,-0.0,0,0
470,0.0,0.14455445544554454,0.17826182075131722,1.0,-0.0,0,0
471,0.0,0.10891089108910892,0.15292463030738873,1.0,-0.0,0,0
472,0.0,0.12673267326732673,0.1609938742509136,1.0,-0.0,0,0
473,0.0,0.12277227722772276,0.14884451859775158,1.0,-0.0,0,0
474,0.0,0.12079207920792079,0.14913402284168503,1.0,-0.0,0,0
475,0.0,0.06534653465346535,0.13818888176132993,1.0,-0.0,0,0
476,0.0,0.08514851485148514,0.14717547862227368,1.0,-0.0,0,0
477,0.0,0.06732673267326733,0.12982006655907932,1.0,-0.0,0,0
478,0.0,0.05346534653465347,0.10489443673781407,1.0,-0.0,0,0
479,0.0,0.027722772277227727,0.07461957893630407,1.0,-0.0,0,0
480,0.0,0.019801980198019802,0.0597350618970232,1.0,-0.0,0,0
481,0.0,0.011881188118811883,0.047276579747775535,1.0,-0.0,0,0
482,0.0,0.011881188118811883,0.047276579747775535,1.0,-0.0,0,0
483,0.0,0.011881188118811883,0.047276579747775535,1.0,-0.0,0,0
484,0.0,0.011881188118811883,0.047276579747775535,1.0,-0.0,0,0
485,0.0,0.015841584158415842,0.06090517425437506,1.0,-0.0,0,0
486,0.0,0.015841584158415842,0.05401260078014202,1.0,-0.0,0,0
487,0.0,0.015841584158415842,0.05401260078014202,1.0,-0.0,0,0
488,0.0,0.021782178217821784,0.06230547612891991,1.0,-0.0,0,0
489,0.0,0.049504950495049514,0.09504950495049506,1.0,-0.0,0,0
490,0.0,0.06534653465346535,0.1129581045303102,1.0,-0.0,0,0
491,0.0,0.05346534653465347,0.10104832334394513,1.0,-0.0,0,0
492,0.0,0.05346534653465347,0.10104832334394513,1.0,-0.0,0,0
493,0.0,0.047524752475247525,0.09809478080396702,1.0,-0.0,0,0
494,0.0,0.023762376237623763,0.07056843438101175,1.0,-0.0,0,0
495,0.0,0.05148514851485149,0.10773441987117183,1.0,-0.0,0,0
496,0.0,0.0594059405940594,0.1144753143191654,1.0,-0.0,0,0
497,0.0,0.0712871287128713,0.11801714396634724,1.0,-0.0,0,0
498,0.0,0.07722772277227724,0.12888031758632065,1.0,-0.0,0,0
499,0.0,0.13267326732673265,0.16477341831853246,1.0,-0.0,0,0
500,0.0,0.09900990099009901,0.1308729634998678,1.0,-0.0,0,0
501,0.0,0.09108910891089109,0.12750384183766536,1.0,-0.0,0,0
502,0.0,0.07920792079207921,0.12293186689242577,1.0,-0.0,0,0
503,0.0,0.07326732673267326,0.11509022642946842,1.0,-0.0,0,0
504,0.0,0.015841584158415842,0.05401260078014202,1.0,-0.0,0,0
505,0.0,0.033663366336633666,0.07994704648786674,1.0,-0.0,0,0
506,0.0,0.05940594059405942,0.10733330877518932,1.0,-0.0,0,0
507,0.0,0.08316831683168316,0.12670172889541698,1.0,-0.0,0,0
508,0.0,0.09900990099009901,0.1367914141716479,1.0,-0.0,0,0
509,0.0,0.1485148514851485,0.16567525277902487,1.0,-0.0,0,0
510,0.0,0.11287128712871286,0.14464936528910635,1.0,-0.0,0,0
511,0.0,0.08712871287128712,0.12401163019288061,1.0,-0.0,0,0
512,0.0,0.06336633663366337,0.11233152161332939,1.0,-0.0,0,0
513,0.0,0.04752475247524753,0.09397077637785879,1.0,-0.0,0,0
514,0.0,0.0,0.0,1.0,-0.0,0,0
515,0.0,0.0,0.0,1.0,-0.0,0,0
516,0.0,0.013861386138613863,0.05079507064705211,1.0,-0.0,0,0
517,0.0,0.023762376237623766,0.06471340450838887,1.0,-0.0,0,0
518,0.0,0.0712871287128713,0.11801714396634724,1.0,-0.0,0,0
519,0.0,0.10495049504950495,0.14784005112815915,1.0,-0.0,0,0
520,0.0,0.10495049504950495,0.14784005112815915,1.0,-0.0,0,0
521,0.0,0.10495049504950496,0.15049504950495052,1.0,-0.0,0,0
522,0.0,0.1108910891089109,0.14752142995793407,1.0,-0.0,0,0
523,0.0,0.07920792079207921,0.11631029826208643,1.0,-0.0,0,0
524,0.0,0.04554455445544555,0.09283729243351323,1.0,-0.0,0,0
525,0.0,0.0811881188118812,0.12642288870900886,1.0,-0.0,0,0
526,0.0,0.0712871287128713,0.11801714396634726,1.0,-0.0,0,0
527,0.0,0.05544554455445546,0.10575073206193022,1.0,-0.0,0,0
528,0.0,0.05544554455445545,0.1019369320889802,1.0,-0.0,0,0
529,0.0,0.0811881188118812,0.11999411807954945,1.0,-0.0,0,0
530,0.0,0.057425742574257435,0.10656335878870264,1.0,-0.0,0,0
531,0.0,0.06336633663366337,0.1158034971660471,1.0,-0.0,0,0
532,0.0,0.07920792079207921,0.12293186689242579,1.0,-0.0,0,0
533,0.0,0.06336633663366337,0.11233152161332939,1.0,-0.0,0,0
534,0.0,0.03762376237623763,0.08307396817189318,1.0,-0.0,0,0
535,0.0,0.025742574257425745,0.06697637435757531,1.0,-0.0,0,0
536,0.0,0.015841584158415842,0.05401260078014202,1.0,-0.0,0,0
537,0.0,0.0,0.0,1.0,-0.0,0,0
538,0.0,0.0,0.0,1.0,-0.0,0,0
539,0.0,0.0,0.0,1.0,-0.0,0,0
540,0.0,0.0,0.0,1.0,-0.0,0,0
541,0.0,0.0,0.0,1.0,-0.0,0,0
542,0.0,0.0059405940594059415,0.03395332316729158,1.0,-0.0,0,0
543,0.0,0.0059405940594059415,0.03395332316729158,1.0,-0.0,0,0
544,0.0,0.023762376237623766,0.07056843438101175,1.0,-0.0,0,0
545,0.0,0.023762376237623766,0.07056843438101175,1.0,-0.0,0,0
546,0.0,0.03762376237623762,0.08771182015980238,1.0,-0.0,0,0
547,0.2,0.05544554455445545,0.1094316980566186,0.09325802196181344,1.0303138003353092,0,0
548,2.0,0.12475247524752477,0.18207056655798165,1.0000000353905428e-17,16.999999984630083,0,0
549,2.0,0.11485148514851487,0.17199248119293833,1.0000000000295384e-17,16.99999999998717,0,0
550,2.4,0.13663366336633667,0.1756023705140227,1e-17,17.0,1,0
551,2.4,0.15247524752475247,0.1848703369027138,1e-17,17.0,0,0
552,2.2,0.13861386138613857,0.1774239745315019,1.0000000000000167e-17,16.999999999999993,0,0
553,0.4,0.08316831683168316,0.10996786833199856,0.0019812632013890058,2.7030578266734806,0,0
554,0.4,0.07524752475247526,0.10089298378500594,0.0006436825812580765,3.1913282431871015,0,0
555,0.0,0.06336633663366337,0.10504385908811757,1.0,-0.0,0,0
556,0.0,0.03564356435643565,0.08154954567118416,1.0,-0.0,0,0
557,0.0,0.03564356435643565,0.08626938974571076,1.0,-0.0,0,0
558,0.0,0.03564356435643565,0.08154954567118416,1.0,-0.0,0,0
559,0.0,0.041584158415841586,0.0859049978751836,1.0,-0.0,0,0
560,0.0,0.051485148514851496,0.10011267057239238,1.0,-0.0,0,0
561,0.0,0.0871287128712871,0.12077584698595571,1.0,-0.0,0,0
562,0.0,0.08910891089108909,0.1142352879354927,1.0,-0.0,0,0
563,0.0,0.08118811881188118,0.11999411807954947,1.0,-0.0,0,0
564,0.0,0.07524752475247526,0.1189108498693262,1.0,-0.0,0,0
565,0.0,0.08118811881188118,0.13549532985786936,1.0,-0.0,0,0
566,0.0,0.09900990099009901,0.13965661530697393,1.0,-0.0,0,0
567,0.0,0.08514851485148514,0.13304219431477882,1.0,-0.0,0,0
568,0.0,0.08316831683168317,0.13280619910579974,1.0,-0.0,0,0
569,0.0,0.08316831683168317,0.13280619910579974,1.0,-0.0,0,0
570,0.0,0.06930693069306931,0.12084076279122662,1.0,-0.0,0,0
571,0.0,0.019801980198019802,0.059735061897023205,1.0,-0.0,0,0
572,0.0,0.03762376237623763,0.08307396817189318,1.0,-0.0,0,0
573,0.0,0.07524752475247526,0.1253951698929708,1.0,-0.0,0,0
574,0.0,0.09306930693069307,0.13661931335176508,1.0,-0.0,0,0
575,0.0,0.08118811881188118,0.12951766673875514,1.0,-0.0,0,0
576,0.0,0.07722772277227724,0.12576985749069639,1.0,-0.0,0,0
577,0.0,0.0712871287128713,0.11110305060677653,1.0,-0.0,0,0
578,0.0,0.02970297029702971,0.07112192077650681,1.0,-0.0,0,0
579,0.0,0.011881188118811881,0.047276579747775535,1.0,-0.0,0,0
580,0.0,0.011881188118811881,0.047276579747775535,1.0,-0.0,0,0
581,0.0,0.021782178217821784,0.062305476128919915,1.0,-0.0,0,0
582,0.0,0.009900990099009901,0.04338396495090425,1.0,-0.0,0,0
583,0.0,0.017821782178217824,0.05698017651460656,1.0,-0.0,0,0
584,0.0,0.017821782178217824,0.05698017651460656,1.0,-0.0,0,0
585,0.0,0.04752475247524753,0.09809478080396702,1.0,-0.0,0,0
586,0.0,0.08910891089108909,0.12734998170941408,1.0,-0.0,0,0
587,0.0,0.08910891089108909,0.12734998170941408,1.0,-0.0,0,0
588,0.0,0.09702970297029702,0.1367627457412436,1.0,-0.0,0,0
589,0.0,0.10099009900990098,0.13679141417164786,1.0,-0.0,0,0
590,0.0,0.1069306930693069,0.13368903310588712,1.0,-0.0,0,0
591,0.0,0.08316831683168316,0.12978985828256587,1.0,-0.0,0,0
592,0.0,0.09504950495049505,0.14784005112815918,1.0,-0.0,0,0
593,0.0,0.0891089108910891,0.13342479626077636,1.0,-0.0,0,0
594,0.0,0.08514851485148514,0.130031327995105,1.0,-0.0,0,0
595,0.0,0.049504950495049514,0.10304643034659555,1.0,-0.0,0,0
596,0.0,0.021782178217821784,0.06230547612891991,1.0,-0.0,0,0
597,0.0,0.009900990099009901,0.04338396495090425,1.0,-0.0,0,0
598,0.0,0.0,0.0,1.0,-0.0,0,0
599,0.0,0.0,0.0,1.0,-0.0,0,0
600,0.0,0.0,0.0,1.0,-0.0,0,0
601,0.0,0.0,0.0,1.0,-0.0,0,0
602,0.0,0.0,0.0,1.0,-0.0,0,0
603,0.0,0.0,0.0,1.0,-0.0,0,0
604,0.0,0.0,0.0,1.0,-0.0,0,0
605,0.0,0.021782178217821784,0.06230547612891991,1.0,-0.0,0,0
606,0.0,0.021782178217821784,0.06230547612891991,1.0,-0.0,0,0
607,0.0,0.05940594059405942,0.09562531855564071,1.0,-0.0,0,0
608,0.0,0.05940594059405942,0.09562531855564071,1.0,-0.0,0,0
609,0.0,0.05940594059405942,0.09562531855564071,1.0,-0.0,0,0
610,0.0,0.06732673267326733,0.10634234916512914,1.0,-0.0,0,0
611,0.0,0.10891089108910891,0.12750384183766536,1.0,-0.0,0,0
612,0.0,0.0712871287128713,0.10747934055534188,1.0,-0.0,0,0
613,0.0,0.0712871287128713,0.10747934055534188,1.0,-0.0,0,0
614,0.0,0.07326732673267326,0.10798889666879984,1.0,-0.0,0,0
615,0.0,0.04356435643564357,0.09164702150816742,1.0,-0.0,0,0
616,0.0,0.04356435643564357,0.08721867542790196,1.0,-0.0,0,0
617,0.0,0.04356435643564357,0.08721867542790196,1.0,-0.0,0,0
618,0.0,0.08118811881188118,0.11999411807954946,1.0,-0.0,0,0
619,0.0,0.07920792079207921,0.11966689053257921,1.0,-0.0,0,0
620,0.0,0.08316831683168316,0.12353642740976016,1.0,-0.0,0,0
621,0.0,0.057425742574257435,0.09885135821266286,1.0,-0.0,0,0
622,0.0,0.09504950495049502,0.12771893462651168,1.0,-0.0,0,0
623,0.0,0.0891089108910891,0.13636075485692528,1.0,-0.0,0,0
624,0.0,0.0891089108910891,0.13636075485692528,1.0,-0.0,0,0
625,0.0,0.09702970297029703,0.1451905170679078,1.0,-0.0,0,0
626,0.0,0.0811881188118812,0.12951766673875512,1.0,-0.0,0,0
627,0.0,0.04356435643564357,0.09587103712404123,1.0,-0.0,0,0
628,0.0,0.011881188118811881,0.047276579747775535,1.0,-0.0,0,0
629,0.0,0.011881188118811881,0.047276579747775535,1.0,-0.0,0,0
630,0.0,0.015841584158415842,0.06709336374692047,1.0,-0.0,0,0
631,0.0,0.015841584158415842,0.06709336374692047,1.0,-0.0,0,0
632,0.0,0.015841584158415842,0.06709336374692047,1.0,-0.0,0,0
633,0.0,0.027722772277227727,0.07975061610139514,1.0,-0.0,0,0
634,0.0,0.03762376237623763,0.08771182015980238,1.0,-0.0,0,0
635,0.0,0.021782178217821784,0.06230547612891991,1.0,-0.0,0,0
636,0.0,0.07326732673267328,0.12498799079651089,1.0,-0.0,0,0
637,0.0,0.09900990099009899,0.1557448087305797,1.0,-0.0,0,0
638,0.0,0.08712871287128712,0.13618810981425267,1.0,-0.0,0,0
639,0.0,0.07722772277227724,0.12888031758632065,1.0,-0.0,0,0
640,0.0,0.07722772277227724,0.12888031758632065,1.0,-0.0,0,0
641,0.0,0.025742574257425745,0.07791016068477624,1.0,-0.0,0,0
642,0.0,0.0,0.0,1.0,-0.0,0,0
643,0.0,0.021782178217821784,0.06230547612891991,1.0,-0.0,0,0
644,0.0,0.027722772277227727,0.06910862719451544,1.0,-0.0,0,0
645,0.0,0.14455445544554452,0.15699861103298854,1.0,-0.0,0,0
646,0.0,0.14455445544554452,0.15699861103298854,1.0,-0.0,0,0
647,0.0,0.14455445544554452,0.15699861103298854,1.0,-0.0,0,0
648,0.0,0.12079207920792079,0.15435386352400063,1.0,-0.0,0,0
649,0.0,0.11485148514851484,0.15246238855382302,1.0,-0.0,0,0
650,0.0,0.0,0.0,1.0,-0.0,0,0
651,0.0,0.0,0.0,1.0,-0.0,0,0
652,0.0,0.0,0.0,1.0,-0.0,0,0
653,0.0,0.017821782178217824,0.0635517090529949,1.0,-0.0,0,0
654,0.0,0.06930693069306931,0.11057238501634628,1.0,-0.0,0,0
655,0.0,0.06930693069306931,0.11057238501634628,1.0,-0.0,0,0
656,0.0,0.06930693069306931,0.11057238501634628,1.0,-0.0,0,0
657,0.0,0.06930693069306931,0.11057238501634628,1.0,-0.0,0,0
658,0.0,0.051485148514851475,0.09607532254026299,1.0,-0.0,0,0
659,0.0,0.0,0.0,1.0,-0.0,0,0
660,0.0,0.0,0.0,1.0,-0.0,0,0
661,0.0,0.0,0.0,1.0,-0.0,0,0
662,0.0,0.0,0.0,1.0,-0.0,0,0
663,0.0,0.0,0.0,1.0,-0.0,0,0
664,0.0,0.013861386138613863,0.05079507064705211,1.0,-0.0,0,0
665,0.0,0.015841584158415842,0.05401260078014202,1.0,-0.0,0,0
666,0.0,0.021782178217821784,0.06230547612891991,1.0,-0.0,0,0
667,0.0,0.021782178217821784,0.06230547612891991,1.0,-0.0,0,0
668,0.0,0.021782178217821784,0.06230547612891991,1.0,-0.0,0,0
669,0.0,0.021782178217821784,0.06230547612891991,1.0,-0.0,0,0
670,0.0,0.019801980198019802,0.059735061897023205,1.0,-0.0,0,0
671,0.0,0.043564356435643575,0.09164702150816742,1.0,-0.0,0,0
672,0.0,0.06336633663366338,0.10874875419996817,1.0,-0.0,0,0
673,0.0,0.06336633663366338,0.10874875419996817,1.0,-0.0,0,0
674,0.0,0.0613861386138614,0.10433219700847124,1.0,-0.0,0,0
675,0.0,0.07920792079207921,0.11966689053257921,1.0,-0.0,0,0
676,0.0,0.049504950495049514,0.09912864166957487,1.0,-0.0,0,0
677,0.0,0.0297029702970297,0.07648795214189293,1.0,-0.0,0,0
678,0.0,0.0297029702970297,0.07648795214189293,1.0,-0.0,0,0
679,0.0,0.017821782178217824,0.0635517090529949,1.0,-0.0,0,0
680,0.2,0.031683168316831684,0.0730260947112308,0.01058647624307391,1.9752485727397298,0,0
681,0.4,0.06732673267326733,0.10634234916512914,0.0008790328968664411,3.0559948716153893,0,0
682,0.4,0.11089108910891088,0.1420507440353343,0.020912814716921486,1.6795875102832771,0,0
683,0.4,0.11287128712871286,0.14736186103080443,0.025679964702352388,1.5904055775496064,0,0
684,0.4,0.11287128712871286,0.14736186103080443,0.025679964702352388,1.5904055775496064,0,0
685,0.2,0.10099009900990098,0.1338649012368758,0.22976361750303875,0.6387187396538444,0,0
686,0.0,0.0792079207920792,0.12921455921643918,1.0,-0.0,0,0
687,0.0,0.04554455445544555,0.10100951085035129,1.0,-0.0,0,0
688,0.0,0.04356435643564357,0.09991664009142864,1.0,-0.0,0,0
689,0.2,0.07524752475247526,0.13156027914354926,0.17150024704312544,0.7657352500271064,0,0
690,0.2,0.09702970297029702,0.13383560593042218,0.22083419262354137,0.6559336822197845,0,0
691,0.2,0.08316831683168316,0.12028786177019754,0.16570755996746261,0.7806576775960139,0,0
692,0.2,0.07920792079207921,0.11966689053257921,0.1563907784536167,0.8057888585957333,0,0
693,0.2,0.09504950495049502,0.12771893462651168,0.20561525732768127,0.686944662403549,0,0
694,0.0,0.06534653465346535,0.10939585993610405,1.0,-0.0,0,0
695,0.0,0.023762376237623766,0.06471340450838887,1.0,-0.0,0,0
696,0.0,0.04950495049504951,0.1104659459879711,1.0,-0.0,0,0
697,0.0,0.04356435643564357,0.10755228209109126,1.0,-0.0,0,0
698,0.0,0.02772277227722772,0.08913091037565862,1.0,-0.0,0,0
699,0.0,0.03564356435643564,0.09074407316744237,1.0,-0.0,0,0
700,0.0,0.041584158415841586,0.09467748980500532,1.0,-0.0,0,0
701,0.0,0.015841584158415842,0.05401260078014202,1.0,-0.0,0,0
702,0.0,0.015841584158415842,0.05401260078014202,1.0,-0.0,0,0
703,0.0,0.015841584158415842,0.05401260078014202,1.0,-0.0,0,0
704,0.0,0.0059405940594059415,0.033953323167291584,1.0,-0.0,0,0
705,0.0,0.0,0.0,1.0,-0.0,0,0
706,0.0,0.0,0.0,1.0,-0.0,0,0
707,0.0,0.0,0.0,1.0,-0.0,0,0
708,0.0,0.0,0.0,1.0,-0.0,0,0
709,0.0,0.0,0.0,1.0,-0.0,0,0
710,0.0,0.0,0.0,1.0,-0.0,0,0
711,0.0,0.015841584158415842,0.05401260078014202,1.0,-0.0,0,0
712,0.0,0.025742574257425748,0.06697637435757531,1.0,-0.0,0,0
713,0.0,0.025742574257425748,0.06697637435757531,1.0,-0.0,0,0
714,0.0,0.025742574257425748,0.06697637435757531,1.0,-0.0,0,0
715,0.0,0.025742574257425748,0.06697637435757531,1.0,-0.0,0,0
716,0.0,0.009900990099009901,0.04338396495090424,1.0,-0.0,0,0
717,0.0,0.0,0.0,1.0,-0.0,0,0
718,0.0,0.0,0.0,1.0,-0.0,0,0
719,0.0,0.0,0.0,1.0,-0.0,0,0
720,0.0,0.0,0.0,1.0,-0.0,0,0
721,0.0,0.0,0.0,1.0,-0.0,0,0
722,0.0,0.0,0.0,1.0,-0.0,0,0
723,0.0,0.05148514851485149,0.096075322540263,1.0,-0.0,0,0
724,0.0,0.05148514851485149,0.096075322540263,1.0,-0.0,0,0
725,0.0,0.05148514851485149,0.096075322540263,1.0,-0.0,0,0
726,0.0,0.09306930693069307,0.14776046024695158,1.0,-0.0,0,0
727,0.0,0.09900990099009901,0.1557448087305797,1.0,-0.0,0,0
728,0.0,0.047524752475247525,0.10205226714237722,1.0,-0.0,0,0
729,0.0,0.047524752475247525,0.10205226714237722,1.0,-0.0,0,0
730,0.0,0.047524752475247525,0.10205226714237722,1.0,-0.0,0,0
731,0.0,0.03564356435643565,0.08154954567118416,1.0,-0.0,0,0
732,0.0,0.03762376237623763,0.08307396817189319,1.0,-0.0,0,0
733,0.0,0.03762376237623763,0.08307396817189319,1.0,-0.0,0,0
734,0.0,0.04356435643564357,0.08721867542790195,1.0,-0.0,0,0
735,0.0,0.04356435643564357,0.08721867542790195,1.0,-0.0,0,0
736,0.0,0.013861386138613863,0.05079507064705211,1.0,-0.0,0,0
737,0.0,0.0059405940594059415,0.033953323167291584,1.0,-0.0,0,0
738,0.0,0.0059405940594059415,0.033953323167291584,1.0,-0.0,0,0
739,0.0,0.039603960396039604,0.07970143286137865,1.0,-0.0,0,0
740,0.0,0.06732673267326733,0.1135467024699521,1.0,-0.0,0,0
741,0.0,0.11287128712871287,0.1361881098142527,1.0,-0.0,0,0
742,0.0,0.17821782178217815,0.1799911771193242,1.0,-0.0,0,0
743,0.0,0.17821782178217815,0.1799911771193242,1.0,-0.0,0,0
744,0.0,0.14653465346534653,0.15893479355105833,1.0,-0.0,0,0
745,0.0,0.1584158415841584,0.1672534844655737,1.0,-0.0,0,0
746,0.0,0.11089108910891088,0.13342479626077636,1.0,-0.0,0,0
747,0.0,0.09306930693069307,0.13368903310588712,1.0,-0.0,0,0
748,0.0,0.13267326732673265,0.15989409297573345,1.0,-0.0,0,0
749,0.0,0.12475247524752475,0.15632280678012314,1.0,-0.0,0,0
750,0.2,0.12673267326732673,0.1427391785420998,0.30387244129620916,0.5173086850325754,0,0
751,0.2,0.12673267326732673,0.1427391785420998,0.30387244129620916,0.5173086850325754,0,0
752,0.2,0.08118811881188118,0.11664694237642095,0.1542060090621744,0.8118987024738039,0,0
753,0.2,0.08118811881188118,0.11999411807954947,0.1610510040644479,0.7930365632485749,0,0
754,0.2,0.0891089108910891,0.12420120222231065,0.18597296685049775,0.7305501805181491,0,0
755,0.0,0.049504950495049514,0.09912864166957487,1.0,-0.0,0,0
756,0.0,0.049504950495049514,0.09912864166957487,1.0,-0.0,0,0
757,0.0,0.08514851485148514,0.12379009590564582,1.0,-0.0,0,0
758,0.0,0.04554455445544555,0.08387254884969257,1.0,-0.0,0,0
759,0.0,0.03762376237623763,0.07816140339006158,1.0,-0.0,0,0
760,0.0,0.03762376237623763,0.07816140339006158,1.0,-0.0,0,0
761,0.2,0.07326732673267326,0.1115960618107356,0.12805415268855674,0.8926063331621106,0,0
762,0.6,0.08118811881188118,0.11664694237642095,4.3395108135463674e-06,5.362559225084637,0,0
763,0.6,0.08118811881188118,0.11664694237642095,4.3395108135463674e-06,5.362559225084637,0,0
764,0.6,0.08118811881188118,0.11664694237642095,4.3395108135463674e-06,5.362559225084637,0,0
765,0.6,0.08118811881188118,0.11664694237642095,4.3395108135463674e-06,5.362559225084637,0,0
766,0.4,0.04554455445544555,0.09283729243351321,6.726114370462065e-05,4.172235752240195,0,0
767,0.0,0.0,0.0,1.0,-0.0,0,0
768,0.0,0.0,0.0,1.0,-0.0,0,0
769,0.0,0.0,0.0,1.0,-0.0,0,0
770,0.0,0.007920792079207921,0.03900537743285587,1.0,-0.0,0,0
771,0.0,0.007920792079207921,0.03900537743285587,1.0,-0.0,0,0
772,0.0,0.023762376237623766,0.06471340450838889,1.0,-0.0,0,0
773,0.0,0.033663366336633666,0.07482947971362847,1.0,-0.0,0,0
774,0.0,0.039603960396039604,0.07970143286137867,1.0,-0.0,0,0
775,0.0,0.04554455445544555,0.08387254884969257,1.0,-0.0,0,0
776,0.0,0.061386138613861385,0.09644194583672018,1.0,-0.0,0,0
777,0.0,0.08316831683168316,0.12353642740976017,1.0,-0.0,0,0
778,0.0,0.07326732673267328,0.11848138852793338,1.0,-0.0,0,0
779,0.0,0.06732673267326733,0.11698261772468857,1.0,-0.0,0,0
780,0.0,0.05346534653465348,0.10489443673781407,1.0,-0.0,0,0
781,0.0,0.03762376237623763,0.08771182015980238,1.0,-0.0,0,0
782,0.0,0.0,0.0,1.0,-0.0,0,0
783,0.0,0.047524752475247525,0.08512548617902845,1.0,-0.0,0,0
784,0.0,0.05544554455445545,0.08952597667688963,1.0,-0.0,0,0
785,0.0,0.05544554455445545,0.08952597667688963,1.0,-0.0,0,0
786,0.0,0.061386138613861385,0.09224407682259103,1.0,-0.0,0,0
787,0.0,0.061386138613861385,0.09224407682259103,1.0,-0.0,0,0
788,0.0,0.013861386138613863,0.05079507064705211,1.0,-0.0,0,0
789,0.0,0.0059405940594059415,0.03395332316729158,1.0,-0.0,0,0
790,0.0,0.0059405940594059415,0.03395332316729158,1.0,-0.0,0,0
791,0.0,0.025742574257425745,0.07791016068477624,1.0,-0.0,0,0
792,0.0,0.025742574257425745,0.07791016068477624,1.0,-0.0,0,0
793,0.0,0.03960396039603961,0.08908690597387718,1.0,-0.0,0,0
794,0.0,0.061386138613861385,0.11854756076907538,1.0,-0.0,0,0
795,0.0,0.09900990099009901,0.14246420394934614,1.0,-0.0,0,0
796,0.0,0.10693069306930691,0.1422989641443302,1.0,-0.0,0,0
797,0.0,0.11287128712871287,0.14188502271424047,1.0,-0.0,0,0
798,0.0,0.09900990099009899,0.12781100644043505,1.0,-0.0,0,0
799,0.0,0.08118811881188118,0.11664694237642094,1.0,-0.0,0,0
800,0.0,0.04356435643564357,0.08721867542790195,1.0,-0.0,0,0
801,0.0,0.04356435643564357,0.09587103712404123,1.0,-0.0,0,0
802,0.0,0.03762376237623763,0.08771182015980238,1.0,-0.0,0,0
803,0.0,0.08712871287128712,0.13024224675172555,1.0,-0.0,0,0
804,0.0,0.08316831683168317,0.12670172889541695,1.0,-0.0,0,0
805,0.0,0.08316831683168317,0.12670172889541695,1.0,-0.0,0,0
806,0.0,0.04950495049504952,0.10304643034659555,1.0,-0.0,0,0
807,0.0,0.04950495049504952,0.10304643034659555,1.0,-0.0,0,0
808,0.0,0.0,0.0,1.0,-0.0,0,0
809,0.0,0.0,0.0,1.0,-0.0,0,0
810,0.0,0.019801980198019802,0.06603299802191315,1.0,-0.0,0,0
811,0.0,0.03564356435643565,0.08154954567118416,1.0,-0.0,0,0
812,0.0,0.05544554455445544,0.10943169805661862,1.0,-0.0,0,0
813,0.0,0.11089108910891088,0.14752142995793405,1.0,-0.0,0,0
814,0.0,0.12475247524752472,0.1511709677939985,1.0,-0.0,0,0
815,0.0,0.10495049504950493,0.13670539084430264,1.0,-0.0,0,0
816,0.0,0.08910891089108909,0.12734998170941406,1.0,-0.0,0,0
817,0.0,0.06930693069306931,0.11409790329416186,1.0,-0.0,0,0
818,0.0,0.01386138613861386,0.05079507064705212,1.0,-0.0,0,0
819,0.0,0.0,0.0,1.0,-0.0,0,0
820,0.0,0.015841584158415842,0.054012600780142014,1.0,-0.0,0,0
821,0.0,0.025742574257425748,0.06697637435757531,1.0,-0.0,0,0
822,0.0,0.025742574257425748,0.06697637435757531,1.0,-0.0,0,0
823,0.0,0.025742574257425748,0.06697637435757531,1.0,-0.0,0,0
824,0.0,0.025742574257425748,0.06697637435757531,1.0,-0.0,0,0
825,0.0,0.03564356435643565,0.08154954567118416,1.0,-0.0,0,0
826,0.0,0.025742574257425748,0.07264925278354116,1.0,-0.0,0,0
827,0.0,0.025742574257425748,0.07264925278354116,1.0,-0.0,0,0
828,0.0,0.049504950495049514,0.09912864166957489,1.0,-0.0,0,0
829,0.0,0.049504950495049514,0.09912864166957489,1.0,-0.0,0,0
830,0.0,0.023762376237623766,0.07056843438101175,1.0,-0.0,0,0
831,0.0,0.05544554455445545,0.11644507269694382,1.0,-0.0,0,0
832,0.0,0.05544554455445545,0.11644507269694382,1.0,-0.0,0,0
833,0.0,0.031683168316831684,0.08316831683168317,1.0,-0.0,0,0
834,0.0,0.05544554455445545,0.1094316980566186,1.0,-0.0,0,0
835,0.0,0.07326732673267326,0.12811743461086583,1.0,-0.0,0,0
836,0.0,0.22178217821782176,0.20469922895763287,1.0,-0.0,0,0
837,0.2,0.3069306930693069,0.23641607295821704,1.0,-0.0,0,0
838,0.2,0.3089108910891089,0.23466808660634533,1.0,-0.0,0,0
839,0.2,0.29108910891089107,0.22954928282989867,1.0,-0.0,0,0
840,0.2,0.27326732673267323,0.21931084188452962,1.0,-0.0,0,0
841,0.2,0.09306930693069307,0.13069306930693073,0.2066266877468202,0.6848135860465707,0,0
842,0.0,0.031683168316831684,0.08316831683168317,1.0,-0.0,0,0
843,0.0,0.0910891089108911,0.13357165904190144,1.0,-0.0,0,0
844,0.0,0.08514851485148514,0.12694907267187808,1.0,-0.0,0,0
845,0.0,0.08514851485148514,0.12694907267187808,1.0,-0.0,0,0
846,0.2,0.11287128712871286,0.1390657415135005,0.26548402751583455,0.5759616025312939,0,0
847,0.2,0.09702970297029702,0.14243667729389659,0.23486457313421255,0.6291824870650919,0,0
848,0.2,0.057425742574257435,0.09885135821266286,0.07460753442729876,1.127217312004932,0,0
849,0.2,0.07326732673267328,0.12177815335858849,0.14901092980675446,0.8267818753416014,0,0
850,0.2,0.07524752475247526,0.12219602867755656,0.15364596650640788,0.8134788362992571,0,0
851,0.0,0.06534653465346535,0.11295810453031022,1.0,-0.0,0,0
852,0.0,0.05742574257425742,0.10656335878870264,1.0,-0.0,0,0
853,0.0,0.03564356435643565,0.08154954567118415,1.0,-0.0,0,0
854,0.0,0.019801980198019802,0.059735061897023205,1.0,-0.0,0,0
855,0.0,0.017821782178217824,0.05698017651460656,1.0,-0.0,0,0
856,0.0,0.0,0.0,1.0,-0.0,0,0
857,0.0,0.0,0.0,1.0,-0.0,0,0
858,0.0,0.0,0.0,1.0,-0.0,0,0
859,0.0,0.0,0.0,1.0,-0.0,0,0
860,0.0,0.0,0.0,1.0,-0.0,0,0
861,0.0,0.0,0.0,1.0,-0.0,0,0
862,0.0,0.0059405940594059415,0.033953323167291584,1.0,-0.0,0,0
863,0.0,0.05346534653465347,0.10104832334394512,1.0,-0.0,0,0
864,0.0,0.05346534653465347,0.10104832334394512,1.0,-0.0,0,0
865,0.0,0.06336633663366337,0.11233152161332939,1.0,-0.0,0,0
866,0.0,0.07326732673267328,0.13117223890438964,1.0,-0.0,0,0
867,0.2,0.09306930693069305,0.14776046024695155,0.23463234733385618,0.6296121145556179,0,0
868,0.2,0.04554455445544554,0.08846854615322249,0.040415922396446834,1.3934475050229045,0,0
869,0.2,0.05544554455445545,0.09797478714338996,0.07004915208881982,1.1545971172715026,0,0
870,0.2,0.04950495049504951,0.09504950495049506,0.056672754609762926,1.2466256777282645,0,0
871,0.2,0.039603960396039604,0.0890869059738772,0.03589523119581593,1.4449632450960648,0,0
872,0.0,0.013861386138613863,0.05079507064705211,1.0,-0.0,0,0
873,0.0,0.013861386138613863,0.05079507064705211,1.0,-0.0,0,0
874,0.0,0.0039603960396039604,0.027863855998951064,1.0,-0.0,0,0
875,0.2,0.017821782178217824,0.0635517090529949,0.0020744436267099344,2.6830983626867595,0,0
876,0.2,0.017821782178217824,0.0635517090529949,0.0020744436267099344,2.6830983626867595,0,0
877,0.2,0.019801980198019802,0.06603299802191315,0.003177215148072976,2.4979533755231182,0,0
878,0.2,0.019801980198019802,0.06603299802191315,0.003177215148072976,2.4979533755231182,0,0
879,0.2,0.019801980198019802,0.06603299802191315,0.003177215148072976,2.4979533755231182,0,0
880,0.2,0.049504950495049514,0.09078727434730813,0.04869237040212954,1.3125390829709087,0,0
881,0.2,0.049504950495049514,0.09078727434730813,0.04869237040212954,1.3125390829709087,0,0
882,0.2,0.04752475247524753,0.08965727859541997,0.044504787234598886,1.3515932708674616,0,0
883,0.2,0.04752475247524753,0.08965727859541997,0.044504787234598886,1.3515932708674616,0,0
884,0.2,0.04752475247524753,0.08965727859541997,0.044504787234598886,1.3515932708674616,0,0
885,0.0,0.0,0.0,1.0,-0.0,0,0
886,0.0,0.0,0.0,1.0,-0.0,0,0
887,0.0,0.0,0.0,1.0,-0.0,0,0
888,0.0,0.0,0.0,1.0,-0.0,0,0
889,0.0,0.0,0.0,1.0,-0.0,0,0
890,0.0,0.0,0.0,1.0,-0.0,0,0
891,0.0,0.0,0.0,1.0,-0.0,0,0
892,0.0,0.0,0.0,1.0,-0.0,0,0
893,0.0,0.0,0.0,1.0,-0.0,0,0
894,0.0,0.0,0.0,1.0,-0.0,0,0
895,0.0,0.0,0.0,1.0,-0.0,0,0
896,0.0,0.0,0.0,1.0,-0.0,0,0
897,1.0,0.025742574257425748,0.06697637435757531,1e-17,17.0,0,0
898,1.0,0.025742574257425748,0.06697637435757531,1e-17,17.0,0,0
899,1.0,0.0613861386138614,0.10046456153636296,1.0004693821697771e-17,16.999796197740594,0,0
900,1.0,0.0613861386138614,0.10046456153636296,1.0004693821697771e-17,16.999796197740594,0,0
901,1.0,0.0613861386138614,0.10046456153636296,1.0004693821697771e-17,16.999796197740594,0,0
902,0.0,0.03564356435643565,0.07653920035678292,1.0,-0.0,0,0
903,0.0,0.07524752475247526,0.10474480123119363,1.0,-0.0,0,0
904,0.0,0.07524752475247526,0.10474480123119365,1.0,-0.0,0,0
905,0.0,0.07524752475247526,0.10474480123119365,1.0,-0.0,0,0
906,0.0,0.07524752475247526,0.10474480123119365,1.0,-0.0,0,0
907,0.0,0.07524752475247526,0.10474480123119365,1.0,-0.0,0,0
908,0.0,0.05940594059405942,0.10733330877518933,1.0,-0.0,0,0
909,0.0,0.023762376237623766,0.06471340450838889,1.0,-0.0,0,0
910,0.0,0.023762376237623766,0.06471340450838889,1.0,-0.0,0,0
911,0.0,0.025742574257425748,0.0669763743575753,1.0,-0.0,0,0
912,0.0,0.05940594059405942,0.10733330877518933,1.0,-0.0,0,0
913,0.0,0.07524752475247524,0.13156027914354926,1.0,-0.0,0,0
914,0.4,0.10297029702970298,0.15054715096038188,0.02424771528136088,1.6153291761315192,0,0
915,0.4,0.12079207920792079,0.1517663861889879,0.032904549720619417,1.4827440478874867,0,0
916,0.4,0.12277227722772276,0.15662352422404113,0.03836139804470919,1.4161055737631367,0,0
917,0.6,0.1089108910891089,0.13937555924568532,0.0002129474348917748,3.671727586954671,0,0
918,0.6,0.07524752475247524,0.11205191564986228,1.4127106189474161e-06,5.849946790356173,0,0
919,0.2,0.047524752475247525,0.0939707763778588,0.05233944412570533,1.2811708941229774,0,0
920,0.4,0.05742574257425742,0.09885135821266286,0.0002645747299198912,3.577451638532637,0,0
921,0.4,0.05346534653465347,0.09704990696905226,0.00017802439318403976,3.7495204858967237,0,0
922,0.2,0.039603960396039604,0.08452453849668534,0.028872622852877186,1.5395137620565469,0,0
923,0.2,0.061386138613861385,0.10433219700847123,0.09199298471617674,1.0362452902111776,0,0
924,0.2,0.08118811881188118,0.11999411807954947,0.1610510040644479,0.7930365632485749,0,0
925,0.0,0.06732673267326733,0.12032045569079852,1.0,-0.0,0,0
926,0.0,0.07326732673267328,0.12177815335858848,1.0,-0.0,0,0
927,0.0,0.07326732673267328,0.12811743461086583,1.0,-0.0,0,0
928,0.0,0.04752475247524753,0.09809478080396702,1.0,-0.0,0,0
929,0.0,0.07326732673267326,0.10798889666879984,1.0,-0.0,0,0
930,0.0,0.14059405940594058,0.16055486574752068,1.0,-0.0,0,0
931,0.0,0.13465346534653463,0.1594766462708981,1.0,-0.0,0,0
932,0.0,0.19207920792079206,0.19278221864351283,1.0,-0.0,0,0
933,0.0,0.26534653465346536,0.22179985785260758,1.0,-0.0,0,0
934,0.0,0.2198019801980198,0.21155707606157345,1.0,-0.0,0,0
935,0.0,0.14059405940594058,0.14770737583343774,1.0,-0.0,0,0
936,0.0,0.14059405940594058,0.14770737583343774,1.0,-0.0,0,0
937,0.0,0.1386138613861386,0.18399865315354189,1.0,-0.0,0,0
938,0.0,0.11089108910891088,0.16038381569359672,1.0,-0.0,0,0
939,0.0,0.11089108910891088,0.16038381569359672,1.0,-0.0,0,0
940,0.2,0.12277227722772276,0.1640340390410514,0.31889069992103514,0.4963581462693366,0,0
941,0.4,0.1881188118811881,0.18200594523684843,0.12218276430656684,0.9129900534591441,0,0
942,0.4,0.12277227722772276,0.15148191286261609,0.033617160855553524,1.4734389677803268,0,0
943,0.4,0.07524752475247526,0.11553229422427584,0.002469974202944899,2.607307582601543,0,0
944,0.4,0.1306930693069307,0.16028599085028167,0.04646259706061013,1.3328965186518085,0,0
945,0.4,0.1564356435643564,0.18153135265530043,0.0898433016341645,1.0465142966491825,0,0
946,0.2,0.09108910891089109,0.14494724878689189,0.2262111110208614,0.6454860672419592,0,0
947,0.2,0.12277227722772277,0.16160162980675777,0.31636442600450354,0.49981235721777156,0,0
948,0.2,0.18415841584158413,0.18170407519927861,0.465262855865315,0.3323016178656974,0,0
949,0.2,0.1504950495049505,0.149999183084401,0.3706868334052631,0.43099283960030366,0,0
950,0.0,0.1564356435643564,0.15821769786485684,1.0,-0.0,0,0
951,0.0,0.21386138613861388,0.19951907671778216,1.0,-0.0,0,0
952,0.2,0.18613861386138614,0.1914145896807061,0.47113561891251954,0.3268540608808607,0,0
953,0.2,0.15643564356435644,0.16555687101844338,0.3962219857292312,0.4020614298172311,0,0
954,0.2,0.16237623762376235,0.17052712983454246,0.4126894441147001,0.3843766394854794,0,0
955,0.2,0.12277227722772276,0.14884451859775158,0.3019332727396555,0.5200890255293896,0,0
956,0.2,0.06534653465346535,0.11295810453031022,0.11661777127180524,0.9332352628086957,0,0
957,0.0,0.0613861386138614,0.10806149425459212,1.0,-0.0,0,0
958,0.0,0.031683168316831684,0.07826167463512675,1.0,-0.0,0,0
959,0.0,0.0039603960396039604,0.027863855998951064,1.0,-0.0,0,0
960,0.0,0.0,0.0,1.0,-0.0,0,0
961,0.0,0.0,0.0,1.0,-0.0,0,0
962,0.0,0.0,0.0,1.0,-0.0,0,0
963,0.0,0.0,0.0,1.0,-0.0,0,0
964,0.0,0.0,0.0,1.0,-0.0,0,0
965,0.0,0.0,0.0,1.0,-0.0,0,0
966,0.0,0.0,0.0,1.0,-0.0,0,0
967,0.0,0.0,0.0,1.0,-0.0,0,0
968,0.0,0.0,0.0,1.0,-0.0,0,0
969,0.0,0.0,0.0,1.0,-0.0,0,0
970,0.0,0.0,0.0,1.0,-0.0,0,0
971,0.0,0.0,0.0,1.0,-0.0,0,0
972,0.0,0.0,0.0,1.0,-0.0,0,0
973,0.0,0.0,0.0,1.0,-0.0,0,0
974,0.0,0.0,0.0,1.0,-0.0,0,0
975,0.0,0.0,0.0,1.0,-0.0,0,0
976,0.0,0.015841584158415842,0.06090517425437506,1.0,-0.0,0,0
977,0.0,0.015841584158415842,0.06090517425437506,1.0,-0.0,0,0
978,0.0,0.027722772277227727,0.07461957893630405,1.0,-0.0,0,0
979,0.0,0.033663366336633666,0.07994704648786674,1.0,-0.0,0,0
980,0.0,0.04752475247524753,0.08965727859541997,1.0,-0.0,0,0
981,0.0,0.031683168316831684,0.0730260947112308,1.0,-0.0,0,0
982,0.0,0.06336633663366337,0.09721138779115705,1.0,-0.0,0,0
983,0.0,0.057425742574257435,0.09885135821266286,1.0,-0.0,0,0
984,0.0,0.05148514851485149,0.096075322540263,1.0,-0.0,0,0
985,0.0,0.041584158415841586,0.08590499787518362,1.0,-0.0,0,0
986,0.0,0.06930693069306931,0.12084076279122662,1.0,-0.0,0,0
987,0.0,0.03762376237623762,0.09631989312487374,1.0,-0.0,0,0
988,0.0,0.07524752475247526,0.12539516989297084,1.0,-0.0,0,0
989,0.0,0.11287128712871286,0.14736186103080443,1.0,-0.0,0,0
990,0.0,0.14059405940594058,0.17920518569106958,1.0,-0.0,0,0
991,0.0,0.1287128712871287,0.16550949460567813,1.0,-0.0,0,0
992,0.0,0.1287128712871287,0.16550949460567813,1.0,-0.0,0,0
993,0.0,0.08514851485148513,0.13598641357140118,1.0,-0.0,0,0
994,0.0,0.04752475247524753,0.09809478080396702,1.0,-0.0,0,0
995,0.0,0.015841584158415842,0.054012600780142014,1.0,-0.0,0,0
996,0.0,0.0,0.0,1.0,-0.0,0,0
997,0.0,0.0,0.0,1.0,-0.0,0,0
998,0.0,0.041584158415841586,0.09039772047931348,1.0,-0.0,0,0
999,0.0,0.041584158415841586,0.09039772047931348,1.0,-0.0,0,0
1000,0.0,0.041584158415841586,0.09039772047931348,1.0,-0.0,0,0
1001,0.0,0.041584158415841586,0.09039772047931348,1.0,-0.0,0,0
1002,0.2,0.07326732673267328,0.1115960618107356,0.12805415268855674,0.8926063331621106,0,0
1003,0.2,0.06534653465346535,0.1164113937164283,0.12369676173807938,0.9076416696327345,0,0
1004,0.2,0.08514851485148517,0.13886822488939993,0.20410330048193887,0.6901499724054176,0,0
1005,0.2,0.11881188118811879,0.15460769343321296,0.2997487024529848,0.5232426881915103,0,0
1006,0.2,0.11881188118811879,0.15460769343321296,0.2997487024529848,0.5232426881915103,0,0
1007,0.0,0.08712871287128714,0.13324834725751067,1.0,-0.0,0,0
1008,0.0,0.05346534653465348,0.10489443673781407,1.0,-0.0,0,0
1009,0.0,0.04356435643564357,0.09587103712404123,1.0,-0.0,0,0
1010,0.0,0.009900990099009901,0.04338396495090425,1.0,-0.0,0,0
1011,0.0,0.009900990099009901,0.04338396495090425,1.0,-0.0,0,0
1012,0.0,0.009900990099009901,0.04338396495090425,1.0,-0.0,0,0
1013,0.0,0.03762376237623763,0.08771182015980238,1.0,-0.0,0,0
1014,0.0,0.039603960396039604,0.08452453849668534,1.0,-0.0,0,0
1015,0.0,0.051485148514851496,0.096075322540263,1.0,-0.0,0,0
1016,0.0,0.051485148514851496,0.096075322540263,1.0,-0.0,0,0
1017,0.0,0.057425742574257435,0.10277971700879983,1.0,-0.0,0,0
1018,0.0,0.08514851485148513,0.12379009590564581,1.0,-0.0,0,0
1019,0.0,0.13168316831683166,0.15978369851381538,1.0,-0.0,0,0
1020,0.0,0.12673267326732673,0.16343532896604632,1.0,-0.0,0,0
1021,0.0,0.12673267326732673,0.16343532896604632,1.0,-0.0,0,0
1022,0.0,0.16633663366336632,0.17364880212589112,1.0,-0.0,0,0
1023,0.0,0.11485148514851484,0.14984225277142665,1.0,-0.0,0,0
1024,0.2,0.06534653465346535,0.11976515267356391,0.130440226039647,0.8845884572772558,0,0
1025,0.2,0.057425742574257435,0.11718356139020587,0.11186403193977291,0.9513095313546538,0,0
1026,0.2,0.057425742574257435,0.11718356139020587,0.11186403193977291,0.9513095313546538,0,0
1027,0.2,0.013861386138613863,0.05079507064705211,0.00012391038159364294,3.90689230556944,0,0
1028,0.2,0.019801980198019806,0.059735061897023184,0.0012780474741147132,2.893453013655618,0,0
1029,0.0,0.011881188118811881,0.047276579747775535,1.0,-0.0,0,0
1030,0.0,0.025742574257425748,0.07264925278354116,1.0,-0.0,0,0
1031,0.0,0.04950495049504951,0.09078727434730813,1.0,-0.0,0,0
1032,0.0,0.04950495049504951,0.09078727434730813,1.0,-0.0,0,0
1033,0.0,0.03762376237623762,0.07816140339006158,1.0,-0.0,0,0
1034,0.0,0.03762376237623762,0.07816140339006158,1.0,-0.0,0,0
1035,0.0,0.05346534653465347,0.09704990696905226,1.0,-0.0,0,0
1036,0.0,0.0871287128712871,0.127165103825761,1.0,-0.0,0,0
1037,0.2,0.1089108910891089,0.1335716590419014,0.24763548256963241,0.6061871270988662,0,0
1038,0.2,0.12079207920792076,0.14372473118118065,0.29077964999389455,0.5364359905386118,0,0
1039,0.2,0.18019801980198016,0.17689276383467162,0.4554341360823209,0.3415744208957119,0,0
1040,0.2,0.16237623762376233,0.1609695163002105,0.4075964363175495,0.389769621756851,0,0
1041,0.2,0.10297029702970295,0.1367627457412436,0.23901498454778186,0.6215748710082738,0,0
1042,0.0,0.08118811881188118,0.13254020222321994,1.0,-0.0,0,0
1043,0.0,0.06930693069306931,0.11751770396006174,1.0,-0.0,0,0
1044,0.0,0.011881188118811881,0.047276579747775535,1.0,-0.0,0,0
1045,0.0,0.0,0.0,1.0,-0.0,0,0
1046,0.0,0.0,0.0,1.0,-0.0,0,0
1047,0.0,0.0039603960396039604,0.027863855998951064,1.0,-0.0,0,0
1048,0.0,0.0039603960396039604,0.027863855998951064,1.0,-0.0,0,0
1049,0.2,0.011881188118811883,0.047276579747775535,3.4586556520905853e-05,4.461092674713385,0,0
1050,0.2,0.011881188118811883,0.047276579747775535,3.4586556520905853e-05,4.461092674713385,0,0
1051,0.2,0.011881188118811883,0.047276579747775535,3.4586556520905853e-05,4.461092674713385,0,0
1052,0.2,0.007920792079207921,0.03900537743285587,4.2303541670263104e-07,6.3736232717865695,0,0
1053,0.2,0.007920792079207921,0.03900537743285587,4.2303541670263104e-07,6.3736232717865695,0,0
1054,0.0,0.0,0.0,1.0,-0.0,0,0
1055,0.0,0.0,0.0,1.0,-0.0,0,0
1056,0.0,0.0,0.0,1.0,-0.0,0,0
1057,0.0,0.0,0.0,1.0,-0.0,0,0
1058,0.0,0.0,0.0,1.0,-0.0,0,0
1059,0.0,0.0,0.0,1.0,-0.0,0,0
1060,0.0,0.019801980198019802,0.06603299802191315,1.0,-0.0,0,0
1061,0.0,0.021782178217821784,0.06836703565002801,1.0,-0.0,0,0
1062,0.0,0.03564356435643565,0.08154954567118415,1.0,-0.0,0,0
1063,0.0,0.039603960396039604,0.08452453849668534,1.0,-0.0,0,0
1064,0.2,0.04554455445544555,0.08846854615322249,0.040415922396446834,1.3934475050229045,0,0
1065,0.2,0.033663366336633666,0.07482947971362845,0.01311209067436901,1.882328056139666,0,0
1066,0.2,0.039603960396039604,0.07970143286137865,0.02208567245422131,1.6558893730090944,0,0
1067,0.2,0.025742574257425748,0.06697637435757531,0.004637140001348011,2.3337497919853583,0,0
1068,0.2,0.05148514851485149,0.096075322540263,0.0610744044260142,1.2141407594058027,0,0
1069,0.0,0.0712871287128713,0.12454800153280307,1.0,-0.0,0,0
1070,0.0,0.08316831683168316,0.149632756335149,1.0,-0.0,0,0
1071,0.0,0.07524752475247526,0.14583724862987696,1.0,-0.0,0,0
1072,0.0,0.08118811881188118,0.14939672169394075,1.0,-0.0,0,0
1073,0.0,0.05148514851485149,0.10773441987117181,1.0,-0.0,0,0
1074,0.0,0.025742574257425748,0.0669763743575753,1.0,-0.0,0,0
1075,0.0,0.05346534653465348,0.10104832334394513,1.0,-0.0,0,0
1076,0.2,0.08118811881188118,0.11999411807954947,0.1610510040644479,0.7930365632485749,0,0
1077,0.2,0.1287128712871287,0.13954426081146826,0.3047256810291634,0.5160909436792886,0,0
1078,0.2,0.15445544554455443,0.14860723199440565,0.37962111390467745,0.42064964082512535,0,0
1079,0.2,0.15445544554455443,0.14860723199440565,0.37962111390467745,0.42064964082512535,0,0
1080,0.2,0.10495049504950495,0.12771893462651168,0.22837520121158456,0.6413510570010156,0,0
1081,0.0,0.07722772277227724,0.11930590361498669,1.0,-0.0,0,0
1082,0.0,0.025742574257425745,0.0669763743575753,1.0,-0.0,0,0
1083,0.0,0.0,0.0,1.0,-0.0,0,0
1084,0.0,0.023762376237623766,0.06471340450838889,1.0,-0.0,0,0
1085,0.2,0.06930693069306931,0.12722675963729912,0.1521525260030101,0.8177208331838148,0,0
1086,0.2,0.09504950495049502,0.14513649268759363,0.234804362963618,0.6292938376057692,0,0
1087,0.2,0.1287128712871287,0.17481907686608505,0.341718847404826,0.4663310671532993,0,0
1088,0.2,0.13663366336633664,0.18224277805692735,0.36403167121643487,0.4388608305372622,0,0
1089,0.2,0.11881188118811878,0.164535271903691,0.3108512183040145,0.5074474261833147,0,0
1090,0.0,0.07326732673267328,0.12498799079651089,1.0,-0.0,0,0
1091,0.0,0.04752475247524753,0.10586191211583096,1.0,-0.0,0,0
1092,0.2,0.0297029702970297,0.07648795214189293,0.012991839772286904,1.8863293442020952,0,0
1093,0.2,0.14455445544554454,0.16914183369554553,0.3715295404175921,0.4300066496549224,0,0
1094,0.2,0.15445544554455443,0.17549068547409524,0.39761436289179947,0.40053793611579647,0,0
1095,0.2,0.15445544554455443,0.17549068547409524,0.39761436289179947,0.40053793611579647,0,0
1096,0.2,0.15445544554455443,0.17549068547409524,0.39761436289179947,0.40053793611579647,0,0
1097,0.0,0.1376237623762376,0.1609695163002105,1.0,-0.0,0,0
1098,0.0,0.03564356435643565,0.08626938974571076,1.0,-0.0,0,0
1099,0.0,0.019801980198019802,0.05973506189702319,1.0,-0.0,0,0
1100,0.0,0.019801980198019802,0.05973506189702319,1.0,-0.0,0,0
1101,0.0,0.019801980198019802,0.05973506189702319,1.0,-0.0,0,0
