,foreground,bg_means,bg_stdev,pvals,minus_logs,regs,active
2,0.0,0.1881188118811881,0.2064730360037557,1.0,-0.0,0,0
3,0.0,0.2356435643564356,0.22408633344052936,1.0,-0.0,0,0
4,0.0,0.5623762376237624,0.3326614802249405,1.0,-0.0,0,0
5,0.6,0.7683168316831684,0.4017118550269207,1.0,-0.0,0,0
6,0.6,0.697029702970297,0.37613338837493115,1.0,-0.0,0,0
7,0.6,0.699009900990099,0.3697724881211112,1.0,-0.0,0,0
8,0.6,0.6514851485148515,0.3511265776636819,1.0,-0.0,0,0
9,0.6,0.2554455445544555,0.22884784496148383,0.06608430442282848,1.1799016768529391,0,0
10,0.0,0.05544554455445545,0.09797478714338997,1.0,-0.0,0,0
11,0.0,0.08910891089108909,0.14481192315867106,1.0,-0.0,0,0
12,0.0,0.07722772277227724,0.13191745702927898,1.0,-0.0,0,0
13,0.0,0.07722772277227724,0.13191745702927898,1.0,-0.0,0,0
14,0.0,0.06534653465346536,0.10939585993610405,1.0,-0.0,0,0
15,0.0,0.033663366336633666,0.07994704648786674,1.0,-0.0,0,0
16,0.0,0.0,0.0,1.0,-0.0,0,0
17,0.0,0.0,0.0,1.0,-0.0,0,0
18,0.0,0.0,0.0,1.0,-0.0,0,0
19,0.0,0.0,0.0,1.0,-0.0,0,0
20,0.0,0.0,0.0,1.0,-0.0,0,0
21,1.6,0.21782178217821782,0.19920437766272145,1.9815304649137455e-12,11.702999246245652,0,0
22,2.4,0.4811881188118812,0.3059518085675717,1.7866139318343477e-10,9.74796928374966,0,0
23,2.6,0.6,0.3196532775082749,1.965045267123933e-10,9.706627440690236,0,0
24,2.6,0.6,0.3196532775082749,1.965045267123933e-10,9.706627440690236,0,0
25,5.8,0.9762376237623762,0.41198589681991776,1.0000000000000058e-17,16.999999999999996,0,0
26,4.2,0.7584158415841583,0.3585635054935408,1.0000406544234596e-17,16.999982344367115,0,0
27,3.4,0.4990099009900991,0.2708604000912905,1.0000000004554409e-17,16.999999999802206,0,0
28,3.2,0.3801980198019803,0.24936346766513293,1.000000000000599e-17,16.99999999999974,0,0
29,3.2,0.3801980198019803,0.24936346766513293,1.000000000000599e-17,16.99999999999974,0,0
30,1.0,0.1762376237623762,0.19147603570112592,8.45668908963103e-06,5.072799635961852,0,0
31,1.0,0.1762376237623762,0.19147603570112592,8.45668908963103e-06,5.072799635961852,0,0
32,1.2,0.5009900990099009,0.30393298163857274,0.01072746170665582,1.9695030270742702,0,0
33,1.2,0.5514851485148514,0.31860272334678474,0.020900450743374065,1.6798443477047715,0,0
34,1.2,0.5514851485148514,0.31860272334678474,0.020900450743374065,1.6798443477047715,0,0
35,0.2,0.3801980198019802,0.2509466441574794,1.0,-0.0,0,0
36,0.2,0.3900990099009901,0.25543786925302336,1.0,-0.0,0,0
37,0.4,0.29900990099009894,0.20416216108961585,0.3104213771353772,0.508048378740344,0,0
38,0.4,0.24950495049504945,0.1832726489056093,0.20577930716914689,0.686598299321338,0,0
39,0.4,0.24950495049504945,0.1832726489056093,0.20577930716914689,0.686598299321338,0,0
40,0.4,0.25148514851485143,0.18594892377930264,0.2122361763565408,0.6731805871974836,0,0
41,0.4,0.46336633663366333,0.281341472615241,1.0,-0.0,0,0
42,0.0,0.22376237623762374,0.2035081017928858,1.0,-0.0,0,0
43,0.2,0.2455445544554455,0.21226023280572856,1.0,-0.0,0,0
44,0.2,0.2455445544554455,0.21226023280572856,1.0,-0.0,0,0
45,0.2,0.28118811881188116,0.2109445383855172,1.0,-0.0,0,0
46,0.2,0.06930693069306931,0.10693069306930696,0.11081180122969687,0.9554139856724337,0,0
47,0.2,0.06930693069306931,0.10693069306930696,0.11081180122969687,0.9554139856724337,0,0
48,0.0,0.04752475247524753,0.08965727859541997,1.0,-0.0,0,0
49,0.0,0.04752475247524753,0.08965727859541997,1.0,-0.0,0,0
50,0.0,0.009900990099009901,0.043383964950904234,1.0,-0.0,0,0
51,0.0,0.0,0.0,1.0,-0.0,0,0
52,0.0,0.0,0.0,1.0,-0.0,0,0
53,0.0,0.03762376237623762,0.08307396817189318,1.0,-0.0,0,0
54,0.0,0.12574257425742574,0.14532549015373286,1.0,-0.0,0,0
55,0.2,0.4811881188118813,0.2566782750614869,1.0,-0.0,0,0
56,0.2,0.4811881188118813,0.2566782750614869,1.0,-0.0,0,0
57,0.2,0.48514851485148514,0.2584746338795752,1.0,-0.0,0,0
58,0.2,0.44752475247524753,0.26122106999075884,1.0,-0.0,0,0
59,0.2,0.36039603960396044,0.251757862579213,1.0,-0.0,0,0
60,0.2,0.37623762376237624,0.2629416661021438,1.0,-0.0,0,0
61,0.4,0.500990099009901,0.3129214147084832,1.0,-0.0,0,0
62,0.4,0.6475247524752474,0.3616776255629584,1.0,-0.0,0,0
63,0.4,0.6752475247524752,0.3826447672965327,1.0,-0.0,0,0
64,0.4,0.6752475247524752,0.3826447672965327,1.0,-0.0,0,0
65,0.2,0.31287128712871287,0.2539444728955228,1.0,-0.0,0,0
66,0.0,0.27524752475247527,0.21954315329164678,1.0,-0.0,0,0
67,0.0,0.12475247524752475,0.14583724862987696,1.0,-0.0,0,0
68,0.0,0.09702970297029702,0.13383560593042218,1.0,-0.0,0,0
69,0.0,0.09702970297029702,0.13383560593042218,1.0,-0.0,0,0
70,0.0,0.08712871287128712,0.13024224675172555,1.0,-0.0,0,0
71,0.2,0.30693069306930687,0.28363183001653663,1.0,-0.0,0,0
72,0.4,0.6118811881188119,0.3689125385931761,1.0,-0.0,0,0
73,0.4,1.2554455445544555,0.51057630950396,1.0,-0.0,0,0
74,0.4,1.3386138613861382,0.5255775318505157,1.0,-0.0,0,0
75,0.4,1.508910891089109,0.5785093527917443,1.0,-0.0,0,0
76,0.2,1.2376237623762376,0.5032275010879185,1.0,-0.0,0,0
77,0.0,0.9326732673267326,0.43716206997402923,1.0,-0.0,0,0
78,0.0,0.36237623762376237,0.25284577741801767,1.0,-0.0,0,0
79,0.0,0.32574257425742575,0.26048449350345104,1.0,-0.0,0,0
80,0.0,0.17227722772277226,0.1930058286100785,1.0,-0.0,0,0
81,0.0,0.13465346534653466,0.17823982262440538,1.0,-0.0,0,0
82,0.0,0.13465346534653466,0.17823982262440538,1.0,-0.0,0,0
83,0.0,0.10891089108910891,0.14218869759220787,1.0,-0.0,0,0
84,0.0,0.08316831683168317,0.12028786177019754,1.0,-0.0,0,0
85,0.0,0.12079207920792079,0.15435386352400063,1.0,-0.0,0,0
86,0.0,0.1306930693069307,0.16028599085028167,1.0,-0.0,0,0
87,0.0,0.14554455445544554,0.166218722942046,1.0,-0.0,0,0
88,0.0,0.19405940594059407,0.20576915941409615,1.0,-0.0,0,0
89,0.0,0.17227722772277226,0.1950469919926575,1.0,-0.0,0,0
90,0.0,0.11683168316831682,0.15737280385192495,1.0,-0.0,0,0
91,0.0,0.10693069306930691,0.15041686348382532,1.0,-0.0,0,0
92,0.0,0.22970297029702974,0.21320029835556073,1.0,-0.0,0,0
93,0.0,0.22772277227722773,0.18885733097134835,1.0,-0.0,0,0
94,0.0,0.22772277227722773,0.18885733097134835,1.0,-0.0,0,0
95,0.0,0.22970297029702968,0.18960331411621106,1.0,-0.0,0,0
96,0.0,0.2633663366336634,0.20668183434679493,1.0,-0.0,0,0
97,0.0,0.15643564356435644,0.16793200037318168,1.0,-0.0,0,0
98,0.0,0.1584158415841584,0.17192407185067915,1.0,-0.0,0,0
99,0.0,0.2871287128712871,0.2037584311985198,1.0,-0.0,0,0
100,0.0,0.2851485148514851,0.20555943401759966,1.0,-0.0,0,0
101,0.0,0.3524752475247526,0.23233385819665348,1.0,-0.0,0,0
102,0.0,0.4039603960396041,0.25169555398709936,1.0,-0.0,0,0
103,0.0,0.3722772277227723,0.26851952447816124,1.0,-0.0,0,0
104,0.0,0.26732673267326723,0.2166847008498613,1.0,-0.0,0,0
105,0.2,0.30495049504950494,0.23478502390538022,1.0,-0.0,0,0
106,0.2,0.2158415841584158,0.2062069868822941,1.0,-0.0,0,0
107,0.2,0.15445544554455443,0.166218722942046,0.39204086748793565,0.40666865849130684,0,0
108,0.2,0.2495049504950495,0.19981365694127387,1.0,-0.0,0,0
109,0.2,0.2653465346534654,0.20316098263256407,1.0,-0.0,0,0
110,0.0,0.2613861386138614,0.22292843811576235,1.0,-0.0,0,0
111,0.0,0.29702970297029707,0.2331257449942406,1.0,-0.0,0,0
112,0.0,0.2871287128712871,0.2293613027417071,1.0,-0.0,0,0
113,0.0,0.14653465346534653,0.1614073970084343,1.0,-0.0,0,0
114,0.0,0.1297029702970297,0.14728201173692715,1.0,-0.0,0,0
115,0.0,0.09504950495049505,0.13078304733432375,1.0,-0.0,0,0
116,0.0,0.19207920792079203,0.18438185104134303,1.0,-0.0,0,0
117,0.0,0.4316831683168316,0.29481683962184935,1.0,-0.0,0,0
118,0.0,0.41584158415841577,0.2879537480968688,1.0,-0.0,0,0
119,0.0,0.4217821782178217,0.29771538019251903,1.0,-0.0,0,0
120,0.0,0.8257425742574257,0.4161714863000765,1.0,-0.0,0,0
121,0.0,0.7069306930693069,0.3854423781575109,1.0,-0.0,0,0
122,0.0,0.45940594059405937,0.3140846256089547,1.0,-0.0,0,0
123,0.0,0.45940594059405937,0.3140846256089547,1.0,-0.0,0,0
124,0.0,0.45940594059405937,0.2985702623317797,1.0,-0.0,0,0
125,0.0,0.0594059405940594,0.09968089464279778,1.0,-0.0,0,0
126,0.0,0.2495049504950495,0.22761082052278836,1.0,-0.0,0,0
127,0.0,0.3079207920792079,0.25705228050772877,1.0,-0.0,0,0
128,0.0,0.35841584158415846,0.2860683733034635,1.0,-0.0,0,0
129,0.0,0.3702970297029703,0.2819818667210609,1.0,-0.0,0,0
130,0.0,0.5425742574257426,0.2956270511924202,1.0,-0.0,0,0
131,0.0,0.5108910891089108,0.30891089108910896,1.0,-0.0,0,0
132,0.0,0.45346534653465354,0.3029767681959527,1.0,-0.0,0,0
133,0.0,0.403960396039604,0.27283650930138353,1.0,-0.0,0,0
134,0.0,0.37029702970297035,0.26608438862955763,1.0,-0.0,0,0
135,0.0,0.194059405940594,0.1855266958870766,1.0,-0.0,0,0
136,0.0,0.08118811881188118,0.11999411807954947,1.0,-0.0,0,0
137,0.0,0.19801980198019803,0.20965799497134932,1.0,-0.0,0,0
138,0.2,0.24752475247524752,0.21827136321830298,1.0,-0.0,0,0
139,0.2,0.23762376237623759,0.21194595105361827,1.0,-0.0,0,0
140,0.2,0.29108910891089107,0.22254113421126812,1.0,-0.0,0,0
141,0.2,0.22772277227722773,0.19906654038593571,1.0,-0.0,0,0
142,0.2,0.15643564356435644,0.160701335170483,0.3931613095241796,0.4054292270731349,0,0
143,0.0,0.10495049504950495,0.1307830473343237,1.0,-0.0,0,0
144,0.0,0.2613861386138614,0.22292843811576232,1.0,-0.0,0,0
145,0.0,0.4811881188118812,0.3007294337674397,1.0,-0.0,0,0
146,0.0,1.2356435643564354,0.49584095150688773,1.0,-0.0,0,0
147,0.0,1.192079207920792,0.4930573778826569,1.0,-0.0,0,0
148,0.0,1.483168316831683,0.5602455803335762,1.0,-0.0,0,0
149,0.2,1.8435643564356436,0.6027027971561385,1.0,-0.0,0,0
150,0.2,1.57029702970297,0.5467355062126051,1.0,-0.0,0,0
151,0.2,0.8079207920792079,0.3657849739826006,1.0,-0.0,0,0
152,0.2,0.8277227722772277,0.372340420168593,1.0,-0.0,0,0
153,0.2,0.6336633663366337,0.348199677470626,1.0,-0.0,0,0
154,0.2,0.13861386138613863,0.1774239745315019,0.3646767719044268,0.43809189820252836,0,0
155,0.2,0.13861386138613863,0.1774239745315019,0.3646767719044268,0.43809189820252836,0,0
156,0.4,0.4455445544554455,0.3292730524418988,1.0,-0.0,0,0
157,0.6,0.4693069306930693,0.3126832371324831,0.33798352415863026,0.47110446996314936,0,0
158,0.6,0.398019801980198,0.2778917083831031,0.23366486665433617,0.6314065822812498,0,0
159,0.4,0.37623762376237624,0.2732816756169664,0.46535485047201375,0.33221575500297257,0,0
160,0.4,0.5534653465346534,0.3364239300054701,1.0,-0.0,0,0
161,0.2,0.2910891089108911,0.2602736602082813,1.0,-0.0,0,0
162,0.0,0.24752475247524752,0.22889924256908561,1.0,-0.0,0,0
163,0.0,0.22178217821782173,0.21229717654159366,1.0,-0.0,0,0
164,0.0,0.4118811881188118,0.26821268666802006,1.0,-0.0,0,0
165,0.0,0.2475247524752475,0.21827136321830296,1.0,-0.0,0,0
166,0.0,0.2396039603960396,0.1970471160025168,1.0,-0.0,0,0
167,0.0,0.2396039603960396,0.1970471160025168,1.0,-0.0,0,0
168,0.0,0.2871287128712871,0.2258814927778091,1.0,-0.0,0,0
169,0.0,0.26732673267326734,0.2073447938646879,1.0,-0.0,0,0
170,0.0,0.25346534653465347,0.2085140052449613,1.0,-0.0,0,0
171,0.0,0.25544554455445545,0.2218175360782645,1.0,-0.0,0,0
172,0.0,0.30495049504950494,0.23813476408557308,1.0,-0.0,0,0
173,0.0,0.49702970297029697,0.2495363802300731,1.0,-0.0,0,0
174,0.0,0.34851485148514855,0.23148845164452572,1.0,-0.0,0,0
175,0.0,0.34851485148514855,0.23148845164452572,1.0,-0.0,0,0
176,0.0,0.3089108910891089,0.22781745771516287,1.0,-0.0,0,0
177,0.0,0.25940594059405936,0.22078985924382347,1.0,-0.0,0,0
178,0.0,0.019801980198019802,0.0597350618970232,1.0,-0.0,0,0
179,0.0,0.0059405940594059415,0.033953323167291584,1.0,-0.0,0,0
180,0.0,0.0059405940594059415,0.033953323167291584,1.0,-0.0,0,0
181,0.0,0.0059405940594059415,0.033953323167291584,1.0,-0.0,0,0
182,0.0,0.0059405940594059415,0.033953323167291584,1.0,-0.0,0,0
183,0.0,0.009900990099009901,0.04338396495090425,1.0,-0.0,0,0
184,0.0,0.0039603960396039604,0.02786385599895107,1.0,-0.0,0,0
185,0.0,0.015841584158415842,0.05401260078014202,1.0,-0.0,0,0
186,0.0,0.033663366336633666,0.07994704648786674,1.0,-0.0,0,0
187,0.0,0.07920792079207921,0.1261123431927973,1.0,-0.0,0,0
188,0.0,0.07524752475247524,0.1189108498693262,1.0,-0.0,0,0
189,0.0,0.11287128712871286,0.14188502271424044,1.0,-0.0,0,0
190,0.0,0.10099009900990098,0.1308729634998678,1.0,-0.0,0,0
191,0.0,0.08316831683168317,0.12028786177019754,1.0,-0.0,0,0
192,0.0,0.03762376237623763,0.08307396817189318,1.0,-0.0,0,0
193,0.0,0.12673267326732673,0.17285665618055598,1.0,-0.0,0,0
194,0.0,0.0891089108910891,0.13636075485692528,1.0,-0.0,0,0
195,0.0,0.0891089108910891,0.13636075485692528,1.0,-0.0,0,0
196,0.0,0.15445544554455443,0.19270084159529288,1.0,-0.0,0,0
197,0.0,0.15445544554455443,0.19270084159529288,1.0,-0.0,0,0
198,0.0,0.1762376237623762,0.21486745389394912,1.0,-0.0,0,0
199,0.0,0.26138613861386134,0.23164085252894673,1.0,-0.0,0,0
200,0.0,0.4138613861386139,0.2717853342528075,1.0,-0.0,0,0
201,0.0,0.39999999999999997,0.2532951161029051,1.0,-0.0,0,0
202,0.0,0.5603960396039603,0.31342224955954984,1.0,-0.0,0,0
203,0.0,0.7445544554455445,0.4089288707000646,1.0,-0.0,0,0
204,0.0,0.699009900990099,0.3813719500152129,1.0,-0.0,0,0
205,0.0,0.5702970297029704,0.33934840137523825,1.0,-0.0,0,0
206,0.0,0.5267326732673269,0.3409047627260277,1.0,-0.0,0,0
207,0.2,1.073267326732673,0.4348417463606757,1.0,-0.0,0,0
208,0.2,0.796039603960396,0.34809831093398125,1.0,-0.0,0,0
209,0.2,0.7544554455445545,0.33875858177730606,1.0,-0.0,0,0
210,0.2,0.7326732673267327,0.3345186910052992,1.0,-0.0,0,0
211,0.2,0.7544554455445545,0.36138478231130267,1.0,-0.0,0,0
212,0.0,0.04554455445544555,0.09700949476369022,1.0,-0.0,0,0
213,0.0,0.02772277227722773,0.06910862719451544,1.0,-0.0,0,0
214,0.0,0.02772277227722773,0.06910862719451544,1.0,-0.0,0,0
215,0.0,0.02772277227722773,0.06910862719451544,1.0,-0.0,0,0
216,0.0,0.007920792079207921,0.03900537743285587,1.0,-0.0,0,0
217,0.0,0.015841584158415842,0.05401260078014202,1.0,-0.0,0,0
218,0.0,0.12673267326732673,0.15851482056387725,1.0,-0.0,0,0
219,0.0,0.2514851485148515,0.19428154592334312,1.0,-0.0,0,0
220,0.6,0.37623762376237624,0.28184277438944855,0.2136191842125612,0.6703597477879968,0,0
221,1.2,0.7445544554455445,0.3425227455119153,0.09181191154908687,1.0371009703842897,0,0
222,1.2,0.796039603960396,0.36258718093454567,0.13261695078322894,0.8774009618955965,0,0
223,1.2,0.7247524752475247,0.3490881872734641,0.08669417080062765,1.0620101029185964,0,0
224,1.2,0.6000000000000001,0.3221216792419035,0.03125575056332069,1.5050700676588051,0,0
225,0.6,0.47524752475247534,0.2895561439750073,0.3332922230553229,0.4771748199235193,0,0
226,0.0,0.12277227722772277,0.16643090209465897,1.0,-0.0,0,0
227,0.0,0.1603960396039604,0.15420136502124185,1.0,-0.0,0,0
228,0.0,0.3445544554455445,0.20894608121806593,1.0,-0.0,0,0
229,0.0,0.3663366336633663,0.21630434541657625,1.0,-0.0,0,0
230,0.0,0.4673267326732673,0.23424997686574445,1.0,-0.0,0,0
231,0.0,0.4792079207920792,0.23391495098367848,1.0,-0.0,0,0
232,0.0,0.44554455445544555,0.24354020648204347,1.0,-0.0,0,0
233,0.0,0.22178217821782176,0.17777723316802727,1.0,-0.0,0,0
234,0.0,0.19999999999999998,0.1711926712598098,1.0,-0.0,0,0
235,0.0,0.097029702970297,0.12464241569787099,1.0,-0.0,0,0
236,0.0,0.08316831683168317,0.13575553664160483,1.0,-0.0,0,0
237,0.0,0.031683168316831684,0.07826167463512675,1.0,-0.0,0,0
238,0.0,0.031683168316831684,0.07826167463512675,1.0,-0.0,0,0
239,0.0,0.04356435643564357,0.08721867542790196,1.0,-0.0,0,0
240,0.0,0.04356435643564357,0.08721867542790196,1.0,-0.0,0,0
241,0.0,0.021782178217821784,0.06836703565002801,1.0,-0.0,0,0
242,0.0,0.011881188118811883,0.047276579747775535,1.0,-0.0,0,0
243,0.0,0.10297029702970295,0.14789308791950762,1.0,-0.0,0,0
244,0.0,0.2237623762376237,0.1893963913064292,1.0,-0.0,0,0
245,1.2,0.3544554455445545,0.2592925456940949,0.0005551639050137946,3.2555787780771914,0,0
246,2.6,0.7306930693069306,0.32265684627327373,3.447074813415366e-09,8.462549290801254,0,0
247,2.6,0.7306930693069306,0.32265684627327373,3.447074813415366e-09,8.462549290801254,0,0
248,2.6,0.8831683168316832,0.38410737641958814,3.917091745661781e-06,5.407036256338775,0,0
249,2.8,1.0376237623762377,0.41335418254498,1.0058041987569535e-05,4.9974865557371935,0,0
250,1.8,0.9623762376237625,0.39573255423941867,0.01714516243362943,1.7658583960144925,0,0
251,0.4,0.6059405940594059,0.32755372386142806,1.0,-0.0,0,0
252,1.0,0.7861386138613862,0.387178088061949,0.2903511327458689,0.5370764753157935,0,0
253,1.0,0.5405940594059406,0.32156123412414317,0.07654908166774523,1.1160600150117435,0,0
254,3.8,0.6792079207920793,0.38801776821701417,4.486479712760176e-16,15.348094291728053,0,0
255,3.6,0.6257425742574257,0.365506149897885,2.1198455638274304e-16,15.673695777382868,0,0
256,3.6,0.6059405940594059,0.3631059039192743,9.210364341731848e-17,16.03572318972997,0,0
257,4.6,0.5623762376237625,0.36555978643055287,1.0000000000115828e-17,16.99999999999497,0,0
258,5.6,0.704950495049505,0.4035427854979912,1e-17,17.0,0,0
259,2.6,0.27920792079207923,0.2339149509836785,1.0000016780137867e-17,16.999999271248484,0,0
260,2.6,0.27920792079207923,0.2339149509836785,1.0000016780137867e-17,16.999999271248484,0,0
261,2.6,0.27920792079207923,0.2339149509836785,1.0000016780137867e-17,16.999999271248484,0,0
262,2.0,0.3148514851485149,0.2292415987917686,9.839551052267049e-14,13.00702471660637,0,0
263,4.0,0.3940594059405941,0.2631950608109708,1e-17,17.0,0,0
264,5.0,0.6851485148514852,0.2874903833480284,1e-17,17.0,0,0
265,5.2,0.6891089108910892,0.28766764035381986,1e-17,17.0,1,0
266,5.2,0.6891089108910892,0.28766764035381986,1e-17,17.0,0,0
267,4.2,0.5188118811881188,0.25513066785594307,1e-17,17.0,0,0
268,1.4,0.31287128712871287,0.2056929203750161,6.278293021008893e-08,7.20215841873513,0,0
269,0.4,0.03564356435643565,0.09500824186847648,6.278260944534754e-05,4.202160637598006,0,0
270,0.2,0.031683168316831684,0.09220155823225992,0.03396044515156099,1.469026625683695,0,0
271,0.2,0.07524752475247524,0.11553229422427586,0.140114268670204,0.8535176356692988,0,0
272,0.4,0.10693069306930694,0.14505541839059363,0.021671192643179613,1.6641171872450655,0,0
273,0.2,0.12079207920792079,0.14372473118118065,0.2907796499938946,0.5364359905386117,0,0
274,0.2,0.10693069306930691,0.13661931335176505,0.24786267822600477,0.6057888619402982,0,0
275,0.2,0.10693069306930691,0.13661931335176505,0.24786267822600477,0.6057888619402982,0,0
276,0.2,0.10693069306930691,0.1306930693069307,0.23819485997038664,0.6230676144341947,0,0
277,0.0,0.38019801980198026,0.2461665708217471,1.0,-0.0,0,0
278,0.0,0.36435643564356424,0.23613394353685294,1.0,-0.0,0,0
279,0.0,0.44752475247524753,0.2701646213971061,1.0,-0.0,0,0
280,0.0,0.4792079207920792,0.2898674438200433,1.0,-0.0,0,0
281,0.0,0.44554455445544555,0.26830039042097764,1.0,-0.0,0,0
282,0.0,0.14257425742574256,0.1696510890344863,1.0,-0.0,0,0
283,0.0,0.12475247524752475,0.16374693140141006,1.0,-0.0,0,0
284,0.0,0.08316831683168316,0.12670172889541695,1.0,-0.0,0,0
285,0.0,0.07524752475247526,0.12219602867755656,1.0,-0.0,0,0
286,0.0,0.07920792079207921,0.1261123431927973,1.0,-0.0,0,0
287,0.0,0.13465346534653466,0.1667604219518994,1.0,-0.0,0,0
288,0.0,0.29504950495049503,0.24950495049504945,1.0,-0.0,0,0
289,0.0,0.25346534653465347,0.22845341247270629,1.0,-0.0,0,0
290,0.0,0.23762376237623759,0.2174794790130442,1.0,-0.0,0,0
291,0.0,0.38019801980198026,0.2706866230844644,1.0,-0.0,0,0
292,0.0,0.32277227722772284,0.2501014400609417,1.0,-0.0,0,0
293,0.0,0.16435643564356434,0.17887666995067272,1.0,-0.0,0,0
294,0.0,0.16435643564356434,0.17887666995067272,1.0,-0.0,0,0
295,0.0,0.15643564356435644,0.1793364234865362,1.0,-0.0,0,0
296,0.0,0.0,0.0,1.0,-0.0,0,0
297,0.0,0.0,0.0,1.0,-0.0,0,0
298,0.0,0.0,0.0,1.0,-0.0,0,0
299,0.0,0.0,0.0,1.0,-0.0,0,0
300,0.0,0.0,0.0,1.0,-0.0,0,0
301,0.0,0.0,0.0,1.0,-0.0,0,0
302,0.0,0.0,0.0,1.0,-0.0,0,0
303,0.0,0.0,0.0,1.0,-0.0,0,0
304,0.0,0.0,0.0,1.0,-0.0,0,0
305,0.0,0.0,0.0,1.0,-0.0,0,0
306,0.0,0.0,0.0,1.0,-0.0,0,0
307,0.0,0.0,0.0,1.0,-0.0,0,0
308,0.0,0.0,0.0,1.0,-0.0,0,0
309,0.0,0.0,0.0,1.0,-0.0,0,0
310,0.0,0.09108910891089109,0.13937555924568534,1.0,-0.0,0,0
311,0.0,0.15445544554455443,0.18213516495155516,1.0,-0.0,0,0
312,0.0,0.16435643564356434,0.19979403177234753,1.0,-0.0,0,0
313,0.0,0.21584158415841584,0.2228228765417989,1.0,-0.0,0,0
314,0.0,0.21584158415841584,0.2228228765417989,1.0,-0.0,0,0
315,0.0,0.12277227722772276,0.16160162980675777,1.0,-0.0,0,0
316,0.0,0.061386138613861385,0.11166631429601336,1.0,-0.0,0,0
317,0.0,0.05148514851485149,0.10399339410297728,1.0,-0.0,0,0
318,0.0,0.0,0.0,1.0,-0.0,0,0
319,0.0,0.0,0.0,1.0,-0.0,0,0
320,0.0,0.3861386138613862,0.2845979282886603,1.0,-0.0,0,0
321,0.0,0.40792079207920795,0.293724181361025,1.0,-0.0,0,0
322,0.0,0.40792079207920795,0.293724181361025,1.0,-0.0,0,0
323,0.0,0.4811881188118812,0.32478869636208085,1.0,-0.0,0,0
324,0.0,0.4910891089108911,0.32642649920975264,1.0,-0.0,0,0
325,0.0,0.21584158415841584,0.2062069868822941,1.0,-0.0,0,0
326,0.0,0.2217821782178218,0.2196324384038381,1.0,-0.0,0,0
327,0.0,0.2217821782178218,0.2196324384038381,1.0,-0.0,0,0
328,0.0,0.14653465346534653,0.17324186517306459,1.0,-0.0,0,0
329,0.0,0.13663366336633662,0.16393839236292437,1.0,-0.0,0,0
330,0.0,0.027722772277227727,0.07461957893630407,1.0,-0.0,0,0
331,0.0,0.0,0.0,1.0,-0.0,0,0
332,0.0,0.0,0.0,1.0,-0.0,0,0
333,0.0,0.0,0.0,1.0,-0.0,0,0
334,0.0,0.0,0.0,1.0,-0.0,0,0
335,0.0,0.0,0.0,1.0,-0.0,0,0
336,0.0,0.04356435643564357,0.09587103712404123,1.0,-0.0,0,0
337,0.0,0.04356435643564357,0.09587103712404123,1.0,-0.0,0,0
338,0.0,0.04356435643564357,0.09587103712404123,1.0,-0.0,0,0
339,0.0,0.04356435643564357,0.09587103712404123,1.0,-0.0,0,0
340,0.0,0.15445544554455443,0.15639804034834157,1.0,-0.0,0,0
341,0.4,0.15247524752475247,0.16921136785416444,0.07175914494497557,1.1441227448230953,0,0
342,0.4,0.15247524752475247,0.16921136785416444,0.07175914494497557,1.1441227448230953,0,0
343,0.4,0.15247524752475247,0.16921136785416444,0.07175914494497557,1.1441227448230953,0,0
344,0.4,0.15247524752475247,0.16921136785416444,0.07175914494497557,1.1441227448230953,0,0
345,0.8,0.10099009900990097,0.1308729634998678,4.618373404559132e-08,7.335510956437554,0,0
346,0.4,0.05940594059405942,0.10357779667819421,0.0005039858459677199,3.297581660190253,0,0
347,0.4,0.05940594059405942,0.10357779667819421,0.0005039858459677199,3.297581660190253,0,0
348,0.4,0.05940594059405942,0.10357779667819421,0.0005039858459677199,3.297581660190253,0,0
349,0.4,0.05940594059405942,0.10357779667819421,0.0005039858459677199,3.297581660190253,0,0
350,0.0,0.0,0.0,1.0,-0.0,0,0
351,0.0,0.0,0.0,1.0,-0.0,0,0
352,0.0,0.0,0.0,1.0,-0.0,0,0
353,0.0,0.0,0.0,1.0,-0.0,0,0
354,0.0,0.0,0.0,1.0,-0.0,0,0
355,0.0,0.0,0.0,1.0,-0.0,0,0
356,0.0,0.0,0.0,1.0,-0.0,0,0
357,0.0,0.0,0.0,1.0,-0.0,0,0
358,0.0,0.0,0.0,1.0,-0.0,0,0
359,0.0,0.023762376237623766,0.07056843438101175,1.0,-0.0,0,0
360,0.0,0.023762376237623766,0.07056843438101175,1.0,-0.0,0,0
361,0.0,0.023762376237623766,0.07056843438101175,1.0,-0.0,0,0
362,0.0,0.023762376237623766,0.07056843438101175,1.0,-0.0,0,0
363,0.0,0.023762376237623766,0.07056843438101175,1.0,-0.0,0,0
364,0.2,0.07326732673267326,0.11509022642946842,0.13541366575877595,0.8683375050442039,0,0
365,0.2,0.1267326732673267,0.15599637537608815,0.3192942362596598,0.49580892105722796,0,0
366,0.2,0.4039603960396041,0.25169555398709936,1.0,-0.0,0,0
367,0.2,0.4039603960396041,0.25169555398709936,1.0,-0.0,0,0
368,0.2,0.4039603960396041,0.25169555398709936,1.0,-0.0,0,0
369,0.0,0.33069306930693076,0.2223824972889736,1.0,-0.0,0,0
370,0.0,0.2752475247524752,0.20843877016935872,1.0,-0.0,0,0
371,0.0,0.0059405940594059415,0.03395332316729158,1.0,-0.0,0,0
372,0.0,0.047524752475247525,0.09809478080396702,1.0,-0.0,0,0
373,0.0,0.047524752475247525,0.09809478080396702,1.0,-0.0,0,0
374,0.0,0.06930693069306931,0.13624568246946198,1.0,-0.0,0,0
375,0.0,0.39207920792079215,0.26389435641913156,1.0,-0.0,0,0
376,0.0,0.3861386138613862,0.2598665700923148,1.0,-0.0,0,0
377,0.0,0.3643564356435644,0.2600777333973009,1.0,-0.0,0,0
378,0.2,0.42376237623762375,0.30479615484811334,1.0,-0.0,0,0
379,0.2,0.401980198019802,0.29583919836804906,1.0,-0.0,0,0
380,0.2,0.07920792079207921,0.1261123431927973,0.16907845647801423,0.771911725511465,0,0
381,0.4,0.2752475247524752,0.2248898258725856,0.28954067712016407,0.5382904142928662,0,0
382,0.4,0.5366336633663368,0.30949424482476096,1.0,-0.0,0,0
383,0.2,0.4950495049504951,0.2973068014407394,1.0,-0.0,0,0
384,0.2,0.5445544554455446,0.3135473332734968,1.0,-0.0,0,0
385,0.2,0.5742574257425743,0.33140967000911636,1.0,-0.0,0,0
386,0.0,0.3782178217821782,0.26235942408298646,1.0,-0.0,0,0
387,0.0,0.097029702970297,0.127780323207142,1.0,-0.0,0,0
388,1.0,0.3821782178217822,0.28714919694771035,0.015715593205506986,1.8036692213268946,0,0
389,1.0,0.3782178217821782,0.2841014880706686,0.01431326232289316,1.8442613692201888,0,0
390,1.0,0.4099009900990099,0.3023030249764478,0.025468414015550885,1.5939980988424463,0,0
391,1.0,0.42772277227722766,0.3159517483781433,0.035048724507422906,1.4553277822470314,0,0
392,1.0,0.45940594059405937,0.33126765757436744,0.05135079570270739,1.2894528224344213,0,0
393,0.0,0.15643564356435644,0.18153135265530043,1.0,-0.0,0,0
394,0.0,0.1108910891089109,0.16283441756692102,1.0,-0.0,0,0
395,0.0,0.06534653465346535,0.10939585993610405,1.0,-0.0,0,0
396,0.0,0.047524752475247525,0.09397077637785882,1.0,-0.0,0,0
397,0.0,0.18415841584158413,0.1881292336873445,1.0,-0.0,0,0
398,0.0,0.18415841584158413,0.1881292336873445,1.0,-0.0,0,0
399,0.0,0.18415841584158413,0.1881292336873445,1.0,-0.0,0,0
400,0.0,0.19801980198019803,0.18983066869238602,1.0,-0.0,0,0
401,0.0,0.21980198019801983,0.19600959866383083,1.0,-0.0,0,0
402,0.2,0.19207920792079206,0.19071681786668523,0.48343601416475257,0.31566099941777825,0,0
403,0.2,0.19207920792079206,0.19071681786668523,0.48343601416475257,0.31566099941777825,0,0
404,0.2,0.19603960396039605,0.19494644711665693,0.491895924348297,0.30812677581508957,0,0
405,0.2,0.2831683168316832,0.22910471769355642,1.0,-0.0,0,0
406,0.2,0.2613861386138614,0.21570528896865307,1.0,-0.0,0,0
407,0.0,0.1900990099009901,0.19166025556535227,1.0,-0.0,0,0
408,0.0,0.1900990099009901,0.19166025556535227,1.0,-0.0,0,0
409,0.0,0.30891089108910896,0.2329743154589415,1.0,-0.0,0,0
410,0.0,0.20198019801980197,0.18561121830416616,1.0,-0.0,0,0
411,0.0,0.20792079207920797,0.19071681786668523,1.0,-0.0,0,0
412,0.0,0.25544554455445545,0.2012216390567959,1.0,-0.0,0,0
413,0.0,0.3544554455445545,0.25153971498139277,1.0,-0.0,0,0
414,0.0,0.2613861386138614,0.21200144639414265,1.0,-0.0,0,0
415,0.0,0.2514851485148515,0.20995702595943397,1.0,-0.0,0,0
416,0.0,0.24554455445544554,0.2065869521702175,1.0,-0.0,0,0
417,0.0,0.13069306930693067,0.1474150698648297,1.0,-0.0,0,0
418,0.0,0.031683168316831684,0.07826167463512675,1.0,-0.0,0,0
419,0.0,0.0,0.0,1.0,-0.0,0,0
420,0.0,0.05148514851485149,0.1001126705723924,1.0,-0.0,0,0
421,0.2,0.13267326732673265,0.15228224894835946,0.329201887660854,0.4825376831853382,0,0
422,0.2,0.13267326732673265,0.15228224894835946,0.329201887660854,0.4825376831853382,0,0
423,0.2,0.13267326732673265,0.15228224894835946,0.329201887660854,0.4825376831853382,0,0
424,0.2,0.15643564356435644,0.16793200037318168,0.3976568934569067,0.40049148456958894,0,0
425,0.2,0.10297029702970295,0.1367627457412436,0.23901498454778186,0.6215748710082738,0,0
426,0.0,0.041584158415841586,0.08590499787518362,1.0,-0.0,0,0
427,0.0,0.05148514851485149,0.096075322540263,1.0,-0.0,0,0
428,0.0,0.05148514851485149,0.096075322540263,1.0,-0.0,0,0
429,0.0,0.02970297029702971,0.07648795214189293,1.0,-0.0,0,0
430,0.0,0.02970297029702971,0.07648795214189293,1.0,-0.0,0,0
431,0.0,0.017821782178217824,0.056980176514606566,1.0,-0.0,0,0
432,0.0,0.007920792079207921,0.03900537743285587,1.0,-0.0,0,0
433,0.0,0.007920792079207921,0.03900537743285587,1.0,-0.0,0,0
434,0.0,0.017821782178217824,0.056980176514606566,1.0,-0.0,0,0
435,0.0,0.041584158415841586,0.09467748980500532,1.0,-0.0,0,0
436,0.0,0.033663366336633666,0.08930671115865095,1.0,-0.0,0,0
437,0.2,0.06336633663366337,0.10874875419996817,0.10448261079208833,0.9809559838634979,0,0
438,0.2,0.06336633663366337,0.10874875419996817,0.10448261079208833,0.9809559838634979,0,0
439,0.2,0.05346534653465348,0.09287951999650355,0.05731896239780438,1.2417016799108866,0,0
440,0.2,0.09306930693069305,0.11795067415315193,0.18231677881311903,0.7391733609082306,0,0
441,0.2,0.10099009900990098,0.12781100644043505,0.2192706971082659,0.6590194026794771,0,0
442,0.0,0.30099009900990104,0.22448843914088532,1.0,-0.0,0,0
443,0.0,0.32079207920792085,0.23050389558064985,1.0,-0.0,0,0
444,0.2,0.3762376237623763,0.261431139240624,1.0,-0.0,0,0
445,0.2,0.3108910891089109,0.23626675228949948,1.0,-0.0,0,0
446,0.2,0.3801980198019802,0.24455245118832364,1.0,-0.0,0,0
447,0.2,0.1504950495049505,0.16508249505478284,0.38213431772998396,0.41778395856515443,0,0
448,0.2,0.13267326732673265,0.15989409297573345,0.33685169380888935,0.47256126452028435,0,0
449,0.0,0.13465346534653466,0.1782398226244054,1.0,-0.0,0,0
450,0.0,0.15445544554455443,0.18213516495155513,1.0,-0.0,0,0
451,0.0,0.09702970297029702,0.12464241569787099,1.0,-0.0,0,0
452,0.0,0.24158415841584158,0.19764320624996698,1.0,-0.0,0,0
453,0.0,0.24158415841584158,0.19764320624996698,1.0,-0.0,0,0
454,0.0,0.2415841584158416,0.2309118072324177,1.0,-0.0,0,0
455,0.0,0.22772277227722773,0.20494810349204928,1.0,-0.0,0,0
456,0.0,0.2079207920792079,0.19884974591102086,1.0,-0.0,0,0
457,0.0,0.45544554455445546,0.3173139893334103,1.0,-0.0,0,0
458,0.4,0.5445544554455446,0.3271464526631001,1.0,-0.0,0,0
459,0.4,0.49900990099009906,0.3091012361013721,1.0,-0.0,0,0
460,0.4,0.5128712871287129,0.30235490467907383,1.0,-0.0,0,0
461,0.4,0.5148514851485148,0.3035715253653508,1.0,-0.0,0,0
462,0.4,0.17029702970297025,0.18322985319016175,0.10498773551303188,0.9788614315025563,0,0
463,0.0,0.10099009900990098,0.1531808285609007,1.0,-0.0,0,0
464,0.0,0.08514851485148514,0.1444594832462533,1.0,-0.0,0,0
465,0.0,0.07722772277227724,0.13779105154150342,1.0,-0.0,0,0
466,0.0,0.17425742574257427,0.1983363806027551,1.0,-0.0,0,0
467,0.0,0.1762376237623762,0.18301572450512466,1.0,-0.0,0,0
468,0.4,0.4435643564356436,0.24632580919199434,1.0,-0.0,0,0
469,0.4,0.4435643564356436,0.24632580919199434,1.0,-0.0,0,0
470,0.4,0.4336633663366337,0.2389238362932083,1.0,-0.0,0,0
471,0.4,0.3366336633663367,0.21420947103393712,0.38368575134451177,0.41602432857690735,0,0
472,0.4,0.28712871287128716,0.20180539902728348,0.28797591531840505,0.5406438326633528,0,0
473,0.0,0.0,0.0,1.0,-0.0,0,0
474,0.0,0.24356435643564353,0.20605480458342285,1.0,-0.0,0,0
475,1.6,0.9425742574257424,0.42527720363473426,0.06106728157509241,1.2141914122984478,0,0
476,1.6,0.9524752475247523,0.4343184166151342,0.06799404947119521,1.167529093101165,0,0
477,1.8,0.9702970297029703,0.4363540560925326,0.028621915207535847,1.5433013092123167,0,0
478,1.8,0.9702970297029703,0.4363540560925326,0.028621915207535847,1.5433013092123167,0,0
479,1.8,0.7247524752475247,0.3888052123968279,0.002841629889994685,2.546432487703476,0,0
480,0.2,0.05742574257425742,0.10277971700879983,0.08269301175340939,1.0825311903890302,0,0
481,0.2,0.04752475247524753,0.09397077637785879,0.05233944412570533,1.2811708941229774,0,0
482,0.2,0.09702970297029702,0.1396285351588451,0.23042168355485154,0.6374766545668977,0,0
483,0.2,0.09702970297029702,0.1396285351588451,0.23042168355485154,0.6374766545668977,0,0
484,0.2,0.09702970297029702,0.1396285351588451,0.23042168355485154,0.6374766545668977,0,0
485,0.2,0.4217821782178217,0.2756105590800967,1.0,-0.0,0,0
486,0.2,0.4217821782178217,0.2756105590800967,1.0,-0.0,0,0
487,0.0,0.3584158415841584,0.24586373378485155,1.0,-0.0,0,0
488,0.0,0.3584158415841584,0.24586373378485155,1.0,-0.0,0,0
489,0.0,0.36435643564356435,0.24274998686292204,1.0,-0.0,0,0
490,0.0,0.009900990099009901,0.04338396495090424,1.0,-0.0,0,0
491,0.0,0.017821782178217824,0.05698017651460656,1.0,-0.0,0,0
492,0.0,0.047524752475247525,0.09809478080396704,1.0,-0.0,0,0
493,0.0,0.0594059405940594,0.10733330877518932,1.0,-0.0,0,0
494,0.0,0.11485148514851487,0.1416914361980065,1.0,-0.0,0,0
495,0.0,0.1742574257425742,0.17724708119287325,1.0,-0.0,0,0
496,0.0,0.2851485148514852,0.26602543562370956,1.0,-0.0,0,0
497,0.0,0.2633663366336634,0.25629607425526235,1.0,-0.0,0,0
498,0.0,0.2594059405940594,0.25724289012364326,1.0,-0.0,0,0
499,0.0,0.2831683168316832,0.2775669777098651,1.0,-0.0,0,0
500,0.0,0.22574257425742575,0.23320983002672932,1.0,-0.0,0,0
501,0.0,0.10495049504950495,0.1423816080178024,1.0,-0.0,0,0
502,0.0,0.22376237623762374,0.2167027963612586,1.0,-0.0,0,0
503,0.0,0.29702970297029707,0.2679054974303012,1.0,-0.0,0,0
504,0.0,0.21188118811881188,0.21948956479079762,1.0,-0.0,0,0
505,0.0,0.28910891089108914,0.24450434408621796,1.0,-0.0,0,0
506,0.0,0.3178217821782178,0.2686217258613767,1.0,-0.0,0,0
507,0.0,0.18811881188118812,0.19257871154715578,1.0,-0.0,0,0
508,0.0,0.10495049504950493,0.1423816080178024,1.0,-0.0,0,0
509,0.0,0.10495049504950493,0.1423816080178024,1.0,-0.0,0,0
510,0.0,0.039603960396039604,0.0890869059738772,1.0,-0.0,0,0
511,0.0,0.08910891089108909,0.12097048989545554,1.0,-0.0,0,0
512,0.0,0.08910891089108909,0.12097048989545554,1.0,-0.0,0,0
513,0.0,0.08910891089108909,0.12097048989545554,1.0,-0.0,0,0
514,0.0,0.1287128712871287,0.1423540653909816,1.0,-0.0,0,0
515,0.0,0.11485148514851484,0.13598641357140115,1.0,-0.0,0,0
516,0.4,0.7702970297029703,0.35419538000784273,1.0,-0.0,0,0
517,0.4,0.7702970297029703,0.35419538000784273,1.0,-0.0,0,0
518,0.4,0.7702970297029703,0.35419538000784273,1.0,-0.0,0,0
519,0.4,0.7306930693069307,0.3497502855312533,1.0,-0.0,0,0
520,0.4,0.7306930693069307,0.3497502855312533,1.0,-0.0,0,0
521,0.0,0.0,0.0,1.0,-0.0,0,0
522,0.0,0.0,0.0,1.0,-0.0,0,0
523,0.0,0.0,0.0,1.0,-0.0,0,0
524,0.0,0.0,0.0,1.0,-0.0,0,0
525,0.0,0.0,0.0,1.0,-0.0,0,0
526,0.0,0.0,0.0,1.0,-0.0,0,0
527,0.0,0.0,0.0,1.0,-0.0,0,0
528,0.0,0.0,0.0,1.0,-0.0,0,0
529,0.0,0.0,0.0,1.0,-0.0,0,0
530,0.0,0.0,0.0,1.0,-0.0,0,0
531,0.0,0.0,0.0,1.0,-0.0,0,0
532,0.0,0.0,0.0,1.0,-0.0,0,0
533,0.0,0.0,0.0,1.0,-0.0,0,0
534,0.0,0.0,0.0,1.0,-0.0,0,0
535,0.0,0.0,0.0,1.0,-0.0,0,0
536,0.0,0.0,0.0,1.0,-0.0,0,0
537,0.0,0.0,0.0,1.0,-0.0,0,0
538,0.0,0.0,0.0,1.0,-0.0,0,0
539,0.0,0.0,0.0,1.0,-0.0,0,0
540,0.0,0.0,0.0,1.0,-0.0,0,0
541,0.0,0.0,0.0,1.0,-0.0,0,0
542,0.0,0.0,0.0,1.0,-0.0,0,0
543,0.0,0.0,0.0,1.0,-0.0,0,0
544,0.0,0.0,0.0,1.0,-0.0,0,0
545,0.0,0.0,0.0,1.0,-0.0,0,0
546,0.0,0.0,0.0,1.0,-0.0,0,0
547,0.0,0.0,0.0,1.0,-0.0,0,0
548,0.0,0.027722772277227727,0.06910862719451544,1.0,-0.0,0,0
549,0.4,0.15841584158415842,0.18307998940714804,0.09349177857117492,1.029226578198699,0,0
550,0.4,0.20198019801980197,0.20391232731653072,0.1657485814824216,0.7805501797074604,0,0
551,0.4,0.20198019801980197,0.20391232731653072,0.1657485814824216,0.7805501797074604,0,0
552,0.4,0.3524752475247525,0.25038349177146524,0.424729851801779,0.37188721389234863,0,0
553,0.6,0.36435643564356435,0.26007773339730095,0.18245455778464104,0.7388452833215541,0,0
554,0.2,0.23366336633663365,0.19914531622613268,1.0,-0.0,0,0
555,0.2,0.24158415841584158,0.19963696096837322,1.0,-0.0,0,0
556,0.4,0.2831683168316832,0.21483095216024584,0.29327896462273634,0.5327190855904852,0,0
557,0.4,0.22970297029702968,0.21133454050622988,0.2101740994930179,0.6774208046746918,0,0
558,0.2,0.19009900990099005,0.19574936009912708,0.47983012556888893,0.31891248884502826,0,0
559,0.8,0.2871287128712871,0.24762770136336062,0.01917292344104838,1.7173116618994453,0,0
560,0.8,0.299009900990099,0.249552093613183,0.022345183975127386,1.6508160653019568,0,0
561,0.6,0.34851485148514855,0.26499163498328876,0.17130254550663354,0.7662361834952551,0,0
562,0.6,0.3821782178217822,0.27009204137231707,0.20998525223876774,0.677811205724333,0,0
563,0.6,0.3861386138613861,0.2732386267035301,0.21690432421099842,0.663731789791914,0,0
564,0.0,0.3089108910891089,0.24458451733298234,1.0,-0.0,0,0
565,0.0,0.3287128712871287,0.2510716175935915,1.0,-0.0,0,0
566,0.0,0.6316831683168317,0.2810625852820103,1.0,-0.0,0,0
567,0.0,0.5257425742574258,0.26500643195875795,1.0,-0.0,0,0
568,0.0,0.596039603960396,0.25169555398709936,1.0,-0.0,0,0
569,0.0,0.6178217821782179,0.27445573128726575,1.0,-0.0,0,0
570,0.0,0.5554455445544555,0.28786522132495584,1.0,-0.0,0,0
571,0.0,0.16435643564356436,0.18962399397820376,1.0,-0.0,0,0
572,0.0,0.18811881188118812,0.19257871154715578,1.0,-0.0,0,0
573,0.0,0.11683168316831684,0.15986956746090622,1.0,-0.0,0,0
574,0.0,0.1881188118811881,0.17535656953133033,1.0,-0.0,0,0
575,0.0,0.16633663366336632,0.16902587986434298,1.0,-0.0,0,0
576,0.4,0.23168316831683167,0.20046020966089131,0.2005517451731248,0.697773554496294,0,0
577,0.4,0.2831683168316832,0.19552888770427226,0.27508138832818035,0.5605387924522113,0,0
578,0.4,0.2792079207920792,0.1931073839070875,0.2658156802213062,0.5754194040075402,0,0
579,0.4,0.16633663366336632,0.15432845757147498,0.06500463599760598,1.1870556692589702,0,0
580,0.4,0.3504950495049505,0.2523645651391432,0.42224073483611435,0.37443987130981593,0,0
581,0.0,0.3683168316831684,0.24329857510348776,1.0,-0.0,0,0
582,0.0,0.26732673267326734,0.19955837920545147,1.0,-0.0,0,0
583,0.0,0.30297029702970296,0.224470971262468,1.0,-0.0,0,0
584,0.0,0.3188118811881188,0.23238448478701937,1.0,-0.0,0,0
585,0.0,0.13465346534653466,0.1619409766357297,1.0,-0.0,0,0
586,0.0,0.21782178217821782,0.201182661499228,1.0,-0.0,0,0
587,0.0,0.21782178217821782,0.201182661499228,1.0,-0.0,0,0
588,0.0,0.20198019801980197,0.18773279832857556,1.0,-0.0,0,0
589,0.2,0.2158415841584158,0.2137513468279388,1.0,-0.0,0,0
590,0.4,0.40990099009901004,0.2600475777089397,1.0,-0.0,0,0
591,1.0,0.4673267326732673,0.29554745674147537,0.035746958214986836,1.4467609073356114,0,0
592,1.0,0.4673267326732673,0.29554745674147537,0.035746958214986836,1.4467609073356114,0,0
593,1.0,0.5504950495049505,0.33348557122177913,0.08884539508350482,1.051365077050018,0,0
594,0.8,0.5326732673267326,0.3261260495214286,0.20619251730854182,0.6857270992395766,0,0
595,0.6,0.5722772277227723,0.34357434287994176,0.46784452431286117,0.32989844917237426,0,0
596,0.0,0.3603960396039604,0.2800562913432743,1.0,-0.0,0,0
597,0.0,0.3603960396039604,0.2800562913432743,1.0,-0.0,0,0
598,0.0,0.25742574257425743,0.23265430721147748,1.0,-0.0,0,0
599,0.2,0.33861386138613864,0.2739409118299029,1.0,-0.0,0,0
600,0.2,0.19603960396039605,0.19696750100290228,0.49197906778542044,0.3080533747502717,0,0
601,0.2,0.19999999999999998,0.20098766032759424,0.49999999999999994,0.30102999566398125,0,0
602,0.2,0.20792079207920788,0.20083152306547483,1.0,-0.0,0,0
603,0.2,0.5445544554455446,0.31855964439113194,1.0,-0.0,0,0
604,0.0,0.48514851485148514,0.29159382390811833,1.0,-0.0,0,0
605,0.0,0.39801980198019804,0.26624644208836534,1.0,-0.0,0,0
606,0.0,0.401980198019802,0.25716666323065385,1.0,-0.0,0,0
607,0.0,0.394059405940594,0.2586414553228625,1.0,-0.0,0,0
608,0.0,0.09702970297029702,0.127780323207142,1.0,-0.0,0,0
609,0.0,0.08316831683168317,0.12978985828256587,1.0,-0.0,0,0
610,0.0,0.11089108910891088,0.1420507440353343,1.0,-0.0,0,0
611,0.0,0.14455445544554454,0.1714673120854595,1.0,-0.0,0,0
612,0.0,0.19405940594059404,0.21517746862900788,1.0,-0.0,0,0
613,0.2,0.203960396039604,0.20677667298545127,1.0,-0.0,0,0
614,0.2,0.2594059405940594,0.2225763715061151,1.0,-0.0,0,0
615,0.2,0.23168316831683167,0.2119829495615467,1.0,-0.0,0,0
616,0.2,0.1801980198019802,0.1791176404070512,0.4559854369816893,0.3410490273783009,0,0
617,0.2,0.1287128712871287,0.17481907686608508,0.341718847404826,0.4663310671532993,0,0
618,0.0,0.07722772277227724,0.12576985749069639,1.0,-0.0,0,0
619,0.0,0.0,0.0,1.0,-0.0,0,0
620,0.0,0.0,0.0,1.0,-0.0,0,0
621,0.0,0.031683168316831684,0.0730260947112308,1.0,-0.0,0,0
622,0.0,0.06930693069306931,0.10693069306930696,1.0,-0.0,0,0
623,0.0,0.06930693069306931,0.10693069306930696,1.0,-0.0,0,0
624,0.0,0.15445544554455443,0.14317803946554625,1.0,-0.0,0,0
625,0.0,0.15445544554455443,0.14317803946554625,1.0,-0.0,0,0
626,0.0,0.12277227722772273,0.13488622864100122,1.0,-0.0,0,0
627,0.0,0.08316831683168316,0.11351216354824961,1.0,-0.0,0,0
628,0.2,0.38811881188118813,0.2908802375831162,1.0,-0.0,0,0
629,0.2,0.36435643564356446,0.28755857205023916,1.0,-0.0,0,0
630,0.2,0.4059405940594061,0.28207919054453656,1.0,-0.0,0,0
631,0.2,0.4059405940594061,0.28207919054453656,1.0,-0.0,0,0
632,0.2,0.4059405940594061,0.28207919054453656,1.0,-0.0,0,0
633,0.0,0.10099009900990098,0.1338649012368758,1.0,-0.0,0,0
634,0.0,0.04158415841584159,0.09467748980500532,1.0,-0.0,0,0
635,0.0,0.0,0.0,1.0,-0.0,0,0
636,0.0,0.0,0.0,1.0,-0.0,0,0
637,0.0,0.0,0.0,1.0,-0.0,0,0
638,0.0,0.0,0.0,1.0,-0.0,0,0
639,0.0,0.0,0.0,1.0,-0.0,0,0
640,0.0,0.015841584158415842,0.05401260078014202,1.0,-0.0,0,0
641,0.0,0.023762376237623766,0.07056843438101175,1.0,-0.0,0,0
642,0.0,0.0594059405940594,0.10733330877518932,1.0,-0.0,0,0
643,0.0,0.1405940594059406,0.1857168172307858,1.0,-0.0,0,0
644,0.0,0.1821782178217822,0.18900261384538627,1.0,-0.0,0,0
645,0.0,0.1821782178217822,0.19108654387033375,1.0,-0.0,0,0
646,0.0,0.2396039603960396,0.2162136859778244,1.0,-0.0,0,0
647,0.0,0.2396039603960396,0.2068525125893164,1.0,-0.0,0,0
648,0.0,0.2099009900990099,0.18748198619476633,1.0,-0.0,0,0
649,0.0,0.1782178217821782,0.1732644978552662,1.0,-0.0,0,0
650,0.0,0.16237623762376235,0.1609695163002105,1.0,-0.0,0,0
651,0.0,0.21386138613861388,0.22027422287104986,1.0,-0.0,0,0
652,0.0,0.17821782178217818,0.19680817438350032,1.0,-0.0,0,0
653,0.2,0.28514851485148507,0.24591157495289667,1.0,-0.0,0,0
654,0.2,0.3326732673267327,0.28601353941886865,1.0,-0.0,0,0
655,0.2,0.3425742574257426,0.28747674366668524,1.0,-0.0,0,0
656,0.4,0.37821782178217817,0.24999166734471373,0.46528344709839453,0.3322823976315726,0,0
657,0.4,0.4257425742574257,0.26500643195875795,1.0,-0.0,0,0
658,0.2,0.2831683168316832,0.2034695622410219,1.0,-0.0,0,0
659,0.2,0.3108910891089109,0.2412430638613058,1.0,-0.0,0,0
660,0.2,0.495049504950495,0.3103419505354234,1.0,-0.0,0,0
661,0.0,0.3425742574257427,0.28050397877676725,1.0,-0.0,0,0
662,0.0,0.3643564356435644,0.27632100661405795,1.0,-0.0,0,0
663,0.0,0.5722772277227723,0.373402554489448,1.0,-0.0,0,0
664,0.0,0.5920792079207922,0.35029921250348356,1.0,-0.0,0,0
665,0.0,0.7386138613861386,0.3845970752656752,1.0,-0.0,0,0
666,0.2,0.9445544554455446,0.41755422900902023,1.0,-0.0,0,0
667,0.2,0.9920792079207921,0.4359314980060836,1.0,-0.0,0,0
668,0.2,0.7940594059405941,0.40340672598500893,1.0,-0.0,0,0
669,0.2,0.900990099009901,0.4227432920710621,1.0,-0.0,0,0
670,0.2,0.6396039603960395,0.3318353426592481,1.0,-0.0,0,0
671,0.0,0.4336633663366337,0.2815365293720266,1.0,-0.0,0,0
672,0.0,0.3188118811881188,0.23408252386209705,1.0,-0.0,0,0
673,0.0,0.36435643564356435,0.2675833018868731,1.0,-0.0,0,0
674,0.0,0.2138613861386138,0.2220648834673455,1.0,-0.0,0,0
675,0.0,0.13564356435643563,0.16625410493902865,1.0,-0.0,0,0
676,0.0,0.15247524752475247,0.17382935720677026,1.0,-0.0,0,0
677,0.0,0.16237623762376235,0.18393470922349497,1.0,-0.0,0,0
678,0.0,0.08910891089108909,0.12734998170941408,1.0,-0.0,0,0
679,0.2,0.41584158415841577,0.28932583751016044,1.0,-0.0,0,0
680,0.6,0.46534653465346526,0.29931791885451375,0.3264029174701726,0.48624596806911247,0,0
681,0.6,0.7326732673267327,0.3861741542415495,1.0,-0.0,0,0
682,0.6,0.7207920792079208,0.38288038917200834,1.0,-0.0,0,0
