,foreground,bg_means,bg_stdev,pvals,minus_logs,regs,active
2,0.0,0.0,0.0,1.0,-0.0,0,0
3,0.0,0.06336633663366337,0.10504385908811757,1.0,-0.0,0,0
4,0.0,0.06336633663366337,0.10504385908811757,1.0,-0.0,0,0
5,0.0,0.06336633663366337,0.10504385908811757,1.0,-0.0,0,0
6,0.0,0.06336633663366337,0.10504385908811757,1.0,-0.0,0,0
7,0.0,0.06336633663366337,0.10504385908811757,1.0,-0.0,0,0
8,0.0,0.3534653465346535,0.24028215939988137,1.0,-0.0,0,0
9,0.0,0.3534653465346535,0.24028215939988137,1.0,-0.0,0,0
10,0.0,0.3534653465346535,0.24028215939988137,1.0,-0.0,0,0
11,0.0,0.7603960396039604,0.3365754172090763,1.0,-0.0,0,0
12,0.0,0.7603960396039604,0.3365754172090763,1.0,-0.0,0,0
13,0.0,0.40594059405940586,0.28067167746379423,1.0,-0.0,0,0
14,0.0,0.778217821782178,0.35477058837430897,1.0,-0.0,0,0
15,0.0,0.778217821782178,0.35477058837430897,1.0,-0.0,0,0
16,0.0,0.37227722772277244,0.24378159836059238,1.0,-0.0,0,0
17,0.0,0.37227722772277244,0.24378159836059238,1.0,-0.0,0,0
18,0.0,0.37227722772277244,0.24378159836059238,1.0,-0.0,0,0
19,0.0,0.0,0.0,1.0,-0.0,0,0
20,0.0,0.0,0.0,1.0,-0.0,0,0
21,0.0,0.0,0.0,1.0,-0.0,0,0
22,0.0,0.0,0.0,1.0,-0.0,0,0
23,0.0,0.0,0.0,1.0,-0.0,0,0
24,0.0,0.0,0.0,1.0,-0.0,0,0
25,0.0,0.0,0.0,1.0,-0.0,0,0
26,0.0,0.0,0.0,1.0,-0.0,0,0
27,0.0,0.0,0.0,1.0,-0.0,0,0
28,0.0,0.0,0.0,1.0,-0.0,0,0
29,0.0,0.0,0.0,1.0,-0.0,0,0
30,0.0,0.0,0.0,1.0,-0.0,0,0
31,0.2,0.5326732673267327,0.29420438470293653,1.0,-0.0,0,0
32,0.2,0.5326732673267327,0.29420438470293653,1.0,-0.0,0,0
33,0.2,0.5326732673267327,0.29420438470293653,1.0,-0.0,0,0
34,0.2,0.5326732673267327,0.29420438470293653,1.0,-0.0,0,0
35,0.2,0.5326732673267327,0.29420438470293653,1.0,-0.0,0,0
36,0.0,0.0,0.0,1.0,-0.0,0,0
37,0.0,0.0,0.0,1.0,-0.0,0,0
38,0.2,0.3821782178217822,0.2686217258613768,1.0,-0.0,0,0
39,0.2,0.3821782178217822,0.2686217258613768,1.0,-0.0,0,0
40,0.2,0.3821782178217822,0.2686217258613768,1.0,-0.0,0,0
41,0.2,0.3821782178217822,0.2686217258613768,1.0,-0.0,0,0
42,0.2,0.3821782178217822,0.2686217258613768,1.0,-0.0,0,0
43,0.0,0.0,0.0,1.0,-0.0,0,0
44,0.0,0.0,0.0,1.0,-0.0,0,0
45,0.0,0.0,0.0,1.0,-0.0,0,0
46,0.0,0.0,0.0,1.0,-0.0,0,0
47,0.0,0.0,0.0,1.0,-0.0,0,0
48,0.0,0.0,0.0,1.0,-0.0,0,0
49,0.0,0.0,0.0,1.0,-0.0,0,0
50,0.0,0.297029702970297,0.20988230815423534,1.0,-0.0,0,0
51,0.0,0.297029702970297,0.20988230815423534,1.0,-0.0,0,0
52,0.0,0.297029702970297,0.20988230815423534,1.0,-0.0,0,0
53,0.0,0.297029702970297,0.20988230815423534,1.0,-0.0,0,0
54,0.0,0.297029702970297,0.20988230815423534,1.0,-0.0,0,0
55,0.0,0.0,0.0,1.0,-0.0,0,0
56,0.0,0.0,0.0,1.0,-0.0,0,0
57,0.0,0.0,0.0,1.0,-0.0,0,0
58,0.0,0.0,0.0,1.0,-0.0,0,0
59,0.0,0.0,0.0,1.0,-0.0,0,0
60,0.0,0.0,0.0,1.0,-0.0,0,0
61,0.0,0.0,0.0,1.0,-0.0,0,0
62,0.2,0.025742574257425748,0.06697637435757531,0.004637140001348011,2.3337497919853583,0,0
63,0.2,0.025742574257425748,0.06697637435757531,0.004637140001348011,2.3337497919853583,0,0
64,0.2,0.0712871287128713,0.09578920096988376,0.08952115188222727,1.0480743383108428,0,0
65,0.8,0.22574257425742572,0.1943017278738389,0.0015608481459400197,2.8066393471542956,0,0
66,2.4,0.8198019801980196,0.37178184862413044,1.067247242540519e-05,4.9717349586144195,0,0
67,2.2,0.7940594059405941,0.3727929858947461,8.117659513643536e-05,4.0905691686441195,0,0
68,4.0,1.1841584158415839,0.41332572279286334,4.791016377479985e-12,11.31957234455888,0,0
69,4.0,1.1782178217821784,0.4096856946431683,2.835576712148655e-12,11.547358599052572,0,0
70,4.4,1.4099009900990103,0.4253140832431491,1.0302268464987621e-12,11.987067137105065,0,0
71,2.8,0.8594059405940593,0.3802495839620646,1.6673672330186388e-07,6.7779687374791555,0,0
72,2.8,0.8594059405940593,0.3802495839620646,1.6673672330186388e-07,6.7779687374791555,0,0
73,1.0,0.5089108910891089,0.282176480800629,0.040897772744461665,1.3883003426314928,0,0
74,1.0,0.4693069306930693,0.2570751611237791,0.019492279045300605,1.7101373800238229,0,0
75,0.0,0.5326732673267328,0.2928551532251271,1.0,-0.0,0,0
76,0.0,0.4871287128712872,0.2806157890368237,1.0,-0.0,0,0
77,0.0,0.5326732673267328,0.28182886138070806,1.0,-0.0,0,0
78,0.0,0.5495049504950495,0.28341054515350245,1.0,-0.0,0,0
79,0.0,0.5495049504950495,0.28341054515350245,1.0,-0.0,0,0
80,0.0,0.10099009900990098,0.12467387119760154,1.0,-0.0,0,0
81,0.0,0.10099009900990098,0.12467387119760154,1.0,-0.0,0,0
82,0.0,0.09900990099009899,0.13386490123687583,1.0,-0.0,0,0
83,0.0,0.04158415841584159,0.08590499787518362,1.0,-0.0,0,0
84,0.0,0.2772277227722772,0.2453048974170602,1.0,-0.0,0,0
85,0.0,0.2772277227722772,0.2453048974170602,1.0,-0.0,0,0
86,0.0,0.2772277227722772,0.2453048974170602,1.0,-0.0,0,0
87,0.0,0.3069306930693069,0.246262126199929,1.0,-0.0,0,0
88,0.0,0.3069306930693069,0.246262126199929,1.0,-0.0,0,0
89,0.0,0.0712871287128713,0.10372911567294095,1.0,-0.0,0,0
90,0.0,0.0712871287128713,0.10372911567294095,1.0,-0.0,0,0
91,0.0,0.0712871287128713,0.10372911567294095,1.0,-0.0,0,0
92,0.0,0.0,0.0,1.0,-0.0,0,0
93,0.0,0.0,0.0,1.0,-0.0,0,0
94,0.0,0.3544554455445545,0.2352688592519469,1.0,-0.0,0,0
95,0.0,0.3544554455445545,0.2352688592519469,1.0,-0.0,0,0
96,0.0,0.3544554455445545,0.2352688592519469,1.0,-0.0,0,0
97,0.0,0.3544554455445545,0.2352688592519469,1.0,-0.0,0,0
98,0.0,0.3544554455445545,0.2352688592519469,1.0,-0.0,0,0
99,0.0,0.0,0.0,1.0,-0.0,0,0
100,0.0,0.0,0.0,1.0,-0.0,0,0
101,0.0,0.14455445544554454,0.15445544554455445,1.0,-0.0,0,0
102,0.0,0.14455445544554454,0.15445544554455445,1.0,-0.0,0,0
103,0.0,0.14455445544554454,0.15445544554455445,1.0,-0.0,0,0
104,0.0,0.14455445544554454,0.15445544554455445,1.0,-0.0,0,0
105,0.0,0.14455445544554454,0.15445544554455445,1.0,-0.0,0,0
106,0.0,0.0,0.0,1.0,-0.0,0,0
107,0.0,0.0,0.0,1.0,-0.0,0,0
108,0.0,0.0,0.0,1.0,-0.0,0,0
109,0.0,0.0,0.0,1.0,-0.0,0,0
110,0.0,0.07326732673267326,0.1115960618107356,1.0,-0.0,0,0
111,0.0,0.07326732673267326,0.1115960618107356,1.0,-0.0,0,0
112,0.0,0.07326732673267326,0.1115960618107356,1.0,-0.0,0,0
113,0.0,0.07326732673267326,0.1115960618107356,1.0,-0.0,0,0
114,0.0,0.07326732673267326,0.1115960618107356,1.0,-0.0,0,0
115,0.0,0.0,0.0,1.0,-0.0,0,0
116,0.0,0.0,0.0,1.0,-0.0,0,0
117,0.0,0.0,0.0,1.0,-0.0,0,0
118,0.0,0.0,0.0,1.0,-0.0,0,0
119,0.0,0.0,0.0,1.0,-0.0,0,0
120,0.0,0.0,0.0,1.0,-0.0,0,0
121,0.0,0.0,0.0,1.0,-0.0,0,0
122,0.0,0.0,0.0,1.0,-0.0,0,0
123,0.0,0.0,0.0,1.0,-0.0,0,0
124,0.0,0.0,0.0,1.0,-0.0,0,0
125,0.0,0.0,0.0,1.0,-0.0,0,0
126,0.0,0.0,0.0,1.0,-0.0,0,0
