,foreground,bg_means,bg_stdev,pvals,minus_logs,regs,active
2,0.0,0.0059405940594059415,0.03395332316729158,1.0,-0.0,0,0
3,0.0,0.0059405940594059415,0.03395332316729158,1.0,-0.0,0,0
4,0.0,0.0059405940594059415,0.03395332316729158,1.0,-0.0,0,0
5,0.0,0.0059405940594059415,0.03395332316729158,1.0,-0.0,0,0
6,0.0,0.0,0.0,1.0,-0.0,0,0
7,0.0,0.0,0.0,1.0,-0.0,0,0
8,0.0,0.0,0.0,1.0,-0.0,0,0
9,0.2,0.11683168316831682,0.149632756335149,0.2891682393217907,0.5388494093192813,0,0
10,0.2,0.11683168316831682,0.149632756335149,0.2891682393217907,0.5388494093192813,0,0
11,0.2,0.11683168316831682,0.149632756335149,0.2891682393217907,0.5388494093192813,0,0
12,0.6,0.3900990099009901,0.26156609466864744,0.21113830602558958,0.6754329671360484,0,0
13,0.6,0.3900990099009901,0.26156609466864744,0.21113830602558958,0.6754329671360484,0,0
14,0.4,0.27128712871287125,0.24142179254064425,0.2969665341084703,0.5272924896421535,0,0
15,0.4,0.29108910891089107,0.2478018251241292,0.33014673375358194,0.4812929949828617,0,0
16,0.4,0.29108910891089107,0.2478018251241292,0.33014673375358194,0.4812929949828617,0,0
17,0.0,0.019801980198019802,0.06603299802191316,1.0,-0.0,0,0
18,0.0,0.019801980198019802,0.06603299802191316,1.0,-0.0,0,0
19,0.0,0.05346534653465347,0.09287951999650357,1.0,-0.0,0,0
20,0.0,0.033663366336633666,0.07482947971362847,1.0,-0.0,0,0
21,0.0,0.12673267326732673,0.15599637537608815,1.0,-0.0,0,0
22,0.0,0.2217821782178218,0.20079246977914245,1.0,-0.0,0,0
23,0.0,0.24554455445544554,0.2065869521702175,1.0,-0.0,0,0
24,0.0,0.30297029702970296,0.2331257449942406,1.0,-0.0,0,0
25,0.0,0.30297029702970296,0.2331257449942406,1.0,-0.0,0,0
26,0.0,0.26534653465346536,0.24064091138159704,1.0,-0.0,0,0
27,0.0,0.1722772277227723,0.19706701472672838,1.0,-0.0,0,0
28,0.0,0.19603960396039605,0.19696750100290228,1.0,-0.0,0,0
29,0.0,0.11485148514851484,0.15757201001249713,1.0,-0.0,0,0
30,0.0,0.11485148514851484,0.15757201001249713,1.0,-0.0,0,0
31,0.0,0.05940594059405942,0.10357779667819421,1.0,-0.0,0,0
32,0.0,0.08712871287128714,0.13324834725751067,1.0,-0.0,0,0
33,0.0,0.039603960396039604,0.08908690597387718,1.0,-0.0,0,0
34,0.0,0.027722772277227727,0.06910862719451545,1.0,-0.0,0,0
35,0.0,0.027722772277227727,0.06910862719451545,1.0,-0.0,0,0
36,0.0,0.027722772277227727,0.06910862719451545,1.0,-0.0,0,0
37,0.0,0.021782178217821784,0.06230547612891991,1.0,-0.0,0,0
38,0.0,0.021782178217821784,0.06230547612891991,1.0,-0.0,0,0
39,0.0,0.021782178217821784,0.06230547612891991,1.0,-0.0,0,0
40,0.0,0.08514851485148514,0.12694907267187808,1.0,-0.0,0,0
41,0.0,0.08514851485148514,0.12694907267187808,1.0,-0.0,0,0
42,0.0,0.06336633663366337,0.11233152161332939,1.0,-0.0,0,0
43,0.0,0.06336633663366337,0.11233152161332939,1.0,-0.0,0,0
44,0.0,0.09900990099009901,0.12145573247679728,1.0,-0.0,0,0
45,0.0,0.03564356435643565,0.08154954567118415,1.0,-0.0,0,0
46,0.0,0.13267326732673268,0.15486110729518537,1.0,-0.0,0,0
47,0.0,0.13267326732673268,0.15486110729518537,1.0,-0.0,0,0
48,0.0,0.2435643564356435,0.2041237450273529,1.0,-0.0,0,0
49,0.0,0.23168316831683164,0.2138430501857239,1.0,-0.0,0,0
50,0.0,0.23168316831683164,0.2138430501857239,1.0,-0.0,0,0
51,0.0,0.1762376237623762,0.18516704518908453,1.0,-0.0,0,0
52,0.2,0.19603960396039602,0.18875348902641545,0.491630069906994,0.3083615619220838,0,0
53,0.2,0.11485148514851483,0.14445948324625327,0.27778698168757915,0.5562881110596216,0,0
54,0.2,0.09108910891089109,0.12113245340338318,0.1842981552477096,0.7344790118766933,0,0
55,0.2,0.09108910891089109,0.12113245340338318,0.1842981552477096,0.7344790118766933,0,0
56,0.2,0.10495049504950493,0.13670539084430264,0.2434376750920733,0.6136122082817695,0,0
57,0.0,0.08514851485148513,0.1269490726718781,1.0,-0.0,0,0
58,0.0,0.08712871287128712,0.13024224675172555,1.0,-0.0,0,0
59,0.0,0.10495049504950493,0.14513649268759363,1.0,-0.0,0,0
60,0.0,0.10495049504950493,0.14513649268759363,1.0,-0.0,0,0
61,0.0,0.04950495049504951,0.08631483056516186,1.0,-0.0,0,0
62,0.0,0.07326732673267328,0.11509022642946842,1.0,-0.0,0,0
63,0.0,0.09702970297029703,0.13383560593042218,1.0,-0.0,0,0
64,0.0,0.07920792079207921,0.11631029826208643,1.0,-0.0,0,0
65,0.0,0.07920792079207921,0.11631029826208643,1.0,-0.0,0,0
66,0.0,0.07920792079207921,0.11631029826208643,1.0,-0.0,0,0
67,0.0,0.05544554455445545,0.1019369320889802,1.0,-0.0,0,0
68,0.8,0.17425742574257425,0.16329131190564994,6.353662537824323e-05,4.196975855585791,0,0
69,0.8,0.17425742574257425,0.16329131190564994,6.353662537824323e-05,4.196975855585791,0,0
70,1.2,0.20396039603960395,0.17571398456617043,7.201485776089728e-09,8.14257789276476,0,0
71,1.2,0.20396039603960395,0.17571398456617043,7.201485776089728e-09,8.14257789276476,0,0
72,1.2,0.20396039603960395,0.17571398456617043,7.201485776089728e-09,8.14257789276476,0,0
73,0.4,0.0297029702970297,0.07648795214189293,6.451360324816492e-07,6.19034870098158,0,0
74,0.4,0.0297029702970297,0.07648795214189293,6.451360324816492e-07,6.19034870098158,0,0
75,0.0,0.0,0.0,1.0,-0.0,0,0
76,0.8,0.39009900990099017,0.29433763548412567,0.08186710266774712,1.0868905793145496,0,0
77,0.8,0.39009900990099017,0.29433763548412567,0.08186710266774712,1.0868905793145496,0,0
78,0.8,0.403960396039604,0.2951491625170172,0.08982577930950493,1.0465990062596946,0,0
79,1.0,0.42772277227722777,0.3005337864669396,0.028441899429609074,1.5460414035733399,0,0
80,1.0,0.42772277227722777,0.3005337864669396,0.028441899429609074,1.5460414035733399,0,0
81,0.2,0.03762376237623763,0.08307396817189318,0.025315250600093615,1.5966177690988217,0,0
82,0.2,0.03762376237623763,0.08307396817189318,0.025315250600093615,1.5966177690988217,0,0
83,0.2,0.023762376237623766,0.06471340450838887,0.003231121245907738,2.4906467450338194,0,0
84,0.0,0.0,0.0,1.0,-0.0,0,0
85,0.0,0.0,0.0,1.0,-0.0,0,0
86,0.0,0.0,0.0,1.0,-0.0,0,0
87,0.0,0.0,0.0,1.0,-0.0,0,0
88,0.0,0.0,0.0,1.0,-0.0,0,0
89,0.0,0.0,0.0,1.0,-0.0,0,0
90,0.0,0.0,0.0,1.0,-0.0,0,0
91,0.0,0.0,0.0,1.0,-0.0,0,0
92,0.0,0.0,0.0,1.0,-0.0,0,0
93,0.0,0.3405940594059407,0.25414512803381306,1.0,-0.0,0,0
94,0.0,0.3405940594059407,0.25414512803381306,1.0,-0.0,0,19
95,0.0,0.3405940594059407,0.25414512803381306,1.0,-0.0,0,0
96,0.0,0.3405940594059407,0.25414512803381306,1.0,-0.0,0,0
97,0.4,0.45148514851485155,0.2892851761597369,1.0,-0.0,0,0
98,0.4,0.11089108910891088,0.13636075485692528,0.01699556845468671,1.7696643048905754,0,0
99,0.4,0.11089108910891088,0.13636075485692528,0.01699556845468671,1.7696643048905754,0,0
100,0.4,0.11089108910891088,0.13636075485692528,0.01699556845468671,1.7696643048905754,0,0
101,0.4,0.11089108910891088,0.13636075485692528,0.01699556845468671,1.7696643048905754,0,0
102,0.0,0.0,0.0,1.0,-0.0,0,0
103,0.0,0.0,0.0,1.0,-0.0,0,0
104,0.0,0.0,0.0,1.0,-0.0,0,0
105,0.0,0.0,0.0,1.0,-0.0,0,0
106,0.4,0.23168316831683167,0.22112703802207725,0.22327565502347774,0.6511586278705904,0,0
107,0.4,0.2633663366336633,0.21787578088553286,0.26529118602554325,0.5762771786797797,0,0
108,0.4,0.2633663366336633,0.21787578088553286,0.26529118602554325,0.5762771786797797,0,0
109,0.4,0.2633663366336633,0.21787578088553286,0.26529118602554325,0.5762771786797797,0,0
110,0.4,0.2633663366336633,0.21787578088553286,0.26529118602554325,0.5762771786797797,0,0
111,0.0,0.031683168316831684,0.0730260947112308,1.0,-0.0,0,0
112,0.0,0.0,0.0,1.0,-0.0,0,0
113,0.0,0.0,0.0,1.0,-0.0,0,0
114,0.0,0.0,0.0,1.0,-0.0,0,0
115,0.0,0.015841584158415842,0.05401260078014202,1.0,-0.0,0,0
116,0.0,0.015841584158415842,0.05401260078014202,1.0,-0.0,0,0
117,0.0,0.02970297029702971,0.07112192077650681,1.0,-0.0,0,0
118,0.0,0.02970297029702971,0.07112192077650681,1.0,-0.0,0,0
119,0.0,0.02970297029702971,0.07112192077650681,1.0,-0.0,0,0
120,0.0,0.0297029702970297,0.07112192077650681,1.0,-0.0,0,0
121,0.0,0.0297029702970297,0.07112192077650681,1.0,-0.0,0,0
122,0.0,0.015841584158415842,0.05401260078014202,1.0,-0.0,0,0
123,0.2,0.0613861386138614,0.10433219700847123,0.09199298471617674,1.0362452902111776,0,0
124,0.2,0.0613861386138614,0.10433219700847123,0.09199298471617674,1.0362452902111776,0,0
125,0.2,0.04554455445544555,0.09283729243351321,0.04808399917069303,1.3179994190099724,0,0
126,0.2,0.04554455445544555,0.09283729243351321,0.04808399917069303,1.3179994190099724,0,0
127,0.2,0.04554455445544555,0.09283729243351321,0.04808399917069303,1.3179994190099724,0,0
128,0.0,0.0,0.0,1.0,-0.0,0,0
129,0.0,0.0,0.0,1.0,-0.0,0,0
130,0.0,0.0,0.0,1.0,-0.0,0,0
131,0.0,0.0297029702970297,0.07112192077650681,1.0,-0.0,0,0
132,0.0,0.0297029702970297,0.07112192077650681,1.0,-0.0,0,0
133,0.0,0.0297029702970297,0.07112192077650681,1.0,-0.0,0,0
134,0.0,0.0297029702970297,0.07112192077650681,1.0,-0.0,0,0
135,0.0,0.0297029702970297,0.07112192077650681,1.0,-0.0,0,0
136,0.0,0.0,0.0,1.0,-0.0,0,0
137,0.0,0.05148514851485149,0.10399339410297728,1.0,-0.0,0,0
138,0.0,0.05148514851485149,0.10399339410297728,1.0,-0.0,0,0
139,0.0,0.08712871287128714,0.13024224675172555,1.0,-0.0,0,0
140,0.0,0.08712871287128714,0.13024224675172555,1.0,-0.0,0,0
141,0.0,0.08712871287128714,0.13024224675172555,1.0,-0.0,0,0
142,0.0,0.03564356435643565,0.07653920035678292,1.0,-0.0,0,0
143,0.0,0.03564356435643565,0.07653920035678292,1.0,-0.0,0,0
144,0.0,0.0,0.0,1.0,-0.0,0,0
145,0.2,0.017821782178217824,0.056980176514606566,0.0006937928196726553,3.15877019915046,0,0
146,0.2,0.017821782178217824,0.056980176514606566,0.0006937928196726553,3.15877019915046,0,0
147,0.2,0.017821782178217824,0.056980176514606566,0.0006937928196726553,3.15877019915046,0,0
148,0.2,0.017821782178217824,0.056980176514606566,0.0006937928196726553,3.15877019915046,0,0
149,0.2,0.017821782178217824,0.056980176514606566,0.0006937928196726553,3.15877019915046,0,0
150,0.0,0.0,0.0,1.0,-0.0,0,0
151,0.0,0.0,0.0,1.0,-0.0,0,0
152,0.0,0.011881188118811881,0.047276579747775535,1.0,-0.0,0,0
153,0.0,0.011881188118811881,0.047276579747775535,1.0,-0.0,0,0
154,0.0,0.011881188118811881,0.047276579747775535,1.0,-0.0,0,0
155,0.0,0.011881188118811881,0.047276579747775535,1.0,-0.0,0,0
156,0.0,0.019801980198019802,0.059735061897023205,1.0,-0.0,0,0
157,0.0,0.007920792079207921,0.03900537743285587,1.0,-0.0,0,0
158,0.0,0.007920792079207921,0.03900537743285587,1.0,-0.0,0,0
159,0.0,0.007920792079207921,0.03900537743285587,1.0,-0.0,0,0
160,0.0,0.007920792079207921,0.03900537743285587,1.0,-0.0,0,0
161,0.0,0.0,0.0,1.0,-0.0,0,0
162,0.0,0.07524752475247526,0.11553229422427584,1.0,-0.0,0,0
163,0.2,0.10297029702970298,0.1367627457412436,0.23901498454778197,0.6215748710082736,0,0
164,0.2,0.10297029702970298,0.1367627457412436,0.23901498454778197,0.6215748710082736,0,0
165,0.2,0.10297029702970298,0.1367627457412436,0.23901498454778197,0.6215748710082736,0,0
166,0.2,0.10297029702970298,0.1367627457412436,0.23901498454778197,0.6215748710082736,0,0
167,0.2,0.027722772277227727,0.07461957893630405,0.010478998804251368,1.9796802091996202,0,0
168,0.0,0.0,0.0,1.0,-0.0,0,0
169,0.0,0.0,0.0,1.0,-0.0,0,0
170,0.0,0.0,0.0,1.0,-0.0,0,0
171,0.0,0.0,0.0,1.0,-0.0,0,19
172,0.0,0.0,0.0,1.0,-0.0,0,0
173,0.0,0.0,0.0,1.0,-0.0,0,0
174,0.0,0.0,0.0,1.0,-0.0,0,0
175,0.0,0.0,0.0,1.0,-0.0,0,0
176,0.0,0.03762376237623763,0.08771182015980238,1.0,-0.0,0,0
177,0.0,0.03762376237623763,0.08771182015980238,1.0,-0.0,0,0
178,0.0,0.03762376237623763,0.08771182015980238,1.0,-0.0,0,0
179,0.0,0.03762376237623763,0.08771182015980238,1.0,-0.0,0,0
180,0.0,0.03762376237623763,0.08771182015980238,1.0,-0.0,0,0
181,0.0,0.027722772277227727,0.06910862719451544,1.0,-0.0,0,0
182,0.0,0.027722772277227727,0.06910862719451544,1.0,-0.0,0,0
183,0.0,0.027722772277227727,0.06910862719451544,1.0,-0.0,0,0
184,0.0,0.027722772277227727,0.06910862719451544,1.0,-0.0,0,0
185,0.0,0.027722772277227727,0.06910862719451544,1.0,-0.0,0,0
186,0.0,0.0,0.0,1.0,-0.0,0,0
187,0.0,0.0,0.0,1.0,-0.0,0,0
188,0.0,0.0,0.0,1.0,-0.0,0,0
189,0.0,0.0,0.0,1.0,-0.0,0,0
190,0.0,0.0,0.0,1.0,-0.0,0,0
191,0.0,0.15247524752475247,0.1644637607354148,1.0,-0.0,0,0
192,0.0,0.15247524752475247,0.1644637607354148,1.0,-0.0,0,0
193,0.0,0.15247524752475247,0.1644637607354148,1.0,-0.0,0,0
194,0.0,0.15247524752475247,0.1644637607354148,1.0,-0.0,0,0
195,0.0,0.15247524752475247,0.1644637607354148,1.0,-0.0,0,0
196,0.0,0.0,0.0,1.0,-0.0,0,0
197,0.0,0.04950495049504951,0.09078727434730813,1.0,-0.0,0,0
198,0.0,0.16435643564356434,0.17439238698062573,1.0,-0.0,0,0
199,0.0,0.16435643564356434,0.17439238698062573,1.0,-0.0,0,0
200,0.0,0.16435643564356434,0.17439238698062573,1.0,-0.0,0,0
201,0.0,0.3346534653465347,0.24552858459724808,1.0,-0.0,0,0
202,0.0,0.2831683168316832,0.2392518483041854,1.0,-0.0,0,0
203,0.0,0.18613861386138614,0.2110931955839434,1.0,-0.0,0,0
204,0.0,0.18613861386138614,0.2110931955839434,1.0,-0.0,0,0
205,0.0,0.26732673267326734,0.24418338786479019,1.0,-0.0,0,0
206,0.0,0.23168316831683164,0.23332749816483858,1.0,-0.0,0,0
207,0.0,0.30099009900990104,0.2664378327374916,1.0,-0.0,0,0
208,0.0,0.2851485148514852,0.2569378468642945,1.0,-0.0,0,0
209,0.0,0.2851485148514852,0.2569378468642945,1.0,-0.0,0,0
210,0.0,0.2039603960396039,0.2105724362464704,1.0,-0.0,0,0
211,0.0,0.06930693069306931,0.11751770396006173,1.0,-0.0,0,0
212,0.0,0.0,0.0,1.0,-0.0,0,0
213,0.0,0.0,0.0,1.0,-0.0,0,0
214,0.0,0.0,0.0,1.0,-0.0,0,0
215,0.2,0.35643564356435653,0.24145427445031578,1.0,-0.0,0,0
216,0.2,0.35643564356435653,0.24145427445031578,1.0,-0.0,0,0
217,0.2,0.3841584158415843,0.2512277469648112,1.0,-0.0,0,0
218,0.2,0.3841584158415843,0.2512277469648112,1.0,-0.0,0,0
219,0.6,0.5465346534653467,0.3055799085056242,0.4305541361137153,0.3659722343675694,0,0
220,0.6,0.20396039603960395,0.1866435115714563,0.016922902452390427,1.7715251489237709,0,0
221,0.6,0.20396039603960395,0.1866435115714563,0.016922902452390427,1.7715251489237709,0,0
222,0.6,0.2356435643564356,0.21321868958253953,0.043740378032794035,1.3591174678268005,0,0
223,0.6,0.2851485148514851,0.23938292726117907,0.09421077963753562,1.0258994022043977,0,0
224,0.2,0.12277227722772276,0.1566235242240411,0.3109784923272354,0.5072696462998473,0,0
225,0.0,0.12475247524752472,0.1613101929062677,1.0,-0.0,0,0
226,0.0,0.12475247524752472,0.1613101929062677,1.0,-0.0,0,0
227,0.0,0.06534653465346535,0.10939585993610405,1.0,-0.0,0,0
228,0.0,0.015841584158415842,0.05401260078014202,1.0,-0.0,0,0
229,0.0,0.015841584158415842,0.05401260078014202,1.0,-0.0,0,0
230,0.0,0.0,0.0,1.0,-0.0,0,0
231,0.0,0.0,0.0,1.0,-0.0,0,0
232,0.0,0.0,0.0,1.0,-0.0,0,0
233,0.0,0.0,0.0,1.0,-0.0,0,0
234,0.0,0.0,0.0,1.0,-0.0,0,0
235,0.0,0.0,0.0,1.0,-0.0,0,0
236,0.0,0.0,0.0,1.0,-0.0,0,0
237,0.0,0.0,0.0,1.0,-0.0,0,0
238,0.0,0.01386138613861386,0.05079507064705211,1.0,-0.0,0,0
239,0.0,0.3801980198019802,0.2540834048688386,1.0,-0.0,0,0
240,0.0,0.3801980198019802,0.2540834048688386,1.0,-0.0,0,0
241,0.0,0.3801980198019802,0.2540834048688386,1.0,-0.0,0,0
242,0.0,0.3801980198019802,0.2540834048688386,1.0,-0.0,0,0
243,0.0,0.3663366336633664,0.2549615493133655,1.0,-0.0,0,0
244,0.0,0.015841584158415842,0.06090517425437505,1.0,-0.0,0,0
245,0.0,0.015841584158415842,0.06090517425437505,1.0,-0.0,0,0
246,0.0,0.015841584158415842,0.06090517425437505,1.0,-0.0,0,0
247,0.0,0.049504950495049514,0.1068206254198905,1.0,-0.0,0,0
248,0.0,0.049504950495049514,0.1068206254198905,1.0,-0.0,0,0
249,0.0,0.033663366336633666,0.07994704648786674,1.0,-0.0,0,0
