,foreground,bg_means,bg_stdev,pvals,minus_logs,regs,active
2,0.0,0.0,0.0,1.0,-0.0,0,0
3,0.0,0.0,0.0,1.0,-0.0,0,0
4,0.0,0.0039603960396039604,0.02786385599895106,1.0,-0.0,0,0
5,0.0,0.0039603960396039604,0.02786385599895106,1.0,-0.0,0,0
6,0.0,0.0039603960396039604,0.02786385599895106,1.0,-0.0,0,0
7,0.0,0.0039603960396039604,0.02786385599895106,1.0,-0.0,0,0
8,0.0,0.0039603960396039604,0.02786385599895106,1.0,-0.0,0,0
9,0.0,0.0,0.0,1.0,-0.0,0,0
10,0.0,0.0,0.0,1.0,-0.0,0,0
11,0.0,0.0,0.0,1.0,-0.0,0,0
12,0.0,0.0,0.0,1.0,-0.0,0,0
13,0.0,0.0,0.0,1.0,-0.0,0,0
14,0.0,0.0,0.0,1.0,-0.0,0,0
15,0.0,0.0,0.0,1.0,-0.0,0,0
16,0.0,0.0,0.0,1.0,-0.0,0,0
17,0.0,0.0,0.0,1.0,-0.0,0,0
18,0.0,0.0,0.0,1.0,-0.0,0,0
19,0.0,0.0,0.0,1.0,-0.0,0,0
20,0.0,0.0,0.0,1.0,-0.0,0,0
21,0.0,0.0,0.0,1.0,-0.0,0,0
22,0.0,0.0,0.0,1.0,-0.0,0,0
23,0.0,0.0,0.0,1.0,-0.0,0,0
24,0.0,0.0,0.0,1.0,-0.0,0,0
25,0.0,0.0,0.0,1.0,-0.0,0,0
26,0.0,0.0,0.0,1.0,-0.0,0,0
27,0.0,0.0,0.0,1.0,-0.0,0,0
28,0.0,0.0,0.0,1.0,-0.0,0,0
29,0.0,0.0,0.0,1.0,-0.0,0,0
30,0.0,0.0,0.0,1.0,-0.0,0,0
31,0.0,0.0,0.0,1.0,-0.0,0,0
32,0.0,0.0,0.0,1.0,-0.0,0,0
33,0.0,0.0,0.0,1.0,-0.0,0,0
34,0.0,0.009900990099009901,0.04338396495090424,1.0,-0.0,0,0
35,0.0,0.009900990099009901,0.04338396495090424,1.0,-0.0,0,0
36,0.0,0.009900990099009901,0.04338396495090424,1.0,-0.0,0,0
37,0.0,0.009900990099009901,0.04338396495090424,1.0,-0.0,0,0
38,0.0,0.009900990099009901,0.04338396495090424,1.0,-0.0,0,0
39,0.0,0.0,0.0,1.0,-0.0,0,0
40,0.0,0.0,0.0,1.0,-0.0,0,0
41,0.0,0.0,0.0,1.0,-0.0,0,0
42,0.0,0.0,0.0,1.0,-0.0,0,0
43,0.0,0.0,0.0,1.0,-0.0,0,0
44,0.0,0.0,0.0,1.0,-0.0,0,0
45,0.0,0.0,0.0,1.0,-0.0,0,0
46,0.0,0.0,0.0,1.0,-0.0,0,0
47,0.0,0.0,0.0,1.0,-0.0,0,0
48,0.0,0.0,0.0,1.0,-0.0,0,0
49,0.0,0.0,0.0,1.0,-0.0,0,0
50,0.0,0.0,0.0,1.0,-0.0,0,0
51,0.0,0.0,0.0,1.0,-0.0,0,0
52,0.0,0.0,0.0,1.0,-0.0,0,0
53,0.0,0.009900990099009901,0.04338396495090424,1.0,-0.0,0,0
54,0.0,0.009900990099009901,0.04338396495090424,1.0,-0.0,0,0
55,0.0,0.009900990099009901,0.04338396495090424,1.0,-0.0,0,0
56,0.0,0.009900990099009901,0.04338396495090424,1.0,-0.0,0,0
57,0.0,0.009900990099009901,0.04338396495090424,1.0,-0.0,0,0
58,0.0,0.0,0.0,1.0,-0.0,0,0
59,0.0,0.0,0.0,1.0,-0.0,0,0
60,0.0,0.0,0.0,1.0,-0.0,0,0
61,0.0,0.0,0.0,1.0,-0.0,0,0
62,0.0,0.0,0.0,1.0,-0.0,0,0
63,0.0,0.0,0.0,1.0,-0.0,0,0
64,0.0,0.0,0.0,1.0,-0.0,0,0
65,0.0,0.0,0.0,1.0,-0.0,0,0
66,0.0,0.0,0.0,1.0,-0.0,0,0
67,0.0,0.0059405940594059415,0.033953323167291584,1.0,-0.0,0,0
68,0.0,0.013861386138613863,0.05807080514303043,1.0,-0.0,0,0
69,0.0,0.021782178217821784,0.06836703565002801,1.0,-0.0,0,0
70,0.0,0.021782178217821784,0.06836703565002801,1.0,-0.0,0,0
71,0.0,0.027722772277227727,0.07975061610139514,1.0,-0.0,0,0
72,0.0,0.03762376237623763,0.08771182015980238,1.0,-0.0,0,0
73,0.0,0.0297029702970297,0.08150144802873932,1.0,-0.0,0,0
74,0.0,0.0297029702970297,0.08150144802873932,1.0,-0.0,0,0
75,0.0,0.0297029702970297,0.08150144802873932,1.0,-0.0,0,0
76,0.0,0.023762376237623766,0.07056843438101175,1.0,-0.0,0,0
77,0.0,0.009900990099009901,0.04338396495090425,1.0,-0.0,0,0
78,0.0,0.017821782178217824,0.05698017651460656,1.0,-0.0,0,0
79,0.0,0.009900990099009901,0.04338396495090424,1.0,-0.0,0,0
80,0.0,0.009900990099009901,0.04338396495090424,1.0,-0.0,0,0
81,0.0,0.009900990099009901,0.04338396495090424,1.0,-0.0,0,0
82,0.0,0.007920792079207921,0.03900537743285587,1.0,-0.0,0,0
83,0.0,0.007920792079207921,0.03900537743285587,1.0,-0.0,0,0
84,0.0,0.007920792079207921,0.03900537743285587,1.0,-0.0,0,0
85,0.0,0.01782178217821782,0.05698017651460657,1.0,-0.0,0,0
86,0.0,0.01782178217821782,0.05698017651460657,1.0,-0.0,0,0
87,0.0,0.01782178217821782,0.05698017651460657,1.0,-0.0,0,0
88,0.0,0.009900990099009901,0.04338396495090424,1.0,-0.0,0,0
89,0.0,0.009900990099009901,0.04338396495090424,1.0,-0.0,0,0
90,0.0,0.0,0.0,1.0,-0.0,0,0
91,0.0,0.0,0.0,1.0,-0.0,0,0
92,0.0,0.0,0.0,1.0,-0.0,0,0
93,0.0,0.0,0.0,1.0,-0.0,0,0
94,0.0,0.0,0.0,1.0,-0.0,0,0
95,0.0,0.0,0.0,1.0,-0.0,0,0
96,0.0,0.009900990099009901,0.04338396495090424,1.0,-0.0,0,0
97,0.0,0.009900990099009901,0.04338396495090424,1.0,-0.0,0,0
98,0.0,0.019801980198019802,0.059735061897023205,1.0,-0.0,0,0
99,0.0,0.023762376237623766,0.07056843438101175,1.0,-0.0,0,0
100,0.0,0.201980198019802,0.19799999900980197,1.0,-0.0,0,0
101,0.0,0.19207920792079203,0.19278221864351283,1.0,-0.0,0,0
102,0.0,0.30099009900990104,0.23651556769768142,1.0,-0.0,0,0
103,0.0,0.29108910891089107,0.22954928282989867,1.0,-0.0,0,0
104,0.0,0.29900990099009905,0.23314256442682219,1.0,-0.0,0,0
105,0.0,0.13663366336633662,0.14331490790275034,1.0,-0.0,0,0
106,0.0,0.13663366336633662,0.14331490790275034,1.0,-0.0,0,0
107,0.0,0.025742574257425748,0.06697637435757531,1.0,-0.0,0,0
108,0.0,0.027722772277227727,0.06910862719451544,1.0,-0.0,0,0
109,0.0,0.015841584158415842,0.05401260078014202,1.0,-0.0,0,0
110,0.0,0.0019801980198019802,0.019801980198019802,1.0,-0.0,0,0
111,0.0,0.009900990099009901,0.04338396495090425,1.0,-0.0,0,0
112,0.0,0.009900990099009901,0.04338396495090425,1.0,-0.0,0,0
113,0.0,0.007920792079207921,0.03900537743285587,1.0,-0.0,0,0
114,0.0,0.007920792079207921,0.03900537743285587,1.0,-0.0,0,0
115,0.0,0.019801980198019802,0.0597350618970232,1.0,-0.0,0,0
116,0.0,0.011881188118811883,0.047276579747775535,1.0,-0.0,0,0
117,0.0,0.05742574257425742,0.10656335878870264,1.0,-0.0,0,0
118,0.0,0.05742574257425742,0.10656335878870264,1.0,-0.0,0,0
119,0.0,0.07524752475247526,0.11553229422427584,1.0,-0.0,0,0
120,0.0,0.0712871287128713,0.11801714396634724,1.0,-0.0,0,0
121,0.0,0.0712871287128713,0.11801714396634724,1.0,-0.0,0,0
122,0.0,0.03762376237623763,0.09211646217515253,1.0,-0.0,0,0
123,0.0,0.08316831683168317,0.11694909354640316,1.0,-0.0,0,0
124,0.0,0.06534653465346535,0.09793475658517416,1.0,-0.0,0,0
125,0.0,0.057425742574257435,0.09476028605152792,1.0,-0.0,0,0
126,0.0,0.057425742574257435,0.09476028605152792,1.0,-0.0,0,0
127,0.0,0.1881188118811881,0.196648718676233,1.0,-0.0,0,0
128,0.0,0.14059405940594058,0.1769814096752818,1.0,-0.0,0,0
129,0.0,0.14059405940594058,0.1769814096752818,1.0,-0.0,0,0
130,0.0,0.21188118811881182,0.20838232603685225,1.0,-0.0,0,0
131,0.0,0.21188118811881182,0.20838232603685225,1.0,-0.0,0,0
132,0.0,0.06930693069306931,0.12722675963729912,1.0,-0.0,0,0
133,0.0,0.06930693069306931,0.12722675963729912,1.0,-0.0,0,0
134,0.0,0.06930693069306931,0.12722675963729912,1.0,-0.0,0,0
135,0.0,0.0,0.0,1.0,-0.0,0,0
136,0.0,0.0,0.0,1.0,-0.0,0,0
137,0.0,0.0,0.0,1.0,-0.0,0,0
138,0.0,0.0,0.0,1.0,-0.0,0,0
139,0.0,0.0,0.0,1.0,-0.0,0,0
140,0.0,0.009900990099009901,0.04338396495090424,1.0,-0.0,0,0
141,0.0,0.009900990099009901,0.04338396495090424,1.0,-0.0,0,0
142,0.0,0.009900990099009901,0.04338396495090424,1.0,-0.0,0,0
143,0.0,0.009900990099009901,0.04338396495090424,1.0,-0.0,0,0
144,0.0,0.025742574257425745,0.07264925278354116,1.0,-0.0,0,0
145,0.0,0.015841584158415842,0.05401260078014202,1.0,-0.0,0,0
146,0.0,0.015841584158415842,0.05401260078014202,1.0,-0.0,0,0
147,0.0,0.015841584158415842,0.05401260078014202,1.0,-0.0,0,0
148,0.0,0.015841584158415842,0.05401260078014202,1.0,-0.0,0,0
149,0.0,0.0,0.0,1.0,-0.0,0,0
150,0.0,0.0,0.0,1.0,-0.0,0,0
151,0.0,0.0,0.0,1.0,-0.0,0,0
152,0.0,0.0,0.0,1.0,-0.0,0,0
153,0.0,0.0,0.0,1.0,-0.0,0,0
154,0.0,0.0059405940594059415,0.033953323167291584,1.0,-0.0,0,0
155,0.0,0.0059405940594059415,0.033953323167291584,1.0,-0.0,0,0
156,0.0,0.0059405940594059415,0.033953323167291584,1.0,-0.0,0,0
157,0.0,0.0059405940594059415,0.033953323167291584,1.0,-0.0,0,0
158,0.0,0.0059405940594059415,0.033953323167291584,1.0,-0.0,0,0
159,0.0,0.0,0.0,1.0,-0.0,0,0
160,0.0,0.0,0.0,1.0,-0.0,0,0
161,0.0,0.041584158415841586,0.09467748980500532,1.0,-0.0,0,0
162,0.0,0.041584158415841586,0.09467748980500532,1.0,-0.0,0,0
163,0.0,0.041584158415841586,0.09467748980500532,1.0,-0.0,0,0
164,0.0,0.04752475247524753,0.10586191211583096,1.0,-0.0,0,0
165,0.0,0.04752475247524753,0.10586191211583096,1.0,-0.0,0,0
166,0.0,0.0059405940594059415,0.03395332316729158,1.0,-0.0,0,0
167,0.0,0.0059405940594059415,0.03395332316729158,1.0,-0.0,0,0
168,0.0,0.0059405940594059415,0.03395332316729158,1.0,-0.0,0,0
169,0.0,0.0,0.0,1.0,-0.0,0,0
170,0.0,0.0,0.0,1.0,-0.0,0,0
171,0.0,0.0,0.0,1.0,-0.0,0,0
172,0.0,0.0,0.0,1.0,-0.0,0,0
173,0.0,0.0,0.0,1.0,-0.0,0,0
174,0.0,0.007920792079207921,0.03900537743285587,1.0,-0.0,0,0
175,0.0,0.007920792079207921,0.03900537743285587,1.0,-0.0,0,0
176,0.0,0.007920792079207921,0.03900537743285587,1.0,-0.0,0,0
177,0.0,0.009900990099009901,0.04338396495090425,1.0,-0.0,0,0
178,0.0,0.009900990099009901,0.04338396495090425,1.0,-0.0,0,0
179,0.0,0.007920792079207921,0.03900537743285587,1.0,-0.0,0,0
180,0.0,0.007920792079207921,0.03900537743285587,1.0,-0.0,0,0
181,0.0,0.007920792079207921,0.03900537743285587,1.0,-0.0,0,0
182,0.0,0.0059405940594059415,0.033953323167291584,1.0,-0.0,0,0
183,0.0,0.0059405940594059415,0.033953323167291584,1.0,-0.0,0,0
184,0.0,0.0,0.0,1.0,-0.0,0,0
185,0.0,0.0,0.0,1.0,-0.0,0,0
186,0.0,0.0,0.0,1.0,-0.0,0,0
187,0.0,0.0059405940594059415,0.03395332316729158,1.0,-0.0,0,0
188,0.0,0.0059405940594059415,0.03395332316729158,1.0,-0.0,0,0
189,0.0,0.0059405940594059415,0.03395332316729158,1.0,-0.0,0,0
190,0.0,0.0059405940594059415,0.03395332316729158,1.0,-0.0,0,0
191,0.0,0.0059405940594059415,0.03395332316729158,1.0,-0.0,0,0
192,0.0,0.0,0.0,1.0,-0.0,0,0
193,0.0,0.0059405940594059415,0.03395332316729158,1.0,-0.0,0,0
194,0.0,0.0059405940594059415,0.03395332316729158,1.0,-0.0,0,0
195,0.0,0.027722772277227727,0.07975061610139514,1.0,-0.0,0,0
196,0.0,0.027722772277227727,0.07975061610139514,1.0,-0.0,0,0
197,0.0,0.027722772277227727,0.07975061610139514,1.0,-0.0,0,0
198,0.0,0.021782178217821784,0.06230547612891991,1.0,-0.0,0,0
199,0.0,0.021782178217821784,0.06230547612891991,1.0,-0.0,0,0
200,0.0,0.0,0.0,1.0,-0.0,0,0
201,0.0,0.0,0.0,1.0,-0.0,0,0
202,0.0,0.0,0.0,1.0,-0.0,0,0
203,0.0,0.0,0.0,1.0,-0.0,0,0
204,0.0,0.0,0.0,1.0,-0.0,0,0
205,0.0,0.009900990099009901,0.04338396495090425,1.0,-0.0,0,0
206,0.0,0.025742574257425748,0.06697637435757531,1.0,-0.0,0,0
207,0.0,0.08118811881188118,0.1264228887090089,1.0,-0.0,0,0
208,0.0,0.08118811881188118,0.1264228887090089,1.0,-0.0,0,0
209,0.0,0.08118811881188118,0.1264228887090089,1.0,-0.0,0,0
210,0.0,0.07128712871287128,0.1213265242141813,1.0,-0.0,0,0
211,0.0,0.05544554455445544,0.1094316980566186,1.0,-0.0,0,0
212,0.0,0.0,0.0,1.0,-0.0,0,0
213,0.0,0.0,0.0,1.0,-0.0,0,0
214,0.0,0.0,0.0,1.0,-0.0,0,0
215,0.0,0.0,0.0,1.0,-0.0,0,0
216,0.2,0.011881188118811883,0.05501958015623685,0.00031411450971006826,3.502912002024055,0,0
217,0.2,0.011881188118811883,0.05501958015623685,0.00031411450971006826,3.502912002024055,0,0
218,0.2,0.011881188118811883,0.05501958015623685,0.00031411450971006826,3.502912002024055,0,0
219,0.2,0.011881188118811883,0.05501958015623685,0.00031411450971006826,3.502912002024055,0,0
220,0.2,0.011881188118811883,0.05501958015623685,0.00031411450971006826,3.502912002024055,0,0
221,0.0,0.0,0.0,1.0,-0.0,0,0
222,0.0,0.0,0.0,1.0,-0.0,0,0
223,0.0,0.0039603960396039604,0.027863855998951068,1.0,-0.0,0,0
224,0.0,0.019801980198019802,0.0717804711302648,1.0,-0.0,0,0
225,0.0,0.019801980198019802,0.0717804711302648,1.0,-0.0,0,0
226,0.0,0.019801980198019802,0.0717804711302648,1.0,-0.0,0,0
227,0.0,0.019801980198019802,0.0717804711302648,1.0,-0.0,0,0
228,0.0,0.015841584158415842,0.06090517425437505,1.0,-0.0,0,0
229,0.0,0.0,0.0,1.0,-0.0,0,0
230,0.0,0.0019801980198019802,0.019801980198019802,1.0,-0.0,0,0
231,0.0,0.041584158415841586,0.0987719913927915,1.0,-0.0,0,0
232,0.0,0.08316831683168316,0.13280619910579974,1.0,-0.0,0,0
233,0.0,0.097029702970297,0.14243667729389659,1.0,-0.0,0,0
234,0.0,0.11287128712871286,0.15002532217723416,1.0,-0.0,0,0
235,0.0,0.11089108910891088,0.14752142995793405,1.0,-0.0,0,0
236,0.0,0.0712871287128713,0.10747934055534188,1.0,-0.0,0,0
237,0.0,0.0297029702970297,0.07112192077650681,1.0,-0.0,0,0
238,0.0,0.015841584158415842,0.05401260078014202,1.0,-0.0,0,0
239,0.0,0.0,0.0,1.0,-0.0,0,0
240,0.0,0.0,0.0,1.0,-0.0,0,0
241,0.0,0.0,0.0,1.0,-0.0,0,0
242,0.0,0.0,0.0,1.0,-0.0,0,0
243,0.0,0.0039603960396039604,0.02786385599895106,1.0,-0.0,0,0
244,0.0,0.015841584158415842,0.05401260078014202,1.0,-0.0,0,0
245,0.0,0.025742574257425738,0.07791016068477624,1.0,-0.0,0,0
246,0.0,0.025742574257425738,0.07791016068477624,1.0,-0.0,0,0
247,0.0,0.025742574257425738,0.07791016068477624,1.0,-0.0,0,0
248,0.0,0.021782178217821784,0.07393328595086919,1.0,-0.0,0,0
249,0.0,0.051485148514851475,0.10399339410297728,1.0,-0.0,0,0
250,0.0,0.07920792079207921,0.12611234319279727,1.0,-0.0,0,0
251,0.0,0.09306930693069305,0.13661931335176508,1.0,-0.0,0,0
252,0.0,0.09306930693069305,0.13661931335176508,1.0,-0.0,0,0
253,0.0,0.10297029702970298,0.1451905170679078,1.0,-0.0,0,0
254,0.0,0.061386138613861385,0.11166631429601336,1.0,-0.0,0,0
255,0.0,0.07524752475247526,0.12539516989297084,1.0,-0.0,0,0
256,0.0,0.06138613861386138,0.12184253515180327,1.0,-0.0,0,0
257,0.0,0.07722772277227723,0.12888031758632065,1.0,-0.0,0,0
258,0.0,0.08514851485148514,0.13598641357140115,1.0,-0.0,0,0
259,0.0,0.1089108910891089,0.1503125521928582,1.0,-0.0,0,0
260,0.0,0.05742574257425742,0.09885135821266286,1.0,-0.0,0,0
261,0.0,0.09108910891089109,0.12750384183766536,1.0,-0.0,0,0
262,0.0,0.09306930693069307,0.12448501897427099,1.0,-0.0,0,0
263,0.0,0.09306930693069307,0.12762679639066948,1.0,-0.0,0,0
264,0.0,0.06930693069306931,0.12084076279122662,1.0,-0.0,0,0
265,0.0,0.06930693069306931,0.12084076279122662,1.0,-0.0,0,0
266,0.0,0.03762376237623763,0.08771182015980238,1.0,-0.0,0,0
267,0.0,0.019801980198019802,0.0597350618970232,1.0,-0.0,0,0
268,0.0,0.0039603960396039604,0.027863855998951064,1.0,-0.0,0,0
269,0.0,0.011881188118811883,0.047276579747775535,1.0,-0.0,0,0
270,0.0,0.015841584158415842,0.05401260078014202,1.0,-0.0,0,0
271,0.0,0.04554455445544555,0.08846854615322249,1.0,-0.0,0,0
272,0.0,0.04554455445544555,0.08846854615322249,1.0,-0.0,0,0
273,0.0,0.049504950495049514,0.09078727434730813,1.0,-0.0,0,0
274,0.0,0.05544554455445545,0.10575073206193021,1.0,-0.0,0,0
275,0.0,0.057425742574257435,0.11021718851545144,1.0,-0.0,0,0
276,0.0,0.05346534653465347,0.09287951999650357,1.0,-0.0,0,0
277,0.0,0.06732673267326733,0.10255055347504201,1.0,-0.0,0,0
278,0.0,0.11485148514851484,0.14169143619800648,1.0,-0.0,0,0
279,0.0,0.10495049504950495,0.1395723579145037,1.0,-0.0,0,0
280,0.0,0.1089108910891089,0.14494724878689189,1.0,-0.0,0,0
281,0.0,0.08118811881188118,0.11664694237642095,1.0,-0.0,0,0
282,0.0,0.06732673267326733,0.11000352009767247,1.0,-0.0,0,0
283,0.0,0.013861386138613863,0.05079507064705211,1.0,-0.0,0,0
284,0.0,0.009900990099009901,0.04338396495090425,1.0,-0.0,0,0
285,0.0,0.0,0.0,1.0,-0.0,0,0
286,0.0,0.0,0.0,1.0,-0.0,0,0
287,0.2,0.04356435643564357,0.09164702150816742,0.043916930442951946,1.3573680223438191,0,0
288,0.4,0.05346534653465347,0.09704990696905226,0.00017802439318403976,3.7495204858967237,0,0
289,0.4,0.05346534653465347,0.09704990696905226,0.00017802439318403976,3.7495204858967237,0,0
290,0.4,0.06732673267326733,0.11698261772468857,0.0022290647018759187,2.65187732530179,0,0
291,0.4,0.06732673267326733,0.11698261772468857,0.0022290647018759187,2.65187732530179,0,0
292,0.2,0.023762376237623766,0.07056843438101175,0.00625538335613176,2.203746069767374,0,0
293,0.0,0.013861386138613863,0.05807080514303042,1.0,-0.0,0,0
294,0.0,0.013861386138613863,0.05807080514303042,1.0,-0.0,0,0
295,0.0,0.08712871287128712,0.11745095149573798,1.0,-0.0,0,0
296,0.0,0.11287128712871287,0.13618810981425267,1.0,-0.0,0,0
297,0.0,0.12376237623762376,0.1401191253095801,1.0,-0.0,0,0
298,0.0,0.13267326732673268,0.1414975848312859,1.0,-0.0,0,0
299,0.0,0.1405940594059406,0.1450013436754282,1.0,-0.0,0,0
300,0.0,0.051485148514851496,0.09186070102766894,1.0,-0.0,0,0
301,0.0,0.04554455445544555,0.08846854615322249,1.0,-0.0,0,0
302,0.0,0.04554455445544555,0.08846854615322249,1.0,-0.0,0,0
303,0.0,0.05148514851485149,0.09607532254026299,1.0,-0.0,0,0
304,0.0,0.051485148514851496,0.10399339410297731,1.0,-0.0,0,0
305,0.0,0.051485148514851496,0.10399339410297731,1.0,-0.0,0,0
306,0.0,0.03564356435643565,0.08154954567118416,1.0,-0.0,0,0
307,0.0,0.025742574257425748,0.07264925278354115,1.0,-0.0,0,0
308,0.2,0.05346534653465346,0.10489443673781407,0.08121090620767592,1.0903856433234342,0,0
309,0.2,0.04554455445544554,0.09700949476369022,0.05567344326657021,1.2543519178087963,0,0
310,0.2,0.06930693069306931,0.10693069306930696,0.11081180122969687,0.9554139856724337,0,0
311,0.2,0.06534653465346535,0.10571364605971598,0.10137482685028305,0.9940698745616096,0,0
312,0.2,0.06534653465346535,0.10571364605971598,0.10137482685028305,0.9940698745616096,0,0
313,0.0,0.023762376237623766,0.06471340450838889,1.0,-0.0,0,0
314,0.0,0.023762376237623766,0.06471340450838889,1.0,-0.0,0,0
315,0.0,0.0,0.0,1.0,-0.0,0,0
316,0.0,0.0,0.0,1.0,-0.0,0,0
317,0.0,0.019801980198019806,0.06603299802191313,1.0,-0.0,0,0
318,0.0,0.019801980198019806,0.06603299802191313,1.0,-0.0,0,0
319,0.0,0.019801980198019806,0.06603299802191313,1.0,-0.0,0,0
320,0.0,0.05940594059405942,0.10733330877518932,1.0,-0.0,0,0
321,0.0,0.09108910891089109,0.12750384183766536,1.0,-0.0,0,0
322,0.0,0.07524752475247526,0.11553229422427584,1.0,-0.0,0,0
323,0.0,0.07524752475247526,0.11553229422427584,1.0,-0.0,0,0
324,0.0,0.07524752475247526,0.11553229422427584,1.0,-0.0,0,0
325,0.0,0.03564356435643565,0.08154954567118416,1.0,-0.0,0,0
326,0.0,0.0039603960396039604,0.027863855998951064,1.0,-0.0,0,0
327,0.0,0.0,0.0,1.0,-0.0,0,0
328,0.0,0.031683168316831684,0.08316831683168316,1.0,-0.0,0,0
329,0.0,0.031683168316831684,0.08316831683168316,1.0,-0.0,0,0
330,0.0,0.031683168316831684,0.08316831683168316,1.0,-0.0,0,0
331,0.0,0.031683168316831684,0.08316831683168316,1.0,-0.0,0,0
332,0.0,0.031683168316831684,0.08316831683168316,1.0,-0.0,0,0
333,0.0,0.0,0.0,1.0,-0.0,0,0
334,0.0,0.019801980198019802,0.06603299802191315,1.0,-0.0,0,0
335,0.0,0.019801980198019802,0.06603299802191315,1.0,-0.0,0,0
336,0.0,0.02772277227722772,0.07975061610139512,1.0,-0.0,0,0
337,0.0,0.02772277227722772,0.07975061610139512,1.0,-0.0,0,0
338,0.0,0.02772277227722772,0.07975061610139512,1.0,-0.0,0,0
339,0.0,0.015841584158415842,0.054012600780142014,1.0,-0.0,0,0
340,0.0,0.015841584158415842,0.054012600780142014,1.0,-0.0,0,0
341,0.0,0.007920792079207921,0.03900537743285587,1.0,-0.0,0,0
342,0.0,0.02772277227722773,0.06910862719451544,1.0,-0.0,0,0
343,0.0,0.02772277227722773,0.06910862719451544,1.0,-0.0,0,0
344,0.0,0.02772277227722772,0.06910862719451544,1.0,-0.0,0,0
345,0.0,0.10099009900990098,0.13965661530697393,1.0,-0.0,0,0
346,0.0,0.10099009900990098,0.13965661530697393,1.0,-0.0,0,0
347,0.0,0.08514851485148514,0.12694907267187808,1.0,-0.0,0,0
348,0.0,0.08514851485148514,0.12694907267187808,1.0,-0.0,0,0
349,0.0,0.07722772277227724,0.12258049537063101,1.0,-0.0,0,0
350,0.0,0.0039603960396039604,0.027863855998951068,1.0,-0.0,0,0
351,0.0,0.0039603960396039604,0.027863855998951068,1.0,-0.0,0,0
352,0.0,0.0,0.0,1.0,-0.0,0,0
353,0.0,0.0,0.0,1.0,-0.0,0,0
354,0.0,0.0,0.0,1.0,-0.0,0,0
355,0.0,0.0,0.0,1.0,-0.0,0,0
356,0.0,0.0,0.0,1.0,-0.0,0,0
357,0.0,0.0,0.0,1.0,-0.0,0,0
358,0.0,0.0,0.0,1.0,-0.0,0,0
359,0.0,0.0,0.0,1.0,-0.0,0,0
360,0.0,0.031683168316831684,0.0730260947112308,1.0,-0.0,0,0
361,0.0,0.031683168316831684,0.0730260947112308,1.0,-0.0,0,0
362,0.0,0.031683168316831684,0.0730260947112308,1.0,-0.0,0,0
363,0.0,0.031683168316831684,0.0730260947112308,1.0,-0.0,0,0
364,0.0,0.031683168316831684,0.0730260947112308,1.0,-0.0,0,0
365,0.0,0.0,0.0,1.0,-0.0,0,0
366,0.0,0.0,0.0,1.0,-0.0,0,0
367,0.0,0.0,0.0,1.0,-0.0,0,0
368,0.0,0.0,0.0,1.0,-0.0,0,0
369,0.0,0.0,0.0,1.0,-0.0,0,0
370,0.0,0.0,0.0,1.0,-0.0,0,0
371,0.0,0.0,0.0,1.0,-0.0,0,0
372,0.0,0.013861386138613863,0.05079507064705211,1.0,-0.0,0,0
373,0.0,0.023762376237623766,0.07056843438101175,1.0,-0.0,0,0
374,0.0,0.023762376237623766,0.07056843438101175,1.0,-0.0,0,0
375,0.0,0.023762376237623766,0.07056843438101175,1.0,-0.0,0,0
376,0.0,0.023762376237623766,0.07056843438101175,1.0,-0.0,0,0
377,0.0,0.05940594059405942,0.11096178792967841,1.0,-0.0,0,0
378,0.0,0.049504950495049514,0.1068206254198905,1.0,-0.0,0,0
379,0.0,0.049504950495049514,0.1068206254198905,1.0,-0.0,0,0
380,0.0,0.049504950495049514,0.1068206254198905,1.0,-0.0,0,0
381,0.0,0.049504950495049514,0.1068206254198905,1.0,-0.0,0,0
382,0.0,0.05544554455445545,0.09797478714338996,1.0,-0.0,0,0
383,0.0,0.05544554455445545,0.09797478714338996,1.0,-0.0,0,0
384,0.0,0.05544554455445545,0.09797478714338996,1.0,-0.0,0,0
385,0.0,0.05544554455445545,0.09797478714338996,1.0,-0.0,0,0
386,0.0,0.06336633663366337,0.10120342446875752,1.0,-0.0,0,0
387,0.0,0.007920792079207921,0.03900537743285587,1.0,-0.0,0,0
388,0.0,0.007920792079207921,0.03900537743285587,1.0,-0.0,0,0
389,0.0,0.007920792079207921,0.03900537743285587,1.0,-0.0,0,0
390,0.0,0.007920792079207921,0.03900537743285587,1.0,-0.0,0,0
391,0.0,0.0,0.0,1.0,-0.0,0,0
392,0.0,0.0,0.0,1.0,-0.0,0,0
393,0.0,0.0,0.0,1.0,-0.0,0,0
394,0.0,0.0,0.0,1.0,-0.0,0,0
395,0.0,0.0,0.0,1.0,-0.0,0,0
396,0.0,0.0,0.0,1.0,-0.0,0,0
397,0.0,0.0,0.0,1.0,-0.0,0,0
398,0.0,0.0,0.0,1.0,-0.0,0,0
399,0.0,0.0,0.0,1.0,-0.0,0,0
400,0.0,0.0,0.0,1.0,-0.0,0,0
401,0.0,0.0,0.0,1.0,-0.0,0,0
402,0.0,0.03564356435643565,0.08626938974571076,1.0,-0.0,0,0
403,0.0,0.03564356435643565,0.08626938974571076,1.0,-0.0,0,0
404,0.0,0.03564356435643565,0.08626938974571076,1.0,-0.0,0,0
405,0.0,0.03564356435643565,0.08626938974571076,1.0,-0.0,0,0
406,0.0,0.03564356435643565,0.08626938974571076,1.0,-0.0,0,0
407,0.0,0.0,0.0,1.0,-0.0,0,0
408,0.0,0.0,0.0,1.0,-0.0,0,0
409,0.0,0.0,0.0,1.0,-0.0,0,0
410,0.0,0.0,0.0,1.0,-0.0,0,0
411,0.0,0.0,0.0,1.0,-0.0,0,0
412,0.0,0.0,0.0,1.0,-0.0,0,0
413,0.0,0.0,0.0,1.0,-0.0,0,0
414,0.0,0.007920792079207921,0.03900537743285587,1.0,-0.0,0,0
415,0.0,0.007920792079207921,0.03900537743285587,1.0,-0.0,0,0
416,0.0,0.007920792079207921,0.03900537743285587,1.0,-0.0,0,0
417,0.0,0.007920792079207921,0.03900537743285587,1.0,-0.0,0,0
418,0.0,0.007920792079207921,0.03900537743285587,1.0,-0.0,0,0
419,0.0,0.0,0.0,1.0,-0.0,0,0
420,0.0,0.0,0.0,1.0,-0.0,0,0
421,0.0,0.0,0.0,1.0,-0.0,0,0
422,0.0,0.021782178217821784,0.06836703565002801,1.0,-0.0,0,0
423,0.0,0.021782178217821784,0.06836703565002801,1.0,-0.0,0,0
424,0.0,0.021782178217821784,0.06836703565002801,1.0,-0.0,0,0
425,0.0,0.031683168316831684,0.07826167463512675,1.0,-0.0,0,0
426,0.0,0.031683168316831684,0.07826167463512675,1.0,-0.0,0,0
427,0.0,0.009900990099009901,0.04338396495090424,1.0,-0.0,0,0
428,0.0,0.009900990099009901,0.04338396495090424,1.0,-0.0,0,0
429,0.0,0.009900990099009901,0.04338396495090424,1.0,-0.0,0,0
430,0.0,0.0,0.0,1.0,-0.0,0,0
431,0.0,0.011881188118811883,0.04727657974777554,1.0,-0.0,0,0
432,0.0,0.011881188118811883,0.04727657974777554,1.0,-0.0,0,0
433,0.0,0.011881188118811883,0.04727657974777554,1.0,-0.0,0,0
434,0.0,0.021782178217821784,0.06230547612891991,1.0,-0.0,0,0
435,0.0,0.021782178217821784,0.06230547612891991,1.0,-0.0,0,0
436,0.0,0.009900990099009901,0.04338396495090425,1.0,-0.0,0,0
437,0.0,0.009900990099009901,0.04338396495090425,1.0,-0.0,0,0
438,0.0,0.009900990099009901,0.04338396495090425,1.0,-0.0,0,0
439,0.0,0.0,0.0,1.0,-0.0,0,0
440,0.0,0.0,0.0,1.0,-0.0,0,0
441,0.0,0.0,0.0,1.0,-0.0,0,0
442,0.0,0.0,0.0,1.0,-0.0,0,0
443,0.0,0.023762376237623766,0.07056843438101175,1.0,-0.0,0,0
444,0.0,0.023762376237623766,0.07056843438101175,1.0,-0.0,0,0
445,0.0,0.023762376237623766,0.07056843438101175,1.0,-0.0,0,0
446,0.0,0.023762376237623766,0.07056843438101175,1.0,-0.0,0,0
447,0.0,0.023762376237623766,0.07056843438101175,1.0,-0.0,0,0
448,0.0,0.0,0.0,1.0,-0.0,0,0
449,0.0,0.0,0.0,1.0,-0.0,0,0
450,0.0,0.03564356435643565,0.08154954567118416,1.0,-0.0,0,0
451,0.0,0.03762376237623763,0.08307396817189319,1.0,-0.0,0,0
452,0.0,0.03762376237623763,0.08307396817189319,1.0,-0.0,0,0
453,0.0,0.049504950495049514,0.09078727434730813,1.0,-0.0,0,0
454,0.0,0.049504950495049514,0.09078727434730813,1.0,-0.0,0,0
455,0.0,0.01386138613861386,0.05079507064705211,1.0,-0.0,0,0
456,0.0,0.011881188118811883,0.047276579747775535,1.0,-0.0,0,0
457,0.0,0.011881188118811883,0.047276579747775535,1.0,-0.0,0,0
458,0.0,0.0,0.0,1.0,-0.0,0,0
459,0.0,0.0,0.0,1.0,-0.0,0,0
460,0.0,0.0,0.0,1.0,-0.0,0,0
461,0.0,0.0,0.0,1.0,-0.0,0,0
462,0.0,0.0,0.0,1.0,-0.0,0,0
463,0.0,0.0,0.0,1.0,-0.0,0,0
464,0.0,0.019801980198019802,0.0597350618970232,1.0,-0.0,0,0
465,0.0,0.019801980198019802,0.0597350618970232,1.0,-0.0,0,0
466,0.0,0.019801980198019802,0.0597350618970232,1.0,-0.0,0,0
467,0.0,0.019801980198019802,0.0597350618970232,1.0,-0.0,0,0
468,0.0,0.019801980198019802,0.0597350618970232,1.0,-0.0,0,0
469,0.0,0.0059405940594059415,0.033953323167291584,1.0,-0.0,0,0
470,0.0,0.007920792079207921,0.03900537743285587,1.0,-0.0,0,0
471,0.0,0.007920792079207921,0.03900537743285587,1.0,-0.0,0,0
472,0.0,0.007920792079207921,0.03900537743285587,1.0,-0.0,0,0
473,0.0,0.007920792079207921,0.03900537743285587,1.0,-0.0,0,0
474,0.0,0.0019801980198019802,0.0198019801980198,1.0,-0.0,0,0
475,0.0,0.0,0.0,1.0,-0.0,0,0
476,0.0,0.047524752475247525,0.08965727859542,1.0,-0.0,0,0
477,0.0,0.047524752475247525,0.08965727859542,1.0,-0.0,0,0
478,0.0,0.047524752475247525,0.08965727859542,1.0,-0.0,0,0
479,0.0,0.047524752475247525,0.08965727859542,1.0,-0.0,0,0
480,0.4,0.08514851485148513,0.1269490726718781,0.0065665385713382495,2.1826635003809463,0,0
481,0.4,0.051485148514851496,0.1001126705723924,0.00024956189489403087,3.6028217254823813,0,0
482,0.4,0.06336633663366337,0.10874875419996817,0.0009823491490400878,3.0077341267229323,0,0
483,0.4,0.07722772277227724,0.1124710639300034,0.002053494791492543,2.6875063943583766,0,0
484,0.4,0.07722772277227724,0.1124710639300034,0.002053494791492543,2.6875063943583766,0,0
485,0.0,0.06336633663366337,0.10504385908811757,1.0,-0.0,0,0
486,0.0,0.06336633663366337,0.10504385908811757,1.0,-0.0,0,0
487,0.2,0.0594059405940594,0.10357779667819421,0.08733081746926054,1.0588324745635311,0,0
488,0.2,0.04554455445544554,0.08387254884969257,0.032770541076535604,1.484516387893982,0,0
489,0.2,0.06336633663366337,0.10504385908811757,0.09667550266855758,1.014683561115634,0,0
490,0.2,0.100990099009901,0.15318082856090076,0.259023244899049,0.5866612603264536,0,0
491,0.2,0.08712871287128714,0.14188502271424047,0.2131577664159206,0.6712988391832501,0,0
492,0.0,0.17029702970297028,0.1853786889262329,1.0,-0.0,0,0
493,0.0,0.17029702970297028,0.1853786889262329,1.0,-0.0,0,0
494,0.0,0.15247524752475247,0.1715359035858037,1.0,-0.0,0,0
495,0.0,0.0891089108910891,0.14752142995793407,1.0,-0.0,0,0
496,0.0,0.0891089108910891,0.14752142995793407,1.0,-0.0,0,0
497,0.0,0.0,0.0,1.0,-0.0,0,0
498,0.0,0.0,0.0,1.0,-0.0,0,0
499,0.0,0.0,0.0,1.0,-0.0,0,0
500,0.0,0.0,0.0,1.0,-0.0,0,0
501,0.0,0.0,0.0,1.0,-0.0,0,0
502,0.0,0.0,0.0,1.0,-0.0,0,0
503,0.0,0.0,0.0,1.0,-0.0,0,0
504,0.0,0.0,0.0,1.0,-0.0,0,0
505,0.0,0.0,0.0,1.0,-0.0,0,0
506,0.0,0.033663366336633666,0.07994704648786674,1.0,-0.0,0,0
507,0.0,0.08712871287128712,0.127165103825761,1.0,-0.0,0,0
508,0.0,0.09504950495049502,0.13377699607171908,1.0,-0.0,0,0
509,0.0,0.10099009900990098,0.1396566153069739,1.0,-0.0,0,0
510,0.0,0.10099009900990098,0.1396566153069739,1.0,-0.0,0,0
511,0.0,0.12871287128712872,0.16550949460567813,1.0,-0.0,0,0
512,0.0,0.08316831683168316,0.12353642740976016,1.0,-0.0,0,0
513,0.0,0.07524752475247526,0.1189108498693262,1.0,-0.0,0,0
514,0.0,0.06930693069306931,0.11057238501634631,1.0,-0.0,0,0
515,0.0,0.08316831683168316,0.12353642740976015,1.0,-0.0,0,0
516,0.0,0.031683168316831684,0.07826167463512675,1.0,-0.0,0,0
517,0.0,0.027722772277227727,0.07975061610139514,1.0,-0.0,0,0
518,0.0,0.05544554455445545,0.1019369320889802,1.0,-0.0,0,0
519,0.0,0.07524752475247526,0.12219602867755656,1.0,-0.0,0,0
520,0.0,0.061386138613861385,0.10433219700847123,1.0,-0.0,0,0
521,0.0,0.05148514851485149,0.08744317689433512,1.0,-0.0,0,0
522,0.0,0.04752475247524753,0.08512548617902843,1.0,-0.0,0,0
523,0.0,0.023762376237623766,0.06471340450838887,1.0,-0.0,0,0
524,0.0,0.0039603960396039604,0.02786385599895107,1.0,-0.0,0,0
525,0.0,0.0039603960396039604,0.02786385599895107,1.0,-0.0,0,0
526,0.0,0.0039603960396039604,0.02786385599895107,1.0,-0.0,0,0
527,0.0,0.0039603960396039604,0.02786385599895107,1.0,-0.0,0,0
528,0.0,0.0,0.0,1.0,-0.0,0,0
529,0.0,0.0019801980198019802,0.0198019801980198,1.0,-0.0,0,0
530,0.0,0.0019801980198019802,0.0198019801980198,1.0,-0.0,0,0
531,0.0,0.0019801980198019802,0.0198019801980198,1.0,-0.0,0,0
532,0.0,0.0019801980198019802,0.0198019801980198,1.0,-0.0,0,0
533,0.0,0.0019801980198019802,0.0198019801980198,1.0,-0.0,0,0
534,0.0,0.0,0.0,1.0,-0.0,0,0
535,0.0,0.0,0.0,1.0,-0.0,0,0
536,0.0,0.0,0.0,1.0,-0.0,0,0
537,0.0,0.0059405940594059415,0.033953323167291584,1.0,-0.0,0,0
538,0.0,0.0059405940594059415,0.033953323167291584,1.0,-0.0,0,0
539,0.0,0.0059405940594059415,0.033953323167291584,1.0,-0.0,0,0
540,0.0,0.0059405940594059415,0.033953323167291584,1.0,-0.0,0,0
541,0.0,0.0297029702970297,0.08150144802873932,1.0,-0.0,0,0
542,0.0,0.023762376237623766,0.07597356868614212,1.0,-0.0,0,0
543,0.0,0.049504950495049514,0.09912864166957489,1.0,-0.0,0,0
544,0.0,0.08118811881188118,0.11999411807954947,1.0,-0.0,0,0
545,0.0,0.13267326732673268,0.16951235294283326,1.0,-0.0,0,0
546,0.0,0.13861386138613863,0.1774239745315019,1.0,-0.0,0,0
547,0.0,0.14554455445544554,0.17549068547409524,1.0,-0.0,0,0
548,0.0,0.11881188118811879,0.1467218499235066,1.0,-0.0,0,0
549,0.0,0.1168316831683168,0.1442421691205886,1.0,-0.0,0,0
550,0.0,0.06534653465346535,0.10939585993610405,1.0,-0.0,0,0
551,0.0,0.03564356435643565,0.08154954567118416,1.0,-0.0,0,0
552,0.0,0.031683168316831684,0.08316831683168317,1.0,-0.0,0,0
553,0.0,0.031683168316831684,0.08316831683168317,1.0,-0.0,0,0
554,0.0,0.0019801980198019802,0.019801980198019802,1.0,-0.0,0,0
555,0.0,0.0019801980198019802,0.019801980198019802,1.0,-0.0,0,0
556,0.0,0.0059405940594059415,0.03395332316729158,1.0,-0.0,0,0
557,0.0,0.0039603960396039604,0.027863855998951064,1.0,-0.0,0,0
558,0.0,0.0039603960396039604,0.027863855998951064,1.0,-0.0,0,0
559,0.0,0.0039603960396039604,0.027863855998951064,1.0,-0.0,0,0
560,0.0,0.06930693069306931,0.10693069306930697,1.0,-0.0,0,0
561,0.0,0.06534653465346535,0.10571364605971598,1.0,-0.0,0,0
562,0.0,0.06534653465346535,0.10571364605971598,1.0,-0.0,0,0
563,0.0,0.06534653465346535,0.10571364605971598,1.0,-0.0,0,0
564,0.0,0.06534653465346535,0.10571364605971598,1.0,-0.0,0,0
565,0.0,0.0059405940594059415,0.03395332316729158,1.0,-0.0,0,0
566,0.0,0.0059405940594059415,0.03395332316729158,1.0,-0.0,0,0
567,0.0,0.0059405940594059415,0.03395332316729158,1.0,-0.0,0,0
568,0.0,0.0059405940594059415,0.03395332316729158,1.0,-0.0,0,0
569,0.0,0.015841584158415842,0.06090517425437506,1.0,-0.0,0,0
570,0.0,0.009900990099009901,0.04338396495090424,1.0,-0.0,0,0
571,0.0,0.009900990099009901,0.04338396495090424,1.0,-0.0,0,0
572,0.0,0.009900990099009901,0.04338396495090424,1.0,-0.0,0,0
573,0.0,0.019801980198019802,0.059735061897023205,1.0,-0.0,0,0
574,0.0,0.009900990099009901,0.04338396495090424,1.0,-0.0,0,0
575,0.0,0.04356435643564357,0.09164702150816742,1.0,-0.0,0,0
576,0.0,0.04356435643564357,0.09164702150816742,1.0,-0.0,0,0
577,0.0,0.04356435643564357,0.09164702150816742,1.0,-0.0,0,0
578,0.0,0.2059405940594059,0.16992822140930644,1.0,-0.0,0,0
579,0.0,0.2059405940594059,0.16992822140930644,1.0,-0.0,0,0
580,0.0,0.17227722772277224,0.16174715133989812,1.0,-0.0,0,0
581,0.0,0.19009900990099005,0.1697435167662324,1.0,-0.0,0,0
582,0.0,0.19009900990099005,0.1697435167662324,1.0,-0.0,0,0
583,0.0,0.017821782178217824,0.05698017651460656,1.0,-0.0,0,0
584,0.0,0.025742574257425748,0.0669763743575753,1.0,-0.0,0,0
585,0.0,0.031683168316831684,0.0730260947112308,1.0,-0.0,0,0
586,0.0,0.01386138613861386,0.05079507064705211,1.0,-0.0,0,0
587,0.0,0.01386138613861386,0.05079507064705211,1.0,-0.0,0,0
588,0.0,0.01386138613861386,0.05079507064705211,1.0,-0.0,0,0
589,0.0,0.0059405940594059415,0.03395332316729158,1.0,-0.0,0,0
590,0.0,0.007920792079207921,0.03900537743285587,1.0,-0.0,0,0
591,0.0,0.05346534653465348,0.10104832334394513,1.0,-0.0,0,0
592,0.0,0.05346534653465348,0.10104832334394513,1.0,-0.0,0,0
593,0.0,0.0613861386138614,0.10433219700847123,1.0,-0.0,0,0
594,0.0,0.23168316831683167,0.2043733203554957,1.0,-0.0,0,0
595,0.0,0.22376237623762374,0.19353333422369295,1.0,-0.0,0,0
596,0.0,0.17821782178217818,0.1755353680172698,1.0,-0.0,0,0
597,0.0,0.17821782178217818,0.1755353680172698,1.0,-0.0,0,0
598,0.0,0.17029702970297028,0.17208365134574602,1.0,-0.0,0,0
599,0.0,0.08514851485148513,0.12054836637801525,1.0,-0.0,0,0
600,0.0,0.09900990099009901,0.13386490123687583,1.0,-0.0,0,0
601,0.0,0.09900990099009901,0.13386490123687583,1.0,-0.0,0,0
602,0.0,0.09900990099009901,0.13386490123687583,1.0,-0.0,0,0
603,0.0,0.10891089108910891,0.13937555924568534,1.0,-0.0,0,0
604,0.0,0.0297029702970297,0.07112192077650681,1.0,-0.0,0,0
605,0.0,0.015841584158415842,0.05401260078014202,1.0,-0.0,0,0
606,0.0,0.023762376237623766,0.07056843438101175,1.0,-0.0,0,0
607,0.0,0.023762376237623766,0.07056843438101175,1.0,-0.0,0,0
608,0.0,0.01386138613861386,0.05807080514303042,1.0,-0.0,0,0
609,0.0,0.007920792079207921,0.03900537743285587,1.0,-0.0,0,0
610,0.0,0.007920792079207921,0.03900537743285587,1.0,-0.0,0,0
611,0.0,0.0,0.0,1.0,-0.0,0,0
612,0.0,0.0,0.0,1.0,-0.0,0,0
613,0.0,0.0,0.0,1.0,-0.0,0,0
614,0.0,0.013861386138613863,0.0580708051430304,1.0,-0.0,0,0
615,0.0,0.10297029702970295,0.14243667729389659,1.0,-0.0,0,0
616,0.0,0.11089108910891088,0.14752142995793407,1.0,-0.0,0,0
617,0.0,0.11089108910891088,0.14752142995793407,1.0,-0.0,0,0
618,0.0,0.11089108910891088,0.14752142995793407,1.0,-0.0,0,0
619,0.0,0.10495049504950496,0.14238160801780242,1.0,-0.0,0,0
620,0.0,0.033663366336633666,0.08475617647141663,1.0,-0.0,0,0
621,0.0,0.025742574257425745,0.07264925278354115,1.0,-0.0,0,0
622,0.0,0.025742574257425745,0.07264925278354115,1.0,-0.0,0,0
623,0.0,0.025742574257425745,0.07264925278354115,1.0,-0.0,0,0
624,0.0,0.017821782178217824,0.05698017651460656,1.0,-0.0,0,0
625,0.0,0.0,0.0,1.0,-0.0,0,0
626,0.0,0.0,0.0,1.0,-0.0,0,0
627,0.0,0.0,0.0,1.0,-0.0,0,0
628,0.0,0.0,0.0,1.0,-0.0,0,0
629,0.0,0.0,0.0,1.0,-0.0,0,0
630,0.0,0.0,0.0,1.0,-0.0,0,0
631,0.0,0.0,0.0,1.0,-0.0,0,0
632,0.0,0.0,0.0,1.0,-0.0,0,0
633,0.0,0.0039603960396039604,0.027863855998951068,1.0,-0.0,0,0
634,0.0,0.0059405940594059415,0.033953323167291584,1.0,-0.0,0,0
635,0.0,0.10297029702970295,0.127780323207142,1.0,-0.0,0,0
636,0.0,0.15049504950495046,0.15518992667640907,1.0,-0.0,0,0
637,0.0,0.16831683168316827,0.1610182285168802,1.0,-0.0,0,0
638,0.0,0.16435643564356434,0.16264165701687977,1.0,-0.0,0,0
639,0.0,0.16633663366336632,0.15937826461670404,1.0,-0.0,0,0
640,0.0,0.08514851485148517,0.11721701851048509,1.0,-0.0,0,0
641,0.0,0.039603960396039604,0.07970143286137867,1.0,-0.0,0,0
642,0.0,0.1603960396039604,0.16654866260050913,1.0,-0.0,0,0
643,0.0,0.16831683168316833,0.16586448785245092,1.0,-0.0,0,0
644,0.0,0.18217821782178212,0.166736906416007,1.0,-0.0,0,0
645,0.0,0.16435643564356434,0.16505874046871052,1.0,-0.0,0,0
646,0.0,0.16435643564356434,0.16505874046871052,1.0,-0.0,0,0
647,0.0,0.025742574257425748,0.07264925278354116,1.0,-0.0,0,0
648,0.0,0.017821782178217824,0.0635517090529949,1.0,-0.0,0,0
649,0.0,0.0,0.0,1.0,-0.0,0,0
650,0.0,0.0,0.0,1.0,-0.0,0,0
651,0.0,0.0,0.0,1.0,-0.0,0,0
652,0.0,0.07920792079207921,0.12293186689242579,1.0,-0.0,0,0
653,0.2,0.08316831683168316,0.12670172889541695,0.1782381694772629,0.7489992867285711,0,0
654,0.2,0.08316831683168316,0.12670172889541695,0.1782381694772629,0.7489992867285711,0,0
655,0.2,0.08316831683168316,0.12670172889541695,0.1782381694772629,0.7489992867285711,0,0
656,0.2,0.08316831683168316,0.12670172889541695,0.1782381694772629,0.7489992867285711,0,0
657,0.2,0.011881188118811883,0.04727657974777555,3.458655652090612e-05,4.461092674713382,0,0
658,0.0,0.007920792079207921,0.03900537743285587,1.0,-0.0,0,0
659,0.0,0.007920792079207921,0.03900537743285587,1.0,-0.0,0,0
660,0.0,0.007920792079207921,0.03900537743285587,1.0,-0.0,0,0
661,0.0,0.007920792079207921,0.03900537743285587,1.0,-0.0,0,0
662,0.0,0.0,0.0,1.0,-0.0,0,0
663,0.0,0.0,0.0,1.0,-0.0,0,0
664,0.0,0.0,0.0,1.0,-0.0,0,0
665,0.0,0.0,0.0,1.0,-0.0,0,0
666,0.0,0.0,0.0,1.0,-0.0,0,0
667,0.0,0.0,0.0,1.0,-0.0,0,0
668,0.0,0.0059405940594059415,0.033953323167291584,1.0,-0.0,0,0
669,0.0,0.0059405940594059415,0.033953323167291584,1.0,-0.0,0,0
670,0.0,0.0059405940594059415,0.033953323167291584,1.0,-0.0,0,0
671,0.0,0.009900990099009901,0.04338396495090424,1.0,-0.0,0,0
672,0.0,0.009900990099009901,0.04338396495090424,1.0,-0.0,0,0
673,0.0,0.0039603960396039604,0.027863855998951064,1.0,-0.0,0,0
674,0.0,0.0039603960396039604,0.027863855998951064,1.0,-0.0,0,0
675,0.0,0.0039603960396039604,0.027863855998951064,1.0,-0.0,0,0
676,0.0,0.0059405940594059415,0.03395332316729157,1.0,-0.0,0,0
677,0.0,0.011881188118811881,0.05501958015623685,1.0,-0.0,0,0
678,0.0,0.027722772277227727,0.07461957893630405,1.0,-0.0,0,0
679,0.0,0.033663366336633666,0.07994704648786674,1.0,-0.0,0,0
680,0.0,0.041584158415841586,0.08590499787518362,1.0,-0.0,0,0
681,0.0,0.03564356435643565,0.08154954567118415,1.0,-0.0,0,0
682,0.0,0.05148514851485149,0.1001126705723924,1.0,-0.0,0,0
683,0.0,0.0594059405940594,0.10733330877518932,1.0,-0.0,0,0
684,0.0,0.09306930693069305,0.1306930693069307,1.0,-0.0,0,0
685,0.0,0.08514851485148513,0.12379009590564581,1.0,-0.0,0,0
686,0.0,0.10495049504950495,0.13670539084430264,1.0,-0.0,0,0
687,0.0,0.11683168316831682,0.149632756335149,1.0,-0.0,0,0
688,0.0,0.10099009900990094,0.1367914141716479,1.0,-0.0,0,0
689,0.0,0.08118811881188118,0.13254020222321994,1.0,-0.0,0,0
690,0.0,0.08118811881188118,0.13254020222321994,1.0,-0.0,0,0
691,0.0,0.10297029702970298,0.1367627457412436,1.0,-0.0,0,0
692,0.0,0.10297029702970295,0.1396285351588451,1.0,-0.0,0,0
693,0.0,0.09504950495049502,0.12771893462651168,1.0,-0.0,0,0
694,0.0,0.08316831683168317,0.11694909354640316,1.0,-0.0,0,0
695,0.0,0.11485148514851483,0.13304219431477882,1.0,-0.0,0,0
696,0.0,0.11287128712871286,0.1390657415135005,1.0,-0.0,0,0
697,0.0,0.08514851485148513,0.1172170185104851,1.0,-0.0,0,0
698,0.0,0.0871287128712871,0.11745095149573798,1.0,-0.0,0,0
699,0.0,0.07920792079207921,0.11631029826208643,1.0,-0.0,0,0
700,0.0,0.09702970297029702,0.12778032320714203,1.0,-0.0,0,0
701,0.0,0.057425742574257435,0.10277971700879983,1.0,-0.0,0,0
702,0.0,0.07326732673267328,0.12498799079651089,1.0,-0.0,0,0
703,0.0,0.08118811881188118,0.13254020222321994,1.0,-0.0,0,0
704,0.0,0.1069306930693069,0.13948804962658473,1.0,-0.0,0,0
705,0.0,0.08514851485148517,0.1269490726718781,1.0,-0.0,0,0
706,0.0,0.11089108910891088,0.13636075485692528,1.0,-0.0,0,0
707,0.0,0.08910891089108909,0.12097048989545554,1.0,-0.0,0,0
708,0.0,0.07920792079207921,0.11285391563386142,1.0,-0.0,0,0
709,0.0,0.05346534653465347,0.10489443673781407,1.0,-0.0,0,0
710,0.0,0.025742574257425745,0.07264925278354116,1.0,-0.0,0,0
711,0.0,0.0,0.0,1.0,-0.0,0,0
712,0.0,0.0,0.0,1.0,-0.0,0,0
713,0.0,0.0,0.0,1.0,-0.0,0,0
714,0.0,0.0,0.0,1.0,-0.0,0,0
715,0.0,0.0,0.0,1.0,-0.0,0,0
716,0.0,0.0,0.0,1.0,-0.0,0,0
717,0.0,0.0,0.0,1.0,-0.0,0,0
718,0.0,0.0,0.0,1.0,-0.0,0,0
719,0.0,0.0,0.0,1.0,-0.0,0,0
720,0.0,0.0,0.0,1.0,-0.0,0,0
721,0.0,0.0,0.0,1.0,-0.0,0,0
722,0.0,0.0,0.0,1.0,-0.0,0,0
723,0.0,0.0,0.0,1.0,-0.0,0,0
724,0.0,0.0039603960396039604,0.02786385599895107,1.0,-0.0,0,0
725,0.0,0.0039603960396039604,0.02786385599895107,1.0,-0.0,0,0
726,0.0,0.0039603960396039604,0.02786385599895107,1.0,-0.0,0,0
727,0.0,0.0039603960396039604,0.02786385599895107,1.0,-0.0,0,0
728,0.0,0.011881188118811883,0.047276579747775535,1.0,-0.0,0,0
729,0.0,0.007920792079207921,0.03900537743285587,1.0,-0.0,0,0
730,0.0,0.03564356435643565,0.09074407316744236,1.0,-0.0,0,0
731,0.0,0.03762376237623763,0.09211646217515253,1.0,-0.0,0,0
732,0.0,0.03762376237623763,0.09211646217515253,1.0,-0.0,0,0
733,0.0,0.02970297029702971,0.08150144802873932,1.0,-0.0,0,0
734,0.0,0.05148514851485149,0.1001126705723924,1.0,-0.0,0,0
735,0.0,0.02970297029702971,0.07648795214189293,1.0,-0.0,0,0
736,0.0,0.033663366336633666,0.08475617647141663,1.0,-0.0,0,0
737,0.0,0.033663366336633666,0.08475617647141663,1.0,-0.0,0,0
738,0.0,0.06732673267326733,0.12032045569079852,1.0,-0.0,0,0
739,0.0,0.04554455445544555,0.10856831811384397,1.0,-0.0,0,0
740,0.0,0.039603960396039604,0.09342674148186497,1.0,-0.0,0,0
741,0.0,0.033663366336633666,0.08475617647141663,1.0,-0.0,0,0
742,0.0,0.033663366336633666,0.08475617647141663,1.0,-0.0,0,0
743,0.0,0.0,0.0,1.0,-0.0,0,0
744,0.0,0.0,0.0,1.0,-0.0,0,0
745,0.0,0.013861386138613863,0.05079507064705211,1.0,-0.0,0,0
746,0.0,0.013861386138613863,0.05079507064705211,1.0,-0.0,0,0
747,0.0,0.013861386138613863,0.05079507064705211,1.0,-0.0,0,0
748,0.0,0.013861386138613863,0.05079507064705211,1.0,-0.0,0,0
749,0.0,0.013861386138613863,0.05079507064705211,1.0,-0.0,0,0
750,0.0,0.0,0.0,1.0,-0.0,0,0
751,0.0,0.0,0.0,1.0,-0.0,0,0
752,0.0,0.0059405940594059415,0.03395332316729158,1.0,-0.0,0,0
753,0.0,0.0059405940594059415,0.03395332316729158,1.0,-0.0,0,0
754,0.0,0.013861386138613863,0.05079507064705211,1.0,-0.0,0,0
755,0.0,0.013861386138613863,0.05079507064705211,1.0,-0.0,0,0
756,0.0,0.013861386138613863,0.05079507064705211,1.0,-0.0,0,0
757,0.0,0.007920792079207921,0.03900537743285587,1.0,-0.0,0,0
758,0.0,0.01386138613861386,0.05079507064705211,1.0,-0.0,0,0
759,0.0,0.06732673267326733,0.11000352009767249,1.0,-0.0,0,0
760,0.0,0.12079207920792079,0.149134022841685,1.0,-0.0,0,0
761,0.0,0.15643564356435644,0.16314716771521567,1.0,-0.0,0,0
762,0.0,0.1762376237623762,0.1786353744371313,1.0,-0.0,0,0
763,0.0,0.1782178217821782,0.1799911771193242,1.0,-0.0,0,0
764,0.0,0.11485148514851483,0.14984225277142663,1.0,-0.0,0,0
765,0.0,0.061386138613861385,0.11166631429601336,1.0,-0.0,0,0
766,0.0,0.027722772277227727,0.07461957893630407,1.0,-0.0,0,0
767,0.0,0.007920792079207921,0.03900537743285587,1.0,-0.0,0,0
768,0.0,0.0,0.0,1.0,-0.0,0,0
769,0.0,0.0,0.0,1.0,-0.0,0,0
770,0.0,0.009900990099009901,0.04338396495090425,1.0,-0.0,0,0
771,0.0,0.017821782178217824,0.05698017651460656,1.0,-0.0,0,0
772,0.0,0.019801980198019802,0.059735061897023205,1.0,-0.0,0,0
773,0.0,0.029702970297029712,0.07648795214189293,1.0,-0.0,0,0
774,0.0,0.029702970297029712,0.07648795214189293,1.0,-0.0,0,0
775,0.0,0.027722772277227727,0.07461957893630407,1.0,-0.0,0,0
776,0.0,0.02772277227722773,0.06910862719451544,1.0,-0.0,0,0
777,0.0,0.025742574257425748,0.06697637435757531,1.0,-0.0,0,0
778,0.0,0.015841584158415842,0.05401260078014202,1.0,-0.0,0,0
779,0.0,0.031683168316831684,0.07826167463512675,1.0,-0.0,0,0
780,0.0,0.03564356435643565,0.08154954567118415,1.0,-0.0,0,0
781,0.0,0.033663366336633666,0.07482947971362847,1.0,-0.0,0,0
782,0.0,0.07326732673267328,0.10038647014365605,1.0,-0.0,0,0
783,0.0,0.07326732673267328,0.10038647014365605,1.0,-0.0,0,0
784,0.0,0.057425742574257435,0.09476028605152792,1.0,-0.0,0,0
785,0.0,0.04950495049504951,0.09078727434730813,1.0,-0.0,0,0
786,0.0,0.04356435643564357,0.08255312311158745,1.0,-0.0,0,0
787,0.0,0.015841584158415842,0.05401260078014202,1.0,-0.0,0,0
788,0.0,0.015841584158415842,0.05401260078014202,1.0,-0.0,0,0
789,0.0,0.015841584158415842,0.05401260078014202,1.0,-0.0,0,0
790,0.0,0.011881188118811881,0.047276579747775535,1.0,-0.0,0,0
791,0.0,0.019801980198019802,0.0597350618970232,1.0,-0.0,0,0
792,0.0,0.015841584158415842,0.05401260078014201,1.0,-0.0,0,0
793,0.0,0.015841584158415842,0.05401260078014201,1.0,-0.0,0,0
794,0.0,0.04356435643564357,0.09164702150816742,1.0,-0.0,0,0
795,0.0,0.0910891089108911,0.14218869759220787,1.0,-0.0,0,0
796,0.0,0.09504950495049505,0.14513649268759363,1.0,-0.0,0,0
797,0.0,0.08712871287128712,0.1361881098142527,1.0,-0.0,0,0
798,0.0,0.08712871287128712,0.1361881098142527,1.0,-0.0,0,0
799,0.0,0.0594059405940594,0.11447531431916541,1.0,-0.0,0,0
800,0.0,0.011881188118811883,0.047276579747775535,1.0,-0.0,0,0
801,0.0,0.0,0.0,1.0,-0.0,0,0
802,0.0,0.05148514851485149,0.1001126705723924,1.0,-0.0,0,0
803,0.0,0.10891089108910891,0.1335716590419014,1.0,-0.0,0,0
804,0.0,0.12277227722772277,0.14615954128511635,1.0,-0.0,0,0
805,0.0,0.12277227722772277,0.14615954128511635,1.0,-0.0,0,0
806,0.0,0.12277227722772277,0.14615954128511635,1.0,-0.0,0,0
807,0.0,0.0712871287128713,0.11461224656227945,1.0,-0.0,0,0
808,0.0,0.013861386138613863,0.05079507064705211,1.0,-0.0,0,0
809,0.0,0.0,0.0,1.0,-0.0,0,0
810,0.0,0.0019801980198019802,0.019801980198019802,1.0,-0.0,0,0
811,0.0,0.021782178217821784,0.06230547612891991,1.0,-0.0,0,0
812,0.0,0.021782178217821784,0.06230547612891991,1.0,-0.0,0,0
813,0.0,0.08118811881188118,0.1264228887090089,1.0,-0.0,0,0
814,0.0,0.10099009900990098,0.13679141417164786,1.0,-0.0,0,0
815,0.0,0.1485148514851485,0.16567525277902487,1.0,-0.0,0,0
816,0.0,0.17029702970297028,0.1626175458823589,1.0,-0.0,0,0
817,0.0,0.17029702970297028,0.1626175458823589,1.0,-0.0,0,0
818,0.0,0.10891089108910891,0.1335716590419014,1.0,-0.0,0,0
819,0.0,0.10099009900990098,0.12467387119760154,1.0,-0.0,0,0
820,0.0,0.05544554455445546,0.1019369320889802,1.0,-0.0,0,0
821,0.0,0.03564356435643565,0.08154954567118416,1.0,-0.0,0,0
822,0.0,0.03564356435643565,0.08154954567118416,1.0,-0.0,0,0
823,0.0,0.03564356435643565,0.08154954567118416,1.0,-0.0,0,0
824,0.0,0.023762376237623766,0.07056843438101175,1.0,-0.0,0,0
825,0.0,0.021782178217821784,0.06836703565002801,1.0,-0.0,0,0
826,0.0,0.0,0.0,1.0,-0.0,0,0
827,0.0,0.0,0.0,1.0,-0.0,0,0
828,0.0,0.0,0.0,1.0,-0.0,0,0
829,0.0,0.0,0.0,1.0,-0.0,0,0
830,0.0,0.0,0.0,1.0,-0.0,0,0
831,0.0,0.0,0.0,1.0,-0.0,0,0
832,0.0,0.0,0.0,1.0,-0.0,0,0
833,0.0,0.0,0.0,1.0,-0.0,0,0
834,0.0,0.0,0.0,1.0,-0.0,0,0
835,0.0,0.019801980198019802,0.06603299802191315,1.0,-0.0,0,0
836,0.0,0.019801980198019802,0.06603299802191315,1.0,-0.0,0,0
837,0.0,0.019801980198019802,0.06603299802191315,1.0,-0.0,0,0
838,0.0,0.019801980198019802,0.06603299802191315,1.0,-0.0,0,0
839,0.0,0.019801980198019802,0.06603299802191315,1.0,-0.0,0,0
840,0.0,0.0,0.0,1.0,-0.0,0,0
841,0.0,0.0,0.0,1.0,-0.0,0,0
842,0.0,0.0,0.0,1.0,-0.0,0,0
843,0.0,0.0,0.0,1.0,-0.0,0,0
844,0.0,0.0,0.0,1.0,-0.0,0,0
845,0.0,0.0,0.0,1.0,-0.0,0,0
846,0.0,0.0,0.0,1.0,-0.0,0,0
847,0.0,0.0,0.0,1.0,-0.0,0,0
848,0.0,0.0,0.0,1.0,-0.0,0,0
849,0.0,0.0,0.0,1.0,-0.0,0,0
850,0.0,0.0,0.0,1.0,-0.0,0,0
851,0.0,0.0,0.0,1.0,-0.0,0,0
852,0.0,0.0,0.0,1.0,-0.0,0,0
853,0.0,0.0,0.0,1.0,-0.0,0,0
854,0.0,0.0,0.0,1.0,-0.0,0,0
855,0.0,0.0,0.0,1.0,-0.0,0,0
856,0.0,0.0,0.0,1.0,-0.0,0,0
857,0.0,0.0,0.0,1.0,-0.0,0,0
858,0.0,0.0,0.0,1.0,-0.0,0,0
859,0.0,0.0,0.0,1.0,-0.0,0,0
860,0.0,0.0,0.0,1.0,-0.0,0,0
861,0.0,0.0,0.0,1.0,-0.0,0,0
862,0.0,0.0,0.0,1.0,-0.0,0,0
863,0.0,0.0,0.0,1.0,-0.0,0,0
864,0.0,0.0,0.0,1.0,-0.0,0,0
865,0.0,0.0,0.0,1.0,-0.0,0,0
866,0.0,0.0,0.0,1.0,-0.0,0,0
867,0.0,0.0039603960396039604,0.027863855998951068,1.0,-0.0,0,0
868,0.0,0.0039603960396039604,0.027863855998951068,1.0,-0.0,0,0
869,0.0,0.0039603960396039604,0.027863855998951068,1.0,-0.0,0,0
870,0.0,0.04356435643564357,0.08721867542790196,1.0,-0.0,0,0
871,0.0,0.04356435643564357,0.08721867542790196,1.0,-0.0,0,0
872,0.0,0.039603960396039604,0.08452453849668534,1.0,-0.0,0,0
873,0.0,0.039603960396039604,0.08452453849668534,1.0,-0.0,0,0
874,0.0,0.039603960396039604,0.08452453849668534,1.0,-0.0,0,0
875,0.0,0.0,0.0,1.0,-0.0,0,0
876,0.0,0.0,0.0,1.0,-0.0,0,0
877,0.0,0.0,0.0,1.0,-0.0,0,0
878,0.0,0.0,0.0,1.0,-0.0,0,0
879,0.0,0.0039603960396039604,0.027863855998951068,1.0,-0.0,0,0
880,0.0,0.0039603960396039604,0.027863855998951068,1.0,-0.0,0,0
881,0.0,0.007920792079207921,0.03900537743285587,1.0,-0.0,0,0
882,0.0,0.015841584158415842,0.05401260078014202,1.0,-0.0,0,0
883,0.0,0.015841584158415842,0.05401260078014202,1.0,-0.0,0,0
884,0.0,0.011881188118811883,0.047276579747775535,1.0,-0.0,0,0
885,0.0,0.011881188118811883,0.047276579747775535,1.0,-0.0,0,0
886,0.0,0.007920792079207921,0.03900537743285587,1.0,-0.0,0,0
887,0.0,0.039603960396039604,0.08908690597387718,1.0,-0.0,0,0
888,0.0,0.039603960396039604,0.08908690597387718,1.0,-0.0,0,0
889,0.0,0.039603960396039604,0.08908690597387718,1.0,-0.0,0,0
890,0.0,0.057425742574257435,0.10656335878870264,1.0,-0.0,0,0
891,0.0,0.057425742574257435,0.10656335878870264,1.0,-0.0,0,0
892,0.0,0.017821782178217824,0.05698017651460656,1.0,-0.0,0,0
893,0.0,0.017821782178217824,0.05698017651460656,1.0,-0.0,0,0
894,0.2,0.05346534653465347,0.11219180573635876,0.09575785812452149,1.0188255766273808,0,0
895,0.4,0.08712871287128712,0.13618810981425267,0.010799503534292852,1.9665962090753621,0,0
896,0.4,0.08712871287128712,0.13618810981425267,0.010799503534292852,1.9665962090753621,0,0
897,0.4,0.08712871287128712,0.13618810981425267,0.010799503534292852,1.9665962090753621,0,0
898,0.4,0.10495049504950493,0.15049504950495052,0.02496715261728576,1.6026309840047694,0,0
899,0.2,0.07326732673267326,0.12177815335858849,0.14901092980675446,0.8267818753416014,0,0
900,0.0,0.023762376237623766,0.06471340450838887,1.0,-0.0,0,0
901,0.0,0.023762376237623766,0.06471340450838887,1.0,-0.0,0,0
902,0.0,0.025742574257425745,0.07264925278354116,1.0,-0.0,0,0
903,0.0,0.023762376237623766,0.06471340450838889,1.0,-0.0,0,0
904,0.0,0.06534653465346535,0.10189845806153354,1.0,-0.0,0,0
905,0.0,0.06336633663366337,0.10120342446875752,1.0,-0.0,0,0
906,0.2,0.0891089108910891,0.11765109526742927,0.17295763001760883,0.7620602743466306,0,0
907,0.2,0.08712871287128712,0.11745095149573799,0.16827410880590205,0.7739827008259124,0,0
908,0.2,0.08514851485148514,0.1269490726718781,0.18281079492823915,0.737998162872722,0,0
909,0.4,0.0811881188118812,0.13549532985786933,0.009312912072170495,2.0309144974156816,0,0
910,0.4,0.10693069306930694,0.15559367350941145,0.029812568444256025,1.5256006065532166,0,0
911,0.2,0.09504950495049505,0.1423816080178024,0.23052860904967937,0.6372751701380712,0,0
912,0.2,0.09504950495049505,0.1423816080178024,0.23052860904967937,0.6372751701380712,0,0
913,0.2,0.08118811881188118,0.12951766673875514,0.17948195868240235,0.7459791996676151,0,0
914,0.0,0.06534653465346535,0.12302752132284411,1.0,-0.0,0,0
915,0.2,0.04554455445544554,0.09700949476369024,0.05567344326657021,1.2543519178087963,0,0
916,0.2,0.031683168316831684,0.07826167463512675,0.015750221703151112,1.8027133286186672,0,0
917,0.2,0.033663366336633666,0.07994704648786674,0.018735949469970602,1.7273242935431963,0,0
918,0.4,0.04554455445544555,0.09283729243351321,6.726114370462065e-05,4.172235752240195,0,0
919,0.4,0.023762376237623763,0.07597356868614209,3.66862956519604e-07,6.435496138315788,0,0
920,0.4,0.06534653465346536,0.1197651526735639,0.002601033273158035,2.5848540921499548,0,0
921,0.6,0.11287128712871283,0.1473618610308044,0.000473759167399292,3.3244423731982136,0,0
922,0.6,0.1287128712871287,0.15307840071356585,0.0010394235042858965,2.98320746678365,0,0
923,0.4,0.13267326732673265,0.15989409297573345,0.0472721455955577,1.3253946854236784,0,0
924,0.6,0.17425742574257425,0.17946756531282695,0.008839976034834544,2.053548912357201,0,0
925,0.4,0.17425742574257425,0.18597001000988353,0.11239954962501959,0.9492354289427641,0,0
926,0.4,0.17227722772277226,0.18885733097134835,0.11394873461202189,0.9432904932485701,0,0
927,0.4,0.15643564356435644,0.1815313526553004,0.0898433016341645,1.0465142966491825,0,0
928,0.4,0.14653465346534653,0.17324186517306459,0.07172382004204007,1.1443365877797138,0,0
929,0.2,0.11089108910891088,0.1527963700899836,0.2798835913936494,0.5530225619699969,0,0
930,0.2,0.06930693069306931,0.12407485305204392,0.14609247881555892,0.8353721419916437,0,0
931,0.0,0.023762376237623766,0.07056843438101175,1.0,-0.0,0,0
932,0.4,0.033663366336633666,0.07994704648786673,2.3000965330509277e-06,5.638253936638244,0,0
933,0.4,0.027722772277227727,0.06910862719451544,3.5853288547446714e-08,7.445471003663998,0,0
934,0.4,0.019801980198019802,0.059735061897023205,9.78116791754024e-11,10.009609285308553,0,0
935,0.4,0.013861386138613863,0.05079507064705211,1.4601672822824464e-14,13.83559738694809,0,0
936,0.4,0.013861386138613863,0.05079507064705211,1.4601672822824464e-14,13.83559738694809,0,0
937,0.0,0.0019801980198019802,0.0198019801980198,1.0,-0.0,0,0
938,0.0,0.033663366336633666,0.08475617647141662,1.0,-0.0,0,0
939,0.0,0.05544554455445545,0.10943169805661863,1.0,-0.0,0,0
940,0.0,0.05544554455445545,0.10943169805661863,1.0,-0.0,0,0
941,0.0,0.05544554455445545,0.10943169805661863,1.0,-0.0,0,0
942,0.0,0.05544554455445545,0.10943169805661863,1.0,-0.0,0,0
943,0.0,0.023762376237623766,0.07056843438101175,1.0,-0.0,0,0
944,0.0,0.0,0.0,1.0,-0.0,0,0
945,0.0,0.0,0.0,1.0,-0.0,0,0
946,0.0,0.0,0.0,1.0,-0.0,0,0
947,0.0,0.0,0.0,1.0,-0.0,0,0
948,0.0,0.015841584158415842,0.05401260078014202,1.0,-0.0,0,0
949,0.0,0.015841584158415842,0.05401260078014202,1.0,-0.0,0,0
950,0.0,0.015841584158415842,0.05401260078014202,1.0,-0.0,0,0
951,0.0,0.015841584158415842,0.05401260078014202,1.0,-0.0,0,0
952,0.0,0.015841584158415842,0.05401260078014202,1.0,-0.0,0,0
953,0.0,0.0,0.0,1.0,-0.0,0,0
954,1.2,0.06534653465346535,0.10571364605971598,1.000000000355172e-17,16.999999999845752,0,0
955,2.6,0.17029702970297028,0.18105551605009843,1e-17,17.0,0,0
956,2.6,0.17029702970297028,0.18105551605009843,1e-17,17.0,0,0
957,2.6,0.17029702970297028,0.18105551605009843,1e-17,17.0,0,0
958,2.6,0.17029702970297028,0.18105551605009843,1e-17,17.0,0,0
959,1.4,0.10297029702970298,0.1367627457412436,1.0001226010069387e-17,16.999946758322885,0,0
960,0.0,0.0,0.0,1.0,-0.0,0,0
961,0.0,0.0,0.0,1.0,-0.0,0,0
962,0.0,0.0019801980198019802,0.019801980198019802,1.0,-0.0,0,0
963,0.0,0.0019801980198019802,0.019801980198019802,1.0,-0.0,0,0
964,0.0,0.02772277227722773,0.06910862719451545,1.0,-0.0,0,0
965,0.2,0.05544554455445545,0.09384550979067555,0.06173814835066573,1.2094464000101814,0,0
966,0.2,0.05544554455445545,0.09384550979067555,0.06173814835066573,1.2094464000101814,0,0
967,0.2,0.0594059405940594,0.0956253185556407,0.07074570539322597,1.1502999187808283,0,0
968,0.4,0.08316831683168316,0.10996786833199856,0.0019812632013890058,2.7030578266734806,0,0
969,0.4,0.057425742574257435,0.09048443294095733,7.654517573786128e-05,4.116082175526768,0,0
970,0.2,0.0297029702970297,0.07112192077650681,0.008322928729312118,2.079723824290396,0,0
971,0.2,0.0297029702970297,0.07112192077650681,0.008322928729312118,2.079723824290396,0,0
972,0.2,0.023762376237623766,0.06471340450838889,0.0032311212459077425,2.490646745033819,0,0
973,0.0,0.0,0.0,1.0,-0.0,0,0
974,0.0,0.0,0.0,1.0,-0.0,0,0
975,0.0,0.0059405940594059415,0.03395332316729158,1.0,-0.0,0,0
976,0.0,0.04356435643564357,0.09164702150816742,1.0,-0.0,0,0
977,0.0,0.04356435643564357,0.09164702150816742,1.0,-0.0,0,0
978,0.0,0.04356435643564357,0.09164702150816742,1.0,-0.0,0,0
979,0.0,0.04356435643564357,0.09164702150816742,1.0,-0.0,0,0
980,0.0,0.04356435643564356,0.08721867542790196,1.0,-0.0,0,0
981,0.0,0.011881188118811883,0.047276579747775535,1.0,-0.0,0,0
982,0.0,0.047524752475247525,0.10586191211583096,1.0,-0.0,0,0
983,0.0,0.047524752475247525,0.10586191211583096,1.0,-0.0,0,0
984,0.0,0.05742574257425742,0.11375371577303026,1.0,-0.0,0,0
985,0.0,0.05148514851485149,0.10011267057239238,1.0,-0.0,0,0
986,0.0,0.05544554455445545,0.11299281281336322,1.0,-0.0,0,0
987,0.0,0.031683168316831684,0.0730260947112308,1.0,-0.0,0,0
988,0.0,0.031683168316831684,0.0730260947112308,1.0,-0.0,0,0
989,0.0,0.021782178217821784,0.06230547612891991,1.0,-0.0,0,0
990,0.0,0.021782178217821784,0.06230547612891991,1.0,-0.0,0,0
991,0.0,0.011881188118811883,0.04727657974777554,1.0,-0.0,0,0
992,0.4,0.05346534653465348,0.10860442931328386,0.0007094054168481006,3.1491054996838423,0,0
993,0.4,0.07326732673267326,0.1427391785420998,0.011039127991040351,1.9570652312840422,0,0
994,0.4,0.09900990099009899,0.1607501286542765,0.030574972541452767,1.5146339243195068,0,0
995,0.4,0.09900990099009899,0.1607501286542765,0.030574972541452767,1.5146339243195068,0,0
996,0.4,0.09900990099009899,0.1607501286542765,0.030574972541452767,1.5146339243195068,0,0
997,0.0,0.04554455445544555,0.09283729243351321,1.0,-0.0,0,0
998,0.0,0.025742574257425748,0.06697637435757531,1.0,-0.0,0,0
999,0.0,0.0,0.0,1.0,-0.0,0,0
1000,0.0,0.0,0.0,1.0,-0.0,0,0
1001,0.0,0.009900990099009901,0.04338396495090424,1.0,-0.0,0,0
1002,0.0,0.009900990099009901,0.04338396495090424,1.0,-0.0,0,0
1003,0.0,0.011881188118811883,0.04727657974777554,1.0,-0.0,0,0
1004,0.0,0.011881188118811883,0.04727657974777554,1.0,-0.0,0,0
1005,0.0,0.011881188118811883,0.04727657974777554,1.0,-0.0,0,0
1006,0.0,0.0019801980198019802,0.019801980198019802,1.0,-0.0,0,0
1007,0.0,0.0019801980198019802,0.019801980198019802,1.0,-0.0,0,0
1008,0.0,0.0,0.0,1.0,-0.0,0,0
1009,0.0,0.0,0.0,1.0,-0.0,0,0
1010,0.0,0.0,0.0,1.0,-0.0,0,0
1011,0.2,0.02772277227722772,0.07461957893630407,0.010478998804251384,1.9796802091996195,0,0
1012,0.2,0.02772277227722772,0.07461957893630407,0.010478998804251384,1.9796802091996195,0,0
1013,0.2,0.033663366336633666,0.07994704648786674,0.018735949469970602,1.7273242935431963,0,0
1014,0.2,0.033663366336633666,0.07994704648786674,0.018735949469970602,1.7273242935431963,0,0
1015,0.4,0.04554455445544555,0.09700949476369022,0.00012918260692340773,3.8887959555799343,0,0
1016,0.4,0.04356435643564357,0.0916470215081674,5.0282976284261656e-05,4.298579024033491,0,0
1017,0.4,0.04356435643564357,0.0916470215081674,5.0282976284261656e-05,4.298579024033491,0,0
1018,0.4,0.05148514851485149,0.10011267057239238,0.00024956189489403055,3.602821725482382,0,0
1019,0.4,0.05148514851485149,0.10011267057239238,0.00024956189489403055,3.602821725482382,0,0
1020,0.2,0.039603960396039604,0.08908690597387718,0.0358952311958159,1.4449632450960652,0,0
1021,0.0,0.013861386138613863,0.05079507064705211,1.0,-0.0,0,0
1022,0.0,0.013861386138613863,0.05079507064705211,1.0,-0.0,0,0
1023,0.0,0.007920792079207921,0.03900537743285587,1.0,-0.0,0,0
1024,0.0,0.007920792079207921,0.03900537743285587,1.0,-0.0,0,0
1025,0.0,0.007920792079207921,0.03900537743285587,1.0,-0.0,0,0
1026,0.0,0.007920792079207921,0.03900537743285587,1.0,-0.0,0,0
1027,0.0,0.007920792079207921,0.03900537743285587,1.0,-0.0,0,0
1028,0.0,0.0059405940594059415,0.033953323167291584,1.0,-0.0,0,0
1029,0.0,0.0059405940594059415,0.033953323167291584,1.0,-0.0,0,0
1030,0.0,0.007920792079207921,0.03900537743285587,1.0,-0.0,0,0
1031,0.0,0.007920792079207921,0.03900537743285587,1.0,-0.0,0,0
1032,0.0,0.007920792079207921,0.03900537743285587,1.0,-0.0,0,0
1033,0.0,0.0019801980198019802,0.0198019801980198,1.0,-0.0,0,0
1034,0.0,0.0019801980198019802,0.0198019801980198,1.0,-0.0,0,0
1035,0.0,0.0,0.0,1.0,-0.0,0,0
1036,0.0,0.0,0.0,1.0,-0.0,0,0
1037,0.0,0.0,0.0,1.0,-0.0,0,0
1038,0.0,0.0,0.0,1.0,-0.0,0,0
1039,0.0,0.0,0.0,1.0,-0.0,0,0
1040,0.0,0.0,0.0,1.0,-0.0,0,0
1041,0.0,0.0,0.0,1.0,-0.0,0,0
1042,0.0,0.0,0.0,1.0,-0.0,0,0
1043,0.0,0.0,0.0,1.0,-0.0,0,0
1044,0.0,0.0,0.0,1.0,-0.0,0,0
1045,0.0,0.0019801980198019802,0.019801980198019802,1.0,-0.0,0,0
1046,0.0,0.017821782178217824,0.056980176514606566,1.0,-0.0,0,0
1047,0.0,0.017821782178217824,0.056980176514606566,1.0,-0.0,0,0
1048,0.0,0.033663366336633666,0.07994704648786674,1.0,-0.0,0,0
1049,0.0,0.1089108910891089,0.13937555924568534,1.0,-0.0,0,0
1050,0.2,0.1603960396039604,0.17123847531982936,0.40854880985290765,0.3887560503103597,0,0
1051,0.2,0.16237623762376233,0.17511042352027043,0.4149392671919653,0.3820154643808443,0,0
1052,0.4,0.17029702970297025,0.172083651345746,0.09096547304394272,1.0411234176994197,0,0
1053,0.4,0.15445544554455445,0.16381875548472422,0.06695246345667409,1.174233438876657,0,0
1054,0.4,0.08118811881188118,0.11999411807954947,0.003943189481594297,2.4041523533265643,0,0
1055,0.2,0.031683168316831684,0.0730260947112308,0.01058647624307391,1.9752485727397298,0,0
1056,0.2,0.01386138613861386,0.05079507064705211,0.00012391038159364294,3.90689230556944,0,0
1057,0.0,0.0059405940594059415,0.033953323167291584,1.0,-0.0,0,0
1058,0.0,0.0059405940594059415,0.033953323167291584,1.0,-0.0,0,0
1059,0.0,0.04950495049504951,0.09078727434730813,1.0,-0.0,0,0
1060,0.0,0.047524752475247525,0.08965727859542,1.0,-0.0,0,0
1061,0.0,0.047524752475247525,0.08965727859542,1.0,-0.0,0,0
1062,0.0,0.047524752475247525,0.08965727859542,1.0,-0.0,0,0
1063,0.0,0.047524752475247525,0.08965727859542,1.0,-0.0,0,0
1064,0.0,0.033663366336633666,0.08475617647141663,1.0,-0.0,0,0
1065,0.0,0.033663366336633666,0.08475617647141663,1.0,-0.0,0,0
1066,0.0,0.033663366336633666,0.08475617647141663,1.0,-0.0,0,0
1067,0.0,0.07722772277227723,0.13191745702927898,1.0,-0.0,0,0
1068,0.0,0.0792079207920792,0.1322440226302099,1.0,-0.0,0,0
1069,0.0,0.05544554455445545,0.1019369320889802,1.0,-0.0,0,0
1070,0.0,0.05544554455445545,0.1019369320889802,1.0,-0.0,0,0
1071,0.0,0.061386138613861385,0.10433219700847123,1.0,-0.0,0,0
1072,0.2,0.0297029702970297,0.07648795214189293,0.012991839772286904,1.8863293442020952,0,0
1073,0.2,0.0297029702970297,0.07648795214189293,0.012991839772286904,1.8863293442020952,0,0
1074,0.2,0.0297029702970297,0.07112192077650681,0.008322928729312118,2.079723824290396,0,0
1075,0.2,0.0712871287128713,0.10372911567294096,0.10732951799335334,0.9692808210103283,0,0
1076,0.2,0.11089108910891088,0.12734998170941408,0.2420521177649097,0.6160911132726649,0,0
1077,0.0,0.1178217821782178,0.12927523757583737,1.0,-0.0,0,0
1078,0.0,0.15643564356435644,0.15569444662458046,1.0,-0.0,0,0
1079,0.0,0.15643564356435644,0.1505211024869694,1.0,-0.0,0,0
1080,0.2,0.13663366336633662,0.1565233492702535,0.34279891491999714,0.4649605614425486,0,0
1081,0.2,0.09504950495049505,0.13078304733432372,0.21113830602558958,0.6754329671360484,0,0
1082,0.4,0.10693069306930691,0.14229896414433016,0.01972163905374824,1.7050569939375249,0,0
1083,0.6,0.10297029702970295,0.14519051706790778,0.000309336585446156,3.509568712658465,0,0
1084,0.6,0.09306930693069307,0.14229896414433021,0.00018371602673648222,3.735852955726792,0,0
1085,0.4,0.0712871287128713,0.12454800153280307,0.004154527562924104,2.381478355389047,0,0
1086,0.6,0.09702970297029703,0.1396285351588451,0.00015776603829578982,3.8019864800121663,0,0
1087,0.4,0.06732673267326733,0.11000352009767247,0.0012464345936461629,2.904330506060191,0,0
1088,0.2,0.031683168316831684,0.0730260947112308,0.01058647624307391,1.9752485727397298,0,0
1089,0.2,0.031683168316831684,0.0730260947112308,0.01058647624307391,1.9752485727397298,0,0
1090,0.2,0.031683168316831684,0.0730260947112308,0.01058647624307391,1.9752485727397298,0,0
1091,0.0,0.0,0.0,1.0,-0.0,0,0
1092,0.2,0.019801980198019802,0.059735061897023205,0.001278047474114718,2.8934530136556162,0,0
1093,0.2,0.0594059405940594,0.10357779667819421,0.08733081746926054,1.0588324745635311,0,0
1094,0.2,0.0594059405940594,0.10357779667819421,0.08733081746926054,1.0588324745635311,0,0
1095,0.2,0.0594059405940594,0.10357779667819421,0.08733081746926054,1.0588324745635311,0,0
1096,0.2,0.07722772277227724,0.1257698574906964,0.16449106805243702,0.783857679482127,0,0
1097,0.0,0.057425742574257435,0.10277971700879984,1.0,-0.0,0,0
1098,0.0,0.017821782178217824,0.05698017651460656,1.0,-0.0,0,0
1099,0.0,0.017821782178217824,0.05698017651460656,1.0,-0.0,0,0
1100,0.2,0.04356435643564357,0.09587103712404124,0.05136819286808971,1.289305712477369,0,0
1101,0.2,0.025742574257425745,0.0669763743575753,0.0046371400013480064,2.3337497919853587,0,0
1102,0.2,0.09108910891089109,0.13650445892763632,0.21247705206165507,0.6726879677367636,0,0
1103,0.2,0.09108910891089109,0.13650445892763632,0.21247705206165507,0.6726879677367636,0,0
1104,0.2,0.09108910891089109,0.13650445892763632,0.21247705206165507,0.6726879677367636,0,0
1105,0.0,0.07524752475247526,0.12851469892742934,1.0,-0.0,0,0
1106,0.0,0.08514851485148514,0.13598641357140115,1.0,-0.0,0,0
1107,0.4,0.02970297029702971,0.07112192077650681,9.621238793919095e-08,7.016769006265068,0,0
1108,0.4,0.039603960396039604,0.07970143286137867,3.0654172572123462e-06,5.513510402003252,0,0
1109,0.4,0.07524752475247526,0.10474480123119365,0.0009662445444291516,3.0149129451626266,0,0
1110,0.8,0.08316831683168316,0.11694909354640316,4.4096284971956264e-10,9.35559799747414,0,0
1111,0.8,0.07326732673267328,0.11159606181073561,3.7036092989328364e-11,10.431374834157255,0,0
1112,0.4,0.0712871287128713,0.11110305060677654,0.0015450469930285533,2.8110583068523405,0,0
1113,0.4,0.0613861386138614,0.10046456153636296,0.0003751858686978896,3.425753527601354,0,0
1114,0.4,0.0297029702970297,0.07112192077650681,9.621238793919095e-08,7.016769006265068,0,0
1115,0.0,0.011881188118811881,0.04727657974777554,1.0,-0.0,0,0
1116,0.0,0.061386138613861385,0.10806149425459212,1.0,-0.0,0,0
1117,0.0,0.05346534653465347,0.09704990696905227,1.0,-0.0,0,0
1118,0.0,0.06534653465346535,0.10571364605971598,1.0,-0.0,0,0
1119,0.0,0.06534653465346535,0.10571364605971598,1.0,-0.0,0,0
1120,0.0,0.07326732673267326,0.10798889666879984,1.0,-0.0,0,0
1121,0.0,0.05544554455445545,0.10575073206193021,1.0,-0.0,0,0
1122,0.0,0.05544554455445545,0.10575073206193021,1.0,-0.0,0,0
1123,0.0,0.04356435643564357,0.09587103712404124,1.0,-0.0,0,0
1124,0.0,0.05544554455445545,0.11299281281336322,1.0,-0.0,0,0
1125,0.0,0.05544554455445545,0.11299281281336322,1.0,-0.0,0,0
1126,0.0,0.023762376237623766,0.07056843438101175,1.0,-0.0,0,0
1127,0.0,0.023762376237623766,0.07056843438101175,1.0,-0.0,0,0
1128,0.0,0.0613861386138614,0.10806149425459212,1.0,-0.0,0,0
1129,0.0,0.04554455445544554,0.09700949476369024,1.0,-0.0,0,0
1130,0.0,0.07326732673267328,0.12177815335858849,1.0,-0.0,0,0
1131,0.0,0.08316831683168317,0.12670172889541695,1.0,-0.0,0,0
1132,0.0,0.09702970297029702,0.1367627457412436,1.0,-0.0,0,0
1133,0.0,0.05940594059405942,0.10357779667819422,1.0,-0.0,0,0
1134,0.0,0.05940594059405942,0.10357779667819422,1.0,-0.0,0,0
1135,0.0,0.1306930693069307,0.17219754615690822,1.0,-0.0,0,0
1136,0.0,0.1306930693069307,0.1811637704789335,1.0,-0.0,0,0
1137,0.0,0.11683168316831682,0.16948921922004478,1.0,-0.0,0,0
1138,0.0,0.11683168316831682,0.16948921922004478,1.0,-0.0,0,0
1139,0.0,0.12673267326732673,0.17737976773511835,1.0,-0.0,0,0
1140,0.0,0.027722772277227727,0.07975061610139514,1.0,-0.0,0,0
1141,0.0,0.017821782178217824,0.0635517090529949,1.0,-0.0,0,0
1142,0.0,0.017821782178217824,0.0635517090529949,1.0,-0.0,0,0
1143,0.0,0.017821782178217824,0.0635517090529949,1.0,-0.0,0,0
1144,0.0,0.007920792079207921,0.03900537743285587,1.0,-0.0,0,0
1145,0.0,0.0,0.0,1.0,-0.0,0,0
1146,0.0,0.0,0.0,1.0,-0.0,0,0
1147,0.0,0.0,0.0,1.0,-0.0,0,0
1148,0.0,0.0,0.0,1.0,-0.0,0,0
1149,0.0,0.0,0.0,1.0,-0.0,0,0
1150,0.0,0.0,0.0,1.0,-0.0,0,0
1151,0.0,0.0,0.0,1.0,-0.0,0,0
1152,0.0,0.0,0.0,1.0,-0.0,0,0
1153,0.0,0.0,0.0,1.0,-0.0,0,0
1154,0.0,0.0,0.0,1.0,-0.0,0,0
1155,0.0,0.0039603960396039604,0.027863855998951064,1.0,-0.0,0,0
1156,0.0,0.013861386138613863,0.05079507064705212,1.0,-0.0,0,0
1157,0.0,0.013861386138613863,0.05079507064705212,1.0,-0.0,0,0
1158,0.0,0.013861386138613863,0.05079507064705212,1.0,-0.0,0,0
1159,0.0,0.013861386138613863,0.05079507064705212,1.0,-0.0,0,0
1160,0.0,0.019801980198019806,0.06603299802191315,1.0,-0.0,0,0
1161,0.0,0.033663366336633666,0.09363635974286645,1.0,-0.0,0,0
1162,0.0,0.033663366336633666,0.09363635974286645,1.0,-0.0,0,0
1163,0.0,0.033663366336633666,0.09363635974286645,1.0,-0.0,0,0
1164,0.0,0.033663366336633666,0.09363635974286645,1.0,-0.0,0,0
1165,0.0,0.023762376237623766,0.07056843438101175,1.0,-0.0,0,0
1166,0.0,0.0039603960396039604,0.027863855998951064,1.0,-0.0,0,0
1167,0.0,0.0039603960396039604,0.027863855998951064,1.0,-0.0,0,0
1168,0.0,0.0039603960396039604,0.027863855998951064,1.0,-0.0,0,0
1169,0.0,0.0039603960396039604,0.027863855998951064,1.0,-0.0,0,0
1170,0.0,0.0039603960396039604,0.027863855998951064,1.0,-0.0,0,0
1171,0.0,0.0,0.0,1.0,-0.0,0,0
1172,0.0,0.04554455445544555,0.09283729243351321,1.0,-0.0,0,0
1173,0.0,0.049504950495049514,0.09912864166957489,1.0,-0.0,0,0
1174,0.0,0.049504950495049514,0.09912864166957489,1.0,-0.0,0,0
1175,0.0,0.049504950495049514,0.09912864166957489,1.0,-0.0,0,0
1176,0.0,0.049504950495049514,0.09912864166957489,1.0,-0.0,0,0
1177,0.0,0.0039603960396039604,0.027863855998951068,1.0,-0.0,0,0
1178,0.0,0.0,0.0,1.0,-0.0,0,0
1179,0.0,0.0,0.0,1.0,-0.0,0,0
1180,0.0,0.0,0.0,1.0,-0.0,0,0
1181,0.0,0.0059405940594059415,0.03395332316729157,1.0,-0.0,0,0
1182,0.0,0.0059405940594059415,0.03395332316729157,1.0,-0.0,0,0
1183,0.0,0.0059405940594059415,0.03395332316729157,1.0,-0.0,0,0
1184,0.0,0.0059405940594059415,0.03395332316729157,1.0,-0.0,0,0
1185,0.0,0.0059405940594059415,0.03395332316729157,1.0,-0.0,0,0
1186,0.0,0.0,0.0,1.0,-0.0,0,0
1187,0.0,0.0,0.0,1.0,-0.0,0,0
1188,0.0,0.0,0.0,1.0,-0.0,0,0
1189,0.0,0.0,0.0,1.0,-0.0,0,0
1190,0.0,0.0,0.0,1.0,-0.0,0,0
1191,0.0,0.0,0.0,1.0,-0.0,0,0
1192,0.0,0.0,0.0,1.0,-0.0,0,0
1193,0.0,0.0,0.0,1.0,-0.0,0,0
1194,0.0,0.0,0.0,1.0,-0.0,0,0
1195,0.0,0.0,0.0,1.0,-0.0,0,0
1196,0.0,0.0,0.0,1.0,-0.0,0,0
1197,0.0,0.0,0.0,1.0,-0.0,0,0
1198,0.0,0.0,0.0,1.0,-0.0,0,0
1199,0.0,0.0,0.0,1.0,-0.0,0,0
1200,0.0,0.0,0.0,1.0,-0.0,0,0
1201,0.0,0.0,0.0,1.0,-0.0,0,0
1202,0.0,0.0,0.0,1.0,-0.0,0,0
1203,0.0,0.0039603960396039604,0.027863855998951064,1.0,-0.0,0,0
1204,0.0,0.0039603960396039604,0.027863855998951064,1.0,-0.0,0,0
1205,0.0,0.0039603960396039604,0.027863855998951064,1.0,-0.0,0,0
1206,0.0,0.0039603960396039604,0.027863855998951064,1.0,-0.0,0,0
1207,0.0,0.0039603960396039604,0.027863855998951064,1.0,-0.0,0,0
1208,0.0,0.0,0.0,1.0,-0.0,0,0
1209,0.0,0.0,0.0,1.0,-0.0,0,0
1210,0.0,0.0,0.0,1.0,-0.0,0,0
1211,0.0,0.0,0.0,1.0,-0.0,0,0
1212,0.0,0.0,0.0,1.0,-0.0,0,0
1213,0.0,0.0,0.0,1.0,-0.0,0,0
1214,0.0,0.0,0.0,1.0,-0.0,0,0
1215,0.0,0.0,0.0,1.0,-0.0,0,0
1216,0.0,0.0,0.0,1.0,-0.0,0,0
1217,0.0,0.0,0.0,1.0,-0.0,0,0
1218,0.0,0.0,0.0,1.0,-0.0,0,0
1219,0.0,0.0,0.0,1.0,-0.0,0,0
1220,0.0,0.0,0.0,1.0,-0.0,0,0
1221,0.0,0.0,0.0,1.0,-0.0,0,0
1222,0.0,0.0059405940594059415,0.03395332316729158,1.0,-0.0,0,0
1223,0.0,0.0059405940594059415,0.03395332316729158,1.0,-0.0,0,0
1224,0.0,0.0059405940594059415,0.03395332316729158,1.0,-0.0,0,0
1225,0.0,0.0059405940594059415,0.03395332316729158,1.0,-0.0,0,0
1226,0.0,0.0059405940594059415,0.03395332316729158,1.0,-0.0,0,0
1227,0.0,0.0,0.0,1.0,-0.0,0,0
1228,0.0,0.0,0.0,1.0,-0.0,0,0
1229,0.0,0.0059405940594059415,0.03395332316729158,1.0,-0.0,0,0
1230,0.0,0.0059405940594059415,0.03395332316729158,1.0,-0.0,0,0
1231,0.0,0.0059405940594059415,0.03395332316729158,1.0,-0.0,0,0
1232,0.0,0.011881188118811883,0.047276579747775535,1.0,-0.0,0,0
1233,0.0,0.011881188118811883,0.047276579747775535,1.0,-0.0,0,0
1234,0.0,0.0059405940594059415,0.03395332316729158,1.0,-0.0,0,0
1235,0.0,0.011881188118811883,0.047276579747775535,1.0,-0.0,0,0
1236,0.0,0.0891089108910891,0.13636075485692528,1.0,-0.0,0,0
1237,0.0,0.08316831683168317,0.13575553664160483,1.0,-0.0,0,0
1238,0.0,0.08316831683168317,0.13575553664160483,1.0,-0.0,0,0
1239,0.0,0.08316831683168317,0.13575553664160483,1.0,-0.0,0,0
1240,0.0,0.08514851485148517,0.130031327995105,1.0,-0.0,0,0
1241,0.0,0.009900990099009901,0.04338396495090425,1.0,-0.0,0,0
1242,0.0,0.009900990099009901,0.04338396495090425,1.0,-0.0,0,0
1243,0.0,0.061386138613861385,0.11166631429601336,1.0,-0.0,0,0
1244,0.0,0.07920792079207921,0.12293186689242579,1.0,-0.0,0,0
1245,0.0,0.1188118811881188,0.14399729871443837,1.0,-0.0,0,0
1246,0.0,0.11683168316831682,0.14146987009498416,1.0,-0.0,0,0
1247,0.0,0.11683168316831682,0.14146987009498416,1.0,-0.0,0,0
1248,0.0,0.06534653465346536,0.10939585993610405,1.0,-0.0,0,0
1249,0.0,0.04752475247524753,0.09397077637785879,1.0,-0.0,0,0
1250,0.0,0.0,0.0,1.0,-0.0,0,0
1251,0.0,0.0,0.0,1.0,-0.0,0,0
1252,0.0,0.0,0.0,1.0,-0.0,0,0
1253,0.0,0.0,0.0,1.0,-0.0,0,0
1254,0.0,0.0039603960396039604,0.027863855998951068,1.0,-0.0,0,0
1255,0.0,0.0039603960396039604,0.027863855998951068,1.0,-0.0,0,0
1256,0.0,0.0039603960396039604,0.027863855998951068,1.0,-0.0,0,0
1257,0.0,0.011881188118811881,0.047276579747775535,1.0,-0.0,0,0
1258,0.0,0.023762376237623766,0.07597356868614212,1.0,-0.0,0,0
1259,0.0,0.019801980198019802,0.06603299802191316,1.0,-0.0,0,0
1260,0.0,0.019801980198019802,0.06603299802191316,1.0,-0.0,0,0
1261,0.0,0.019801980198019802,0.06603299802191316,1.0,-0.0,0,0
1262,0.0,0.011881188118811881,0.055019580156236855,1.0,-0.0,0,0
1263,0.0,0.0,0.0,1.0,-0.0,0,0
1264,0.0,0.0,0.0,1.0,-0.0,0,0
1265,0.0,0.07326732673267328,0.11848138852793338,1.0,-0.0,0,0
1266,0.0,0.0811881188118812,0.12325042629382524,1.0,-0.0,0,0
1267,0.0,0.0811881188118812,0.12325042629382524,1.0,-0.0,0,0
1268,0.0,0.0811881188118812,0.12325042629382524,1.0,-0.0,0,0
1269,0.0,0.08712871287128714,0.127165103825761,1.0,-0.0,0,0
1270,0.0,0.013861386138613863,0.05079507064705211,1.0,-0.0,0,0
1271,0.0,0.0059405940594059415,0.03395332316729158,1.0,-0.0,0,0
1272,0.2,0.07524752475247526,0.1345369326848557,0.17689238516356948,0.752290862130541,0,0
1273,0.2,0.07524752475247526,0.1345369326848557,0.17689238516356948,0.752290862130541,0,0
1274,0.2,0.09306930693069307,0.1450554183905936,0.23050908850835478,0.6373119465814336,0,0
1275,0.2,0.09306930693069307,0.1450554183905936,0.23050908850835478,0.6373119465814336,0,0
1276,0.2,0.10495049504950495,0.15049504950495052,0.2638310233953919,0.5786741379130496,0,0
1277,0.0,0.03564356435643565,0.07653920035678292,1.0,-0.0,0,0
1278,0.0,0.03564356435643565,0.07653920035678292,1.0,-0.0,0,0
1279,0.0,0.011881188118811883,0.047276579747775535,1.0,-0.0,0,0
1280,0.0,0.011881188118811883,0.047276579747775535,1.0,-0.0,0,0
1281,0.0,0.0,0.0,1.0,-0.0,0,0
1282,0.0,0.0,0.0,1.0,-0.0,0,0
1283,0.0,0.0,0.0,1.0,-0.0,0,0
1284,0.0,0.0039603960396039604,0.027863855998951057,1.0,-0.0,0,0
1285,0.0,0.0039603960396039604,0.027863855998951057,1.0,-0.0,0,0
1286,0.0,0.0039603960396039604,0.027863855998951057,1.0,-0.0,0,0
1287,0.0,0.05346534653465347,0.09287951999650357,1.0,-0.0,0,0
1288,0.0,0.10297029702970295,0.12142344330103674,1.0,-0.0,0,0
1289,0.0,0.09900990099009899,0.12145573247679727,1.0,-0.0,0,0
1290,0.0,0.09900990099009899,0.12145573247679727,1.0,-0.0,0,0
1291,0.0,0.09900990099009899,0.12145573247679727,1.0,-0.0,0,0
1292,0.0,0.04950495049504951,0.09078727434730813,1.0,-0.0,0,0
1293,0.0,0.0,0.0,1.0,-0.0,0,0
1294,0.0,0.0019801980198019802,0.0198019801980198,1.0,-0.0,0,0
1295,0.0,0.007920792079207921,0.03900537743285587,1.0,-0.0,0,0
1296,0.0,0.007920792079207921,0.03900537743285587,1.0,-0.0,0,0
1297,0.0,0.013861386138613863,0.05079507064705211,1.0,-0.0,0,0
1298,0.0,0.02970297029702971,0.07112192077650681,1.0,-0.0,0,0
1299,0.0,0.027722772277227727,0.06910862719451544,1.0,-0.0,0,0
1300,0.0,0.033663366336633666,0.07482947971362845,1.0,-0.0,0,0
1301,0.0,0.047524752475247525,0.09397077637785882,1.0,-0.0,0,0
1302,0.0,0.041584158415841586,0.08590499787518362,1.0,-0.0,0,0
1303,0.0,0.025742574257425748,0.07264925278354116,1.0,-0.0,0,0
1304,0.0,0.04356435643564357,0.08721867542790195,1.0,-0.0,0,0
1305,0.0,0.031683168316831684,0.0730260947112308,1.0,-0.0,0,0
1306,0.0,0.017821782178217824,0.05698017651460656,1.0,-0.0,0,0
1307,0.0,0.03762376237623763,0.07816140339006158,1.0,-0.0,0,0
1308,0.0,0.03762376237623763,0.07816140339006158,1.0,-0.0,0,0
1309,0.0,0.019801980198019802,0.059735061897023205,1.0,-0.0,0,0
1310,0.0,0.019801980198019802,0.059735061897023205,1.0,-0.0,0,0
1311,0.0,0.023762376237623766,0.06471340450838887,1.0,-0.0,0,0
1312,0.0,0.0039603960396039604,0.027863855998951064,1.0,-0.0,0,0
1313,0.0,0.0039603960396039604,0.027863855998951064,1.0,-0.0,0,0
1314,0.0,0.011881188118811883,0.047276579747775535,1.0,-0.0,0,0
1315,0.0,0.013861386138613863,0.05079507064705211,1.0,-0.0,0,0
1316,0.0,0.017821782178217824,0.05698017651460656,1.0,-0.0,0,0
1317,0.0,0.17227722772277224,0.19504699199265746,1.0,-0.0,0,0
1318,0.0,0.17227722772277224,0.19504699199265746,1.0,-0.0,0,0
1319,0.0,0.17029702970297025,0.19977440467551033,1.0,-0.0,0,0
1320,0.0,0.16831683168316833,0.1964691763138608,1.0,-0.0,0,0
1321,0.0,0.16237623762376235,0.19642925572494643,1.0,-0.0,0,0
1322,0.0,0.009900990099009901,0.04338396495090425,1.0,-0.0,0,0
1323,0.0,0.009900990099009901,0.04338396495090425,1.0,-0.0,0,0
1324,0.0,0.0039603960396039604,0.027863855998951068,1.0,-0.0,0,0
1325,0.0,0.0039603960396039604,0.027863855998951068,1.0,-0.0,0,0
1326,0.0,0.0019801980198019802,0.0198019801980198,1.0,-0.0,0,0
1327,0.0,0.0059405940594059415,0.03395332316729158,1.0,-0.0,0,0
1328,0.0,0.0059405940594059415,0.03395332316729158,1.0,-0.0,0,0
1329,0.0,0.0059405940594059415,0.03395332316729158,1.0,-0.0,0,0
1330,0.0,0.0059405940594059415,0.03395332316729158,1.0,-0.0,0,0
1331,0.0,0.0059405940594059415,0.03395332316729158,1.0,-0.0,0,0
1332,0.0,0.0,0.0,1.0,-0.0,0,0
1333,0.0,0.05940594059405942,0.09562531855564071,1.0,-0.0,0,0
1334,0.0,0.06930693069306931,0.09924724028627065,1.0,-0.0,0,0
1335,0.0,0.0910891089108911,0.12113245340338318,1.0,-0.0,0,0
1336,0.0,0.0910891089108911,0.12113245340338318,1.0,-0.0,0,0
1337,0.0,0.0910891089108911,0.12113245340338318,1.0,-0.0,0,0
1338,0.0,0.04554455445544555,0.08846854615322249,1.0,-0.0,0,0
1339,0.0,0.03564356435643565,0.08154954567118415,1.0,-0.0,0,0
1340,0.0,0.01386138613861386,0.05079507064705211,1.0,-0.0,0,0
1341,0.0,0.0712871287128713,0.11801714396634724,1.0,-0.0,0,0
1342,0.0,0.08712871287128712,0.13024224675172555,1.0,-0.0,0,0
1343,0.0,0.07326732673267328,0.11509022642946842,1.0,-0.0,0,0
1344,0.0,0.07326732673267328,0.11509022642946842,1.0,-0.0,0,0
1345,0.0,0.15445544554455445,0.179947600995427,1.0,-0.0,0,0
1346,0.0,0.11881188118811883,0.15460769343321298,1.0,-0.0,0,0
1347,0.0,0.10693069306930694,0.1450554183905936,1.0,-0.0,0,0
1348,0.0,0.14455445544554454,0.16439221845954266,1.0,-0.0,0,0
1349,0.0,0.18415841584158413,0.1772913210740546,1.0,-0.0,0,0
1350,0.0,0.15841584158415842,0.1672534844655737,1.0,-0.0,0,0
1351,0.0,0.13366336633663367,0.15174054701519218,1.0,-0.0,0,0
1352,0.0,0.1762376237623762,0.17414487814590618,1.0,-0.0,0,0
1353,0.0,0.1603960396039604,0.17353585980361697,1.0,-0.0,0,0
1354,0.0,0.11881188118811879,0.1467218499235066,1.0,-0.0,0,0
1355,0.0,0.06534653465346535,0.10571364605971598,1.0,-0.0,0,0
1356,0.0,0.06534653465346535,0.10571364605971598,1.0,-0.0,0,0
1357,0.0,0.1306930693069307,0.16988206407546308,1.0,-0.0,0,0
1358,0.0,0.11089108910891088,0.15789518399405605,1.0,-0.0,0,0
1359,0.0,0.11089108910891088,0.15789518399405605,1.0,-0.0,0,0
1360,0.0,0.11683168316831684,0.16713622056244906,1.0,-0.0,0,0
1361,0.0,0.11683168316831684,0.16713622056244906,1.0,-0.0,0,0
1362,0.0,0.0059405940594059415,0.033953323167291584,1.0,-0.0,0,0
1363,0.0,0.0059405940594059415,0.033953323167291584,1.0,-0.0,0,0
1364,0.0,0.019801980198019802,0.059735061897023205,1.0,-0.0,0,0
1365,0.0,0.013861386138613863,0.05079507064705211,1.0,-0.0,0,0
1366,0.0,0.023762376237623766,0.06471340450838889,1.0,-0.0,0,0
1367,0.0,0.023762376237623766,0.06471340450838889,1.0,-0.0,0,0
1368,0.0,0.031683168316831684,0.0730260947112308,1.0,-0.0,0,0
1369,0.0,0.027722772277227727,0.07975061610139514,1.0,-0.0,0,0
1370,0.0,0.027722772277227727,0.07975061610139514,1.0,-0.0,0,0
1371,0.0,0.06930693069306931,0.12722675963729912,1.0,-0.0,0,0
1372,0.0,0.06930693069306931,0.12722675963729912,1.0,-0.0,0,0
1373,0.0,0.11683168316831682,0.1548357845728682,1.0,-0.0,0,0
1374,0.0,0.10693069306930691,0.14776046024695155,1.0,-0.0,0,0
1375,0.0,0.10693069306930691,0.14776046024695155,1.0,-0.0,0,0
1376,0.0,0.05940594059405942,0.10733330877518932,1.0,-0.0,0,0
1377,0.0,0.05940594059405942,0.10733330877518932,1.0,-0.0,0,0
1378,0.0,0.0039603960396039604,0.027863855998951064,1.0,-0.0,0,0
1379,0.0,0.015841584158415842,0.05401260078014202,1.0,-0.0,0,0
1380,0.0,0.04356435643564357,0.0916470215081674,1.0,-0.0,0,0
1381,0.2,0.14653465346534655,0.17324186517306459,0.37880652760862027,0.42158254582510507,0,0
1382,0.2,0.22970297029702966,0.1937358385526338,1.0,-0.0,0,0
1383,0.2,0.33663366336633654,0.2531867280542513,1.0,-0.0,0,0
1384,0.2,0.37425742574257426,0.26649669451502134,1.0,-0.0,0,0
1385,0.2,0.3465346534653465,0.25930766787914217,1.0,-0.0,0,0
1386,0.0,0.2376237623762376,0.21565074677325916,1.0,-0.0,0,0
