,foreground,bg_means,bg_stdev,pvals,minus_logs,regs,active
2,0.0,0.1277227722772277,0.1503255950626118,1.0,-0.0,0,0
3,0.0,0.15643564356435644,0.17486393102381254,1.0,-0.0,0,0
4,0.0,0.13366336633663367,0.16184409300358452,1.0,-0.0,0,0
5,0.0,0.13366336633663367,0.16184409300358452,1.0,-0.0,0,0
6,0.0,0.03564356435643565,0.09074407316744236,1.0,-0.0,0,0
7,0.0,0.03564356435643565,0.09074407316744236,1.0,-0.0,0,0
8,0.0,0.05148514851485149,0.08744317689433512,1.0,-0.0,0,0
9,0.0,0.05148514851485149,0.08744317689433512,1.0,-0.0,0,0
10,0.0,0.3089108910891089,0.2000490087978147,1.0,-0.0,0,0
11,0.0,0.3089108910891089,0.2000490087978147,1.0,-0.0,0,0
12,0.0,0.35445544554455444,0.2249421278600068,1.0,-0.0,0,0
13,0.0,0.30099009900990104,0.2297200403353468,1.0,-0.0,0,0
14,0.0,0.30099009900990104,0.2297200403353468,1.0,-0.0,0,0
15,0.0,0.4217821782178217,0.24999166734471373,1.0,-0.0,0,0
16,0.0,0.5267326732673268,0.2852447582354046,1.0,-0.0,0,0
17,0.0,0.4811881188118812,0.29541475166687553,1.0,-0.0,0,0
18,0.0,0.4811881188118812,0.29541475166687553,1.0,-0.0,0,0
19,0.0,0.4811881188118812,0.29541475166687553,1.0,-0.0,0,0
20,0.0,0.3445544554455445,0.2759233813600056,1.0,-0.0,0,0
21,0.0,0.2396039603960396,0.22867643617032954,1.0,-0.0,0,0
22,0.0,0.2396039603960396,0.22867643617032954,1.0,-0.0,0,0
23,0.0,0.2396039603960396,0.22867643617032954,1.0,-0.0,0,0
24,0.0,0.3663366336633664,0.2670992798411071,1.0,-0.0,0,0
25,0.2,0.14059405940594058,0.16300289605747864,0.35776206680006417,0.44640570919277556,0,0
26,0.2,0.15247524752475247,0.16921136785416444,0.3894087826801889,0.4095942576785224,0,0
27,0.2,0.16237623762376235,0.16818865241652334,0.4114954635871043,0.3856349481794096,0,0
28,0.2,0.18217821782178217,0.16909546170462728,0.4580312714855454,0.3391048700965913,0,0
29,0.2,0.1188118811881188,0.14939672169394075,0.29341352773639573,0.5325198670236351,0,0
30,0.0,0.13663366336633662,0.15137833547418925,1.0,-0.0,0,0
31,0.0,0.1584158415841584,0.16244866773856387,1.0,-0.0,0,0
32,0.0,0.1584158415841584,0.1696048562801098,1.0,-0.0,0,0
33,0.4,0.19801980198019803,0.18773279832857556,0.14098780134612965,0.8508184620768642,0,0
34,0.4,0.13267326732673265,0.16477341831853246,0.052359943232193576,1.2810008329761031,0,0
35,0.4,0.10297029702970298,0.1451905170679078,0.02038838425280119,1.6906171900088423,0,0
36,0.4,0.06930693069306931,0.11057238501634628,0.001391519337345591,2.856510754084425,0,0
37,0.4,0.05940594059405942,0.10733330877518932,0.0007537462695981591,3.122774824234139,0,0
38,0.0,0.0,0.0,1.0,-0.0,0,0
39,0.0,0.0,0.0,1.0,-0.0,0,0
40,0.0,0.0,0.0,1.0,-0.0,0,0
41,0.0,0.0,0.0,1.0,-0.0,0,0
42,0.0,0.0,0.0,1.0,-0.0,0,0
43,0.0,0.01782178217821782,0.05698017651460657,1.0,-0.0,0,0
44,0.0,0.01782178217821782,0.05698017651460657,1.0,-0.0,0,0
45,0.0,0.04752475247524753,0.09809478080396702,1.0,-0.0,0,0
46,0.0,0.08118811881188118,0.1325402022232199,1.0,-0.0,0,0
47,0.0,0.08118811881188118,0.1325402022232199,1.0,-0.0,0,0
48,0.0,0.06336633663366337,0.11233152161332939,1.0,-0.0,0,0
49,0.0,0.06336633663366337,0.11233152161332939,1.0,-0.0,0,0
50,0.0,0.033663366336633666,0.07994704648786674,1.0,-0.0,0,0
51,0.0,0.0,0.0,1.0,-0.0,0,0
52,0.2,0.027722772277227727,0.06910862719451544,0.0063361735559086295,2.1981729353735644,0,0
53,0.2,0.027722772277227727,0.06910862719451544,0.0063361735559086295,2.1981729353735644,0,0
54,0.6,0.06930693069306931,0.12084076279122662,5.624098998171445e-06,5.249947043254738,0,0
55,0.6,0.06930693069306931,0.12084076279122662,5.624098998171445e-06,5.249947043254738,0,0
56,0.6,0.06930693069306931,0.12084076279122662,5.624098998171445e-06,5.249947043254738,0,0
57,0.4,0.041584158415841586,0.09467748980500532,7.665365490325868e-05,4.115467132832116,0,0
58,0.8,0.0891089108910891,0.14481192315867106,4.5755910560302844e-07,6.339552797599172,0,0
59,0.6,0.0891089108910891,0.12097048989545554,1.2039132539669062e-05,4.919404804341244,0,0
60,0.6,0.0891089108910891,0.12097048989545554,1.2039132539669062e-05,4.919404804341244,0,0
61,0.6,0.09504950495049505,0.12135883917659063,1.5856371769265433e-05,4.799796180249836,0,0
62,0.6,0.09504950495049505,0.12135883917659063,1.5856371769265433e-05,4.799796180249836,0,0
63,0.2,0.047524752475247525,0.09397077637785882,0.05233944412570536,1.281170894122977,0,0
64,0.0,0.0059405940594059415,0.03395332316729158,1.0,-0.0,0,0
65,0.4,0.05544554455445545,0.09797478714338996,0.00021841889085960997,3.660709802591431,0,0
66,0.4,0.07920792079207921,0.11285391563386142,0.0022377614537823515,2.650186211296351,0,0
67,0.4,0.08712871287128714,0.11745095149573798,0.003862642107450159,2.4131155294839646,0,0
68,0.4,0.08712871287128714,0.11745095149573798,0.003862642107450159,2.4131155294839646,0,0
69,0.4,0.11287128712871286,0.1390657415135005,0.01947580746214322,1.710504527540709,0,0
70,0.0,0.06336633663366337,0.10874875419996817,1.0,-0.0,0,0
71,0.0,0.04554455445544555,0.10485704788018793,1.0,-0.0,0,0
72,0.0,0.03762376237623763,0.09211646217515253,1.0,-0.0,0,0
73,0.0,0.03762376237623763,0.09211646217515253,1.0,-0.0,0,0
74,0.0,0.011881188118811883,0.047276579747775535,1.0,-0.0,0,0
75,0.2,0.03564356435643565,0.08154954567118415,0.0219304263845019,1.6589529244266186,0,0
76,0.2,0.023762376237623766,0.06471340450838889,0.0032311212459077425,2.490646745033819,0,0
77,0.2,0.023762376237623766,0.06471340450838889,0.0032311212459077425,2.490646745033819,0,0
78,0.2,0.023762376237623766,0.06471340450838889,0.0032311212459077425,2.490646745033819,0,0
79,0.4,0.041584158415841586,0.09039772047931348,3.671690339710168e-05,4.435133953131464,0,0
80,0.2,0.017821782178217824,0.05698017651460655,0.0006937928196726538,3.158770199150461,0,0
81,0.4,0.04752475247524753,0.08965727859541997,4.223293025907398e-05,4.374348784755605,0,0
82,0.4,0.04752475247524753,0.08965727859541997,4.223293025907398e-05,4.374348784755605,0,0
83,0.4,0.04752475247524753,0.08965727859541997,4.223293025907398e-05,4.374348784755605,0,0
84,0.2,0.0297029702970297,0.07648795214189293,0.012991839772286904,1.8863293442020952,0,0
85,0.4,0.057425742574257435,0.10656335878870264,0.0006527972711111281,3.1852216697319156,0,0
86,0.2,0.057425742574257435,0.10656335878870264,0.0904597157907538,1.0435447810683363,0,0
87,0.2,0.057425742574257435,0.10656335878870264,0.0904597157907538,1.0435447810683363,0,0
88,0.2,0.057425742574257435,0.10656335878870264,0.0904597157907538,1.0435447810683363,0,0
89,0.2,0.057425742574257435,0.10656335878870264,0.0904597157907538,1.0435447810683363,0,0
90,0.2,0.05544554455445544,0.09384550979067553,0.0617381483506657,1.2094464000101817,0,0
91,0.2,0.041584158415841586,0.09039772047931348,0.03984979219979861,1.3995739389282478,0,0
92,0.2,0.041584158415841586,0.09039772047931348,0.03984979219979861,1.3995739389282478,0,0
93,0.4,0.06930693069306931,0.12084076279122662,0.0031038676436218036,2.508096806379782,0,0
94,0.4,0.11287128712871287,0.15774610904280742,0.03436464077384363,1.463888191570224,0,0
95,0.4,0.2039603960396039,0.21057243624647037,0.17593087739289925,0.7546579314094649,0,0
96,0.4,0.22574257425742575,0.1943017278738389,0.18490233674207301,0.7330576003185159,0,0
97,0.6,0.2514851485148515,0.19630944524980165,0.03792136940021509,1.421115987994873,0,0
98,0.6,0.25346534653465347,0.20077294028731207,0.04217345613288608,1.3749608069069645,0,0
99,0.6,0.2574257425742574,0.18949988095477613,0.0353203070481966,1.451975529648324,0,0
100,0.8,0.2831683168316832,0.20151373042706616,0.005162556918087712,2.2871351471369668,0,0
101,0.8,0.2891089108910891,0.20772267789217197,0.006956799587344365,2.1575905076908106,0,0
102,0.6,0.3148514851485148,0.23267116072355803,0.11018534748601029,0.9578761543868147,0,0
103,0.4,0.30495049504950494,0.22793790956873936,0.3383401719036243,0.470646434371928,0,0
104,0.4,0.2594059405940594,0.20008820719317436,0.24113370633492687,0.6177420784980626,0,0
105,0.0,0.16633663366336632,0.17591471140208167,1.0,-0.0,0,0
106,0.0,0.22772277227722768,0.2234379493376084,1.0,-0.0,0,0
107,0.0,0.20000000000000004,0.21981089982793922,1.0,-0.0,0,0
108,0.0,0.1900990099009901,0.19166025556535224,1.0,-0.0,0,0
109,0.0,0.18811881188118812,0.19257871154715578,1.0,-0.0,0,0
110,0.0,0.1465346534653465,0.1638426898490107,1.0,-0.0,0,0
111,0.0,0.14752475247524752,0.17496481083600587,1.0,-0.0,0,0
112,0.0,0.23366336633663365,0.20112418099951873,1.0,-0.0,0,0
113,0.0,0.4118811881188119,0.2545767711681299,1.0,-0.0,0,0
114,0.0,0.491089108910891,0.3011854498941123,1.0,-0.0,0,0
115,0.0,0.5128712871287128,0.2930425462762127,1.0,-0.0,0,0
116,0.0,0.405940594059406,0.2646955217664467,1.0,-0.0,0,0
117,0.0,0.3089108910891089,0.24295988745282038,1.0,-0.0,0,0
118,0.0,0.13366336633663364,0.16184409300358452,1.0,-0.0,0,0
119,0.0,0.05346534653465347,0.10104832334394513,1.0,-0.0,0,0
120,0.0,0.02970297029702971,0.07112192077650681,1.0,-0.0,0,0
121,0.0,0.02970297029702971,0.07112192077650681,1.0,-0.0,0,0
122,0.0,0.015841584158415842,0.05401260078014202,1.0,-0.0,0,0
123,0.0,0.0059405940594059415,0.033953323167291584,1.0,-0.0,0,0
124,0.0,0.0059405940594059415,0.033953323167291584,1.0,-0.0,0,0
125,0.0,0.0019801980198019802,0.0198019801980198,1.0,-0.0,0,0
126,0.0,0.0019801980198019802,0.0198019801980198,1.0,-0.0,0,0
127,0.0,0.007920792079207921,0.03900537743285587,1.0,-0.0,0,0
128,0.0,0.01386138613861386,0.05079507064705211,1.0,-0.0,0,0
129,0.0,0.01386138613861386,0.05079507064705211,1.0,-0.0,0,0
130,0.0,0.019801980198019802,0.0597350618970232,1.0,-0.0,0,0
131,0.0,0.04356435643564357,0.08721867542790195,1.0,-0.0,0,0
132,0.0,0.03762376237623763,0.07816140339006158,1.0,-0.0,0,0
133,0.0,0.047524752475247525,0.08512548617902845,1.0,-0.0,0,0
134,0.0,0.05346534653465347,0.08851285797476045,1.0,-0.0,0,0
135,0.0,0.06534653465346535,0.09793475658517416,1.0,-0.0,0,0
136,0.0,0.041584158415841586,0.08590499787518362,1.0,-0.0,0,0
137,0.0,0.041584158415841586,0.08590499787518362,1.0,-0.0,0,0
138,0.0,0.023762376237623766,0.06471340450838889,1.0,-0.0,0,0
139,0.0,0.017821782178217824,0.05698017651460656,1.0,-0.0,0,0
140,0.0,0.0,0.0,1.0,-0.0,0,0
141,0.0,0.0,0.0,1.0,-0.0,0,0
142,0.0,0.0,0.0,1.0,-0.0,0,0
143,0.0,0.0,0.0,1.0,-0.0,0,0
144,0.2,0.021782178217821784,0.06230547612891991,0.002115616449879084,2.6745630648030154,0,0
145,0.2,0.025742574257425748,0.0669763743575753,0.0046371400013480064,2.3337497919853587,0,0
146,0.2,0.031683168316831684,0.0730260947112308,0.01058647624307391,1.9752485727397298,0,0
147,0.2,0.061386138613861385,0.09224407682259103,0.06646004727610066,1.1774393541234778,0,0
148,0.2,0.061386138613861385,0.09224407682259103,0.06646004727610066,1.1774393541234778,0,0
149,0.0,0.06732673267326733,0.1135467024699521,1.0,-0.0,0,0
150,0.0,0.06336633663366338,0.10874875419996817,1.0,-0.0,0,0
151,0.0,0.12079207920792076,0.14372473118118065,1.0,-0.0,0,0
152,0.0,0.09108910891089106,0.12750384183766536,1.0,-0.0,0,0
153,0.0,0.10891089108910891,0.13937555924568534,1.0,-0.0,0,0
154,0.0,0.10495049504950493,0.13670539084430264,1.0,-0.0,0,0
155,0.0,0.19801980198019797,0.19598959258073068,1.0,-0.0,0,0
156,0.0,0.13267326732673265,0.16951235294283326,1.0,-0.0,0,0
157,0.0,0.13267326732673265,0.16951235294283326,1.0,-0.0,0,0
158,0.0,0.11485148514851484,0.14984225277142663,1.0,-0.0,0,0
159,0.0,0.09108910891089109,0.13057300215314485,1.0,-0.0,0,0
160,0.0,0.0,0.0,1.0,-0.0,0,0
161,0.0,0.10099009900990098,0.12467387119760154,1.0,-0.0,0,0
162,0.0,0.10099009900990098,0.12467387119760154,1.0,-0.0,0,0
163,0.0,0.10099009900990098,0.12467387119760154,1.0,-0.0,0,0
164,0.0,0.10099009900990098,0.12467387119760154,1.0,-0.0,0,0
165,0.0,0.10099009900990098,0.12467387119760154,1.0,-0.0,0,0
166,0.0,0.2891089108910891,0.21336576232952045,1.0,-0.0,0,0
167,0.0,0.2891089108910891,0.21336576232952045,1.0,-0.0,0,0
168,0.0,0.5108910891089108,0.26171596352565196,1.0,-0.0,0,0
169,0.0,0.5257425742574258,0.2679786696648698,1.0,-0.0,0,0
170,0.0,0.5524752475247524,0.2627328046039126,1.0,-0.0,0,0
171,0.0,0.2613861386138614,0.21570528896865301,1.0,-0.0,0,0
172,0.0,0.2613861386138614,0.21570528896865301,1.0,-0.0,0,0
173,0.0,0.08316831683168317,0.10996786833199856,1.0,-0.0,0,0
174,0.0,0.09900990099009899,0.12145573247679727,1.0,-0.0,0,0
175,0.0,0.10495049504950493,0.1423816080178024,1.0,-0.0,0,0
176,0.0,0.10495049504950493,0.1423816080178024,1.0,-0.0,0,0
177,0.0,0.10495049504950493,0.1423816080178024,1.0,-0.0,0,0
178,0.0,0.28316831683168314,0.22385873680891216,1.0,-0.0,0,0
179,0.0,0.25346534653465347,0.20660593209144543,1.0,-0.0,0,0
180,0.0,0.25346534653465347,0.19272118907875546,1.0,-0.0,0,0
181,0.0,0.28316831683168314,0.1934928079256413,1.0,-0.0,0,0
182,0.0,0.32079207920792085,0.2011436763886015,1.0,-0.0,0,0
183,0.0,0.09900990099009901,0.11814997140733703,1.0,-0.0,0,0
184,0.0,0.09900990099009901,0.11814997140733703,1.0,-0.0,0,0
185,0.0,0.06732673267326733,0.10634234916512914,1.0,-0.0,0,0
186,0.0,0.05148514851485149,0.10773441987117183,1.0,-0.0,0,0
187,0.0,0.013861386138613863,0.05079507064705211,1.0,-0.0,0,0
188,0.0,0.22178217821782176,0.19274153441415962,1.0,-0.0,0,0
189,0.0,0.22772277227722773,0.19706701472672836,1.0,-0.0,0,0
190,0.0,0.22772277227722773,0.19706701472672836,1.0,-0.0,0,0
191,0.0,0.21386138613861383,0.1955088324308512,1.0,-0.0,0,0
192,0.0,0.21386138613861383,0.1955088324308512,1.0,-0.0,0,0
193,0.0,0.05544554455445545,0.1019369320889802,1.0,-0.0,0,0
194,0.0,0.08118811881188118,0.12951766673875514,1.0,-0.0,0,0
195,0.0,0.08118811881188118,0.12951766673875514,1.0,-0.0,0,0
196,0.0,0.09504950495049502,0.14238160801780242,1.0,-0.0,0,0
197,0.0,0.09504950495049502,0.14238160801780242,1.0,-0.0,0,0
198,0.0,0.10891089108910891,0.13357165904190144,1.0,-0.0,0,0
199,0.0,0.07722772277227724,0.11593886073904515,1.0,-0.0,0,0
200,0.0,0.1584158415841584,0.18735645421805738,1.0,-0.0,0,0
201,0.0,0.14455445544554454,0.1782618207513172,1.0,-0.0,0,0
202,0.0,0.14455445544554454,0.1782618207513172,1.0,-0.0,0,0
203,0.0,0.07920792079207921,0.12611234319279727,1.0,-0.0,0,0
204,0.0,0.07920792079207921,0.12611234319279727,1.0,-0.0,0,0
205,0.0,0.0,0.0,1.0,-0.0,0,0
206,0.0,0.0,0.0,1.0,-0.0,0,0
207,0.0,0.021782178217821784,0.06230547612891991,1.0,-0.0,0,0
208,0.0,0.021782178217821784,0.06230547612891991,1.0,-0.0,0,0
209,0.0,0.021782178217821784,0.06230547612891991,1.0,-0.0,0,0
210,0.0,0.1089108910891089,0.12113245340338316,1.0,-0.0,0,0
211,0.0,0.1089108910891089,0.12113245340338316,1.0,-0.0,0,0
212,0.0,0.28118811881188116,0.22370103426252744,1.0,-0.0,0,0
213,0.0,0.28118811881188116,0.22370103426252744,1.0,-0.0,0,0
214,0.0,0.28118811881188116,0.22370103426252744,1.0,-0.0,0,0
215,0.0,0.24158415841584152,0.21307151531852703,1.0,-0.0,0,0
216,0.0,0.24158415841584152,0.21307151531852703,1.0,-0.0,0,0
217,0.0,0.08712871287128712,0.11050143705587095,1.0,-0.0,0,0
218,0.0,0.12475247524752472,0.1345369326848557,1.0,-0.0,0,0
219,0.0,0.12475247524752472,0.1345369326848557,1.0,-0.0,0,0
220,0.0,0.07524752475247526,0.11205191564986226,1.0,-0.0,0,0
221,0.0,0.07524752475247526,0.11205191564986226,1.0,-0.0,0,0
222,0.0,0.04554455445544555,0.09700949476369022,1.0,-0.0,0,0
223,0.0,0.009900990099009901,0.04338396495090424,1.0,-0.0,0,0
224,0.0,0.009900990099009901,0.04338396495090424,1.0,-0.0,0,0
225,0.0,0.009900990099009901,0.04338396495090424,1.0,-0.0,0,0
226,0.0,0.09108910891089109,0.1243589581632284,1.0,-0.0,0,0
227,0.0,0.08118811881188118,0.12325042629382527,1.0,-0.0,0,0
228,0.0,0.23960396039603957,0.18459439503241848,1.0,-0.0,0,0
229,0.0,0.35445544554455455,0.2419085632328785,1.0,-0.0,0,0
230,0.0,0.35445544554455455,0.2419085632328785,1.0,-0.0,0,0
231,0.0,0.2871287128712871,0.20760938490425596,1.0,-0.0,0,0
232,0.0,0.2871287128712871,0.20760938490425596,1.0,-0.0,0,0
233,0.0,0.1287128712871287,0.15307840071356582,1.0,-0.0,0,0
234,0.0,0.015841584158415842,0.05401260078014202,1.0,-0.0,0,0
235,0.0,0.015841584158415842,0.05401260078014202,1.0,-0.0,0,0
236,0.0,0.0,0.0,1.0,-0.0,0,0
237,0.0,0.0,0.0,1.0,-0.0,0,0
238,0.0,0.09306930693069305,0.13948804962658473,1.0,-0.0,0,0
239,0.0,0.09306930693069305,0.13948804962658473,1.0,-0.0,0,0
240,0.0,0.2851485148514851,0.22043437703090285,1.0,-0.0,0,0
241,0.0,0.2851485148514851,0.22043437703090285,1.0,-0.0,0,0
242,0.2,0.3841584158415842,0.2620304091140201,1.0,-0.0,0,0
243,0.2,0.2891089108910891,0.2259856256267264,1.0,-0.0,0,0
244,0.2,0.41386138613861384,0.27897609925316946,1.0,-0.0,0,0
245,0.2,0.22178217821782176,0.20469922895763287,1.0,-0.0,0,0
246,0.2,0.22970297029702974,0.20945216351964124,1.0,-0.0,0,0
247,0.0,0.1316831683168317,0.15474712241238045,1.0,-0.0,0,0
248,0.0,0.1316831683168317,0.15474712241238045,1.0,-0.0,0,0
249,0.0,0.027722772277227727,0.06910862719451544,1.0,-0.0,0,0
250,0.0,0.0712871287128713,0.11461224656227945,1.0,-0.0,0,0
251,0.0,0.06336633663366337,0.11233152161332939,1.0,-0.0,0,0
252,0.0,0.06336633663366337,0.11233152161332939,1.0,-0.0,0,0
253,0.0,0.08910891089108909,0.13042276277287218,1.0,-0.0,0,0
254,0.0,0.07920792079207921,0.11631029826208643,1.0,-0.0,0,0
255,0.0,0.03564356435643565,0.08154954567118415,1.0,-0.0,0,0
256,0.0,0.05346534653465347,0.10104832334394513,1.0,-0.0,0,0
257,0.0,0.07722772277227724,0.11593886073904516,1.0,-0.0,0,0
258,0.0,0.05148514851485149,0.10011267057239238,1.0,-0.0,0,0
259,0.0,0.041584158415841586,0.09039772047931348,1.0,-0.0,0,0
260,0.0,0.08118811881188118,0.11999411807954949,1.0,-0.0,0,0
261,0.0,0.1821782178217822,0.1643445063069024,1.0,-0.0,0,0
262,0.0,0.16435643564356434,0.1499730394357346,1.0,-0.0,0,0
263,0.0,0.16435643564356434,0.1499730394357346,1.0,-0.0,0,0
264,0.0,0.16435643564356434,0.1499730394357346,1.0,-0.0,0,0
265,0.0,0.12475247524752472,0.12219602867755656,1.0,-0.0,0,0
266,0.0,0.0059405940594059415,0.03395332316729157,1.0,-0.0,0,0
267,0.0,0.015841584158415842,0.05401260078014202,1.0,-0.0,0,0
268,0.0,0.03762376237623763,0.08307396817189318,1.0,-0.0,0,0
269,0.0,0.03762376237623763,0.08307396817189318,1.0,-0.0,0,0
270,0.0,0.061386138613861385,0.10433219700847123,1.0,-0.0,0,0
271,0.0,0.07524752475247524,0.10845991237726066,1.0,-0.0,0,0
272,0.0,0.0594059405940594,0.09968089464279778,1.0,-0.0,0,0
273,0.0,0.03762376237623762,0.07816140339006158,1.0,-0.0,0,0
274,0.0,0.03762376237623762,0.07816140339006158,1.0,-0.0,0,0
275,0.0,0.021782178217821784,0.06836703565002801,1.0,-0.0,0,0
276,0.0,0.007920792079207921,0.03900537743285587,1.0,-0.0,0,0
277,0.0,0.007920792079207921,0.03900537743285587,1.0,-0.0,0,0
278,0.0,0.007920792079207921,0.03900537743285587,1.0,-0.0,0,0
279,0.0,0.007920792079207921,0.03900537743285587,1.0,-0.0,0,0
280,0.0,0.0,0.0,1.0,-0.0,0,0
281,0.0,0.025742574257425745,0.06697637435757531,1.0,-0.0,0,0
282,0.0,0.10495049504950495,0.14784005112815915,1.0,-0.0,0,0
283,1.2,0.22772277227722773,0.2030065169325038,8.364485245483904e-07,6.07756078057422,0,0
284,1.4,0.24158415841584152,0.20356589743994288,6.329005272589528e-09,8.198664542521758,0,0
285,1.4,0.24158415841584152,0.20356589743994288,6.329005272589528e-09,8.198664542521758,0,0
286,1.6,0.2851485148514852,0.20747713156287056,1.168888831425559e-10,9.932226790971802,0,0
287,1.6,0.2237623762376237,0.18516704518908453,5.3327837781875337e-14,13.273046024763344,0,0
288,0.4,0.10099009900990098,0.13386490123687583,0.012752424945647201,1.894407223827921,0,0
289,0.8,0.23762376237623767,0.2081752332823988,0.0034518304816247205,2.461950540506853,0,0
290,0.8,0.24554455445544554,0.210386138380886,0.004201684624307275,2.3765765485657715,0,0
291,0.6,0.2099009900990099,0.21131598529828277,0.03244276997537287,1.4888820726587133,0,0
292,0.6,0.22376237623762374,0.21670279636125864,0.041264961025602245,1.3844185607418127,0,0
293,0.6,0.30297029702970296,0.23481842386627266,0.10294757432379055,0.9873838818793977,0,0
294,0.0,0.1762376237623762,0.16718313599370643,1.0,-0.0,0,0
295,0.0,0.21584158415841578,0.19434208548729182,1.0,-0.0,0,0
296,0.0,0.18217821782178217,0.1868954489346046,1.0,-0.0,0,0
297,0.0,0.1504950495049505,0.16746435256923545,1.0,-0.0,0,0
298,0.0,0.27326732673267323,0.2264189969940339,1.0,-0.0,0,0
299,0.0,0.30297029702970296,0.22622841587085502,1.0,-0.0,0,0
300,0.0,0.26732673267326734,0.218504779788257,1.0,-0.0,0,0
301,0.0,0.26732673267326734,0.218504779788257,1.0,-0.0,0,0
302,0.0,0.26732673267326734,0.218504779788257,1.0,-0.0,0,0
303,0.0,0.100990099009901,0.1367914141716479,1.0,-0.0,0,0
304,0.0,0.049504950495049514,0.10304643034659552,1.0,-0.0,0,0
305,0.0,0.03762376237623763,0.08771182015980238,1.0,-0.0,0,0
306,0.0,0.03762376237623763,0.08771182015980238,1.0,-0.0,0,0
307,0.0,0.3861386138613862,0.258338063481987,1.0,-0.0,0,0
308,0.0,0.4217821782178219,0.27416983982291465,1.0,-0.0,0,0
309,0.0,0.4891089108910892,0.2806996175044253,1.0,-0.0,0,0
310,0.0,0.49603960396039615,0.28211394091616443,1.0,-0.0,0,0
311,0.0,0.49603960396039615,0.28211394091616443,1.0,-0.0,0,0
312,0.0,0.19603960396039602,0.1845094068165728,1.0,-0.0,0,0
313,0.2,0.14455445544554454,0.15445544554455445,0.35980713557990274,0.44393022811595906,0,0
314,0.2,0.07524752475247524,0.11891084986932618,0.14706004433802256,0.8325053074261877,0,0
315,0.2,0.08514851485148514,0.130031327995105,0.1885478753020174,0.7245783571846862,0,0
316,0.2,0.09504950495049505,0.13078304733432375,0.21113830602558958,0.6754329671360484,0,0
317,0.2,0.0594059405940594,0.10733330877518932,0.0951177364230414,1.0217384934469724,0,0
318,0.2,0.07524752475247524,0.10845991237726066,0.1250271767086552,0.9029955756978827,0,0
319,0.2,0.10495049504950495,0.1423816080178024,0.2522044715005415,0.5982472177994327,0,0
320,0.2,0.0891089108910891,0.13342479626077636,0.2029548846422558,0.6926004917837524,0,0
321,0.2,0.07920792079207921,0.12611234319279727,0.16907845647801412,0.7719117255114654,0,0
322,0.2,0.06732673267326733,0.12032045569079852,0.13508613344131226,0.8693892289128149,0,0
323,0.0,0.02970297029702971,0.07112192077650681,1.0,-0.0,0,0
324,0.0,0.0,0.0,1.0,-0.0,0,0
325,0.0,0.0,0.0,1.0,-0.0,0,0
326,0.0,0.0,0.0,1.0,-0.0,0,0
327,0.0,0.007920792079207921,0.03900537743285587,1.0,-0.0,0,0
328,0.0,0.007920792079207921,0.03900537743285587,1.0,-0.0,0,0
329,0.0,0.007920792079207921,0.03900537743285587,1.0,-0.0,0,0
330,0.0,0.007920792079207921,0.03900537743285587,1.0,-0.0,0,0
331,0.0,0.18613861386138614,0.16711275790766053,1.0,-0.0,0,0
332,0.0,0.21980198019801975,0.18348647776016436,1.0,-0.0,0,0
333,0.0,0.21980198019801975,0.18348647776016436,1.0,-0.0,0,0
334,0.0,0.21980198019801975,0.18348647776016436,1.0,-0.0,0,0
335,0.0,0.23168316831683167,0.18823342001292906,1.0,-0.0,0,0
336,0.0,0.07524752475247526,0.11553229422427584,1.0,-0.0,0,0
337,0.0,0.033663366336633666,0.08475617647141663,1.0,-0.0,0,0
338,0.0,0.057425742574257435,0.11021718851545144,1.0,-0.0,0,0
339,0.0,0.057425742574257435,0.11021718851545144,1.0,-0.0,0,0
340,0.0,0.05544554455445544,0.1019369320889802,1.0,-0.0,0,0
341,0.0,0.033663366336633666,0.07482947971362848,1.0,-0.0,0,0
342,0.0,0.10297029702970298,0.1531552280211446,1.0,-0.0,0,0
343,0.0,0.18217821782178217,0.1868954489346046,1.0,-0.0,0,0
344,0.0,0.18217821782178217,0.1868954489346046,1.0,-0.0,0,0
345,0.0,0.3475247524752476,0.27089658960312163,1.0,-0.0,0,0
346,0.0,0.3475247524752476,0.27089658960312163,1.0,-0.0,0,0
347,0.0,0.27722772277227725,0.2563572646761546,1.0,-0.0,0,0
348,0.0,0.17623762376237626,0.19758367815075523,1.0,-0.0,0,0
349,0.0,0.17623762376237626,0.19758367815075523,1.0,-0.0,0,0
350,0.0,0.0,0.0,1.0,-0.0,0,0
351,0.0,0.0,0.0,1.0,-0.0,0,0
352,0.0,0.02970297029702971,0.08150144802873932,1.0,-0.0,0,0
353,0.0,0.03564356435643565,0.08626938974571076,1.0,-0.0,0,0
354,0.0,0.03564356435643565,0.08626938974571076,1.0,-0.0,0,0
355,0.0,0.03564356435643565,0.08626938974571076,1.0,-0.0,0,0
356,0.0,0.04752475247524753,0.09397077637785879,1.0,-0.0,0,0
357,0.0,0.09702970297029702,0.14789308791950764,1.0,-0.0,0,0
358,0.0,0.09108910891089109,0.14494724878689189,1.0,-0.0,0,0
359,0.0,0.09108910891089109,0.14494724878689189,1.0,-0.0,0,0
360,0.0,0.09108910891089109,0.14494724878689189,1.0,-0.0,0,0
361,0.0,0.07920792079207921,0.12293186689242579,1.0,-0.0,0,0
362,0.0,0.0,0.0,1.0,-0.0,0,0
363,0.0,0.0,0.0,1.0,-0.0,0,0
364,0.0,0.023762376237623763,0.06471340450838887,1.0,-0.0,0,0
365,0.0,0.06138613861386138,0.10433219700847123,1.0,-0.0,0,0
366,0.0,0.19207920792079203,0.17558003918939316,1.0,-0.0,0,0
367,0.0,0.2613861386138614,0.1924157508989339,1.0,-0.0,0,0
368,0.0,0.2613861386138614,0.1924157508989339,1.0,-0.0,0,0
369,0.0,0.2455445544554455,0.1842967648111355,1.0,-0.0,0,0
370,0.0,0.20792079207920788,0.18003474269593195,1.0,-0.0,0,0
371,0.0,0.09306930693069305,0.11454380090280847,1.0,-0.0,0,0
372,0.0,0.023762376237623766,0.06471340450838887,1.0,-0.0,0,0
373,0.0,0.023762376237623766,0.06471340450838887,1.0,-0.0,0,0
374,0.0,0.03564356435643565,0.07653920035678292,1.0,-0.0,0,0
375,0.0,0.03564356435643565,0.07653920035678292,1.0,-0.0,0,0
376,0.2,0.2792079207920792,0.21632247274494804,1.0,-0.0,0,0
377,0.2,0.2891089108910891,0.2170463244339765,1.0,-0.0,0,0
378,0.2,0.2891089108910891,0.2170463244339765,1.0,-0.0,0,0
379,0.2,0.26930693069306927,0.20573104342610338,1.0,-0.0,0,0
380,1.2,0.47326732673267324,0.31681930668896024,0.010899856789410684,1.9625792081123374,0,0
381,1.0,0.27524752475247527,0.2622846841948269,0.0028616355295914965,2.5433856806974497,0,0
382,1.0,0.26534653465346536,0.24873368141482086,0.0015705837598236833,2.803938897559504,0,0
383,1.4,0.30495049504950494,0.24950495049504948,5.696562822272658e-06,5.244387108814318,0,0
384,1.6,0.32079207920792085,0.2518512965637172,1.8949469661977213e-07,6.722402940107509,0,0
385,1.0,0.1603960396039604,0.15674865288842216,4.245500344278015e-08,7.372071119565147,0,0
386,1.2,0.1198019801980198,0.13498793637349912,6.211682177532562e-16,15.206790773174468,0,0
387,1.4,0.13267326732673265,0.1442693512878177,1.0785665513881182e-17,16.96715305222217,0,0
388,1.6,0.13069306930693067,0.1419402846531281,1.0000000205806976e-17,16.999999991061916,0,0
