,foreground,bg_means,bg_stdev,pvals,minus_logs,regs,active
2,0.0,0.17425742574257425,0.15584548411842378,1.0,-0.0,0,0
3,0.0,0.19207920792079206,0.1733097543528005,1.0,-0.0,0,0
4,0.0,0.19207920792079206,0.1733097543528005,1.0,-0.0,0,0
5,0.0,0.21188118811881188,0.17760069168141515,1.0,-0.0,0,0
6,0.2,0.08712871287128712,0.12077584698595571,0.17500966031852921,0.7569379781294916,0,0
7,0.2,0.08712871287128712,0.12077584698595571,0.17500966031852921,0.7569379781294916,0,0
8,0.2,0.06930693069306931,0.10693069306930696,0.11081180122969687,0.9554139856724337,0,0
9,0.2,0.06930693069306931,0.10693069306930696,0.11081180122969687,0.9554139856724337,0,0
10,0.2,0.07722772277227723,0.10135828825401766,0.11289592698248403,0.9473217261081602,0,0
11,0.0,0.027722772277227727,0.06910862719451544,1.0,-0.0,0,0
12,0.0,0.027722772277227727,0.06910862719451544,1.0,-0.0,0,0
13,0.0,0.11881188118811879,0.13549532985786933,1.0,-0.0,0,0
14,0.0,0.11881188118811879,0.13549532985786933,1.0,-0.0,0,0
15,0.0,0.09108910891089106,0.12113245340338318,1.0,-0.0,0,0
16,0.2,0.1801980198019802,0.1528733391336141,0.4484683766691706,0.34826817541204436,0,0
17,0.2,0.1801980198019802,0.1528733391336141,0.4484683766691706,0.34826817541204436,0,0
18,0.2,0.08712871287128712,0.09916819030137757,0.12752258771218095,0.8944128830737597,0,0
19,0.4,0.14059405940594058,0.13063304952451993,0.023529965720952898,1.6283787055146648,0,0
20,0.4,0.14059405940594058,0.13063304952451993,0.023529965720952898,1.6283787055146648,0,0
21,0.2,0.12376237623762375,0.1401191253095801,0.2931892578952463,0.532851945771298,0,0
22,0.6,0.20792079207920788,0.18222126052003706,0.01571185282850873,1.803772597534843,0,0
23,0.6,0.28118811881188116,0.205234891407179,0.060163800947493205,1.2206647342784922,0,0
24,0.4,0.22970297029702966,0.18322985319016175,0.1763363843646143,0.7536580683106421,0,0
25,0.4,0.22970297029702966,0.18322985319016175,0.1763363843646143,0.7536580683106421,0,0
26,0.4,0.1584158415841584,0.1497637259500122,0.05336118011287024,1.2727745743156411,0,0
27,0.0,0.07326732673267328,0.11509022642946842,1.0,-0.0,0,0
28,0.0,0.0,0.0,1.0,-0.0,0,0
29,0.0,0.0,0.0,1.0,-0.0,0,0
30,0.0,0.0,0.0,1.0,-0.0,0,0
31,0.0,0.0,0.0,1.0,-0.0,0,0
32,0.0,0.0,0.0,1.0,-0.0,0,0
33,0.0,0.0,0.0,1.0,-0.0,0,0
34,0.0,0.12079207920792079,0.1666898653919601,1.0,-0.0,0,0
35,0.0,0.12079207920792079,0.1666898653919601,1.0,-0.0,0,0
36,0.0,0.12079207920792079,0.1666898653919601,1.0,-0.0,0,0
37,0.0,0.1643564356435643,0.17664875840130073,1.0,-0.0,0,0
38,0.0,0.1643564356435643,0.17664875840130073,1.0,-0.0,0,0
39,0.0,0.041584158415841586,0.08116396646304633,1.0,-0.0,0,0
40,0.0,0.041584158415841586,0.08116396646304633,1.0,-0.0,0,0
41,0.0,0.041584158415841586,0.08116396646304633,1.0,-0.0,0,0
42,0.0,0.0,0.0,1.0,-0.0,0,0
43,0.0,0.0,0.0,1.0,-0.0,0,0
44,0.0,0.0,0.0,1.0,-0.0,0,0
45,0.0,0.02772277227722773,0.06910862719451544,1.0,-0.0,0,0
46,0.0,0.02772277227722773,0.06910862719451544,1.0,-0.0,0,0
47,0.0,0.02772277227722773,0.06910862719451544,1.0,-0.0,0,0
48,0.0,0.02772277227722773,0.06910862719451544,1.0,-0.0,0,0
49,0.0,0.02772277227722773,0.06910862719451544,1.0,-0.0,0,0
50,0.0,0.0,0.0,1.0,-0.0,0,0
51,0.0,0.0,0.0,1.0,-0.0,0,0
52,0.0,0.0,0.0,1.0,-0.0,0,0
53,0.0,0.0,0.0,1.0,-0.0,0,0
54,0.0,0.0,0.0,1.0,-0.0,0,0
55,0.0,0.0,0.0,1.0,-0.0,0,0
56,0.0,0.05940594059405942,0.0996808946427978,1.0,-0.0,0,0
57,0.0,0.13663366336633662,0.13767717461995008,1.0,-0.0,0,0
58,0.0,0.13663366336633662,0.13767717461995008,1.0,-0.0,0,0
59,0.0,0.17821782178217818,0.15389591467505306,1.0,-0.0,0,0
60,0.0,0.17821782178217818,0.15389591467505306,1.0,-0.0,0,0
61,0.0,0.1168316831683168,0.13280619910579972,1.0,-0.0,0,0
62,0.0,0.041584158415841586,0.08590499787518362,1.0,-0.0,0,0
63,0.0,0.041584158415841586,0.08590499787518362,1.0,-0.0,0,0
64,0.0,0.0,0.0,1.0,-0.0,0,0
65,0.0,0.0,0.0,1.0,-0.0,0,0
66,0.0,0.0,0.0,1.0,-0.0,0,0
67,0.0,0.0,0.0,1.0,-0.0,0,0
68,0.0,0.0,0.0,1.0,-0.0,0,0
69,0.0,0.0,0.0,1.0,-0.0,0,0
70,0.0,0.0,0.0,1.0,-0.0,0,0
71,0.0,0.0,0.0,1.0,-0.0,0,0
72,0.0,0.0,0.0,1.0,-0.0,0,0
73,0.0,0.0,0.0,1.0,-0.0,0,0
74,0.0,0.0,0.0,1.0,-0.0,0,0
75,0.0,0.0,0.0,1.0,-0.0,0,0
76,0.2,0.019801980198019802,0.059735061897023205,0.001278047474114718,2.8934530136556162,0,0
77,0.2,0.019801980198019802,0.059735061897023205,0.001278047474114718,2.8934530136556162,0,0
78,0.2,0.019801980198019802,0.059735061897023205,0.001278047474114718,2.8934530136556162,0,0
79,0.2,0.019801980198019802,0.059735061897023205,0.001278047474114718,2.8934530136556162,0,0
80,0.2,0.019801980198019802,0.059735061897023205,0.001278047474114718,2.8934530136556162,0,0
81,0.0,0.0,0.0,1.0,-0.0,0,0
82,0.0,0.0,0.0,1.0,-0.0,0,0
83,0.0,0.0,0.0,1.0,-0.0,0,0
84,0.0,0.0,0.0,1.0,-0.0,0,0
85,0.0,0.0,0.0,1.0,-0.0,0,0
86,0.2,0.04554455445544555,0.09700949476369022,0.05567344326657021,1.2543519178087963,0,0
87,0.2,0.04554455445544555,0.09700949476369022,0.05567344326657021,1.2543519178087963,0,0
88,0.2,0.04554455445544555,0.09700949476369022,0.05567344326657021,1.2543519178087963,0,0
89,0.2,0.07326732673267328,0.11848138852793338,0.14239023387273103,0.8465197966586488,0,0
90,0.2,0.13069306930693064,0.13912212332871524,0.30918094124488193,0.5097872850230735,0,0
91,0.0,0.08316831683168316,0.11351216354824961,1.0,-0.0,0,0
92,0.0,0.10693069306930691,0.13948804962658473,1.0,-0.0,0,0
93,0.0,0.10693069306930691,0.13948804962658473,1.0,-0.0,0,0
94,0.0,0.07920792079207922,0.11966689053257921,1.0,-0.0,0,0
95,0.2,0.1287128712871287,0.1366767043701972,0.30098319630588943,0.5214577501049552,0,0
96,0.2,0.1287128712871287,0.1366767043701972,0.30098319630588943,0.5214577501049552,0,0
97,0.2,0.10297029702970298,0.11811677855054843,0.20568854856415936,0.6867898863987796,0,0
98,0.2,0.10297029702970298,0.11811677855054843,0.20568854856415936,0.6867898863987796,0,0
99,0.2,0.12475247524752472,0.1345369326848557,0.287975915318405,0.5406438326633528,0,0
100,0.0,0.019801980198019802,0.059735061897023205,1.0,-0.0,0,0
101,0.0,0.019801980198019802,0.059735061897023205,1.0,-0.0,0,0
102,0.0,0.10495049504950495,0.12135883917659057,1.0,-0.0,0,0
103,0.0,0.15445544554455445,0.14860723199440565,1.0,-0.0,0,0
104,0.0,0.13465346534653463,0.14380655568606185,1.0,-0.0,0,0
105,0.0,0.13465346534653463,0.14380655568606185,1.0,-0.0,0,0
106,0.0,0.1485148514851485,0.14529850556708232,1.0,-0.0,0,0
107,0.0,0.34851485148514855,0.22977124284135111,1.0,-0.0,0,0
108,0.0,0.37029702970297035,0.25389814534375615,1.0,-0.0,0,0
109,0.0,0.38217821782178224,0.2565560327518694,1.0,-0.0,0,0
110,0.0,0.38217821782178224,0.2565560327518694,1.0,-0.0,0,0
111,0.2,0.6435643564356436,0.297319990164332,1.0,-0.0,0,0
112,0.2,0.4336633663366337,0.28985391599626653,1.0,-0.0,0,0
113,0.2,0.3801980198019802,0.2807415223516401,1.0,-0.0,0,0
114,0.2,0.4594059405940593,0.2793834151090159,1.0,-0.0,0,0
115,0.2,0.4594059405940593,0.2793834151090159,1.0,-0.0,0,0
116,0.0,0.18415841584158413,0.15841584158415842,1.0,-0.0,0,0
117,0.0,0.2059405940594059,0.19792076731434868,1.0,-0.0,0,0
118,0.0,0.41386138613861384,0.24897003794854192,1.0,-0.0,0,0
119,0.0,0.3227722772277227,0.20866439401694245,1.0,-0.0,0,0
120,0.0,0.33663366336633666,0.20475668839145453,1.0,-0.0,0,0
121,0.0,0.33663366336633666,0.20475668839145453,1.0,-0.0,0,0
122,0.0,0.2376237623762376,0.19235460506266755,1.0,-0.0,0,0
123,0.0,0.013861386138613863,0.05079507064705211,1.0,-0.0,0,0
124,0.2,0.051485148514851496,0.10399339410297728,0.07662893002971202,1.1156072384578777,0,0
125,0.2,0.03762376237623763,0.08307396817189319,0.025315250600093635,1.5966177690988212,0,0
126,0.2,0.03762376237623763,0.08307396817189319,0.025315250600093635,1.5966177690988212,0,0
127,0.2,0.03762376237623763,0.08307396817189319,0.025315250600093635,1.5966177690988212,0,0
128,0.2,0.05346534653465347,0.09287951999650358,0.05731896239780438,1.2417016799108866,0,0
129,0.2,0.10495049504950493,0.13078304733432372,0.2336827065616655,0.6313734259164431,0,0
130,0.2,0.17623762376237617,0.15488642587743504,0.4390342986246753,0.3575015500959867,0,0
131,0.2,0.17623762376237617,0.15488642587743504,0.4390342986246753,0.3575015500959867,0,0
132,0.2,0.17623762376237617,0.15488642587743504,0.4390342986246753,0.3575015500959867,0,0
133,0.2,0.1603960396039604,0.14077522841327703,0.3892295626797381,0.4097941817102141,0,0
134,0.2,0.1861386138613861,0.1694660823392845,0.46740508209797504,0.3303065698318793,0,0
135,0.2,0.17425742574257425,0.17499842451711448,0.4415258548359576,0.35504385995998367,0,0
136,0.2,0.17425742574257425,0.17499842451711448,0.4415258548359576,0.35504385995998367,0,0
137,0.4,0.3247524752475248,0.23352907703454368,0.37364336482639887,0.4275427255578651,0,0
138,0.4,0.3247524752475248,0.23352907703454368,0.37364336482639887,0.4275427255578651,0,0
139,0.2,0.2079207920792079,0.1927822186435128,1.0,-0.0,0,0
140,0.2,0.15049504950495046,0.16266576457752754,0.38043618913126476,0.41971817734855865,0,0
141,0.2,0.15049504950495046,0.16266576457752754,0.38043618913126476,0.41971817734855865,0,0
142,0.0,0.0,0.0,1.0,-0.0,0,0
143,0.0,0.0,0.0,1.0,-0.0,0,0
144,0.0,0.011881188118811881,0.047276579747775535,1.0,-0.0,0,0
145,0.0,0.011881188118811881,0.047276579747775535,1.0,-0.0,0,0
146,0.0,0.011881188118811881,0.047276579747775535,1.0,-0.0,0,0
147,0.0,0.023762376237623766,0.06471340450838887,1.0,-0.0,0,0
148,0.0,0.17029702970297028,0.15767151871203475,1.0,-0.0,0,0
149,0.0,0.45148514851485144,0.25586733156773217,1.0,-0.0,0,0
150,0.0,0.45148514851485144,0.25586733156773217,1.0,-0.0,0,0
151,0.0,0.45148514851485144,0.25586733156773217,1.0,-0.0,0,0
152,0.0,0.48316831683168304,0.2887560575613178,1.0,-0.0,0,0
153,0.0,0.398019801980198,0.2509310181015997,1.0,-0.0,0,0
154,0.0,0.10297029702970298,0.127780323207142,1.0,-0.0,0,0
155,0.0,0.10297029702970298,0.127780323207142,1.0,-0.0,0,0
156,0.0,0.10297029702970298,0.127780323207142,1.0,-0.0,0,0
157,0.0,0.05940594059405942,0.09562531855564071,1.0,-0.0,0,0
158,1.4,0.22772277227722773,0.19906654038593571,1.9442110357382082e-09,8.711256596054698,0,0
159,1.4,0.22772277227722773,0.19906654038593571,1.9442110357382082e-09,8.711256596054698,0,0
160,1.8,0.5366336633663367,0.25474614515383376,3.5371119899636445e-07,6.451351189590598,0,0
161,1.8,0.5366336633663367,0.25474614515383376,3.5371119899636445e-07,6.451351189590598,0,0
162,1.8,0.5564356435643565,0.25886876585918417,7.782527622834072e-07,6.1088793291840755,0,0
163,0.4,0.3287128712871287,0.21170530314303518,0.3681609316962984,0.43396229961510696,0,0
164,0.8,0.7742574257425743,0.3465968826728274,0.47039682822579515,0.3275356152666948,0,0
165,0.4,0.46534653465346537,0.27447001804354343,1.0,-0.0,0,0
166,0.4,0.46534653465346537,0.27447001804354343,1.0,-0.0,0,0
167,0.4,0.44554455445544555,0.2770154774513038,1.0,-0.0,0,0
168,0.4,0.44554455445544555,0.2770154774513038,1.0,-0.0,0,0
169,0.0,0.0,0.0,1.0,-0.0,0,0
170,0.0,0.0,0.0,1.0,-0.0,0,0
171,0.0,0.0,0.0,1.0,-0.0,0,0
172,0.0,0.0,0.0,1.0,-0.0,0,0
173,0.0,0.009900990099009901,0.04338396495090424,1.0,-0.0,0,0
174,0.0,0.009900990099009901,0.04338396495090424,1.0,-0.0,0,0
175,0.0,0.009900990099009901,0.04338396495090424,1.0,-0.0,0,0
176,0.0,0.009900990099009901,0.04338396495090424,1.0,-0.0,0,0
177,0.0,0.009900990099009901,0.04338396495090424,1.0,-0.0,0,0
178,0.0,0.07326732673267328,0.12177815335858848,1.0,-0.0,0,0
179,0.0,0.07326732673267328,0.12177815335858848,1.0,-0.0,0,0
180,0.0,0.15049504950495046,0.15518992667640907,1.0,-0.0,0,0
181,0.0,0.15049504950495046,0.15518992667640907,1.0,-0.0,0,0
182,0.0,0.15049504950495046,0.15518992667640907,1.0,-0.0,0,0
183,0.0,0.07524752475247526,0.11553229422427584,1.0,-0.0,0,0
184,0.4,0.12673267326732673,0.15851482056387725,0.042360882711092035,1.373034998692924,0,0
185,0.6,0.12079207920792079,0.14645435316515326,0.000533828259563831,3.2725984394511403,0,0
186,0.6,0.21386138613861383,0.1893342703651726,0.02070234810434448,1.6839803931457207,0,0
187,0.6,0.21386138613861383,0.1893342703651726,0.02070234810434448,1.6839803931457207,0,0
188,0.6,0.21386138613861383,0.1893342703651726,0.02070234810434448,1.6839803931457207,0,0
189,0.2,0.20396039603960395,0.18875348902641548,1.0,-0.0,0,0
190,0.0,0.13267326732673265,0.16235208707144264,1.0,-0.0,0,0
191,0.0,0.041584158415841586,0.08116396646304633,1.0,-0.0,0,0
192,0.0,0.041584158415841586,0.08116396646304633,1.0,-0.0,0,0
193,0.0,0.16435643564356434,0.18325125229717662,1.0,-0.0,0,0
194,0.0,0.14455445544554454,0.16439221845954266,1.0,-0.0,0,0
195,0.0,0.14455445544554454,0.16439221845954266,1.0,-0.0,0,0
196,0.0,0.14455445544554454,0.16439221845954266,1.0,-0.0,0,0
