,foreground,bg_means,bg_stdev,pvals,minus_logs,regs,active
2,0.0,0.0,0.0,1.0,-0.0,0,0
3,0.2,0.23366336633663365,0.18254375725135072,1.0,-0.0,0,0
4,0.2,0.28118811881188116,0.17839375254740927,1.0,-0.0,0,0
5,0.2,0.28118811881188116,0.17839375254740927,1.0,-0.0,1,0
6,0.2,0.31386138613861386,0.19752413211148517,1.0,-0.0,0,0
7,0.2,0.31386138613861386,0.19752413211148517,1.0,-0.0,0,0
8,0.0,0.07920792079207921,0.10928827506175545,1.0,-0.0,0,0
9,0.0,0.031683168316831684,0.0730260947112308,1.0,-0.0,0,0
10,0.0,0.031683168316831684,0.0730260947112308,1.0,-0.0,0,0
11,0.0,0.0,0.0,1.0,-0.0,0,0
12,0.0,0.0,0.0,1.0,-0.0,0,0
13,0.0,0.11386138613861384,0.12667077696411466,1.0,-0.0,0,0
14,0.0,0.11386138613861384,0.12667077696411466,1.0,-0.0,0,0
15,0.0,0.15445544554455443,0.15124876399151133,1.0,-0.0,0,0
16,0.0,0.15445544554455443,0.15124876399151133,1.0,-0.0,0,0
17,0.0,0.15445544554455443,0.15124876399151133,1.0,-0.0,0,0
18,0.0,0.039603960396039604,0.07970143286137865,1.0,-0.0,0,0
19,0.0,0.039603960396039604,0.07970143286137865,1.0,-0.0,0,0
20,0.0,0.0,0.0,1.0,-0.0,0,0
21,0.0,0.0,0.0,1.0,-0.0,1,0
22,0.0,0.0,0.0,1.0,-0.0,0,0
23,0.0,0.0,0.0,1.0,-0.0,0,0
24,0.0,0.0,0.0,1.0,-0.0,0,0
25,0.0,0.0,0.0,1.0,-0.0,0,0
26,0.0,0.0,0.0,1.0,-0.0,0,0
27,0.0,0.0,0.0,1.0,-0.0,0,0
28,0.2,0.025742574257425745,0.0669763743575753,0.0046371400013480064,2.3337497919853587,0,0
29,0.2,0.025742574257425745,0.0669763743575753,0.0046371400013480064,2.3337497919853587,0,0
30,0.2,0.025742574257425745,0.0669763743575753,0.0046371400013480064,2.3337497919853587,0,0
31,0.2,0.025742574257425745,0.0669763743575753,0.0046371400013480064,2.3337497919853587,0,0
32,0.2,0.025742574257425745,0.0669763743575753,0.0046371400013480064,2.3337497919853587,0,0
33,0.0,0.0,0.0,1.0,-0.0,0,0
34,0.0,0.04356435643564357,0.08255312311158745,1.0,-0.0,0,0
35,0.0,0.04356435643564357,0.08255312311158745,1.0,-0.0,0,0
36,0.0,0.04356435643564357,0.08255312311158745,1.0,-0.0,0,0
37,0.0,0.04356435643564357,0.08255312311158745,1.0,-0.0,0,0
38,0.0,0.04356435643564357,0.08255312311158745,1.0,-0.0,0,0
39,0.0,0.017821782178217824,0.05698017651460656,1.0,-0.0,0,0
40,0.2,0.27524752475247527,0.2026585386455561,1.0,-0.0,0,0
41,0.2,0.27524752475247527,0.2026585386455561,1.0,-0.0,0,0
42,0.2,0.3841584158415843,0.22459321788131215,1.0,-0.0,0,0
43,0.2,0.5168316831683168,0.24898578707326588,1.0,-0.0,1,0
44,0.2,0.49900990099009906,0.24312122613017498,1.0,-0.0,0,0
45,0.0,0.24158415841584152,0.18523056370168028,1.0,-0.0,0,0
46,0.0,0.24158415841584152,0.18523056370168028,1.0,-0.0,0,0
47,0.0,0.13465346534653463,0.1293055660777387,1.0,-0.0,0,0
48,0.8,0.2396039603960396,0.1950268871642793,0.0020302075059042907,2.692459570922472,0,0
49,0.8,0.27722772277227725,0.21975737661790232,0.008683108921345403,2.061324751131809,0,0
50,0.8,0.27722772277227725,0.21975737661790232,0.008683108921345403,2.061324751131809,1,0
51,0.8,0.39009900990099017,0.2394320633693757,0.0434509136464171,1.3620010871686947,0,0
52,0.8,0.39009900990099017,0.2394320633693757,0.0434509136464171,1.3620010871686947,0,0
53,0.0,0.15049504950495046,0.1390375420320155,1.0,-0.0,0,0
54,0.0,0.13861386138613863,0.15088537189345536,1.0,-0.0,0,0
55,0.0,0.13861386138613863,0.15088537189345536,1.0,-0.0,0,0
56,0.0,0.025742574257425748,0.06697637435757531,1.0,-0.0,0,0
57,0.0,0.025742574257425748,0.06697637435757531,1.0,-0.0,0,0
58,0.0,0.025742574257425748,0.06697637435757531,1.0,-0.0,0,0
59,0.0,0.0,0.0,1.0,-0.0,0,0
60,0.0,0.0,0.0,1.0,-0.0,0,0
61,0.0,0.0,0.0,1.0,-0.0,0,0
62,0.0,0.0,0.0,1.0,-0.0,0,0
63,0.0,0.0,0.0,1.0,-0.0,0,0
64,0.0,0.0,0.0,1.0,-0.0,0,0
65,0.0,0.0,0.0,1.0,-0.0,0,0
66,0.0,0.0,0.0,1.0,-0.0,0,0
67,0.0,0.0,0.0,1.0,-0.0,0,0
68,0.0,0.0,0.0,1.0,-0.0,0,0
69,0.0,0.0,0.0,1.0,-0.0,0,0
70,0.0,0.0,0.0,1.0,-0.0,0,0
71,0.0,0.0,0.0,1.0,-0.0,0,0
72,0.0,0.0,0.0,1.0,-0.0,0,0
73,0.0,0.0,0.0,1.0,-0.0,0,0
74,0.0,0.0,0.0,1.0,-0.0,0,0
75,0.0,0.0,0.0,1.0,-0.0,0,0
76,0.0,0.0,0.0,1.0,-0.0,0,0
77,0.0,0.0,0.0,1.0,-0.0,0,0
78,0.0,0.0,0.0,1.0,-0.0,0,0
79,0.0,0.0,0.0,1.0,-0.0,0,0
80,0.0,0.0,0.0,1.0,-0.0,0,0
81,0.0,0.0,0.0,1.0,-0.0,0,0
82,0.0,0.0,0.0,1.0,-0.0,0,0
83,0.0,0.0,0.0,1.0,-0.0,0,0
84,0.0,0.007920792079207921,0.03900537743285587,1.0,-0.0,0,0
85,0.0,0.007920792079207921,0.03900537743285587,1.0,-0.0,0,0
86,0.0,0.09306930693069307,0.12126186845461279,1.0,-0.0,0,0
87,0.0,0.09306930693069307,0.12126186845461279,1.0,-0.0,0,0
88,0.0,0.22970297029702968,0.18322985319016175,1.0,-0.0,0,0
89,0.0,0.22178217821782176,0.17096346688435152,1.0,-0.0,0,0
90,0.0,0.22178217821782176,0.17096346688435152,1.0,-0.0,0,0
91,0.0,0.13663366336633662,0.13767717461995008,1.0,-0.0,0,0
92,0.0,0.13663366336633662,0.13767717461995008,1.0,-0.0,0,0
93,0.0,0.0,0.0,1.0,-0.0,0,0
94,0.0,0.0,0.0,1.0,-0.0,0,0
95,0.0,0.0,0.0,1.0,-0.0,0,0
96,0.0,0.0,0.0,1.0,-0.0,0,0
97,0.0,0.0,0.0,1.0,-0.0,0,0
98,0.0,0.0,0.0,1.0,-0.0,0,0
99,0.0,0.0,0.0,1.0,-0.0,0,0
100,0.0,0.0,0.0,1.0,-0.0,0,0
101,0.0,0.0,0.0,1.0,-0.0,0,0
102,0.0,0.0,0.0,1.0,-0.0,0,0
103,0.0,0.0,0.0,1.0,-0.0,0,0
104,0.0,0.0,0.0,1.0,-0.0,0,0
105,0.0,0.0,0.0,1.0,-0.0,0,0
106,0.0,0.0,0.0,1.0,-0.0,0,0
107,0.0,0.0,0.0,1.0,-0.0,0,0
108,0.0,0.0,0.0,1.0,-0.0,0,0
109,0.0,0.0,0.0,1.0,-0.0,0,0
110,0.0,0.0,0.0,1.0,-0.0,0,0
111,0.0,0.0,0.0,1.0,-0.0,0,0
112,0.0,0.0,0.0,1.0,-0.0,0,0
113,0.0,0.0,0.0,1.0,-0.0,0,0
114,0.0,0.0,0.0,1.0,-0.0,0,0
115,0.0,0.0,0.0,1.0,-0.0,0,0
116,0.0,0.0,0.0,1.0,-0.0,0,0
117,0.0,0.0,0.0,1.0,-0.0,0,0
118,0.0,0.0,0.0,1.0,-0.0,0,0
119,0.0,0.0,0.0,1.0,-0.0,0,0
120,0.0,0.0,0.0,1.0,-0.0,0,0
121,0.0,0.03564356435643565,0.07653920035678292,1.0,-0.0,0,0
122,0.0,0.10495049504950495,0.1245794808714917,1.0,-0.0,0,0
123,0.0,0.10495049504950495,0.1245794808714917,1.0,-0.0,1,0
124,0.0,0.10495049504950495,0.1245794808714917,1.0,-0.0,2,0
125,0.0,0.10495049504950495,0.1245794808714917,1.0,-0.0,0,0
126,0.0,0.06930693069306931,0.09924724028627063,1.0,-0.0,0,0
127,0.0,0.0,0.0,1.0,-0.0,0,0
128,0.0,0.0,0.0,1.0,-0.0,0,0
129,0.0,0.0,0.0,1.0,-0.0,0,0
130,0.0,0.0,0.0,1.0,-0.0,0,0
131,0.0,0.0,0.0,1.0,-0.0,0,0
132,0.0,0.0,0.0,1.0,-0.0,0,0
133,0.6,0.13663366336633662,0.1405243168254271,0.0004879041044531959,3.311665528405716,0,0
134,0.6,0.13663366336633662,0.1405243168254271,0.0004879041044531959,3.311665528405716,0,0
135,0.6,0.13663366336633662,0.1405243168254271,0.0004879041044531959,3.311665528405716,1,0
136,0.8,0.16237623762376235,0.1609695163002105,3.729544583911666e-05,4.428344196815822,0,0
137,0.8,0.16237623762376235,0.1609695163002105,3.729544583911666e-05,4.428344196815822,0,0
138,0.2,0.061386138613861385,0.10046456153636296,0.08383506191077846,1.0765743106091494,0,0
139,0.2,0.061386138613861385,0.10046456153636296,0.08383506191077846,1.0765743106091494,0,0
140,0.2,0.061386138613861385,0.10046456153636296,0.08383506191077846,1.0765743106091494,0,0
141,0.0,0.03564356435643565,0.07653920035678292,1.0,-0.0,0,0
142,0.0,0.06336633663366338,0.09304823860966917,1.0,-0.0,0,0
143,0.0,0.06336633663366337,0.09721138779115705,1.0,-0.0,0,0
144,0.0,0.19405940594059404,0.1675813868644411,1.0,-0.0,0,0
145,0.0,0.19405940594059404,0.1675813868644411,1.0,-0.0,0,0
146,0.0,0.19405940594059404,0.1675813868644411,1.0,-0.0,0,0
147,0.0,0.16633663366336632,0.1517405470151922,1.0,-0.0,0,0
148,0.0,0.13069306930693067,0.13624568246946198,1.0,-0.0,0,0
149,0.0,0.0,0.0,1.0,-0.0,0,0
150,0.0,0.0,0.0,1.0,-0.0,0,0
