,foreground,bg_means,bg_stdev,pvals,minus_logs,regs,active
2,0.0,0.0,0.0,1.0,-0.0,0,0
3,0.0,0.0,0.0,1.0,-0.0,0,0
4,0.0,0.16633663366336632,0.16666633990099655,1.0,-0.0,0,0
5,0.0,0.16633663366336632,0.16666633990099655,1.0,-0.0,0,0
6,0.0,0.16633663366336632,0.16666633990099655,1.0,-0.0,0,0
7,0.0,0.16633663366336632,0.16666633990099655,1.0,-0.0,0,0
8,0.0,0.27326732673267323,0.20435413307475536,1.0,-0.0,0,0
9,0.0,0.10693069306930691,0.13661931335176508,1.0,-0.0,0,0
10,0.0,0.18217821782178212,0.19108654387033375,1.0,-0.0,0,0
11,0.0,0.2930693069306931,0.22614173499259319,1.0,-0.0,0,0
12,0.0,0.2930693069306931,0.22614173499259319,1.0,-0.0,0,0
13,0.0,0.1861386138613861,0.19141458968070613,1.0,-0.0,0,0
14,0.0,0.1861386138613861,0.19141458968070613,1.0,-0.0,0,0
15,0.0,0.1108910891089109,0.15789518399405605,1.0,-0.0,0,0
16,0.0,0.0,0.0,1.0,-0.0,0,0
17,0.0,0.041584158415841586,0.09467748980500532,1.0,-0.0,0,0
18,0.0,0.07722772277227721,0.1257698574906964,1.0,-0.0,0,0
19,0.0,0.09108910891089109,0.13357165904190144,1.0,-0.0,0,0
20,0.0,0.09108910891089109,0.13357165904190144,1.0,-0.0,0,0
21,0.0,0.21386138613861383,0.19347254159325522,1.0,-0.0,0,0
22,0.0,0.17227722772277226,0.16417740457959706,1.0,-0.0,0,0
23,0.0,0.13663366336633662,0.14331490790275034,1.0,-0.0,0,0
24,0.6,0.30495049504950494,0.2117238242316619,0.08172550531072655,1.087642385486269,0,0
25,0.6,0.30495049504950494,0.2117238242316619,0.08172550531072655,1.087642385486269,0,0
26,0.6,0.18415841584158413,0.19229343978313213,0.0152884230299979,1.8156373088774296,0,0
27,0.6,0.18415841584158413,0.19229343978313213,0.0152884230299979,1.8156373088774296,0,0
28,0.6,0.18415841584158413,0.19229343978313213,0.0152884230299979,1.8156373088774296,0,0
29,0.0,0.0,0.0,1.0,-0.0,0,0
30,0.0,0.0,0.0,1.0,-0.0,0,0
31,0.0,0.07326732673267328,0.10798889666879984,1.0,-0.0,0,0
32,0.0,0.07326732673267328,0.10798889666879984,1.0,-0.0,0,0
33,0.0,0.07326732673267328,0.10798889666879984,1.0,-0.0,0,0
34,0.0,0.17821782178217818,0.1968081743835003,1.0,-0.0,0,0
35,0.0,0.17821782178217818,0.1968081743835003,1.0,-0.0,0,0
36,0.0,0.10297029702970298,0.15571962971356434,1.0,-0.0,0,0
37,0.0,0.17227722772277226,0.17355845414780538,1.0,-0.0,0,0
38,0.0,0.17227722772277226,0.17355845414780538,1.0,-0.0,0,0
39,0.2,0.21584158415841584,0.1881292336873445,1.0,-0.0,0,0
40,0.2,0.21584158415841584,0.1881292336873445,1.0,-0.0,0,0
41,0.2,0.21584158415841584,0.1881292336873445,1.0,-0.0,0,0
42,0.2,0.1485148514851485,0.15065129981473455,0.3662693533947933,0.43619941824055886,0,0
43,0.2,0.22772277227722773,0.16417740457959706,1.0,-0.0,0,0
44,0.0,0.07920792079207921,0.10178294871997146,1.0,-0.0,0,0
45,0.0,0.07920792079207921,0.10178294871997146,1.0,-0.0,0,0
46,0.0,0.07920792079207921,0.10178294871997146,1.0,-0.0,0,0
47,0.0,0.07920792079207921,0.10178294871997146,1.0,-0.0,0,0
48,0.0,0.0,0.0,1.0,-0.0,0,0
49,0.0,0.03762376237623763,0.07816140339006158,1.0,-0.0,0,0
50,0.0,0.06930693069306931,0.10316052497133553,1.0,-0.0,0,0
51,0.0,0.06930693069306931,0.10316052497133553,1.0,-0.0,0,0
52,0.0,0.12673267326732668,0.11159606181073563,1.0,-0.0,0,0
53,0.0,0.14851485148514848,0.12476819011503656,1.0,-0.0,0,0
54,0.0,0.14059405940594055,0.13063304952451993,1.0,-0.0,0,0
55,0.0,0.1069306930693069,0.12762679639066946,1.0,-0.0,0,0
56,0.0,0.1069306930693069,0.12762679639066946,1.0,-0.0,0,0
57,0.0,0.06534653465346535,0.10189845806153354,1.0,-0.0,0,0
58,0.0,0.17425742574257425,0.17041211860554586,1.0,-0.0,0,0
59,0.0,0.18217821782178217,0.16434450630690242,1.0,-0.0,0,0
60,0.0,0.18217821782178217,0.16434450630690242,1.0,-0.0,0,0
61,0.0,0.18217821782178217,0.16434450630690242,1.0,-0.0,0,0
62,0.0,0.27326732673267323,0.22816143716172793,1.0,-0.0,0,0
63,0.0,0.14455445544554454,0.17146731208545954,1.0,-0.0,0,0
64,0.0,0.10495049504950493,0.1423816080178024,1.0,-0.0,0,0
65,0.0,0.10495049504950493,0.1423816080178024,1.0,-0.0,0,0
66,0.0,0.10495049504950493,0.1423816080178024,1.0,-0.0,0,0
67,0.0,0.0,0.0,1.0,-0.0,0,0
68,0.0,0.0,0.0,1.0,-0.0,0,0
69,0.0,0.15049504950495046,0.15261662469701143,1.0,-0.0,0,0
70,0.0,0.15049504950495046,0.15261662469701143,1.0,-0.0,0,0
71,0.0,0.15049504950495046,0.15261662469701143,1.0,-0.0,0,0
72,0.0,0.15049504950495046,0.15261662469701143,1.0,-0.0,0,0
73,0.0,0.1861386138613861,0.16230377518610828,1.0,-0.0,0,0
74,0.0,0.03564356435643565,0.08626938974571076,1.0,-0.0,0,0
75,0.0,0.03564356435643565,0.08626938974571076,1.0,-0.0,0,0
76,0.0,0.04752475247524753,0.09809478080396702,1.0,-0.0,0,0
77,0.2,0.09306930693069305,0.12448501897427097,0.19517455309290543,0.7095768064016368,0,0
78,0.2,0.05742574257425742,0.09885135821266286,0.07460753442729876,1.127217312004932,0,0
79,0.2,0.05742574257425742,0.09885135821266286,0.07460753442729876,1.127217312004932,0,0
80,0.2,0.05742574257425742,0.09885135821266286,0.07460753442729876,1.127217312004932,0,0
81,0.2,0.04554455445544555,0.09283729243351321,0.04808399917069303,1.3179994190099724,0,0
82,0.0,0.0,0.0,1.0,-0.0,0,0
83,0.0,0.14653465346534653,0.17324186517306459,1.0,-0.0,0,0
84,0.0,0.14653465346534653,0.17324186517306459,1.0,-0.0,0,0
85,0.0,0.16237623762376235,0.18176880383941263,1.0,-0.0,0,0
86,0.0,0.26930693069306927,0.21514101949371997,1.0,-0.0,0,0
87,0.0,0.26930693069306927,0.21514101949371997,1.0,-0.0,0,0
88,0.0,0.12277227722772277,0.1566235242240411,1.0,-0.0,0,0
89,0.0,0.12277227722772277,0.1566235242240411,1.0,-0.0,0,0
90,0.0,0.10693069306930691,0.14505541839059358,1.0,-0.0,0,0
91,0.0,0.0297029702970297,0.07112192077650681,1.0,-0.0,0,0
92,0.0,0.0297029702970297,0.07112192077650681,1.0,-0.0,0,0
93,0.0,0.0297029702970297,0.07112192077650681,1.0,-0.0,0,0
94,0.0,0.0297029702970297,0.07112192077650681,1.0,-0.0,0,0
95,0.0,0.0297029702970297,0.07112192077650681,1.0,-0.0,0,0
96,0.0,0.009900990099009901,0.04338396495090425,1.0,-0.0,0,0
97,0.0,0.009900990099009901,0.04338396495090425,1.0,-0.0,0,0
98,0.0,0.009900990099009901,0.04338396495090425,1.0,-0.0,0,0
99,0.0,0.009900990099009901,0.04338396495090425,1.0,-0.0,0,0
100,0.0,0.009900990099009901,0.04338396495090425,1.0,-0.0,0,0
101,0.0,0.0,0.0,1.0,-0.0,0,0
102,0.0,0.0,0.0,1.0,-0.0,0,0
103,0.0,0.0,0.0,1.0,-0.0,0,0
104,0.0,0.0,0.0,1.0,-0.0,0,0
105,0.0,0.011881188118811881,0.047276579747775535,1.0,-0.0,0,0
106,0.0,0.031683168316831684,0.07826167463512675,1.0,-0.0,0,0
107,0.0,0.031683168316831684,0.07826167463512675,1.0,-0.0,0,0
108,0.2,0.07722772277227724,0.1124710639300034,0.13750669912875174,0.8616761431153293,0,0
109,0.2,0.16435643564356436,0.15769638607575878,0.4105903994934318,0.3865912096068568,0,0
110,0.2,0.15247524752475247,0.14391558265827029,0.37061437744416786,0.43107773686938755,0,0
111,0.2,0.13267326732673268,0.12982006655907932,0.3020143578119074,0.5199724101214506,0,0
112,0.2,0.1504950495049505,0.1473352494078279,0.36843464837398976,0.4336395345825325,0,0
113,0.0,0.10297029702970298,0.13383560593042218,1.0,-0.0,0,0
114,0.0,0.017821782178217824,0.05698017651460656,1.0,-0.0,0,0
115,0.0,0.017821782178217824,0.05698017651460656,1.0,-0.0,0,0
116,0.0,0.039603960396039604,0.07970143286137865,1.0,-0.0,0,0
117,0.0,0.02178217821782178,0.0623054761289199,1.0,-0.0,0,0
118,0.0,0.02178217821782178,0.0623054761289199,1.0,-0.0,0,0
119,0.0,0.02178217821782178,0.0623054761289199,1.0,-0.0,0,0
120,0.0,0.02178217821782178,0.0623054761289199,1.0,-0.0,0,0
121,0.0,0.0,0.0,1.0,-0.0,0,0
122,0.2,0.0297029702970297,0.07648795214189293,0.012991839772286904,1.8863293442020952,0,0
123,0.2,0.0297029702970297,0.07648795214189293,0.012991839772286904,1.8863293442020952,0,0
124,0.2,0.0297029702970297,0.07648795214189293,0.012991839772286904,1.8863293442020952,0,0
125,0.2,0.0297029702970297,0.07648795214189293,0.012991839772286904,1.8863293442020952,0,0
126,0.2,0.07326732673267326,0.10798889666879984,0.12028338488133551,0.919794358966917,0,0
127,0.0,0.04356435643564357,0.08721867542790195,1.0,-0.0,0,0
128,0.0,0.04356435643564357,0.08721867542790195,1.0,-0.0,0,0
129,0.0,0.04356435643564357,0.08721867542790195,1.0,-0.0,0,0
130,0.0,0.05940594059405942,0.0996808946427978,1.0,-0.0,0,0
131,0.0,0.015841584158415842,0.054012600780142014,1.0,-0.0,0,0
132,0.0,0.015841584158415842,0.054012600780142014,1.0,-0.0,0,0
133,0.0,0.039603960396039604,0.07970143286137867,1.0,-0.0,0,0
134,0.0,0.041584158415841586,0.08116396646304633,1.0,-0.0,0,0
135,0.0,0.025742574257425748,0.0669763743575753,1.0,-0.0,0,0
136,0.0,0.025742574257425748,0.0669763743575753,1.0,-0.0,0,0
137,0.0,0.025742574257425748,0.0669763743575753,1.0,-0.0,0,0
138,0.0,0.0019801980198019802,0.019801980198019802,1.0,-0.0,0,0
139,0.0,0.0,0.0,1.0,-0.0,0,0
140,0.0,0.033663366336633666,0.07482947971362847,1.0,-0.0,0,0
141,0.2,0.16435643564356434,0.17887666995067275,0.4210283736511437,0.3756886355066156,0,0
142,0.2,0.16435643564356434,0.17887666995067275,0.4210283736511437,0.3756886355066156,0,0
143,0.2,0.16435643564356434,0.17887666995067275,0.4210283736511437,0.3756886355066156,0,0
144,0.2,0.24356435643564353,0.2041237450273529,1.0,-0.0,0,0
145,0.2,0.2099009900990099,0.20172766196776315,1.0,-0.0,0,0
146,0.0,0.07920792079207921,0.11966689053257921,1.0,-0.0,0,0
147,0.0,0.07920792079207921,0.11966689053257921,1.0,-0.0,0,0
148,0.0,0.07920792079207921,0.11966689053257921,1.0,-0.0,0,0
149,0.0,0.0,0.0,1.0,-0.0,0,0
150,0.0,0.0,0.0,1.0,-0.0,0,0
151,0.0,0.0,0.0,1.0,-0.0,0,0
152,0.0,0.0,0.0,1.0,-0.0,0,0
153,0.0,0.0,0.0,1.0,-0.0,0,0
154,0.0,0.0,0.0,1.0,-0.0,0,0
155,0.2,0.019801980198019802,0.0597350618970232,0.0012780474741147156,2.893453013655617,0,0
156,0.2,0.019801980198019802,0.0597350618970232,0.0012780474741147156,2.893453013655617,0,0
157,0.2,0.019801980198019802,0.0597350618970232,0.0012780474741147156,2.893453013655617,0,0
158,0.2,0.019801980198019802,0.0597350618970232,0.0012780474741147156,2.893453013655617,0,0
159,0.2,0.0297029702970297,0.07112192077650681,0.008322928729312118,2.079723824290396,0,0
160,0.0,0.009900990099009901,0.04338396495090424,1.0,-0.0,0,0
161,0.0,0.009900990099009901,0.04338396495090424,1.0,-0.0,0,0
162,0.0,0.009900990099009901,0.04338396495090424,1.0,-0.0,0,0
163,0.0,0.009900990099009901,0.04338396495090424,1.0,-0.0,0,0
164,0.0,0.0,0.0,1.0,-0.0,0,0
165,0.0,0.0,0.0,1.0,-0.0,0,0
166,0.0,0.0,0.0,1.0,-0.0,0,0
167,0.0,0.0,0.0,1.0,-0.0,0,0
168,0.0,0.0,0.0,1.0,-0.0,0,0
169,0.0,0.017821782178217824,0.05698017651460656,1.0,-0.0,0,0
170,0.2,0.05346534653465347,0.09704990696905226,0.0655357875709919,1.1835214771048093,0,0
171,0.2,0.05346534653465347,0.09704990696905226,0.0655357875709919,1.1835214771048093,0,0
172,0.2,0.05346534653465347,0.09704990696905226,0.0655357875709919,1.1835214771048093,0,0
173,0.2,0.05346534653465347,0.09704990696905226,0.0655357875709919,1.1835214771048093,0,0
174,0.2,0.03564356435643565,0.08154954567118415,0.0219304263845019,1.6589529244266186,0,0
175,0.0,0.0,0.0,1.0,-0.0,0,0
176,0.0,0.0,0.0,1.0,-0.0,0,0
177,0.0,0.0,0.0,1.0,-0.0,0,0
178,0.0,0.0,0.0,1.0,-0.0,0,0
179,0.0,0.08118811881188118,0.10964648079134362,1.0,-0.0,0,0
180,0.0,0.08118811881188118,0.10964648079134362,1.0,-0.0,0,0
181,0.0,0.1801980198019802,0.150260369392399,1.0,-0.0,0,0
182,0.2,0.2059405940594059,0.16278624882823453,1.0,-0.0,0,0
183,0.2,0.2059405940594059,0.16278624882823453,1.0,-0.0,0,0
184,0.2,0.2772277227722772,0.19894831814029953,1.0,-0.0,0,0
185,0.2,0.2772277227722772,0.19894831814029953,1.0,-0.0,0,0
186,0.2,0.18019801980198016,0.15796966871429013,0.4501220267156997,0.34666973434652226,0,0
187,0.0,0.15445544554455445,0.14317803946554625,1.0,-0.0,0,0
188,0.0,0.15445544554455445,0.14317803946554625,1.0,-0.0,0,0
189,0.0,0.015841584158415842,0.05401260078014202,1.0,-0.0,0,0
190,0.4,0.17029702970297028,0.1626175458823589,0.07889625073468488,1.1029436346096695,0,0
191,0.4,0.17029702970297028,0.1626175458823589,0.07889625073468488,1.1029436346096695,0,0
192,0.4,0.17029702970297028,0.1626175458823589,0.07889625073468488,1.1029436346096695,0,0
193,0.6,0.21584158415841584,0.1772913210740546,0.015124283273447893,1.8203251970233885,0,0
194,0.6,0.19999999999999998,0.1711926712598098,0.00973133332509071,2.011827651400876,0,0
195,0.2,0.04554455445544555,0.08846854615322249,0.040415922396446834,1.3934475050229045,0,0
196,0.6,0.15247524752475244,0.1644637607354148,0.0032531093752393783,2.487701334730942,0,0
197,1.0,0.2930693069306931,0.20404689120496478,0.0002655595234664708,3.575838119344547,0,0
198,0.8,0.24752475247524752,0.2032381714585378,0.0032802849620946887,2.484088426992698,0,0
199,0.8,0.24752475247524752,0.2032381714585378,0.0032802849620946887,2.484088426992698,0,0
200,0.8,0.306930693069307,0.22788629514163644,0.015245084022357185,1.8168701777042728,0,0
201,0.4,0.2316831683168317,0.1903257723422778,0.1882504840776547,0.7252638983570947,0,0
202,0.4,0.18217821782178217,0.1868954489346046,0.12191359393048119,0.913947865834987,0,0
203,0.6,0.19801980198019797,0.18983066869238602,0.01710564587049508,1.7668605231920735,0,0
204,0.6,0.19801980198019797,0.18983066869238602,0.01710564587049508,1.7668605231920735,0,0
205,0.6,0.1376237623762376,0.1584900816139702,0.0017649113866738714,2.7532770949473546,0,0
206,0.6,0.10693069306930691,0.14229896414433016,0.00026509221296250215,3.576603029404161,0,0
207,0.2,0.057425742574257435,0.10277971700879983,0.08269301175340939,1.0825311903890302,0,0
208,0.0,0.041584158415841586,0.08116396646304633,1.0,-0.0,0,0
209,0.0,0.07722772277227723,0.1124710639300034,1.0,-0.0,0,0
210,0.0,0.12871287128712872,0.15307840071356585,1.0,-0.0,0,0
211,0.0,0.1386138613861386,0.15088537189345533,1.0,-0.0,0,0
212,0.0,0.13663366336633662,0.15137833547418927,1.0,-0.0,0,0
213,0.0,0.13663366336633662,0.15137833547418927,1.0,-0.0,0,0
214,0.0,0.09900990099009901,0.12781100644043508,1.0,-0.0,0,0
