,foreground,bg_means,bg_stdev,pvals,minus_logs,regs,active
2,0.0,0.0,0.0,1.0,-0.0,0,0
3,0.0,0.0,0.0,1.0,-0.0,0,0
4,0.0,0.0,0.0,1.0,-0.0,0,0
5,0.0,0.0,0.0,1.0,-0.0,0,0
6,0.0,0.0,0.0,1.0,-0.0,0,0
7,0.0,0.0,0.0,1.0,-0.0,0,0
8,0.0,0.0,0.0,1.0,-0.0,0,0
9,0.0,0.04554455445544554,0.09283729243351323,1.0,-0.0,0,0
10,0.2,0.07524752475247526,0.12851469892742934,0.16584253402843124,0.7803040749629362,0,0
11,0.4,0.14059405940594058,0.1747293340075705,0.06882280577011475,1.1622676260243092,0,0
12,0.6,0.16633663366336632,0.18036114909680315,0.008099147789609564,2.09156067615113,0,0
13,0.6,0.16633663366336632,0.18036114909680315,0.008099147789609564,2.09156067615113,0,0
14,0.6,0.11881188118811879,0.14122019271030048,0.0003279720392050905,3.4841631798753654,0,0
15,0.4,0.08910891089108909,0.12097048989545554,0.005085298257653241,2.2936835702035108,0,0
16,0.2,0.04752475247524753,0.09809478080396702,0.06004850186537829,1.2214978232271951,0,0
17,0.0,0.023762376237623766,0.06471340450838889,1.0,-0.0,0,0
18,0.0,0.023762376237623766,0.06471340450838889,1.0,-0.0,0,0
19,0.0,0.023762376237623766,0.06471340450838889,1.0,-0.0,0,0
20,0.0,0.023762376237623766,0.06471340450838889,1.0,-0.0,0,0
21,0.0,0.0,0.0,1.0,-0.0,0,0
22,0.0,0.015841584158415842,0.054012600780142014,1.0,-0.0,0,0
23,0.0,0.18019801980198016,0.16769833948309013,1.0,-0.0,0,0
24,0.0,0.18019801980198016,0.16769833948309013,1.0,-0.0,0,0
25,0.0,0.19603960396039602,0.17571398456617043,1.0,-0.0,0,0
26,0.0,0.19603960396039602,0.17571398456617043,1.0,-0.0,0,0
27,0.0,0.1801980198019802,0.17004355992893858,1.0,-0.0,0,0
28,0.0,0.04356435643564357,0.08721867542790195,1.0,-0.0,0,0
29,0.0,0.04356435643564357,0.08721867542790195,1.0,-0.0,0,0
30,0.0,0.04554455445544555,0.08387254884969256,1.0,-0.0,0,0
31,0.0,0.08514851485148513,0.09889101773610912,1.0,-0.0,0,0
32,0.0,0.08514851485148513,0.09889101773610912,1.0,-0.0,0,0
33,0.0,0.057425742574257435,0.09048443294095733,1.0,-0.0,0,0
34,0.0,0.057425742574257435,0.09048443294095733,1.0,-0.0,0,0
35,0.0,0.039603960396039604,0.07970143286137867,1.0,-0.0,0,0
36,0.0,0.0,0.0,1.0,-0.0,0,0
37,0.0,0.0,0.0,1.0,-0.0,0,0
38,0.2,0.20198019801980197,0.19598959258073065,1.0,-0.0,0,0
39,0.4,0.22574257425742578,0.20229057883757837,0.19450300768848716,0.7110736785932151,0,0
40,0.4,0.22574257425742578,0.20229057883757837,0.19450300768848716,0.7110736785932151,0,0
41,0.4,0.2356435643564357,0.21135309408516964,0.21839089377855564,0.6607654743197463,0,0
42,0.4,0.2356435643564357,0.21135309408516964,0.21839089377855564,0.6607654743197463,0,0
43,0.2,0.033663366336633666,0.07482947971362848,0.013112090674369045,1.882328056139665,0,0
44,0.0,0.009900990099009901,0.04338396495090424,1.0,-0.0,0,0
45,0.0,0.009900990099009901,0.04338396495090424,1.0,-0.0,0,0
46,0.0,0.0,0.0,1.0,-0.0,0,0
47,0.0,0.0,0.0,1.0,-0.0,0,0
48,0.0,0.0,0.0,1.0,-0.0,0,0
49,0.0,0.0,0.0,1.0,-0.0,0,0
50,0.0,0.009900990099009901,0.04338396495090424,1.0,-0.0,0,0
51,0.2,0.09108910891089109,0.13057300215314485,0.20211242547219427,0.6944069860981138,0,0
52,0.2,0.17227722772277226,0.1802741651760957,0.43889114017311737,0.3576431861013988,0,0
53,0.2,0.17227722772277226,0.1802741651760957,0.43889114017311737,0.3576431861013988,0,0
54,0.2,0.17227722772277226,0.1802741651760957,0.43889114017311737,0.3576431861013988,0,0
55,0.2,0.16237623762376235,0.17957677700997438,0.41702369169657333,0.3798392714511536,0,0
56,0.0,0.07920792079207921,0.11285391563386142,1.0,-0.0,0,0
57,0.0,0.0,0.0,1.0,-0.0,0,0
58,1.0,0.1841584158415841,0.19434208548729184,1.3466116929422733e-05,4.870757618771787,0,0
59,1.0,0.1841584158415841,0.19434208548729184,1.3466116929422733e-05,4.870757618771787,0,0
60,1.4,0.297029702970297,0.21546883974234365,1.5363551612858262e-07,6.813508376259727,0,0
61,1.4,0.297029702970297,0.21546883974234365,1.5363551612858262e-07,6.813508376259727,0,0
62,1.4,0.297029702970297,0.21546883974234365,1.5363551612858262e-07,6.813508376259727,0,0
63,0.4,0.11287128712871286,0.13024224675172555,0.013741989634856708,1.861950383369425,0,0
64,0.4,0.11287128712871286,0.13024224675172555,0.013741989634856708,1.861950383369425,0,0
65,0.4,0.1227722772277228,0.1514819128626161,0.03361716085555356,1.4734389677803263,0,0
66,0.4,0.1227722772277228,0.1514819128626161,0.03361716085555356,1.4734389677803263,0,0
67,0.4,0.1227722772277228,0.1514819128626161,0.03361716085555356,1.4734389677803263,0,0
68,0.4,0.19207920792079203,0.16867754011126218,0.10885271971782602,0.9631607155095359,0,0
69,0.4,0.19207920792079203,0.16867754011126218,0.10885271971782602,0.9631607155095359,0,0
70,0.0,0.06732673267326733,0.10634234916512914,1.0,-0.0,0,0
71,0.0,0.06732673267326733,0.10634234916512914,1.0,-0.0,0,0
72,0.0,0.06732673267326733,0.10634234916512914,1.0,-0.0,0,0
73,0.0,0.0,0.0,1.0,-0.0,0,0
74,0.2,0.09108910891089109,0.1108910891089109,0.16301473718485465,0.7877731318613976,0,0
75,0.2,0.09108910891089109,0.1108910891089109,0.16301473718485465,0.7877731318613976,0,0
76,0.2,0.09108910891089109,0.1108910891089109,0.16301473718485465,0.7877731318613976,0,0
77,0.2,0.09108910891089109,0.1108910891089109,0.16301473718485465,0.7877731318613976,0,0
78,0.2,0.10693069306930691,0.12126186845461277,0.22139013001589947,0.6548417446821359,0,0
79,0.0,0.015841584158415842,0.05401260078014202,1.0,-0.0,0,0
80,0.0,0.039603960396039604,0.0890869059738772,1.0,-0.0,0,0
81,0.0,0.039603960396039604,0.0890869059738772,1.0,-0.0,0,0
82,0.0,0.039603960396039604,0.0890869059738772,1.0,-0.0,0,0
83,0.0,0.05148514851485149,0.096075322540263,1.0,-0.0,0,0
84,0.0,0.06534653465346535,0.10189845806153354,1.0,-0.0,0,0
85,0.0,0.041584158415841586,0.08116396646304633,1.0,-0.0,0,0
86,0.0,0.041584158415841586,0.08116396646304633,1.0,-0.0,0,0
87,0.0,0.041584158415841586,0.08116396646304633,1.0,-0.0,0,0
88,0.0,0.01386138613861386,0.05079507064705211,1.0,-0.0,0,0
89,0.0,0.0,0.0,1.0,-0.0,0,0
90,0.0,0.013861386138613863,0.05079507064705211,1.0,-0.0,0,0
91,0.0,0.08712871287128712,0.12401163019288061,1.0,-0.0,0,0
92,0.0,0.08712871287128712,0.12401163019288061,1.0,-0.0,0,0
93,0.0,0.08712871287128712,0.12401163019288061,1.0,-0.0,0,0
94,0.0,0.15247524752475247,0.15957496727054085,1.0,-0.0,0,0
95,0.0,0.1386138613861386,0.15348770198080078,1.0,-0.0,0,0
96,0.0,0.06336633663366337,0.09721138779115705,1.0,-0.0,0,0
97,0.0,0.06336633663366337,0.09721138779115705,1.0,-0.0,0,0
98,0.0,0.09504950495049505,0.11805036483793174,1.0,-0.0,0,0
99,0.0,0.031683168316831684,0.0730260947112308,1.0,-0.0,0,0
100,0.0,0.05742574257425742,0.09885135821266286,1.0,-0.0,0,0
101,0.0,0.05742574257425742,0.09885135821266286,1.0,-0.0,0,0
102,0.0,0.1465346534653465,0.14041265664345218,1.0,-0.0,0,0
103,0.0,0.11386138613861384,0.12350468221396178,1.0,-0.0,0,0
104,0.0,0.13267326732673265,0.12982006655907932,1.0,-0.0,0,0
105,0.0,0.26138613861386134,0.21200144639414265,1.0,-0.0,0,0
106,0.0,0.2851485148514851,0.22222374712195594,1.0,-0.0,0,0
107,0.0,0.19801980198019797,0.18773279832857556,1.0,-0.0,0,0
108,0.0,0.19801980198019797,0.18773279832857556,1.0,-0.0,0,0
109,0.0,0.18019801980198016,0.1791176404070512,1.0,-0.0,0,0
110,0.0,0.023762376237623766,0.06471340450838887,1.0,-0.0,0,0
111,0.0,0.0,0.0,1.0,-0.0,0,0
112,0.0,0.0,0.0,1.0,-0.0,0,0
113,0.0,0.0,0.0,1.0,-0.0,0,0
114,0.0,0.0,0.0,1.0,-0.0,0,0
115,0.0,0.1465346534653465,0.15642311016341784,1.0,-0.0,0,0
116,0.2,0.1603960396039604,0.16415351901831846,0.4046761387095975,0.3928924025574408,0,0
117,0.2,0.1603960396039604,0.16415351901831846,0.4046761387095975,0.3928924025574408,0,0
118,0.2,0.1603960396039604,0.16415351901831846,0.4046761387095975,0.3928924025574408,0,0
119,0.2,0.1603960396039604,0.16415351901831846,0.4046761387095975,0.3928924025574408,0,0
120,0.2,0.013861386138613863,0.05079507064705211,0.00012391038159364294,3.90689230556944,0,0
121,0.0,0.0,0.0,1.0,-0.0,0,0
122,0.0,0.0,0.0,1.0,-0.0,0,0
123,0.0,0.0,0.0,1.0,-0.0,0,0
124,0.0,0.0,0.0,1.0,-0.0,0,0
125,0.0,0.0,0.0,1.0,-0.0,0,0
126,0.0,0.05148514851485149,0.09186070102766894,1.0,-0.0,0,0
127,0.0,0.05148514851485149,0.09186070102766894,1.0,-0.0,0,0
128,0.0,0.1782178217821782,0.18217821782178217,1.0,-0.0,0,0
129,0.0,0.2495049504950495,0.20759049672836247,1.0,-0.0,0,0
130,0.0,0.2495049504950495,0.20759049672836247,1.0,-0.0,0,0
131,0.0,0.19801980198019803,0.18346510608951241,1.0,-0.0,0,0
132,0.0,0.2574257425742574,0.19768288169074605,1.0,-0.0,0,0
133,0.0,0.13267326732673265,0.1442693512878177,1.0,-0.0,0,0
134,0.0,0.05940594059405942,0.0996808946427978,1.0,-0.0,0,0
135,0.0,0.05940594059405942,0.0996808946427978,1.0,-0.0,0,0
136,0.0,0.05940594059405942,0.0996808946427978,1.0,-0.0,0,0
137,0.0,0.0,0.0,1.0,-0.0,0,0
138,0.0,0.0,0.0,1.0,-0.0,0,0
139,0.0,0.0,0.0,1.0,-0.0,0,0
140,0.0,0.0,0.0,1.0,-0.0,0,0
141,0.0,0.0,0.0,1.0,-0.0,0,0
142,0.0,0.0,0.0,1.0,-0.0,0,0
143,0.0,0.0,0.0,1.0,-0.0,0,0
144,0.0,0.0,0.0,1.0,-0.0,0,0
145,0.0,0.0,0.0,1.0,-0.0,0,0
146,0.0,0.0,0.0,1.0,-0.0,0,0
147,0.0,0.0,0.0,1.0,-0.0,0,0
148,0.0,0.0,0.0,1.0,-0.0,0,0
149,0.0,0.0,0.0,1.0,-0.0,0,0
150,0.0,0.0,0.0,1.0,-0.0,0,0
151,0.0,0.0,0.0,1.0,-0.0,0,0
152,0.0,0.0,0.0,1.0,-0.0,0,0
153,0.0,0.011881188118811883,0.04727657974777555,1.0,-0.0,0,0
154,0.0,0.011881188118811883,0.04727657974777555,1.0,-0.0,0,0
155,0.0,0.011881188118811883,0.04727657974777555,1.0,-0.0,0,0
156,0.0,0.011881188118811883,0.04727657974777555,1.0,-0.0,0,0
157,0.0,0.011881188118811883,0.04727657974777555,1.0,-0.0,0,0
158,0.0,0.0,0.0,1.0,-0.0,0,0
159,0.0,0.0,0.0,1.0,-0.0,0,0
160,0.0,0.007920792079207921,0.03900537743285587,1.0,-0.0,0,0
161,0.0,0.007920792079207921,0.03900537743285587,1.0,-0.0,0,0
162,0.0,0.007920792079207921,0.03900537743285587,1.0,-0.0,0,0
163,0.0,0.007920792079207921,0.03900537743285587,1.0,-0.0,0,0
164,0.0,0.007920792079207921,0.03900537743285587,1.0,-0.0,0,0
165,0.0,0.0,0.0,1.0,-0.0,0,0
166,0.0,0.0,0.0,1.0,-0.0,0,0
167,0.0,0.0,0.0,1.0,-0.0,0,0
168,0.0,0.0,0.0,1.0,-0.0,0,0
169,0.0,0.0,0.0,1.0,-0.0,0,0
170,0.0,0.0059405940594059415,0.03395332316729158,1.0,-0.0,0,0
171,0.0,0.0059405940594059415,0.03395332316729158,1.0,-0.0,0,0
172,0.0,0.0059405940594059415,0.03395332316729158,1.0,-0.0,0,0
173,0.0,0.0059405940594059415,0.03395332316729158,1.0,-0.0,0,0
174,0.0,0.0059405940594059415,0.03395332316729158,1.0,-0.0,0,0
175,0.0,0.0,0.0,1.0,-0.0,0,0
176,0.0,0.0,0.0,1.0,-0.0,0,0
177,0.0,0.019801980198019802,0.059735061897023205,1.0,-0.0,0,0
178,0.0,0.03564356435643565,0.08626938974571076,1.0,-0.0,0,0
179,0.0,0.03564356435643565,0.08626938974571076,1.0,-0.0,0,0
180,0.0,0.03564356435643565,0.08626938974571076,1.0,-0.0,0,0
181,0.0,0.05742574257425742,0.10656335878870264,1.0,-0.0,0,0
182,0.0,0.03762376237623763,0.07816140339006158,1.0,-0.0,0,0
183,0.0,0.021782178217821784,0.06230547612891991,1.0,-0.0,0,0
184,0.0,0.021782178217821784,0.06230547612891991,1.0,-0.0,0,0
185,0.0,0.021782178217821784,0.06230547612891991,1.0,-0.0,0,0
186,0.0,0.007920792079207921,0.03900537743285587,1.0,-0.0,0,0
187,0.0,0.015841584158415842,0.06090517425437505,1.0,-0.0,0,0
188,0.0,0.015841584158415842,0.06090517425437505,1.0,-0.0,0,0
189,0.0,0.015841584158415842,0.06090517425437505,1.0,-0.0,0,0
190,0.0,0.015841584158415842,0.06090517425437505,1.0,-0.0,0,0
191,0.0,0.007920792079207921,0.03900537743285587,1.0,-0.0,0,0
192,0.0,0.0,0.0,1.0,-0.0,0,0
193,0.0,0.0,0.0,1.0,-0.0,0,0
194,0.0,0.0,0.0,1.0,-0.0,0,0
195,0.0,0.0,0.0,1.0,-0.0,0,0
196,0.0,0.0,0.0,1.0,-0.0,0,0
197,0.0,0.0,0.0,1.0,-0.0,0,0
198,0.0,0.0,0.0,1.0,-0.0,0,0
199,0.0,0.0,0.0,1.0,-0.0,0,0
200,0.0,0.03762376237623763,0.09211646217515253,1.0,-0.0,0,0
201,0.0,0.03762376237623763,0.09211646217515253,1.0,-0.0,0,0
202,0.0,0.03762376237623763,0.09211646217515253,1.0,-0.0,0,0
203,0.0,0.03762376237623763,0.09211646217515253,1.0,-0.0,0,0
204,0.0,0.03762376237623763,0.09211646217515253,1.0,-0.0,0,0
205,0.0,0.0,0.0,1.0,-0.0,0,0
206,0.0,0.011881188118811881,0.04727657974777554,1.0,-0.0,0,0
207,0.0,0.011881188118811881,0.04727657974777554,1.0,-0.0,0,0
208,0.0,0.06534653465346535,0.11976515267356391,1.0,-0.0,0,0
209,0.0,0.06534653465346535,0.11976515267356391,1.0,-0.0,0,0
210,0.0,0.06534653465346535,0.11976515267356391,1.0,-0.0,0,0
211,0.0,0.1485148514851485,0.15834156674616873,1.0,-0.0,0,0
212,0.0,0.1485148514851485,0.15834156674616873,1.0,-0.0,0,0
213,0.0,0.09306930693069305,0.11454380090280848,1.0,-0.0,0,0
214,0.0,0.09306930693069305,0.11454380090280848,1.0,-0.0,0,0
215,0.0,0.09306930693069305,0.11454380090280848,1.0,-0.0,0,0
216,0.0,0.05940594059405942,0.0996808946427978,1.0,-0.0,0,0
217,0.0,0.05940594059405942,0.0996808946427978,1.0,-0.0,0,0
218,0.0,0.07326732673267328,0.11509022642946842,1.0,-0.0,0,0
219,0.0,0.07326732673267328,0.11509022642946842,1.0,-0.0,0,0
220,0.0,0.08514851485148513,0.12054836637801526,1.0,-0.0,0,0
221,0.0,0.025742574257425748,0.06697637435757531,1.0,-0.0,0,0
222,0.0,0.025742574257425748,0.06697637435757531,1.0,-0.0,0,0
223,0.2,0.025742574257425748,0.07264925278354116,0.008228653963589683,2.084671200510097,0,0
224,0.2,0.07722772277227724,0.10889288780093088,0.12977421193735644,0.886811599723601,0,0
225,0.2,0.06534653465346535,0.10189845806153354,0.09317609402087902,1.03069549930456,0,0
226,0.2,0.06534653465346535,0.10189845806153354,0.09317609402087902,1.03069549930456,0,0
227,0.2,0.06534653465346535,0.10189845806153354,0.09317609402087902,1.03069549930456,0,0
228,0.0,0.06534653465346535,0.10571364605971598,1.0,-0.0,0,0
229,0.0,0.013861386138613863,0.05079507064705211,1.0,-0.0,0,0
230,0.0,0.013861386138613863,0.05079507064705211,1.0,-0.0,0,0
231,0.0,0.013861386138613863,0.05079507064705211,1.0,-0.0,0,0
232,0.0,0.06732673267326733,0.10255055347504201,1.0,-0.0,0,0
233,0.0,0.05346534653465348,0.09287951999650357,1.0,-0.0,0,0
234,0.0,0.05346534653465348,0.09287951999650357,1.0,-0.0,0,0
235,0.0,0.05346534653465348,0.09287951999650357,1.0,-0.0,0,0
236,0.0,0.05346534653465348,0.09287951999650357,1.0,-0.0,0,0
237,0.0,0.0,0.0,1.0,-0.0,0,0
238,0.0,0.0,0.0,1.0,-0.0,0,0
239,0.0,0.0,0.0,1.0,-0.0,0,0
240,0.0,0.0,0.0,1.0,-0.0,0,0
241,0.0,0.0,0.0,1.0,-0.0,0,0
242,0.0,0.0,0.0,1.0,-0.0,0,0
243,0.0,0.009900990099009901,0.04338396495090424,1.0,-0.0,0,0
244,0.0,0.017821782178217824,0.056980176514606566,1.0,-0.0,0,0
245,0.0,0.025742574257425745,0.0669763743575753,1.0,-0.0,0,0
246,0.0,0.025742574257425745,0.0669763743575753,1.0,-0.0,0,0
247,0.0,0.025742574257425745,0.0669763743575753,1.0,-0.0,0,0
248,0.0,0.015841584158415842,0.054012600780142014,1.0,-0.0,0,0
249,0.0,0.06534653465346535,0.1129581045303102,1.0,-0.0,0,0
250,0.0,0.05742574257425742,0.10277971700879983,1.0,-0.0,0,0
251,0.0,0.05742574257425742,0.10277971700879983,1.0,-0.0,0,0
252,0.0,0.05742574257425742,0.10277971700879983,1.0,-0.0,0,0
253,0.0,0.07524752475247526,0.1189108498693262,1.0,-0.0,0,0
254,0.0,0.017821782178217824,0.05698017651460656,1.0,-0.0,0,0
255,0.0,0.017821782178217824,0.05698017651460656,1.0,-0.0,0,0
256,0.0,0.017821782178217824,0.05698017651460656,1.0,-0.0,0,0
257,0.0,0.017821782178217824,0.05698017651460656,1.0,-0.0,0,0
258,0.0,0.009900990099009901,0.04338396495090425,1.0,-0.0,0,0
259,0.2,0.04554455445544555,0.08387254884969257,0.03277054107653563,1.4845163878939818,0,0
260,0.4,0.08712871287128712,0.127165103825761,0.0069399841190152176,2.1586415233537832,0,0
261,0.4,0.09900990099009901,0.12781100644043505,0.009262293022640852,2.0332814837499207,0,0
262,0.4,0.2613861386138614,0.21934659811561175,0.2637130836577144,0.5788683229202897,0,0
263,0.4,0.2514851485148515,0.21554162097723215,0.24540189023210546,0.6101220964003295,0,0
264,0.2,0.2158415841584158,0.20232934296150185,1.0,-0.0,0,0
265,0.0,0.17425742574257425,0.18808754299792682,1.0,-0.0,0,0
266,0.0,0.16237623762376235,0.1817688038394126,1.0,-0.0,0,0
267,0.0,0.0,0.0,1.0,-0.0,0,0
268,0.0,0.0,0.0,1.0,-0.0,0,0
269,0.0,0.0,0.0,1.0,-0.0,0,0
270,0.0,0.041584158415841586,0.08590499787518362,1.0,-0.0,0,0
271,0.0,0.041584158415841586,0.08590499787518362,1.0,-0.0,0,0
272,0.0,0.05742574257425742,0.10277971700879983,1.0,-0.0,0,0
273,0.0,0.05742574257425742,0.10277971700879983,1.0,-0.0,0,0
274,0.0,0.05742574257425742,0.10277971700879983,1.0,-0.0,0,0
275,0.0,0.015841584158415842,0.05401260078014202,1.0,-0.0,0,0
276,0.0,0.08118811881188118,0.12951766673875514,1.0,-0.0,0,0
277,0.0,0.06534653465346535,0.12302752132284411,1.0,-0.0,0,0
278,0.0,0.11485148514851483,0.16732380336061473,1.0,-0.0,0,0
279,0.0,0.11485148514851483,0.16732380336061473,1.0,-0.0,0,0
280,0.0,0.11485148514851483,0.16732380336061473,1.0,-0.0,0,0
281,0.0,0.049504950495049514,0.09912864166957489,1.0,-0.0,0,0
282,0.0,0.049504950495049514,0.09912864166957489,1.0,-0.0,0,0
283,0.0,0.0,0.0,1.0,-0.0,0,0
284,0.0,0.0,0.0,1.0,-0.0,0,0
285,0.0,0.0,0.0,1.0,-0.0,0,0
286,0.0,0.013861386138613863,0.05079507064705211,1.0,-0.0,0,0
287,0.0,0.013861386138613863,0.05079507064705211,1.0,-0.0,0,0
288,0.0,0.023762376237623763,0.06471340450838887,1.0,-0.0,0,0
289,0.0,0.023762376237623763,0.06471340450838887,1.0,-0.0,0,0
290,0.0,0.023762376237623763,0.06471340450838887,1.0,-0.0,0,0
291,0.0,0.009900990099009901,0.04338396495090424,1.0,-0.0,0,0
292,0.0,0.009900990099009901,0.04338396495090424,1.0,-0.0,0,0
293,0.0,0.0,0.0,1.0,-0.0,0,0
294,0.0,0.0,0.0,1.0,-0.0,0,0
295,0.0,0.0,0.0,1.0,-0.0,0,0
296,0.0,0.0,0.0,1.0,-0.0,0,0
297,0.0,0.0,0.0,1.0,-0.0,0,0
298,0.0,0.0,0.0,1.0,-0.0,0,0
299,0.0,0.0,0.0,1.0,-0.0,0,0
300,0.0,0.0,0.0,1.0,-0.0,0,0
301,0.0,0.0,0.0,1.0,-0.0,0,0
302,0.0,0.03168316831683169,0.0730260947112308,1.0,-0.0,0,0
303,0.0,0.03168316831683169,0.0730260947112308,1.0,-0.0,0,0
304,0.0,0.03168316831683169,0.0730260947112308,1.0,-0.0,0,0
305,0.0,0.04554455445544555,0.08387254884969256,1.0,-0.0,0,0
306,0.0,0.04554455445544555,0.08387254884969256,1.0,-0.0,0,0
307,0.0,0.023762376237623763,0.06471340450838887,1.0,-0.0,0,0
308,0.0,0.023762376237623763,0.06471340450838887,1.0,-0.0,0,0
309,0.0,0.05148514851485149,0.09607532254026299,1.0,-0.0,0,0
310,0.0,0.03762376237623763,0.08307396817189318,1.0,-0.0,0,0
311,0.0,0.06732673267326733,0.10634234916512914,1.0,-0.0,0,0
312,0.0,0.05742574257425742,0.10277971700879983,1.0,-0.0,0,0
313,0.0,0.05742574257425742,0.10277971700879983,1.0,-0.0,0,0
314,0.0,0.14059405940594058,0.13363035896081574,1.0,-0.0,0,0
315,0.0,0.14059405940594058,0.13363035896081574,1.0,-0.0,0,0
316,0.0,0.1099009900990099,0.11731733262256336,1.0,-0.0,0,0
317,0.0,0.15247524752475247,0.14113686876202344,1.0,-0.0,0,0
318,0.0,0.20198019801980194,0.1676749554852796,1.0,-0.0,0,0
319,0.0,0.097029702970297,0.13383560593042218,1.0,-0.0,0,0
320,0.0,0.097029702970297,0.13383560593042218,1.0,-0.0,0,0
321,0.0,0.11485148514851483,0.14445948324625327,1.0,-0.0,0,0
322,0.0,0.07326732673267328,0.10798889666879985,1.0,-0.0,0,0
323,0.0,0.023762376237623763,0.06471340450838887,1.0,-0.0,0,0
324,0.0,0.017821782178217824,0.05698017651460656,1.0,-0.0,0,0
325,0.0,0.017821782178217824,0.05698017651460656,1.0,-0.0,0,0
326,0.0,0.04554455445544555,0.08846854615322249,1.0,-0.0,0,0
327,0.0,0.04554455445544555,0.08846854615322249,1.0,-0.0,0,0
328,0.0,0.057425742574257435,0.09885135821266286,1.0,-0.0,0,0
329,0.0,0.057425742574257435,0.09885135821266286,1.0,-0.0,0,0
330,0.0,0.057425742574257435,0.09885135821266286,1.0,-0.0,0,0
331,0.0,0.011881188118811883,0.047276579747775535,1.0,-0.0,0,0
332,0.0,0.011881188118811883,0.047276579747775535,1.0,-0.0,0,0
333,0.0,0.0,0.0,1.0,-0.0,0,0
334,0.0,0.0,0.0,1.0,-0.0,0,0
335,0.0,0.0,0.0,1.0,-0.0,0,0
336,0.0,0.0,0.0,1.0,-0.0,0,0
337,0.0,0.0,0.0,1.0,-0.0,0,0
338,0.0,0.0,0.0,1.0,-0.0,0,0
339,0.0,0.0,0.0,1.0,-0.0,0,0
340,0.0,0.0,0.0,1.0,-0.0,0,0
341,0.0,0.0,0.0,1.0,-0.0,0,0
342,0.0,0.0,0.0,1.0,-0.0,0,0
343,0.0,0.0,0.0,1.0,-0.0,0,0
344,0.0,0.0,0.0,1.0,-0.0,0,0
345,0.0,0.0,0.0,1.0,-0.0,0,0
346,0.0,0.0,0.0,1.0,-0.0,0,0
347,0.0,0.0,0.0,1.0,-0.0,0,0
348,0.0,0.0,0.0,1.0,-0.0,0,0
349,0.0,0.0,0.0,1.0,-0.0,0,0
350,0.0,0.0,0.0,1.0,-0.0,0,0
351,0.0,0.0,0.0,1.0,-0.0,0,0
352,0.0,0.0,0.0,1.0,-0.0,0,0
353,0.0,0.0,0.0,1.0,-0.0,0,0
354,0.0,0.0,0.0,1.0,-0.0,0,0
355,0.0,0.0,0.0,1.0,-0.0,0,0
356,0.0,0.0,0.0,1.0,-0.0,0,0
357,0.0,0.0,0.0,1.0,-0.0,0,0
358,0.0,0.0,0.0,1.0,-0.0,0,0
359,0.0,0.0,0.0,1.0,-0.0,0,0
360,0.0,0.0,0.0,1.0,-0.0,0,0
361,0.0,0.0,0.0,1.0,-0.0,0,0
362,0.0,0.0,0.0,1.0,-0.0,0,0
363,0.0,0.0,0.0,1.0,-0.0,0,0
364,0.0,0.0,0.0,1.0,-0.0,0,0
365,0.0,0.0,0.0,1.0,-0.0,0,0
366,0.0,0.0,0.0,1.0,-0.0,0,0
367,0.0,0.0,0.0,1.0,-0.0,0,0
368,0.0,0.0,0.0,1.0,-0.0,0,0
369,0.0,0.0,0.0,1.0,-0.0,0,0
370,0.0,0.0,0.0,1.0,-0.0,0,0
371,0.0,0.0,0.0,1.0,-0.0,0,0
372,0.0,0.0,0.0,1.0,-0.0,0,0
373,0.0,0.0,0.0,1.0,-0.0,0,0
374,0.0,0.0,0.0,1.0,-0.0,0,0
375,0.0,0.0,0.0,1.0,-0.0,0,0
376,0.0,0.0,0.0,1.0,-0.0,0,0
377,0.0,0.0,0.0,1.0,-0.0,0,0
378,0.0,0.0,0.0,1.0,-0.0,0,0
379,0.0,0.0,0.0,1.0,-0.0,0,0
380,0.0,0.0,0.0,1.0,-0.0,0,0
381,0.0,0.0,0.0,1.0,-0.0,0,0
382,0.0,0.0,0.0,1.0,-0.0,0,0
383,0.0,0.0,0.0,1.0,-0.0,0,0
384,0.0,0.0,0.0,1.0,-0.0,0,0
385,0.0,0.0,0.0,1.0,-0.0,0,0
386,0.0,0.0,0.0,1.0,-0.0,0,0
387,0.0,0.0,0.0,1.0,-0.0,0,0
388,0.0,0.0,0.0,1.0,-0.0,0,0
389,0.0,0.0,0.0,1.0,-0.0,0,0
390,0.0,0.0,0.0,1.0,-0.0,0,0
391,0.0,0.0,0.0,1.0,-0.0,0,0
392,0.0,0.0,0.0,1.0,-0.0,0,0
393,0.0,0.0,0.0,1.0,-0.0,0,0
394,0.0,0.0,0.0,1.0,-0.0,0,0
395,0.0,0.0,0.0,1.0,-0.0,0,0
396,0.0,0.0,0.0,1.0,-0.0,0,0
397,0.0,0.0,0.0,1.0,-0.0,0,0
398,0.0,0.011881188118811881,0.047276579747775535,1.0,-0.0,0,0
399,0.0,0.011881188118811881,0.047276579747775535,1.0,-0.0,0,0
400,0.0,0.011881188118811881,0.047276579747775535,1.0,-0.0,0,0
