,foreground,bg_means,bg_stdev,pvals,minus_logs,regs,active
2,1.0,0.2732673267326733,0.22289325647929045,0.0005561747622531564,3.2547887221652574,0,0
3,0.6,0.21980198019801975,0.201980198019802,0.02989405541323211,1.5244151647827866,0,0
4,0.6,0.21980198019801975,0.201980198019802,0.02989405541323211,1.5244151647827866,0,0
5,0.6,0.20396039603960395,0.19084013945594866,0.018982024074877972,1.721657480123582,0,0
6,0.6,0.20396039603960395,0.19084013945594866,0.018982024074877972,1.721657480123582,0,0
7,0.0,0.013861386138613863,0.05807080514303042,1.0,-0.0,0,0
8,0.0,0.0,0.0,1.0,-0.0,0,0
9,0.0,0.0,0.0,1.0,-0.0,0,0
10,0.0,0.06336633663366338,0.11233152161332939,1.0,-0.0,0,0
11,0.0,0.14356435643564355,0.16910705589447975,1.0,-0.0,0,0
12,0.0,0.14356435643564355,0.16910705589447975,1.0,-0.0,0,0
13,0.0,0.14356435643564355,0.16910705589447975,1.0,-0.0,0,0
14,0.0,0.14356435643564355,0.16910705589447975,1.0,-0.0,0,0
15,0.0,0.07920792079207921,0.10560230990870005,1.0,-0.0,0,0
16,0.0,0.019801980198019806,0.05973506189702319,1.0,-0.0,0,0
17,0.0,0.019801980198019806,0.05973506189702319,1.0,-0.0,0,0
18,0.0,0.02970297029702971,0.07112192077650682,1.0,-0.0,0,0
19,0.0,0.02970297029702971,0.07112192077650682,1.0,-0.0,0,0
20,0.0,0.06534653465346535,0.1129581045303102,1.0,-0.0,0,0
21,0.0,0.24158415841584158,0.220381005242776,1.0,-0.0,0,0
22,0.0,0.24158415841584158,0.220381005242776,1.0,-0.0,0,0
23,0.0,0.25346534653465347,0.2141362370246057,1.0,-0.0,0,0
24,0.0,0.3900990099009901,0.26156609466864744,1.0,-0.0,0,0
25,0.0,0.35445544554455455,0.2577606351726413,1.0,-0.0,0,0
26,0.0,0.1584158415841584,0.1672534844655737,1.0,-0.0,0,0
27,0.0,0.4217821782178219,0.2593227891823523,1.0,-0.0,0,0
28,0.0,0.4475247524752475,0.2566324410189689,1.0,-0.0,0,0
29,0.0,0.31089108910891095,0.20580726834291893,1.0,-0.0,0,0
30,0.0,0.31089108910891095,0.20580726834291893,1.0,-0.0,0,0
31,0.0,0.31089108910891095,0.20580726834291893,1.0,-0.0,0,0
32,0.0,0.10297029702970295,0.127780323207142,1.0,-0.0,0,0
33,0.0,0.07524752475247524,0.10474480123119363,1.0,-0.0,0,0
34,0.0,0.07524752475247524,0.10474480123119363,1.0,-0.0,0,0
35,0.0,0.07524752475247524,0.10474480123119363,1.0,-0.0,0,0
36,0.0,0.27128712871287125,0.2154142376787709,1.0,-0.0,0,0
37,0.0,0.2158415841584158,0.19837591740781296,1.0,-0.0,0,0
38,0.0,0.19603960396039602,0.17571398456617046,1.0,-0.0,0,0
39,0.0,0.19603960396039602,0.17571398456617046,1.0,-0.0,0,0
40,0.0,0.19603960396039602,0.17571398456617046,1.0,-0.0,0,0
41,0.0,0.015841584158415842,0.05401260078014202,1.0,-0.0,0,0
42,0.2,0.04356435643564357,0.08255312311158745,0.029048226759887566,1.5368803738382273,0,0
43,0.2,0.04356435643564357,0.08255312311158745,0.029048226759887566,1.5368803738382273,0,0
44,0.2,0.04356435643564357,0.08255312311158745,0.029048226759887566,1.5368803738382273,0,0
45,0.2,0.12574257425742574,0.1397688794853172,0.29760986441622084,0.5263526779966813,0,0
46,0.2,0.10891089108910891,0.13650445892763632,0.2522910036310732,0.5980982355824722,0,0
47,0.0,0.08118811881188118,0.10964648079134362,1.0,-0.0,0,0
48,0.0,0.08118811881188118,0.10964648079134362,1.0,-0.0,0,0
49,0.0,0.08118811881188118,0.10964648079134362,1.0,-0.0,0,0
50,0.0,0.057425742574257435,0.09476028605152792,1.0,-0.0,0,0
51,0.0,0.1762376237623762,0.14429652833454798,1.0,-0.0,0,0
52,0.0,0.1762376237623762,0.14429652833454798,1.0,-0.0,0,0
53,0.0,0.1762376237623762,0.14429652833454798,1.0,-0.0,0,0
54,0.0,0.9564356435643565,0.3566665918465553,1.0,-0.0,0,0
55,0.0,0.899009900990099,0.35446097678078226,1.0,-0.0,0,0
56,0.0,0.984158415841584,0.39167896362708254,1.0,-0.0,0,0
57,0.0,0.984158415841584,0.39167896362708254,1.0,-0.0,0,0
58,0.0,0.984158415841584,0.39167896362708254,1.0,-0.0,0,0
59,0.0,0.20396039603960395,0.19696750100290228,1.0,-0.0,0,0
60,0.0,0.20396039603960395,0.19696750100290228,1.0,-0.0,0,0
61,0.0,0.0,0.0,1.0,-0.0,0,0
62,0.0,0.0,0.0,1.0,-0.0,0,0
63,0.0,0.0,0.0,1.0,-0.0,0,0
64,0.0,0.0,0.0,1.0,-0.0,0,0
65,0.0,0.0,0.0,1.0,-0.0,0,0
66,0.0,0.0,0.0,1.0,-0.0,0,0
67,0.0,0.0,0.0,1.0,-0.0,0,0
68,0.2,0.04554455445544555,0.08846854615322249,0.040415922396446834,1.3934475050229045,0,0
69,0.2,0.04554455445544555,0.08846854615322249,0.040415922396446834,1.3934475050229045,0,0
70,0.2,0.04554455445544555,0.08846854615322249,0.040415922396446834,1.3934475050229045,0,0
71,0.2,0.05148514851485149,0.09186070102766894,0.0529672293593788,1.275992743798466,0,0
72,0.8,0.30891089108910896,0.2587475584238334,0.028851543098834444,1.5398309540372939,0,0
73,0.6,0.2633663366336634,0.2250292708252949,0.06733269079888776,1.1717740295873296,0,0
74,0.6,0.2792079207920792,0.22704159852770048,0.07883932352200242,1.1032571108248865,0,0
75,0.6,0.31881188118811893,0.23744217484156185,0.11815937140047024,0.9275318281060025,0,0
76,0.6,0.3128712871287129,0.24114551965736072,0.11688834136671201,0.932228803916047,0,0
77,0.0,0.05544554455445544,0.09384550979067553,1.0,-0.0,0,0
78,0.0,0.05544554455445544,0.09384550979067553,1.0,-0.0,0,0
79,0.0,0.05346534653465347,0.09704990696905226,1.0,-0.0,0,0
80,0.0,0.023762376237623766,0.06471340450838889,1.0,-0.0,0,0
81,0.0,0.039603960396039604,0.07970143286137865,1.0,-0.0,0,0
82,0.0,0.05148514851485149,0.09186070102766894,1.0,-0.0,0,0
83,0.0,0.07326732673267328,0.10798889666879985,1.0,-0.0,0,0
84,0.0,0.05940594059405942,0.10357779667819422,1.0,-0.0,0,0
85,0.0,0.049504950495049514,0.09912864166957489,1.0,-0.0,0,0
86,0.0,0.041584158415841586,0.08116396646304633,1.0,-0.0,0,0
87,0.0,0.0297029702970297,0.07112192077650681,1.0,-0.0,0,0
88,0.0,0.007920792079207921,0.03900537743285587,1.0,-0.0,0,0
89,0.0,0.007920792079207921,0.03900537743285587,1.0,-0.0,0,0
90,0.0,0.007920792079207921,0.03900537743285587,1.0,-0.0,0,0
91,0.0,0.0,0.0,1.0,-0.0,0,0
92,0.0,0.0,0.0,1.0,-0.0,0,0
93,0.0,0.0,0.0,1.0,-0.0,0,0
94,0.0,0.0,0.0,1.0,-0.0,0,0
95,0.0,0.0,0.0,1.0,-0.0,0,0
96,0.0,0.0,0.0,1.0,-0.0,0,0
97,0.0,0.0,0.0,1.0,-0.0,0,0
98,0.6,0.302970297029703,0.2381676942888814,0.10617212622404544,0.9739894852883535,0,0
99,0.6,0.3247524752475249,0.25771499362555084,0.1427533321371982,0.8454137456957143,0,0
100,0.6,0.3247524752475249,0.25771499362555084,0.1427533321371982,0.8454137456957143,0,0
101,0.6,0.3247524752475249,0.25771499362555084,0.1427533321371982,0.8454137456957143,0,0
102,0.6,0.3247524752475249,0.25771499362555084,0.1427533321371982,0.8454137456957143,0,0
103,0.0,0.021782178217821784,0.06230547612891992,1.0,-0.0,0,0
104,0.0,0.0,0.0,1.0,-0.0,0,0
105,0.0,0.02772277227722772,0.06910862719451544,1.0,-0.0,0,0
106,0.0,0.02772277227722772,0.06910862719451544,1.0,-0.0,0,0
107,0.0,0.02772277227722772,0.06910862719451544,1.0,-0.0,0,0
108,0.0,0.02772277227722772,0.06910862719451544,1.0,-0.0,0,0
109,0.0,0.02772277227722772,0.06910862719451544,1.0,-0.0,0,0
110,0.0,0.0,0.0,1.0,-0.0,0,0
111,0.0,0.0,0.0,1.0,-0.0,0,0
112,0.0,0.0,0.0,1.0,-0.0,0,0
113,0.0,0.0,0.0,1.0,-0.0,0,0
114,0.0,0.0,0.0,1.0,-0.0,0,0
115,0.0,0.0,0.0,1.0,-0.0,0,0
116,0.0,0.0,0.0,1.0,-0.0,0,0
117,0.0,0.0,0.0,1.0,-0.0,0,0
118,0.0,0.0,0.0,1.0,-0.0,0,0
119,0.0,0.0,0.0,1.0,-0.0,0,0
120,0.0,0.0,0.0,1.0,-0.0,0,0
121,0.0,0.01386138613861386,0.05079507064705211,1.0,-0.0,0,0
122,0.0,0.07524752475247526,0.10474480123119365,1.0,-0.0,0,0
123,0.4,1.2475247524752477,0.460863171937942,1.0,-0.0,0,0
124,0.4,1.2475247524752477,0.460863171937942,1.0,-0.0,0,0
125,0.6,1.6059405940594058,0.4974831271686196,1.0,-0.0,0,0
126,0.6,1.592079207920792,0.4994419000723582,1.0,-0.0,0,0
127,1.2,1.697029702970297,0.4952158136489894,1.0,-0.0,0,0
128,0.8,0.5405940594059406,0.22785187902800044,0.12745901482963184,0.8946294426403059,0,0
129,0.8,0.5405940594059406,0.22785187902800044,0.12745901482963184,0.8946294426403059,0,0
130,0.6,0.18217821782178217,0.17371653227296086,0.008081964013637484,2.0924830876614307,0,0
131,0.6,0.18217821782178217,0.17371653227296086,0.008081964013637484,2.0924830876614307,0,0
132,0.0,0.013861386138613863,0.05079507064705211,1.0,-0.0,0,0
133,0.0,0.0,0.0,1.0,-0.0,0,0
134,0.0,0.0,0.0,1.0,-0.0,0,0
135,0.0,0.0,0.0,1.0,-0.0,0,0
136,0.0,0.0,0.0,1.0,-0.0,0,0
137,0.0,0.0,0.0,1.0,-0.0,0,0
138,0.0,0.0,0.0,1.0,-0.0,0,0
139,0.0,0.0,0.0,1.0,-0.0,0,0
140,0.0,0.0,0.0,1.0,-0.0,0,0
141,0.0,0.0,0.0,1.0,-0.0,0,0
142,0.0,0.0,0.0,1.0,-0.0,0,0
143,0.0,0.0,0.0,1.0,-0.0,0,0
144,0.0,0.0,0.0,1.0,-0.0,0,0
145,0.0,0.0,0.0,1.0,-0.0,0,0
146,0.0,0.0,0.0,1.0,-0.0,0,0
147,0.0,0.0,0.0,1.0,-0.0,0,0
148,0.0,0.0,0.0,1.0,-0.0,0,0
149,0.0,0.0,0.0,1.0,-0.0,0,0
150,0.0,0.0,0.0,1.0,-0.0,0,0
151,0.0,0.0,0.0,1.0,-0.0,0,0
152,0.0,0.0,0.0,1.0,-0.0,0,0
153,0.0,0.0,0.0,1.0,-0.0,0,0
154,0.0,0.0,0.0,1.0,-0.0,0,0
155,0.0,0.0,0.0,1.0,-0.0,0,0
156,0.2,0.04356435643564357,0.0916470215081674,0.04391693044295191,1.3573680223438196,0,0
157,0.2,0.04356435643564357,0.0916470215081674,0.04391693044295191,1.3573680223438196,0,0
158,0.2,0.04356435643564357,0.0916470215081674,0.04391693044295191,1.3573680223438196,0,0
159,0.2,0.04356435643564357,0.0916470215081674,0.04391693044295191,1.3573680223438196,0,0
160,0.4,0.10099009900990098,0.13386490123687583,0.012752424945647201,1.894407223827921,0,0
161,0.2,0.057425742574257435,0.10656335878870264,0.0904597157907538,1.0435447810683363,0,0
162,0.2,0.057425742574257435,0.10656335878870264,0.0904597157907538,1.0435447810683363,0,0
163,0.2,0.057425742574257435,0.10656335878870264,0.0904597157907538,1.0435447810683363,0,0
164,0.2,0.057425742574257435,0.10656335878870264,0.0904597157907538,1.0435447810683363,0,0
165,0.0,0.0,0.0,1.0,-0.0,0,0
166,0.0,0.021782178217821784,0.06230547612891991,1.0,-0.0,0,0
167,0.2,0.04554455445544555,0.08846854615322249,0.040415922396446834,1.3934475050229045,0,0
168,0.2,0.04554455445544555,0.08846854615322249,0.040415922396446834,1.3934475050229045,0,0
169,0.2,0.04554455445544555,0.08846854615322249,0.040415922396446834,1.3934475050229045,0,0
170,0.6,0.14257425742574253,0.15754712301715712,0.0018455460246156392,2.7338751198059743,0,0
171,0.6,0.11881188118811879,0.14399729871443837,0.0004164147513299586,3.380473894176564,0,0
172,0.4,0.09504950495049505,0.12135883917659061,0.005988860315070215,2.2226558163366756,0,0
173,0.4,0.09504950495049505,0.12135883917659061,0.005988860315070215,2.2226558163366756,0,0
174,0.4,0.09504950495049505,0.12135883917659061,0.005988860315070215,2.2226558163366756,0,0
175,0.0,0.0,0.0,1.0,-0.0,0,0
176,0.0,0.0,0.0,1.0,-0.0,0,0
177,0.0,0.0,0.0,1.0,-0.0,0,0
178,0.0,0.023762376237623766,0.06471340450838889,1.0,-0.0,0,0
179,0.0,0.04554455445544555,0.09283729243351321,1.0,-0.0,0,0
180,0.0,0.04554455445544555,0.09283729243351321,1.0,-0.0,0,0
181,0.0,0.14059405940594058,0.1450013436754282,1.0,-0.0,0,0
182,0.0,0.14059405940594058,0.1450013436754282,1.0,-0.0,0,0
183,0.0,0.15049504950495052,0.16981280455064038,1.0,-0.0,0,0
184,0.0,0.12673267326732673,0.15851482056387725,1.0,-0.0,0,0
185,0.0,0.2198019801980198,0.19397856469320326,1.0,-0.0,0,0
186,0.4,0.2455445544554455,0.2046609137062056,0.22521764978918873,0.6473975778273908,0,0
187,0.8,0.37623762376237624,0.24742176075148156,0.04338270959236315,1.3626833263591296,0,0
188,0.8,0.34257425742574266,0.23770625630768516,0.027156494419465566,1.566126293027144,0,0
189,0.8,0.37623762376237624,0.24419944569454247,0.041342725153601795,1.3836008997415263,0,0
190,0.8,0.2831683168316832,0.232536298425183,0.013121899121057051,1.88200330534847,0,0
191,0.6,1.1405940594059405,0.45428176754206745,1.0,-0.0,0,0
192,0.2,1.0118811881188117,0.44749846588881825,1.0,-0.0,0,0
193,0.2,1.0118811881188117,0.44749846588881825,1.0,-0.0,0,0
194,0.2,0.9782178217821782,0.43042782318236905,1.0,-0.0,0,0
195,0.2,1.0653465346534652,0.4324545746337466,1.0,-0.0,0,0
196,0.0,0.0871287128712871,0.1240116301928806,1.0,-0.0,0,0
197,0.0,0.09504950495049502,0.12771893462651168,1.0,-0.0,0,0
198,0.0,0.09504950495049502,0.12771893462651168,1.0,-0.0,0,0
199,0.0,0.11881188118811878,0.12951766673875512,1.0,-0.0,0,0
200,0.0,0.06930693069306931,0.0951731868570132,1.0,-0.0,0,0
201,0.0,0.06930693069306931,0.0951731868570132,1.0,-0.0,0,0
202,0.0,0.0613861386138614,0.09224407682259105,1.0,-0.0,0,0
203,0.0,0.0613861386138614,0.09224407682259105,1.0,-0.0,0,0
204,0.0,0.039603960396039604,0.07970143286137867,1.0,-0.0,0,0
205,0.0,0.0,0.0,1.0,-0.0,0,0
206,0.0,0.0,0.0,1.0,-0.0,0,0
207,0.0,0.0,0.0,1.0,-0.0,0,0
208,0.0,0.0,0.0,1.0,-0.0,0,0
209,0.0,0.0,0.0,1.0,-0.0,0,0
210,0.0,0.0,0.0,1.0,-0.0,0,0
211,0.2,0.049504950495049514,0.08631483056516186,0.040617958542992716,1.3912819080063723,0,0
212,0.2,0.049504950495049514,0.08631483056516186,0.040617958542992716,1.3912819080063723,0,0
213,0.2,0.049504950495049514,0.08631483056516186,0.040617958542992716,1.3912819080063723,0,0
214,0.6,0.33069306930693065,0.24605504264568823,0.13686815291931304,0.8636975936513454,0,0
215,0.6,0.33069306930693065,0.24605504264568823,0.13686815291931304,0.8636975936513454,0,0
216,0.4,0.3227722772277228,0.24368507030360653,0.37565363157846493,0.42521240832332025,0,0
217,0.8,1.2891089108910894,0.5085216371651756,1.0,-0.0,0,0
218,0.8,1.2891089108910894,0.5085216371651756,1.0,-0.0,0,0
219,0.4,1.007920792079208,0.43502205891874873,1.0,-0.0,0,0
220,0.4,1.007920792079208,0.43502205891874873,1.0,-0.0,0,0
221,0.4,0.9663366336633663,0.4156057794418883,1.0,-0.0,0,0
222,0.0,0.0,0.0,1.0,-0.0,0,0
223,0.0,0.0,0.0,1.0,-0.0,0,0
224,0.0,0.0,0.0,1.0,-0.0,0,0
225,0.0,0.0,0.0,1.0,-0.0,0,0
226,0.0,0.0,0.0,1.0,-0.0,0,0
227,0.0,0.0,0.0,1.0,-0.0,0,0
228,0.0,0.0,0.0,1.0,-0.0,0,0
229,0.2,0.32277227722772284,0.2215522145813563,1.0,-0.0,0,0
230,0.2,0.5306930693069307,0.29575966100987866,1.0,-0.0,0,0
231,0.2,0.5841584158415841,0.31045564510520407,1.0,-0.0,0,0
232,0.2,0.5841584158415841,0.31045564510520407,1.0,-0.0,0,0
233,0.2,0.7267326732673266,0.3443723201319346,1.0,-0.0,0,0
234,0.0,0.4693069306930694,0.2705852016243758,1.0,-0.0,0,0
235,0.0,0.2613861386138614,0.20047976961699593,1.0,-0.0,0,0
236,0.0,0.20990099009900987,0.1977622086930122,1.0,-0.0,0,0
237,0.0,0.20990099009900987,0.1977622086930122,1.0,-0.0,0,0
238,0.0,0.06534653465346535,0.10571364605971598,1.0,-0.0,0,0
239,0.0,0.019801980198019802,0.059735061897023205,1.0,-0.0,0,0
240,0.0,0.019801980198019802,0.059735061897023205,1.0,-0.0,0,0
241,0.0,0.061386138613861406,0.1080614942545921,1.0,-0.0,0,0
242,0.0,0.061386138613861406,0.1080614942545921,1.0,-0.0,0,0
243,0.0,0.061386138613861406,0.1080614942545921,1.0,-0.0,0,0
244,0.0,0.041584158415841586,0.08590499787518362,1.0,-0.0,0,0
245,0.0,0.041584158415841586,0.08590499787518362,1.0,-0.0,0,0
246,0.0,0.0,0.0,1.0,-0.0,0,0
247,0.0,0.033663366336633666,0.07994704648786673,1.0,-0.0,0,0
248,0.2,0.17227722772277226,0.15927982219556597,0.43091278964493474,0.365610615705574,0,0
249,0.2,0.1920792079207921,0.16631305820670148,0.481007235847395,0.31784839043498525,0,0
250,0.2,0.26138613861386145,0.2043925058350363,1.0,-0.0,0,0
251,0.2,0.26138613861386145,0.2043925058350363,1.0,-0.0,0,0
252,0.2,0.23762376237623767,0.21006905283763708,1.0,-0.0,0,0
253,0.2,0.12475247524752475,0.15117096779399852,0.309325058474165,0.5095848963038501,0,0
254,0.2,0.10495049504950495,0.1367053908443026,0.2434376750920733,0.6136122082817695,0,0
255,0.2,0.04554455445544555,0.09283729243351323,0.04808399917069303,1.3179994190099724,0,0
256,0.2,0.061386138613861385,0.11166631429601336,0.10724339580581539,0.9696294427647089,0,0
257,0.2,0.051485148514851496,0.096075322540263,0.06107440442601424,1.2141407594058025,0,0
258,0.0,0.025742574257425745,0.07264925278354115,1.0,-0.0,0,0
259,0.6,0.6851485148514852,0.3061696089236935,1.0,-0.0,0,0
260,0.6,0.724752475247525,0.32682266987370706,1.0,-0.0,0,0
261,0.6,0.7227722772277227,0.32453506366536045,1.0,-0.0,0,0
262,3.2,1.592079207920792,0.47755216776183324,0.0003799458158757824,3.4202783337621794,0,0
263,4.0,1.7485148514851485,0.48474017974440836,1.7026433275592823e-06,5.768876319210716,0,0
264,3.4,1.087128712871287,0.40630266393432063,6.260228157541914e-09,8.203409838394078,0,0
265,4.8,1.784158415841584,0.5225096850241391,3.920559554917018e-09,8.406651944645294,0,0
266,4.8,1.7801980198019802,0.5284049980614083,5.487190637834273e-09,8.260649951135935,0,0
267,2.2,0.9108910891089109,0.3944920258198478,0.0005419935240808733,3.266005902525716,0,0
268,1.4,0.7762376237623761,0.3640118904736968,0.04330322713597556,1.3634797370156548,0,0
269,1.8,0.9722772277227723,0.41173836061294466,0.0221990624654747,1.6536653667506562,0,0
270,0.6,0.5306930693069307,0.2984257621193585,0.40817511383201566,0.38915347746144924,0,0
271,0.6,0.5603960396039604,0.29520229946272036,0.44663853671142006,0.35004380800196855,0,0
272,0.6,0.5603960396039604,0.29520229946272036,0.44663853671142006,0.35004380800196855,0,0
273,0.6,0.5386138613861386,0.2975045709041326,0.4182639206793835,0.3785495959157573,0,0
274,0.2,0.3643564356435644,0.26159607530885914,1.0,-0.0,0,0
275,0.0,0.0613861386138614,0.10433219700847123,1.0,-0.0,0,0
276,0.0,0.23366336633663365,0.20112418099951873,1.0,-0.0,0,0
277,0.0,0.3148514851485149,0.23096274553383495,1.0,-0.0,0,0
278,0.2,0.9168316831683169,0.43168316831683173,1.0,-0.0,0,0
279,0.2,0.895049504950495,0.4198953753759752,1.0,-0.0,0,0
280,0.4,0.9564356435643564,0.4490729375992186,1.0,-0.0,0,0
