,foreground,bg_means,bg_stdev,pvals,minus_logs,regs,active
2,0.0,0.03762376237623763,0.08307396817189318,1.0,-0.0,0,0
3,0.0,0.03762376237623763,0.08307396817189318,1.0,-0.0,0,0
4,0.0,0.007920792079207921,0.03900537743285587,1.0,-0.0,0,0
5,0.0,0.007920792079207921,0.03900537743285587,1.0,-0.0,0,0
6,0.0,0.007920792079207921,0.03900537743285587,1.0,-0.0,0,0
7,0.0,0.007920792079207921,0.03900537743285587,1.0,-0.0,0,0
8,0.0,0.03564356435643565,0.07653920035678292,1.0,-0.0,0,0
9,0.0,0.02772277227722772,0.06910862719451544,1.0,-0.0,0,0
10,0.0,0.02772277227722772,0.06910862719451544,1.0,-0.0,0,0
11,0.0,0.06534653465346535,0.10571364605971598,1.0,-0.0,0,0
12,0.0,0.07920792079207921,0.11631029826208643,1.0,-0.0,0,0
13,0.0,0.05148514851485149,0.1001126705723924,1.0,-0.0,0,0
14,0.0,0.05148514851485149,0.1001126705723924,1.0,-0.0,0,0
15,0.0,0.05148514851485149,0.1001126705723924,1.0,-0.0,0,0
16,0.0,0.025742574257425748,0.06697637435757531,1.0,-0.0,0,0
17,0.0,0.011881188118811883,0.047276579747775535,1.0,-0.0,0,0
18,0.0,0.011881188118811883,0.047276579747775535,1.0,-0.0,0,0
19,0.0,0.011881188118811883,0.047276579747775535,1.0,-0.0,0,0
20,0.0,0.011881188118811883,0.047276579747775535,1.0,-0.0,0,0
21,0.0,0.0,0.0,1.0,-0.0,0,0
22,0.0,0.0,0.0,1.0,-0.0,0,0
23,0.0,0.0,0.0,1.0,-0.0,0,0
24,0.0,0.0,0.0,1.0,-0.0,0,0
25,0.0,0.0,0.0,1.0,-0.0,0,0
26,0.0,0.0,0.0,1.0,-0.0,0,0
27,0.0,0.0,0.0,1.0,-0.0,0,0
28,0.0,0.0,0.0,1.0,-0.0,0,0
29,0.0,0.007920792079207921,0.03900537743285587,1.0,-0.0,0,0
30,0.0,0.017821782178217824,0.05698017651460656,1.0,-0.0,0,0
31,0.0,0.017821782178217824,0.05698017651460656,1.0,-0.0,0,0
32,0.0,0.017821782178217824,0.05698017651460656,1.0,-0.0,0,0
33,0.0,0.017821782178217824,0.05698017651460656,1.0,-0.0,0,0
34,0.0,0.023762376237623766,0.06471340450838887,1.0,-0.0,0,0
35,0.0,0.013861386138613863,0.05079507064705211,1.0,-0.0,0,0
36,0.0,0.02970297029702971,0.07648795214189293,1.0,-0.0,0,0
37,0.0,0.049504950495049514,0.09078727434730813,1.0,-0.0,0,0
38,0.0,0.049504950495049514,0.09078727434730813,1.0,-0.0,0,0
39,0.0,0.03564356435643565,0.07653920035678292,1.0,-0.0,0,0
40,0.0,0.03564356435643565,0.07653920035678292,1.0,-0.0,0,0
41,0.0,0.061386138613861385,0.10806149425459212,1.0,-0.0,0,0
42,0.0,0.06534653465346535,0.10189845806153354,1.0,-0.0,0,0
43,0.0,0.06534653465346535,0.10189845806153354,1.0,-0.0,0,0
44,0.0,0.06534653465346535,0.10189845806153354,1.0,-0.0,0,0
45,0.2,0.10297029702970295,0.13084299831035082,0.2291728857470876,0.6398367665781117,0,0
46,0.2,0.07722772277227723,0.122580495370631,0.15827697765574333,0.80058225130445,0,0
47,0.2,0.05346534653465347,0.09704990696905226,0.0655357875709919,1.1835214771048093,0,0
48,0.2,0.09108910891089109,0.12435895816322838,0.19057525368436823,0.7199334934461744,0,0
49,0.2,0.09108910891089109,0.12435895816322838,0.19057525368436823,0.7199334934461744,0,0
50,0.0,0.05346534653465347,0.10489443673781407,1.0,-0.0,0,0
51,0.0,0.03762376237623763,0.08771182015980238,1.0,-0.0,0,0
52,0.0,0.03762376237623763,0.08771182015980238,1.0,-0.0,0,0
53,0.0,0.0,0.0,1.0,-0.0,0,0
54,0.0,0.0,0.0,1.0,-0.0,0,0
55,0.0,0.0,0.0,1.0,-0.0,0,0
56,0.0,0.0,0.0,1.0,-0.0,0,0
57,0.0,0.0,0.0,1.0,-0.0,0,0
58,0.0,0.0,0.0,1.0,-0.0,0,0
59,0.0,0.0,0.0,1.0,-0.0,0,0
60,0.0,0.03762376237623763,0.07816140339006158,1.0,-0.0,0,0
61,0.0,0.03762376237623763,0.07816140339006158,1.0,-0.0,0,0
62,0.0,0.04554455445544555,0.08387254884969256,1.0,-0.0,0,0
63,0.0,0.05742574257425742,0.09885135821266286,1.0,-0.0,0,0
64,0.0,0.05742574257425742,0.09885135821266286,1.0,-0.0,0,0
65,0.0,0.019801980198019802,0.06603299802191315,1.0,-0.0,0,0
66,0.0,0.023762376237623766,0.0759735686861421,1.0,-0.0,0,0
67,0.0,0.031683168316831684,0.07826167463512675,1.0,-0.0,0,0
68,0.0,0.027722772277227727,0.06910862719451544,1.0,-0.0,0,0
69,0.0,0.04356435643564357,0.08255312311158745,1.0,-0.0,0,0
70,0.0,0.04356435643564357,0.08255312311158745,1.0,-0.0,0,0
71,0.0,0.039603960396039604,0.07970143286137867,1.0,-0.0,0,0
72,0.0,0.023762376237623766,0.06471340450838887,1.0,-0.0,0,0
73,0.0,0.015841584158415842,0.05401260078014202,1.0,-0.0,0,0
74,0.0,0.0,0.0,1.0,-0.0,0,0
75,0.0,0.0,0.0,1.0,-0.0,0,0
76,0.0,0.0,0.0,1.0,-0.0,0,0
77,0.0,0.0,0.0,1.0,-0.0,0,0
78,0.0,0.017821782178217824,0.05698017651460656,1.0,-0.0,0,0
79,0.0,0.017821782178217824,0.05698017651460656,1.0,-0.0,0,0
80,0.0,0.02970297029702971,0.07648795214189293,1.0,-0.0,0,0
81,0.0,0.02970297029702971,0.07648795214189293,1.0,-0.0,0,0
82,0.0,0.02970297029702971,0.07648795214189293,1.0,-0.0,0,0
83,0.0,0.011881188118811881,0.047276579747775535,1.0,-0.0,0,0
84,0.2,0.1089108910891089,0.15801930568918815,0.2821579227741719,0.5495077505727595,0,0
85,0.2,0.09702970297029703,0.14789308791950767,0.2431367018376649,0.614149478826451,0,0
86,0.2,0.09702970297029703,0.14789308791950767,0.2431367018376649,0.614149478826451,0,0
87,0.2,0.09702970297029703,0.14789308791950767,0.2431367018376649,0.614149478826451,0,0
88,0.2,0.09702970297029703,0.14789308791950767,0.2431367018376649,0.614149478826451,0,0
89,0.0,0.0,0.0,1.0,-0.0,0,0
90,0.0,0.0,0.0,1.0,-0.0,0,0
91,0.0,0.0,0.0,1.0,-0.0,0,0
92,0.0,0.0,0.0,1.0,-0.0,0,0
93,0.0,0.0,0.0,1.0,-0.0,0,0
94,0.0,0.0,0.0,1.0,-0.0,0,0
95,0.0,0.0,0.0,1.0,-0.0,0,0
96,0.2,0.041584158415841586,0.08116396646304633,0.025480968483881664,1.5937840693032386,0,0
97,0.2,0.041584158415841586,0.08116396646304633,0.025480968483881664,1.5937840693032386,0,0
98,0.2,0.041584158415841586,0.08116396646304633,0.025480968483881664,1.5937840693032386,0,0
99,0.2,0.041584158415841586,0.08116396646304633,0.025480968483881664,1.5937840693032386,0,0
100,0.2,0.041584158415841586,0.08116396646304633,0.025480968483881664,1.5937840693032386,0,0
101,0.0,0.0,0.0,1.0,-0.0,0,0
102,0.0,0.0,0.0,1.0,-0.0,0,0
103,0.0,0.0,0.0,1.0,-0.0,0,0
104,0.0,0.0,0.0,1.0,-0.0,0,0
105,0.0,0.0,0.0,1.0,-0.0,0,0
106,0.2,0.047524752475247525,0.0939707763778588,0.05233944412570533,1.2811708941229774,0,0
107,0.2,0.047524752475247525,0.0939707763778588,0.05233944412570533,1.2811708941229774,0,0
108,0.2,0.047524752475247525,0.0939707763778588,0.05233944412570533,1.2811708941229774,0,0
109,0.2,0.24356435643564353,0.183700057715788,1.0,-0.0,0,0
110,0.2,0.2851485148514852,0.19770271642532572,1.0,-0.0,0,0
111,0.0,0.2752475247524752,0.17988221701664575,1.0,-0.0,0,0
112,0.0,0.36831683168316837,0.22468049617236202,1.0,-0.0,0,0
113,0.0,0.39207920792079204,0.2403311116585944,1.0,-0.0,0,0
114,0.0,0.2178217821782178,0.1951876678075502,1.0,-0.0,0,0
115,0.0,0.17623762376237626,0.18301572450512466,1.0,-0.0,0,0
116,0.0,0.13861386138613863,0.15348770198080078,1.0,-0.0,0,0
117,0.0,0.04554455445544554,0.09283729243351323,1.0,-0.0,0,0
118,0.0,0.021782178217821784,0.06230547612891991,1.0,-0.0,0,0
119,0.0,0.0,0.0,1.0,-0.0,0,0
120,0.0,0.013861386138613863,0.05079507064705211,1.0,-0.0,0,0
121,0.0,0.013861386138613863,0.05079507064705211,1.0,-0.0,0,0
122,0.0,0.013861386138613863,0.05079507064705211,1.0,-0.0,0,0
123,0.0,0.013861386138613863,0.05079507064705211,1.0,-0.0,0,0
124,0.0,0.013861386138613863,0.05079507064705211,1.0,-0.0,0,0
125,0.0,0.0,0.0,1.0,-0.0,0,0
126,0.0,0.0,0.0,1.0,-0.0,0,0
127,0.0,0.0,0.0,1.0,-0.0,0,0
128,0.0,0.0,0.0,1.0,-0.0,0,0
129,0.0,0.0,0.0,1.0,-0.0,0,0
130,0.0,0.0,0.0,1.0,-0.0,0,0
131,0.2,0.03762376237623763,0.07816140339006158,0.01888012292982573,1.723995182306426,0,0
132,0.2,0.03762376237623763,0.07816140339006158,0.01888012292982573,1.723995182306426,0,0
133,0.2,0.03762376237623763,0.07816140339006158,0.01888012292982573,1.723995182306426,0,0
134,0.2,0.03762376237623763,0.07816140339006158,0.01888012292982573,1.723995182306426,0,0
135,0.2,0.03762376237623763,0.07816140339006158,0.01888012292982573,1.723995182306426,0,0
136,0.0,0.011881188118811883,0.047276579747775535,1.0,-0.0,0,0
137,0.0,0.011881188118811883,0.047276579747775535,1.0,-0.0,0,0
138,0.0,0.011881188118811883,0.047276579747775535,1.0,-0.0,0,0
139,0.0,0.011881188118811883,0.047276579747775535,1.0,-0.0,0,0
140,0.0,0.011881188118811883,0.047276579747775535,1.0,-0.0,0,0
141,0.0,0.017821782178217824,0.05698017651460656,1.0,-0.0,0,0
142,0.0,0.017821782178217824,0.05698017651460656,1.0,-0.0,0,0
143,0.0,0.017821782178217824,0.05698017651460656,1.0,-0.0,0,0
144,0.0,0.017821782178217824,0.05698017651460656,1.0,-0.0,0,0
145,0.0,0.017821782178217824,0.05698017651460656,1.0,-0.0,0,0
146,0.0,0.0,0.0,1.0,-0.0,0,0
147,0.0,0.0,0.0,1.0,-0.0,0,0
148,0.0,0.017821782178217824,0.05698017651460656,1.0,-0.0,0,0
149,0.0,0.017821782178217824,0.05698017651460656,1.0,-0.0,0,0
150,0.0,0.017821782178217824,0.05698017651460656,1.0,-0.0,0,0
151,0.0,0.017821782178217824,0.05698017651460656,1.0,-0.0,0,0
152,0.0,0.027722772277227727,0.06910862719451544,1.0,-0.0,0,0
153,0.0,0.009900990099009901,0.04338396495090424,1.0,-0.0,0,0
154,0.0,0.009900990099009901,0.04338396495090424,1.0,-0.0,0,0
155,0.0,0.009900990099009901,0.04338396495090424,1.0,-0.0,0,0
156,0.0,0.009900990099009901,0.04338396495090424,1.0,-0.0,0,0
157,0.0,0.0,0.0,1.0,-0.0,0,0
158,0.0,0.0,0.0,1.0,-0.0,0,0
159,0.0,0.0,0.0,1.0,-0.0,0,0
160,0.0,0.0,0.0,1.0,-0.0,0,0
161,0.0,0.0,0.0,1.0,-0.0,0,0
162,0.0,0.0,0.0,1.0,-0.0,0,0
163,0.0,0.0,0.0,1.0,-0.0,0,0
164,0.0,0.0,0.0,1.0,-0.0,0,0
165,0.0,0.0,0.0,1.0,-0.0,0,0
166,0.0,0.0,0.0,1.0,-0.0,0,0
167,0.0,0.0,0.0,1.0,-0.0,0,0
168,0.0,0.0,0.0,1.0,-0.0,0,0
169,0.0,0.0,0.0,1.0,-0.0,0,0
170,0.0,0.0059405940594059415,0.03395332316729158,1.0,-0.0,0,0
171,0.0,0.0059405940594059415,0.03395332316729158,1.0,-0.0,0,0
172,0.0,0.0059405940594059415,0.03395332316729158,1.0,-0.0,0,0
173,0.0,0.0059405940594059415,0.03395332316729158,1.0,-0.0,0,0
174,0.0,0.0059405940594059415,0.03395332316729158,1.0,-0.0,0,0
175,0.0,0.011881188118811881,0.047276579747775535,1.0,-0.0,0,0
176,0.0,0.011881188118811881,0.047276579747775535,1.0,-0.0,0,0
177,0.0,0.011881188118811881,0.047276579747775535,1.0,-0.0,0,0
178,0.0,0.011881188118811881,0.047276579747775535,1.0,-0.0,0,0
179,0.0,0.011881188118811881,0.047276579747775535,1.0,-0.0,0,0
180,0.0,0.03564356435643565,0.08154954567118415,1.0,-0.0,0,0
181,0.0,0.03564356435643565,0.08154954567118415,1.0,-0.0,0,0
182,0.0,0.061386138613861385,0.10433219700847123,1.0,-0.0,0,0
183,0.0,0.07524752475247526,0.10845991237726066,1.0,-0.0,0,0
184,0.0,0.07524752475247526,0.10845991237726066,1.0,-0.0,0,0
185,0.0,0.04752475247524753,0.08512548617902843,1.0,-0.0,0,0
186,0.0,0.08514851485148513,0.11025275966000045,1.0,-0.0,0,0
187,0.0,0.059405940594059424,0.09968089464279778,1.0,-0.0,0,0
188,0.0,0.04554455445544554,0.08846854615322249,1.0,-0.0,0,0
189,0.0,0.04554455445544554,0.08846854615322249,1.0,-0.0,0,0
190,0.0,0.03762376237623762,0.08307396817189318,1.0,-0.0,0,0
191,0.0,0.0,0.0,1.0,-0.0,0,0
192,0.0,0.0,0.0,1.0,-0.0,0,0
193,0.0,0.011881188118811883,0.047276579747775535,1.0,-0.0,0,24
194,0.0,0.011881188118811883,0.047276579747775535,1.0,-0.0,0,0
195,0.0,0.011881188118811883,0.047276579747775535,1.0,-0.0,0,0
196,0.0,0.011881188118811883,0.047276579747775535,1.0,-0.0,0,0
197,0.0,0.011881188118811883,0.047276579747775535,1.0,-0.0,0,0
198,0.0,0.011881188118811883,0.047276579747775535,1.0,-0.0,0,0
199,0.0,0.011881188118811883,0.047276579747775535,1.0,-0.0,0,0
200,0.0,0.011881188118811883,0.047276579747775535,1.0,-0.0,0,0
201,0.0,0.011881188118811883,0.047276579747775535,1.0,-0.0,0,0
202,0.0,0.011881188118811883,0.047276579747775535,1.0,-0.0,0,0
203,0.0,0.025742574257425745,0.06697637435757531,1.0,-0.0,0,0
204,0.0,0.025742574257425745,0.06697637435757531,1.0,-0.0,0,0
205,0.0,0.07524752475247524,0.1189108498693262,1.0,-0.0,0,0
206,0.0,0.08514851485148514,0.12379009590564582,1.0,-0.0,0,0
207,0.0,0.12871287128712874,0.15046899201198313,1.0,-0.0,0,0
208,0.0,0.10297029702970298,0.12778032320714203,1.0,-0.0,0,0
209,0.0,0.1603960396039604,0.15420136502124182,1.0,-0.0,0,0
210,0.0,0.14455445544554454,0.15445544554455445,1.0,-0.0,0,0
211,0.0,0.13465346534653463,0.14653465346534655,1.0,-0.0,0,0
212,0.0,0.09702970297029702,0.124642415697871,1.0,-0.0,0,0
213,0.0,0.09702970297029702,0.124642415697871,1.0,-0.0,0,0
214,0.0,0.041584158415841586,0.09467748980500532,1.0,-0.0,0,0
215,0.0,0.027722772277227727,0.06910862719451544,1.0,-0.0,0,0
216,0.0,0.027722772277227727,0.06910862719451544,1.0,-0.0,0,0
217,0.0,0.08316831683168316,0.12028786177019754,1.0,-0.0,0,0
218,0.0,0.10495049504950493,0.1367053908443026,1.0,-0.0,0,0
219,0.0,0.13861386138613863,0.1427941099193659,1.0,-0.0,0,0
220,0.0,0.11683168316831682,0.14146987009498416,1.0,-0.0,0,0
221,0.0,0.11683168316831682,0.14146987009498416,1.0,-0.0,0,0
222,0.0,0.07524752475247526,0.10845991237726066,1.0,-0.0,0,0
223,0.0,0.07524752475247526,0.11205191564986228,1.0,-0.0,0,0
224,0.0,0.04356435643564357,0.08255312311158745,1.0,-0.0,0,0
225,0.0,0.04356435643564357,0.08255312311158745,1.0,-0.0,0,0
226,0.0,0.06930693069306931,0.10693069306930696,1.0,-0.0,0,0
227,0.0,0.04752475247524753,0.09397077637785879,1.0,-0.0,0,0
228,0.0,0.025742574257425748,0.06697637435757531,1.0,-0.0,0,0
229,0.0,0.025742574257425748,0.06697637435757531,1.0,-0.0,0,0
230,0.0,0.025742574257425748,0.06697637435757531,1.0,-0.0,0,0
231,0.0,0.0,0.0,1.0,-0.0,0,0
232,0.0,0.019801980198019802,0.0597350618970232,1.0,-0.0,0,0
233,0.0,0.07524752475247526,0.1189108498693262,1.0,-0.0,0,0
234,0.0,0.1069306930693069,0.12762679639066946,1.0,-0.0,0,0
235,0.0,0.1267326732673267,0.13415750246300454,1.0,-0.0,0,0
236,0.0,0.1267326732673267,0.13415750246300454,1.0,-0.0,0,0
237,0.0,0.10495049504950493,0.1213588391765906,1.0,-0.0,0,0
238,0.0,0.04950495049504951,0.09078727434730813,1.0,-0.0,0,0
239,0.0,0.017821782178217824,0.05698017651460656,1.0,-0.0,0,0
240,0.0,0.021782178217821784,0.06230547612891991,1.0,-0.0,0,0
241,0.0,0.031683168316831684,0.0730260947112308,1.0,-0.0,0,0
242,0.0,0.031683168316831684,0.0730260947112308,1.0,-0.0,0,0
243,0.0,0.04752475247524753,0.08512548617902843,1.0,-0.0,0,0
244,0.0,0.04752475247524753,0.08512548617902843,1.0,-0.0,0,0
245,0.0,0.025742574257425748,0.0669763743575753,1.0,-0.0,0,0
246,0.0,0.015841584158415842,0.05401260078014202,1.0,-0.0,0,0
247,0.0,0.015841584158415842,0.05401260078014202,1.0,-0.0,0,0
248,0.0,0.0,0.0,1.0,-0.0,0,0
249,0.0,0.0,0.0,1.0,-0.0,0,0
250,0.2,0.017821782178217824,0.0635517090529949,0.0020744436267099344,2.6830983626867595,0,0
251,0.2,0.017821782178217824,0.0635517090529949,0.0020744436267099344,2.6830983626867595,0,0
252,0.2,0.017821782178217824,0.0635517090529949,0.0020744436267099344,2.6830983626867595,0,0
253,0.4,0.03564356435643565,0.09074407316744237,2.9696547060178094e-05,4.527294044955163,0,0
254,0.4,0.03564356435643565,0.09074407316744237,2.9696547060178094e-05,4.527294044955163,0,0
255,0.2,0.017821782178217824,0.056980176514606566,0.0006937928196726553,3.15877019915046,0,0
256,0.2,0.017821782178217824,0.056980176514606566,0.0006937928196726553,3.15877019915046,0,0
257,0.2,0.017821782178217824,0.056980176514606566,0.0006937928196726553,3.15877019915046,0,0
258,0.0,0.0,0.0,1.0,-0.0,0,0
259,0.0,0.0,0.0,1.0,-0.0,0,0
260,0.0,0.0,0.0,1.0,-0.0,0,0
261,0.2,0.033663366336633666,0.07994704648786674,0.018735949469970602,1.7273242935431963,0,0
262,0.2,0.033663366336633666,0.07994704648786674,0.018735949469970602,1.7273242935431963,0,0
263,0.2,0.033663366336633666,0.07994704648786674,0.018735949469970602,1.7273242935431963,0,0
264,0.2,0.033663366336633666,0.07994704648786674,0.018735949469970602,1.7273242935431963,0,0
265,0.2,0.033663366336633666,0.07994704648786674,0.018735949469970602,1.7273242935431963,0,0
266,0.0,0.0,0.0,1.0,-0.0,0,0
267,0.0,0.0,0.0,1.0,-0.0,0,0
268,0.0,0.0,0.0,1.0,-0.0,0,0
269,0.0,0.0,0.0,1.0,-0.0,0,0
270,0.0,0.0,0.0,1.0,-0.0,0,0
271,0.0,0.0,0.0,1.0,-0.0,0,0
272,0.0,0.0,0.0,1.0,-0.0,0,0
273,0.0,0.0,0.0,1.0,-0.0,0,0
274,0.0,0.0,0.0,1.0,-0.0,0,0
275,0.0,0.007920792079207921,0.03900537743285587,1.0,-0.0,0,0
276,0.0,0.007920792079207921,0.03900537743285587,1.0,-0.0,0,0
277,0.0,0.007920792079207921,0.03900537743285587,1.0,-0.0,0,0
278,0.0,0.007920792079207921,0.03900537743285587,1.0,-0.0,0,0
279,0.0,0.007920792079207921,0.03900537743285587,1.0,-0.0,0,0
280,0.0,0.039603960396039604,0.09342674148186496,1.0,-0.0,0,0
281,0.0,0.08514851485148517,0.13598641357140118,1.0,-0.0,0,0
282,0.0,0.08514851485148517,0.13598641357140118,1.0,-0.0,0,0
283,0.0,0.13267326732673265,0.14698885988036148,1.0,-0.0,0,0
284,0.0,0.1504950495049505,0.16746435256923545,1.0,-0.0,0,0
285,0.0,0.1089108910891089,0.1335716590419014,1.0,-0.0,0,0
286,0.0,0.06336633663366338,0.09721138779115705,1.0,-0.0,0,0
287,0.0,0.06336633663366338,0.09721138779115705,1.0,-0.0,0,0
288,0.0,0.017821782178217824,0.05698017651460656,1.0,-0.0,0,0
289,0.0,0.02772277227722773,0.07461957893630405,1.0,-0.0,0,0
290,0.0,0.07920792079207921,0.10928827506175545,1.0,-0.0,0,0
291,0.0,0.07920792079207921,0.10928827506175545,1.0,-0.0,0,0
292,0.0,0.07920792079207921,0.10928827506175545,1.0,-0.0,0,0
293,0.0,0.13069306930693067,0.1474150698648297,1.0,-0.0,0,0
294,0.0,0.10099009900990098,0.1396566153069739,1.0,-0.0,0,0
295,0.0,0.049504950495049514,0.09504950495049506,1.0,-0.0,0,0
296,0.0,0.13663366336633664,0.14331490790275034,1.0,-0.0,0,0
297,0.0,0.13663366336633664,0.14331490790275034,1.0,-0.0,0,0
298,0.0,0.11683168316831682,0.14696218071508493,1.0,-0.0,0,0
299,0.0,0.11683168316831682,0.14696218071508493,1.0,-0.0,0,0
300,0.0,0.14653465346534653,0.1638426898490107,1.0,-0.0,0,0
301,0.0,0.05940594059405942,0.10357779667819421,1.0,-0.0,0,0
302,0.2,0.08514851485148513,0.1172170185104851,0.16358768676286206,0.7862493887587914,0,0
303,0.2,0.05346534653465347,0.08851285797476044,0.04890970681379658,1.3106049405222455,0,0
304,0.2,0.05346534653465347,0.08851285797476044,0.04890970681379658,1.3106049405222455,0,0
305,0.2,0.025742574257425748,0.0669763743575753,0.0046371400013480064,2.3337497919853587,0,0
306,0.2,0.025742574257425748,0.0669763743575753,0.0046371400013480064,2.3337497919853587,0,0
307,0.0,0.0,0.0,1.0,-0.0,0,0
308,0.0,0.0,0.0,1.0,-0.0,0,0
309,0.0,0.0,0.0,1.0,-0.0,0,0
310,0.0,0.0,0.0,1.0,-0.0,0,0
311,0.0,0.017821782178217824,0.056980176514606566,1.0,-0.0,0,0
312,0.0,0.017821782178217824,0.056980176514606566,1.0,-0.0,0,0
313,0.0,0.017821782178217824,0.056980176514606566,1.0,-0.0,0,0
314,0.2,0.023762376237623766,0.07056843438101175,0.00625538335613176,2.203746069767374,0,0
315,0.2,0.023762376237623766,0.07056843438101175,0.00625538335613176,2.203746069767374,0,0
316,0.2,0.0059405940594059415,0.03395332316729158,5.469865928325192e-09,8.262023318511567,0,0
317,0.2,0.0059405940594059415,0.03395332316729158,5.469865928325192e-09,8.262023318511567,0,0
318,0.2,0.0059405940594059415,0.03395332316729158,5.469865928325192e-09,8.262023318511567,0,0
319,0.2,0.019801980198019802,0.059735061897023205,0.001278047474114718,2.8934530136556162,0,0
320,0.2,0.019801980198019802,0.059735061897023205,0.001278047474114718,2.8934530136556162,0,0
321,0.2,0.03564356435643565,0.08154954567118416,0.021930426384501912,1.6589529244266183,0,0
322,0.2,0.03564356435643565,0.08154954567118416,0.021930426384501912,1.6589529244266183,0,0
323,0.2,0.05346534653465348,0.10104832334394513,0.07350913727109526,1.1336586742521855,0,0
324,0.0,0.033663366336633666,0.08475617647141663,1.0,-0.0,0,0
325,0.0,0.033663366336633666,0.08475617647141663,1.0,-0.0,0,0
326,0.0,0.01782178217821782,0.05698017651460657,1.0,-0.0,0,0
327,0.0,0.01782178217821782,0.05698017651460657,1.0,-0.0,0,0
328,0.0,0.021782178217821784,0.06230547612891991,1.0,-0.0,0,0
329,0.0,0.021782178217821784,0.06230547612891991,1.0,-0.0,0,0
330,0.0,0.03564356435643565,0.08626938974571076,1.0,-0.0,0,0
331,0.0,0.09900990099009899,0.12781100644043505,1.0,-0.0,0,0
332,0.0,0.09900990099009899,0.12781100644043505,1.0,-0.0,0,0
333,0.0,0.07722772277227724,0.11593886073904516,1.0,-0.0,0,0
334,0.0,0.07722772277227724,0.11593886073904516,1.0,-0.0,0,0
335,0.0,0.06336633663366337,0.10504385908811757,1.0,-0.0,0,0
336,0.0,0.021782178217821784,0.06230547612891991,1.0,-0.0,0,0
337,0.0,0.021782178217821784,0.06230547612891991,1.0,-0.0,0,0
338,0.0,0.021782178217821784,0.06230547612891991,1.0,-0.0,0,0
339,0.0,0.021782178217821784,0.06230547612891991,1.0,-0.0,0,0
340,0.0,0.021782178217821784,0.06230547612891991,1.0,-0.0,0,0
341,0.0,0.011881188118811881,0.047276579747775535,1.0,-0.0,0,0
342,0.0,0.011881188118811881,0.047276579747775535,1.0,-0.0,0,0
343,0.0,0.011881188118811881,0.047276579747775535,1.0,-0.0,0,0
344,0.0,0.011881188118811881,0.047276579747775535,1.0,-0.0,0,0
345,0.0,0.011881188118811881,0.047276579747775535,1.0,-0.0,0,0
346,0.0,0.0,0.0,1.0,-0.0,0,0
347,0.0,0.0,0.0,1.0,-0.0,0,0
348,0.0,0.0,0.0,1.0,-0.0,0,0
349,0.0,0.0,0.0,1.0,-0.0,0,0
350,0.0,0.0,0.0,1.0,-0.0,0,0
351,0.0,0.0,0.0,1.0,-0.0,0,0
352,0.0,0.0,0.0,1.0,-0.0,0,0
353,0.2,0.011881188118811881,0.047276579747775535,3.4586556520905853e-05,4.461092674713385,0,0
354,0.2,0.011881188118811881,0.047276579747775535,3.4586556520905853e-05,4.461092674713385,0,0
355,0.2,0.011881188118811881,0.047276579747775535,3.4586556520905853e-05,4.461092674713385,0,0
356,0.2,0.011881188118811881,0.047276579747775535,3.4586556520905853e-05,4.461092674713385,0,0
357,0.2,0.011881188118811881,0.047276579747775535,3.4586556520905853e-05,4.461092674713385,0,0
358,0.0,0.0,0.0,1.0,-0.0,0,0
359,0.0,0.0,0.0,1.0,-0.0,0,0
360,0.0,0.0,0.0,1.0,-0.0,0,0
361,0.0,0.0,0.0,1.0,-0.0,0,0
362,0.0,0.0,0.0,1.0,-0.0,0,0
363,0.0,0.0,0.0,1.0,-0.0,0,0
364,0.0,0.0,0.0,1.0,-0.0,0,0
365,0.0,0.0,0.0,1.0,-0.0,0,0
366,0.2,0.04554455445544555,0.08387254884969256,0.032770541076535604,1.484516387893982,0,0
367,0.2,0.04554455445544555,0.08387254884969256,0.032770541076535604,1.484516387893982,0,0
368,0.2,0.05544554455445545,0.09797478714338996,0.07004915208881982,1.1545971172715026,0,0
369,0.2,0.05544554455445545,0.09797478714338996,0.07004915208881982,1.1545971172715026,0,0
370,0.2,0.20990099009900987,0.18320845158368912,1.0,-0.0,0,0
371,0.0,0.18613861386138608,0.16711275790766056,1.0,-0.0,0,0
372,0.0,0.18613861386138608,0.16711275790766056,1.0,-0.0,0,0
373,0.0,0.20198019801980194,0.17461709057464242,1.0,-0.0,0,0
374,0.0,0.20198019801980194,0.17461709057464242,1.0,-0.0,0,0
375,0.0,0.047524752475247525,0.08512548617902845,1.0,-0.0,0,0
376,0.0,0.025742574257425745,0.06697637435757531,1.0,-0.0,0,0
377,0.0,0.04752475247524753,0.08512548617902843,1.0,-0.0,0,0
378,0.0,0.021782178217821784,0.06230547612891991,1.0,-0.0,0,0
379,0.0,0.021782178217821784,0.06230547612891991,1.0,-0.0,0,0
380,0.0,0.021782178217821784,0.06230547612891991,1.0,-0.0,0,0
381,0.0,0.021782178217821784,0.06230547612891991,1.0,-0.0,0,0
382,0.2,0.009900990099009901,0.04338396495090424,5.885669548817485e-06,5.230204125035219,0,0
383,0.2,0.009900990099009901,0.04338396495090424,5.885669548817485e-06,5.230204125035219,0,0
384,0.2,0.009900990099009901,0.04338396495090424,5.885669548817485e-06,5.230204125035219,0,0
385,0.2,0.009900990099009901,0.04338396495090424,5.885669548817485e-06,5.230204125035219,0,0
386,0.2,0.009900990099009901,0.04338396495090424,5.885669548817485e-06,5.230204125035219,0,0
387,0.0,0.0,0.0,1.0,-0.0,0,0
388,0.0,0.033663366336633666,0.07994704648786674,1.0,-0.0,0,0
389,0.0,0.05544554455445545,0.1094316980566186,1.0,-0.0,0,0
390,0.0,0.06930693069306931,0.11751770396006173,1.0,-0.0,0,0
391,0.0,0.08316831683168316,0.12670172889541695,1.0,-0.0,0,0
392,0.0,0.08316831683168316,0.12670172889541695,1.0,-0.0,0,0
393,0.2,0.0891089108910891,0.12420120222231065,0.18597296685049775,0.7305501805181491,0,0
394,0.2,0.1267326732673267,0.13415750246300454,0.29248857166832704,0.5338910983282821,0,0
395,0.2,0.11089108910891088,0.12734998170941408,0.2420521177649097,0.6160911132726649,0,0
396,0.2,0.09702970297029702,0.11811677855054843,0.19166777960950082,0.7174508882377106,0,0
397,0.2,0.09702970297029702,0.11811677855054843,0.19166777960950082,0.7174508882377106,0,0
398,0.0,0.08712871287128712,0.11050143705587097,1.0,-0.0,0,0
399,0.2,0.041584158415841586,0.08116396646304633,0.025480968483881664,1.5937840693032386,0,0
400,0.2,0.061386138613861385,0.10806149425459212,0.09979311443423107,1.000899423305625,0,0
401,0.2,0.07524752475247526,0.1189108498693262,0.1470600443380226,0.8325053074261874,0,0
402,0.6,0.1762376237623762,0.18301572450512466,0.010294365516607996,1.9874004155469254,0,0
403,0.6,0.14653465346534655,0.15893479355105833,0.002164386007559433,2.664665282381005,0,0
404,0.4,0.13465346534653466,0.14921288105967928,0.03767660056897986,1.4239282890196818,0,0
405,0.4,0.1297029702970297,0.14456801780945724,0.030763606497921005,1.5119627524098516,0,0
406,0.4,0.12970297029702968,0.14456801780945724,0.030763606497921005,1.5119627524098516,0,0
407,0.2,0.09900990099009903,0.14246420394934614,0.239199312215381,0.6212400734356929,0,0
408,0.2,0.09900990099009903,0.14246420394934614,0.239199312215381,0.6212400734356929,0,0
409,0.2,0.09900990099009903,0.14246420394934614,0.239199312215381,0.6212400734356929,0,0
410,0.2,0.08316831683168317,0.12978985828256587,0.18401746388953716,0.7351409589961646,0,0
411,0.2,0.09306930693069305,0.11795067415315191,0.18231677881311903,0.7391733609082306,0,0
412,0.0,0.06930693069306931,0.09924724028627063,1.0,-0.0,0,0
413,0.0,0.06930693069306931,0.09924724028627063,1.0,-0.0,0,0
414,0.0,0.06930693069306931,0.09924724028627063,1.0,-0.0,0,0
415,0.0,0.06930693069306931,0.09924724028627063,1.0,-0.0,0,0
416,0.0,0.09900990099009899,0.12467387119760154,1.0,-0.0,0,0
417,0.0,0.06930693069306931,0.11057238501634628,1.0,-0.0,0,0
418,0.0,0.06930693069306931,0.11057238501634628,1.0,-0.0,0,0
419,0.0,0.06930693069306931,0.11057238501634628,1.0,-0.0,0,0
420,0.0,0.09108910891089109,0.1243589581632284,1.0,-0.0,0,0
421,0.0,0.04554455445544555,0.09700949476369022,1.0,-0.0,0,0
422,0.0,0.04356435643564357,0.09164702150816742,1.0,-0.0,0,0
423,0.0,0.06534653465346535,0.10571364605971598,1.0,-0.0,0,0
424,0.0,0.06534653465346535,0.10571364605971598,1.0,-0.0,0,0
425,0.0,0.05346534653465348,0.09287951999650354,1.0,-0.0,0,0
426,0.0,0.04554455445544555,0.08846854615322249,1.0,-0.0,0,0
427,0.0,0.031683168316831684,0.07826167463512675,1.0,-0.0,0,0
428,0.0,0.009900990099009901,0.04338396495090424,1.0,-0.0,0,0
429,0.0,0.009900990099009901,0.04338396495090424,1.0,-0.0,0,0
430,0.0,0.011881188118811883,0.04727657974777554,1.0,-0.0,0,0
431,0.0,0.021782178217821784,0.06230547612891991,1.0,-0.0,0,0
432,0.0,0.041584158415841586,0.08116396646304633,1.0,-0.0,0,0
433,0.0,0.04752475247524753,0.08512548617902843,1.0,-0.0,0,0
434,0.0,0.04752475247524753,0.08512548617902843,1.0,-0.0,0,0
435,0.0,0.03564356435643565,0.07653920035678292,1.0,-0.0,0,0
436,0.0,0.025742574257425748,0.06697637435757531,1.0,-0.0,0,0
437,0.0,0.057425742574257435,0.11375371577303027,1.0,-0.0,0,0
438,0.0,0.05148514851485149,0.10399339410297728,1.0,-0.0,0,0
