,foreground,bg_means,bg_stdev,pvals,minus_logs,regs,active
2,0.0,0.007920792079207921,0.03900537743285587,1.0,-0.0,0,0
3,0.0,0.0,0.0,1.0,-0.0,0,0
4,0.0,0.015841584158415842,0.05401260078014202,1.0,-0.0,0,0
5,0.0,0.015841584158415842,0.05401260078014202,1.0,-0.0,0,0
6,0.0,0.0297029702970297,0.07648795214189293,1.0,-0.0,0,0
7,0.0,0.0297029702970297,0.07648795214189293,1.0,-0.0,0,0
8,0.0,0.06732673267326733,0.11000352009767247,1.0,-0.0,0,0
9,0.0,0.05148514851485149,0.09186070102766891,1.0,-0.0,0,0
10,0.0,0.05148514851485149,0.09186070102766891,1.0,-0.0,0,0
11,0.0,0.03762376237623762,0.07816140339006157,1.0,-0.0,0,0
12,0.0,0.03762376237623762,0.07816140339006157,1.0,-0.0,0,0
13,0.0,0.017821782178217824,0.05698017651460656,1.0,-0.0,0,0
14,0.0,0.041584158415841586,0.08590499787518362,1.0,-0.0,0,0
15,0.0,0.041584158415841586,0.08590499787518362,1.0,-0.0,0,0
16,0.0,0.041584158415841586,0.08590499787518362,1.0,-0.0,0,0
17,0.0,0.05940594059405942,0.11096178792967841,1.0,-0.0,0,0
18,0.0,0.041584158415841586,0.08590499787518362,1.0,-0.0,0,0
19,0.0,0.017821782178217824,0.0635517090529949,1.0,-0.0,0,0
20,0.0,0.027722772277227727,0.07975061610139514,1.0,-0.0,0,0
21,0.0,0.041584158415841586,0.0987719913927915,1.0,-0.0,0,0
22,0.0,0.023762376237623766,0.06471340450838889,1.0,-0.0,0,0
23,0.0,0.023762376237623766,0.06471340450838889,1.0,-0.0,0,0
24,0.6,0.10891089108910887,0.13650445892763632,0.00016058049790468036,3.794307199821167,0,0
25,0.6,0.09900990099009899,0.12467387119760154,2.9296720214790213e-05,4.533180996449517,0,0
26,0.6,0.08514851485148513,0.12054836637801525,9.733753527016925e-06,5.011719654929548,0,0
27,0.6,0.08514851485148513,0.12054836637801525,9.733753527016925e-06,5.011719654929548,0,0
28,0.6,0.08514851485148513,0.12054836637801525,9.733753527016925e-06,5.011719654929548,0,0
29,0.0,0.0,0.0,1.0,-0.0,0,0
30,0.0,0.007920792079207921,0.03900537743285587,1.0,-0.0,0,0
31,0.0,0.1326732673267327,0.15989409297573345,1.0,-0.0,0,0
32,0.0,0.13465346534653466,0.1594766462708981,1.0,-0.0,0,0
33,0.0,0.13861386138613863,0.16825858048513267,1.0,-0.0,0,0
34,0.0,0.16633663366336632,0.1847005753086894,1.0,-0.0,0,0
35,0.0,0.3316831683168316,0.24572813322708636,1.0,-0.0,0,0
36,0.0,0.30297029702970296,0.2297029702970297,1.0,-0.0,0,0
37,0.0,0.30099009900990104,0.2297200403353468,1.0,-0.0,0,0
38,0.0,0.30495049504950494,0.23813476408557305,1.0,-0.0,0,0
39,0.0,0.2792079207920792,0.2235256787176184,1.0,-0.0,0,0
40,0.0,0.22970297029702968,0.18537868892623288,1.0,-0.0,0,0
41,0.0,0.3762376237623763,0.26593698161108187,1.0,-0.0,0,0
42,0.0,0.3762376237623763,0.26593698161108187,1.0,-0.0,0,0
43,0.0,0.36831683168316837,0.26058984618460523,1.0,-0.0,0,0
44,0.0,0.38613861386138626,0.2598665700923148,1.0,-0.0,0,0
45,0.0,0.2613861386138614,0.20439250583503635,1.0,-0.0,0,0
46,0.0,0.0891089108910891,0.13636075485692528,1.0,-0.0,0,0
47,0.0,0.0891089108910891,0.13636075485692528,1.0,-0.0,0,0
48,0.0,0.0891089108910891,0.13636075485692528,1.0,-0.0,0,0
49,0.0,0.12673267326732673,0.15599637537608815,1.0,-0.0,0,0
50,0.0,0.13366336633663364,0.16184409300358452,1.0,-0.0,0,0
51,0.0,0.061386138613861385,0.11515834731523734,1.0,-0.0,0,0
52,0.0,0.061386138613861385,0.11515834731523734,1.0,-0.0,0,0
53,0.0,0.0712871287128713,0.1213265242141813,1.0,-0.0,0,0
54,0.0,0.015841584158415842,0.054012600780142014,1.0,-0.0,0,0
55,0.0,0.051485148514851496,0.1001126705723924,1.0,-0.0,0,0
56,0.0,0.057425742574257435,0.10656335878870266,1.0,-0.0,0,0
57,0.0,0.09108910891089106,0.13650445892763632,1.0,-0.0,0,0
58,0.0,0.08118811881188118,0.12951766673875514,1.0,-0.0,0,0
59,0.0,0.09504950495049502,0.1337769960717191,1.0,-0.0,0,0
60,0.0,0.07524752475247526,0.1253951698929708,1.0,-0.0,0,0
61,0.0,0.06930693069306931,0.12084076279122662,1.0,-0.0,0,0
62,0.0,0.10495049504950493,0.1556692594616519,1.0,-0.0,0,0
63,0.0,0.10495049504950493,0.1556692594616519,1.0,-0.0,0,0
64,0.0,0.11287128712871286,0.15774610904280742,1.0,-0.0,0,0
65,0.0,0.09108910891089109,0.13650445892763635,1.0,-0.0,0,0
66,0.0,0.09108910891089109,0.13650445892763635,1.0,-0.0,0,0
67,0.0,0.021782178217821784,0.06230547612891991,1.0,-0.0,0,0
68,0.0,0.021782178217821784,0.06230547612891991,1.0,-0.0,0,0
69,0.0,0.039603960396039604,0.08452453849668534,1.0,-0.0,0,0
70,0.0,0.039603960396039604,0.08452453849668534,1.0,-0.0,0,0
71,0.0,0.039603960396039604,0.08452453849668534,1.0,-0.0,0,0
72,0.0,0.039603960396039604,0.08452453849668534,1.0,-0.0,0,0
73,0.0,0.039603960396039604,0.08452453849668534,1.0,-0.0,0,0
74,0.0,0.0059405940594059415,0.033953323167291584,1.0,-0.0,0,0
75,0.0,0.023762376237623763,0.07056843438101175,1.0,-0.0,0,0
76,0.0,0.023762376237623763,0.07056843438101175,1.0,-0.0,0,0
77,0.0,0.09900990099009899,0.15057319492752777,1.0,-0.0,0,0
78,0.0,0.09900990099009899,0.15057319492752777,1.0,-0.0,0,0
79,0.0,0.09306930693069305,0.1422989641443302,1.0,-0.0,0,0
80,0.0,0.08118811881188118,0.1264228887090089,1.0,-0.0,0,0
81,0.0,0.08118811881188118,0.1264228887090089,1.0,-0.0,0,0
82,0.0,0.0059405940594059415,0.033953323167291584,1.0,-0.0,0,0
83,0.0,0.017821782178217824,0.05698017651460656,1.0,-0.0,0,0
84,0.0,0.027722772277227727,0.07461957893630407,1.0,-0.0,0,0
85,0.0,0.08712871287128714,0.1332483472575107,1.0,-0.0,0,0
86,0.0,0.08712871287128714,0.1332483472575107,1.0,-0.0,0,0
87,0.0,0.08712871287128714,0.1332483472575107,1.0,-0.0,0,0
88,0.0,0.09306930693069307,0.13368903310588712,1.0,-0.0,0,0
89,0.0,0.08316831683168316,0.13280619910579972,1.0,-0.0,0,0
90,0.0,0.041584158415841586,0.08590499787518362,1.0,-0.0,0,0
91,0.0,0.08514851485148513,0.12054836637801526,1.0,-0.0,0,0
92,0.0,0.08514851485148513,0.12054836637801526,1.0,-0.0,0,0
93,0.0,0.06732673267326733,0.11000352009767249,1.0,-0.0,0,0
94,0.0,0.06732673267326733,0.11000352009767249,1.0,-0.0,0,0
95,0.0,0.04356435643564357,0.08721867542790195,1.0,-0.0,0,0
96,0.0,0.0,0.0,1.0,-0.0,0,0
97,0.0,0.0,0.0,1.0,-0.0,0,0
98,0.0,0.0,0.0,1.0,-0.0,0,0
99,0.0,0.0,0.0,1.0,-0.0,0,0
100,0.0,0.0,0.0,1.0,-0.0,0,0
101,0.0,0.0,0.0,1.0,-0.0,0,0
102,0.0,0.007920792079207921,0.03900537743285587,1.0,-0.0,0,0
103,0.0,0.007920792079207921,0.03900537743285587,1.0,-0.0,0,0
104,0.0,0.007920792079207921,0.03900537743285587,1.0,-0.0,0,0
105,0.0,0.007920792079207921,0.03900537743285587,1.0,-0.0,0,0
106,0.0,0.007920792079207921,0.03900537743285587,1.0,-0.0,0,0
107,0.0,0.0,0.0,1.0,-0.0,0,0
108,0.0,0.04356435643564357,0.09164702150816742,1.0,-0.0,0,0
109,0.0,0.04356435643564357,0.09164702150816742,1.0,-0.0,0,0
110,0.0,0.04356435643564357,0.09164702150816742,1.0,-0.0,0,0
111,0.0,0.04356435643564357,0.09164702150816742,1.0,-0.0,0,0
112,0.0,0.04356435643564357,0.09164702150816742,1.0,-0.0,0,0
113,0.0,0.0,0.0,1.0,-0.0,0,0
114,0.0,0.0,0.0,1.0,-0.0,0,0
115,0.0,0.0,0.0,1.0,-0.0,0,0
116,1.4,0.0594059405940594,0.12119717820276715,1.0000000000096676e-17,16.9999999999958,0,0
117,1.4,0.0594059405940594,0.12119717820276715,1.0000000000096676e-17,16.9999999999958,0,0
118,1.4,0.13663366336633662,0.15903344954662385,9.88588955397208e-16,15.004984245824303,0,0
119,1.4,0.13663366336633662,0.15903344954662385,9.88588955397208e-16,15.004984245824303,0,0
120,1.4,0.13663366336633662,0.15903344954662385,9.88588955397208e-16,15.004984245824303,0,0
121,0.0,0.07524752475247526,0.11553229422427584,1.0,-0.0,0,0
122,0.0,0.07524752475247526,0.11553229422427584,1.0,-0.0,0,0
123,0.0,0.0,0.0,1.0,-0.0,0,0
124,0.0,0.0,0.0,1.0,-0.0,0,0
125,0.0,0.0,0.0,1.0,-0.0,0,0
126,0.0,0.0,0.0,1.0,-0.0,0,0
127,0.0,0.0,0.0,1.0,-0.0,0,0
128,0.0,0.007920792079207921,0.03900537743285587,1.0,-0.0,0,0
129,0.0,0.007920792079207921,0.03900537743285587,1.0,-0.0,0,0
130,0.0,0.007920792079207921,0.03900537743285587,1.0,-0.0,0,0
131,0.4,0.10693069306930694,0.14776046024695158,0.02366092655151798,1.6259682525934425,0,0
132,0.4,0.11287128712871286,0.15521519162190436,0.03216577917729509,1.4926059238749585,0,0
133,0.4,0.12475247524752472,0.16131019290626772,0.04397384496704321,1.3568055590570256,0,0
134,0.4,0.29900990099009894,0.2314376290485066,0.3312878167429464,0.47979453519742565,0,0
135,0.4,0.29900990099009894,0.2314376290485066,0.3312878167429464,0.47979453519742565,0,0
136,0.0,0.26732673267326734,0.2148492038022787,1.0,-0.0,0,0
137,0.0,0.27326732673267323,0.2264189969940339,1.0,-0.0,0,0
138,0.0,0.3405940594059407,0.24299216375817076,1.0,-0.0,0,0
139,0.2,0.3306930693069309,0.2345176529729178,1.0,-0.0,0,0
140,0.2,0.39603960396039606,0.23204676554915246,1.0,-0.0,0,0
141,0.2,0.3287128712871287,0.2135678219835685,1.0,-0.0,0,0
142,0.2,0.504950495049505,0.29597171313320203,1.0,-0.0,0,0
143,0.2,0.4198019801980198,0.2617609074505705,1.0,-0.0,0,0
144,0.0,0.25346534653465347,0.21961458428533498,1.0,-0.0,0,0
145,0.0,0.1900990099009901,0.19574936009912708,1.0,-0.0,0,0
146,0.0,0.1900990099009901,0.19574936009912708,1.0,-0.0,0,0
147,0.0,0.1287128712871287,0.1630990913423683,1.0,-0.0,0,0
148,0.0,0.1287128712871287,0.1630990913423683,1.0,-0.0,0,0
149,0.0,0.1287128712871287,0.1630990913423683,1.0,-0.0,0,0
150,0.0,0.1287128712871287,0.1630990913423683,1.0,-0.0,0,0
151,0.0,0.3861386138613862,0.24897003794854192,1.0,-0.0,0,0
152,0.0,0.41584158415841593,0.2974254788993044,1.0,-0.0,0,0
153,0.0,0.5485148514851486,0.3556096038825341,1.0,-0.0,0,0
154,0.0,0.5980198019801981,0.3587602961629548,1.0,-0.0,0,0
155,0.0,0.6693069306930693,0.34861609690499434,1.0,-0.0,0,0
156,0.0,0.44158415841584164,0.2733247177501563,1.0,-0.0,0,0
157,0.0,0.2871287128712871,0.21510456418218252,1.0,-0.0,0,0
158,0.0,0.1900990099009901,0.18535753542711383,1.0,-0.0,0,0
159,0.0,0.15841584158415842,0.18090385101871284,1.0,-0.0,0,0
160,0.0,0.16435643564356434,0.16505874046871058,1.0,-0.0,0,0
161,0.0,0.13663366336633662,0.14873910461951623,1.0,-0.0,0,0
162,0.0,0.16237623762376235,0.17283397009132112,1.0,-0.0,0,0
163,0.0,0.12673267326732673,0.1508333872676597,1.0,-0.0,0,0
164,0.0,0.1188118811881188,0.14939672169394075,1.0,-0.0,0,0
165,0.0,0.041584158415841586,0.09039772047931348,1.0,-0.0,0,0
166,0.0,0.041584158415841586,0.09039772047931348,1.0,-0.0,0,0
167,0.0,0.009900990099009901,0.04338396495090424,1.0,-0.0,0,0
168,0.0,0.009900990099009901,0.04338396495090424,1.0,-0.0,0,0
169,0.0,0.0,0.0,1.0,-0.0,0,0
170,0.0,0.0,0.0,1.0,-0.0,0,0
171,0.0,0.0,0.0,1.0,-0.0,0,0
172,0.0,0.0,0.0,1.0,-0.0,0,0
173,0.0,0.049504950495049514,0.09912864166957489,1.0,-0.0,0,0
174,0.0,0.1207920792079208,0.16186831934800644,1.0,-0.0,0,0
175,0.0,0.1207920792079208,0.16186831934800644,1.0,-0.0,0,0
176,0.0,0.1207920792079208,0.16186831934800644,1.0,-0.0,0,0
177,0.0,0.1207920792079208,0.16186831934800644,1.0,-0.0,0,0
178,0.0,0.0712871287128713,0.1213265242141813,1.0,-0.0,0,0
179,0.0,0.013861386138613863,0.05807080514303042,1.0,-0.0,0,0
180,0.0,0.013861386138613863,0.05807080514303042,1.0,-0.0,0,0
181,0.2,0.07326732673267328,0.12811743461086583,0.16128473592065518,0.7924067325435373,0,0
182,0.2,0.09504950495049505,0.14513649268759365,0.23480436296361806,0.6292938376057691,0,0
183,0.2,0.11287128712871286,0.1526423155691229,0.28406654744649285,0.5465799071246759,0,0
184,0.2,0.10693069306930691,0.15041686348382532,0.26804300189924807,0.5717955269061783,0,0
185,0.2,0.10693069306930691,0.15041686348382532,0.26804300189924807,0.5717955269061783,0,0
186,0.0,0.05346534653465347,0.10489443673781407,1.0,-0.0,0,0
187,0.0,0.031683168316831684,0.07826167463512675,1.0,-0.0,0,0
188,0.0,0.013861386138613863,0.05079507064705211,1.0,-0.0,0,0
189,0.0,0.0059405940594059415,0.033953323167291584,1.0,-0.0,0,0
190,0.0,0.0059405940594059415,0.033953323167291584,1.0,-0.0,0,0
191,0.0,0.0,0.0,1.0,-0.0,0,0
192,0.0,0.0,0.0,1.0,-0.0,0,0
193,0.2,0.06534653465346535,0.11295810453031022,0.11661777127180524,0.9332352628086957,0,0
194,0.2,0.07326732673267328,0.12177815335858849,0.14901092980675446,0.8267818753416014,0,0
195,0.2,0.07326732673267328,0.12177815335858849,0.14901092980675446,0.8267818753416014,0,0
196,0.8,0.1396039603960396,0.16773340936730113,4.122298152351738e-05,4.384860600320424,0,0
197,0.8,0.1396039603960396,0.16773340936730113,4.122298152351738e-05,4.384860600320424,0,0
198,0.6,0.13663366336633662,0.15137833547418925,0.0011030623535900847,2.9573999371928954,0,0
199,0.6,0.14059405940594058,0.14770737583343774,0.0009346651108518151,3.0293439683377024,0,0
200,0.6,0.14059405940594058,0.14770737583343774,0.0009346651108518151,3.0293439683377024,0,0
201,0.0,0.08118811881188118,0.1264228887090089,1.0,-0.0,0,0
202,0.0,0.08118811881188118,0.1264228887090089,1.0,-0.0,0,0
203,0.0,0.025742574257425748,0.06697637435757531,1.0,-0.0,0,0
204,0.0,0.03564356435643565,0.08154954567118416,1.0,-0.0,0,0
205,0.0,0.05742574257425742,0.10656335878870264,1.0,-0.0,0,0
206,0.0,0.04950495049504951,0.09504950495049506,1.0,-0.0,0,0
207,0.0,0.05940594059405942,0.10357779667819421,1.0,-0.0,0,0
208,0.0,0.07722772277227723,0.13488622864100122,1.0,-0.0,0,0
209,0.0,0.06138613861386138,0.12505072003047085,1.0,-0.0,0,0
210,0.0,0.039603960396039604,0.0890869059738772,1.0,-0.0,0,0
211,0.0,0.039603960396039604,0.0890869059738772,1.0,-0.0,0,0
212,0.0,0.10099009900990098,0.12467387119760154,1.0,-0.0,0,0
213,0.0,0.24752475247524752,0.19930277449641393,1.0,-0.0,0,0
214,0.0,0.24158415841584158,0.19963696096837316,1.0,-0.0,0,0
215,0.0,0.29900990099009894,0.2297200403353468,1.0,-0.0,0,0
216,0.0,0.3742574257425743,0.2694524941492919,1.0,-0.0,0,0
217,0.0,0.411881188118812,0.2754967174564544,1.0,-0.0,0,0
218,0.0,0.2554455445544554,0.22536010677951354,1.0,-0.0,0,0
219,0.0,0.3267326732673268,0.23668129931895568,1.0,-0.0,0,0
220,0.0,0.2693069306930693,0.21514101949371997,1.0,-0.0,0,0
221,0.0,0.19603960396039596,0.17571398456617043,1.0,-0.0,0,0
222,0.0,0.08514851485148514,0.12379009590564582,1.0,-0.0,0,0
223,0.0,0.0712871287128713,0.11801714396634726,1.0,-0.0,0,0
224,0.0,0.0,0.0,1.0,-0.0,0,0
225,0.0,0.0,0.0,1.0,-0.0,0,0
226,0.0,0.0,0.0,1.0,-0.0,0,0
227,0.0,0.06534653465346535,0.12302752132284411,1.0,-0.0,0,0
228,0.0,0.11089108910891088,0.15018206119491914,1.0,-0.0,0,0
229,0.0,0.16633663366336635,0.19308707712077477,1.0,-0.0,0,0
230,0.0,0.16633663366336635,0.19308707712077477,1.0,-0.0,0,0
231,0.0,0.16633663366336635,0.19308707712077477,1.0,-0.0,0,0
232,0.0,0.11287128712871286,0.15521519162190436,1.0,-0.0,0,0
233,0.0,0.16831683168316827,0.17962044309621494,1.0,-0.0,0,0
234,0.0,0.11287128712871287,0.1390657415135005,1.0,-0.0,0,0
235,0.0,0.11287128712871287,0.1390657415135005,1.0,-0.0,0,0
236,0.0,0.11683168316831682,0.13864214704328154,1.0,-0.0,0,0
237,0.0,0.10297029702970298,0.13383560593042218,1.0,-0.0,0,0
238,0.0,0.0039603960396039604,0.02786385599895107,1.0,-0.0,0,0
239,0.0,0.0039603960396039604,0.02786385599895107,1.0,-0.0,0,0
240,0.0,0.0039603960396039604,0.02786385599895107,1.0,-0.0,0,0
241,0.0,0.0059405940594059415,0.03395332316729158,1.0,-0.0,0,0
242,0.0,0.033663366336633666,0.07482947971362845,1.0,-0.0,0,0
243,0.0,0.041584158415841586,0.08116396646304633,1.0,-0.0,0,0
244,0.0,0.0871287128712871,0.13324834725751067,1.0,-0.0,0,0
245,0.0,0.0871287128712871,0.13324834725751067,1.0,-0.0,0,0
246,0.0,0.08118811881188118,0.12325042629382527,1.0,-0.0,0,0
247,0.0,0.05346534653465348,0.10489443673781407,1.0,-0.0,0,0
248,0.0,0.04554455445544555,0.09700949476369022,1.0,-0.0,0,0
249,0.0,0.061386138613861385,0.09224407682259103,1.0,-0.0,0,0
250,0.0,0.15445544554455443,0.17091758912506996,1.0,-0.0,0,0
251,0.0,0.31089108910891083,0.25089976307026446,1.0,-0.0,0,0
252,0.0,0.31089108910891083,0.25089976307026446,1.0,-0.0,0,0
253,0.0,0.31089108910891083,0.25089976307026446,1.0,-0.0,0,0
254,0.0,0.25940594059405936,0.23130204753186281,1.0,-0.0,0,0
255,0.0,0.17227722772277226,0.1802741651760957,1.0,-0.0,0,0
256,0.0,0.013861386138613863,0.05079507064705211,1.0,-0.0,0,0
257,0.0,0.013861386138613863,0.05079507064705211,1.0,-0.0,0,0
258,0.0,0.013861386138613863,0.05079507064705211,1.0,-0.0,0,0
259,0.0,0.0039603960396039604,0.027863855998951064,1.0,-0.0,0,0
260,0.0,0.0039603960396039604,0.02786385599895106,1.0,-0.0,0,0
261,0.0,0.0039603960396039604,0.02786385599895106,1.0,-0.0,0,0
262,0.0,0.0039603960396039604,0.02786385599895106,1.0,-0.0,0,0
263,0.0,0.0039603960396039604,0.02786385599895106,1.0,-0.0,0,0
264,0.0,0.0039603960396039604,0.02786385599895106,1.0,-0.0,0,0
265,0.0,0.0,0.0,1.0,-0.0,0,0
266,0.0,0.0,0.0,1.0,-0.0,0,0
267,0.0,0.0,0.0,1.0,-0.0,0,0
268,0.0,0.0,0.0,1.0,-0.0,0,0
269,0.0,0.0,0.0,1.0,-0.0,0,0
270,0.0,0.09702970297029703,0.127780323207142,1.0,-0.0,0,0
271,0.0,0.2653465346534653,0.2565713162256716,1.0,-0.0,0,0
272,0.0,0.2653465346534653,0.2565713162256716,1.0,-0.0,0,0
273,0.0,0.3643564356435644,0.2777505677836267,1.0,-0.0,0,0
274,0.0,0.3643564356435644,0.2777505677836267,1.0,-0.0,0,0
275,0.0,0.3089108910891089,0.2647991990584153,1.0,-0.0,0,0
276,0.0,0.23366336633663365,0.20885222769798348,1.0,-0.0,0,0
277,0.0,0.25346534653465347,0.2159777933375997,1.0,-0.0,0,0
278,0.2,0.17227722772277226,0.18245781385805057,0.43961684415652685,0.3569256757024032,0,0
279,0.2,0.17227722772277226,0.18245781385805057,0.43961684415652685,0.3569256757024032,0,0
280,0.2,0.12772277227722773,0.1503255950626118,0.3153277136676649,0.5012378581007582,0,0
281,0.2,0.03564356435643565,0.08154954567118415,0.0219304263845019,1.6589529244266186,0,0
282,0.2,0.025742574257425748,0.07264925278354115,0.008228653963589664,2.084671200510098,0,0
283,0.0,0.009900990099009901,0.04338396495090425,1.0,-0.0,0,0
284,0.0,0.009900990099009901,0.04338396495090425,1.0,-0.0,0,0
285,0.0,0.009900990099009901,0.04338396495090425,1.0,-0.0,0,0
286,0.0,0.009900990099009901,0.04338396495090425,1.0,-0.0,0,0
287,0.0,0.027722772277227727,0.06910862719451542,1.0,-0.0,0,0
288,0.0,0.097029702970297,0.13383560593042218,1.0,-0.0,0,0
289,0.0,0.097029702970297,0.13383560593042218,1.0,-0.0,0,0
290,0.0,0.11485148514851483,0.14717547862227365,1.0,-0.0,0,0
291,0.0,0.11485148514851483,0.14717547862227365,1.0,-0.0,0,0
292,0.0,0.09306930693069305,0.12762679639066946,1.0,-0.0,0,0
293,0.0,0.06336633663366337,0.10874875419996817,1.0,-0.0,0,0
294,0.0,0.06930693069306931,0.11409790329416186,1.0,-0.0,0,0
295,0.0,0.09504950495049502,0.1337769960717191,1.0,-0.0,0,0
296,0.0,0.09504950495049502,0.1337769960717191,1.0,-0.0,0,0
297,0.0,0.08910891089108909,0.12734998170941406,1.0,-0.0,0,0
298,0.0,0.049504950495049514,0.09912864166957489,1.0,-0.0,0,0
299,0.0,0.04356435643564357,0.09164702150816742,1.0,-0.0,0,0
300,0.0,0.0,0.0,1.0,-0.0,0,0
301,0.0,0.06534653465346535,0.13529260081218794,1.0,-0.0,0,0
302,0.0,0.06534653465346535,0.13529260081218794,1.0,-0.0,0,0
303,0.0,0.2158415841584158,0.21559619077961137,1.0,-0.0,0,0
304,0.0,0.3534653465346535,0.2755963314488207,1.0,-0.0,0,0
305,0.0,0.3821782178217822,0.28714919694771035,1.0,-0.0,0,0
306,0.0,0.3148514851485148,0.24103166819331384,1.0,-0.0,0,0
307,0.0,0.3148514851485148,0.24103166819331384,1.0,-0.0,0,0
308,0.0,0.16633663366336635,0.1847005753086894,1.0,-0.0,0,0
309,0.0,0.041584158415841586,0.08590499787518362,1.0,-0.0,0,0
310,0.0,0.07722772277227724,0.1124710639300034,1.0,-0.0,0,0
311,0.0,0.09504950495049502,0.1213588391765906,1.0,-0.0,0,0
312,0.0,0.11683168316831682,0.13280619910579972,1.0,-0.0,0,0
313,0.0,0.11683168316831682,0.13280619910579972,1.0,-0.0,0,0
314,0.0,0.16237623762376235,0.1609695163002105,1.0,-0.0,0,0
315,0.0,0.09702970297029703,0.12142344330103677,1.0,-0.0,0,0
316,0.0,0.07920792079207921,0.11285391563386143,1.0,-0.0,0,0
317,0.0,0.057425742574257435,0.09476028605152792,1.0,-0.0,0,0
318,0.0,0.057425742574257435,0.09476028605152792,1.0,-0.0,0,0
319,0.0,0.0,0.0,1.0,-0.0,0,0
320,0.0,0.0,0.0,1.0,-0.0,0,0
321,0.0,0.0,0.0,1.0,-0.0,0,0
322,0.0,0.0,0.0,1.0,-0.0,0,0
323,0.0,0.0,0.0,1.0,-0.0,0,0
324,0.0,0.0,0.0,1.0,-0.0,0,0
325,0.0,0.0,0.0,1.0,-0.0,0,0
326,0.0,0.0,0.0,1.0,-0.0,0,0
327,0.0,0.0,0.0,1.0,-0.0,0,0
328,0.0,0.0,0.0,1.0,-0.0,0,0
329,0.0,0.0,0.0,1.0,-0.0,0,0
330,0.0,0.0,0.0,1.0,-0.0,0,0
331,0.0,0.0,0.0,1.0,-0.0,0,0
332,0.0,0.0,0.0,1.0,-0.0,0,0
333,0.0,0.0,0.0,1.0,-0.0,0,0
334,0.0,0.0,0.0,1.0,-0.0,0,0
335,0.0,0.0,0.0,1.0,-0.0,0,0
336,0.0,0.0,0.0,1.0,-0.0,0,0
337,0.0,0.0,0.0,1.0,-0.0,0,0
338,0.0,0.0,0.0,1.0,-0.0,0,0
339,0.0,0.0,0.0,1.0,-0.0,0,0
340,0.0,0.0,0.0,1.0,-0.0,0,0
341,0.0,0.025742574257425748,0.07791016068477624,1.0,-0.0,0,0
342,0.0,0.025742574257425748,0.07791016068477624,1.0,-0.0,0,0
343,0.0,0.03564356435643565,0.08626938974571076,1.0,-0.0,0,0
344,0.0,0.03564356435643565,0.08626938974571076,1.0,-0.0,0,0
345,0.0,0.194059405940594,0.18120705414231045,1.0,-0.0,0,0
346,0.0,0.16831683168316827,0.16586448785245092,1.0,-0.0,0,0
347,0.0,0.16831683168316827,0.16586448785245092,1.0,-0.0,0,0
348,0.0,0.1841584158415841,0.1860121753000773,1.0,-0.0,0,0
349,0.0,0.1841584158415841,0.1860121753000773,1.0,-0.0,0,0
350,0.0,0.1188118811881188,0.1520245363775781,1.0,-0.0,0,0
351,0.0,0.1188118811881188,0.1520245363775781,1.0,-0.0,0,0
352,0.0,0.1188118811881188,0.1520245363775781,1.0,-0.0,0,0
353,0.0,0.09306930693069307,0.13661931335176508,1.0,-0.0,0,0
354,0.0,0.2336633663366336,0.20502461949377873,1.0,-0.0,0,0
355,0.0,0.2851485148514851,0.22222374712195594,1.0,-0.0,0,0
356,0.0,0.2851485148514851,0.22222374712195594,1.0,-0.0,0,0
357,0.0,0.3702970297029703,0.2585353086770964,1.0,-0.0,0,0
358,0.0,0.3702970297029703,0.2585353086770964,1.0,-0.0,0,0
359,0.0,0.31287128712871287,0.24114551965736072,1.0,-0.0,0,0
360,0.0,0.2059405940594059,0.1652012167494195,1.0,-0.0,0,0
361,0.0,0.21386138613861383,0.1694660823392845,1.0,-0.0,0,0
362,0.0,0.1306930693069307,0.136245682469462,1.0,-0.0,0,0
363,0.0,0.1485148514851485,0.14799910448360235,1.0,-0.0,0,0
364,0.0,0.06930693069306931,0.11409790329416186,1.0,-0.0,0,0
365,0.0,0.031683168316831684,0.07826167463512675,1.0,-0.0,0,0
366,0.0,0.023762376237623766,0.07056843438101175,1.0,-0.0,0,0
367,0.0,0.023762376237623766,0.07056843438101175,1.0,-0.0,0,0
368,0.0,0.0059405940594059415,0.033953323167291584,1.0,-0.0,0,0
369,0.0,0.025742574257425745,0.06697637435757531,1.0,-0.0,0,0
370,0.0,0.07722772277227724,0.11930590361498672,1.0,-0.0,0,0
371,0.0,0.07722772277227724,0.11930590361498672,1.0,-0.0,0,0
372,0.0,0.07722772277227724,0.11930590361498672,1.0,-0.0,0,0
373,0.0,0.07722772277227724,0.11930590361498672,1.0,-0.0,0,0
374,0.0,0.05148514851485149,0.09607532254026299,1.0,-0.0,0,0
375,0.0,0.0,0.0,1.0,-0.0,0,0
376,0.0,0.04950495049504951,0.10304643034659554,1.0,-0.0,0,0
377,0.0,0.04950495049504951,0.10304643034659554,1.0,-0.0,0,0
378,0.0,0.04950495049504951,0.10304643034659554,1.0,-0.0,0,0
379,0.0,0.04950495049504951,0.10304643034659554,1.0,-0.0,0,0
380,0.0,0.04950495049504951,0.10304643034659554,1.0,-0.0,0,0
381,0.0,0.0059405940594059415,0.03395332316729158,1.0,-0.0,0,0
382,0.0,0.0059405940594059415,0.03395332316729158,1.0,-0.0,0,0
383,0.0,0.023762376237623766,0.07056843438101175,1.0,-0.0,0,0
384,0.0,0.023762376237623766,0.07056843438101175,1.0,-0.0,0,0
385,0.0,0.023762376237623766,0.07056843438101175,1.0,-0.0,0,0
386,0.0,0.039603960396039604,0.08908690597387718,1.0,-0.0,0,0
387,0.0,0.039603960396039604,0.08908690597387718,1.0,-0.0,0,0
388,0.0,0.11485148514851483,0.15246238855382307,1.0,-0.0,0,0
389,0.0,0.11485148514851483,0.15246238855382307,1.0,-0.0,0,0
390,0.0,0.1396039603960396,0.16294274516570859,1.0,-0.0,0,0
391,0.0,0.11683168316831682,0.15225649732072147,1.0,-0.0,0,0
392,0.0,0.11683168316831682,0.15225649732072147,1.0,-0.0,0,0
393,0.0,0.023762376237623766,0.07056843438101175,1.0,-0.0,0,0
394,0.0,0.03564356435643565,0.09908907725304397,1.0,-0.0,0,0
395,0.0,0.031683168316831684,0.08316831683168316,1.0,-0.0,0,0
396,0.0,0.04950495049504951,0.10304643034659554,1.0,-0.0,0,0
397,0.0,0.04950495049504951,0.10304643034659554,1.0,-0.0,0,0
398,0.0,0.04950495049504951,0.10304643034659554,1.0,-0.0,0,0
399,0.0,0.08712871287128712,0.12401163019288061,1.0,-0.0,0,0
400,0.0,0.06732673267326733,0.10634234916512914,1.0,-0.0,0,0
401,0.0,0.049504950495049514,0.09504950495049506,1.0,-0.0,0,0
402,0.0,0.049504950495049514,0.09504950495049506,1.0,-0.0,0,0
403,0.0,0.049504950495049514,0.09504950495049506,1.0,-0.0,0,0
404,0.0,0.0,0.0,1.0,-0.0,0,0
405,0.0,0.0,0.0,1.0,-0.0,0,0
406,0.0,0.0,0.0,1.0,-0.0,0,0
407,0.0,0.013861386138613863,0.06453136925465475,1.0,-0.0,0,0
408,0.0,0.06930693069306931,0.12722675963729912,1.0,-0.0,0,0
409,0.0,0.10297029702970298,0.14789308791950767,1.0,-0.0,0,0
410,0.0,0.13267326732673265,0.16477341831853246,1.0,-0.0,0,0
411,0.0,0.13267326732673265,0.16477341831853246,1.0,-0.0,0,0
412,0.0,0.14059405940594058,0.16055486574752068,1.0,-0.0,0,0
413,0.0,0.08316831683168316,0.13280619910579972,1.0,-0.0,0,0
414,0.0,0.04950495049504951,0.11741756103266213,1.0,-0.0,0,0
415,0.0,0.019801980198019806,0.05973506189702319,1.0,-0.0,0,0
416,0.0,0.019801980198019806,0.05973506189702319,1.0,-0.0,0,0
417,0.0,0.0,0.0,1.0,-0.0,0,0
418,0.0,0.0,0.0,1.0,-0.0,0,0
419,0.0,0.0,0.0,1.0,-0.0,0,0
420,0.0,0.0,0.0,1.0,-0.0,0,0
421,0.0,0.09504950495049502,0.12457948087149173,1.0,-0.0,0,0
422,0.0,0.12277227722772274,0.13191745702927898,1.0,-0.0,0,0
423,0.0,0.12277227722772274,0.13191745702927898,1.0,-0.0,0,0
424,0.0,0.13069306930693064,0.13624568246946198,1.0,-0.0,0,0
425,0.0,0.13069306930693064,0.13624568246946198,1.0,-0.0,0,0
426,0.0,0.07722772277227723,0.11593886073904514,1.0,-0.0,0,0
427,0.0,0.051485148514851496,0.096075322540263,1.0,-0.0,0,0
428,0.0,0.051485148514851496,0.096075322540263,1.0,-0.0,0,0
429,0.0,0.04356435643564357,0.09164702150816742,1.0,-0.0,0,0
430,0.0,0.04356435643564357,0.09164702150816742,1.0,-0.0,0,0
431,0.0,0.019801980198019802,0.059735061897023205,1.0,-0.0,0,0
432,0.0,0.03762376237623763,0.08307396817189318,1.0,-0.0,0,0
433,0.0,0.041584158415841586,0.08590499787518362,1.0,-0.0,0,0
434,0.0,0.041584158415841586,0.08590499787518362,1.0,-0.0,0,0
435,0.0,0.041584158415841586,0.08590499787518362,1.0,-0.0,0,0
436,0.0,0.021782178217821784,0.06230547612891991,1.0,-0.0,0,0
437,0.0,0.0039603960396039604,0.027863855998951064,1.0,-0.0,0,0
438,0.0,0.0,0.0,1.0,-0.0,0,0
439,0.0,0.0,0.0,1.0,-0.0,0,0
440,0.0,0.0,0.0,1.0,-0.0,0,0
441,0.2,0.013861386138613863,0.05807080514303042,0.0006744368600574647,3.1710587021998844,0,0
442,0.2,0.013861386138613863,0.05807080514303042,0.0006744368600574647,3.1710587021998844,0,0
443,0.2,0.013861386138613863,0.05807080514303042,0.0006744368600574647,3.1710587021998844,0,0
444,0.2,0.013861386138613863,0.05807080514303042,0.0006744368600574647,3.1710587021998844,0,0
445,0.2,0.019801980198019802,0.06603299802191315,0.003177215148072976,2.4979533755231182,0,0
446,0.0,0.023762376237623766,0.06471340450838887,1.0,-0.0,0,0
447,0.0,0.03564356435643565,0.07653920035678292,1.0,-0.0,0,0
448,0.0,0.03564356435643565,0.07653920035678292,1.0,-0.0,0,0
449,0.0,0.04554455445544555,0.09283729243351321,1.0,-0.0,0,0
450,0.0,0.039603960396039604,0.08452453849668534,1.0,-0.0,0,0
451,0.0,0.021782178217821784,0.06230547612891991,1.0,-0.0,0,0
452,0.0,0.009900990099009901,0.04338396495090424,1.0,-0.0,0,0
453,0.0,0.009900990099009901,0.04338396495090424,1.0,-0.0,0,0
454,0.0,0.0,0.0,1.0,-0.0,0,0
455,0.0,0.1762376237623762,0.15742262902456866,1.0,-0.0,0,0
456,0.0,0.1762376237623762,0.15742262902456866,1.0,-0.0,0,0
457,0.0,0.2059405940594059,0.1675813868644411,1.0,-0.0,0,0
458,0.0,0.2059405940594059,0.1675813868644411,1.0,-0.0,0,0
459,0.0,0.2059405940594059,0.1675813868644411,1.0,-0.0,0,0
460,0.0,0.0297029702970297,0.07648795214189293,1.0,-0.0,0,0
461,0.0,0.05742574257425742,0.11021718851545144,1.0,-0.0,0,0
462,0.0,0.027722772277227727,0.06910862719451544,1.0,-0.0,0,0
463,0.0,0.027722772277227727,0.06910862719451544,1.0,-0.0,0,0
464,0.0,0.027722772277227727,0.06910862719451544,1.0,-0.0,0,0
465,0.0,0.03762376237623763,0.07816140339006158,1.0,-0.0,0,0
466,0.0,0.009900990099009901,0.04338396495090424,1.0,-0.0,0,0
467,0.0,0.009900990099009901,0.04338396495090424,1.0,-0.0,0,0
468,0.0,0.019801980198019802,0.0597350618970232,1.0,-0.0,0,0
469,0.0,0.019801980198019802,0.0597350618970232,1.0,-0.0,0,0
470,0.0,0.009900990099009901,0.04338396495090425,1.0,-0.0,0,0
471,0.0,0.009900990099009901,0.04338396495090425,1.0,-0.0,0,0
472,0.0,0.009900990099009901,0.04338396495090425,1.0,-0.0,0,0
473,0.0,0.0,0.0,1.0,-0.0,0,0
474,0.0,0.0,0.0,1.0,-0.0,0,0
475,0.0,0.0,0.0,1.0,-0.0,0,0
476,0.0,0.0,0.0,1.0,-0.0,0,0
477,0.0,0.0,0.0,1.0,-0.0,0,0
478,0.0,0.0,0.0,1.0,-0.0,0,0
479,0.0,0.0,0.0,1.0,-0.0,0,0
480,0.0,0.0,0.0,1.0,-0.0,0,0
481,0.0,0.047524752475247525,0.09809478080396704,1.0,-0.0,0,0
482,0.0,0.049504950495049514,0.09912864166957489,1.0,-0.0,0,0
483,0.0,0.08316831683168316,0.11694909354640316,1.0,-0.0,0,0
484,0.0,0.08316831683168316,0.11694909354640316,1.0,-0.0,0,0
485,0.0,0.08316831683168316,0.11694909354640316,1.0,-0.0,0,0
486,0.0,0.10495049504950495,0.1307830473343237,1.0,-0.0,0,0
487,0.0,0.10297029702970295,0.12464241569787099,1.0,-0.0,0,0
488,0.0,0.06930693069306931,0.11057238501634631,1.0,-0.0,0,0
489,0.0,0.08514851485148514,0.13598641357140118,1.0,-0.0,0,0
490,0.0,0.08514851485148514,0.13598641357140118,1.0,-0.0,0,0
491,0.0,0.08712871287128712,0.12077584698595571,1.0,-0.0,0,0
492,0.0,0.13465346534653466,0.14653465346534658,1.0,-0.0,0,0
493,0.0,0.13465346534653466,0.14653465346534658,1.0,-0.0,0,0
494,0.0,0.11683168316831682,0.13864214704328154,1.0,-0.0,0,0
495,0.0,0.11683168316831682,0.13864214704328154,1.0,-0.0,0,0
496,0.0,0.11881188118811879,0.15964866828313962,1.0,-0.0,0,0
497,0.2,0.17425742574257425,0.1901815002541461,0.44616444234902425,0.35050504433220464,0,0
498,0.2,0.17425742574257425,0.1901815002541461,0.44616444234902425,0.35050504433220464,0,0
499,0.2,0.17425742574257425,0.1901815002541461,0.44616444234902425,0.35050504433220464,0,0
500,0.2,0.22178217821782176,0.19881030333482982,1.0,-0.0,0,0
501,0.2,0.1485148514851485,0.13974082189605824,0.3562751486795558,0.44821447000863607,0,0
502,0.0,0.04752475247524753,0.08512548617902843,1.0,-0.0,0,0
503,0.0,0.04752475247524753,0.08512548617902843,1.0,-0.0,0,0
504,0.0,0.04752475247524753,0.08512548617902843,1.0,-0.0,0,0
505,0.0,0.0059405940594059415,0.03395332316729158,1.0,-0.0,0,0
506,0.0,0.0059405940594059415,0.03395332316729158,1.0,-0.0,0,0
507,0.0,0.0059405940594059415,0.03395332316729158,1.0,-0.0,0,0
508,0.0,0.017821782178217824,0.05698017651460656,1.0,-0.0,0,0
509,0.0,0.017821782178217824,0.05698017651460656,1.0,-0.0,0,0
510,0.0,0.011881188118811883,0.047276579747775535,1.0,-0.0,0,0
511,0.0,0.011881188118811883,0.047276579747775535,1.0,-0.0,0,0
512,0.0,0.011881188118811883,0.047276579747775535,1.0,-0.0,0,0
513,0.0,0.0,0.0,1.0,-0.0,0,0
514,0.0,0.0,0.0,1.0,-0.0,0,0
515,0.0,0.0,0.0,1.0,-0.0,0,0
516,0.0,0.0039603960396039604,0.02786385599895107,1.0,-0.0,0,0
517,0.0,0.06732673267326734,0.10634234916512914,1.0,-0.0,0,0
518,0.0,0.06732673267326734,0.10634234916512914,1.0,-0.0,0,0
519,0.0,0.06732673267326734,0.10634234916512914,1.0,-0.0,0,0
520,0.0,0.06732673267326734,0.10634234916512914,1.0,-0.0,0,0
521,0.0,0.06336633663366338,0.10120342446875752,1.0,-0.0,0,0
522,0.0,0.0,0.0,1.0,-0.0,0,0
523,0.0,0.0,0.0,1.0,-0.0,0,0
524,0.0,0.021782178217821784,0.06230547612891992,1.0,-0.0,0,0
525,0.0,0.021782178217821784,0.06230547612891992,1.0,-0.0,0,0
526,0.0,0.033663366336633666,0.07482947971362845,1.0,-0.0,0,0
527,0.0,0.033663366336633666,0.07482947971362845,1.0,-0.0,0,0
528,0.0,0.033663366336633666,0.07482947971362845,1.0,-0.0,0,0
529,0.0,0.023762376237623766,0.06471340450838887,1.0,-0.0,0,0
530,0.0,0.03762376237623763,0.07816140339006158,1.0,-0.0,0,0
531,0.0,0.025742574257425738,0.0669763743575753,1.0,-0.0,0,0
532,0.0,0.0297029702970297,0.07112192077650681,1.0,-0.0,0,0
533,0.0,0.05544554455445544,0.09797478714338996,1.0,-0.0,0,0
534,0.0,0.0594059405940594,0.09968089464279778,1.0,-0.0,0,0
535,0.2,0.04950495049504951,0.09078727434730813,0.0486923704021295,1.312539082970909,0,0
536,0.2,0.06930693069306931,0.10693069306930696,0.11081180122969687,0.9554139856724337,0,0
537,0.2,0.08316831683168317,0.12028786177019754,0.16570755996746267,0.7806576775960137,0,0
538,0.2,0.057425742574257435,0.09885135821266286,0.07460753442729876,1.127217312004932,0,0
539,0.2,0.08514851485148513,0.1172170185104851,0.16358768676286206,0.7862493887587914,0,0
540,0.0,0.08118811881188118,0.11320083903331847,1.0,-0.0,0,0
541,0.0,0.061386138613861385,0.10433219700847123,1.0,-0.0,0,0
542,0.0,0.04356435643564357,0.08721867542790196,1.0,-0.0,0,0
543,0.0,0.04356435643564357,0.08721867542790196,1.0,-0.0,0,0
544,0.0,0.0,0.0,1.0,-0.0,0,0
545,0.0,0.0,0.0,1.0,-0.0,0,0
546,0.0,0.04554455445544555,0.10100951085035129,1.0,-0.0,0,0
547,0.0,0.05148514851485149,0.11134982906542217,1.0,-0.0,0,0
548,0.0,0.09702970297029702,0.1396285351588451,1.0,-0.0,0,0
549,0.0,0.1465346534653465,0.1709405295438197,1.0,-0.0,0,0
550,0.0,0.2495049504950495,0.22054108185862745,1.0,-0.0,0,0
551,0.0,0.22178217821782176,0.20079246977914245,1.0,-0.0,0,0
552,0.0,0.2158415841584158,0.19837591740781296,1.0,-0.0,0,0
553,0.2,0.22178217821782173,0.20853280977268537,1.0,-0.0,0,0
554,0.2,0.2099009900990099,0.218684161461838,1.0,-0.0,0,0
555,0.2,0.12079207920792079,0.1517663861889879,0.3008675846233133,0.521624600487126,0,0
556,0.4,0.12277227722772276,0.1566235242240411,0.038361398044709144,1.4161055737631374,0,0
557,0.4,0.14257425742574256,0.16004116713803365,0.05386318269575537,1.2687079883480796,0,0
558,0.2,0.10891089108910891,0.13937555924568534,0.2567003926389666,0.5905734670480496,0,0
559,0.4,0.10297029702970298,0.14243667729389659,0.01851896901102921,1.7323831950452477,0,0
560,0.8,0.15247524752475247,0.1644637607354148,4.122100116570769e-05,4.38488146438936,0,0
561,1.2,0.2772277227722772,0.22333262859202668,1.7994389829109833e-05,4.744862875231876,0,0
562,1.2,0.2594059405940594,0.21717275042938927,7.418754481620229e-06,5.129669001346847,0,0
563,1.6,0.3396039603960396,0.2572047795010362,4.783057754950529e-07,6.320294375033351,0,0
564,1.4,0.3089108910891089,0.2525509496292023,7.7918060630413e-06,5.108361865523586,0,0
565,1.0,0.24554455445544554,0.2141179246085271,0.00021290250263616587,3.671819233466849,0,0
566,0.4,0.09900990099009901,0.14521752172118105,0.019100827976240055,1.7189478066937125,0,0
567,0.8,0.1485148514851485,0.1749760161138576,9.832461537487678e-05,4.0073377437831565,0,0
568,1.4,0.13069306930693067,0.13912212332871524,1.0036304992407294e-17,16.998426149419316,0,0
569,1.6,0.1603960396039604,0.15674865288842219,1.0020738500178014e-17,16.99910027101033,0,0
570,1.6,0.19405940594059404,0.16520121674941948,1.866121715822586e-17,16.729060033265732,0,0
571,1.6,0.20792079207920788,0.18003474269593195,5.291825199781542e-15,14.276394509916152,0,0
572,1.2,0.16633663366336632,0.16902587986434298,4.815306577515956e-10,9.317376057306866,0,0
573,0.4,0.1584158415841584,0.15999215743939926,0.06552490133509052,1.1835936243250171,0,0
574,0.2,0.14059405940594058,0.15554326246855826,0.3512583071183333,0.45437339607478805,0,0
575,0.2,0.10891089108910891,0.14765427233510692,0.2686476890928793,0.5708168908798665,0,0
576,0.2,0.09504950495049502,0.13078304733432372,0.21113830602558953,0.6754329671360485,0,0
577,0.2,0.08910891089108909,0.12734998170941406,0.19194299301932338,0.716827737407409,0,0
578,0.0,0.015841584158415842,0.054012600780142014,1.0,-0.0,0,0
579,0.0,0.0039603960396039604,0.02786385599895106,1.0,-0.0,0,0
580,0.0,0.0,0.0,1.0,-0.0,0,0
581,0.0,0.0,0.0,1.0,-0.0,0,0
582,0.0,0.0,0.0,1.0,-0.0,0,0
583,0.0,0.0,0.0,1.0,-0.0,0,0
584,0.0,0.0,0.0,1.0,-0.0,0,0
585,0.0,0.0,0.0,1.0,-0.0,0,0
586,0.0,0.01386138613861386,0.05079507064705211,1.0,-0.0,0,0
587,0.4,0.0792079207920792,0.11631029826208643,0.0029071769637802705,2.536528531334455,0,0
588,0.4,0.14653465346534653,0.1614073970084343,0.058167400890974795,1.2353203414608016,0,0
589,0.4,0.14653465346534653,0.1614073970084343,0.058167400890974795,1.2353203414608016,0,0
590,0.4,0.2534653465346534,0.20273591877004277,0.23490573085901645,0.6291063878622951,0,0
591,0.4,0.23960396039603957,0.1970471160025168,0.2078229302157289,0.6823065361014868,0,0
592,0.0,0.22772277227722773,0.2106655233984672,1.0,-0.0,0,0
593,0.0,0.2099009900990099,0.19166025556535227,1.0,-0.0,0,0
594,0.2,0.22178217821782176,0.19881030333482985,1.0,-0.0,0,0
595,0.2,0.11287128712871287,0.15002532217723416,0.28070109344213096,0.5517558956129466,0,0
596,0.2,0.13366336633663367,0.15687368174525435,0.3361963121016245,0.473407054854605,0,0
597,0.4,0.09900990099009901,0.12781100644043505,0.009262293022640852,2.0332814837499207,0,0
598,0.4,0.05148514851485149,0.1001126705723924,0.00024956189489403087,3.6028217254823813,0,0
599,0.2,0.039603960396039604,0.09342674148186497,0.04300687269944554,1.3664621365845593,0,0
600,0.2,0.039603960396039604,0.09342674148186497,0.04300687269944554,1.3664621365845593,0,0
601,0.2,0.019801980198019802,0.06603299802191316,0.0031772151480729785,2.497953375523118,0,0
602,0.0,0.0,0.0,1.0,-0.0,0,0
603,0.4,0.11881188118811879,0.13549532985786933,0.018981194709946657,1.7216764557860649,0,0
604,0.8,0.16039603960396034,0.1617229068443201,3.8277359184717315e-05,4.417058032521814,0,0
605,1.0,0.26138613861386134,0.21570528896865301,0.0003083281496738172,3.510986823343812,0,0
606,1.6,0.3386138613861387,0.2621201814260632,7.462267912507179e-07,6.127129162848821,0,0
607,1.6,0.3742574257425743,0.27526889296641815,4.236074239859159e-06,5.373036437214544,0,0
608,1.4,0.30297029702970296,0.23481842386627266,1.4927035713235522e-06,5.826026428122444,0,0
609,1.0,0.2752475247524752,0.21590515913566752,0.00039423718352458407,3.40424241648993,0,0
610,0.8,0.18019801980198016,0.17689276383467165,0.00022930995197537182,3.639577096625499,0,0
611,0.4,0.15445544554455443,0.15639804034834157,0.05820783000558099,1.2350185909602391,0,0
612,0.6,0.24554455445544554,0.2231745542804261,0.05611568945919202,1.2509156968023707,0,0
613,1.0,0.3247524752475248,0.25771499362555084,0.00439477572634793,2.3570632828870832,0,0
614,1.0,0.3722772277227724,0.28148081266271946,0.012871297071807498,1.8903776859825938,0,0
615,1.2,0.39207920792079204,0.28551956057103967,0.002329938149175159,2.6326556076557237,0,0
616,1.0,0.3485148514851485,0.27668971841122486,0.00927208989333997,2.0328223665189795,0,0
617,0.8,0.22178217821782176,0.2178217821782178,0.003970766970211103,2.4011255993428184,0,0
618,0.2,0.09108910891089109,0.12435895816322838,0.19057525368436823,0.7199334934461744,0,0
619,0.2,0.033663366336633666,0.07482947971362847,0.013112090674369026,1.8823280561396656,0,0
620,0.0,0.007920792079207921,0.03900537743285587,1.0,-0.0,0,0
621,0.0,0.0,0.0,1.0,-0.0,0,0
622,0.0,0.03564356435643565,0.08154954567118416,1.0,-0.0,0,0
623,0.0,0.03564356435643565,0.08154954567118416,1.0,-0.0,0,0
624,0.0,0.061386138613861385,0.11515834731523734,1.0,-0.0,0,0
625,0.0,0.061386138613861385,0.11515834731523734,1.0,-0.0,0,0
626,0.2,0.18415841584158413,0.19022273201620324,0.4668147961368602,0.33085538703379336,0,0
