,foreground,bg_means,bg_stdev,pvals,minus_logs,regs,active
2,0.0,0.04554455445544554,0.08387254884969257,1.0,-0.0,0,0
3,0.0,0.04554455445544554,0.08387254884969257,1.0,-0.0,0,0
4,0.0,0.04554455445544554,0.08387254884969257,1.0,-0.0,0,0
5,0.0,0.04554455445544554,0.08387254884969257,1.0,-0.0,0,0
6,0.0,0.0,0.0,1.0,-0.0,0,0
7,0.0,0.0,0.0,1.0,-0.0,0,0
8,0.0,0.0,0.0,1.0,-0.0,0,0
9,0.0,0.0,0.0,1.0,-0.0,0,0
10,0.0,0.0,0.0,1.0,-0.0,0,0
11,0.0,0.027722772277227727,0.06910862719451542,1.0,-0.0,0,0
12,0.0,0.027722772277227727,0.06910862719451542,1.0,-0.0,0,0
13,0.0,0.027722772277227727,0.06910862719451542,1.0,-0.0,0,0
14,0.0,0.057425742574257435,0.09048443294095733,1.0,-0.0,0,0
15,0.0,0.057425742574257435,0.09048443294095733,1.0,-0.0,0,0
16,0.0,0.02970297029702971,0.07112192077650681,1.0,-0.0,0,0
17,0.0,0.02970297029702971,0.07112192077650681,1.0,-0.0,0,0
18,0.0,0.02970297029702971,0.07112192077650681,1.0,-0.0,0,0
19,0.0,0.0,0.0,1.0,-0.0,0,0
20,0.0,0.0,0.0,1.0,-0.0,0,0
21,0.0,0.0,0.0,1.0,-0.0,0,0
22,0.0,0.0297029702970297,0.07112192077650681,1.0,-0.0,0,0
23,0.0,0.0297029702970297,0.07112192077650681,1.0,-0.0,0,0
24,0.0,0.0297029702970297,0.07112192077650681,1.0,-0.0,0,0
25,0.0,0.0297029702970297,0.07112192077650681,1.0,-0.0,0,0
26,0.0,0.057425742574257435,0.09476028605152792,1.0,-0.0,0,0
27,0.0,0.02772277227722773,0.06910862719451545,1.0,-0.0,0,0
28,0.0,0.02772277227722773,0.06910862719451545,1.0,-0.0,0,0
29,0.0,0.02772277227722773,0.06910862719451545,1.0,-0.0,0,0
30,0.0,0.02772277227722773,0.06910862719451545,1.0,-0.0,0,0
31,0.0,0.0,0.0,1.0,-0.0,0,0
32,0.0,0.0,0.0,1.0,-0.0,0,0
33,0.0,0.3841584158415841,0.20427736592964435,1.0,-0.0,0,0
34,0.0,0.3841584158415841,0.20427736592964435,1.0,-0.0,0,0
35,0.2,0.4257425742574258,0.21185342651476388,1.0,-0.0,0,0
36,0.2,0.4257425742574258,0.21185342651476388,1.0,-0.0,0,0
37,0.2,0.4257425742574258,0.21185342651476388,1.0,-0.0,0,0
38,0.4,0.05544554455445545,0.09797478714338997,0.0002184188908596104,3.66070980259143,0,0
39,0.4,0.05544554455445545,0.09797478714338997,0.0002184188908596104,3.66070980259143,0,0
40,0.2,0.013861386138613863,0.05079507064705211,0.00012391038159364294,3.90689230556944,0,0
41,0.2,0.013861386138613863,0.05079507064705211,0.00012391038159364294,3.90689230556944,0,0
42,1.0,0.42970297029702975,0.21133454050622988,0.0034821036013776077,2.4581583116686385,0,0
43,0.8,0.4158415841584158,0.20427736592964435,0.030015041393407924,1.522661053377031,0,0
44,0.8,0.4158415841584158,0.20427736592964435,0.030015041393407924,1.522661053377031,0,0
45,0.8,0.46336633663366333,0.21605040312056795,0.05960173896007894,1.2247410689552478,0,0
46,0.8,0.46336633663366333,0.21605040312056795,0.05960173896007894,1.2247410689552478,0,0
47,0.0,0.047524752475247525,0.08512548617902845,1.0,-0.0,0,0
48,0.0,0.07920792079207921,0.09781456661567106,1.0,-0.0,0,0
49,0.0,0.07920792079207921,0.09781456661567106,1.0,-0.0,0,0
50,0.0,0.03168316831683169,0.0730260947112308,1.0,-0.0,0,0
51,0.0,0.03168316831683169,0.0730260947112308,1.0,-0.0,0,0
52,0.0,0.03168316831683169,0.0730260947112308,1.0,-0.0,0,0
53,0.0,0.0,0.0,1.0,-0.0,0,0
54,0.0,0.0,0.0,1.0,-0.0,0,0
55,0.0,0.0,0.0,1.0,-0.0,0,0
56,0.0,0.0,0.0,1.0,-0.0,0,0
57,0.0,0.0,0.0,1.0,-0.0,0,0
58,0.0,0.0,0.0,1.0,-0.0,0,0
59,0.0,0.0297029702970297,0.07112192077650681,1.0,-0.0,0,0
60,0.0,0.0297029702970297,0.07112192077650681,1.0,-0.0,0,0
61,0.0,0.0297029702970297,0.07112192077650681,1.0,-0.0,0,0
62,0.0,0.0297029702970297,0.07112192077650681,1.0,-0.0,0,0
63,0.0,0.10099009900990098,0.12145573247679727,1.0,-0.0,0,0
64,0.0,0.0712871287128713,0.10747934055534188,1.0,-0.0,0,0
65,0.0,0.0712871287128713,0.10747934055534188,1.0,-0.0,0,0
