,foreground,bg_means,bg_stdev,pvals,minus_logs,regs,active
2,0.0,0.04950495049504951,0.09078727434730813,1.0,-0.0,0,0
3,0.0,0.06336633663366337,0.10874875419996817,1.0,-0.0,0,0
4,0.0,0.027722772277227727,0.07461957893630407,1.0,-0.0,0,0
5,0.0,0.01386138613861386,0.05807080514303041,1.0,-0.0,0,0
6,0.0,0.049504950495049514,0.10304643034659552,1.0,-0.0,0,0
7,0.0,0.049504950495049514,0.10304643034659552,1.0,-0.0,0,0
8,0.0,0.05346534653465347,0.10104832334394513,1.0,-0.0,0,0
9,0.0,0.06534653465346535,0.10571364605971598,1.0,-0.0,0,0
10,0.0,0.06534653465346535,0.10571364605971598,1.0,-0.0,0,0
11,0.0,0.0297029702970297,0.07112192077650681,1.0,-0.0,0,0
12,0.2,0.08316831683168316,0.12353642740976017,0.17214403052095056,0.7641080328301242,0,0
13,0.4,0.07326732673267328,0.12177815335858848,0.0036480804115842404,2.437935597448218,0,0
14,0.4,0.08712871287128712,0.127165103825761,0.0069399841190152176,2.1586415233537832,0,0
15,0.4,0.09504950495049502,0.12771893462651168,0.008477810817850335,2.071716278930852,0,0
16,0.4,0.09504950495049502,0.12771893462651168,0.008477810817850335,2.071716278930852,0,0
17,0.2,0.041584158415841586,0.08116396646304633,0.025480968483881664,1.5937840693032386,0,0
18,0.0,0.033663366336633666,0.07482947971362847,1.0,-0.0,0,0
19,0.0,0.007920792079207921,0.03900537743285587,1.0,-0.0,0,0
20,0.0,0.0,0.0,1.0,-0.0,0,0
21,0.0,0.027722772277227727,0.07975061610139514,1.0,-0.0,0,0
22,0.0,0.027722772277227727,0.07975061610139514,1.0,-0.0,0,0
23,0.0,0.027722772277227727,0.07975061610139514,1.0,-0.0,0,0
24,0.0,0.027722772277227727,0.07975061610139514,1.0,-0.0,0,0
25,0.6,0.07722772277227723,0.12576985749069639,1.6152464918884184e-05,4.791761193519588,0,0
26,0.6,0.04950495049504951,0.09504950495049506,3.4845676883567903e-09,8.457851094813384,0,0
27,0.8,0.09306930693069305,0.13948804962658473,2.0096891308056697e-07,6.696871116319354,0,0
28,0.8,0.09306930693069305,0.13948804962658473,2.0096891308056697e-07,6.696871116319354,0,0
29,0.8,0.09306930693069305,0.13948804962658473,2.0096891308056697e-07,6.696871116319354,0,0
30,0.2,0.04356435643564357,0.08721867542790195,0.036438310127516485,1.438441772185106,0,0
31,0.2,0.04356435643564357,0.08721867542790195,0.036438310127516485,1.438441772185106,0,0
32,0.0,0.021782178217821784,0.06836703565002801,1.0,-0.0,0,0
33,0.0,0.03564356435643565,0.08154954567118415,1.0,-0.0,0,0
34,0.4,0.05346534653465347,0.09704990696905226,0.00017802439318403976,3.7495204858967237,0,0
35,0.4,0.14059405940594058,0.15297590428378585,0.0449684438129111,1.3470921414549526,0,0
36,0.4,0.16633663366336632,0.1642729120947021,0.07745368967233751,1.1109578888645089,0,0
37,0.4,0.14455445544554454,0.15445544554455445,0.0490793877855717,1.309100863284199,0,0
38,0.4,0.1584158415841584,0.1672534844655737,0.07431053463080489,1.1289496141302,0,0
39,1.0,0.22178217821782176,0.19478546736408614,3.2312181923474174e-05,4.490633714674088,0,0
40,1.2,0.1564356435643564,0.1793364234865362,2.9594731824400124e-09,8.52878559107685,0,0
41,1.2,0.1386138613861386,0.17059609935397893,2.460051049129899e-10,9.609055880650528,0,0
42,1.2,0.1643564356435643,0.18107717211333596,5.346644117973398e-09,8.271918722341415,0,0
43,1.2,0.13465346534653463,0.16436836411443276,4.542044717680595e-11,10.342748594346507,0,0
44,0.2,0.05346534653465347,0.10104832334394512,0.07350913727109515,1.1336586742521861,0,0
45,0.0,0.033663366336633666,0.07994704648786674,1.0,-0.0,0,0
46,0.0,0.023762376237623766,0.07056843438101175,1.0,-0.0,0,0
47,0.0,0.031683168316831684,0.07826167463512675,1.0,-0.0,0,0
48,0.2,0.06534653465346535,0.10939585993610405,0.10918337986089162,0.9618434658808062,0,0
49,0.2,0.10495049504950493,0.13670539084430264,0.2434376750920733,0.6136122082817695,0,0
50,0.2,0.10495049504950493,0.13670539084430264,0.2434376750920733,0.6136122082817695,0,0
51,0.2,0.11089108910891088,0.1420507440353343,0.26523019637673806,0.5763770331585043,0,0
52,0.2,0.1069306930693069,0.14505541839059363,0.2605625477598812,0.584088007925498,0,0
53,0.0,0.09900990099009899,0.1396566153069739,1.0,-0.0,0,0
54,0.0,0.05940594059405942,0.1178841668604928,1.0,-0.0,0,0
55,0.0,0.05940594059405942,0.1178841668604928,1.0,-0.0,0,0
56,0.0,0.05346534653465347,0.11566797518027906,1.0,-0.0,0,0
57,0.0,0.05742574257425742,0.10656335878870264,1.0,-0.0,0,0
58,0.0,0.031683168316831684,0.07826167463512675,1.0,-0.0,0,0
59,0.0,0.041584158415841586,0.09039772047931348,1.0,-0.0,0,0
60,0.0,0.041584158415841586,0.09039772047931348,1.0,-0.0,0,0
61,0.0,0.041584158415841586,0.09039772047931348,1.0,-0.0,0,0
62,0.0,0.009900990099009901,0.04338396495090425,1.0,-0.0,0,0
63,0.0,0.009900990099009901,0.04338396495090425,1.0,-0.0,0,0
64,0.0,0.0,0.0,1.0,-0.0,0,0
65,0.0,0.0,0.0,1.0,-0.0,0,0
66,0.0,0.0,0.0,1.0,-0.0,0,0
67,0.0,0.0,0.0,1.0,-0.0,0,0
68,0.0,0.0,0.0,1.0,-0.0,0,0
69,0.0,0.0,0.0,1.0,-0.0,0,0
70,0.0,0.06930693069306931,0.11057238501634628,1.0,-0.0,0,0
71,0.0,0.2237623762376237,0.19556899208121012,1.0,-0.0,0,0
72,0.0,0.2237623762376237,0.19556899208121012,1.0,-0.0,0,0
73,0.0,0.2237623762376237,0.19556899208121012,1.0,-0.0,0,0
74,0.0,0.2237623762376237,0.19556899208121012,1.0,-0.0,0,0
75,0.0,0.18811881188118812,0.17981680926331076,1.0,-0.0,0,0
76,0.0,0.033663366336633666,0.07994704648786674,1.0,-0.0,0,0
77,0.0,0.033663366336633666,0.07994704648786674,1.0,-0.0,0,0
78,0.0,0.033663366336633666,0.07994704648786674,1.0,-0.0,0,0
79,0.0,0.19801980198019797,0.1856112183041662,1.0,-0.0,0,0
80,0.0,0.16435643564356434,0.16505874046871058,1.0,-0.0,0,0
81,0.0,0.16435643564356434,0.16505874046871058,1.0,-0.0,0,0
82,0.0,0.16435643564356434,0.16505874046871058,1.0,-0.0,0,0
83,0.0,0.16435643564356434,0.16505874046871058,1.0,-0.0,0,0
84,0.0,0.0,0.0,1.0,-0.0,0,0
85,0.0,0.007920792079207921,0.03900537743285587,1.0,-0.0,0,0
86,0.0,0.007920792079207921,0.03900537743285587,1.0,-0.0,0,0
87,0.0,0.09900990099009899,0.12781100644043505,1.0,-0.0,0,0
88,0.0,0.09900990099009899,0.12781100644043505,1.0,-0.0,0,0
89,0.0,0.09900990099009899,0.12781100644043505,1.0,-0.0,0,0
90,0.0,0.1485148514851485,0.15065129981473455,1.0,-0.0,0,0
91,0.0,0.1485148514851485,0.15065129981473455,1.0,-0.0,0,0
92,0.0,0.05544554455445544,0.09384550979067553,1.0,-0.0,0,0
93,0.0,0.05544554455445544,0.09384550979067553,1.0,-0.0,0,0
94,0.0,0.05544554455445544,0.09384550979067553,1.0,-0.0,0,0
95,0.0,0.033663366336633666,0.07482947971362845,1.0,-0.0,0,0
96,0.0,0.033663366336633666,0.07482947971362845,1.0,-0.0,0,0
97,0.0,0.033663366336633666,0.07482947971362845,1.0,-0.0,0,0
98,0.0,0.033663366336633666,0.07482947971362845,1.0,-0.0,0,0
99,0.0,0.033663366336633666,0.07482947971362845,1.0,-0.0,0,0
100,0.0,0.0,0.0,1.0,-0.0,0,0
101,0.0,0.0,0.0,1.0,-0.0,0,0
102,0.0,0.0,0.0,1.0,-0.0,0,0
103,0.0,0.0,0.0,1.0,-0.0,0,0
104,0.0,0.0,0.0,1.0,-0.0,0,0
105,0.0,0.0,0.0,1.0,-0.0,0,0
106,0.0,0.0,0.0,1.0,-0.0,0,0
107,0.0,0.0,0.0,1.0,-0.0,0,0
108,0.0,0.0,0.0,1.0,-0.0,0,0
109,0.0,0.0,0.0,1.0,-0.0,0,0
110,0.0,0.0,0.0,1.0,-0.0,0,0
111,0.0,0.0,0.0,1.0,-0.0,0,0
112,0.0,0.0,0.0,1.0,-0.0,0,0
113,0.0,0.0,0.0,1.0,-0.0,0,0
114,0.0,0.0,0.0,1.0,-0.0,0,0
115,0.0,0.0,0.0,1.0,-0.0,0,0
116,0.0,0.0,0.0,1.0,-0.0,0,0
117,0.0,0.0,0.0,1.0,-0.0,0,0
118,0.0,0.0,0.0,1.0,-0.0,0,0
119,0.0,0.0,0.0,1.0,-0.0,0,0
120,0.0,0.007920792079207921,0.03900537743285587,1.0,-0.0,0,0
121,0.0,0.007920792079207921,0.03900537743285587,1.0,-0.0,0,0
122,0.0,0.007920792079207921,0.03900537743285587,1.0,-0.0,0,0
123,0.0,0.007920792079207921,0.03900537743285587,1.0,-0.0,0,0
124,0.0,0.007920792079207921,0.03900537743285587,1.0,-0.0,0,0
125,0.0,0.0,0.0,1.0,-0.0,0,0
126,0.0,0.0,0.0,1.0,-0.0,0,0
127,0.0,0.0,0.0,1.0,-0.0,0,0
128,0.0,0.0,0.0,1.0,-0.0,0,0
129,0.0,0.0,0.0,1.0,-0.0,0,0
130,0.0,0.0,0.0,1.0,-0.0,0,0
131,0.0,0.0,0.0,1.0,-0.0,0,0
132,0.0,0.0,0.0,1.0,-0.0,0,0
133,0.0,0.0,0.0,1.0,-0.0,0,0
134,0.0,0.0,0.0,1.0,-0.0,0,0
135,0.0,0.0,0.0,1.0,-0.0,0,0
136,0.0,0.0,0.0,1.0,-0.0,0,0
137,0.0,0.0,0.0,1.0,-0.0,0,0
138,0.0,0.05346534653465348,0.09704990696905226,1.0,-0.0,0,0
139,0.0,0.06336633663366338,0.11580349716604711,1.0,-0.0,0,0
140,0.0,0.11485148514851483,0.13598641357140118,1.0,-0.0,0,0
141,0.0,0.11485148514851483,0.13598641357140118,1.0,-0.0,0,0
142,0.0,0.1762376237623762,0.16479721403218364,1.0,-0.0,0,0
143,0.0,0.12178217821782177,0.13759170507754623,1.0,-0.0,0,0
144,0.0,0.11089108910891088,0.13342479626077636,1.0,-0.0,0,0
145,0.0,0.0712871287128713,0.09983812012638045,1.0,-0.0,0,0
146,0.0,0.0712871287128713,0.09983812012638045,1.0,-0.0,0,0
147,0.0,0.031683168316831684,0.07826167463512675,1.0,-0.0,0,0
148,0.0,0.031683168316831684,0.07826167463512675,1.0,-0.0,0,0
149,0.0,0.031683168316831684,0.07826167463512675,1.0,-0.0,0,0
150,0.0,0.03564356435643565,0.07653920035678292,1.0,-0.0,0,0
151,0.0,0.21584158415841578,0.22982243393986782,1.0,-0.0,0,0
152,0.0,0.19603960396039602,0.22335018549851124,1.0,-0.0,0,0
153,0.0,0.21584158415841578,0.23153926308504505,1.0,-0.0,0,0
154,0.0,0.30297029702970296,0.26040921549317947,1.0,-0.0,0,0
155,0.0,0.30495049504950494,0.26189569294836335,1.0,-0.0,0,0
156,0.0,0.12475247524752472,0.14583724862987693,1.0,-0.0,0,0
157,0.0,0.12475247524752472,0.14583724862987693,1.0,-0.0,0,0
158,0.0,0.1881188118811881,0.17308335353197749,1.0,-0.0,0,0
159,0.0,0.09900990099009901,0.14246420394934614,1.0,-0.0,0,0
160,0.0,0.08118811881188118,0.1264228887090089,1.0,-0.0,0,0
161,0.0,0.08118811881188118,0.1264228887090089,1.0,-0.0,0,0
162,0.0,0.08118811881188118,0.1264228887090089,1.0,-0.0,0,0
163,0.0,0.0,0.0,1.0,-0.0,0,0
164,0.0,0.0,0.0,1.0,-0.0,0,0
165,0.0,0.05148514851485149,0.096075322540263,1.0,-0.0,0,0
166,0.0,0.08316831683168316,0.12353642740976017,1.0,-0.0,0,0
167,0.0,0.08316831683168316,0.12353642740976017,1.0,-0.0,0,0
168,0.0,0.08514851485148513,0.12379009590564581,1.0,-0.0,0,0
169,0.0,0.08514851485148513,0.12379009590564581,1.0,-0.0,0,0
170,0.0,0.033663366336633666,0.08475617647141663,1.0,-0.0,0,0
171,0.0,0.0019801980198019802,0.0198019801980198,1.0,-0.0,0,0
172,0.0,0.0019801980198019802,0.0198019801980198,1.0,-0.0,0,0
173,0.0,0.0,0.0,1.0,-0.0,0,0
174,0.0,0.0,0.0,1.0,-0.0,0,0
175,0.0,0.0,0.0,1.0,-0.0,0,0
176,0.0,0.0,0.0,1.0,-0.0,0,0
177,0.0,0.011881188118811881,0.047276579747775535,1.0,-0.0,0,0
178,0.2,0.0712871287128713,0.12454800153280307,0.1506990467085107,0.8218894949351553,0,0
179,0.2,0.0712871287128713,0.12454800153280307,0.1506990467085107,0.8218894949351553,0,0
180,0.2,0.0712871287128713,0.12454800153280307,0.1506990467085107,0.8218894949351553,0,0
181,0.2,0.0712871287128713,0.12454800153280307,0.1506990467085107,0.8218894949351553,0,0
182,0.2,0.2158415841584158,0.19837591740781296,1.0,-0.0,0,0
183,0.0,0.15643564356435644,0.1702740025877676,1.0,-0.0,0,0
184,0.0,0.19801980198019797,0.19598959258073068,1.0,-0.0,0,0
185,0.0,0.19801980198019797,0.19598959258073068,1.0,-0.0,0,0
186,0.0,0.19801980198019797,0.19598959258073068,1.0,-0.0,0,0
187,0.0,0.041584158415841586,0.09467748980500532,1.0,-0.0,0,0
188,0.0,0.12277227722772277,0.15407416763506465,1.0,-0.0,0,0
189,0.0,0.08118811881188118,0.12325042629382525,1.0,-0.0,0,0
190,0.0,0.08118811881188118,0.12325042629382525,1.0,-0.0,0,0
191,0.0,0.12970297029702968,0.15767151871203472,1.0,-0.0,0,0
192,0.0,0.12970297029702968,0.15767151871203472,1.0,-0.0,0,0
193,0.0,0.0712871287128713,0.10372911567294095,1.0,-0.0,0,0
194,0.2,0.13465346534653466,0.13818888176132993,0.31814997488102126,0.49736810671672216,0,0
195,0.2,0.13465346534653466,0.13818888176132993,0.31814997488102126,0.49736810671672216,0,0
196,0.2,0.08514851485148514,0.12054836637801526,0.17036041751406306,0.7686313042414473,0,0
197,0.2,0.10495049504950493,0.1367053908443026,0.2434376750920733,0.6136122082817695,0,0
198,0.4,0.16435643564356434,0.1766487584013007,0.09110738223634586,1.0404464316481288,0,0
199,0.2,0.100990099009901,0.14791959918402456,0.2516362976712556,0.5992267132214628,0,0
200,0.2,0.100990099009901,0.14791959918402456,0.2516362976712556,0.5992267132214628,0,0
201,0.2,0.100990099009901,0.14791959918402456,0.2516362976712556,0.5992267132214628,0,0
202,0.2,0.08118811881188118,0.1264228887090089,0.17366078882092117,0.7602982306092326,0,0
203,0.0,0.0,0.0,1.0,-0.0,0,0
204,0.0,0.0,0.0,1.0,-0.0,0,0
205,0.0,0.05544554455445545,0.10575073206193022,1.0,-0.0,0,0
206,0.0,0.06534653465346536,0.10939585993610405,1.0,-0.0,0,0
207,0.0,0.07326732673267328,0.11509022642946842,1.0,-0.0,0,0
208,0.0,0.07326732673267328,0.11509022642946842,1.0,-0.0,0,0
209,0.0,0.07722772277227724,0.11593886073904515,1.0,-0.0,0,0
210,0.0,0.021782178217821784,0.06230547612891991,1.0,-0.0,0,0
211,0.2,0.06732673267326733,0.09861306612268304,0.08924927802050216,1.0493952884144269,0,0
212,0.2,0.0594059405940594,0.0956253185556407,0.07074570539322597,1.1502999187808283,0,0
213,0.2,0.0594059405940594,0.0956253185556407,0.07074570539322597,1.1502999187808283,0,0
214,0.2,0.05544554455445545,0.09384550979067553,0.0617381483506657,1.2094464000101817,0,0
215,0.2,0.05544554455445545,0.09384550979067553,0.0617381483506657,1.2094464000101817,0,0
216,0.0,0.0,0.0,1.0,-0.0,0,0
217,0.0,0.0,0.0,1.0,-0.0,0,0
218,0.0,0.0,0.0,1.0,-0.0,0,0
219,0.0,0.0297029702970297,0.07112192077650681,1.0,-0.0,0,0
220,0.0,0.039603960396039604,0.08452453849668534,1.0,-0.0,0,0
221,0.0,0.11683168316831682,0.149632756335149,1.0,-0.0,0,0
222,0.0,0.11683168316831682,0.149632756335149,1.0,-0.0,0,0
223,0.0,0.15247524752475247,0.1644637607354148,1.0,-0.0,0,0
224,0.0,0.1207920792079208,0.1517663861889879,1.0,-0.0,0,0
225,0.0,0.2633663366336634,0.20475668839145447,1.0,-0.0,0,0
226,0.0,0.1861386138613862,0.17856950998171084,1.0,-0.0,0,0
227,0.0,0.1861386138613862,0.17856950998171084,1.0,-0.0,0,0
228,0.0,0.15247524752475247,0.15957496727054085,1.0,-0.0,0,0
229,0.0,0.15247524752475247,0.15957496727054085,1.0,-0.0,0,0
230,0.0,0.0039603960396039604,0.027863855998951064,1.0,-0.0,0,0
231,0.0,0.0039603960396039604,0.027863855998951064,1.0,-0.0,0,0
232,0.0,0.0039603960396039604,0.027863855998951064,1.0,-0.0,0,0
233,0.0,0.04554455445544555,0.09283729243351321,1.0,-0.0,0,0
234,0.0,0.04554455445544555,0.09283729243351321,1.0,-0.0,0,0
235,0.0,0.04158415841584159,0.0859049978751836,1.0,-0.0,0,0
236,0.0,0.04158415841584159,0.0859049978751836,1.0,-0.0,0,0
237,0.0,0.04158415841584159,0.0859049978751836,1.0,-0.0,0,0
238,0.0,0.057425742574257435,0.09048443294095733,1.0,-0.0,0,0
239,0.0,0.057425742574257435,0.09048443294095733,1.0,-0.0,0,0
240,0.0,0.057425742574257435,0.09048443294095733,1.0,-0.0,0,0
241,0.0,0.057425742574257435,0.09048443294095733,1.0,-0.0,0,0
242,0.0,0.20198019801980197,0.17002049848448067,1.0,-0.0,0,0
243,0.0,0.14455445544554454,0.1492391578726081,1.0,-0.0,0,0
244,0.0,0.22574257425742575,0.18382808657861668,1.0,-0.0,0,0
245,0.0,0.23762376237623759,0.1902845629074887,1.0,-0.0,0,0
246,0.0,0.23762376237623759,0.1902845629074887,1.0,-0.0,0,0
247,0.0,0.09306930693069305,0.13661931335176505,1.0,-0.0,0,0
248,0.0,0.09306930693069305,0.13661931335176505,1.0,-0.0,0,0
249,0.0,0.011881188118811881,0.047276579747775535,1.0,-0.0,0,0
250,0.0,0.0,0.0,1.0,-0.0,0,0
251,0.0,0.015841584158415842,0.05401260078014202,1.0,-0.0,0,0
252,0.0,0.015841584158415842,0.05401260078014202,1.0,-0.0,0,0
253,0.0,0.015841584158415842,0.05401260078014202,1.0,-0.0,0,0
254,0.0,0.015841584158415842,0.05401260078014202,1.0,-0.0,0,0
255,0.0,0.017821782178217824,0.05698017651460656,1.0,-0.0,0,0
256,0.2,0.007920792079207921,0.03900537743285587,4.2303541670263104e-07,6.3736232717865695,0,0
257,0.2,0.007920792079207921,0.03900537743285587,4.2303541670263104e-07,6.3736232717865695,0,0
258,0.2,0.007920792079207921,0.03900537743285587,4.2303541670263104e-07,6.3736232717865695,0,0
259,0.2,0.007920792079207921,0.03900537743285587,4.2303541670263104e-07,6.3736232717865695,0,0
260,0.2,0.011881188118811883,0.047276579747775535,3.4586556520905853e-05,4.461092674713385,0,0
261,0.0,0.0059405940594059415,0.03395332316729157,1.0,-0.0,0,0
262,0.0,0.019801980198019806,0.05973506189702319,1.0,-0.0,0,0
263,0.0,0.03960396039603961,0.08452453849668534,1.0,-0.0,0,0
264,0.0,0.047524752475247525,0.09397077637785882,1.0,-0.0,0,0
265,0.0,0.041584158415841586,0.08590499787518362,1.0,-0.0,0,0
266,0.0,0.041584158415841586,0.08590499787518362,1.0,-0.0,0,0
267,0.0,0.049504950495049514,0.09078727434730813,1.0,-0.0,0,0
268,0.2,0.03960396039603961,0.08452453849668534,0.028872622852877186,1.5395137620565469,0,0
269,0.2,0.031683168316831684,0.07826167463512675,0.015750221703151112,1.8027133286186672,0,0
270,0.2,0.031683168316831684,0.07826167463512675,0.015750221703151112,1.8027133286186672,0,0
271,0.2,0.031683168316831684,0.07826167463512675,0.015750221703151112,1.8027133286186672,0,0
272,0.2,0.03564356435643565,0.08154954567118415,0.0219304263845019,1.6589529244266186,0,0
273,0.0,0.025742574257425748,0.06697637435757531,1.0,-0.0,0,0
274,0.0,0.039603960396039604,0.08452453849668534,1.0,-0.0,0,0
275,0.0,0.039603960396039604,0.08452453849668534,1.0,-0.0,0,0
276,0.0,0.041584158415841586,0.08590499787518362,1.0,-0.0,0,0
277,0.0,0.06732673267326733,0.102550553475042,1.0,-0.0,0,0
278,0.0,0.06732673267326733,0.102550553475042,1.0,-0.0,0,0
279,0.0,0.05346534653465347,0.09704990696905226,1.0,-0.0,0,0
280,0.0,0.09900990099009899,0.1308729634998678,1.0,-0.0,0,0
281,0.0,0.097029702970297,0.127780323207142,1.0,-0.0,0,0
282,0.0,0.04554455445544555,0.09700949476369024,1.0,-0.0,0,0
283,0.0,0.04554455445544555,0.09700949476369024,1.0,-0.0,0,0
284,0.0,0.04554455445544555,0.09700949476369024,1.0,-0.0,0,0
285,0.0,0.0059405940594059415,0.03395332316729158,1.0,-0.0,0,0
286,0.0,0.0059405940594059415,0.03395332316729158,1.0,-0.0,0,0
287,0.0,0.0059405940594059415,0.03395332316729158,1.0,-0.0,0,0
288,0.0,0.04356435643564357,0.0916470215081674,1.0,-0.0,0,0
289,0.0,0.04356435643564357,0.0916470215081674,1.0,-0.0,0,0
290,0.0,0.03762376237623762,0.08307396817189319,1.0,-0.0,0,0
291,0.0,0.03762376237623762,0.08307396817189319,1.0,-0.0,0,0
292,0.0,0.03762376237623762,0.08307396817189319,1.0,-0.0,0,0
293,0.0,0.0,0.0,1.0,-0.0,0,0
294,0.0,0.0,0.0,1.0,-0.0,0,0
295,0.0,0.0,0.0,1.0,-0.0,0,0
296,0.0,0.0,0.0,1.0,-0.0,0,0
297,0.0,0.0,0.0,1.0,-0.0,0,0
298,0.0,0.0712871287128713,0.10372911567294095,1.0,-0.0,0,0
299,0.0,0.08514851485148514,0.10660014917778038,1.0,-0.0,0,0
300,0.0,0.08514851485148514,0.10660014917778038,1.0,-0.0,0,0
301,0.0,0.08712871287128712,0.10685732723352115,1.0,-0.0,0,0
302,0.0,0.08712871287128712,0.10685732723352115,1.0,-0.0,0,0
303,0.0,0.015841584158415842,0.05401260078014202,1.0,-0.0,0,0
304,0.0,0.0019801980198019802,0.019801980198019802,1.0,-0.0,0,0
305,0.0,0.0019801980198019802,0.019801980198019802,1.0,-0.0,0,0
306,0.0,0.0,0.0,1.0,-0.0,0,0
307,0.0,0.0,0.0,1.0,-0.0,0,0
308,0.0,0.0,0.0,1.0,-0.0,0,0
309,0.0,0.0,0.0,1.0,-0.0,0,0
310,0.0,0.011881188118811881,0.04727657974777554,1.0,-0.0,0,0
311,0.0,0.011881188118811881,0.04727657974777554,1.0,-0.0,0,0
312,0.0,0.011881188118811881,0.04727657974777554,1.0,-0.0,0,0
313,0.0,0.011881188118811881,0.04727657974777554,1.0,-0.0,0,0
314,0.0,0.011881188118811881,0.04727657974777554,1.0,-0.0,0,0
315,0.0,0.02772277227722773,0.06910862719451544,1.0,-0.0,0,0
316,0.0,0.033663366336633666,0.07994704648786674,1.0,-0.0,0,0
317,0.0,0.033663366336633666,0.07994704648786674,1.0,-0.0,0,0
318,0.0,0.033663366336633666,0.07994704648786674,1.0,-0.0,0,0
319,0.0,0.03762376237623763,0.08307396817189318,1.0,-0.0,0,0
320,0.0,0.009900990099009901,0.04338396495090424,1.0,-0.0,0,0
321,0.0,0.0039603960396039604,0.027863855998951064,1.0,-0.0,0,0
322,0.0,0.019801980198019802,0.0597350618970232,1.0,-0.0,0,0
323,0.0,0.019801980198019802,0.0597350618970232,1.0,-0.0,0,0
324,0.0,0.015841584158415842,0.05401260078014202,1.0,-0.0,0,0
325,0.0,0.015841584158415842,0.05401260078014202,1.0,-0.0,0,0
326,0.0,0.015841584158415842,0.05401260078014202,1.0,-0.0,0,0
327,0.0,0.0,0.0,1.0,-0.0,0,0
328,0.0,0.12574257425742572,0.14257425742574256,1.0,-0.0,0,0
329,0.0,0.12574257425742572,0.14257425742574256,1.0,-0.0,0,0
330,0.0,0.12574257425742572,0.14257425742574256,1.0,-0.0,0,0
331,0.0,0.13663366336633662,0.1460521894224616,1.0,-0.0,0,0
332,0.0,0.14257425742574253,0.15501295675866078,1.0,-0.0,0,0
333,0.0,0.04356435643564357,0.08721867542790195,1.0,-0.0,0,0
334,0.0,0.04356435643564357,0.08721867542790195,1.0,-0.0,0,0
335,0.0,0.04356435643564357,0.08721867542790195,1.0,-0.0,0,0
336,0.0,0.033663366336633666,0.07994704648786674,1.0,-0.0,0,0
337,0.0,0.027722772277227727,0.06910862719451544,1.0,-0.0,0,0
338,0.0,0.0,0.0,1.0,-0.0,0,0
339,0.0,0.0,0.0,1.0,-0.0,0,0
340,0.0,0.0,0.0,1.0,-0.0,0,0
341,0.0,0.0,0.0,1.0,-0.0,0,0
342,0.0,0.0,0.0,1.0,-0.0,0,0
343,0.0,0.059405940594059424,0.10733330877518932,1.0,-0.0,0,0
344,0.0,0.059405940594059424,0.10733330877518932,1.0,-0.0,0,0
345,0.0,0.059405940594059424,0.10733330877518932,1.0,-0.0,0,0
346,0.0,0.059405940594059424,0.10733330877518932,1.0,-0.0,0,0
347,0.0,0.059405940594059424,0.10733330877518932,1.0,-0.0,0,0
348,0.0,0.0,0.0,1.0,-0.0,0,0
349,0.0,0.02970297029702971,0.07112192077650682,1.0,-0.0,0,0
350,0.0,0.02970297029702971,0.07112192077650682,1.0,-0.0,0,0
351,0.0,0.05940594059405942,0.11447531431916541,1.0,-0.0,0,0
352,0.0,0.05940594059405942,0.11447531431916541,1.0,-0.0,0,0
353,0.0,0.05940594059405942,0.11447531431916541,1.0,-0.0,0,0
354,0.0,0.02970297029702971,0.07648795214189294,1.0,-0.0,0,0
355,0.0,0.02970297029702971,0.07648795214189294,1.0,-0.0,0,0
356,0.0,0.009900990099009901,0.04338396495090424,1.0,-0.0,0,0
357,0.0,0.009900990099009901,0.04338396495090424,1.0,-0.0,0,0
358,0.0,0.009900990099009901,0.04338396495090424,1.0,-0.0,0,0
359,0.0,0.07722772277227724,0.13191745702927898,1.0,-0.0,0,0
360,0.2,0.15247524752475247,0.17153590358580373,0.39086922215113845,0.40796852546483753,0,0
361,0.2,0.1425742574257426,0.16491614109827338,0.36384057185536856,0.4390888744026609,0,0
362,0.2,0.1425742574257426,0.16491614109827338,0.36384057185536856,0.4390888744026609,0,0
363,0.2,0.1485148514851485,0.1703891070439521,0.3812642067119665,0.41877396461129573,0,0
364,0.2,0.09306930693069307,0.13661931335176508,0.21690432421099848,0.6637317897919139,0,0
365,0.0,0.019801980198019802,0.059735061897023205,1.0,-0.0,0,0
366,0.0,0.02772277227722772,0.06910862719451544,1.0,-0.0,0,0
367,0.0,0.02772277227722772,0.06910862719451544,1.0,-0.0,0,0
368,0.0,0.021782178217821784,0.06230547612891991,1.0,-0.0,0,0
369,0.0,0.007920792079207921,0.03900537743285587,1.0,-0.0,0,0
370,0.0,0.007920792079207921,0.03900537743285587,1.0,-0.0,0,0
371,0.0,0.0,0.0,1.0,-0.0,0,0
372,0.0,0.0,0.0,1.0,-0.0,0,0
373,0.0,0.0,0.0,1.0,-0.0,0,0
374,0.0,0.0,0.0,1.0,-0.0,0,0
375,0.0,0.019801980198019802,0.059735061897023205,1.0,-0.0,0,0
376,0.0,0.019801980198019802,0.059735061897023205,1.0,-0.0,0,0
377,0.0,0.019801980198019802,0.059735061897023205,1.0,-0.0,0,0
378,0.0,0.019801980198019802,0.059735061897023205,1.0,-0.0,0,0
379,0.0,0.019801980198019802,0.059735061897023205,1.0,-0.0,0,0
380,0.0,0.0,0.0,1.0,-0.0,0,0
381,0.0,0.007920792079207921,0.03900537743285587,1.0,-0.0,0,0
382,0.0,0.007920792079207921,0.03900537743285587,1.0,-0.0,0,0
383,0.0,0.011881188118811883,0.047276579747775535,1.0,-0.0,0,0
384,0.0,0.011881188118811883,0.047276579747775535,1.0,-0.0,0,0
385,0.0,0.011881188118811883,0.047276579747775535,1.0,-0.0,0,0
386,0.0,0.0039603960396039604,0.02786385599895107,1.0,-0.0,0,0
387,0.0,0.0039603960396039604,0.02786385599895107,1.0,-0.0,0,0
388,0.2,0.025742574257425748,0.0669763743575753,0.0046371400013480064,2.3337497919853587,0,0
389,0.2,0.025742574257425748,0.0669763743575753,0.0046371400013480064,2.3337497919853587,0,0
390,0.2,0.025742574257425748,0.0669763743575753,0.0046371400013480064,2.3337497919853587,0,0
391,0.2,0.04752475247524753,0.08512548617902843,0.03663203844700429,1.4361389136681444,0,0
392,0.2,0.05742574257425742,0.09048443294095733,0.05755010791628536,1.2399538576570686,0,0
393,0.0,0.03168316831683169,0.0730260947112308,1.0,-0.0,0,0
394,0.0,0.03168316831683169,0.0730260947112308,1.0,-0.0,0,0
395,0.0,0.03168316831683169,0.0730260947112308,1.0,-0.0,0,0
396,0.0,0.009900990099009901,0.04338396495090425,1.0,-0.0,0,0
397,0.0,0.0,0.0,1.0,-0.0,0,0
398,0.0,0.0,0.0,1.0,-0.0,0,0
399,0.0,0.06336633663366337,0.1256450857759628,1.0,-0.0,0,0
400,0.0,0.06336633663366337,0.1256450857759628,1.0,-0.0,0,0
401,0.0,0.06336633663366337,0.1256450857759628,1.0,-0.0,0,0
402,0.0,0.06336633663366337,0.1256450857759628,1.0,-0.0,0,0
403,0.0,0.07524752475247526,0.1374491377352735,1.0,-0.0,0,0
404,0.0,0.011881188118811881,0.047276579747775535,1.0,-0.0,0,0
405,0.0,0.011881188118811881,0.047276579747775535,1.0,-0.0,0,0
406,0.0,0.011881188118811881,0.047276579747775535,1.0,-0.0,0,0
407,0.0,0.023762376237623766,0.06471340450838887,1.0,-0.0,0,0
408,0.0,0.011881188118811883,0.04727657974777555,1.0,-0.0,0,0
409,0.0,0.011881188118811883,0.04727657974777555,1.0,-0.0,0,0
410,0.0,0.011881188118811883,0.04727657974777555,1.0,-0.0,0,0
411,0.0,0.011881188118811883,0.04727657974777555,1.0,-0.0,0,0
412,0.0,0.03960396039603961,0.08452453849668534,1.0,-0.0,0,0
413,0.0,0.03960396039603961,0.08452453849668534,1.0,-0.0,0,0
414,0.0,0.03960396039603961,0.08452453849668534,1.0,-0.0,0,0
415,0.0,0.04356435643564357,0.08721867542790195,1.0,-0.0,0,0
416,0.0,0.04356435643564357,0.08721867542790195,1.0,-0.0,0,0
417,0.0,0.007920792079207921,0.03900537743285587,1.0,-0.0,0,0
418,0.0,0.007920792079207921,0.03900537743285587,1.0,-0.0,0,0
419,0.0,0.007920792079207921,0.03900537743285587,1.0,-0.0,0,0
420,0.0,0.0039603960396039604,0.027863855998951064,1.0,-0.0,0,0
421,0.0,0.0039603960396039604,0.027863855998951064,1.0,-0.0,0,0
422,0.0,0.12871287128712872,0.15564406822280066,1.0,-0.0,0,0
423,0.0,0.12871287128712872,0.15564406822280066,1.0,-0.0,0,0
424,0.0,0.12871287128712872,0.15564406822280066,1.0,-0.0,0,0
425,0.0,0.13861386138613863,0.15856428688449584,1.0,-0.0,0,0
426,0.0,0.13861386138613863,0.15856428688449584,1.0,-0.0,0,0
427,0.0,0.007920792079207921,0.03900537743285587,1.0,-0.0,0,0
428,0.0,0.007920792079207921,0.03900537743285587,1.0,-0.0,0,0
429,0.0,0.017821782178217824,0.056980176514606566,1.0,-0.0,0,0
430,0.0,0.16831683168316833,0.18823342001292903,1.0,-0.0,0,16
431,0.2,0.3643564356435644,0.23946481517355997,1.0,-0.0,0,0
432,0.2,0.3643564356435644,0.23946481517355997,1.0,-0.0,0,0
433,0.2,0.3643564356435644,0.23946481517355997,1.0,-0.0,0,0
434,0.2,0.3544554455445545,0.23694622879808236,1.0,-0.0,0,0
435,0.2,0.19603960396039605,0.18875348902641545,0.4916300699069941,0.30836156192208375,0,0
436,0.0,0.0,0.0,1.0,-0.0,0,0
437,0.0,0.0,0.0,1.0,-0.0,0,0
438,0.0,0.17425742574257425,0.18597001000988353,1.0,-0.0,0,0
439,0.0,0.17425742574257425,0.18597001000988353,1.0,-0.0,0,0
440,0.0,0.17425742574257425,0.18597001000988353,1.0,-0.0,0,0
441,0.0,0.2217821782178218,0.20662491026923688,1.0,-0.0,0,0
442,0.0,0.2851485148514851,0.23938292726117907,1.0,-0.0,0,0
443,0.0,0.11089108910891086,0.16283441756692102,1.0,-0.0,0,0
444,0.0,0.11089108910891086,0.16283441756692102,1.0,-0.0,0,0
445,0.0,0.11089108910891086,0.16283441756692102,1.0,-0.0,0,0
446,0.0,0.06336633663366337,0.11917436454123626,1.0,-0.0,0,0
447,0.0,0.16633663366336632,0.1847005753086894,1.0,-0.0,0,0
448,0.0,0.17029702970297025,0.19373583855263382,1.0,-0.0,0,0
449,0.0,0.17821782178217818,0.2046992289576329,1.0,-0.0,0,0
450,0.0,0.17821782178217818,0.2046992289576329,1.0,-0.0,0,0
451,0.8,0.2594059405940594,0.25414512803381306,0.016705567718289273,1.777138760808203,0,0
452,0.8,0.1386138613861386,0.16104257909978184,2.0050037039479624e-05,4.6978848207482,0,0
453,0.8,0.16237623762376235,0.17283397009132112,0.0001124681928772193,3.9489702829841264,0,0
454,0.8,0.17227722772277226,0.1846156359731749,0.00033673168748181664,3.472716013249663,0,0
455,0.8,0.18217821782178217,0.1931479910747968,0.0006902523448512012,3.1609921093475797,0,0
456,0.0,0.10297029702970295,0.1655805541415198,1.0,-0.0,0,0
457,0.0,0.05940594059405942,0.10733330877518932,1.0,-0.0,0,0
458,0.0,0.041584158415841586,0.09039772047931348,1.0,-0.0,0,0
459,0.0,0.04950495049504951,0.09504950495049506,1.0,-0.0,0,0
460,0.0,0.04752475247524753,0.08512548617902843,1.0,-0.0,0,0
461,0.0,0.09504950495049502,0.11805036483793173,1.0,-0.0,0,0
462,0.0,0.09504950495049502,0.11805036483793173,1.0,-0.0,0,0
463,0.0,0.0891089108910891,0.11765109526742927,1.0,-0.0,0,0
464,0.0,0.06336633663366337,0.10504385908811757,1.0,-0.0,0,0
465,0.0,0.05544554455445545,0.09797478714338996,1.0,-0.0,0,0
466,0.0,0.031683168316831684,0.07826167463512675,1.0,-0.0,0,0
467,0.0,0.031683168316831684,0.07826167463512675,1.0,-0.0,0,0
468,0.0,0.041584158415841586,0.10270338597932627,1.0,-0.0,0,0
469,0.0,0.041584158415841586,0.10270338597932627,1.0,-0.0,0,0
470,0.0,0.11881188118811879,0.15460769343321296,1.0,-0.0,0,0
471,0.0,0.09108910891089106,0.1335716590419014,1.0,-0.0,0,0
472,0.0,0.09108910891089106,0.1335716590419014,1.0,-0.0,0,0
473,0.2,0.1386138613861386,0.16104257909978184,0.3515350094194499,0.4540314170437232,0,0
474,0.2,0.1465346534653465,0.16384268984901074,0.3720906672509391,0.42935122278214305,0,0
475,0.2,0.06732673267326733,0.11000352009767247,0.11389293410569636,0.9435032186258506,0,0
476,0.2,0.06732673267326733,0.11000352009767247,0.11389293410569636,0.9435032186258506,0,0
477,0.2,0.11089108910891088,0.13342479626077636,0.25211189644106335,0.598406660722568,0,0
478,0.0,0.05742574257425742,0.10277971700879983,1.0,-0.0,0,0
479,0.0,0.04950495049504951,0.09912864166957489,1.0,-0.0,0,0
480,0.0,0.04950495049504951,0.09912864166957489,1.0,-0.0,0,0
481,0.0,0.04950495049504951,0.09912864166957489,1.0,-0.0,0,0
482,0.4,0.06732673267326733,0.11698261772468857,0.0022290647018759187,2.65187732530179,0,0
483,0.4,0.061386138613861385,0.11515834731523733,0.0016388402660386595,2.7854633740430557,0,0
484,0.4,0.061386138613861385,0.11515834731523733,0.0016388402660386595,2.7854633740430557,0,0
485,0.4,0.13465346534653463,0.14380655568606182,0.0325069160362252,1.4880242305032718,0,0
486,0.4,0.13465346534653463,0.14380655568606182,0.0325069160362252,1.4880242305032718,0,0
487,0.0,0.0712871287128713,0.11110305060677654,1.0,-0.0,0,0
488,0.0,0.0712871287128713,0.11110305060677654,1.0,-0.0,0,0
489,0.0,0.0712871287128713,0.11110305060677654,1.0,-0.0,0,0
490,0.2,0.027722772277227727,0.06910862719451544,0.0063361735559086295,2.1981729353735644,0,0
491,0.4,0.10297029702970298,0.13383560593042218,0.013231041946804118,1.8784059537014401,0,0
492,0.4,0.10297029702970298,0.13383560593042218,0.013231041946804118,1.8784059537014401,0,0
493,0.6,0.11881188118811879,0.14122019271030048,0.0003279720392050905,3.4841631798753654,0,0
494,0.6,0.11881188118811879,0.14122019271030048,0.0003279720392050905,3.4841631798753654,0,0
495,0.4,0.20396039603960398,0.19896802672602726,0.16224279990163643,0.789834567454388,0,0
496,0.2,0.12673267326732673,0.1534365990321625,0.31649992694608825,0.4996263858896416,0,0
497,0.2,0.12673267326732673,0.1534365990321625,0.31649992694608825,0.4996263858896416,0,0
498,0.0,0.11089108910891088,0.14752142995793407,1.0,-0.0,0,0
499,0.0,0.1584158415841584,0.17421241542909127,1.0,-0.0,0,0
500,0.0,0.04554455445544555,0.09700949476369022,1.0,-0.0,0,0
501,0.0,0.06930693069306931,0.11057238501634628,1.0,-0.0,0,0
502,0.0,0.07524752475247526,0.12219602867755656,1.0,-0.0,0,0
503,0.0,0.13168316831683166,0.14954100935552989,1.0,-0.0,0,0
504,0.0,0.08514851485148513,0.12054836637801526,1.0,-0.0,0,0
505,0.0,0.18811881188118812,0.1841690617597849,1.0,-0.0,0,0
506,0.0,0.16435643564356434,0.17439238698062573,1.0,-0.0,0,0
507,0.0,0.1584158415841584,0.17192407185067915,1.0,-0.0,0,0
