,foreground,bg_means,bg_stdev,pvals,minus_logs,regs,active
2,0.0,0.13861386138613857,0.15604664003838054,1.0,-0.0,0,0
3,0.0,0.15445544554455443,0.16858452795083373,1.0,-0.0,0,0
4,0.0,0.10297029702970295,0.14243667729389656,1.0,-0.0,0,0
5,0.0,0.1801980198019802,0.1791176404070512,1.0,-0.0,0,0
6,0.0,0.22178217821782176,0.2085328097726854,1.0,-0.0,0,0
7,0.0,0.15247524752475244,0.15957496727054085,1.0,-0.0,0,0
8,0.0,0.1168316831683168,0.1442421691205886,1.0,-0.0,0,0
9,0.0,0.20594059405940587,0.18764923153239024,1.0,-0.0,0,0
10,0.0,0.1287128712871287,0.1581681231502246,1.0,-0.0,0,0
11,0.0,0.11683168316831682,0.15986956746090622,1.0,-0.0,0,0
12,0.0,0.15643564356435644,0.18796241544687978,1.0,-0.0,0,0
13,0.0,0.3801980198019802,0.2793272689237405,1.0,-0.0,0,0
14,0.0,0.2910891089108911,0.21895295841846044,1.0,-0.0,0,0
15,0.0,0.40594059405940586,0.2720737313354882,1.0,-0.0,0,0
16,0.0,0.3762376237623762,0.26444356483093345,1.0,-0.0,0,0
17,0.0,0.45742574257425744,0.2538209139669599,1.0,-0.0,0,0
18,0.0,0.2514851485148515,0.19630944524980165,1.0,-0.0,0,0
19,0.0,0.2514851485148515,0.19630944524980165,1.0,-0.0,0,0
20,0.0,0.13663366336633662,0.16393839236292437,1.0,-0.0,0,0
21,0.0,0.13663366336633662,0.16393839236292437,1.0,-0.0,0,0
22,0.2,0.09900990099009901,0.1396566153069739,0.234799546255409,0.629302746687466,0,0
23,0.2,0.08118811881188118,0.11999411807954947,0.1610510040644479,0.7930365632485749,0,0
24,0.2,0.10495049504950495,0.1307830473343237,0.23368270656166545,0.6313734259164431,0,0
25,0.2,0.10495049504950495,0.1307830473343237,0.23368270656166545,0.6313734259164431,0,0
26,0.2,0.1504950495049505,0.1577212495187317,0.37680752388972144,0.42388043403424097,0,0
27,0.0,0.39603960396039595,0.2420706026128495,1.0,-0.0,0,0
28,0.0,0.39603960396039595,0.2420706026128495,1.0,-0.0,0,0
29,0.0,0.3762376237623762,0.2359512094436429,1.0,-0.0,0,0
30,0.0,0.398019801980198,0.24291146495359456,1.0,-0.0,0,0
31,0.0,0.35445544554455444,0.24026583976394725,1.0,-0.0,0,0
32,0.0,0.025742574257425745,0.06697637435757531,1.0,-0.0,0,0
33,0.0,0.025742574257425745,0.06697637435757531,1.0,-0.0,0,0
34,0.0,0.021782178217821784,0.06230547612891991,1.0,-0.0,0,0
35,0.0,0.0,0.0,1.0,-0.0,0,0
36,0.0,0.0,0.0,1.0,-0.0,0,0
37,0.0,0.19999999999999996,0.19498667128857303,1.0,-0.0,0,0
38,0.0,0.19999999999999996,0.19498667128857303,1.0,-0.0,0,0
39,0.0,0.19999999999999996,0.19498667128857303,1.0,-0.0,0,0
40,0.0,0.19999999999999996,0.19498667128857303,1.0,-0.0,0,0
41,0.0,0.21188118811881188,0.19462435446028695,1.0,-0.0,0,0
42,0.0,0.011881188118811883,0.047276579747775535,1.0,-0.0,0,0
43,0.0,0.011881188118811883,0.047276579747775535,1.0,-0.0,0,0
44,0.0,0.02970297029702971,0.07112192077650681,1.0,-0.0,0,0
45,0.0,0.02970297029702971,0.07112192077650681,1.0,-0.0,0,0
46,0.0,0.05544554455445545,0.1019369320889802,1.0,-0.0,0,0
47,0.0,0.05544554455445545,0.1019369320889802,1.0,-0.0,0,0
48,0.0,0.09306930693069307,0.12762679639066948,1.0,-0.0,0,0
49,0.0,0.10891089108910891,0.13357165904190144,1.0,-0.0,0,0
50,0.0,0.10891089108910891,0.13357165904190144,1.0,-0.0,0,0
51,0.0,0.0712871287128713,0.11110305060677654,1.0,-0.0,0,0
52,0.0,0.0712871287128713,0.11110305060677654,1.0,-0.0,0,0
53,0.0,0.033663366336633666,0.07482947971362845,1.0,-0.0,0,0
54,0.2,0.10099009900990098,0.14246420394934614,0.2435336350202682,0.6134410488439428,0,0
55,0.2,0.10099009900990098,0.14246420394934614,0.2435336350202682,0.6134410488439428,0,0
56,0.2,0.10099009900990098,0.14246420394934614,0.2435336350202682,0.6134410488439428,0,0
57,0.2,0.10099009900990098,0.14246420394934614,0.2435336350202682,0.6134410488439428,0,0
58,0.2,0.10099009900990098,0.14246420394934614,0.2435336350202682,0.6134410488439428,0,0
59,0.0,0.0,0.0,1.0,-0.0,0,0
60,0.2,0.20792079207920788,0.2047375370386191,1.0,-0.0,0,0
61,0.2,0.20792079207920788,0.2047375370386191,1.0,-0.0,0,0
62,0.2,0.22772277227722776,0.2106655233984672,1.0,-0.0,0,0
63,0.2,0.4435643564356436,0.26640839697175667,1.0,-0.0,0,0
64,0.2,0.7425742574257425,0.36515195118762783,1.0,-0.0,0,0
65,0.0,0.6851485148514849,0.3393021780689726,1.0,-0.0,0,0
66,0.0,0.6851485148514849,0.3393021780689726,1.0,-0.0,0,0
67,0.0,0.665346534653465,0.3378545130569397,1.0,-0.0,0,0
68,0.0,0.4495049504950494,0.28894610905130497,1.0,-0.0,0,0
69,0.0,0.18415841584158413,0.18812923368734452,1.0,-0.0,0,0
70,0.0,0.033663366336633666,0.07994704648786674,1.0,-0.0,0,0
71,0.0,0.08118811881188118,0.11664694237642095,1.0,-0.0,0,0
72,0.0,0.1603960396039604,0.16890984643276136,1.0,-0.0,0,0
73,0.0,0.1603960396039604,0.16890984643276136,1.0,-0.0,0,0
74,0.0,0.12673267326732673,0.1454872925680942,1.0,-0.0,0,0
75,0.0,0.12673267326732673,0.1454872925680942,1.0,-0.0,0,0
76,0.0,0.09702970297029703,0.1396285351588451,1.0,-0.0,0,0
77,0.0,0.4673267326732673,0.28182886138070806,1.0,-0.0,0,0
78,0.0,0.4673267326732673,0.28182886138070806,1.0,-0.0,0,0
79,0.0,0.6198019801980198,0.3202782830757343,1.0,-0.0,0,0
80,0.0,0.7089108910891088,0.35989520199085406,1.0,-0.0,0,0
81,0.0,0.6891089108910889,0.35541106868298034,1.0,-0.0,0,0
82,0.0,0.24950495049504945,0.1958094458508156,1.0,-0.0,0,0
83,0.0,0.3762376237623763,0.25529967436909773,1.0,-0.0,0,0
84,0.0,0.22376237623762374,0.20155264396038763,1.0,-0.0,0,0
85,0.0,0.13465346534653463,0.14653465346534653,1.0,-0.0,0,0
86,0.0,0.13465346534653463,0.14653465346534653,1.0,-0.0,0,0
87,0.0,0.12574257425742572,0.14532549015373283,1.0,-0.0,0,0
88,0.0,0.0,0.0,1.0,-0.0,0,0
89,0.0,0.0,0.0,1.0,-0.0,0,0
90,0.0,0.021782178217821784,0.06230547612891991,1.0,-0.0,0,0
91,0.0,0.021782178217821784,0.06230547612891991,1.0,-0.0,0,0
92,0.0,0.021782178217821784,0.06230547612891991,1.0,-0.0,0,0
93,0.0,0.021782178217821784,0.06230547612891991,1.0,-0.0,0,0
94,0.0,0.031683168316831684,0.0730260947112308,1.0,-0.0,0,0
95,0.0,0.009900990099009901,0.04338396495090424,1.0,-0.0,0,0
96,0.0,0.009900990099009901,0.04338396495090424,1.0,-0.0,0,0
97,0.0,0.009900990099009901,0.04338396495090424,1.0,-0.0,0,0
98,0.0,0.009900990099009901,0.04338396495090424,1.0,-0.0,0,0
99,0.0,0.0,0.0,1.0,-0.0,0,0
100,0.0,0.0,0.0,1.0,-0.0,0,0
101,0.0,0.0,0.0,1.0,-0.0,0,0
102,0.0,0.0,0.0,1.0,-0.0,0,0
103,0.0,0.009900990099009901,0.04338396495090425,1.0,-0.0,0,0
104,0.0,0.009900990099009901,0.04338396495090425,1.0,-0.0,0,0
105,0.0,0.023762376237623766,0.06471340450838889,1.0,-0.0,0,0
106,0.0,0.023762376237623766,0.06471340450838889,1.0,-0.0,0,0
107,0.0,0.023762376237623766,0.06471340450838889,1.0,-0.0,0,0
108,0.0,0.01386138613861386,0.05079507064705211,1.0,-0.0,0,0
109,0.0,0.01386138613861386,0.05079507064705211,1.0,-0.0,0,0
110,0.0,0.0,0.0,1.0,-0.0,0,0
111,0.0,0.0,0.0,1.0,-0.0,0,0
112,0.0,0.04554455445544555,0.08846854615322249,1.0,-0.0,0,0
113,0.0,0.04554455445544555,0.08846854615322249,1.0,-0.0,0,0
114,0.2,0.05346534653465348,0.09704990696905226,0.06553578757099196,1.183521477104809,0,0
115,0.4,0.1485148514851485,0.15065129981473455,0.04752704145418252,1.3230592195809807,0,0
116,0.4,0.3188118811881188,0.23408252386209702,0.36435746943421427,0.4384723228845946,0,0
117,0.4,0.2732673267326733,0.21196445111484613,0.27495470260691646,0.5607388480905975,0,0
118,0.4,0.2732673267326733,0.21196445111484613,0.27495470260691646,0.5607388480905975,0,0
119,0.2,0.7049504950495048,0.3395909705104513,1.0,-0.0,0,0
120,0.0,0.6396039603960395,0.3365754172090763,1.0,-0.0,0,0
121,0.0,0.4673267326732674,0.29149967677956673,1.0,-0.0,0,0
122,0.0,0.4673267326732674,0.29149967677956673,1.0,-0.0,0,0
123,0.0,0.4673267326732674,0.29149967677956673,1.0,-0.0,0,0
124,0.0,0.02772277227722773,0.07461957893630405,1.0,-0.0,0,0
125,0.0,0.7881188118811879,0.3580162971877868,1.0,-0.0,0,0
126,0.0,0.7881188118811879,0.3580162971877868,1.0,-0.0,0,0
127,0.0,0.8297029702970296,0.3737804074071759,1.0,-0.0,0,0
128,0.0,0.8514851485148514,0.3814027941213748,1.0,-0.0,0,0
129,0.0,1.0118811881188117,0.39383545056452274,1.0,-0.0,0,0
130,0.0,0.30297029702970296,0.19823750409199728,1.0,-0.0,0,0
131,0.0,0.33069306930693065,0.20573104342610338,1.0,-0.0,0,0
132,0.0,0.3564356435643564,0.23480172447970915,1.0,-0.0,0,0
133,0.0,0.3722772277227723,0.2405105180307165,1.0,-0.0,0,0
134,0.0,0.27128712871287125,0.2098262523397957,1.0,-0.0,0,0
135,0.0,0.19207920792079206,0.18651741527630283,1.0,-0.0,0,0
136,0.0,0.29504950495049503,0.24143803404172492,1.0,-0.0,0,0
137,0.0,0.3099009900990099,0.23610072967586346,1.0,-0.0,0,0
138,0.0,0.27128712871287125,0.20408532173383087,1.0,-0.0,0,0
139,0.0,0.25346534653465347,0.22495955915360186,1.0,-0.0,0,0
140,0.0,0.31485148514851485,0.2600023376185323,1.0,-0.0,0,0
141,0.0,0.18415841584158413,0.1881292336873445,1.0,-0.0,0,0
142,0.0,0.10297029702970294,0.15571962971356434,1.0,-0.0,0,0
143,0.0,0.11287128712871286,0.1651062462231749,1.0,-0.0,0,0
144,0.0,0.14257425742574256,0.16004116713803365,1.0,-0.0,0,0
145,0.0,0.07920792079207921,0.11631029826208641,1.0,-0.0,0,0
146,0.0,0.07920792079207921,0.11631029826208641,1.0,-0.0,0,0
147,0.0,0.07920792079207921,0.11631029826208641,1.0,-0.0,0,0
148,0.0,0.06930693069306931,0.11057238501634628,1.0,-0.0,0,0
149,0.0,0.0,0.0,1.0,-0.0,0,0
150,0.0,0.039603960396039604,0.10155153588085614,1.0,-0.0,0,0
151,0.0,0.039603960396039604,0.10155153588085614,1.0,-0.0,0,0
152,0.0,0.039603960396039604,0.10155153588085614,1.0,-0.0,0,0
153,0.0,0.05346534653465347,0.11566797518027906,1.0,-0.0,0,0
154,0.0,0.08316831683168316,0.13280619910579974,1.0,-0.0,0,0
155,0.0,0.07326732673267326,0.1115960618107356,1.0,-0.0,0,0
156,0.0,0.07326732673267326,0.1115960618107356,1.0,-0.0,0,0
157,0.0,0.07326732673267326,0.1115960618107356,1.0,-0.0,0,0
158,0.0,0.16831683168316827,0.1964691763138608,1.0,-0.0,0,0
159,0.0,0.15841584158415842,0.18945849187904937,1.0,-0.0,0,0
160,0.0,0.14059405940594058,0.1769814096752818,1.0,-0.0,0,0
161,0.0,0.14059405940594058,0.1769814096752818,1.0,-0.0,0,0
162,0.0,0.14059405940594058,0.1769814096752818,1.0,-0.0,0,0
163,0.0,0.033663366336633666,0.08475617647141663,1.0,-0.0,0,0
164,0.0,0.01386138613861386,0.05807080514303042,1.0,-0.0,0,0
165,0.0,0.0,0.0,1.0,-0.0,0,0
166,0.0,0.009900990099009901,0.04338396495090424,1.0,-0.0,0,0
167,0.0,0.009900990099009901,0.04338396495090424,1.0,-0.0,0,0
168,0.0,0.009900990099009901,0.04338396495090424,1.0,-0.0,0,0
169,0.0,0.039603960396039604,0.08908690597387718,1.0,-0.0,0,0
170,0.0,0.039603960396039604,0.08908690597387718,1.0,-0.0,0,0
171,0.0,0.17623762376237617,0.1786353744371313,1.0,-0.0,0,0
172,0.0,0.17623762376237617,0.1786353744371313,1.0,-0.0,0,0
173,0.0,0.17623762376237617,0.1786353744371313,1.0,-0.0,0,0
174,0.0,0.17029702970297025,0.16976661583645788,1.0,-0.0,0,0
175,0.0,0.27326732673267323,0.19845496738800078,1.0,-0.0,0,0
176,0.0,0.1277227722772277,0.15550544346346828,1.0,-0.0,0,0
177,0.0,0.1277227722772277,0.15550544346346828,1.0,-0.0,0,0
178,0.0,0.1277227722772277,0.15550544346346828,1.0,-0.0,0,0
179,0.0,0.12871287128712872,0.16550949460567813,1.0,-0.0,0,0
180,0.0,0.025742574257425745,0.07264925278354115,1.0,-0.0,0,0
181,0.0,0.2554455445544554,0.23228322057212167,1.0,-0.0,0,0
182,0.0,0.32871287128712867,0.2510716175935915,1.0,-0.0,0,0
183,0.0,0.32871287128712867,0.2510716175935915,1.0,-0.0,0,0
184,0.0,0.3009900990099009,0.23984113946360017,1.0,-0.0,0,0
185,0.0,0.3009900990099009,0.23984113946360017,1.0,-0.0,0,0
186,0.0,0.0712871287128713,0.11801714396634724,1.0,-0.0,0,0
187,0.0,0.0,0.0,1.0,-0.0,0,0
188,0.0,0.0,0.0,1.0,-0.0,0,0
189,0.0,0.15643564356435644,0.17258422629307663,1.0,-0.0,0,0
190,0.0,0.21188118811881182,0.20063618061766877,1.0,-0.0,0,0
191,0.0,0.21188118811881182,0.20063618061766877,1.0,-0.0,0,0
192,0.0,0.21188118811881182,0.20063618061766877,1.0,-0.0,0,0
193,0.0,0.3227722772277227,0.22155221458135632,1.0,-0.0,0,0
194,0.0,0.21782178217821782,0.1782178217821782,1.0,-0.0,0,0
195,0.0,0.22574257425742572,0.18382808657861666,1.0,-0.0,0,0
196,0.0,0.23366336633663365,0.1847005753086894,1.0,-0.0,0,0
197,0.0,0.24356435643564353,0.19213023717381655,1.0,-0.0,0,0
198,0.0,0.18811881188118815,0.19257871154715578,1.0,-0.0,0,0
199,0.0,0.1485148514851485,0.17038910704395213,1.0,-0.0,0,0
200,0.0,0.09702970297029702,0.13383560593042218,1.0,-0.0,0,0
201,0.0,0.0891089108910891,0.12734998170941408,1.0,-0.0,0,0
202,0.0,0.07920792079207921,0.11966689053257923,1.0,-0.0,0,0
203,0.0,0.05346534653465347,0.09704990696905227,1.0,-0.0,0,0
204,0.0,0.041584158415841586,0.08590499787518362,1.0,-0.0,0,0
205,0.0,0.027722772277227727,0.07461957893630407,1.0,-0.0,0,0
206,0.0,0.027722772277227727,0.07461957893630407,1.0,-0.0,0,0
207,0.0,0.027722772277227727,0.07461957893630407,1.0,-0.0,0,0
208,0.0,0.0,0.0,1.0,-0.0,0,0
209,0.0,0.0,0.0,1.0,-0.0,0,0
210,0.0,0.0,0.0,1.0,-0.0,0,0
211,0.0,0.0,0.0,1.0,-0.0,0,0
212,0.0,0.15049504950495046,0.15772124951873168,1.0,-0.0,0,0
213,0.0,0.1861386138613861,0.187230838076401,1.0,-0.0,0,0
214,0.0,0.1861386138613861,0.187230838076401,1.0,-0.0,0,0
215,0.0,0.27128712871287125,0.21724496082221745,1.0,-0.0,0,0
216,0.0,0.39999999999999997,0.26699649569399087,1.0,-0.0,0,0
217,0.0,0.5534653465346534,0.33048549838188285,1.0,-0.0,0,0
218,0.0,0.7544554455445543,0.37746542756257756,1.0,-0.0,0,0
219,0.0,0.875247524752475,0.3805691258149774,1.0,-0.0,1,0
220,0.0,0.807920792079208,0.3754029302799047,1.0,-0.0,0,0
221,0.0,0.9821782178217819,0.3849639406037151,1.0,-0.0,0,0
222,0.0,1.3069306930693068,0.4356075592682006,1.0,-0.0,0,0
223,0.0,1.0950495049504951,0.4208375048282317,1.0,-0.0,0,0
224,0.0,1.201980198019802,0.44006754612495125,1.0,-0.0,0,0
225,0.0,1.2356435643564359,0.45240483019014577,1.0,-0.0,0,0
226,0.0,0.9346534653465347,0.3766542768510263,1.0,-0.0,0,0
227,0.0,0.4099009900990099,0.2833690350038615,1.0,-0.0,0,0
228,0.0,0.5049504950495051,0.312883819776563,1.0,-0.0,0,0
229,0.0,0.35940594059405945,0.26257604945403445,1.0,-0.0,0,0
230,0.0,0.306930693069307,0.23304162962257066,1.0,-0.0,0,0
231,0.0,0.306930693069307,0.23304162962257066,1.0,-0.0,0,0
232,0.0,0.22970297029702966,0.21133454050622988,1.0,-0.0,0,0
233,0.0,0.11089108910891088,0.15536669501729133,1.0,-0.0,0,0
234,0.0,0.061386138613861385,0.11166631429601334,1.0,-0.0,0,0
235,0.2,0.09702970297029702,0.13084299831035082,0.21564796322227764,0.6662546393752193,0,0
236,0.2,0.15445544554455445,0.166218722942046,0.39204086748793565,0.40666865849130684,0,0
237,0.2,0.12475247524752475,0.15376846462033406,0.31229483136299685,0.5054352035030862,0,0
238,0.4,0.15643564356435644,0.1725842262930766,0.07908129974601254,1.1019262014235855,0,0
239,0.6,0.1782178217821782,0.18433931283543808,0.01106657613268139,1.955986723898553,0,0
240,0.4,0.14257425742574256,0.16491614109827338,0.05926785149037623,1.2271808160170354,0,0
241,0.4,0.08514851485148513,0.12054836637801526,0.0045029899587652284,2.3464990214709367,0,0
242,0.4,0.08514851485148513,0.12054836637801526,0.0045029899587652284,2.3464990214709367,0,0
243,0.2,0.05544554455445545,0.1094316980566186,0.09325802196181344,1.0303138003353092,0,0
244,0.0,0.0,0.0,1.0,-0.0,0,0
245,0.0,0.0297029702970297,0.07112192077650681,1.0,-0.0,0,0
246,0.0,0.0297029702970297,0.07112192077650681,1.0,-0.0,0,0
247,0.0,0.0297029702970297,0.07112192077650681,1.0,-0.0,0,0
248,0.0,0.0297029702970297,0.07112192077650681,1.0,-0.0,0,0
249,0.0,0.04356435643564357,0.08721867542790195,1.0,-0.0,0,0
250,0.0,0.05346534653465346,0.10489443673781407,1.0,-0.0,0,0
251,0.0,0.08910891089108913,0.12734998170941406,1.0,-0.0,0,0
252,0.0,0.33663366336633654,0.23869395968798676,1.0,-0.0,0,0
253,0.0,0.33663366336633654,0.23869395968798676,1.0,-0.0,0,0
254,0.0,0.6079207920792079,0.3232517849887028,1.0,-0.0,0,0
255,0.0,0.5683168316831683,0.31051879076742644,1.0,-0.0,0,0
256,0.0,0.5306930693069307,0.3101397239435914,1.0,-0.0,0,0
257,0.0,0.2851485148514852,0.23605090012175206,1.0,-0.0,0,0
258,0.0,0.2851485148514852,0.23605090012175206,1.0,-0.0,0,0
259,0.0,0.0,0.0,1.0,-0.0,0,0
260,0.0,0.07920792079207921,0.13520562388207177,1.0,-0.0,0,0
261,0.0,0.07920792079207921,0.13520562388207177,1.0,-0.0,0,0
262,0.0,0.09504950495049505,0.14238160801780242,1.0,-0.0,0,0
263,0.0,0.42376237623762375,0.28740853555039864,1.0,-0.0,0,0
264,0.0,0.4693069306930693,0.29441755700494077,1.0,-0.0,0,0
265,0.0,0.39207920792079204,0.25782147800015515,1.0,-0.0,0,0
266,0.0,0.39207920792079204,0.25782147800015515,1.0,-0.0,0,0
267,0.0,0.37623762376237624,0.2521780428925678,1.0,-0.0,0,0
268,0.0,0.06930693069306931,0.1303024465454424,1.0,-0.0,0,0
269,0.0,0.023762376237623766,0.0759735686861421,1.0,-0.0,0,0
270,0.0,0.021782178217821784,0.07393328595086916,1.0,-0.0,0,0
271,0.0,0.021782178217821784,0.07393328595086916,1.0,-0.0,0,0
272,0.0,0.021782178217821784,0.07393328595086916,1.0,-0.0,0,0
273,0.0,0.0,0.0,1.0,-0.0,0,0
274,0.0,0.08118811881188118,0.11999411807954946,1.0,-0.0,0,0
275,0.0,0.08118811881188118,0.11999411807954946,1.0,-0.0,0,0
276,0.0,0.15445544554455445,0.15891011998209012,1.0,-0.0,0,0
277,0.0,0.297029702970297,0.22269965813084433,1.0,-0.0,0,0
278,0.0,0.297029702970297,0.22269965813084433,1.0,-0.0,0,0
279,1.6,0.32673267326732675,0.24490494786123257,1.001674548842484e-07,6.999273360904703,0,0
280,1.8,0.5554455445544555,0.3361032513223517,0.00010657730093954724,3.9723352824240954,0,0
281,1.8,0.48316831683168315,0.30735837338398014,9.163598228680055e-06,5.037933960391884,1,0
282,1.8,0.3386138613861387,0.25908074242403795,8.4700245444716e-09,8.072115331167153,0,0
283,8.6,1.2376237623762376,0.4465159926728014,1e-17,17.0,0,0
284,7.4,1.186138613861386,0.4703126625854099,1e-17,17.0,0,0
285,10.4,1.8455445544554456,0.48410880711242116,1e-17,17.0,2,0
286,10.4,1.8455445544554456,0.48410880711242116,1e-17,17.0,0,0
287,10.4,1.8455445544554456,0.48410880711242116,1e-17,17.0,0,0
288,4.0,1.0237623762376238,0.38515742309431156,5.501383294024196e-15,14.259528095700913,0,0
289,4.2,1.4118811881188118,0.4285104591564937,3.845170028324092e-11,10.415084451511369,0,0
290,2.2,0.8277227722772277,0.3604504365432169,7.029792806813461e-05,4.1530574750063,0,0
291,2.8,0.9940594059405943,0.42352172309845065,1.0035306018753213e-05,4.998469379506393,0,0
292,2.8,0.9940594059405943,0.42352172309845065,1.0035306018753213e-05,4.998469379506393,1,0
293,2.6,0.9722772277227723,0.4332970105855952,8.611934977363157e-05,4.064899257886983,0,0
294,2.2,0.5801980198019804,0.33122030656532414,5.03139437698081e-07,6.298311639932489,0,0
295,1.0,0.27326732673267323,0.22466304322665875,0.0006087094609052611,3.215589948145106,0,0
296,0.4,0.10693069306930694,0.13948804962658476,0.017818936733444844,1.7491182141360964,0,0
297,0.4,0.10693069306930694,0.13948804962658476,0.017818936733444844,1.7491182141360964,0,0
298,0.4,0.19999999999999996,0.1887950326582658,0.14472022737963497,0.83947076379858,0,0
299,0.2,0.14653465346534653,0.15127468716660813,0.36188222209096055,0.44143275161808027,0,0
300,0.2,0.14653465346534653,0.15127468716660813,0.36188222209096055,0.44143275161808027,0,0
301,0.2,0.14653465346534653,0.15127468716660813,0.36188222209096055,0.44143275161808027,0,0
302,0.4,0.41782178217821786,0.27300891785527265,1.0,-0.0,0,0
303,0.2,0.31881188118811893,0.24564035180135768,1.0,-0.0,0,0
304,0.2,0.32871287128712884,0.2542068362119796,1.0,-0.0,0,0
305,0.2,0.32871287128712884,0.2542068362119796,1.0,-0.0,0,0
306,0.2,0.35049504950495053,0.2631205582870985,1.0,-0.0,0,0
307,0.0,0.08514851485148514,0.130031327995105,1.0,-0.0,0,0
308,0.0,0.03762376237623763,0.08771182015980238,1.0,-0.0,0,0
309,0.0,0.10297029702970295,0.13084299831035082,1.0,-0.0,0,0
310,0.0,0.33861386138613864,0.23671443171910667,1.0,-0.0,0,0
311,0.0,0.3188118811881188,0.22370103426252747,1.0,-0.0,0,0
312,0.0,0.3108910891089109,0.21521391159118455,1.0,-0.0,0,0
313,0.0,0.31683168316831684,0.2220825405964211,1.0,-0.0,0,0
314,0.0,0.27128712871287125,0.2347683221430326,1.0,-0.0,0,0
315,0.0,0.03762376237623763,0.09211646217515253,1.0,-0.0,0,0
316,0.0,0.03762376237623763,0.09211646217515253,1.0,-0.0,0,0
317,0.0,0.10099009900990098,0.1367914141716479,1.0,-0.0,0,0
318,0.0,0.12079207920792079,0.1594028657227573,1.0,-0.0,0,0
319,0.0,0.1089108910891089,0.13650445892763632,1.0,-0.0,0,0
320,0.0,0.1089108910891089,0.13650445892763632,1.0,-0.0,0,0
321,0.0,0.14455445544554454,0.1569986110329885,1.0,-0.0,0,0
322,0.0,0.18019801980198016,0.18985132378941597,1.0,-0.0,0,0
323,0.0,0.19999999999999998,0.19900743804199783,1.0,-0.0,0,0
324,0.0,0.20198019801980194,0.2019607833806434,1.0,-0.0,0,0
325,0.0,0.20198019801980194,0.2019607833806434,1.0,-0.0,0,0
326,0.0,0.16831683168316827,0.17962044309621494,1.0,-0.0,0,0
327,0.0,0.06732673267326733,0.102550553475042,1.0,-0.0,0,0
328,0.0,0.0891089108910891,0.12097048989545554,1.0,-0.0,0,0
329,0.0,0.11485148514851483,0.13886822488939993,1.0,-0.0,0,0
330,0.0,0.11485148514851483,0.13886822488939993,1.0,-0.0,0,0
331,0.0,0.11485148514851483,0.13886822488939993,1.0,-0.0,0,0
332,0.0,0.1900990099009901,0.16501122103762106,1.0,-0.0,0,0
333,0.0,0.12178217821782175,0.14323280253485246,1.0,-0.0,0,0
334,0.0,0.07722772277227723,0.11930590361498669,1.0,-0.0,0,0
335,0.0,0.1069306930693069,0.13661931335176508,1.0,-0.0,0,0
336,0.0,0.17029702970297028,0.17436990069505995,1.0,-0.0,0,0
337,0.0,0.09504950495049505,0.14513649268759363,1.0,-0.0,0,0
338,0.0,0.10495049504950495,0.14784005112815915,1.0,-0.0,0,0
339,0.0,0.10099009900990098,0.14521752172118102,1.0,-0.0,0,0
340,0.0,0.0712871287128713,0.1213265242141813,1.0,-0.0,0,0
341,0.0,0.04554455445544555,0.09700949476369022,1.0,-0.0,0,0
342,0.0,0.07920792079207921,0.1352056238820718,1.0,-0.0,0,0
343,0.0,0.06930693069306931,0.12407485305204391,1.0,-0.0,0,0
344,0.0,0.0891089108910891,0.13342479626077636,1.0,-0.0,0,0
345,0.0,0.0891089108910891,0.13342479626077636,1.0,-0.0,0,0
346,0.0,0.26732673267326734,0.24579993107616477,1.0,-0.0,0,0
347,0.2,0.4673267326732674,0.3060799451936056,1.0,-0.0,0,0
348,0.2,0.4673267326732674,0.3060799451936056,1.0,-0.0,0,0
349,0.2,0.44752475247524764,0.3072052429052979,1.0,-0.0,0,0
350,0.2,0.48910891089108915,0.31019029295158174,1.0,-0.0,0,0
351,0.2,0.2752475247524752,0.21406297796087279,1.0,-0.0,0,0
352,0.0,0.041584158415841586,0.08590499787518362,1.0,-0.0,0,0
353,0.2,0.4534653465346534,0.29233249631728897,1.0,-0.0,0,0
