,foreground,bg_means,bg_stdev,pvals,minus_logs,regs,active
2,0.2,0.30792079207920797,0.18757608004570628,1.0,-0.0,0,0
3,0.2,0.5564356435643564,0.2722898286913124,1.0,-0.0,0,0
4,0.2,0.5564356435643564,0.2722898286913124,1.0,-0.0,0,0
5,0.2,0.6534653465346534,0.2977022089853902,1.0,-0.0,0,0
6,0.2,0.6534653465346534,0.2977022089853902,1.0,-0.0,0,0
7,0.0,0.3801980198019802,0.24292760685911477,1.0,-0.0,0,0
8,0.0,0.11287128712871287,0.14188502271424047,1.0,-0.0,0,0
9,0.0,0.19405940594059407,0.17452724385370855,1.0,-0.0,0,0
10,0.0,0.17029702970297025,0.1674175159433525,1.0,-0.0,0,0
11,0.0,0.17029702970297025,0.1674175159433525,1.0,-0.0,0,0
12,0.0,0.17029702970297025,0.1674175159433525,1.0,-0.0,0,0
13,0.0,0.15445544554455443,0.17091758912506996,1.0,-0.0,0,0
14,0.0,0.07326732673267326,0.11509022642946842,1.0,-0.0,0,0
15,0.0,0.0,0.0,1.0,-0.0,0,0
16,0.0,0.0,0.0,1.0,-0.0,0,0
17,1.4,0.41584158415841577,0.22459321788131212,5.880830072040508e-06,5.230561369457227,0,0
18,1.4,0.41584158415841577,0.22459321788131212,5.880830072040508e-06,5.230561369457227,0,0
19,1.4,0.41584158415841577,0.22459321788131212,5.880830072040508e-06,5.230561369457227,0,0
20,1.4,0.41584158415841577,0.22459321788131212,5.880830072040508e-06,5.230561369457227,0,0
21,1.4,0.41584158415841577,0.22459321788131212,5.880830072040508e-06,5.230561369457227,0,0
22,0.0,0.0,0.0,1.0,-0.0,0,0
23,0.0,0.0,0.0,1.0,-0.0,0,0
24,0.0,0.0,0.0,1.0,-0.0,0,0
25,0.0,0.0,0.0,1.0,-0.0,0,0
26,0.0,0.0,0.0,1.0,-0.0,0,0
27,0.0,0.0,0.0,1.0,-0.0,0,0
28,0.0,0.0,0.0,1.0,-0.0,0,0
29,0.0,0.0,0.0,1.0,-0.0,0,0
30,0.0,0.0,0.0,1.0,-0.0,0,0
31,0.0,0.009900990099009901,0.04338396495090425,1.0,-0.0,0,0
32,0.0,0.009900990099009901,0.04338396495090425,1.0,-0.0,0,0
33,0.0,0.009900990099009901,0.04338396495090425,1.0,-0.0,0,0
34,0.0,0.0297029702970297,0.07112192077650681,1.0,-0.0,0,0
35,0.0,0.0297029702970297,0.07112192077650681,1.0,-0.0,0,0
36,0.0,0.019801980198019802,0.059735061897023205,1.0,-0.0,0,0
37,0.0,0.019801980198019802,0.059735061897023205,1.0,-0.0,0,0
38,0.0,0.019801980198019802,0.059735061897023205,1.0,-0.0,0,0
39,0.0,0.0,0.0,1.0,-0.0,0,0
40,0.0,0.0,0.0,1.0,-0.0,0,0
41,0.0,0.0,0.0,1.0,-0.0,0,0
42,0.0,0.0,0.0,1.0,-0.0,0,0
43,0.0,0.023762376237623766,0.06471340450838887,1.0,-0.0,0,0
44,0.0,0.023762376237623766,0.06471340450838887,1.0,-0.0,0,0
45,0.0,0.023762376237623766,0.06471340450838887,1.0,-0.0,0,0
46,0.0,0.023762376237623766,0.06471340450838887,1.0,-0.0,0,0
47,0.0,0.04554455445544555,0.09283729243351321,1.0,-0.0,0,0
48,0.0,0.021782178217821784,0.06230547612891991,1.0,-0.0,0,0
49,0.0,0.08316831683168316,0.12028786177019754,1.0,-0.0,0,0
50,0.0,0.09306930693069305,0.12448501897427097,1.0,-0.0,0,0
51,0.0,0.11584158415841582,0.12953280349644583,1.0,-0.0,0,0
52,0.0,0.09306930693069305,0.12126186845461277,1.0,-0.0,0,0
53,0.2,0.12277227722772277,0.15662352422404113,0.3109784923272355,0.5072696462998472,0,0
54,0.6,0.35841584158415846,0.2291902779600837,0.14592387483806785,0.8358736466798019,0,0
55,0.6,0.36633663366336633,0.2338981870928063,0.15889830100735314,0.798880746386554,0,0
56,0.6,0.35643564356435653,0.21728105701932998,0.13115148194761694,0.8822267977306135,0,0
57,0.6,0.35643564356435653,0.21728105701932998,0.13115148194761694,0.8822267977306135,0,0
58,0.4,0.32673267326732675,0.21566892903767934,0.3670332136999086,0.4352946336391381,0,0
59,0.0,0.0297029702970297,0.07112192077650681,1.0,-0.0,0,0
60,0.0,0.041584158415841586,0.09039772047931349,1.0,-0.0,0,0
61,0.0,0.029702970297029712,0.07112192077650681,1.0,-0.0,0,0
62,0.2,0.14455445544554454,0.1094316980566186,0.30619387762116695,0.5140034973148504,0,0
63,0.2,0.14455445544554454,0.1094316980566186,0.30619387762116695,0.5140034973148504,0,0
64,0.2,0.14455445544554454,0.1094316980566186,0.30619387762116695,0.5140034973148504,0,0
65,0.2,0.13069306930693067,0.09924724028627063,0.24248666396596358,0.6153121412895707,0,0
66,0.2,0.4811881188118811,0.21281371544757102,1.0,-0.0,0,0
67,0.0,0.39801980198019804,0.20776042849273668,1.0,-0.0,0,0
68,0.0,0.39801980198019804,0.20776042849273668,1.0,-0.0,0,0
69,0.0,0.39801980198019804,0.20776042849273668,1.0,-0.0,0,0
70,0.0,0.3821782178217822,0.19920437766272148,1.0,-0.0,0,0
71,0.0,0.0297029702970297,0.07112192077650681,1.0,-0.0,0,0
72,0.0,0.0,0.0,1.0,-0.0,0,0
73,0.0,0.01782178217821782,0.05698017651460657,1.0,-0.0,0,0
74,0.0,0.01782178217821782,0.05698017651460657,1.0,-0.0,0,0
75,0.0,0.01782178217821782,0.05698017651460657,1.0,-0.0,0,0
76,0.0,0.01782178217821782,0.05698017651460657,1.0,-0.0,0,0
77,0.0,0.01782178217821782,0.05698017651460657,1.0,-0.0,0,0
78,0.0,0.0712871287128713,0.09578920096988376,1.0,-0.0,0,0
79,1.0,0.2495049504950495,0.1937763140233674,5.375261375776399e-05,4.269600413031427,0,0
80,1.0,0.2495049504950495,0.1937763140233674,5.375261375776399e-05,4.269600413031427,0,0
81,1.2,0.34851485148514855,0.23319301544579055,0.0001303982409472236,3.884728267132219,0,0
82,1.2,0.34851485148514855,0.23319301544579055,0.0001303982409472236,3.884728267132219,0,0
83,1.2,0.2752475247524752,0.21033021684397973,5.496223186695983e-06,5.259935640071056,0,0
84,0.2,0.31485148514851485,0.20747713156287056,1.0,-0.0,0,0
85,0.2,0.31485148514851485,0.20747713156287056,1.0,-0.0,0,0
86,0.0,0.21584158415841584,0.1704581324091671,1.0,-0.0,0,0
87,0.0,0.21584158415841584,0.1704581324091671,1.0,-0.0,0,0
88,0.0,0.21584158415841584,0.1704581324091671,1.0,-0.0,0,0
89,0.4,0.08316831683168316,0.10630546955619442,0.001439411376089179,2.841815069278627,0,0
90,0.4,0.08316831683168316,0.10630546955619442,0.001439411376089179,2.841815069278627,0,0
91,0.4,0.08316831683168316,0.10630546955619442,0.001439411376089179,2.841815069278627,1,0
92,0.4,0.08316831683168316,0.10630546955619442,0.001439411376089179,2.841815069278627,0,0
93,0.4,0.08316831683168316,0.10630546955619442,0.001439411376089179,2.841815069278627,0,0
94,0.0,0.0,0.0,1.0,-0.0,1,0
95,0.0,0.0,0.0,1.0,-0.0,0,0
96,0.0,0.0,0.0,1.0,-0.0,0,0
97,0.0,0.0,0.0,1.0,-0.0,0,0
98,0.0,0.2356435643564356,0.19578941931577465,1.0,-0.0,1,0
99,0.0,0.2356435643564356,0.19578941931577465,1.0,-0.0,0,0
100,0.0,0.3584158415841584,0.24262072700984713,1.0,-0.0,0,0
101,0.0,0.4396039603960396,0.24213538800210338,1.0,-0.0,0,0
102,0.0,0.4396039603960396,0.24213538800210338,1.0,-0.0,0,0
103,0.0,0.20396039603960395,0.16645446086073276,1.0,-0.0,0,0
104,0.0,0.20396039603960395,0.16645446086073276,1.0,-0.0,0,0
105,0.0,0.08118811881188118,0.12325042629382527,1.0,-0.0,0,0
106,0.0,0.0,0.0,1.0,-0.0,0,0
107,0.0,0.0,0.0,1.0,-0.0,0,0
108,0.0,0.0,0.0,1.0,-0.0,0,0
109,0.0,0.0,0.0,1.0,-0.0,0,0
110,0.0,0.0,0.0,1.0,-0.0,0,0
111,0.0,0.0,0.0,1.0,-0.0,0,0
112,0.0,0.601980198019802,0.2849284078986922,1.0,-0.0,0,0
113,0.0,0.601980198019802,0.2849284078986922,1.0,-0.0,0,0
114,0.0,0.6415841584158414,0.3022251887244663,1.0,-0.0,0,0
115,0.0,0.6415841584158414,0.3022251887244663,1.0,-0.0,0,0
116,0.0,0.6712871287128711,0.3038813713509467,1.0,-0.0,0,0
117,0.0,0.06930693069306931,0.10693069306930694,1.0,-0.0,0,0
118,0.0,0.06930693069306931,0.10693069306930694,1.0,-0.0,0,0
119,0.0,0.02970297029702971,0.07648795214189293,1.0,-0.0,0,0
120,0.0,0.10297029702970295,0.14789308791950762,1.0,-0.0,0,0
121,0.0,0.07326732673267328,0.11509022642946842,1.0,-0.0,0,0
122,0.0,0.07326732673267328,0.11509022642946842,1.0,-0.0,0,0
123,0.0,0.07326732673267328,0.11509022642946842,1.0,-0.0,0,0
124,0.0,0.07326732673267328,0.11509022642946842,1.0,-0.0,0,0
125,0.0,0.15247524752475247,0.15453158823862712,1.0,-0.0,0,0
126,0.0,0.15247524752475247,0.15453158823862712,1.0,-0.0,0,0
127,0.8,0.3405940594059407,0.22610705333684253,0.02108658864088018,1.6759936741379609,0,0
128,0.8,0.3405940594059407,0.22610705333684253,0.02108658864088018,1.6759936741379609,0,0
129,0.8,0.3405940594059407,0.22610705333684253,0.02108658864088018,1.6759936741379609,0,0
130,0.8,0.2792079207920792,0.21075856943604074,0.006736106813052195,2.171591034936053,0,0
131,0.8,0.2792079207920792,0.21075856943604074,0.006736106813052195,2.171591034936053,0,0
132,0.0,0.0910891089108911,0.11440678673785577,1.0,-0.0,0,0
133,0.0,0.0910891089108911,0.11440678673785577,1.0,-0.0,0,0
134,0.0,0.0910891089108911,0.11440678673785577,1.0,-0.0,0,0
135,0.0,0.4534653465346534,0.2386282399841838,1.0,-0.0,0,0
136,0.0,0.4534653465346534,0.2386282399841838,1.0,-0.0,0,0
137,0.0,0.4534653465346534,0.2386282399841838,1.0,-0.0,0,0
138,0.0,0.4534653465346534,0.2386282399841838,1.0,-0.0,0,0
139,0.0,0.4534653465346534,0.2386282399841838,1.0,-0.0,0,0
140,0.0,0.0,0.0,1.0,-0.0,0,0
141,0.0,0.0,0.0,1.0,-0.0,0,0
142,0.0,0.0594059405940594,0.09968089464279778,1.0,-0.0,0,0
143,0.0,0.0594059405940594,0.09968089464279778,1.0,-0.0,0,0
144,0.2,0.4297029702970298,0.26608438862955763,1.0,-0.0,0,0
145,0.2,0.45148514851485166,0.26796403681643205,1.0,-0.0,0,0
146,0.2,0.45148514851485166,0.26796403681643205,1.0,-0.0,0,0
147,0.2,0.3920792079207921,0.2562807743672234,1.0,-0.0,0,0
148,0.2,0.594059405940594,0.3263424011794482,1.0,-0.0,0,0
149,0.0,0.3940594059405941,0.2571056654443995,1.0,-0.0,0,0
150,0.0,0.3722772277227723,0.2470093644279236,1.0,-0.0,0,0
151,0.0,0.3722772277227723,0.2470093644279236,1.0,-0.0,0,0
152,0.2,0.4316831683168317,0.2590656069928917,1.0,-0.0,0,0
153,0.2,0.22970297029702968,0.1810555160500984,1.0,-0.0,0,0
154,0.2,0.0594059405940594,0.09138994660763823,0.061975734571012124,1.2077783170289345,0,0
155,0.2,0.0594059405940594,0.09138994660763823,0.061975734571012124,1.2077783170289345,0,0
156,0.2,0.0594059405940594,0.09138994660763823,0.061975734571012124,1.2077783170289345,0,0
157,0.0,0.041584158415841586,0.08116396646304633,1.0,-0.0,0,0
158,0.0,0.13465346534653463,0.14921288105967928,1.0,-0.0,0,0
159,0.0,0.13465346534653463,0.14921288105967928,1.0,-0.0,0,0
160,0.0,0.13465346534653463,0.14921288105967928,1.0,-0.0,0,0
161,0.0,0.13465346534653463,0.14921288105967928,1.0,-0.0,0,0
162,0.2,0.12178217821782177,0.14044058001185858,0.28878215612969627,0.5394296453607942,0,0
163,0.2,0.02970297029702971,0.07112192077650681,0.008322928729312118,2.079723824290396,0,0
164,0.2,0.02970297029702971,0.07112192077650681,0.008322928729312118,2.079723824290396,0,0
165,0.2,0.039603960396039604,0.07970143286137865,0.02208567245422131,1.6558893730090944,0,0
166,0.2,0.0891089108910891,0.12097048989545554,0.17965547706514468,0.7455595381425463,0,0
167,0.0,0.05940594059405942,0.0996808946427978,1.0,-0.0,0,0
168,0.0,0.05940594059405942,0.0996808946427978,1.0,-0.0,0,0
169,0.0,0.05940594059405942,0.0996808946427978,1.0,-0.0,0,0
170,0.0,0.049504950495049514,0.08631483056516186,1.0,-0.0,0,0
171,0.0,0.0,0.0,1.0,-0.0,0,0
172,0.2,0.06534653465346535,0.10571364605971598,0.10137482685028305,0.9940698745616096,0,0
173,1.2,0.4118811881188119,0.24181128748473268,0.0005585735944489973,3.2529195986316966,0,0
