,foreground,bg_means,bg_stdev,pvals,minus_logs,regs,active
2,0.4,0.14356435643564355,0.1737278180636028,0.06996160580728178,1.1551402308509098,0,0
3,0.2,0.10297029702970295,0.14519051706790778,0.25197351730651474,0.5986451016471241,0,0
4,0.2,0.06336633663366337,0.1158034971660471,0.11902494631501422,0.9243620057374958,0,0
5,0.2,0.12079207920792079,0.1517663861889879,0.3008675846233133,0.521624600487126,0,0
6,0.0,0.19801980198019795,0.17002049848448067,1.0,-0.0,0,0
7,0.0,0.19801980198019795,0.17002049848448067,1.0,-0.0,0,0
8,0.0,0.19801980198019795,0.17002049848448067,1.0,-0.0,0,0
9,0.0,0.19801980198019795,0.17002049848448067,1.0,-0.0,0,0
10,0.4,0.21386138613861388,0.1893342703651726,0.16277379336560782,0.7884155153734818,0,0
11,0.6,0.12277227722772277,0.14342430861173722,0.0004383276902034116,3.35820109306338,0,0
12,0.6,0.12277227722772277,0.14342430861173722,0.0004383276902034116,3.35820109306338,0,0
13,0.6,0.12277227722772277,0.14342430861173722,0.0004383276902034116,3.35820109306338,0,0
14,0.6,0.12277227722772277,0.14342430861173722,0.0004383276902034116,3.35820109306338,0,0
15,0.2,0.04950495049504951,0.09078727434730813,0.0486923704021295,1.312539082970909,0,0
16,0.0,0.019801980198019802,0.059735061897023205,1.0,-0.0,0,0
17,0.0,0.019801980198019802,0.059735061897023205,1.0,-0.0,0,0
18,0.2,0.12871287128712872,0.1581681231502246,0.3261011693951096,0.48664764381614467,0,0
19,0.4,0.25346534653465347,0.20468007222847603,0.23702022905084158,0.6252145865205285,0,0
20,0.6,0.3148514851485148,0.23267116072355806,0.11018534748601029,0.9578761543868147,0,0
21,0.6,0.41980198019801995,0.2632695422514099,0.24684171167119628,0.6075814507247634,0,0
22,0.6,0.41980198019801995,0.2632695422514099,0.24684171167119628,0.6075814507247634,0,0
23,0.4,0.30891089108910885,0.2000490087978147,0.324434496292616,0.48887297458102325,0,0
24,0.4,0.23762376237623759,0.1795767770099744,0.18294037594979617,0.7376904327575123,0,0
25,0.2,0.1762376237623762,0.16479721403218364,0.4426745814892581,0.3539154146280691,0,0
26,0.2,0.051485148514851496,0.096075322540263,0.06107440442601424,1.2141407594058025,0,0
27,0.2,0.051485148514851496,0.096075322540263,0.06107440442601424,1.2141407594058025,0,0
28,0.2,0.051485148514851496,0.096075322540263,0.06107440442601424,1.2141407594058025,0,0
29,0.2,0.10693069306930691,0.12126186845461277,0.22139013001589947,0.6548417446821359,0,0
30,0.4,0.2673267326732673,0.16951235294283323,0.21690867021237936,0.6637230881419293,0,0
31,0.4,0.28514851485148507,0.18529406044023106,0.26768367142659244,0.5723781197566987,0,0
32,0.4,0.44752475247524753,0.22364844203557224,1.0,-0.0,0,0
33,0.6,0.6871287128712869,0.3113888932491609,1.0,-0.0,0,0
34,0.6,0.6594059405940593,0.33246103555564094,1.0,-0.0,0,0
35,0.4,0.514851485148515,0.2956403148508692,1.0,-0.0,0,0
36,0.4,0.499009900990099,0.30523324939402285,1.0,-0.0,0,0
37,0.4,0.3683168316831684,0.2810625852820103,0.45512374242665016,0.34187050807540376,0,0
38,0.4,0.2594059405940594,0.224348658031977,0.26543561523036374,0.5760408054343389,0,0
39,0.4,0.19405940594059407,0.18974802582007907,0.13888616428802486,0.8573410161245032,0,0
40,0.8,0.2851485148514851,0.20937726555067404,0.006966899179522051,2.156960474249994,0,0
41,1.4,0.47326732673267324,0.28385294237131603,0.0005476416650942728,3.261503517747372,0,0
42,1.4,0.4435643564356436,0.2794676132369335,0.0003104131098706272,3.508059945196579,0,0
43,1.2,0.3108910891089109,0.2412430638613058,0.00011411292559097677,3.9426651601838647,0,0
44,1.0,0.297029702970297,0.2331257449942406,0.001283149657701679,2.891722687566184,0,0
45,0.8,0.22970297029702968,0.21133454050622988,0.003482103601377606,2.458158311668639,0,0
46,0.2,0.3603960396039603,0.2404942138909133,1.0,-0.0,0,0
47,0.4,0.9089108910891087,0.33599240028563293,1.0,-0.0,0,0
48,0.6,0.9188118811881186,0.3379357462176925,1.0,-0.0,0,0
49,0.6,0.9188118811881186,0.3379357462176925,1.0,-0.0,0,0
50,0.4,0.879207920792079,0.31851040416448473,1.0,-0.0,0,0
51,0.4,0.5603960396039604,0.2814668817620818,1.0,-0.0,0,0
52,0.2,0.009900990099009901,0.04338396495090424,5.885669548817485e-06,5.230204125035219,0,0
53,0.0,0.0059405940594059415,0.03395332316729158,1.0,-0.0,0,0
54,0.0,0.027722772277227727,0.06910862719451544,1.0,-0.0,0,0
55,0.2,0.1287128712871287,0.1630990913423683,0.3310271594374545,0.48013637265953535,0,0
56,0.2,0.1485148514851485,0.16804870898437327,0.3796613252210773,0.4206036406756712,0,0
57,0.4,0.17227722772277224,0.1802741651760957,0.10325821116391616,0.9860754029026787,0,0
58,0.4,0.20198019801980197,0.193958349116608,0.15364147590597638,0.813491529580653,0,0
59,0.4,0.1801980198019802,0.1813152180952015,0.11270559740565446,0.9480545146369184,0,0
60,0.2,0.07722772277227723,0.12576985749069639,0.16449106805243696,0.7838576794821273,0,0
61,0.2,0.05940594059405942,0.10357779667819421,0.08733081746926054,1.0588324745635311,0,0
62,0.0,0.03564356435643565,0.08154954567118416,1.0,-0.0,0,0
63,0.0,0.0,0.0,1.0,-0.0,0,0
64,0.0,0.0,0.0,1.0,-0.0,0,0
65,0.0,0.0,0.0,1.0,-0.0,0,0
66,0.0,0.0,0.0,1.0,-0.0,0,0
67,0.0,0.0,0.0,1.0,-0.0,0,0
68,0.0,0.0,0.0,1.0,-0.0,0,0
69,0.0,0.0,0.0,1.0,-0.0,0,0
70,0.2,0.011881188118811881,0.047276579747775535,3.4586556520905853e-05,4.461092674713385,0,0
71,0.2,0.011881188118811881,0.047276579747775535,3.4586556520905853e-05,4.461092674713385,0,0
72,0.2,0.011881188118811881,0.047276579747775535,3.4586556520905853e-05,4.461092674713385,0,0
73,0.2,0.011881188118811881,0.047276579747775535,3.4586556520905853e-05,4.461092674713385,0,0
74,0.2,0.011881188118811881,0.047276579747775535,3.4586556520905853e-05,4.461092674713385,0,0
75,0.0,0.0,0.0,1.0,-0.0,0,0
76,0.0,0.0,0.0,1.0,-0.0,0,0
77,0.0,0.0,0.0,1.0,-0.0,0,0
78,0.0,0.0,0.0,1.0,-0.0,0,0
79,0.0,0.0,0.0,1.0,-0.0,0,0
80,0.0,0.0,0.0,1.0,-0.0,0,0
81,0.0,0.033663366336633666,0.07482947971362847,1.0,-0.0,0,0
82,0.0,0.051485148514851496,0.09186070102766894,1.0,-0.0,0,0
83,0.0,0.05544554455445546,0.09384550979067553,1.0,-0.0,0,0
84,0.0,0.14059405940594055,0.15554326246855826,1.0,-0.0,0,0
85,0.0,0.22772277227722768,0.18674852677785872,1.0,-0.0,0,0
86,0.2,0.3287128712871287,0.23307527941404238,1.0,-0.0,0,0
87,0.2,0.3227722772277228,0.23373048205432875,1.0,-0.0,0,0
88,0.2,0.3188118811881188,0.23408252386209705,1.0,-0.0,0,0
89,0.2,0.23564356435643566,0.22408633344052936,1.0,-0.0,0,0
90,0.2,0.15643564356435644,0.19821772287116352,0.4130211199556127,0.38402774000058926,0,0
91,0.0,0.021782178217821784,0.06230547612891991,1.0,-0.0,0,0
92,0.0,0.06336633663366337,0.11917436454123627,1.0,-0.0,0,0
93,0.0,0.12871287128712872,0.1556440682228007,1.0,-0.0,0,0
94,0.0,0.2396039603960396,0.20875833198326263,1.0,-0.0,0,0
95,0.0,0.5069306930693069,0.287790292786765,1.0,-0.0,0,0
96,0.0,0.5405940594059405,0.30382975229649734,1.0,-0.0,0,0
97,0.0,0.49702970297029697,0.2751976591342686,1.0,-0.0,0,0
98,0.0,0.4495049504950494,0.26907386536971134,1.0,-0.0,0,0
99,0.0,0.4118811881188118,0.28538219248006175,1.0,-0.0,0,0
100,0.0,0.13366336633663364,0.15174054701519218,1.0,-0.0,0,0
101,0.0,0.10099009900990094,0.12467387119760155,1.0,-0.0,0,0
102,0.0,0.08910891089108908,0.11423528793549272,1.0,-0.0,0,0
103,0.0,0.0712871287128713,0.10747934055534188,1.0,-0.0,0,0
104,0.0,0.0,0.0,1.0,-0.0,0,0
105,0.0,0.0,0.0,1.0,-0.0,0,0
106,0.0,0.0,0.0,1.0,-0.0,0,0
107,0.0,0.015841584158415842,0.054012600780142014,1.0,-0.0,0,0
108,0.0,0.015841584158415842,0.054012600780142014,1.0,-0.0,0,0
109,0.0,0.03762376237623763,0.08307396817189319,1.0,-0.0,0,0
110,0.0,0.14653465346534653,0.14863361587956597,1.0,-0.0,0,0
111,0.0,0.14653465346534653,0.14863361587956597,1.0,-0.0,0,0
112,0.0,0.13069306930693067,0.13912212332871524,1.0,-0.0,0,0
113,0.0,0.13069306930693067,0.13912212332871524,1.0,-0.0,0,0
114,0.0,0.1069306930693069,0.12762679639066946,1.0,-0.0,0,0
115,0.2,0.047524752475247525,0.10953914206684617,0.08196567507237436,1.0863679799036903,0,0
116,0.2,0.09900990099009901,0.14791959918402456,0.24738670286539155,0.6066236475823373,0,0
117,0.2,0.15049504950495046,0.17212921831366915,0.38682516638824044,0.4124852789840712,0,0
118,0.2,0.297029702970297,0.23481842386627264,1.0,-0.0,0,0
119,0.2,0.39207920792079215,0.2827317828841285,1.0,-0.0,0,0
120,0.0,0.3445544554455447,0.26568620198590204,1.0,-0.0,0,0
121,0.0,0.2910891089108911,0.24619842673528347,1.0,-0.0,0,0
122,0.0,0.24158415841584152,0.22570783126772284,1.0,-0.0,0,0
123,0.0,0.09306930693069305,0.12448501897427097,1.0,-0.0,0,0
124,0.0,0.0,0.0,1.0,-0.0,0,0
125,0.0,0.0,0.0,1.0,-0.0,0,0
126,0.0,0.0,0.0,1.0,-0.0,0,0
127,0.0,0.0,0.0,1.0,-0.0,0,0
128,0.0,0.0,0.0,1.0,-0.0,0,0
129,0.0,0.0,0.0,1.0,-0.0,0,0
130,0.0,0.0,0.0,1.0,-0.0,0,0
131,0.0,0.0,0.0,1.0,-0.0,0,0
132,0.0,0.0,0.0,1.0,-0.0,0,0
133,0.0,0.0,0.0,1.0,-0.0,0,0
134,0.0,0.0,0.0,1.0,-0.0,0,0
135,0.0,0.0,0.0,1.0,-0.0,0,0
136,0.0,0.0,0.0,1.0,-0.0,0,0
137,0.0,0.0,0.0,1.0,-0.0,0,0
138,0.0,0.02772277227722772,0.06910862719451544,1.0,-0.0,0,0
139,0.0,0.09108910891089109,0.1243589581632284,1.0,-0.0,0,0
140,0.0,0.12079207920792079,0.14372473118118065,1.0,-0.0,0,0
141,0.0,0.12079207920792079,0.14372473118118065,1.0,-0.0,0,0
142,0.0,0.12079207920792079,0.14372473118118065,1.0,-0.0,0,0
143,0.4,0.2613861386138614,0.2333443030550736,0.27624552947316267,0.5587047415089925,0,0
144,0.4,0.19801980198019803,0.20965799497134935,0.16767857463378383,0.7755224264384559,0,0
145,0.4,0.24752475247524752,0.22364844203557224,0.24769439104396862,0.6060838277550349,0,0
146,0.4,0.24752475247524752,0.22364844203557224,0.24769439104396862,0.6060838277550349,0,0
147,0.4,0.26732673267326734,0.23255316048955563,0.28416684836359496,0.5464265893661602,0,0
148,0.0,0.27722772277227725,0.23031669463047466,1.0,-0.0,0,0
149,0.0,0.3742574257425743,0.25742574257425743,1.0,-0.0,0,0
150,0.0,0.3108910891089109,0.22946385642567882,1.0,-0.0,0,0
151,0.0,0.43960396039603966,0.2670258666302982,1.0,-0.0,0,0
152,0.0,0.4792079207920792,0.28434981652022007,1.0,-0.0,0,0
153,0.0,0.36831683168316826,0.24329857510348782,1.0,-0.0,0,0
154,0.0,0.30495049504950494,0.21726300967040393,1.0,-0.0,0,0
155,0.2,0.30099009900990104,0.22624574806133213,1.0,-0.0,0,0
156,0.2,0.29900990099009905,0.2262457480613321,1.0,-0.0,0,0
157,0.2,0.24752475247524752,0.2032381714585378,1.0,-0.0,0,0
158,0.2,0.18217821782178217,0.16909546170462728,0.4580312714855454,0.3391048700965913,0,0
159,0.2,0.1881188118811881,0.17535656953133033,0.472990551566725,0.32514753461825263,0,0
160,0.0,0.1762376237623762,0.17185563527720504,1.0,-0.0,0,0
161,0.0,0.04752475247524753,0.09809478080396702,1.0,-0.0,0,0
162,0.0,0.039603960396039604,0.0890869059738772,1.0,-0.0,0,0
163,0.0,0.039603960396039604,0.0890869059738772,1.0,-0.0,0,0
164,0.0,0.0,0.0,1.0,-0.0,0,0
165,0.0,0.0,0.0,1.0,-0.0,0,0
166,0.0,0.007920792079207921,0.03900537743285587,1.0,-0.0,0,0
167,0.0,0.007920792079207921,0.03900537743285587,1.0,-0.0,0,0
168,0.0,0.011881188118811883,0.04727657974777555,1.0,-0.0,0,0
169,0.0,0.12475247524752475,0.15117096779399852,1.0,-0.0,0,0
170,0.0,0.12475247524752475,0.15117096779399852,1.0,-0.0,0,0
171,0.0,0.1188118811881188,0.1467218499235066,1.0,-0.0,0,0
172,0.0,0.14653465346534655,0.1614073970084343,1.0,-0.0,0,0
173,0.0,0.15049504950495052,0.16266576457752754,1.0,-0.0,0,0
174,0.0,0.05346534653465347,0.09287951999650357,1.0,-0.0,0,0
175,0.0,0.12475247524752475,0.14852805221860732,1.0,-0.0,0,0
176,0.2,0.21188118811881188,0.18630706513012396,1.0,-0.0,0,0
177,0.2,0.18613861386138614,0.18077375114498542,0.4694398170378381,0.32842007710119614,0,0
178,0.2,0.1782178217821782,0.17999117711932416,0.45183837593937376,0.34501688596341457,0,0
179,0.2,0.18217821782178217,0.18900261384538627,0.4624378716488634,0.3349466063033224,0,0
180,0.4,0.14158415841584157,0.16725348446557364,0.061166473590787473,1.2134865570076512,0,0
181,0.4,0.06732673267326733,0.11698261772468857,0.0022290647018759187,2.65187732530179,0,0
182,0.4,0.10099009900990098,0.1396566153069739,0.016135550208832835,1.7922162209272032,0,0
183,0.4,0.10099009900990098,0.1396566153069739,0.016135550208832835,1.7922162209272032,0,0
184,0.4,0.07920792079207921,0.11631029826208643,0.0029071769637802735,2.5365285313344548,0,0
185,0.2,0.04752475247524753,0.08512548617902843,0.03663203844700429,1.4361389136681444,0,0
186,0.0,0.033663366336633666,0.07482947971362845,1.0,-0.0,0,0
187,0.0,0.0,0.0,1.0,-0.0,0,0
188,0.0,0.0019801980198019802,0.019801980198019802,1.0,-0.0,0,0
189,0.0,0.0019801980198019802,0.019801980198019802,1.0,-0.0,0,0
190,0.0,0.0019801980198019802,0.019801980198019802,1.0,-0.0,0,0
191,0.0,0.015841584158415842,0.054012600780142014,1.0,-0.0,0,0
192,0.0,0.015841584158415842,0.054012600780142014,1.0,-0.0,0,0
193,0.2,0.025742574257425748,0.07264925278354116,0.008228653963589683,2.084671200510097,0,0
194,0.2,0.025742574257425748,0.07264925278354116,0.008228653963589683,2.084671200510097,0,0
195,0.4,0.05940594059405942,0.0996808946427978,0.0003167579367343702,3.4992724945605174,0,0
196,0.4,0.04554455445544554,0.08387254884969257,1.1887768481667571e-05,4.924899661533813,0,0
197,0.4,0.04554455445544554,0.08387254884969257,1.1887768481667571e-05,4.924899661533813,0,0
198,0.2,0.033663366336633666,0.07482947971362845,0.01311209067436901,1.882328056139666,0,0
199,0.2,0.033663366336633666,0.07482947971362845,0.01311209067436901,1.882328056139666,0,0
200,0.0,0.0,0.0,1.0,-0.0,0,0
201,0.0,0.0,0.0,1.0,-0.0,0,0
202,0.0,0.0,0.0,1.0,-0.0,0,0
203,0.0,0.0,0.0,1.0,-0.0,0,0
204,0.0,0.0,0.0,1.0,-0.0,0,0
205,0.0,0.0,0.0,1.0,-0.0,0,0
206,0.0,0.0059405940594059415,0.03395332316729158,1.0,-0.0,0,0
207,0.0,0.0059405940594059415,0.03395332316729158,1.0,-0.0,0,0
208,0.0,0.0059405940594059415,0.03395332316729158,1.0,-0.0,0,0
209,0.0,0.0059405940594059415,0.03395332316729158,1.0,-0.0,0,0
210,0.0,0.0059405940594059415,0.03395332316729158,1.0,-0.0,0,0
211,0.0,0.0,0.0,1.0,-0.0,0,0
212,0.0,0.0,0.0,1.0,-0.0,0,0
213,0.0,0.10099009900990098,0.1338649012368758,1.0,-0.0,0,0
214,0.0,0.13069306930693067,0.14194028465312813,1.0,-0.0,0,0
215,0.0,0.13069306930693067,0.14194028465312813,1.0,-0.0,0,0
216,0.0,0.13069306930693067,0.14194028465312813,1.0,-0.0,0,0
217,0.0,0.18811881188118804,0.1707798819005175,1.0,-0.0,0,0
218,0.0,0.4613861386138614,0.26809570370021873,1.0,-0.0,0,0
219,0.0,0.43366336633663366,0.2580495108387406,1.0,-0.0,0,0
220,0.2,0.5069306930693069,0.25417598399556496,1.0,-0.0,0,0
221,0.2,0.5148514851485149,0.26303112740309437,1.0,-0.0,0,0
222,0.2,0.5841584158415841,0.2650360234313485,1.0,-0.0,0,0
223,0.2,0.21980198019801975,0.19801980198019803,1.0,-0.0,0,0
224,0.2,0.297029702970297,0.23481842386627264,1.0,-0.0,0,0
225,0.0,0.297029702970297,0.21362289599195816,1.0,-0.0,0,0
226,0.4,0.45544554455445546,0.288552292058868,1.0,-0.0,0,0
227,0.4,0.3287128712871287,0.25576003359560506,0.3902273174589648,0.4086823315421644,0,0
228,0.4,0.42574257425742573,0.28096490931545265,1.0,-0.0,0,0
229,0.6,0.39603960396039606,0.28560194971157166,0.23756963614304993,0.6242090674711264,0,0
230,0.6,0.3207920792079208,0.25341893139374216,0.13528208650795043,0.8687597070668696,0,0
231,0.2,0.1564356435643564,0.18370005771578798,0.4062704490730316,0.39118476583812917,0,0
232,0.8,0.3346534653465348,0.26715799588486794,0.04076820588520914,1.3896784004266305,0,0
233,0.8,0.2435643564356436,0.23480172447970915,0.00889859690949585,2.0506784655462296,0,0
234,2.0,0.4633663366336634,0.32570495434153185,1.1916329382751178e-06,5.9238575008300876,0,0
235,2.2,0.5603960396039603,0.3400871198578772,7.137391359352059e-07,6.146460489238985,0,0
236,2.2,0.5683168316831684,0.3385849098850139,7.209442303929584e-07,6.1420983294128515,0,0
237,1.6,0.38811881188118813,0.29223858715838835,1.685111566671542e-05,4.773371340379695,0,0
238,1.6,0.3722772277227723,0.2814808126627195,6.454054399959599e-06,5.190167378333617,0,0
239,0.2,0.1089108910891089,0.13937555924568534,0.2567003926389665,0.5905734670480498,0,0
240,0.0,0.01386138613861386,0.05079507064705212,1.0,-0.0,0,0
241,0.0,0.021782178217821784,0.06230547612891991,1.0,-0.0,0,0
242,0.0,0.021782178217821784,0.06230547612891991,1.0,-0.0,0,0
243,0.0,0.021782178217821784,0.06230547612891991,1.0,-0.0,0,0
244,0.0,0.015841584158415842,0.054012600780142014,1.0,-0.0,0,0
245,0.0,0.015841584158415842,0.054012600780142014,1.0,-0.0,0,0
246,0.0,0.0,0.0,1.0,-0.0,0,0
247,0.0,0.0,0.0,1.0,-0.0,0,0
248,0.0,0.0,0.0,1.0,-0.0,0,0
249,0.0,0.0,0.0,1.0,-0.0,0,0
250,0.2,0.03564356435643565,0.08154954567118416,0.021930426384501912,1.6589529244266183,0,0
251,0.2,0.03564356435643565,0.08154954567118416,0.021930426384501912,1.6589529244266183,0,0
252,0.2,0.041584158415841586,0.0859049978751836,0.03258561123651813,1.486974128154426,0,0
253,0.2,0.06534653465346535,0.10189845806153354,0.09317609402087902,1.03069549930456,0,0
254,0.4,0.14455445544554454,0.1569986110329885,0.051862593951868145,1.285145765414531,0,0
255,0.2,0.19207920792079206,0.19684801812808977,0.48395164767522936,0.31519802719200923,0,0
256,0.2,0.32673267326732675,0.2264189969940339,1.0,-0.0,0,0
257,0.2,0.3762376237623763,0.23928462477509793,1.0,-0.0,0,0
258,0.2,0.6237623762376238,0.31501957030248356,1.0,-0.0,0,0
259,0.0,0.5702970297029704,0.3113511132688489,1.0,-0.0,0,0
260,0.0,0.9148514851485148,0.4081802500822403,1.0,-0.0,0,0
261,0.2,1.1623762376237623,0.45180638215955066,1.0,-0.0,0,0
262,0.2,1.1306930693069306,0.4373055605847039,1.0,-0.0,0,0
263,0.2,0.9782178217821782,0.37432552159588006,1.0,-0.0,0,0
264,0.2,1.0415841584158414,0.3902949701308489,1.0,-0.0,0,0
265,0.2,0.6554455445544555,0.3390362717604975,1.0,-0.0,0,0
266,0.0,0.27326732673267323,0.24490494786123257,1.0,-0.0,0,0
267,0.0,0.2475247524752475,0.2288992425690856,1.0,-0.0,0,0
268,0.0,0.19405940594059404,0.19991175388711227,1.0,-0.0,0,0
269,0.0,0.10495049504950495,0.1423816080178024,1.0,-0.0,0,0
270,0.0,0.06336633663366337,0.11917436454123627,1.0,-0.0,0,0
271,0.0,0.06336633663366337,0.11917436454123627,1.0,-0.0,0,0
272,0.0,0.06336633663366337,0.11917436454123627,1.0,-0.0,0,0
273,0.0,0.0,0.0,1.0,-0.0,0,0
274,0.0,0.0039603960396039604,0.027863855998951064,1.0,-0.0,0,0
275,0.0,0.0039603960396039604,0.027863855998951064,1.0,-0.0,0,0
276,0.0,0.0039603960396039604,0.027863855998951064,1.0,-0.0,0,0
277,0.0,0.0039603960396039604,0.027863855998951064,1.0,-0.0,0,0
278,0.0,0.0039603960396039604,0.027863855998951064,1.0,-0.0,0,0
279,0.0,0.0,0.0,1.0,-0.0,0,0
280,0.0,0.0,0.0,1.0,-0.0,0,0
281,0.0,0.0,0.0,1.0,-0.0,0,0
282,0.0,0.0,0.0,1.0,-0.0,0,0
283,0.0,0.0,0.0,1.0,-0.0,0,0
284,0.0,0.009900990099009901,0.04338396495090424,1.0,-0.0,0,0
285,0.0,0.009900990099009901,0.04338396495090424,1.0,-0.0,0,0
286,0.0,0.023762376237623766,0.06471340450838887,1.0,-0.0,0,0
287,0.0,0.023762376237623766,0.06471340450838887,1.0,-0.0,0,0
288,0.0,0.023762376237623766,0.06471340450838887,1.0,-0.0,0,0
289,0.2,0.017821782178217824,0.05698017651460656,0.0006937928196726553,3.15877019915046,0,0
290,0.2,0.017821782178217824,0.05698017651460656,0.0006937928196726553,3.15877019915046,0,0
291,0.2,0.0039603960396039604,0.027863855998951064,9.918686161641043e-13,12.003545851085576,0,0
292,0.2,0.027722772277227727,0.06910862719451544,0.0063361735559086295,2.1981729353735644,0,0
293,0.2,0.027722772277227727,0.06910862719451544,0.0063361735559086295,2.1981729353735644,0,0
294,0.0,0.023762376237623766,0.06471340450838887,1.0,-0.0,0,0
295,0.0,0.023762376237623766,0.06471340450838887,1.0,-0.0,0,0
296,0.0,0.023762376237623766,0.06471340450838887,1.0,-0.0,0,0
297,0.0,0.0,0.0,1.0,-0.0,0,0
298,0.0,0.0891089108910891,0.13636075485692528,1.0,-0.0,0,0
299,0.0,0.12673267326732673,0.1609938742509136,1.0,-0.0,0,0
300,0.0,0.12673267326732673,0.1609938742509136,1.0,-0.0,0,0
301,0.0,0.12673267326732673,0.1609938742509136,1.0,-0.0,0,0
302,0.0,0.12673267326732673,0.1609938742509136,1.0,-0.0,0,0
303,0.0,0.03762376237623763,0.08307396817189318,1.0,-0.0,0,0
304,0.0,0.0,0.0,1.0,-0.0,0,0
305,0.0,0.0,0.0,1.0,-0.0,0,0
306,0.0,0.0,0.0,1.0,-0.0,0,0
307,0.0,0.0,0.0,1.0,-0.0,0,0
308,0.0,0.0,0.0,1.0,-0.0,0,0
309,0.0,0.0,0.0,1.0,-0.0,0,0
310,0.0,0.0,0.0,1.0,-0.0,0,0
311,0.0,0.0,0.0,1.0,-0.0,0,0
312,0.0,0.0,0.0,1.0,-0.0,0,0
313,0.0,0.0,0.0,1.0,-0.0,0,0
314,0.0,0.0,0.0,1.0,-0.0,0,0
315,0.0,0.34257425742574266,0.19967624025276084,1.0,-0.0,0,0
316,0.0,0.3683168316831684,0.20630204381210296,1.0,-0.0,0,0
317,0.0,0.3960396039603961,0.21244488724065502,1.0,-0.0,0,0
318,0.0,0.4217821782178219,0.22320969157959367,1.0,-0.0,0,0
319,0.0,0.44950495049504957,0.22761082052278833,1.0,-0.0,0,0
320,0.0,0.10693069306930694,0.13368903310588715,1.0,-0.0,0,0
321,0.0,0.0811881188118812,0.12951766673875512,1.0,-0.0,0,0
322,0.2,0.7356435643564356,0.3753768162017346,1.0,-0.0,0,0
323,0.2,0.7089108910891089,0.3675174973677895,1.0,-0.0,0,0
324,0.2,0.6811881188118811,0.3595136624972738,1.0,-0.0,0,0
325,0.2,0.7207920792079207,0.3626953094017257,1.0,-0.0,0,0
326,0.2,0.7207920792079207,0.3626953094017257,1.0,-0.0,0,0
327,0.0,0.3920792079207921,0.24522495968970642,1.0,-0.0,0,0
328,0.0,0.398019801980198,0.2509310181015997,1.0,-0.0,0,0
329,0.0,0.4217821782178218,0.25314026182658417,1.0,-0.0,0,0
330,0.2,0.39801980198019804,0.2602284594217744,1.0,-0.0,0,0
331,0.2,0.40594059405940597,0.26914671996324574,1.0,-0.0,0,0
332,0.2,0.05346534653465347,0.09704990696905226,0.0655357875709919,1.1835214771048093,0,0
333,0.2,0.04752475247524753,0.08965727859541997,0.044504787234598886,1.3515932708674616,0,0
334,0.2,0.023762376237623766,0.06471340450838889,0.0032311212459077425,2.490646745033819,0,0
335,0.0,0.013861386138613863,0.05079507064705211,1.0,-0.0,0,0
336,0.0,0.0059405940594059415,0.03395332316729158,1.0,-0.0,0,0
337,0.0,0.0059405940594059415,0.03395332316729158,1.0,-0.0,0,0
338,0.0,0.0059405940594059415,0.03395332316729158,1.0,-0.0,0,0
339,0.0,0.0059405940594059415,0.03395332316729158,1.0,-0.0,0,0
340,0.0,0.0,0.0,1.0,-0.0,0,0
341,0.0,0.0,0.0,1.0,-0.0,0,0
342,0.0,0.0,0.0,1.0,-0.0,0,0
343,0.0,0.0,0.0,1.0,-0.0,0,0
344,0.0,0.0,0.0,1.0,-0.0,0,0
345,0.0,0.0,0.0,1.0,-0.0,0,0
346,0.0,0.0,0.0,1.0,-0.0,0,0
347,0.0,0.0,0.0,1.0,-0.0,0,0
348,0.0,0.0,0.0,1.0,-0.0,0,0
349,0.0,0.0,0.0,1.0,-0.0,0,0
350,0.0,0.02772277227722772,0.07461957893630407,1.0,-0.0,0,0
351,0.0,0.04554455445544555,0.09283729243351323,1.0,-0.0,0,0
352,0.0,0.04554455445544555,0.09283729243351323,1.0,-0.0,0,0
353,0.2,0.1188118811881188,0.15964866828313962,0.30553650184233266,0.5149368980180544,0,0
354,0.2,0.1188118811881188,0.15964866828313962,0.30553650184233266,0.5149368980180544,0,0
355,0.2,0.11287128712871286,0.14188502271424044,0.2695813293766277,0.5693101893974304,0,0
356,0.2,0.09504950495049505,0.13377699607171914,0.2163680383709739,0.6648068922914053,0,0
357,0.2,0.09900990099009901,0.13386490123687583,0.22529911544679287,0.6472405133686278,0,0
358,0.0,0.06732673267326733,0.1135467024699521,1.0,-0.0,0,0
359,0.0,0.10693069306930691,0.14505541839059358,1.0,-0.0,0,0
360,0.0,0.08514851485148513,0.12379009590564581,1.0,-0.0,0,0
361,0.0,0.08514851485148513,0.12379009590564581,1.0,-0.0,0,0
362,0.0,0.6217821782178218,0.3244504753726103,1.0,-0.0,0,0
363,0.2,0.7128712871287128,0.3553448656333825,1.0,-0.0,0,0
364,0.2,0.6831683168316833,0.36071142766161673,1.0,-0.0,0,0
365,0.2,0.6831683168316833,0.36071142766161673,1.0,-0.0,0,0
366,0.4,0.7009900990099013,0.3577971795363242,1.0,-0.0,0,0
367,0.4,0.16237623762376235,0.16581719933036293,0.0759222700050671,1.1196308153866597,0,0
368,0.2,0.02772277227722773,0.06910862719451544,0.0063361735559086295,2.1981729353735644,0,0
369,0.2,0.20792079207920788,0.18003474269593195,1.0,-0.0,0,0
370,0.6,0.3148514851485148,0.23267116072355806,0.11018534748601029,0.9578761543868147,0,0
371,0.4,0.35445544554455444,0.2577606351726413,0.4298746866644897,0.3666581277269123,0,0
372,0.4,0.39207920792079204,0.2712943556166837,0.4883540150689196,0.3112652373194057,0,0
373,0.4,0.39207920792079204,0.2712943556166837,0.4883540150689196,0.3112652373194057,0,0
374,0.4,0.2356435643564356,0.20176653424136176,0.2076543206178752,0.6826590281901236,0,0
375,0.2,0.3089108910891089,0.2243136991446542,1.0,-0.0,0,0
376,0.2,0.3148514851485148,0.22575994374725697,1.0,-0.0,0,0
377,0.2,0.27722772277227725,0.21428268001455503,1.0,-0.0,0,0
378,0.6,0.5386138613861386,0.29348378504627765,0.41716024537629737,0.3796970857592892,0,0
379,0.8,0.6178217821782178,0.32101202580846644,0.28518314462153793,0.5448761464715661,0,0
380,0.6,0.515841584158416,0.30073595315206736,0.3897995354811982,0.40915868276091294,0,0
381,0.6,0.4514851485148515,0.2795377589706344,0.29760986441622095,0.5263526779966812,0,0
382,0.6,0.4514851485148515,0.2795377589706344,0.29760986441622095,0.5263526779966812,0,0
383,0.2,0.19207920792079203,0.18003474269593195,0.48245383259946595,0.31654423922505537,0,0
384,0.0,0.07722772277227721,0.10889288780093088,1.0,-0.0,0,0
385,0.0,0.0,0.0,1.0,-0.0,0,0
386,0.0,0.0,0.0,1.0,-0.0,0,0
387,0.0,0.0,0.0,1.0,-0.0,0,0
388,0.0,0.0,0.0,1.0,-0.0,0,0
389,0.0,0.0,0.0,1.0,-0.0,0,0
390,0.0,0.0,0.0,1.0,-0.0,0,0
391,0.0,0.0,0.0,1.0,-0.0,0,0
392,0.0,0.0,0.0,1.0,-0.0,0,0
393,0.0,0.0,0.0,1.0,-0.0,0,0
394,0.0,0.0,0.0,1.0,-0.0,0,0
395,0.0,0.0,0.0,1.0,-0.0,0,0
396,0.0,0.0,0.0,1.0,-0.0,0,0
397,0.0,0.0,0.0,1.0,-0.0,0,0
398,0.0,0.015841584158415842,0.05401260078014202,1.0,-0.0,0,0
399,0.8,0.16633663366336632,0.15937826461670404,3.506481369268076e-05,4.45512846426429,0,0
400,0.8,0.16633663366336632,0.15937826461670404,3.506481369268076e-05,4.45512846426429,0,0
401,0.8,0.4435643564356436,0.2722898286913124,0.09526203898792042,1.0210801270893286,0,0
402,0.8,0.4574257425742575,0.27479840843409903,0.10626505133140386,0.9736095436567203,0,0
403,0.8,0.4415841584158416,0.2733247177501563,0.09487503926371217,1.0228480313651325,0,0
404,0.2,0.32574257425742575,0.23824999988427775,1.0,-0.0,0,0
405,0.2,0.3544554455445545,0.24026583976394728,1.0,-0.0,0,0
406,0.2,0.07524752475247526,0.12219602867755656,0.15364596650640788,0.8134788362992571,0,0
407,0.2,0.0613861386138614,0.10806149425459212,0.09979311443423107,1.000899423305625,0,0
408,0.2,0.0613861386138614,0.10806149425459212,0.09979311443423107,1.000899423305625,0,0
409,0.0,0.027722772277227727,0.06910862719451544,1.0,-0.0,0,0
410,0.0,0.0,0.0,1.0,-0.0,0,0
411,0.0,0.0,0.0,1.0,-0.0,0,0
412,0.0,0.0,0.0,1.0,-0.0,0,0
413,0.0,0.0,0.0,1.0,-0.0,0,0
414,0.0,0.0,0.0,1.0,-0.0,0,0
415,0.0,0.0,0.0,1.0,-0.0,0,0
416,0.0,0.0,0.0,1.0,-0.0,0,0
417,0.0,0.0,0.0,1.0,-0.0,0,0
418,0.0,0.0,0.0,1.0,-0.0,0,0
419,0.2,0.011881188118811883,0.04727657974777554,3.458655652090603e-05,4.461092674713383,0,0
420,0.2,0.011881188118811883,0.04727657974777554,3.458655652090603e-05,4.461092674713383,0,0
421,0.2,0.011881188118811883,0.04727657974777554,3.458655652090603e-05,4.461092674713383,0,0
422,0.2,0.011881188118811883,0.04727657974777554,3.458655652090603e-05,4.461092674713383,0,0
423,0.4,0.027722772277227727,0.06910862719451544,3.5853288547446714e-08,7.445471003663998,0,0
424,0.2,0.015841584158415842,0.05401260078014202,0.00032535620257014524,3.4876409094885674,0,0
425,0.2,0.015841584158415842,0.05401260078014202,0.00032535620257014524,3.4876409094885674,0,0
426,0.2,0.015841584158415842,0.05401260078014202,0.00032535620257014524,3.4876409094885674,0,0
427,0.2,0.015841584158415842,0.05401260078014202,0.00032535620257014524,3.4876409094885674,0,0
428,0.0,0.0,0.0,1.0,-0.0,0,0
429,0.0,0.0,0.0,1.0,-0.0,0,0
430,0.0,0.0,0.0,1.0,-0.0,0,0
431,0.2,0.041584158415841586,0.09039772047931348,0.03984979219979861,1.3995739389282478,0,0
432,0.2,0.041584158415841586,0.09039772047931348,0.03984979219979861,1.3995739389282478,0,0
433,0.4,0.07524752475247526,0.11205191564986228,0.0018763629215048038,2.7266831576610144,0,0
434,0.4,0.07524752475247526,0.11205191564986228,0.0018763629215048038,2.7266831576610144,0,0
435,0.4,0.07524752475247526,0.11205191564986228,0.0018763629215048038,2.7266831576610144,0,0
436,0.2,0.033663366336633666,0.07994704648786674,0.018735949469970602,1.7273242935431963,0,0
437,0.2,0.033663366336633666,0.07994704648786674,0.018735949469970602,1.7273242935431963,0,0
438,0.0,0.0,0.0,1.0,-0.0,0,0
439,0.2,0.041584158415841586,0.08590499787518362,0.03258561123651815,1.4869741281544258,0,0
440,0.2,0.0594059405940594,0.09968089464279778,0.07920469585235763,1.1012490693914339,0,0
441,0.2,0.0594059405940594,0.09968089464279778,0.07920469585235763,1.1012490693914339,0,0
442,0.2,0.0594059405940594,0.09968089464279778,0.07920469585235763,1.1012490693914339,0,0
443,0.2,0.0594059405940594,0.09968089464279778,0.07920469585235763,1.1012490693914339,0,0
444,0.0,0.033663366336633666,0.08475617647141663,1.0,-0.0,0,0
445,0.0,0.015841584158415842,0.05401260078014202,1.0,-0.0,0,0
446,0.0,0.015841584158415842,0.05401260078014202,1.0,-0.0,0,0
447,0.0,0.015841584158415842,0.05401260078014202,1.0,-0.0,0,0
448,0.0,0.015841584158415842,0.05401260078014202,1.0,-0.0,0,0
449,0.0,0.0,0.0,1.0,-0.0,0,0
450,0.0,0.0,0.0,1.0,-0.0,0,0
451,0.0,0.0,0.0,1.0,-0.0,0,0
452,0.0,0.0,0.0,1.0,-0.0,0,0
453,0.0,0.0,0.0,1.0,-0.0,0,0
454,0.0,0.0,0.0,1.0,-0.0,0,0
455,0.0,0.0,0.0,1.0,-0.0,0,0
456,0.0,0.0,0.0,1.0,-0.0,0,0
457,0.0,0.0,0.0,1.0,-0.0,0,0
458,0.0,0.0,0.0,1.0,-0.0,0,0
459,0.0,0.0,0.0,1.0,-0.0,0,0
460,0.2,0.04752475247524753,0.08965727859541997,0.044504787234598886,1.3515932708674616,0,0
461,0.2,0.04752475247524753,0.08965727859541997,0.044504787234598886,1.3515932708674616,0,0
462,0.2,0.04752475247524753,0.08965727859541997,0.044504787234598886,1.3515932708674616,0,0
463,0.2,0.07920792079207921,0.11631029826208643,0.1495109975624142,0.8253268608177716,0,0
464,0.2,0.09306930693069305,0.13368903310588712,0.2118998952955819,0.6738692578836474,0,0
465,0.0,0.06534653465346535,0.10189845806153354,1.0,-0.0,0,0
466,0.0,0.10297029702970295,0.12142344330103676,1.0,-0.0,0,0
467,0.0,0.10297029702970295,0.12142344330103676,1.0,-0.0,0,0
468,0.0,0.0712871287128713,0.10372911567294095,1.0,-0.0,0,0
469,0.0,0.05742574257425742,0.09885135821266286,1.0,-0.0,0,0
470,0.2,0.047524752475247525,0.08965727859542,0.044504787234598886,1.3515932708674616,0,0
471,0.4,0.015841584158415842,0.05401260078014202,5.702824897715459e-13,12.243909962997291,0,0
472,2.0,0.7465346534653463,0.33642393000547016,9.732878802281957e-05,4.011758684600363,0,0
473,2.0,0.7465346534653463,0.33642393000547016,9.732878802281957e-05,4.011758684600363,0,0
474,2.6,0.9188118811881185,0.37882383671672243,4.541716362262654e-06,5.342779991681801,0,0
475,2.4,0.9089108910891087,0.38126911830681154,4.5984552604170626e-05,4.337388034524036,0,0
476,2.2,0.9029702970297029,0.37613338837493115,0.000282038718694494,3.549691266995899,0,0
477,0.6,0.17425742574257425,0.17041211860554586,0.006239322480372163,2.2048625672103483,0,0
478,1.8,0.5900990099009901,0.2847632160356047,1.0746096455647231e-05,4.968749265575687,0,0
479,2.0,0.6138613861386139,0.30863150605337053,3.5404610554621595e-06,5.450940178424832,0,0
480,2.0,0.6435643564356436,0.31541763657444644,8.522841326757233e-06,5.06941559692115,0,0
481,2.0,0.6435643564356436,0.31541763657444644,8.522841326757233e-06,5.06941559692115,0,0
482,2.0,0.8178217821782179,0.37453496964360045,0.0007986771940294511,3.0976287165298078,0,0
483,0.8,0.401980198019802,0.26772980247375167,0.06855398721651586,1.1639672808340185,0,0
484,0.0,0.20396039603960395,0.19896802672602729,1.0,-0.0,0,0
485,0.0,0.17425742574257425,0.18597001000988353,1.0,-0.0,0,0
486,0.0,0.17425742574257425,0.18597001000988353,1.0,-0.0,0,0
487,0.0,0.0,0.0,1.0,-0.0,0,0
488,0.0,0.0,0.0,1.0,-0.0,0,0
489,0.0,0.0,0.0,1.0,-0.0,0,0
490,0.0,0.01386138613861386,0.05079507064705211,1.0,-0.0,0,0
491,0.0,0.03762376237623762,0.08307396817189318,1.0,-0.0,0,0
492,0.0,0.03762376237623762,0.08307396817189318,1.0,-0.0,0,0
493,0.0,0.03762376237623762,0.08307396817189318,1.0,-0.0,0,0
494,0.0,0.03762376237623762,0.08307396817189318,1.0,-0.0,0,0
495,0.0,0.023762376237623766,0.06471340450838889,1.0,-0.0,0,0
496,0.0,0.0,0.0,1.0,-0.0,0,0
497,0.0,0.0,0.0,1.0,-0.0,0,0
498,0.0,0.0,0.0,1.0,-0.0,0,0
499,0.0,0.0,0.0,1.0,-0.0,0,0
500,0.0,0.0,0.0,1.0,-0.0,0,0
501,0.0,0.0,0.0,1.0,-0.0,0,0
502,0.0,0.0,0.0,1.0,-0.0,0,0
503,0.0,0.0,0.0,1.0,-0.0,0,0
504,0.0,0.0039603960396039604,0.027863855998951068,1.0,-0.0,0,0
505,0.0,0.0039603960396039604,0.027863855998951068,1.0,-0.0,0,0
506,0.0,0.0039603960396039604,0.027863855998951068,1.0,-0.0,0,0
507,0.0,0.0039603960396039604,0.027863855998951068,1.0,-0.0,0,0
508,0.0,0.0039603960396039604,0.027863855998951068,1.0,-0.0,0,0
509,0.0,0.0,0.0,1.0,-0.0,0,0
510,0.0,0.0,0.0,1.0,-0.0,0,0
511,0.0,0.0,0.0,1.0,-0.0,0,0
512,0.0,0.0,0.0,1.0,-0.0,0,0
513,0.0,0.0,0.0,1.0,-0.0,0,0
514,0.0,0.0,0.0,1.0,-0.0,0,0
515,0.0,0.0,0.0,1.0,-0.0,0,0
516,0.0,0.07326732673267328,0.12177815335858849,1.0,-0.0,0,0
517,0.0,0.07326732673267328,0.12177815335858849,1.0,-0.0,0,0
518,0.2,0.21584158415841584,0.18170407519927861,1.0,-0.0,0,0
519,0.2,0.21584158415841584,0.18170407519927861,1.0,-0.0,0,0
520,0.2,0.21584158415841584,0.18170407519927861,1.0,-0.0,0,0
521,0.2,0.14257425742574253,0.14714883329235087,0.34817355884066437,0.45820421336118244,0,0
522,0.2,0.14257425742574253,0.14714883329235087,0.34817355884066437,0.45820421336118244,0,0
523,0.0,0.033663366336633666,0.07482947971362847,1.0,-0.0,0,0
524,0.0,0.033663366336633666,0.07482947971362847,1.0,-0.0,0,0
525,0.0,0.033663366336633666,0.07482947971362847,1.0,-0.0,0,0
526,0.0,0.07524752475247526,0.10089298378500594,1.0,-0.0,0,0
527,0.0,0.07524752475247526,0.10089298378500594,1.0,-0.0,0,0
528,0.2,0.48316831683168315,0.2901243526253456,1.0,-0.0,0,0
529,0.2,0.7782178217821781,0.35477058837430897,1.0,-0.0,0,0
530,0.2,0.7920792079207918,0.35142796913234087,1.0,-0.0,0,0
531,0.2,0.7504950495049503,0.33937151066746946,1.0,-0.0,0,0
532,0.2,0.7504950495049503,0.33937151066746946,1.0,-0.0,0,0
533,0.0,0.3069306930693069,0.23974302485959123,1.0,-0.0,0,0
534,0.0,0.013861386138613863,0.05079507064705211,1.0,-0.0,0,0
535,0.0,0.0,0.0,1.0,-0.0,0,0
536,0.0,0.0,0.0,1.0,-0.0,0,0
537,0.0,0.0,0.0,1.0,-0.0,0,0
538,0.0,0.0,0.0,1.0,-0.0,0,0
539,0.0,0.0,0.0,1.0,-0.0,0,0
540,0.0,0.0,0.0,1.0,-0.0,0,0
541,0.0,0.01386138613861386,0.05079507064705211,1.0,-0.0,0,0
542,0.0,0.01386138613861386,0.05079507064705211,1.0,-0.0,0,0
543,0.0,0.01386138613861386,0.05079507064705211,1.0,-0.0,0,0
544,0.0,0.01386138613861386,0.05079507064705211,1.0,-0.0,0,0
545,0.0,0.01386138613861386,0.05079507064705211,1.0,-0.0,0,0
546,0.0,0.0,0.0,1.0,-0.0,0,0
547,0.0,0.0,0.0,1.0,-0.0,0,0
548,0.0,0.0,0.0,1.0,-0.0,0,0
549,0.0,0.0,0.0,1.0,-0.0,0,0
550,0.0,0.12277227722772277,0.15148191286261609,1.0,-0.0,0,0
551,0.2,0.27128712871287125,0.23977573418846432,1.0,-0.0,0,0
552,0.2,0.3445544554455447,0.2455445544554455,1.0,-0.0,0,0
553,0.2,0.4336633663366337,0.2772842940865631,1.0,-0.0,0,0
554,0.2,0.4336633663366337,0.2772842940865631,1.0,-0.0,0,0
555,0.2,0.5485148514851486,0.3216953424340953,1.0,-0.0,0,0
556,0.0,0.4000000000000001,0.26847571197557535,1.0,-0.0,0,0
557,0.0,0.32871287128712884,0.24948923414276183,1.0,-0.0,0,0
558,0.0,0.30792079207920797,0.2344925713180121,1.0,-0.0,0,0
559,0.0,0.37425742574257437,0.23490190299147592,1.0,-0.0,0,0
560,0.0,0.17227722772277224,0.1689330594949795,1.0,-0.0,0,0
561,0.0,0.2079207920792079,0.19071681786668523,1.0,-0.0,0,0
562,0.0,0.2079207920792079,0.19071681786668523,1.0,-0.0,0,0
563,0.0,0.13861386138613857,0.16104257909978184,1.0,-0.0,0,0
564,0.0,0.0712871287128713,0.11110305060677654,1.0,-0.0,0,0
565,0.0,0.03564356435643565,0.08154954567118415,1.0,-0.0,0,0
566,0.0,0.02376237623762377,0.06471340450838887,1.0,-0.0,0,0
567,0.0,0.47524752475247517,0.2868076046722498,1.0,-0.0,0,0
568,0.0,0.47524752475247517,0.2868076046722498,1.0,-0.0,0,0
569,0.0,0.4930693069306931,0.2822320601749716,1.0,-0.0,0,0
570,0.0,0.4930693069306931,0.2822320601749716,1.0,-0.0,0,0
571,0.0,0.49504950495049505,0.2794535819773168,1.0,-0.0,0,0
572,0.0,0.04356435643564357,0.08255312311158745,1.0,-0.0,0,0
573,0.0,0.07326732673267328,0.12177815335858849,1.0,-0.0,0,0
574,0.0,0.05544554455445545,0.1094316980566186,1.0,-0.0,0,0
575,0.0,0.47722772277227726,0.30826283889776473,1.0,-0.0,0,0
576,0.0,0.7178217821782178,0.376643866141179,1.0,-0.0,0,0
577,0.0,0.7178217821782178,0.376643866141179,1.0,-0.0,0,0
578,0.0,0.7267326732673266,0.3698785160768734,1.0,-0.0,0,0
579,0.0,0.7267326732673266,0.3698785160768734,1.0,-0.0,0,0
580,0.0,0.30297029702970296,0.24147051376663706,1.0,-0.0,0,0
581,0.0,0.09702970297029703,0.13383560593042218,1.0,-0.0,0,0
582,0.0,0.09900990099009901,0.1367914141716479,1.0,-0.0,0,0
583,0.0,0.07920792079207921,0.12293186689242577,1.0,-0.0,0,0
584,0.0,0.16633663366336632,0.16666633990099655,1.0,-0.0,0,0
585,0.0,0.29504950495049503,0.2190782841336923,1.0,-0.0,0,0
586,0.0,0.2633663366336633,0.216050403120568,1.0,-0.0,0,0
587,0.0,0.26138613861386134,0.21753356269084295,1.0,-0.0,0,0
588,0.0,0.24356435643564353,0.20986362454640434,1.0,-0.0,0,0
589,0.0,0.15841584158415842,0.1672534844655737,1.0,-0.0,0,0
590,0.0,0.027722772277227727,0.07461957893630407,1.0,-0.0,0,0
591,0.0,0.0,0.0,1.0,-0.0,0,0
592,0.0,0.0,0.0,1.0,-0.0,0,0
593,0.0,0.017821782178217824,0.05698017651460656,1.0,-0.0,0,0
594,0.0,0.017821782178217824,0.05698017651460656,1.0,-0.0,0,0
595,0.2,0.02970297029702971,0.07112192077650681,0.008322928729312118,2.079723824290396,0,0
596,0.2,0.02970297029702971,0.07112192077650681,0.008322928729312118,2.079723824290396,0,0
597,0.2,0.02970297029702971,0.07112192077650681,0.008322928729312118,2.079723824290396,0,0
598,0.2,0.011881188118811881,0.047276579747775535,3.4586556520905853e-05,4.461092674713385,0,0
599,0.2,0.011881188118811881,0.047276579747775535,3.4586556520905853e-05,4.461092674713385,0,0
600,0.0,0.0,0.0,1.0,-0.0,0,0
601,0.0,0.0,0.0,1.0,-0.0,0,0
602,0.0,0.0,0.0,1.0,-0.0,0,0
603,0.0,0.0,0.0,1.0,-0.0,0,0
604,0.0,0.0,0.0,1.0,-0.0,0,0
605,0.0,0.0,0.0,1.0,-0.0,0,0
606,0.2,0.0039603960396039604,0.027863855998951064,9.918686161641043e-13,12.003545851085576,0,0
607,0.2,0.0039603960396039604,0.027863855998951064,9.918686161641043e-13,12.003545851085576,0,0
608,0.2,0.0039603960396039604,0.027863855998951064,9.918686161641043e-13,12.003545851085576,0,0
609,0.2,0.0039603960396039604,0.027863855998951064,9.918686161641043e-13,12.003545851085576,0,0
610,0.2,0.0039603960396039604,0.027863855998951064,9.918686161641043e-13,12.003545851085576,0,0
611,0.0,0.0,0.0,1.0,-0.0,0,0
612,0.0,0.0,0.0,1.0,-0.0,0,0
613,0.0,0.0,0.0,1.0,-0.0,0,0
614,0.0,0.0,0.0,1.0,-0.0,0,0
615,0.0,0.0,0.0,1.0,-0.0,0,0
616,0.0,0.0,0.0,1.0,-0.0,0,0
617,0.0,0.033663366336633666,0.08475617647141663,1.0,-0.0,0,0
618,0.0,0.05742574257425742,0.11021718851545144,1.0,-0.0,0,0
619,0.0,0.09108910891089109,0.13937555924568534,1.0,-0.0,0,0
620,0.0,0.1564356435643564,0.1505211024869694,1.0,-0.0,0,0
621,0.0,0.194059405940594,0.1675813868644411,1.0,-0.0,0,0
622,0.0,0.22376237623762377,0.18516704518908453,1.0,-0.0,0,0
623,0.0,0.19999999999999996,0.18668552474285427,1.0,-0.0,0,0
624,0.0,0.36831683168316826,0.2513057752758409,1.0,-0.0,0,0
625,0.0,0.39207920792079204,0.2668789796250526,1.0,-0.0,0,0
626,0.0,0.3663366336633664,0.26561239821159943,1.0,-0.0,0,0
627,0.0,0.3465346534653465,0.2577758472258383,1.0,-0.0,0,0
628,0.0,0.3782178217821782,0.2668495925215527,1.0,-0.0,0,0
629,0.0,0.2138613861386138,0.1914145896807061,1.0,-0.0,0,0
630,0.0,0.13465346534653463,0.16194097663572968,1.0,-0.0,0,0
631,0.0,0.2099009900990099,0.20368143953463436,1.0,-0.0,0,0
632,0.0,0.18811881188118812,0.20260048415728577,1.0,-0.0,0,0
633,0.0,0.23168316831683167,0.20046020966089131,1.0,-0.0,0,0
634,0.0,0.25742574257425743,0.19157840193976752,1.0,-0.0,0,0
635,0.0,0.27128712871287125,0.19001648373695296,1.0,-0.0,0,0
636,0.0,0.1841584158415841,0.16333933170139628,1.0,-0.0,0,0
637,0.0,0.1881188118811881,0.17077988190051752,1.0,-0.0,0,0
638,0.0,0.11089108910891088,0.13342479626077636,1.0,-0.0,0,0
639,0.0,0.04752475247524753,0.09397077637785879,1.0,-0.0,0,0
640,0.0,0.04752475247524753,0.08965727859541997,1.0,-0.0,0,0
641,0.0,0.07920792079207921,0.10928827506175545,1.0,-0.0,0,0
642,0.2,0.07920792079207921,0.12293186689242579,0.16290372061051445,0.7880689965867439,0,0
643,0.4,0.19207920792079203,0.16631305820670148,0.10561741331895903,0.9762644730438771,0,0
644,0.8,0.6198019801980198,0.3312203065653242,0.2932060136686855,0.5328271265399722,0,0
645,0.8,0.6673267326732673,0.3380517597286859,0.3473575702000409,0.4592232318111348,0,0
646,0.8,0.6356435643564357,0.32137826896900357,0.30453158849218853,0.5163676521400826,0,0
647,0.6,0.6594059405940592,0.32156123412414317,1.0,-0.0,0,0
648,0.4,0.5485148514851484,0.29605119352127934,1.0,-0.0,0,0
649,0.4,0.2752475247524752,0.17084874938711278,0.23263626349704009,0.6333225862150079,0,0
