,foreground,bg_means,bg_stdev,pvals,minus_logs,regs,active
2,0.2,0.38217821782178224,0.24226490680676635,1.0,-0.0,0,0
3,0.0,0.05346534653465347,0.08851285797476045,1.0,-0.0,0,0
4,0.0,0.05346534653465347,0.08851285797476045,1.0,-0.0,0,0
5,0.0,0.019801980198019802,0.0597350618970232,1.0,-0.0,0,0
6,0.0,0.0,0.0,1.0,-0.0,0,0
7,0.0,0.0,0.0,1.0,-0.0,0,0
8,0.0,0.0,0.0,1.0,-0.0,0,0
9,0.0,0.10693069306930694,0.14229896414433016,1.0,-0.0,0,0
10,0.2,0.21584158415841584,0.1772913210740546,1.0,-0.0,0,0
11,0.2,0.38217821782178213,0.21998921647917402,1.0,-0.0,0,0
12,0.2,0.5465346534653466,0.25930766787914217,1.0,-0.0,0,0
13,0.4,0.8574257425742575,0.32741003893397286,1.0,-0.0,0,0
14,1.0,1.007920792079208,0.37328702314291257,1.0,-0.0,0,0
15,0.8,0.899009900990099,0.3697724881211112,1.0,-0.0,0,0
16,0.8,0.7564356435643567,0.3792686661270266,0.4542764178239271,0.3426798074837755,0,0
17,0.8,0.592079207920792,0.34574733758754755,0.27379802455577107,0.5625696896119006,0,0
18,0.6,0.3722772277227724,0.23041882309368486,0.1615030327018006,0.7918193180803019,0,0
19,0.0,0.11386138613861387,0.1235046822139618,1.0,-0.0,0,0
20,0.0,0.19999999999999996,0.18455190581674866,1.0,-0.0,0,0
21,0.0,0.17821782178217818,0.17777723316802727,1.0,-0.0,0,0
22,0.0,0.17821782178217818,0.17777723316802727,1.0,-0.0,0,0
23,0.0,0.08514851485148514,0.12379009590564581,1.0,-0.0,0,0
24,0.0,0.14653465346534655,0.1709405295438197,1.0,-0.0,0,0
25,0.0,0.1603960396039604,0.16654866260050913,1.0,-0.0,0,0
26,0.0,0.1603960396039604,0.16654866260050913,1.0,-0.0,0,0
27,0.0,0.1603960396039604,0.16654866260050913,1.0,-0.0,0,0
28,0.0,0.1603960396039604,0.16654866260050913,1.0,-0.0,0,0
29,0.0,0.09900990099009901,0.1367914141716479,1.0,-0.0,0,0
30,0.0,0.0,0.0,1.0,-0.0,0,0
31,0.0,0.0,0.0,1.0,-0.0,0,0
32,0.0,0.0,0.0,1.0,-0.0,0,0
33,0.0,0.0,0.0,1.0,-0.0,0,0
34,0.0,0.0,0.0,1.0,-0.0,0,0
35,0.0,0.0,0.0,1.0,-0.0,0,0
36,0.0,0.0,0.0,1.0,-0.0,0,0
37,0.0,0.09702970297029702,0.124642415697871,1.0,-0.0,0,0
38,0.0,0.09702970297029702,0.124642415697871,1.0,-0.0,0,0
39,0.0,0.09702970297029702,0.124642415697871,1.0,-0.0,0,0
40,0.0,0.09702970297029702,0.124642415697871,1.0,-0.0,0,0
41,0.0,0.09702970297029702,0.124642415697871,1.0,-0.0,0,0
42,0.0,0.0,0.0,1.0,-0.0,0,0
43,0.0,0.0,0.0,1.0,-0.0,0,0
44,0.0,0.0,0.0,1.0,-0.0,0,0
45,0.0,0.0,0.0,1.0,-0.0,0,0
46,0.0,0.0,0.0,1.0,-0.0,0,0
47,0.0,0.05940594059405942,0.09138994660763826,1.0,-0.0,0,0
48,0.0,0.08118811881188118,0.1096464807913436,1.0,-0.0,0,0
49,0.0,0.08118811881188118,0.1096464807913436,1.0,-0.0,0,0
50,0.0,0.08118811881188118,0.1096464807913436,1.0,-0.0,0,0
51,0.0,0.08118811881188118,0.1096464807913436,1.0,-0.0,0,0
52,0.0,0.021782178217821784,0.06230547612891991,1.0,-0.0,0,0
53,0.0,0.0,0.0,1.0,-0.0,0,0
54,0.0,0.0,0.0,1.0,-0.0,0,0
55,0.0,0.0,0.0,1.0,-0.0,0,0
56,0.0,0.05544554455445545,0.09797478714338997,1.0,-0.0,0,0
57,0.2,0.1603960396039604,0.1617229068443201,0.4032716696507644,0.39440228666212873,0,0
58,0.2,0.19405940594059404,0.1767818940250744,0.486596431775095,0.3128310800868039,0,0
59,0.2,0.19405940594059404,0.1767818940250744,0.486596431775095,0.3128310800868039,0,0
60,0.2,0.24752475247524752,0.18910631899110214,1.0,-0.0,0,0
61,0.2,0.2792079207920792,0.17367138177648078,1.0,-0.0,0,0
62,0.0,0.19405940594059404,0.1675813868644411,1.0,-0.0,0,0
63,0.0,0.1603960396039604,0.16415351901831846,1.0,-0.0,0,0
64,0.0,0.18415841584158413,0.1681186952617119,1.0,-0.0,0,0
65,0.0,0.12970297029702968,0.14994689122885185,1.0,-0.0,0,0
66,0.2,0.31980198019801975,0.21801071913886516,1.0,-0.0,0,0
67,0.2,0.45544554455445546,0.26117603316907,1.0,-0.0,0,0
68,0.2,0.45544554455445546,0.26117603316907,1.0,-0.0,0,0
69,0.2,0.4990099009900991,0.26494723909852463,1.0,-0.0,0,0
70,0.2,0.4990099009900991,0.26494723909852463,1.0,-0.0,0,0
71,0.0,0.2217821782178218,0.17096346688435152,1.0,-0.0,0,0
72,0.0,0.10099009900990098,0.1147490154015875,1.0,-0.0,0,0
73,0.0,0.15643564356435644,0.15312962320143528,1.0,-0.0,0,0
74,0.0,0.14851485148514848,0.14529850556708232,1.0,-0.0,0,0
75,0.4,0.20396039603960395,0.16405794199768697,0.11605499040716673,0.9353361799844805,0,0
76,0.4,0.20396039603960395,0.16405794199768697,0.11605499040716673,0.9353361799844805,0,0
77,0.4,0.17029702970297028,0.1499468912288519,0.06277411011796695,1.202219435104021,0,0
78,0.6,0.1801980198019802,0.15287333913361412,0.003015629128688179,2.5206220703845226,0,0
79,0.8,0.13465346534653463,0.14653465346534655,2.805509406003715e-06,5.551988270903257,0,0
80,2.6,0.40792079207920795,0.25002303589585606,1.0913312487416697e-17,16.962043409204693,0,0
81,2.6,0.40792079207920795,0.25002303589585606,1.0913312487416697e-17,16.962043409204693,0,0
82,2.6,0.40792079207920795,0.25002303589585606,1.0913312487416697e-17,16.962043409204693,0,0
83,2.4,0.3445544554455446,0.22884784496148378,1.0133292354685368e-17,16.994249427377685,0,0
84,2.2,0.32871287128712884,0.23307527941404238,5.026298055115362e-16,15.298751761693726,0,0
85,0.0,0.0,0.0,1.0,-0.0,0,0
86,0.0,0.0,0.0,1.0,-0.0,0,0
87,0.2,0.033663366336633666,0.07994704648786674,0.018735949469970602,1.7273242935431963,0,0
88,0.2,0.033663366336633666,0.07994704648786674,0.018735949469970602,1.7273242935431963,0,0
89,0.2,0.097029702970297,0.1181167785505484,0.1916677796095007,0.717450888237711,0,0
90,0.2,0.097029702970297,0.1181167785505484,0.1916677796095007,0.717450888237711,0,0
91,0.2,0.097029702970297,0.1181167785505484,0.1916677796095007,0.717450888237711,0,0
92,0.0,0.06336633663366337,0.09304823860966917,1.0,-0.0,0,0
93,0.0,0.09306930693069307,0.12448501897427099,1.0,-0.0,0,0
94,0.0,0.02970297029702971,0.07112192077650682,1.0,-0.0,0,0
95,0.0,0.02970297029702971,0.07112192077650682,1.0,-0.0,0,0
96,0.0,0.02970297029702971,0.07112192077650682,1.0,-0.0,0,0
97,0.0,0.02970297029702971,0.07112192077650682,1.0,-0.0,0,0
98,0.0,0.03762376237623763,0.07816140339006158,1.0,-0.0,0,0
99,0.0,0.03762376237623763,0.07816140339006158,1.0,-0.0,0,0
100,0.0,0.07326732673267328,0.11509022642946844,1.0,-0.0,0,0
101,0.0,0.07326732673267328,0.11509022642946844,1.0,-0.0,0,0
102,0.0,0.07326732673267328,0.11509022642946844,1.0,-0.0,0,0
103,0.0,0.03564356435643565,0.08154954567118416,1.0,-0.0,0,0
104,0.0,0.047524752475247525,0.08965727859542,1.0,-0.0,0,0
105,0.0,0.08514851485148513,0.11025275966000045,1.0,-0.0,0,0
106,0.0,0.1386138613861386,0.15348770198080078,1.0,-0.0,0,0
107,0.0,0.17821782178217815,0.1755353680172698,1.0,-0.0,0,0
108,0.0,0.17821782178217815,0.1755353680172698,1.0,-0.0,0,0
109,0.0,0.16633663366336632,0.16666633990099655,1.0,-0.0,0,0
110,0.0,0.09108910891089109,0.12435895816322838,1.0,-0.0,0,0
111,0.0,0.039603960396039604,0.09342674148186494,1.0,-0.0,0,0
112,0.0,0.0,0.0,1.0,-0.0,0,0
113,0.0,0.0,0.0,1.0,-0.0,0,0
114,0.0,0.0,0.0,1.0,-0.0,0,0
115,0.0,0.0,0.0,1.0,-0.0,0,0
116,0.0,0.03762376237623763,0.07816140339006158,1.0,-0.0,0,0
117,0.0,0.03762376237623763,0.07816140339006158,1.0,-0.0,0,0
118,0.0,0.1108910891089109,0.13923481846532235,1.0,-0.0,0,0
119,0.0,0.1108910891089109,0.13923481846532235,1.0,-0.0,0,0
120,0.0,0.13663366336633662,0.15137833547418927,1.0,-0.0,0,0
121,0.0,0.2217821782178218,0.20662491026923688,1.0,-0.0,0,0
122,0.0,0.29504950495049503,0.24143803404172492,1.0,-0.0,0,0
123,0.0,0.22178217821782176,0.20079246977914245,1.0,-0.0,0,0
124,0.0,0.22178217821782176,0.20079246977914245,1.0,-0.0,0,0
125,0.0,0.19801980198019797,0.20391232731653072,1.0,-0.0,0,0
126,0.0,0.07326732673267328,0.11509022642946842,1.0,-0.0,0,0
127,0.0,0.0,0.0,1.0,-0.0,0,0
128,0.0,0.0,0.0,1.0,-0.0,0,0
129,0.0,0.0,0.0,1.0,-0.0,0,0
130,0.2,0.3544554455445545,0.2419085632328785,1.0,-0.0,0,0
131,0.2,0.3544554455445545,0.2419085632328785,1.0,-0.0,0,0
132,0.2,0.3544554455445545,0.2419085632328785,1.0,-0.0,0,0
133,0.2,0.3544554455445545,0.2419085632328785,1.0,-0.0,0,0
134,0.2,0.3544554455445545,0.2419085632328785,1.0,-0.0,0,0
135,0.0,0.015841584158415842,0.05401260078014202,1.0,-0.0,0,0
136,0.0,0.015841584158415842,0.05401260078014202,1.0,-0.0,0,0
137,0.0,0.015841584158415842,0.05401260078014202,1.0,-0.0,0,0
138,0.0,0.03564356435643565,0.08154954567118415,1.0,-0.0,0,0
139,0.0,0.03564356435643565,0.08154954567118415,1.0,-0.0,0,0
140,0.0,0.019801980198019802,0.059735061897023205,1.0,-0.0,0,0
141,0.0,0.019801980198019802,0.059735061897023205,1.0,-0.0,0,0
142,0.0,0.33069306930693065,0.22415631668191094,1.0,-0.0,0,0
143,0.0,0.3099009900990099,0.20753382188631925,1.0,-0.0,0,0
144,0.0,0.36831683168316826,0.2229108479916085,1.0,-0.0,0,0
