,foreground,bg_means,bg_stdev,pvals,minus_logs,regs,active
2,0.0,0.681188118811881,0.3505901308634306,1.0,-0.0,0,0
3,0.0,0.681188118811881,0.3505901308634306,1.0,-0.0,1,0
4,0.0,0.681188118811881,0.3505901308634306,1.0,-0.0,0,0
5,0.0,0.681188118811881,0.3505901308634306,1.0,-0.0,0,0
6,0.0,0.681188118811881,0.3505901308634306,1.0,-0.0,0,0
7,0.0,0.0,0.0,1.0,-0.0,0,0
8,0.0,0.0,0.0,1.0,-0.0,0,0
9,0.0,0.0,0.0,1.0,-0.0,0,0
10,2.2,0.6118811881188119,0.27977612291445425,6.878286201829449e-09,8.1625197573757,0,0
11,2.2,0.6118811881188119,0.27977612291445425,6.878286201829449e-09,8.1625197573757,0,0
12,2.2,0.6118811881188119,0.27977612291445425,6.878286201829449e-09,8.1625197573757,1,0
13,4.6,0.9465346534653465,0.33048549838188285,1.000000000010385e-17,16.99999999999549,0,0
14,4.6,0.9465346534653465,0.33048549838188285,1.000000000010385e-17,16.99999999999549,0,0
15,2.4,0.3346534653465347,0.20510110695008402,1.0000003752922888e-17,16.99999983701266,0,0
16,2.4,0.3346534653465347,0.20510110695008402,1.0000003752922888e-17,16.99999983701266,0,0
17,3.0,0.5336633663366336,0.2787089143802265,1.0440946931253735e-17,16.98126011164325,0,0
18,0.6,0.19999999999999998,0.1823933297373379,0.014151432595253944,1.8491995928802933,0,0
19,0.6,0.19999999999999998,0.1823933297373379,0.014151432595253944,1.8491995928802933,0,0
20,0.6,0.19999999999999998,0.1823933297373379,0.014151432595253944,1.8491995928802933,0,0
21,0.6,0.19999999999999998,0.1823933297373379,0.014151432595253944,1.8491995928802933,0,0
22,0.0,0.0,0.0,1.0,-0.0,0,0
23,0.2,0.17425742574257425,0.15584548411842378,0.4344011099455623,0.3621090737446766,0,0
24,0.2,0.17425742574257425,0.15584548411842378,0.4344011099455623,0.3621090737446766,0,0
25,0.4,0.7386138613861386,0.3315043111676128,1.0,-0.0,0,0
26,0.4,0.7386138613861386,0.3315043111676128,1.0,-0.0,0,0
27,0.4,0.7386138613861386,0.3315043111676128,1.0,-0.0,0,0
28,0.2,0.5643564356435643,0.28199577218087757,1.0,-0.0,0,0
29,0.2,0.5643564356435643,0.28199577218087757,1.0,-0.0,0,0
30,0.0,0.0,0.0,1.0,-0.0,0,0
31,0.0,0.0,0.0,1.0,-0.0,0,0
32,0.0,0.0,0.0,1.0,-0.0,0,0
33,0.0,0.2633663366336633,0.20281326937139588,1.0,-0.0,0,0
34,0.0,0.2633663366336633,0.20281326937139588,1.0,-0.0,0,0
35,0.0,0.2633663366336633,0.20281326937139588,1.0,-0.0,0,0
36,0.0,0.2633663366336633,0.20281326937139588,1.0,-0.0,0,0
37,0.0,0.2633663366336633,0.20281326937139588,1.0,-0.0,0,0
38,0.0,0.0,0.0,1.0,-0.0,0,0
39,0.0,0.0,0.0,1.0,-0.0,0,0
40,0.0,0.0,0.0,1.0,-0.0,0,0
41,0.0,0.021782178217821784,0.06230547612891991,1.0,-0.0,0,0
42,0.0,0.03762376237623763,0.08307396817189318,1.0,-0.0,0,0
43,0.0,0.047524752475247525,0.08965727859542,1.0,-0.0,0,0
44,0.0,0.047524752475247525,0.08965727859542,1.0,-0.0,0,0
45,0.0,0.047524752475247525,0.08965727859542,1.0,-0.0,0,0
46,0.0,0.025742574257425745,0.0669763743575753,1.0,-0.0,0,0
47,0.0,0.02772277227722772,0.07461957893630407,1.0,-0.0,0,0
48,0.0,0.017821782178217824,0.05698017651460656,1.0,-0.0,0,0
49,0.0,0.017821782178217824,0.05698017651460656,1.0,-0.0,0,0
50,0.0,0.017821782178217824,0.05698017651460656,1.0,-0.0,0,0
51,0.0,0.017821782178217824,0.05698017651460656,1.0,-0.0,0,0
52,0.0,0.0,0.0,1.0,-0.0,0,0
53,0.0,0.03762376237623763,0.08307396817189318,1.0,-0.0,0,0
54,0.2,0.23762376237623759,0.19642925572494643,1.0,-0.0,0,0
55,0.2,0.23762376237623759,0.19642925572494643,1.0,-0.0,0,0
56,0.2,0.38019801980198026,0.24292760685911477,1.0,-0.0,0,0
57,0.2,0.38019801980198026,0.24292760685911477,1.0,-0.0,0,0
58,0.2,0.34257425742574266,0.22922449312455892,1.0,-0.0,0,0
59,0.0,0.14257425742574256,0.15243666735776418,1.0,-0.0,0,0
60,0.0,0.15049504950495046,0.15772124951873168,1.0,-0.0,0,0
61,0.0,0.007920792079207921,0.03900537743285587,1.0,-0.0,0,0
62,0.0,0.007920792079207921,0.03900537743285587,1.0,-0.0,0,0
63,0.0,0.06336633663366337,0.10504385908811757,1.0,-0.0,0,0
64,0.0,0.08910891089108908,0.13342479626077636,1.0,-0.0,0,0
65,0.0,0.08118811881188118,0.12951766673875514,1.0,-0.0,0,0
66,0.0,0.08118811881188118,0.12951766673875514,1.0,-0.0,0,0
67,0.0,0.21188118811881182,0.21948956479079762,1.0,-0.0,0,0
68,0.0,0.23366336633663365,0.20112418099951873,1.0,-0.0,0,0
69,0.0,0.20792079207920788,0.1886288032334235,1.0,-0.0,0,0
70,0.0,0.4831683168316832,0.25057134986349594,1.0,-0.0,0,0
71,0.0,0.49900990099009906,0.2558213522331669,1.0,-0.0,0,0
72,0.0,0.41782178217821786,0.24871791632645676,1.0,-0.0,0,0
73,0.0,0.3940594059405941,0.2586414553228625,1.0,-0.0,0,0
74,0.0,0.3940594059405941,0.2586414553228625,1.0,-0.0,0,0
75,0.0,0.14653465346534653,0.14863361587956597,1.0,-0.0,0,0
76,0.0,0.1584158415841584,0.16244866773856384,1.0,-0.0,0,0
77,0.0,0.19999999999999998,0.1665015683926963,1.0,-0.0,0,0
78,0.0,0.25940594059405936,0.20400845343666585,1.0,-0.0,0,0
79,0.0,0.27722772277227725,0.202890590483382,1.0,-0.0,0,0
80,0.0,0.24950495049504945,0.19172162285084565,1.0,-0.0,0,0
81,0.0,0.25346534653465347,0.2085140052449613,1.0,-0.0,0,0
82,0.0,0.19801980198019803,0.193958349116608,1.0,-0.0,0,0
83,0.0,0.08316831683168317,0.12353642740976017,1.0,-0.0,0,0
84,0.0,0.06534653465346535,0.10939585993610405,1.0,-0.0,0,0
85,0.0,0.06534653465346535,0.10939585993610405,1.0,-0.0,0,0
86,0.0,0.033663366336633666,0.07482947971362847,1.0,-0.0,0,0
87,0.0,0.0,0.0,1.0,-0.0,0,0
88,0.0,0.0,0.0,1.0,-0.0,0,0
89,0.0,0.0,0.0,1.0,-0.0,0,0
90,0.0,0.0,0.0,1.0,-0.0,0,0
91,0.0,0.0,0.0,1.0,-0.0,0,0
92,0.0,0.0,0.0,1.0,-0.0,0,0
93,0.0,0.0,0.0,1.0,-0.0,0,0
94,0.0,0.0,0.0,1.0,-0.0,0,0
95,0.0,0.0,0.0,1.0,-0.0,0,0
96,0.0,0.0,0.0,1.0,-0.0,0,0
97,0.0,0.0,0.0,1.0,-0.0,0,0
98,0.0,0.0,0.0,1.0,-0.0,0,0
99,0.0,0.0,0.0,1.0,-0.0,0,0
100,0.0,0.0,0.0,1.0,-0.0,0,0
101,0.0,0.0,0.0,1.0,-0.0,0,0
102,0.0,0.0,0.0,1.0,-0.0,0,0
103,0.0,0.0,0.0,1.0,-0.0,0,0
104,0.0,0.0,0.0,1.0,-0.0,0,0
105,0.0,0.0,0.0,1.0,-0.0,0,0
106,0.0,0.12079207920792076,0.1594028657227573,1.0,-0.0,0,0
107,0.0,0.12079207920792076,0.1594028657227573,1.0,-0.0,0,0
108,0.0,0.12079207920792076,0.1594028657227573,1.0,-0.0,0,0
109,0.0,0.12079207920792076,0.1594028657227573,1.0,-0.0,0,0
110,0.0,0.12079207920792076,0.1594028657227573,1.0,-0.0,0,0
111,0.0,0.0,0.0,1.0,-0.0,0,0
112,0.0,0.021782178217821784,0.06230547612891991,1.0,-0.0,0,0
113,0.0,0.021782178217821784,0.06230547612891991,1.0,-0.0,0,0
114,0.0,0.09108910891089109,0.1335716590419014,1.0,-0.0,0,0
115,0.0,0.23366336633663365,0.2030837644683788,1.0,-0.0,0,0
116,0.0,0.45148514851485144,0.2987146926436923,1.0,-0.0,0,0
117,0.0,0.4297029702970297,0.2791587626130561,1.0,-0.0,0,0
118,0.0,0.4297029702970297,0.2791587626130561,1.0,-0.0,0,0
119,0.0,0.36633663366336633,0.2580495108387406,1.0,-0.0,0,0
120,0.0,0.22376237623762374,0.18939639130642924,1.0,-0.0,0,0
121,0.0,0.0059405940594059415,0.03395332316729157,1.0,-0.0,0,0
122,0.2,0.22970297029702968,0.172083651345746,1.0,-0.0,0,0
123,0.2,0.22970297029702968,0.172083651345746,1.0,-0.0,0,0
124,0.2,0.4316831683168318,0.2449209583831247,1.0,-0.0,0,0
125,0.2,0.4316831683168318,0.2449209583831247,1.0,-0.0,0,0
126,0.2,0.45346534653465354,0.24678701942677855,1.0,-0.0,0,0
127,0.0,0.22970297029702966,0.18960331411621106,1.0,-0.0,0,0
128,0.0,0.22970297029702966,0.18960331411621106,1.0,-0.0,0,0
129,0.0,0.05148514851485149,0.096075322540263,1.0,-0.0,0,0
130,0.0,0.05148514851485149,0.096075322540263,1.0,-0.0,0,0
131,0.0,0.2554455445544554,0.19924374222741015,1.0,-0.0,0,0
132,0.0,0.2554455445544554,0.19924374222741015,1.0,-0.0,0,0
133,0.0,0.2554455445544554,0.19924374222741015,1.0,-0.0,0,0
134,0.0,0.22574257425742567,0.19018150025414607,1.0,-0.0,0,0
135,0.0,0.26732673267326723,0.21850477978825697,1.0,-0.0,0,0
136,0.0,0.041584158415841586,0.09039772047931348,1.0,-0.0,0,0
137,0.0,0.041584158415841586,0.09039772047931348,1.0,-0.0,0,0
138,0.0,0.041584158415841586,0.09039772047931348,1.0,-0.0,0,0
139,0.0,0.041584158415841586,0.09039772047931348,1.0,-0.0,0,0
140,0.0,0.0,0.0,1.0,-0.0,0,0
141,0.0,0.0,0.0,1.0,-0.0,0,0
142,0.0,0.0,0.0,1.0,-0.0,0,0
143,0.0,0.0,0.0,1.0,-0.0,0,0
144,0.0,0.0,0.0,1.0,-0.0,0,0
145,0.0,0.0,0.0,1.0,-0.0,0,0
146,0.0,0.06930693069306931,0.11057238501634628,1.0,-0.0,0,0
147,0.0,0.06930693069306931,0.11057238501634628,1.0,-0.0,0,0
148,0.0,0.06930693069306931,0.11057238501634628,1.0,-0.0,0,0
149,0.0,0.06930693069306931,0.11057238501634628,1.0,-0.0,0,0
150,0.0,0.06930693069306931,0.11057238501634628,1.0,-0.0,0,0
151,0.0,0.0,0.0,1.0,-0.0,0,0
152,0.0,0.0,0.0,1.0,-0.0,0,0
153,0.0,0.0,0.0,1.0,-0.0,0,0
154,0.0,0.0,0.0,1.0,-0.0,0,0
155,0.0,0.04356435643564357,0.09164702150816742,1.0,-0.0,0,0
156,0.0,0.057425742574257435,0.09885135821266286,1.0,-0.0,0,0
157,0.0,0.057425742574257435,0.09885135821266286,1.0,-0.0,0,0
158,0.0,0.057425742574257435,0.09885135821266286,1.0,-0.0,0,0
159,0.0,0.057425742574257435,0.09885135821266286,1.0,-0.0,0,0
160,0.0,0.01386138613861386,0.05079507064705211,1.0,-0.0,0,0
161,0.0,0.0,0.0,1.0,-0.0,0,0
162,0.0,0.0,0.0,1.0,-0.0,0,0
163,0.0,0.027722772277227727,0.06910862719451544,1.0,-0.0,0,0
164,0.0,0.027722772277227727,0.06910862719451544,1.0,-0.0,0,0
165,0.0,0.027722772277227727,0.06910862719451544,1.0,-0.0,0,0
166,0.0,0.027722772277227727,0.06910862719451544,1.0,-0.0,0,0
167,0.0,0.027722772277227727,0.06910862719451544,1.0,-0.0,0,0
168,0.0,0.0,0.0,1.0,-0.0,0,0
169,0.0,0.0,0.0,1.0,-0.0,0,0
170,0.0,0.0,0.0,1.0,-0.0,0,0
171,0.0,0.0,0.0,1.0,-0.0,0,0
172,0.0,0.0,0.0,1.0,-0.0,0,0
173,0.0,0.0,0.0,1.0,-0.0,0,0
174,0.0,0.0,0.0,1.0,-0.0,0,0
175,0.0,0.0,0.0,1.0,-0.0,0,0
176,0.0,0.0,0.0,1.0,-0.0,0,0
177,0.0,0.08514851485148514,0.12054836637801526,1.0,-0.0,0,0
178,0.0,0.08514851485148514,0.12054836637801526,1.0,-0.0,0,0
179,0.0,0.08514851485148514,0.12054836637801526,1.0,-0.0,0,0
180,0.0,0.08514851485148514,0.12054836637801526,1.0,-0.0,0,0
181,0.0,0.08514851485148514,0.12054836637801526,1.0,-0.0,0,0
182,0.0,0.0,0.0,1.0,-0.0,0,0
183,0.0,0.0,0.0,1.0,-0.0,0,0
184,0.0,0.0,0.0,1.0,-0.0,0,0
185,0.0,0.0,0.0,1.0,-0.0,0,0
186,0.0,0.0,0.0,1.0,-0.0,0,0
187,0.0,0.0,0.0,1.0,-0.0,0,0
188,0.0,0.0,0.0,1.0,-0.0,0,0
189,0.0,0.0,0.0,1.0,-0.0,0,0
190,0.0,0.0,0.0,1.0,-0.0,0,0
191,0.0,0.0,0.0,1.0,-0.0,0,0
192,0.0,0.0,0.0,1.0,-0.0,0,0
193,0.0,0.0,0.0,1.0,-0.0,0,0
194,0.0,0.0,0.0,1.0,-0.0,0,0
195,0.0,0.0,0.0,1.0,-0.0,0,0
196,0.0,0.0,0.0,1.0,-0.0,0,0
197,0.0,0.0,0.0,1.0,-0.0,0,0
198,0.0,0.0,0.0,1.0,-0.0,0,0
199,0.0,0.0,0.0,1.0,-0.0,0,0
200,0.0,0.08316831683168316,0.12028786177019754,1.0,-0.0,0,0
201,0.0,0.08316831683168316,0.12028786177019754,1.0,-0.0,0,0
202,0.0,0.08316831683168316,0.12028786177019754,1.0,-0.0,0,0
203,0.0,0.08316831683168316,0.12028786177019754,1.0,-0.0,0,0
204,0.0,0.08316831683168316,0.12028786177019754,1.0,-0.0,0,0
205,0.0,0.0,0.0,1.0,-0.0,0,0
206,0.0,0.0,0.0,1.0,-0.0,0,0
207,0.0,0.0,0.0,1.0,-0.0,0,0
208,0.0,0.0,0.0,1.0,-0.0,0,0
209,0.0,0.0,0.0,1.0,-0.0,0,0
210,0.0,0.0,0.0,1.0,-0.0,0,0
211,0.0,0.0,0.0,1.0,-0.0,0,0
212,0.0,0.0,0.0,1.0,-0.0,0,0
213,0.0,0.0,0.0,1.0,-0.0,0,0
214,0.0,0.0,0.0,1.0,-0.0,0,0
215,0.0,0.0,0.0,1.0,-0.0,0,0
216,0.0,0.0,0.0,1.0,-0.0,0,0
217,0.0,0.0,0.0,1.0,-0.0,0,0
218,0.0,0.0,0.0,1.0,-0.0,0,0
219,0.0,0.0,0.0,1.0,-0.0,0,0
220,0.0,0.0,0.0,1.0,-0.0,0,0
221,0.0,0.0,0.0,1.0,-0.0,0,0
222,0.0,0.0,0.0,1.0,-0.0,0,0
223,0.0,0.0,0.0,1.0,-0.0,0,0
224,0.0,0.0,0.0,1.0,-0.0,0,0
225,0.0,0.0,0.0,1.0,-0.0,0,0
226,0.0,0.0,0.0,1.0,-0.0,0,0
227,0.0,0.0,0.0,1.0,-0.0,0,0
228,0.0,0.0,0.0,1.0,-0.0,0,0
229,0.0,0.0,0.0,1.0,-0.0,0,0
230,0.0,0.0,0.0,1.0,-0.0,0,0
231,0.0,0.0,0.0,1.0,-0.0,0,0
232,0.0,0.0,0.0,1.0,-0.0,0,0
233,0.0,0.0,0.0,1.0,-0.0,0,0
234,0.0,0.0,0.0,1.0,-0.0,0,0
235,0.0,0.02970297029702971,0.08150144802873932,1.0,-0.0,0,0
236,0.0,0.02970297029702971,0.08150144802873932,1.0,-0.0,0,0
