,foreground,bg_means,bg_stdev,pvals,minus_logs,regs,active
2,0.0,0.1504950495049505,0.16021258301915867,1.0,-0.0,0,0
3,0.0,0.25346534653465347,0.18645433514983512,1.0,-0.0,0,0
4,0.0,0.25346534653465347,0.18645433514983512,1.0,-0.0,0,0
5,0.2,0.2792079207920792,0.19514748506542448,1.0,-0.0,0,0
6,0.2,0.17029702970297028,0.15767151871203472,0.425287375918109,0.3713175085403263,0,0
7,0.2,0.1584158415841584,0.15238521194115637,0.39246949743956416,0.40619409078738367,0,0
8,0.2,0.05940594059405942,0.09562531855564071,0.07074570539322604,1.1502999187808278,0,0
9,0.2,0.08316831683168316,0.12353642740976016,0.17214403052095056,0.7641080328301242,0,0
10,0.0,0.057425742574257435,0.10656335878870264,1.0,-0.0,0,0
11,0.0,0.03762376237623763,0.08771182015980238,1.0,-0.0,0,0
12,0.0,0.03762376237623763,0.08771182015980238,1.0,-0.0,0,0
13,0.0,0.12673267326732673,0.14818445096134422,1.0,-0.0,0,0
14,0.0,0.13762376237623763,0.1609695163002105,1.0,-0.0,0,0
15,0.0,0.12871287128712874,0.1556440682228007,1.0,-0.0,0,0
16,0.0,0.2079207920792079,0.21233411384966644,1.0,-0.0,0,0
17,0.2,0.21386138613861388,0.21846888577901466,1.0,-0.0,0,0
18,0.2,0.11683168316831682,0.16474961916793257,0.3068438826590008,0.513082530531988,0,0
19,0.2,0.08316831683168317,0.13864214704328154,0.1997022678188669,0.6996170032533456,0,0
20,0.2,0.08316831683168317,0.13864214704328154,0.1997022678188669,0.6996170032533456,0,0
21,0.2,0.0059405940594059415,0.03395332316729158,5.469865928325192e-09,8.262023318511567,0,0
22,0.0,0.019801980198019802,0.0597350618970232,1.0,-0.0,0,0
23,0.0,0.10099009900990098,0.1396566153069739,1.0,-0.0,0,0
24,0.0,0.19207920792079203,0.19884974591102086,1.0,-0.0,0,0
25,0.0,0.19999999999999998,0.20294856198525085,1.0,-0.0,0,0
26,0.0,0.2217821782178218,0.2104234111490729,1.0,-0.0,0,0
27,0.0,0.21782178217821782,0.20508198776039438,1.0,-0.0,0,0
28,0.0,0.16633663366336632,0.17364880212589112,1.0,-0.0,0,0
29,0.0,0.07524752475247524,0.11553229422427583,1.0,-0.0,0,0
30,0.0,0.06732673267326733,0.10634234916512914,1.0,-0.0,0,0
31,0.0,0.04554455445544554,0.08846854615322249,1.0,-0.0,0,0
32,0.0,0.0297029702970297,0.07648795214189293,1.0,-0.0,0,0
33,0.0,0.021782178217821784,0.06230547612891991,1.0,-0.0,0,0
34,0.0,0.021782178217821784,0.06230547612891991,1.0,-0.0,0,0
35,0.0,0.039603960396039604,0.09342674148186497,1.0,-0.0,0,0
36,0.0,0.08118811881188118,0.12951766673875514,1.0,-0.0,0,0
37,0.0,0.09306930693069305,0.13661931335176505,1.0,-0.0,0,0
38,0.0,0.11089108910891088,0.15536669501729133,1.0,-0.0,0,0
39,0.0,0.11089108910891088,0.15536669501729133,1.0,-0.0,0,0
40,0.0,0.11287128712871287,0.1577461090428074,1.0,-0.0,0,0
41,0.0,0.0712871287128713,0.1307530615383697,1.0,-0.0,0,0
42,0.2,0.06732673267326733,0.1135467024699521,0.12131331785204298,0.9160915193958917,0,0
43,0.2,0.02772277227722773,0.07461957893630405,0.010478998804251368,1.9796802091996202,0,0
44,0.2,0.02772277227722773,0.07461957893630405,0.010478998804251368,1.9796802091996202,0,0
45,0.2,0.019801980198019806,0.05973506189702319,0.0012780474741147156,2.893453013655617,0,0
46,0.2,0.04356435643564357,0.08255312311158745,0.029048226759887566,1.5368803738382273,0,0
47,0.0,0.07524752475247526,0.12219602867755656,1.0,-0.0,0,0
48,0.0,0.1475247524752475,0.1794347888418545,1.0,-0.0,0,0
49,0.0,0.1475247524752475,0.1794347888418545,1.0,-0.0,0,0
50,0.0,0.18415841584158413,0.19229343978313213,1.0,-0.0,0,0
51,0.0,0.1603960396039604,0.17804171717219025,1.0,-0.0,0,0
52,0.0,0.1564356435643564,0.16793200037318168,1.0,-0.0,0,0
53,0.0,0.10495049504950495,0.1367053908443026,1.0,-0.0,0,0
54,0.0,0.2455445544554455,0.210386138380886,1.0,-0.0,0,0
55,0.0,0.19801980198019803,0.18346510608951241,1.0,-0.0,0,0
56,0.0,0.19801980198019803,0.18346510608951241,1.0,-0.0,0,0
57,0.0,0.16237623762376235,0.17511042352027043,1.0,-0.0,0,0
58,0.0,0.14059405940594055,0.16541470107292755,1.0,-0.0,0,0
59,0.0,0.031683168316831684,0.07302609471123078,1.0,-0.0,0,0
60,0.0,0.03762376237623763,0.07816140339006158,1.0,-0.0,0,0
61,0.0,0.04356435643564357,0.08255312311158745,1.0,-0.0,0,0
62,0.0,0.04356435643564357,0.08255312311158745,1.0,-0.0,0,0
63,0.0,0.10099009900990098,0.14791959918402456,1.0,-0.0,0,0
64,0.0,0.06930693069306931,0.12722675963729912,1.0,-0.0,0,0
65,0.0,0.06336633663366337,0.12245247393061628,1.0,-0.0,0,0
66,0.0,0.057425742574257435,0.11375371577303026,1.0,-0.0,0,0
67,0.0,0.0613861386138614,0.12184253515180327,1.0,-0.0,0,0
68,0.0,0.0039603960396039604,0.027863855998951064,1.0,-0.0,0,0
69,0.0,0.0039603960396039604,0.027863855998951064,1.0,-0.0,0,0
70,0.0,0.019801980198019802,0.059735061897023205,1.0,-0.0,0,0
71,0.0,0.019801980198019802,0.059735061897023205,1.0,-0.0,0,0
72,0.0,0.015841584158415842,0.05401260078014202,1.0,-0.0,0,0
73,0.0,0.015841584158415842,0.05401260078014202,1.0,-0.0,0,0
74,0.0,0.015841584158415842,0.05401260078014202,1.0,-0.0,0,0
75,0.0,0.0,0.0,1.0,-0.0,0,0
76,0.0,0.0,0.0,1.0,-0.0,0,0
77,0.0,0.0,0.0,1.0,-0.0,0,0
78,0.0,0.0,0.0,1.0,-0.0,0,0
79,0.6,0.041584158415841586,0.08590499787518362,4.0056492359521296e-11,10.397327083389929,0,0
80,0.6,0.041584158415841586,0.08590499787518362,4.0056492359521296e-11,10.397327083389929,0,0
81,0.6,0.041584158415841586,0.08590499787518362,4.0056492359521296e-11,10.397327083389929,0,0
82,0.6,0.041584158415841586,0.08590499787518362,4.0056492359521296e-11,10.397327083389929,0,0
83,0.6,0.0613861386138614,0.10046456153636296,4.132805100622833e-08,7.383755075173133,0,0
84,0.0,0.019801980198019802,0.059735061897023205,1.0,-0.0,0,0
85,0.0,0.06732673267326733,0.11000352009767247,1.0,-0.0,0,0
86,0.0,0.19999999999999996,0.20872076187012056,1.0,-0.0,0,0
87,0.0,0.22376237623762374,0.21486745389394907,1.0,-0.0,0,0
88,0.0,0.20396039603960395,0.19696750100290228,1.0,-0.0,0,0
89,0.0,0.2376237623762376,0.2246455889250183,1.0,-0.0,0,0
90,0.0,0.19603960396039596,0.21430097835197912,1.0,-0.0,0,0
91,0.0,0.06336633663366337,0.10504385908811757,1.0,-0.0,0,0
92,0.0,0.049504950495049514,0.09078727434730813,1.0,-0.0,0,0
93,0.0,0.049504950495049514,0.09078727434730813,1.0,-0.0,0,0
94,0.0,0.015841584158415842,0.054012600780142014,1.0,-0.0,0,0
95,0.0,0.015841584158415842,0.054012600780142014,1.0,-0.0,0,0
96,0.0,0.03762376237623763,0.08771182015980238,1.0,-0.0,0,0
97,0.0,0.08316831683168317,0.10996786833199858,1.0,-0.0,0,0
98,0.2,0.11089108910891088,0.13923481846532235,0.2610895049836087,0.5832105851640816,0,0
99,0.2,0.16435643564356434,0.17887666995067272,0.4210283736511437,0.3756886355066156,0,0
100,0.2,0.18217821782178217,0.19108654387033375,0.4628463195468183,0.33456318533615026,0,0
101,0.2,0.16039603960396034,0.17804171717219025,0.4119848993368803,0.3851187020611702,0,0
102,0.2,0.10297029702970295,0.15571962971356434,0.26660771338456396,0.5741272899113052,0,0
103,0.0,0.07524752475247526,0.12851469892742937,1.0,-0.0,0,0
104,0.0,0.033663366336633666,0.07482947971362845,1.0,-0.0,0,0
105,0.0,0.017821782178217824,0.05698017651460656,1.0,-0.0,0,0
106,0.0,0.07326732673267328,0.12811743461086583,1.0,-0.0,0,0
107,0.0,0.1465346534653465,0.17551302816760664,1.0,-0.0,0,0
108,0.0,0.1465346534653465,0.17551302816760664,1.0,-0.0,0,0
109,0.0,0.14455445544554452,0.16914183369554556,1.0,-0.0,0,0
110,0.0,0.1564356435643564,0.18153135265530043,1.0,-0.0,0,0
111,0.0,0.09900990099009899,0.13386490123687583,1.0,-0.0,0,0
112,0.2,0.061386138613861385,0.10046456153636296,0.08383506191077846,1.0765743106091494,0,0
113,0.2,0.12079207920792079,0.1517663861889879,0.3008675846233133,0.521624600487126,0,0
114,0.2,0.1306930693069307,0.1500775867049221,0.32210974437637796,0.4919961368230335,0,0
115,0.2,0.10891089108910891,0.1421886975922079,0.26088437726569536,0.5835519273024175,0,0
116,0.2,0.16831683168316833,0.18181194346357277,0.4308292289144679,0.36569484036557137,0,0
117,0.0,0.13267326732673265,0.15989409297573345,1.0,-0.0,0,0
118,0.0,0.07722772277227723,0.13779105154150342,1.0,-0.0,0,0
119,0.0,0.09702970297029703,0.1367627457412436,1.0,-0.0,0,0
120,0.0,0.11485148514851483,0.14984225277142668,1.0,-0.0,0,0
121,0.0,0.05742574257425742,0.10656335878870264,1.0,-0.0,0,0
122,0.0,0.05742574257425742,0.10656335878870264,1.0,-0.0,0,0
123,0.0,0.05346534653465347,0.10489443673781407,1.0,-0.0,0,0
124,0.0,0.017821782178217824,0.05698017651460656,1.0,-0.0,0,0
125,0.0,0.0,0.0,1.0,-0.0,0,0
126,0.0,0.0,0.0,1.0,-0.0,0,0
127,0.0,0.0,0.0,1.0,-0.0,0,0
128,0.0,0.0,0.0,1.0,-0.0,0,0
129,0.0,0.0,0.0,1.0,-0.0,0,0
130,0.0,0.0,0.0,1.0,-0.0,0,0
131,0.0,0.0,0.0,1.0,-0.0,0,0
132,0.0,0.011881188118811883,0.047276579747775535,1.0,-0.0,0,0
133,0.0,0.011881188118811883,0.047276579747775535,1.0,-0.0,0,0
134,0.0,0.011881188118811883,0.047276579747775535,1.0,-0.0,0,0
135,0.0,0.011881188118811883,0.047276579747775535,1.0,-0.0,0,0
136,0.2,0.017821782178217824,0.05698017651460656,0.0006937928196726553,3.15877019915046,0,0
137,0.2,0.0059405940594059415,0.03395332316729158,5.469865928325192e-09,8.262023318511567,0,0
138,0.2,0.03564356435643565,0.08154954567118415,0.0219304263845019,1.6589529244266186,0,0
139,0.2,0.039603960396039604,0.08452453849668534,0.028872622852877186,1.5395137620565469,0,0
140,0.4,0.049504950495049514,0.09504950495049506,0.00011323404682251737,3.946022971345902,0,0
141,0.2,0.05940594059405942,0.11096178792967841,0.10256882529016816,0.9889846183837064,0,0
142,0.2,0.08910891089108909,0.13042276277287215,0.19759489744115794,0.7042242745346299,0,0
143,0.2,0.05940594059405942,0.10357779667819421,0.08733081746926054,1.0588324745635311,0,0
144,0.2,0.05544554455445545,0.1019369320889802,0.07808409030039497,1.1074374449781044,0,0
145,0.0,0.04554455445544555,0.08846854615322249,1.0,-0.0,0,0
146,0.0,0.02970297029702971,0.07648795214189293,1.0,-0.0,0,0
147,0.0,0.033663366336633666,0.07994704648786674,1.0,-0.0,0,0
148,0.0,0.033663366336633666,0.07994704648786674,1.0,-0.0,0,0
149,0.0,0.033663366336633666,0.07994704648786674,1.0,-0.0,0,0
150,0.0,0.033663366336633666,0.07994704648786674,1.0,-0.0,0,0
151,0.0,0.11089108910891088,0.13342479626077636,1.0,-0.0,0,0
152,0.0,0.09504950495049505,0.13670539084430264,1.0,-0.0,0,0
153,0.0,0.1801980198019802,0.18348647776016433,1.0,-0.0,0,0
154,0.0,0.1861386138613861,0.18933427036517264,1.0,-0.0,0,0
155,0.0,0.2178217821782178,0.21635872284536925,1.0,-0.0,0,0
156,0.0,0.14059405940594058,0.16300289605747864,1.0,-0.0,0,0
157,0.0,0.12079207920792079,0.1517663861889879,1.0,-0.0,0,0
158,0.0,0.03762376237623763,0.08307396817189318,1.0,-0.0,0,0
159,0.0,0.031683168316831684,0.0730260947112308,1.0,-0.0,0,0
160,0.0,0.0,0.0,1.0,-0.0,0,0
161,0.0,0.0,0.0,1.0,-0.0,0,0
162,0.0,0.0,0.0,1.0,-0.0,0,0
163,0.0,0.0,0.0,1.0,-0.0,0,0
164,0.0,0.0,0.0,1.0,-0.0,0,0
165,0.0,0.0,0.0,1.0,-0.0,0,0
166,0.0,0.0,0.0,1.0,-0.0,0,0
167,0.0,0.0,0.0,1.0,-0.0,0,0
168,0.0,0.0,0.0,1.0,-0.0,0,0
169,0.0,0.0059405940594059415,0.03395332316729158,1.0,-0.0,0,0
170,0.0,0.0059405940594059415,0.03395332316729158,1.0,-0.0,0,0
171,0.0,0.0059405940594059415,0.03395332316729158,1.0,-0.0,0,0
172,0.0,0.027722772277227727,0.06910862719451544,1.0,-0.0,0,0
173,0.0,0.027722772277227727,0.06910862719451544,1.0,-0.0,0,0
174,0.0,0.021782178217821784,0.06230547612891991,1.0,-0.0,0,0
175,0.0,0.021782178217821784,0.06230547612891991,1.0,-0.0,0,0
176,0.0,0.021782178217821784,0.06230547612891991,1.0,-0.0,0,0
177,0.0,0.023762376237623763,0.06471340450838887,1.0,-0.0,0,0
178,0.0,0.02772277227722772,0.06910862719451544,1.0,-0.0,0,0
179,0.0,0.02772277227722772,0.06910862719451544,1.0,-0.0,0,0
180,0.0,0.02772277227722772,0.06910862719451544,1.0,-0.0,0,0
181,0.0,0.041584158415841586,0.08590499787518362,1.0,-0.0,0,0
182,0.0,0.017821782178217824,0.056980176514606566,1.0,-0.0,0,0
183,0.0,0.013861386138613863,0.05079507064705211,1.0,-0.0,0,0
184,0.0,0.021782178217821784,0.06230547612891991,1.0,-0.0,0,0
185,0.0,0.021782178217821784,0.06230547612891991,1.0,-0.0,0,0
186,0.0,0.01386138613861386,0.05079507064705211,1.0,-0.0,0,0
187,0.0,0.04356435643564357,0.08721867542790195,1.0,-0.0,0,0
188,0.0,0.04752475247524753,0.08965727859541997,1.0,-0.0,0,0
189,0.0,0.039603960396039604,0.07970143286137865,1.0,-0.0,0,0
190,0.0,0.039603960396039604,0.07970143286137865,1.0,-0.0,0,0
191,0.0,0.051485148514851496,0.09186070102766894,1.0,-0.0,0,32
192,0.0,0.021782178217821784,0.06230547612891991,1.0,-0.0,0,0
193,0.0,0.04554455445544555,0.09283729243351321,1.0,-0.0,0,0
194,0.0,0.04554455445544555,0.09283729243351321,1.0,-0.0,0,0
195,0.0,0.05346534653465347,0.10860442931328386,1.0,-0.0,0,0
196,0.0,0.0594059405940594,0.11447531431916541,1.0,-0.0,0,0
197,0.0,0.0594059405940594,0.11447531431916541,1.0,-0.0,0,0
198,0.0,0.031683168316831684,0.07826167463512675,1.0,-0.0,0,0
199,0.0,0.10297029702970295,0.13383560593042218,1.0,-0.0,0,0
200,0.0,0.10099009900990098,0.13386490123687583,1.0,-0.0,0,0
201,0.0,0.07722772277227723,0.11593886073904514,1.0,-0.0,0,0
202,0.0,0.07722772277227723,0.11593886073904514,1.0,-0.0,0,0
203,0.0,0.07722772277227723,0.11593886073904514,1.0,-0.0,0,0
204,0.0,0.0059405940594059415,0.03395332316729158,1.0,-0.0,0,0
205,0.0,0.009900990099009901,0.04338396495090424,1.0,-0.0,0,0
206,0.0,0.023762376237623763,0.0759735686861421,1.0,-0.0,0,0
207,0.0,0.10891089108910891,0.14765427233510695,1.0,-0.0,0,0
208,0.0,0.12574257425742572,0.14802559676063964,1.0,-0.0,0,0
209,0.0,0.14059405940594058,0.15036471688371983,1.0,-0.0,0,0
210,0.0,0.18217821782178217,0.16434450630690242,1.0,-0.0,0,0
211,0.0,0.18415841584158418,0.1772913210740546,1.0,-0.0,0,0
212,0.0,0.09702970297029703,0.1367627457412436,1.0,-0.0,0,0
213,0.0,0.14257425742574256,0.16004116713803365,1.0,-0.0,0,0
214,0.0,0.14059405940594058,0.15297590428378585,1.0,-0.0,0,0
215,0.0,0.08712871287128712,0.1361881098142527,1.0,-0.0,0,0
216,0.0,0.0712871287128713,0.11461224656227947,1.0,-0.0,0,0
217,0.0,0.0712871287128713,0.11461224656227947,1.0,-0.0,0,0
218,0.0,0.011881188118811883,0.047276579747775535,1.0,-0.0,0,0
219,0.0,0.0,0.0,1.0,-0.0,0,0
220,0.0,0.033663366336633666,0.07994704648786674,1.0,-0.0,0,0
221,0.0,0.033663366336633666,0.07994704648786674,1.0,-0.0,0,0
222,0.0,0.041584158415841586,0.09039772047931348,1.0,-0.0,0,0
223,0.0,0.12277227722772276,0.15148191286261606,1.0,-0.0,0,0
224,0.0,0.13861386138613863,0.17059609935397896,1.0,-0.0,0,0
225,0.0,0.10495049504950495,0.1581929124495149,1.0,-0.0,0,0
226,0.0,0.10495049504950495,0.1581929124495149,1.0,-0.0,0,0
227,0.0,0.09702970297029702,0.1531552280211446,1.0,-0.0,0,0
228,0.0,0.015841584158415842,0.054012600780142014,1.0,-0.0,0,0
229,0.0,0.0,0.0,1.0,-0.0,0,0
230,0.0,0.009900990099009901,0.04338396495090424,1.0,-0.0,0,0
231,0.0,0.009900990099009901,0.04338396495090424,1.0,-0.0,0,0
232,0.0,0.03564356435643565,0.08626938974571075,1.0,-0.0,0,0
233,0.0,0.03564356435643565,0.08626938974571075,1.0,-0.0,0,0
234,0.0,0.051485148514851496,0.096075322540263,1.0,-0.0,0,0
235,0.0,0.041584158415841586,0.09039772047931348,1.0,-0.0,0,0
236,0.0,0.049504950495049514,0.1068206254198905,1.0,-0.0,0,0
237,0.0,0.023762376237623766,0.06471340450838887,1.0,-0.0,0,0
238,0.0,0.023762376237623766,0.06471340450838887,1.0,-0.0,0,0
239,0.0,0.057425742574257435,0.10277971700879983,1.0,-0.0,0,0
240,0.0,0.057425742574257435,0.10277971700879983,1.0,-0.0,0,0
241,0.0,0.04950495049504951,0.09912864166957489,1.0,-0.0,0,0
242,0.0,0.04950495049504951,0.09912864166957489,1.0,-0.0,0,0
243,0.0,0.04950495049504951,0.09912864166957489,1.0,-0.0,0,0
244,0.0,0.017821782178217824,0.056980176514606566,1.0,-0.0,0,0
245,0.0,0.049504950495049514,0.09078727434730813,1.0,-0.0,0,0
246,0.0,0.057425742574257435,0.09885135821266286,1.0,-0.0,0,0
247,0.0,0.10693069306930694,0.13368903310588715,1.0,-0.0,0,0
248,0.0,0.11485148514851483,0.1388682248893999,1.0,-0.0,0,0
249,0.0,0.13168316831683166,0.15474712241238045,1.0,-0.0,0,0
250,0.0,0.12079207920792079,0.13810372890425895,1.0,-0.0,0,0
251,0.0,0.12277227722772276,0.14063588835298776,1.0,-0.0,0,0
252,0.0,0.07326732673267328,0.11159606181073561,1.0,-0.0,0,0
253,0.0,0.13267326732673265,0.14698885988036148,1.0,-0.0,0,0
254,0.0,0.15247524752475244,0.15453158823862712,1.0,-0.0,0,0
255,0.0,0.12970297029702968,0.14728201173692715,1.0,-0.0,0,0
256,0.0,0.11881188118811879,0.13838736799727644,1.0,-0.0,0,0
257,0.0,0.11881188118811879,0.13838736799727644,1.0,-0.0,0,0
258,0.0,0.05346534653465347,0.10104832334394513,1.0,-0.0,0,0
259,0.0,0.0,0.0,1.0,-0.0,0,0
260,0.0,0.0,0.0,1.0,-0.0,0,0
261,0.0,0.011881188118811881,0.047276579747775535,1.0,-0.0,0,0
262,0.0,0.09306930693069305,0.13948804962658473,1.0,-0.0,0,0
263,0.0,0.09306930693069305,0.13948804962658473,1.0,-0.0,0,0
264,0.0,0.17425742574257425,0.1983363806027551,1.0,-0.0,0,0
265,0.0,0.17425742574257425,0.1983363806027551,1.0,-0.0,0,0
266,0.0,0.16237623762376235,0.18819175240422528,1.0,-0.0,0,0
267,0.8,0.3584158415841585,0.24262072700984713,0.034374972378326804,1.4637576421346283,0,0
268,1.0,0.41188118811881197,0.26223983003730444,0.012458877522366421,1.9045210835036217,0,0
269,1.0,0.3940594059405941,0.2646955217664467,0.011033910566689115,1.9572705404572006,0,0
270,1.0,0.39801980198019804,0.26475477090468547,0.011491188440335932,1.93963505343623,0,0
271,1.0,0.407920792079208,0.2712943556166837,0.01453914157199867,1.8374612345739352,0,0
272,0.2,0.15346534653465344,0.18431804005101143,0.4003391558560798,0.39757193090265763,0,0
273,0.0,0.1603960396039604,0.16890984643276136,1.0,-0.0,0,0
274,0.0,0.09702970297029702,0.13383560593042218,1.0,-0.0,0,0
275,0.0,0.09306930693069307,0.13368903310588712,1.0,-0.0,0,0
276,0.0,0.08316831683168317,0.12670172889541698,1.0,-0.0,0,0
277,0.0,0.0594059405940594,0.1073333087751893,1.0,-0.0,0,0
278,0.2,0.06534653465346535,0.10571364605971598,0.10137482685028305,0.9940698745616096,0,0
279,0.4,0.13267326732673265,0.15228224894835946,0.03958957875783073,1.4024191192157907,0,0
280,0.4,0.14257425742574253,0.15754712301715712,0.051133594636087146,1.29129367577057,0,0
281,0.6,0.3227722772277228,0.2453048974170602,0.12920960957560973,0.8887051857955369,0,0
282,0.6,0.34356435643564365,0.2550153719242335,0.15731138526211585,0.8032398445885451,0,0
283,0.4,0.27722772277227725,0.2501014400609417,0.31175215152161484,0.5061905406056645,0,0
284,0.2,0.21188118811881188,0.20454592488897796,1.0,-0.0,0,0
285,0.2,0.20198019801980197,0.1877327983285756,1.0,-0.0,0,0
286,0.0,0.019801980198019802,0.059735061897023205,1.0,-0.0,0,0
287,0.0,0.0,0.0,1.0,-0.0,0,0
288,0.0,0.0,0.0,1.0,-0.0,0,0
289,0.0,0.0,0.0,1.0,-0.0,0,0
290,0.0,0.0,0.0,1.0,-0.0,0,0
291,0.0,0.0,0.0,1.0,-0.0,0,0
292,0.2,0.033663366336633666,0.07994704648786674,0.018735949469970602,1.7273242935431963,0,0
293,0.2,0.033663366336633666,0.07994704648786674,0.018735949469970602,1.7273242935431963,0,0
294,0.2,0.04752475247524753,0.09809478080396702,0.06004850186537829,1.2214978232271951,0,0
295,0.8,0.19999999999999998,0.19700731252448173,0.0011611899464199604,2.9350967329447695,0,0
296,0.8,0.21386138613861383,0.20920864708209408,0.0025417532145891306,2.594866618512561,0,0
297,0.6,0.18019801980198016,0.18348647776016436,0.011071153990704491,1.9558071085092945,0,0
298,0.6,0.18019801980198016,0.18348647776016436,0.011071153990704491,1.9558071085092945,0,0
299,0.6,0.16633663366336632,0.18254375725135072,0.008758607584422774,2.0575649310998716,0,81
300,0.0,0.013861386138613863,0.05079507064705212,1.0,-0.0,0,0
301,0.0,0.0,0.0,1.0,-0.0,0,0
302,0.2,0.19009900990099005,0.205616653067843,0.48079728657262144,0.31803799198256905,0,0
303,0.2,0.19009900990099005,0.205616653067843,0.48079728657262144,0.31803799198256905,0,0
304,0.2,0.20198019801980194,0.21340251467882923,1.0,-0.0,0,0
305,0.2,0.20198019801980194,0.21340251467882923,1.0,-0.0,0,0
306,0.2,0.20198019801980194,0.21340251467882923,1.0,-0.0,0,0
307,0.0,0.011881188118811883,0.04727657974777555,1.0,-0.0,0,0
308,0.0,0.017821782178217824,0.05698017651460656,1.0,-0.0,0,0
309,0.0,0.019801980198019802,0.059735061897023205,1.0,-0.0,0,0
310,0.0,0.05148514851485149,0.096075322540263,1.0,-0.0,1,0
311,0.0,0.05148514851485149,0.096075322540263,1.0,-0.0,0,0
312,0.0,0.06336633663366337,0.10120342446875752,1.0,-0.0,0,0
313,0.0,0.0594059405940594,0.09968089464279778,1.0,-0.0,0,0
314,0.0,0.04554455445544555,0.09283729243351323,1.0,-0.0,0,0
315,0.0,0.013861386138613863,0.05079507064705211,1.0,-0.0,0,0
316,0.0,0.013861386138613863,0.05079507064705211,1.0,-0.0,0,0
317,0.0,0.0712871287128713,0.11461224656227947,1.0,-0.0,0,0
318,0.0,0.08118811881188118,0.1264228887090089,1.0,-0.0,0,0
319,0.0,0.08118811881188118,0.1264228887090089,1.0,-0.0,0,0
320,0.0,0.08118811881188118,0.1264228887090089,1.0,-0.0,0,0
321,0.2,0.11485148514851484,0.1416914361980065,0.2739388863041897,0.5623463141913831,0,0
322,0.2,0.04752475247524753,0.08965727859541997,0.044504787234598886,1.3515932708674616,0,0
323,0.2,0.03564356435643565,0.08154954567118415,0.0219304263845019,1.6589529244266186,0,0
324,0.2,0.03564356435643565,0.08154954567118415,0.0219304263845019,1.6589529244266186,0,0
325,0.2,0.05148514851485149,0.11134982906542217,0.09113993201541233,1.0402912997094873,0,0
326,0.0,0.023762376237623766,0.07056843438101175,1.0,-0.0,0,0
327,0.0,0.021782178217821784,0.068367035650028,1.0,-0.0,0,0
328,0.0,0.07524752475247526,0.11553229422427584,1.0,-0.0,0,0
329,0.0,0.07920792079207921,0.11966689053257921,1.0,-0.0,0,0
330,0.0,0.1069306930693069,0.1422989641443302,1.0,-0.0,0,0
331,0.0,0.10099009900990097,0.1396566153069739,1.0,-0.0,0,0
332,0.0,0.10099009900990097,0.1396566153069739,1.0,-0.0,0,0
333,0.0,0.04752475247524753,0.09397077637785879,1.0,-0.0,0,0
334,0.0,0.14059405940594058,0.13363035896081574,1.0,-0.0,0,0
335,0.0,0.09504950495049502,0.11805036483793174,1.0,-0.0,0,0
336,0.0,0.19999999999999996,0.19498667128857303,1.0,-0.0,0,0
337,0.0,0.297029702970297,0.24147051376663706,1.0,-0.0,0,56
338,0.0,0.297029702970297,0.24147051376663706,1.0,-0.0,0,0
339,0.0,0.4712871287128713,0.31913764796586047,1.0,-0.0,0,0
340,0.0,0.48910891089108915,0.32270545381290977,1.0,-0.0,0,0
341,0.0,0.42772277227722766,0.28007029240771714,1.0,-0.0,0,0
342,0.0,0.34257425742574255,0.25537645853708524,1.0,-0.0,0,0
343,0.0,0.34257425742574255,0.25537645853708524,1.0,-0.0,0,0
344,0.0,0.08316831683168316,0.12670172889541695,1.0,-0.0,0,0
345,0.0,0.06534653465346535,0.12302752132284413,1.0,-0.0,0,0
346,0.2,0.03564356435643565,0.08626938974571076,0.028380055950301422,1.5469867526811094,0,0
347,0.2,0.023762376237623766,0.07056843438101175,0.00625538335613176,2.203746069767374,0,0
348,0.2,0.04554455445544555,0.09700949476369024,0.05567344326657026,1.2543519178087958,0,0
349,0.2,0.04356435643564357,0.09587103712404123,0.05136819286808966,1.2893057124773695,0,0
350,0.4,0.07326732673267328,0.13117223890438964,0.006371580749062655,2.195752808570668,0,0
351,0.2,0.061386138613861385,0.12505072003047085,0.13383136035817578,0.8734421075348988,0,0
352,0.2,0.061386138613861385,0.12505072003047085,0.13383136035817578,0.8734421075348988,0,0
353,0.2,0.03960396039603961,0.09757374253271224,0.050104184963067636,1.300125998075642,0,0
354,0.2,0.031683168316831684,0.07826167463512675,0.015750221703151112,1.8027133286186672,0,0
355,0.0,0.0019801980198019802,0.019801980198019802,1.0,-0.0,0,0
356,0.0,0.03564356435643565,0.08154954567118415,1.0,-0.0,0,0
357,0.0,0.04950495049504951,0.09912864166957487,1.0,-0.0,0,0
358,0.0,0.07920792079207921,0.11285391563386142,1.0,-0.0,0,0
359,0.2,0.09108910891089109,0.12435895816322838,0.19057525368436823,0.7199334934461744,0,0
360,0.2,0.10495049504950493,0.1367053908443026,0.2434376750920733,0.6136122082817695,0,0
361,0.2,0.0712871287128713,0.11110305060677654,0.12333004940280475,0.9089310945328979,0,0
362,0.2,0.1069306930693069,0.13948804962658473,0.2523156018373569,0.5980558942213152,0,0
363,0.2,0.08118811881188118,0.1264228887090089,0.17366078882092117,0.7602982306092326,0,0
364,0.0,0.06732673267326733,0.11000352009767247,1.0,-0.0,0,0
365,0.0,0.0712871287128713,0.11801714396634724,1.0,-0.0,0,0
366,0.0,0.0712871287128713,0.11801714396634724,1.0,-0.0,0,0
367,0.0,0.05148514851485149,0.1001126705723924,1.0,-0.0,0,0
368,0.0,0.047524752475247525,0.0939707763778588,1.0,-0.0,0,0
369,0.0,0.047524752475247525,0.0939707763778588,1.0,-0.0,0,0
370,0.0,0.02970297029702971,0.07112192077650682,1.0,-0.0,0,0
371,0.0,0.02970297029702971,0.07112192077650682,1.0,-0.0,0,0
372,0.2,0.009900990099009901,0.04338396495090424,5.885669548817485e-06,5.230204125035219,0,0
373,0.2,0.011881188118811881,0.05501958015623685,0.00031411450971006826,3.502912002024055,0,0
374,0.2,0.011881188118811881,0.05501958015623685,0.00031411450971006826,3.502912002024055,0,0
375,0.2,0.017821782178217824,0.0749865197178673,0.007560258492490241,2.121463355299993,0,0
376,0.4,0.031683168316831684,0.08780118525701135,1.364984712686146e-05,4.864872212530352,0,0
377,0.2,0.021782178217821784,0.06836703565002801,0.0045699030283054085,2.3400930154046975,0,0
378,0.4,0.06534653465346535,0.10189845806153354,0.0005113874169786654,3.291249962277541,0,0
379,0.4,0.07920792079207921,0.10928827506175545,0.0016662149175581589,2.7782689816268777,0,0
380,0.4,0.097029702970297,0.12464241569787099,0.007534513364808576,2.1229447924274174,0,0
381,0.2,0.10495049504950493,0.1337769960717191,0.2386948661603236,0.6221569216812192,0,0
382,0.2,0.1069306930693069,0.13661931335176505,0.24786267822600472,0.6057888619402984,0,0
383,0.0,0.061386138613861385,0.11166631429601336,1.0,-0.0,0,0
384,0.0,0.04752475247524753,0.10205226714237721,1.0,-0.0,0,0
385,0.0,0.023762376237623766,0.07056843438101175,1.0,-0.0,0,0
386,0.0,0.01386138613861386,0.05079507064705211,1.0,-0.0,0,0
387,0.0,0.011881188118811881,0.047276579747775535,1.0,-0.0,0,0
388,0.0,0.01782178217821782,0.05698017651460657,1.0,-0.0,0,0
389,0.2,0.11485148514851484,0.14984225277142665,0.2849311291521976,0.5452601008465133,0,0
390,0.2,0.1207920792079208,0.1618683193480064,0.31230208329752296,0.505425118678541,0,0
391,0.4,0.1188118811881188,0.15714839508139802,0.036781979030029346,1.4343649075422338,0,0
392,0.6,0.17227722772277224,0.1846156359731749,0.010256537154411185,1.9889992423993745,0,0
393,0.6,0.18019801980198016,0.18563234289517566,0.011865083233524655,1.9257292108614186,0,0
394,0.6,0.08910891089108909,0.12097048989545554,1.2039132539669062e-05,4.919404804341244,0,0
395,0.6,0.08316831683168316,0.11694909354640316,4.951338789875803e-06,5.305277356532642,0,0
396,0.4,0.08514851485148514,0.1172170185104851,0.0036150476358329303,2.441885975591282,0,0
397,0.2,0.039603960396039604,0.08452453849668534,0.028872622852877186,1.5395137620565469,0,0
398,0.4,0.07722772277227724,0.11593886073904515,0.002684759588187431,2.5710945979339663,0,0
399,0.2,0.09108910891089109,0.13357165904190144,0.20742906007312073,0.6831304005732743,0,0
400,0.2,0.09108910891089109,0.13357165904190144,0.20742906007312073,0.6831304005732743,0,0
401,0.2,0.0930693069306931,0.14776046024695152,0.2346323473338563,0.6296121145556178,0,0
402,0.4,0.25346534653465347,0.23528552548362944,0.2667096157736337,0.5739613262593302,0,0
403,0.2,0.20198019801980197,0.20584537021649227,1.0,-0.0,0,0
404,0.2,0.18019801980198016,0.18985132378941597,0.45846462089071444,0.33869417263249585,0,0
405,0.4,0.2138613861386138,0.2166485052927976,0.19512245250074117,0.709692753997908,0,0
406,0.4,0.20990099009900987,0.21318190554196867,0.18627096074945798,0.729854845421942,0,0
407,0.2,0.04950495049504951,0.09912864166957489,0.06448460512601864,1.190543955238279,0,0
408,0.2,0.04950495049504951,0.09912864166957489,0.06448460512601864,1.190543955238279,0,0
409,0.2,0.04950495049504951,0.09912864166957489,0.06448460512601864,1.190543955238279,0,0
410,0.0,0.015841584158415842,0.05401260078014202,1.0,-0.0,0,0
411,0.0,0.0059405940594059415,0.03395332316729158,1.0,-0.0,0,0
412,0.0,0.0,0.0,1.0,-0.0,0,0
413,0.0,0.0,0.0,1.0,-0.0,0,0
414,0.0,0.0,0.0,1.0,-0.0,0,0
415,0.0,0.007920792079207921,0.03900537743285587,1.0,-0.0,0,0
416,0.0,0.03564356435643564,0.07653920035678292,1.0,-0.0,0,0
417,0.0,0.03564356435643564,0.07653920035678292,1.0,-0.0,0,0
418,0.0,0.03564356435643564,0.07653920035678292,1.0,-0.0,0,0
419,0.0,0.03564356435643564,0.07653920035678292,1.0,-0.0,0,0
420,0.0,0.03564356435643565,0.07653920035678292,1.0,-0.0,0,0
421,0.0,0.007920792079207921,0.03900537743285587,1.0,-0.0,0,0
422,0.0,0.007920792079207921,0.03900537743285587,1.0,-0.0,0,0
423,0.2,0.027722772277227727,0.07461957893630405,0.010478998804251368,1.9796802091996202,0,0
424,0.2,0.03762376237623763,0.08771182015980238,0.03206701867154286,1.4939414153345645,0,0
425,0.2,0.0297029702970297,0.07112192077650681,0.008322928729312118,2.079723824290396,0,0
426,0.2,0.04554455445544555,0.08846854615322249,0.040415922396446834,1.3934475050229045,0,0
427,0.2,0.05544554455445545,0.09797478714338996,0.07004915208881982,1.1545971172715026,0,0
428,0.0,0.03564356435643565,0.08154954567118415,1.0,-0.0,0,0
429,0.0,0.025742574257425748,0.07264925278354116,1.0,-0.0,0,0
430,0.0,0.025742574257425748,0.07264925278354116,1.0,-0.0,0,0
431,0.0,0.025742574257425745,0.0669763743575753,1.0,-0.0,0,0
432,0.0,0.015841584158415842,0.05401260078014202,1.0,-0.0,0,0
433,0.0,0.015841584158415842,0.05401260078014202,1.0,-0.0,0,0
434,0.0,0.015841584158415842,0.05401260078014202,1.0,-0.0,0,0
435,0.0,0.015841584158415842,0.05401260078014202,1.0,-0.0,0,0
436,0.2,0.033663366336633666,0.07482947971362847,0.013112090674369026,1.8823280561396656,0,0
437,0.2,0.033663366336633666,0.07482947971362847,0.013112090674369026,1.8823280561396656,0,0
438,0.2,0.033663366336633666,0.07482947971362847,0.013112090674369026,1.8823280561396656,0,0
439,0.2,0.0594059405940594,0.09968089464279778,0.07920469585235763,1.1012490693914339,0,0
440,0.2,0.0594059405940594,0.09968089464279778,0.07920469585235763,1.1012490693914339,0,0
441,0.0,0.025742574257425748,0.06697637435757531,1.0,-0.0,0,0
442,0.0,0.025742574257425748,0.06697637435757531,1.0,-0.0,0,0
443,0.0,0.025742574257425748,0.06697637435757531,1.0,-0.0,0,0
444,0.0,0.07326732673267328,0.12811743461086583,1.0,-0.0,0,0
445,0.0,0.07326732673267328,0.12811743461086583,1.0,-0.0,0,0
446,0.0,0.07326732673267328,0.12811743461086583,1.0,-0.0,0,0
447,0.0,0.07326732673267328,0.12811743461086583,1.0,-0.0,0,0
448,0.0,0.20594059405940596,0.21146438137366325,1.0,-0.0,0,0
449,0.0,0.14554455445544554,0.17321922953369534,1.0,-0.0,0,0
450,0.0,0.14554455445544554,0.17321922953369534,1.0,-0.0,0,0
451,0.0,0.15445544554455443,0.17091758912506996,1.0,-0.0,0,0
452,0.0,0.15445544554455443,0.17091758912506996,1.0,-0.0,0,0
453,0.0,0.021782178217821784,0.06230547612891991,1.0,-0.0,0,0
454,0.0,0.007920792079207921,0.03900537743285587,1.0,-0.0,0,0
455,0.0,0.007920792079207921,0.03900537743285587,1.0,-0.0,0,0
456,0.0,0.0,0.0,1.0,-0.0,0,0
457,0.0,0.0,0.0,1.0,-0.0,0,0
458,0.0,0.033663366336633666,0.07994704648786674,1.0,-0.0,0,0
459,0.0,0.041584158415841586,0.09039772047931348,1.0,-0.0,0,0
460,0.0,0.057425742574257435,0.09885135821266286,1.0,-0.0,0,0
461,0.0,0.057425742574257435,0.09885135821266286,1.0,-0.0,0,0
462,0.0,0.057425742574257435,0.09885135821266286,1.0,-0.0,0,0
463,0.0,0.0297029702970297,0.07112192077650681,1.0,-0.0,0,0
464,0.0,0.021782178217821784,0.06230547612891991,1.0,-0.0,0,0
465,0.0,0.0059405940594059415,0.033953323167291584,1.0,-0.0,0,0
466,0.0,0.023762376237623766,0.06471340450838887,1.0,-0.0,0,0
467,0.0,0.023762376237623766,0.06471340450838887,1.0,-0.0,0,0
468,0.0,0.017821782178217824,0.05698017651460656,1.0,-0.0,0,0
469,0.0,0.017821782178217824,0.05698017651460656,1.0,-0.0,0,0
470,0.0,0.017821782178217824,0.05698017651460656,1.0,-0.0,0,0
471,0.0,0.0,0.0,1.0,-0.0,0,0
472,0.0,0.12277227722772274,0.15148191286261609,1.0,-0.0,0,0
473,0.0,0.12277227722772274,0.15148191286261609,1.0,-0.0,0,0
474,0.0,0.1445544554455445,0.15699861103298857,1.0,-0.0,0,0
475,0.0,0.15445544554455443,0.17549068547409524,1.0,-0.0,0,0
476,0.0,0.15445544554455443,0.17549068547409524,1.0,-0.0,0,0
477,0.0,0.12475247524752472,0.13156027914354926,1.0,-0.0,0,0
478,0.0,0.12475247524752472,0.13156027914354926,1.0,-0.0,0,0
479,0.0,0.10297029702970295,0.127780323207142,1.0,-0.0,0,0
480,0.8,0.19999999999999998,0.17349066228760007,0.00027169759662591685,3.565914203233632,0,0
481,0.8,0.22178217821782176,0.18433931283543808,0.0008542932395439745,3.0683930304161136,0,0
482,0.8,0.12673267326732673,0.15599637537608815,7.947103686319144e-06,5.099791120681044,0,0
483,0.8,0.12673267326732673,0.15599637537608815,7.947103686319144e-06,5.099791120681044,0,0
484,0.8,0.13465346534653466,0.1619409766357297,1.990545649550039e-05,4.701027858210327,0,0
485,0.0,0.02970297029702971,0.07112192077650681,1.0,-0.0,0,0
486,0.0,0.007920792079207921,0.03900537743285587,1.0,-0.0,0,0
487,0.0,0.017821782178217824,0.05698017651460656,1.0,-0.0,0,0
488,0.0,0.03168316831683169,0.07826167463512675,1.0,-0.0,0,0
489,0.0,0.023762376237623766,0.07056843438101174,1.0,-0.0,0,0
490,0.0,0.023762376237623766,0.07056843438101174,1.0,-0.0,0,0
491,0.0,0.09504950495049505,0.14513649268759363,1.0,-0.0,0,0
492,0.2,0.22574257425742575,0.20616895183873857,1.0,-0.0,0,0
493,0.2,0.21188118811881188,0.1986524547165854,1.0,-0.0,0,0
494,0.4,0.22376237623762374,0.20926486833462027,0.19984502498549228,0.6993066587535962,0,0
495,0.4,0.22376237623762374,0.20926486833462027,0.19984502498549228,0.6993066587535962,0,0
496,0.4,0.15247524752475247,0.16921136785416444,0.07175914494497557,1.1441227448230953,0,0
497,0.2,0.023762376237623766,0.06471340450838887,0.003231121245907738,2.4906467450338194,0,0
498,0.2,0.0712871287128713,0.1213265242141813,0.1443722417000341,0.8405163000860171,0,0
499,0.0,0.08316831683168316,0.13280619910579972,1.0,-0.0,0,0
500,0.0,0.08316831683168316,0.13280619910579972,1.0,-0.0,0,0
501,0.0,0.08316831683168316,0.13280619910579972,1.0,-0.0,0,0
502,0.0,0.1584158415841584,0.15749733722889644,1.0,-0.0,0,0
503,0.0,0.12079207920792079,0.14094225464771679,1.0,-0.0,0,0
504,0.0,0.18217821782178217,0.18900261384538627,1.0,-0.0,0,0
505,0.0,0.19207920792079206,0.19482572477225887,1.0,-0.0,0,0
506,0.0,0.26534653465346536,0.20702305011778419,1.0,-0.0,0,0
507,0.0,0.18019801980198016,0.1676983394830901,1.0,-0.0,0,0
508,0.0,0.16831683168316827,0.16586448785245092,1.0,-0.0,0,0
509,0.0,0.09900990099009901,0.1367914141716479,1.0,-0.0,0,0
510,0.0,0.10297029702970298,0.1396285351588451,1.0,-0.0,0,0
511,0.0,0.0297029702970297,0.07112192077650681,1.0,-0.0,0,0
512,0.0,0.0297029702970297,0.07112192077650681,1.0,-0.0,0,0
513,0.0,0.0297029702970297,0.07112192077650681,1.0,-0.0,0,0
514,0.0,0.033663366336633666,0.08475617647141663,1.0,-0.0,0,0
515,0.0,0.023762376237623766,0.07056843438101175,1.0,-0.0,0,0
516,0.0,0.04554455445544555,0.09283729243351321,1.0,-0.0,0,0
517,0.0,0.07722772277227724,0.11930590361498672,1.0,-0.0,0,0
518,0.0,0.08118811881188118,0.11999411807954947,1.0,-0.0,0,0
519,0.0,0.08514851485148514,0.130031327995105,1.0,-0.0,0,0
520,0.0,0.08118811881188118,0.1264228887090089,1.0,-0.0,0,0
521,0.0,0.14059405940594058,0.15297590428378585,1.0,-0.0,0,0
522,0.0,0.10693069306930691,0.13948804962658473,1.0,-0.0,0,0
523,0.0,0.11881188118811879,0.15964866828313962,1.0,-0.0,0,0
524,0.0,0.09504950495049505,0.1423816080178024,1.0,-0.0,0,0
525,0.0,0.09504950495049505,0.1423816080178024,1.0,-0.0,0,0
526,0.0,0.04950495049504951,0.1068206254198905,1.0,-0.0,0,0
527,0.0,0.10297029702970295,0.1396285351588451,1.0,-0.0,0,0
528,0.0,0.08712871287128712,0.11745095149573798,1.0,-0.0,0,0
529,0.0,0.09108910891089109,0.12113245340338318,1.0,-0.0,0,0
530,0.0,0.11386138613861384,0.12667077696411466,1.0,-0.0,0,0
531,0.0,0.09306930693069305,0.11795067415315191,1.0,-0.0,0,0
532,0.0,0.10495049504950493,0.13377699607171908,1.0,-0.0,0,0
533,0.0,0.10495049504950493,0.13377699607171908,1.0,-0.0,0,0
534,0.0,0.10099009900990098,0.12781100644043505,1.0,-0.0,0,0
535,0.0,0.1524752475247525,0.1715359035858037,1.0,-0.0,0,0
536,0.0,0.15841584158415842,0.18307998940714804,1.0,-0.0,0,0
537,0.0,0.15643564356435644,0.17486393102381254,1.0,-0.0,0,0
538,0.0,0.15643564356435644,0.17486393102381254,1.0,-0.0,0,0
539,0.0,0.15643564356435644,0.17486393102381254,1.0,-0.0,0,0
540,0.0,0.08316831683168317,0.12353642740976017,1.0,-0.0,0,0
541,0.0,0.0712871287128713,0.11801714396634724,1.0,-0.0,0,0
542,0.0,0.007920792079207921,0.03900537743285587,1.0,-0.0,0,0
543,0.0,0.007920792079207921,0.03900537743285587,1.0,-0.0,0,0
544,0.2,0.29504950495049503,0.2446967157478308,1.0,-0.0,0,0
545,0.2,0.30297029702970296,0.2463417273676671,1.0,-0.0,0,0
546,0.4,0.3009900990099009,0.24796001334651127,0.3448368744121971,0.46238629998920605,0,0
547,0.4,0.3009900990099009,0.24796001334651127,0.3448368744121971,0.46238629998920605,0,0
548,0.4,0.3009900990099009,0.24796001334651127,0.3448368744121971,0.46238629998920605,0,0
549,0.2,0.013861386138613863,0.05079507064705211,0.00012391038159364294,3.90689230556944,0,0
550,0.2,0.0059405940594059415,0.033953323167291584,5.469865928325272e-09,8.262023318511561,0,0
551,0.0,0.0,0.0,1.0,-0.0,0,32
552,0.0,0.0,0.0,1.0,-0.0,0,0
553,0.0,0.0,0.0,1.0,-0.0,0,0
554,0.0,0.0,0.0,1.0,-0.0,0,0
555,0.0,0.017821782178217824,0.05698017651460656,1.0,-0.0,0,0
556,0.0,0.017821782178217824,0.05698017651460656,1.0,-0.0,0,0
557,0.0,0.021782178217821784,0.06230547612891991,1.0,-0.0,0,0
558,0.0,0.047524752475247525,0.09397077637785882,1.0,-0.0,0,0
559,0.0,0.047524752475247525,0.09397077637785882,1.0,-0.0,0,0
560,0.0,0.06336633663366337,0.09721138779115704,1.0,-0.0,0,0
561,0.0,0.07722772277227724,0.11593886073904515,1.0,-0.0,0,0
562,0.2,0.10099009900990098,0.13679141417164786,0.23459364655241438,0.6296837539621412,0,0
563,0.2,0.10099009900990098,0.14791959918402453,0.2516362976712556,0.5992267132214628,0,0
564,0.2,0.13267326732673265,0.1623520870714426,0.3391822945668309,0.46956682614591194,0,0
565,0.2,0.10099009900990098,0.14521752172118105,0.24768141725313636,0.6061065759218801,0,0
566,0.2,0.08712871287128712,0.13024224675172555,0.19307354504257346,0.7142772292196833,0,0
567,0.2,0.10099009900990098,0.1367914141716479,0.23459364655241438,0.6296837539621412,0,0
568,0.2,0.07524752475247524,0.10845991237726064,0.12502717670865515,0.9029955756978829,0,0
