,foreground,bg_means,bg_stdev,pvals,minus_logs,regs,active
2,0.0,0.03564356435643565,0.09074407316744237,1.0,-0.0,0,0
3,0.0,0.025742574257425745,0.07791016068477624,1.0,-0.0,0,0
4,0.0,0.0059405940594059415,0.033953323167291584,1.0,-0.0,0,0
5,0.0,0.013861386138613863,0.05079507064705211,1.0,-0.0,0,0
6,0.0,0.017821782178217824,0.05698017651460656,1.0,-0.0,0,0
7,0.0,0.033663366336633666,0.07482947971362845,1.0,-0.0,0,0
8,0.0,0.033663366336633666,0.07482947971362845,1.0,-0.0,0,0
9,0.0,0.033663366336633666,0.07482947971362845,1.0,-0.0,0,0
10,0.0,0.019801980198019802,0.0597350618970232,1.0,-0.0,0,0
11,0.0,0.015841584158415842,0.05401260078014202,1.0,-0.0,0,0
12,0.0,0.0,0.0,1.0,-0.0,0,0
13,0.0,0.0,0.0,1.0,-0.0,0,0
14,0.0,0.0,0.0,1.0,-0.0,0,0
15,0.0,0.0,0.0,1.0,-0.0,0,0
16,0.0,0.0,0.0,1.0,-0.0,0,0
17,0.0,0.0,0.0,1.0,-0.0,0,0
18,0.0,0.0,0.0,1.0,-0.0,0,0
19,0.0,0.0,0.0,1.0,-0.0,0,0
20,0.0,0.0,0.0,1.0,-0.0,0,0
21,0.0,0.0,0.0,1.0,-0.0,0,0
22,0.0,0.0594059405940594,0.1178841668604928,1.0,-0.0,0,0
23,0.0,0.06534653465346535,0.12302752132284413,1.0,-0.0,0,0
24,0.0,0.10099009900990098,0.15318082856090073,1.0,-0.0,0,0
25,0.0,0.10099009900990098,0.15318082856090073,1.0,-0.0,0,0
26,0.0,0.10099009900990098,0.15318082856090073,1.0,-0.0,0,0
27,0.0,0.041584158415841586,0.08590499787518362,1.0,-0.0,0,0
28,0.0,0.049504950495049514,0.09504950495049506,1.0,-0.0,0,0
29,0.0,0.013861386138613863,0.05079507064705211,1.0,-0.0,0,0
30,0.0,0.013861386138613863,0.05079507064705211,1.0,-0.0,0,0
31,0.0,0.05940594059405942,0.10733330877518932,1.0,-0.0,0,0
32,0.0,0.05940594059405942,0.10733330877518932,1.0,-0.0,0,0
33,0.0,0.049504950495049514,0.09504950495049506,1.0,-0.0,0,0
34,0.0,0.05940594059405942,0.10733330877518933,1.0,-0.0,0,0
35,0.0,0.05940594059405942,0.10733330877518933,1.0,-0.0,0,0
36,0.0,0.025742574257425745,0.07264925278354116,1.0,-0.0,0,0
37,0.0,0.025742574257425745,0.07264925278354116,1.0,-0.0,0,0
38,0.0,0.021782178217821784,0.068367035650028,1.0,-0.0,0,0
39,0.0,0.13465346534653466,0.1619409766357297,1.0,-0.0,0,0
40,0.0,0.13465346534653466,0.1619409766357297,1.0,-0.0,0,0
41,0.0,0.12079207920792079,0.1517663861889879,1.0,-0.0,0,0
42,0.0,0.31089108910891083,0.1999509791899301,1.0,-0.0,0,0
43,0.0,0.31089108910891083,0.1999509791899301,1.0,-0.0,0,0
44,0.0,0.19207920792079203,0.16867754011126218,1.0,-0.0,0,0
45,0.0,0.19207920792079203,0.16867754011126218,1.0,-0.0,0,0
46,0.0,0.25148514851485143,0.19223225504176786,1.0,-0.0,0,0
47,0.0,0.06336633663366337,0.11233152161332938,1.0,-0.0,0,0
48,0.0,0.23564356435643566,0.2075716068337213,1.0,-0.0,0,0
49,0.0,0.26732673267326734,0.2015331881329414,1.0,-0.0,0,0
50,0.0,0.26732673267326734,0.2015331881329414,1.0,-0.0,0,0
51,0.0,0.297029702970297,0.21911407831482066,1.0,-0.0,0,0
52,0.0,0.297029702970297,0.21911407831482066,1.0,-0.0,0,0
53,0.0,0.12673267326732673,0.1534365990321625,1.0,-0.0,0,0
54,0.0,0.09108910891089109,0.12750384183766536,1.0,-0.0,0,0
55,0.0,0.09108910891089109,0.12750384183766536,1.0,-0.0,0,0
56,0.0,0.0019801980198019802,0.019801980198019802,1.0,-0.0,0,0
57,0.0,0.0019801980198019802,0.019801980198019802,1.0,-0.0,0,0
58,0.0,0.019801980198019802,0.059735061897023205,1.0,-0.0,0,0
59,0.0,0.019801980198019802,0.059735061897023205,1.0,-0.0,0,0
60,0.0,0.12079207920792079,0.16668986539196007,1.0,-0.0,0,0
61,0.0,0.12079207920792079,0.16668986539196007,1.0,-0.0,0,0
62,0.0,0.15247524752475244,0.17832779885020875,1.0,-0.0,0,0
63,0.0,0.14158415841584154,0.1719240718506791,1.0,-0.0,0,0
64,0.0,0.1485148514851485,0.1749760161138576,1.0,-0.0,0,0
65,0.0,0.04752475247524753,0.09809478080396702,1.0,-0.0,0,0
66,0.0,0.04752475247524753,0.09809478080396702,1.0,-0.0,0,0
67,0.0,0.18415841584158418,0.17951125796479817,1.0,-0.0,0,0
68,0.0,0.27524752475247527,0.22838474598108227,1.0,-0.0,0,0
69,0.0,0.2693069306930693,0.2293954923972211,1.0,-0.0,0,0
70,0.2,0.3782178217821782,0.2909880608608748,1.0,-0.0,0,0
71,0.2,0.4613861386138614,0.32180502584538223,1.0,-0.0,0,0
72,0.2,0.302970297029703,0.23649898814785927,1.0,-0.0,0,0
73,0.2,0.20198019801980194,0.189830668692386,1.0,-0.0,0,0
74,0.2,0.20198019801980194,0.189830668692386,1.0,-0.0,0,0
75,0.0,0.09108910891089109,0.13650445892763635,1.0,-0.0,0,0
76,0.0,0.04356435643564357,0.09164702150816742,1.0,-0.0,0,0
77,0.0,0.03762376237623763,0.08307396817189318,1.0,-0.0,0,0
78,0.0,0.06534653465346535,0.10571364605971598,1.0,-0.0,0,0
79,0.2,0.07722772277227723,0.11247106393000339,0.13750669912875157,0.8616761431153297,0,0
80,0.4,0.09900990099009901,0.1308729634998678,0.010727945415790323,1.9694834448583003,0,0
81,0.6,0.07722772277227724,0.1193059036149867,5.885669548817543e-06,5.230204125035215,0,0
82,0.6,0.07524752475247526,0.11553229422427584,2.785603469279752e-06,5.555080705342154,0,0
83,0.6,0.04752475247524753,0.09397077637785879,2.060970822230585e-09,8.685928156611835,0,0
84,0.4,0.03564356435643565,0.08154954567118415,3.949284449990799e-06,5.403481584771325,0,0
85,0.2,0.01386138613861386,0.05079507064705211,0.00012391038159364294,3.90689230556944,0,0
86,0.0,0.021782178217821784,0.062305476128919915,1.0,-0.0,0,0
87,0.0,0.021782178217821784,0.062305476128919915,1.0,-0.0,0,0
88,0.0,0.021782178217821784,0.062305476128919915,1.0,-0.0,0,0
89,0.0,0.021782178217821784,0.062305476128919915,1.0,-0.0,0,0
90,0.0,0.021782178217821784,0.062305476128919915,1.0,-0.0,0,0
91,0.0,0.0,0.0,1.0,-0.0,0,0
92,0.0,0.0059405940594059415,0.033953323167291584,1.0,-0.0,0,0
93,0.0,0.0059405940594059415,0.033953323167291584,1.0,-0.0,0,0
94,0.0,0.0059405940594059415,0.033953323167291584,1.0,-0.0,0,0
95,0.0,0.0059405940594059415,0.033953323167291584,1.0,-0.0,0,0
96,0.0,0.0059405940594059415,0.033953323167291584,1.0,-0.0,0,0
97,0.0,0.0,0.0,1.0,-0.0,0,0
98,0.0,0.0,0.0,1.0,-0.0,0,0
99,0.0,0.0039603960396039604,0.027863855998951068,1.0,-0.0,0,0
100,0.0,0.0059405940594059415,0.03395332316729158,1.0,-0.0,0,0
101,0.0,0.0059405940594059415,0.03395332316729158,1.0,-0.0,0,0
102,0.0,0.0059405940594059415,0.03395332316729158,1.0,-0.0,0,0
103,0.0,0.007920792079207921,0.03900537743285587,1.0,-0.0,0,0
104,0.0,0.0039603960396039604,0.027863855998951068,1.0,-0.0,0,0
105,0.0,0.0019801980198019802,0.0198019801980198,1.0,-0.0,0,0
106,0.0,0.0019801980198019802,0.0198019801980198,1.0,-0.0,0,0
107,0.0,0.0019801980198019802,0.0198019801980198,1.0,-0.0,0,0
108,0.0,0.0,0.0,1.0,-0.0,0,0
109,0.0,0.0,0.0,1.0,-0.0,0,0
110,0.0,0.0,0.0,1.0,-0.0,0,0
111,0.0,0.0,0.0,1.0,-0.0,0,0
112,0.0,0.0,0.0,1.0,-0.0,0,0
113,0.0,0.0,0.0,1.0,-0.0,0,0
114,0.0,0.009900990099009901,0.04338396495090425,1.0,-0.0,0,0
115,0.0,0.009900990099009901,0.04338396495090425,1.0,-0.0,0,0
116,0.0,0.009900990099009901,0.04338396495090425,1.0,-0.0,0,0
117,0.0,0.009900990099009901,0.04338396495090425,1.0,-0.0,0,0
118,0.0,0.009900990099009901,0.04338396495090425,1.0,-0.0,0,0
119,0.0,0.0,0.0,1.0,-0.0,0,0
120,0.0,0.011881188118811883,0.047276579747775535,1.0,-0.0,0,0
121,0.0,0.023762376237623763,0.07056843438101175,1.0,-0.0,0,0
122,0.0,0.023762376237623763,0.07056843438101175,1.0,-0.0,0,0
123,0.0,0.0297029702970297,0.07648795214189293,1.0,-0.0,0,0
124,0.4,0.04950495049504951,0.09504950495049506,0.00011323404682251737,3.946022971345902,0,0
125,0.4,0.049504950495049514,0.09504950495049506,0.00011323404682251737,3.946022971345902,0,0
126,0.4,0.03762376237623763,0.08307396817189318,6.4412529434457805e-06,5.19102964607219,0,0
127,0.4,0.10495049504950495,0.14513649268759363,0.021030781261714673,1.6771445936308766,0,0
128,0.4,0.13663366336633662,0.1778433910441006,0.06931806604260422,1.1591535625008458,0,0
129,0.0,0.2455445544554455,0.24354020648204344,1.0,-0.0,0,0
130,0.0,0.24158415841584158,0.25842911843287836,1.0,-0.0,0,0
131,0.0,0.24158415841584158,0.25842911843287836,1.0,-0.0,0,0
132,0.0,0.17425742574257425,0.20032323649173037,1.0,-0.0,0,0
133,0.0,0.13465346534653466,0.18478547560060524,1.0,-0.0,0,0
134,0.0,0.007920792079207921,0.03900537743285587,1.0,-0.0,0,0
135,0.0,0.0,0.0,1.0,-0.0,0,0
136,0.0,0.0039603960396039604,0.027863855998951068,1.0,-0.0,0,0
137,0.0,0.047524752475247525,0.09809478080396704,1.0,-0.0,0,0
138,0.0,0.047524752475247525,0.09809478080396704,1.0,-0.0,0,0
139,0.0,0.047524752475247525,0.09809478080396704,1.0,-0.0,0,0
140,0.0,0.05148514851485149,0.10399339410297728,1.0,-0.0,0,0
141,0.0,0.06930693069306931,0.11751770396006173,1.0,-0.0,0,0
142,0.0,0.025742574257425748,0.0669763743575753,1.0,-0.0,0,0
143,0.0,0.025742574257425748,0.0669763743575753,1.0,-0.0,0,0
144,0.0,0.05742574257425742,0.09885135821266286,1.0,-0.0,0,0
145,0.0,0.05346534653465347,0.09704990696905226,1.0,-0.0,0,0
146,0.0,0.05148514851485149,0.09186070102766893,1.0,-0.0,0,0
147,0.0,0.05148514851485149,0.09186070102766893,1.0,-0.0,0,0
148,0.0,0.22574257425742572,0.1943017278738389,1.0,-0.0,0,0
149,0.0,0.194059405940594,0.18974802582007907,1.0,-0.0,0,0
150,0.0,0.194059405940594,0.18974802582007907,1.0,-0.0,0,0
151,0.0,0.17425742574257425,0.17946756531282693,1.0,-0.0,0,0
152,0.0,0.17425742574257425,0.17946756531282693,1.0,-0.0,0,0
153,0.0,0.0,0.0,1.0,-0.0,0,0
154,0.0,0.0,0.0,1.0,-0.0,0,0
155,0.0,0.0,0.0,1.0,-0.0,0,0
156,0.0,0.0,0.0,1.0,-0.0,0,0
157,0.0,0.04356435643564357,0.09164702150816742,1.0,-0.0,0,0
158,0.0,0.06732673267326733,0.11698261772468857,1.0,-0.0,0,0
159,0.0,0.06732673267326733,0.11698261772468857,1.0,-0.0,0,0
160,0.0,0.06732673267326733,0.11698261772468857,1.0,-0.0,0,0
161,0.0,0.07326732673267328,0.12177815335858849,1.0,-0.0,0,0
162,0.0,0.031683168316831684,0.07826167463512675,1.0,-0.0,0,0
163,0.0,0.025742574257425745,0.06697637435757531,1.0,-0.0,0,0
164,0.0,0.08514851485148513,0.13304219431477882,1.0,-0.0,0,0
165,0.0,0.1089108910891089,0.14765427233510695,1.0,-0.0,0,0
166,0.0,0.10693069306930691,0.15041686348382532,1.0,-0.0,0,0
167,0.0,0.12277227722772276,0.15913204437912432,1.0,-0.0,0,0
168,0.0,0.2059405940594059,0.19387746573147427,1.0,-0.0,0,0
169,0.0,0.14653465346534653,0.15893479355105836,1.0,-0.0,0,0
170,0.0,0.12079207920792079,0.15689867556071532,1.0,-0.0,0,0
171,0.0,0.11683168316831682,0.15737280385192495,1.0,-0.0,0,0
172,0.0,0.1188118811881188,0.1596486682831396,1.0,-0.0,0,0
173,0.0,0.019801980198019802,0.0597350618970232,1.0,-0.0,0,0
174,0.0,0.05544554455445545,0.09797478714338996,1.0,-0.0,0,0
175,0.0,0.057425742574257435,0.09885135821266286,1.0,-0.0,0,0
176,0.0,0.0594059405940594,0.09968089464279778,1.0,-0.0,0,0
177,0.0,0.039603960396039604,0.07970143286137865,1.0,-0.0,0,0
178,0.0,0.05148514851485149,0.09186070102766894,1.0,-0.0,0,0
179,0.0,0.025742574257425748,0.07264925278354116,1.0,-0.0,0,0
180,0.0,0.05148514851485149,0.10399339410297728,1.0,-0.0,0,0
181,0.0,0.049504950495049514,0.10304643034659552,1.0,-0.0,0,0
182,0.0,0.08316831683168316,0.12353642740976015,1.0,-0.0,0,0
183,0.0,0.09306930693069307,0.13948804962658473,1.0,-0.0,0,0
184,0.0,0.08316831683168317,0.13280619910579972,1.0,-0.0,0,0
185,0.0,0.06732673267326733,0.1135467024699521,1.0,-0.0,0,0
186,0.0,0.06732673267326733,0.1135467024699521,1.0,-0.0,0,0
187,0.0,0.033663366336633666,0.07482947971362847,1.0,-0.0,0,0
188,0.0,0.021782178217821784,0.06230547612891991,1.0,-0.0,0,0
189,0.0,0.021782178217821784,0.06230547612891991,1.0,-0.0,0,0
190,0.0,0.009900990099009901,0.04338396495090424,1.0,-0.0,0,0
191,0.0,0.009900990099009901,0.04338396495090424,1.0,-0.0,0,0
192,0.0,0.009900990099009901,0.04338396495090424,1.0,-0.0,0,0
193,0.0,0.0,0.0,1.0,-0.0,0,0
194,0.0,0.019801980198019802,0.059735061897023205,1.0,-0.0,0,0
195,0.0,0.033663366336633666,0.07994704648786674,1.0,-0.0,0,0
196,0.0,0.06534653465346535,0.10939585993610405,1.0,-0.0,0,0
197,0.0,0.06534653465346535,0.10939585993610405,1.0,-0.0,0,0
198,0.0,0.06534653465346535,0.10939585993610405,1.0,-0.0,0,0
199,0.0,0.04554455445544554,0.08846854615322249,1.0,-0.0,0,0
200,0.0,0.03762376237623763,0.08307396817189318,1.0,-0.0,0,0
201,0.0,0.0059405940594059415,0.033953323167291584,1.0,-0.0,0,0
202,0.0,0.0059405940594059415,0.033953323167291584,1.0,-0.0,0,0
203,0.0,0.0059405940594059415,0.033953323167291584,1.0,-0.0,0,0
204,0.0,0.0059405940594059415,0.033953323167291584,1.0,-0.0,0,0
205,0.0,0.015841584158415842,0.05401260078014202,1.0,-0.0,0,0
206,0.0,0.015841584158415842,0.05401260078014202,1.0,-0.0,0,0
207,0.0,0.015841584158415842,0.05401260078014202,1.0,-0.0,0,0
208,0.0,0.015841584158415842,0.05401260078014202,1.0,-0.0,0,0
209,0.0,0.015841584158415842,0.05401260078014202,1.0,-0.0,0,0
210,0.0,0.0,0.0,1.0,-0.0,0,0
211,0.0,0.0019801980198019802,0.0198019801980198,1.0,-0.0,0,0
212,0.0,0.0059405940594059415,0.03395332316729158,1.0,-0.0,0,0
213,0.0,0.0059405940594059415,0.03395332316729158,1.0,-0.0,0,0
214,0.0,0.0059405940594059415,0.03395332316729158,1.0,-0.0,0,0
215,0.0,0.0059405940594059415,0.03395332316729158,1.0,-0.0,0,0
216,0.0,0.0039603960396039604,0.02786385599895107,1.0,-0.0,0,0
217,0.0,0.0,0.0,1.0,-0.0,0,0
218,0.0,0.0019801980198019802,0.0198019801980198,1.0,-0.0,0,0
219,0.0,0.0039603960396039604,0.027863855998951068,1.0,-0.0,0,0
220,0.0,0.0039603960396039604,0.027863855998951068,1.0,-0.0,0,0
221,0.0,0.0039603960396039604,0.027863855998951068,1.0,-0.0,0,0
222,0.0,0.0039603960396039604,0.027863855998951068,1.0,-0.0,0,0
223,0.0,0.0019801980198019802,0.019801980198019802,1.0,-0.0,0,0
224,0.0,0.0,0.0,1.0,-0.0,0,0
225,0.0,0.0,0.0,1.0,-0.0,0,0
226,0.0,0.0,0.0,1.0,-0.0,0,0
227,0.0,0.0,0.0,1.0,-0.0,0,0
228,0.0,0.0,0.0,1.0,-0.0,0,0
229,0.0,0.0,0.0,1.0,-0.0,0,0
230,0.0,0.0,0.0,1.0,-0.0,0,0
231,0.0,0.0,0.0,1.0,-0.0,0,0
232,0.0,0.0019801980198019802,0.019801980198019802,1.0,-0.0,0,0
233,0.0,0.0019801980198019802,0.019801980198019802,1.0,-0.0,0,0
234,0.0,0.015841584158415842,0.054012600780142014,1.0,-0.0,0,0
235,0.0,0.015841584158415842,0.054012600780142014,1.0,-0.0,0,0
236,0.0,0.015841584158415842,0.054012600780142014,1.0,-0.0,0,0
237,0.0,0.08712871287128712,0.14188502271424047,1.0,-0.0,0,0
238,0.0,0.08712871287128712,0.14188502271424047,1.0,-0.0,0,0
239,0.0,0.07326732673267328,0.13415750246300454,1.0,-0.0,0,0
240,0.0,0.1801980198019802,0.21155707606157345,1.0,-0.0,0,0
241,0.0,0.201980198019802,0.21153854037344386,1.0,-0.0,0,0
242,0.0,0.1287128712871287,0.14510947295494067,1.0,-0.0,0,0
243,0.0,0.1287128712871287,0.14510947295494067,1.0,-0.0,0,0
244,0.0,0.1287128712871287,0.14510947295494067,1.0,-0.0,0,0
245,0.0,0.04554455445544556,0.09283729243351321,1.0,-0.0,0,0
246,0.0,0.07524752475247526,0.12219602867755655,1.0,-0.0,0,0
247,0.0,0.07524752475247526,0.12219602867755655,1.0,-0.0,0,0
248,0.0,0.07524752475247526,0.12219602867755655,1.0,-0.0,0,0
249,0.0,0.19009900990099005,0.19574936009912708,1.0,-0.0,0,0
250,0.0,0.16633663366336632,0.18254375725135072,1.0,-0.0,0,0
251,0.0,0.11683168316831682,0.1598695674609062,1.0,-0.0,0,0
252,0.0,0.12079207920792079,0.1618683193480064,1.0,-0.0,0,0
253,0.0,0.15148514851485148,0.19325961679151618,1.0,-0.0,0,0
254,0.2,0.05940594059405942,0.10357779667819421,0.08733081746926054,1.0588324745635311,0,0
255,0.2,0.05940594059405942,0.10357779667819421,0.08733081746926054,1.0588324745635311,0,0
256,0.2,0.061386138613861385,0.1080614942545921,0.09979311443423107,1.000899423305625,0,0
257,0.2,0.05742574257425742,0.10277971700879983,0.08269301175340939,1.0825311903890302,0,0
258,0.2,0.04356435643564357,0.08721867542790195,0.036438310127516485,1.438441772185106,0,0
259,0.0,0.17029702970297028,0.1916807135101792,1.0,-0.0,0,0
260,0.0,0.1782178217821782,0.19274153441415962,1.0,-0.0,0,0
261,0.0,0.1722772277227723,0.18245781385805057,1.0,-0.0,0,0
262,0.0,0.1722772277227723,0.18245781385805057,1.0,-0.0,0,0
263,0.0,0.18415841584158418,0.19229343978313213,1.0,-0.0,0,0
264,0.0,0.03564356435643565,0.08626938974571075,1.0,-0.0,0,0
265,0.0,0.02772277227722772,0.07461957893630405,1.0,-0.0,0,0
266,0.0,0.02772277227722772,0.07461957893630405,1.0,-0.0,0,0
267,0.0,0.03762376237623763,0.08771182015980238,1.0,-0.0,0,0
268,0.0,0.009900990099009901,0.04338396495090424,1.0,-0.0,0,0
269,0.0,0.009900990099009901,0.04338396495090424,1.0,-0.0,0,0
270,0.0,0.13465346534653463,0.14380655568606182,1.0,-0.0,0,0
271,0.0,0.22772277227722773,0.2030065169325038,1.0,-0.0,0,0
272,0.0,0.2178217821782178,0.201182661499228,1.0,-0.0,0,0
273,0.0,0.22178217821782176,0.19881030333482985,1.0,-0.0,0,0
274,0.0,0.24158415841584158,0.20356589743994286,1.0,-0.0,0,0
275,0.0,0.11683168316831682,0.14696218071508493,1.0,-0.0,0,0
276,0.0,0.023762376237623766,0.07056843438101175,1.0,-0.0,0,0
277,0.0,0.031683168316831684,0.08316831683168316,1.0,-0.0,0,0
278,0.0,0.02772277227722772,0.07461957893630407,1.0,-0.0,0,0
279,0.0,0.007920792079207921,0.03900537743285587,1.0,-0.0,0,0
280,0.0,0.007920792079207921,0.03900537743285587,1.0,-0.0,0,0
281,0.0,0.007920792079207921,0.03900537743285587,1.0,-0.0,0,0
282,0.0,0.0,0.0,1.0,-0.0,0,0
283,0.0,0.0,0.0,1.0,-0.0,0,0
284,0.0,0.0,0.0,1.0,-0.0,0,0
285,0.0,0.051485148514851496,0.10399339410297728,1.0,-0.0,0,0
286,0.0,0.07920792079207921,0.11631029826208643,1.0,-0.0,0,0
287,0.0,0.07920792079207921,0.11631029826208643,1.0,-0.0,0,0
288,0.0,0.2396039603960396,0.18672752846140644,1.0,-0.0,0,0
289,0.0,0.2396039603960396,0.18672752846140644,1.0,-0.0,0,0
290,0.0,0.28316831683168314,0.22029202352749913,1.0,-0.0,0,0
291,0.0,0.2554455445544554,0.2218175360782645,1.0,-0.0,0,0
292,0.0,0.2554455445544554,0.2218175360782645,1.0,-0.0,0,0
293,0.0,0.20792079207920788,0.1865174152763028,1.0,-0.0,0,0
294,0.0,0.20792079207920788,0.1865174152763028,1.0,-0.0,0,0
295,0.0,0.1108910891089109,0.14481192315867106,1.0,-0.0,0,0
296,0.0,0.1108910891089109,0.14481192315867106,1.0,-0.0,0,0
297,0.0,0.19801980198019803,0.18983066869238602,1.0,-0.0,0,0
298,0.0,0.12079207920792079,0.1568986755607153,1.0,-0.0,0,0
299,0.0,0.12475247524752472,0.1588360762784592,1.0,-0.0,0,0
300,0.0,0.12475247524752472,0.1588360762784592,1.0,-0.0,0,0
301,0.0,0.12475247524752472,0.1588360762784592,1.0,-0.0,0,0
302,0.0,0.039603960396039604,0.09757374253271224,1.0,-0.0,0,0
303,0.0,0.0039603960396039604,0.02786385599895107,1.0,-0.0,0,0
304,0.0,0.0019801980198019802,0.019801980198019802,1.0,-0.0,0,0
305,0.0,0.0019801980198019802,0.019801980198019802,1.0,-0.0,0,0
306,0.0,0.011881188118811881,0.04727657974777554,1.0,-0.0,0,0
307,0.0,0.013861386138613863,0.05079507064705211,1.0,-0.0,0,0
308,0.0,0.0613861386138614,0.12184253515180327,1.0,-0.0,0,0
309,0.0,0.05940594059405942,0.12119717820276717,1.0,-0.0,0,0
310,0.0,0.05940594059405942,0.12119717820276717,1.0,-0.0,0,0
311,0.0,0.1306930693069307,0.16988206407546308,1.0,-0.0,0,0
312,0.0,0.13663366336633662,0.1733323781704483,1.0,-0.0,0,0
313,0.0,0.22574257425742572,0.23490190299147592,1.0,-0.0,0,0
314,0.0,0.22574257425742572,0.23490190299147592,1.0,-0.0,0,0
315,0.2,0.45940594059405954,0.3203272515467911,1.0,-0.0,0,0
316,0.2,0.37821782178217833,0.29369748037634535,1.0,-0.0,0,0
317,0.2,0.3881188118811881,0.2976099942139278,1.0,-0.0,0,0
318,0.2,0.38811881188118813,0.24181128748473268,1.0,-0.0,0,0
319,0.2,0.38811881188118813,0.24181128748473268,1.0,-0.0,0,0
320,0.0,0.21188118811881188,0.18200594523684843,1.0,-0.0,0,0
321,0.0,0.21782178217821782,0.1868954489346046,1.0,-0.0,0,0
322,0.0,0.19999999999999996,0.18455190581674866,1.0,-0.0,0,0
323,0.0,0.06336633663366337,0.09721138779115705,1.0,-0.0,0,0
324,0.0,0.06336633663366337,0.09721138779115705,1.0,-0.0,0,0
325,0.0,0.04554455445544555,0.09700949476369022,1.0,-0.0,0,0
326,0.0,0.039603960396039604,0.09342674148186496,1.0,-0.0,0,0
327,0.0,0.039603960396039604,0.09342674148186496,1.0,-0.0,0,0
328,0.0,0.07920792079207921,0.1261123431927973,1.0,-0.0,0,0
329,0.0,0.07920792079207921,0.1261123431927973,1.0,-0.0,0,0
330,0.0,0.04554455445544555,0.09283729243351321,1.0,-0.0,0,0
331,0.0,0.05148514851485149,0.096075322540263,1.0,-0.0,0,0
332,0.0,0.06336633663366337,0.11233152161332939,1.0,-0.0,0,0
333,0.0,0.023762376237623766,0.06471340450838887,1.0,-0.0,0,0
334,0.0,0.023762376237623766,0.06471340450838887,1.0,-0.0,0,0
335,0.0,0.031683168316831684,0.0730260947112308,1.0,-0.0,0,0
336,0.0,0.025742574257425745,0.06697637435757531,1.0,-0.0,0,0
337,0.0,0.025742574257425745,0.06697637435757531,1.0,-0.0,0,0
338,0.0,0.049504950495049514,0.08631483056516186,1.0,-0.0,0,0
339,0.0,0.049504950495049514,0.08631483056516186,1.0,-0.0,0,0
340,0.0,0.03564356435643565,0.07653920035678292,1.0,-0.0,0,0
341,0.0,0.03564356435643565,0.07653920035678292,1.0,-0.0,0,0
342,0.0,0.025742574257425748,0.0669763743575753,1.0,-0.0,0,0
343,0.0,0.0019801980198019802,0.0198019801980198,1.0,-0.0,0,0
344,0.0,0.0019801980198019802,0.0198019801980198,1.0,-0.0,0,0
345,0.0,0.057425742574257435,0.10656335878870264,1.0,-0.0,0,0
346,0.0,0.07326732673267328,0.11848138852793338,1.0,-0.0,0,0
347,0.0,0.0712871287128713,0.11461224656227947,1.0,-0.0,0,0
348,0.0,0.0811881188118812,0.11999411807954945,1.0,-0.0,0,0
349,0.0,0.0811881188118812,0.11999411807954945,1.0,-0.0,0,0
350,0.0,0.025742574257425748,0.07264925278354116,1.0,-0.0,0,0
351,0.0,0.009900990099009901,0.04338396495090425,1.0,-0.0,0,0
352,0.0,0.009900990099009901,0.04338396495090425,1.0,-0.0,0,0
353,0.0,0.0,0.0,1.0,-0.0,0,0
354,0.0,0.0,0.0,1.0,-0.0,0,0
355,0.0,0.007920792079207921,0.03900537743285587,1.0,-0.0,0,0
356,0.0,0.025742574257425745,0.0669763743575753,1.0,-0.0,0,0
357,0.0,0.19801980198019797,0.1877327983285756,1.0,-0.0,0,0
358,0.0,0.19999999999999996,0.19088122894710324,1.0,-0.0,0,0
359,0.0,0.2039603960396039,0.18875348902641545,1.0,-0.0,0,0
360,0.0,0.2396039603960396,0.19904684155451982,1.0,-0.0,0,0
361,0.0,0.22178217821782173,0.1968081743835003,1.0,-0.0,0,0
362,0.0,0.0594059405940594,0.10357779667819421,1.0,-0.0,0,0
363,0.0,0.057425742574257435,0.10277971700879983,1.0,-0.0,0,0
364,0.0,0.05346534653465347,0.10104832334394513,1.0,-0.0,0,0
365,0.0,0.009900990099009901,0.04338396495090424,1.0,-0.0,0,0
366,0.0,0.009900990099009901,0.04338396495090424,1.0,-0.0,0,0
367,0.0,0.0,0.0,1.0,-0.0,0,0
368,0.0,0.007920792079207921,0.03900537743285587,1.0,-0.0,0,0
369,0.0,0.027722772277227727,0.06910862719451544,1.0,-0.0,0,0
370,0.0,0.027722772277227727,0.06910862719451544,1.0,-0.0,0,0
371,0.0,0.027722772277227727,0.06910862719451544,1.0,-0.0,0,0
372,0.0,0.09702970297029703,0.1451905170679078,1.0,-0.0,0,0
373,0.0,0.12277227722772276,0.1687937332366423,1.0,-0.0,0,0
374,0.0,0.2633663366336634,0.2319622589126237,1.0,-0.0,0,0
375,0.0,0.2633663366336634,0.2319622589126237,1.0,-0.0,0,0
376,0.0,0.2851485148514852,0.2326711607235581,1.0,-0.0,0,0
377,0.0,0.2158415841584158,0.19434208548729182,1.0,-0.0,0,0
378,0.0,0.1821782178217822,0.18260818825185748,1.0,-0.0,0,0
379,0.0,0.04356435643564357,0.08721867542790195,1.0,-0.0,0,0
380,0.0,0.04356435643564357,0.08721867542790195,1.0,-0.0,0,0
381,0.0,0.11485148514851483,0.13304219431477882,1.0,-0.0,0,0
382,0.0,0.2594059405940594,0.20400845343666585,1.0,-0.0,0,0
383,0.0,0.3643564356435644,0.25077470399055957,1.0,-0.0,0,0
384,0.0,0.34257425742574266,0.24427971900978207,1.0,-0.0,0,0
385,0.2,0.48910891089108915,0.3037393978425982,1.0,-0.0,0,0
386,0.2,0.40198019801980195,0.28492840789869217,1.0,-0.0,0,0
387,0.2,0.25742574257425743,0.22041658787080204,1.0,-0.0,0,0
388,0.2,0.15445544554455443,0.166218722942046,0.39204086748793565,0.40666865849130684,0,0
389,0.2,0.15445544554455443,0.166218722942046,0.39204086748793565,0.40666865849130684,0,0
390,0.0,0.0059405940594059415,0.03395332316729158,1.0,-0.0,0,0
391,0.0,0.0,0.0,1.0,-0.0,0,0
392,0.0,0.0,0.0,1.0,-0.0,0,0
393,0.0,0.0,0.0,1.0,-0.0,0,0
394,0.0,0.0,0.0,1.0,-0.0,0,0
395,0.0,0.0,0.0,1.0,-0.0,0,0
396,0.0,0.0,0.0,1.0,-0.0,0,0
397,0.0,0.16831683168316827,0.18611754673281874,1.0,-0.0,0,0
398,0.0,0.16831683168316827,0.18611754673281874,1.0,-0.0,0,0
399,0.0,0.17821782178217818,0.1968081743835003,1.0,-0.0,0,0
400,0.0,0.17821782178217818,0.1968081743835003,1.0,-0.0,0,0
401,0.0,0.17821782178217818,0.1968081743835003,1.0,-0.0,0,0
402,0.0,0.023762376237623766,0.08101890117021301,1.0,-0.0,0,0
403,0.0,0.03762376237623763,0.09631989312487374,1.0,-0.0,0,0
404,0.0,0.02772277227722772,0.07461957893630407,1.0,-0.0,0,0
405,0.0,0.02772277227722772,0.07461957893630407,1.0,-0.0,0,0
406,0.0,0.02772277227722772,0.07461957893630407,1.0,-0.0,0,0
407,0.0,0.013861386138613863,0.05079507064705211,1.0,-0.0,0,0
408,0.0,0.0,0.0,1.0,-0.0,0,0
409,0.0,0.0,0.0,1.0,-0.0,0,0
410,0.0,0.0,0.0,1.0,-0.0,0,0
411,0.0,0.0,0.0,1.0,-0.0,0,0
412,0.0,0.0,0.0,1.0,-0.0,0,0
413,0.0,0.009900990099009901,0.04338396495090424,1.0,-0.0,0,0
414,0.0,0.14257425742574256,0.1416637593862964,1.0,-0.0,0,0
415,0.0,0.14257425742574256,0.1416637593862964,1.0,-0.0,0,0
416,0.0,0.14257425742574256,0.1416637593862964,1.0,-0.0,0,0
417,0.0,0.14257425742574256,0.1416637593862964,1.0,-0.0,0,0
418,0.0,0.24752475247524752,0.19730564288445387,1.0,-0.0,0,0
419,0.0,0.11485148514851487,0.13598641357140118,1.0,-0.0,0,0
420,0.0,0.11485148514851487,0.13598641357140118,1.0,-0.0,0,0
421,0.0,0.11683168316831684,0.14146987009498416,1.0,-0.0,0,0
422,0.0,0.11683168316831684,0.14146987009498416,1.0,-0.0,0,0
423,0.0,0.011881188118811883,0.04727657974777555,1.0,-0.0,0,0
424,0.0,0.011881188118811883,0.04727657974777555,1.0,-0.0,0,0
425,0.0,0.06534653465346535,0.10939585993610405,1.0,-0.0,0,0
426,0.0,0.06336633663366337,0.10504385908811757,1.0,-0.0,0,0
427,0.0,0.06336633663366337,0.10504385908811757,1.0,-0.0,0,0
428,0.0,0.05940594059405942,0.11096178792967841,1.0,-0.0,0,0
429,0.0,0.05940594059405942,0.11096178792967841,1.0,-0.0,0,0
430,0.0,0.0059405940594059415,0.033953323167291584,1.0,-0.0,0,0
431,0.0,0.0059405940594059415,0.033953323167291584,1.0,-0.0,0,0
432,0.0,0.0059405940594059415,0.033953323167291584,1.0,-0.0,0,0
433,0.0,0.009900990099009901,0.04338396495090424,1.0,-0.0,0,0
434,0.0,0.19207920792079206,0.17330975435280052,1.0,-0.0,0,0
435,0.0,0.20000000000000004,0.17575861034074802,1.0,-0.0,0,0
436,0.0,0.22376237623762377,0.19353333422369293,1.0,-0.0,0,0
437,0.0,0.4257425742574257,0.3142344036935808,1.0,-0.0,0,0
438,0.0,0.4158415841584158,0.3129965910254136,1.0,-0.0,0,0
439,0.0,0.24554455445544554,0.21778577560186177,1.0,-0.0,0,0
440,0.0,0.2376237623762376,0.2192929615826872,1.0,-0.0,0,0
441,0.0,0.2316831683168317,0.22643631459679692,1.0,-0.0,0,0
442,0.2,0.04554455445544555,0.10485704788018795,0.07037421411059562,1.1525864420068488,0,0
443,0.2,0.06732673267326733,0.1135467024699521,0.12131331785204298,0.9160915193958917,0,0
444,0.2,0.06930693069306931,0.11751770396006173,0.13304459555834885,0.8760027623516582,0,0
445,0.2,0.06930693069306931,0.11751770396006173,0.13304459555834885,0.8760027623516582,0,0
446,0.2,0.2435643564356436,0.22445350202462983,1.0,-0.0,0,0
447,0.0,0.23168316831683167,0.22291084799160849,1.0,-0.0,0,0
448,0.0,0.21386138613861383,0.2166485052927976,1.0,-0.0,0,0
449,0.0,0.21584158415841584,0.21559619077961134,1.0,-0.0,0,0
450,0.0,0.22772277227722773,0.2252034555954159,1.0,-0.0,0,0
451,0.0,0.041584158415841586,0.09467748980500532,1.0,-0.0,0,0
452,0.0,0.05346534653465347,0.10489443673781407,1.0,-0.0,0,0
453,0.0,0.05742574257425742,0.09885135821266286,1.0,-0.0,0,0
454,0.0,0.13465346534653466,0.1619409766357297,1.0,-0.0,0,0
455,0.0,0.12475247524752477,0.1588360762784592,1.0,-0.0,0,0
456,0.0,0.12079207920792079,0.15435386352400063,1.0,-0.0,0,0
457,0.0,0.10495049504950495,0.13957235791450373,1.0,-0.0,0,0
458,0.0,0.09900990099009899,0.1396566153069739,1.0,-0.0,0,0
459,0.0,0.0059405940594059415,0.03395332316729157,1.0,-0.0,0,0
460,0.0,0.0039603960396039604,0.027863855998951068,1.0,-0.0,0,0
461,0.0,0.0019801980198019802,0.019801980198019802,1.0,-0.0,0,0
462,0.0,0.0019801980198019802,0.019801980198019802,1.0,-0.0,0,0
463,0.0,0.039603960396039604,0.08452453849668534,1.0,-0.0,0,0
464,0.0,0.039603960396039604,0.08452453849668534,1.0,-0.0,0,0
465,0.0,0.039603960396039604,0.08452453849668534,1.0,-0.0,0,0
466,0.0,0.039603960396039604,0.08452453849668534,1.0,-0.0,0,0
467,0.0,0.04554455445544555,0.09700949476369022,1.0,-0.0,0,0
468,0.0,0.0059405940594059415,0.04410110386400019,1.0,-0.0,0,0
469,0.0,0.0059405940594059415,0.04410110386400019,1.0,-0.0,0,0
470,0.0,0.0059405940594059415,0.04410110386400019,1.0,-0.0,0,0
471,0.0,0.0297029702970297,0.0949669608576776,1.0,-0.0,0,0
472,0.0,0.023762376237623766,0.0759735686861421,1.0,-0.0,0,0
473,0.0,0.023762376237623766,0.0759735686861421,1.0,-0.0,0,0
474,0.0,0.05346534653465347,0.09704990696905226,1.0,-0.0,0,0
475,0.0,0.061386138613861385,0.10806149425459212,1.0,-0.0,0,0
476,0.0,0.03762376237623763,0.08771182015980238,1.0,-0.0,0,0
477,0.0,0.03762376237623763,0.08771182015980238,1.0,-0.0,0,0
478,0.0,0.18019801980198016,0.17004355992893858,1.0,-0.0,0,0
479,0.0,0.15049504950495046,0.1551899266764091,1.0,-0.0,0,0
480,0.0,0.14257425742574256,0.14981608173764543,1.0,-0.0,0,0
481,0.0,0.17029702970297028,0.1674175159433525,1.0,-0.0,0,0
482,0.0,0.3445544554455445,0.23566852351385092,1.0,-0.0,0,0
483,0.0,0.2158415841584158,0.2137513468279388,1.0,-0.0,0,0
484,0.0,0.2158415841584158,0.2137513468279388,1.0,-0.0,0,0
485,0.0,0.2178217821782178,0.21635872284536922,1.0,-0.0,0,0
486,0.0,0.1900990099009901,0.20172766196776315,1.0,-0.0,0,0
487,0.0,0.017821782178217824,0.05698017651460656,1.0,-0.0,0,0
488,0.0,0.013861386138613863,0.05079507064705211,1.0,-0.0,0,0
489,0.0,0.013861386138613863,0.05079507064705211,1.0,-0.0,0,0
490,0.0,0.011881188118811881,0.047276579747775535,1.0,-0.0,0,0
491,0.0,0.017821782178217824,0.056980176514606566,1.0,-0.0,0,0
492,0.2,0.15445544554455445,0.14038472772091964,0.37280750276040053,0.42851535604269947,0,0
493,0.2,0.14455445544554454,0.14105349559214359,0.3471295784799068,0.45950837905891073,0,0
494,0.2,0.14455445544554454,0.14105349559214359,0.3471295784799068,0.45950837905891073,0,0
495,0.2,0.2198019801980198,0.18348647776016436,1.0,-0.0,0,0
496,0.2,0.21386138613861388,0.18077375114498542,1.0,-0.0,0,0
497,0.0,0.07524752475247526,0.12539516989297084,1.0,-0.0,0,0
498,0.0,0.18613861386138608,0.187230838076401,1.0,-0.0,0,0
499,0.0,0.18613861386138608,0.187230838076401,1.0,-0.0,0,0
500,0.0,0.12475247524752472,0.16614793634378636,1.0,-0.0,0,0
501,0.0,0.18811881188118812,0.20063618061766877,1.0,-0.0,0,0
502,0.0,0.18811881188118812,0.20063618061766877,1.0,-0.0,0,0
503,0.0,0.07722772277227724,0.11593886073904514,1.0,-0.0,0,0
504,0.0,0.07722772277227724,0.11593886073904514,1.0,-0.0,0,0
505,0.0,0.061386138613861385,0.09644194583672018,1.0,-0.0,0,0
506,0.0,0.021782178217821784,0.06230547612891991,1.0,-0.0,0,0
507,0.0,0.06336633663366337,0.09721138779115705,1.0,-0.0,0,0
508,0.0,0.13861386138613863,0.16825858048513267,1.0,-0.0,0,0
509,0.0,0.13861386138613863,0.16825858048513267,1.0,-0.0,0,0
510,0.0,0.15445544554455443,0.16381875548472422,1.0,-0.0,0,0
511,0.0,0.1425742574257426,0.1719696811025362,1.0,-0.0,0,0
512,0.0,0.10099009900990098,0.14246420394934614,1.0,-0.0,0,0
513,0.0,0.025742574257425745,0.0669763743575753,1.0,-0.0,0,0
514,0.0,0.061386138613861385,0.10046456153636296,1.0,-0.0,0,0
515,0.0,0.08118811881188118,0.12325042629382527,1.0,-0.0,0,0
516,0.0,0.14059405940594058,0.15806892707703055,1.0,-0.0,0,0
517,0.0,0.14059405940594058,0.15806892707703055,1.0,-0.0,0,0
518,0.0,0.14059405940594058,0.15806892707703055,1.0,-0.0,0,0
519,0.0,0.11287128712871286,0.15002532217723416,1.0,-0.0,0,0
520,0.0,0.09900990099009901,0.1367914141716479,1.0,-0.0,0,0
521,0.0,0.0297029702970297,0.07112192077650681,1.0,-0.0,0,0
522,0.0,0.0297029702970297,0.07112192077650681,1.0,-0.0,0,0
523,0.0,0.0297029702970297,0.07112192077650681,1.0,-0.0,0,0
524,0.0,0.019801980198019802,0.059735061897023205,1.0,-0.0,0,0
525,0.0,0.0,0.0,1.0,-0.0,0,0
526,0.0,0.0,0.0,1.0,-0.0,0,0
527,0.0,0.0,0.0,1.0,-0.0,0,0
528,0.0,0.0,0.0,1.0,-0.0,0,0
529,0.0,0.0,0.0,1.0,-0.0,0,0
530,0.0,0.0,0.0,1.0,-0.0,0,0
531,0.0,0.0,0.0,1.0,-0.0,0,0
532,0.0,0.0,0.0,1.0,-0.0,0,0
533,0.0,0.0,0.0,1.0,-0.0,0,0
534,0.0,0.0,0.0,1.0,-0.0,0,0
535,0.0,0.015841584158415842,0.054012600780142014,1.0,-0.0,0,0
536,0.0,0.023762376237623766,0.07056843438101175,1.0,-0.0,0,0
537,0.0,0.11683168316831684,0.15225649732072147,1.0,-0.0,0,0
538,0.0,0.3386138613861387,0.24168152558245323,1.0,-0.0,0,0
539,0.0,0.3386138613861387,0.24168152558245323,1.0,-0.0,0,0
540,0.0,0.32277227722772284,0.22509896090774148,1.0,-0.0,0,0
541,0.0,0.3148514851485148,0.22222374712195594,1.0,-0.0,0,0
542,0.0,0.22178217821782176,0.19067569294591244,1.0,-0.0,0,0
543,0.0,0.0,0.0,1.0,-0.0,0,0
544,0.0,0.0,0.0,1.0,-0.0,0,0
545,0.0,0.0019801980198019802,0.0198019801980198,1.0,-0.0,0,0
546,0.0,0.02772277227722772,0.06910862719451544,1.0,-0.0,0,0
547,0.0,0.02772277227722772,0.06910862719451544,1.0,-0.0,0,0
548,0.0,0.17029702970297025,0.15256522997432256,1.0,-0.0,0,0
549,0.0,0.1762376237623762,0.15488642587743504,1.0,-0.0,0,0
550,0.0,0.17425742574257425,0.15584548411842378,1.0,-0.0,0,0
551,0.0,0.17821782178217818,0.16626589726481847,1.0,-0.0,0,0
552,0.0,0.1801980198019802,0.17004355992893858,1.0,-0.0,0,0
553,0.0,0.047524752475247525,0.08965727859542,1.0,-0.0,0,0
554,0.0,0.041584158415841586,0.08590499787518362,1.0,-0.0,0,0
555,0.0,0.041584158415841586,0.08590499787518362,1.0,-0.0,0,0
556,0.0,0.039603960396039604,0.09342674148186496,1.0,-0.0,0,0
557,0.0,0.06930693069306931,0.12407485305204391,1.0,-0.0,0,0
558,0.0,0.08712871287128714,0.13024224675172555,1.0,-0.0,0,0
559,0.0,0.10693069306930694,0.13948804962658476,1.0,-0.0,0,0
560,0.0,0.25544554455445545,0.23398199453649784,1.0,-0.0,0,0
561,0.0,0.22772277227722773,0.20687146814606538,1.0,-0.0,0,0
562,0.0,0.2633663366336634,0.20475668839145447,1.0,-0.0,0,0
563,0.0,0.23564356435643566,0.19578941931577468,1.0,-0.0,0,0
564,0.0,0.22574257425742572,0.1983363806027551,1.0,-0.0,0,0
565,0.0,0.07722772277227723,0.122580495370631,1.0,-0.0,0,0
566,0.0,0.07722772277227723,0.122580495370631,1.0,-0.0,0,0
567,0.0,0.009900990099009901,0.04338396495090425,1.0,-0.0,0,0
568,0.0,0.009900990099009901,0.04338396495090425,1.0,-0.0,0,0
569,0.0,0.0059405940594059415,0.03395332316729158,1.0,-0.0,0,0
570,0.0,0.0059405940594059415,0.03395332316729158,1.0,-0.0,0,0
571,0.0,0.01386138613861386,0.05079507064705212,1.0,-0.0,0,0
572,0.0,0.021782178217821788,0.062305476128919894,1.0,-0.0,0,0
573,0.0,0.021782178217821788,0.062305476128919894,1.0,-0.0,0,0
574,0.0,0.015841584158415842,0.054012600780142014,1.0,-0.0,0,0
575,0.0,0.04356435643564357,0.08255312311158745,1.0,-0.0,0,0
576,0.0,0.03564356435643565,0.07653920035678292,1.0,-0.0,0,0
577,0.0,0.02772277227722772,0.06910862719451544,1.0,-0.0,0,0
578,0.0,0.02772277227722772,0.06910862719451544,1.0,-0.0,0,0
579,0.0,0.033663366336633666,0.07482947971362847,1.0,-0.0,0,0
580,0.0,0.0059405940594059415,0.03395332316729158,1.0,-0.0,0,0
581,0.0,0.011881188118811883,0.04727657974777554,1.0,-0.0,0,0
582,0.0,0.011881188118811883,0.04727657974777554,1.0,-0.0,0,0
583,0.0,0.027722772277227727,0.07975061610139514,1.0,-0.0,0,0
584,0.0,0.057425742574257435,0.09885135821266286,1.0,-0.0,0,0
585,0.0,0.06534653465346535,0.10189845806153354,1.0,-0.0,0,0
586,0.0,0.0594059405940594,0.09562531855564069,1.0,-0.0,0,0
587,0.0,0.06336633663366337,0.09721138779115705,1.0,-0.0,0,0
588,0.0,0.04752475247524753,0.08512548617902843,1.0,-0.0,0,0
589,0.2,0.1584158415841584,0.1599921574393993,0.39746516006351823,0.400700933561704,0,0
590,0.2,0.3148514851485149,0.26152111726402144,1.0,-0.0,0,0
591,0.2,0.3148514851485149,0.26152111726402144,1.0,-0.0,0,0
592,0.2,0.3108910891089109,0.26019832120180864,1.0,-0.0,0,0
593,0.2,0.3306930693069308,0.26615806152424115,1.0,-0.0,0,0
594,0.0,0.1861386138613861,0.1955088324308512,1.0,-0.0,0,0
595,0.0,0.019801980198019802,0.059735061897023205,1.0,-0.0,0,0
596,0.0,0.023762376237623766,0.07056843438101174,1.0,-0.0,0,0
597,0.0,0.023762376237623766,0.07056843438101174,1.0,-0.0,0,0
598,0.0,0.009900990099009901,0.04338396495090424,1.0,-0.0,0,0
599,0.0,0.009900990099009901,0.04338396495090424,1.0,-0.0,0,0
600,0.0,0.057425742574257435,0.10277971700879983,1.0,-0.0,0,0
601,0.0,0.07326732673267328,0.11159606181073561,1.0,-0.0,0,0
602,0.0,0.09900990099009899,0.13965661530697393,1.0,-0.0,0,0
603,0.0,0.09306930693069305,0.1306930693069307,1.0,-0.0,0,0
604,0.0,0.09306930693069305,0.1306930693069307,1.0,-0.0,0,0
605,0.0,0.08118811881188118,0.1264228887090089,1.0,-0.0,0,0
606,0.0,0.12475247524752472,0.16131019290626772,1.0,-0.0,0,0
607,0.0,0.09900990099009897,0.14521752172118102,1.0,-0.0,0,0
608,0.0,0.19207920792079203,0.21233411384966644,1.0,-0.0,0,0
609,0.2,0.36831683168316826,0.29749139036358146,1.0,-0.0,0,0
610,0.2,0.37029702970297035,0.2875449356034241,1.0,-0.0,0,0
611,0.2,0.3980198019801981,0.2876949009689347,1.0,-0.0,0,0
612,0.2,0.3980198019801981,0.2876949009689347,1.0,-0.0,0,0
613,0.2,0.36039603960396044,0.29385764989218305,1.0,-0.0,0,0
614,0.0,0.18415841584158413,0.20427736592964438,1.0,-0.0,0,0
615,0.0,0.1465346534653465,0.17996939037626555,1.0,-0.0,0,0
616,0.0,0.08118811881188118,0.12325042629382527,1.0,-0.0,0,0
617,0.0,0.08118811881188118,0.12325042629382527,1.0,-0.0,0,0
618,0.0,0.02772277227722773,0.06910862719451544,1.0,-0.0,0,0
619,0.0,0.02772277227722773,0.06910862719451544,1.0,-0.0,0,0
620,0.0,0.025742574257425748,0.06697637435757531,1.0,-0.0,0,0
621,0.0,0.023762376237623766,0.07056843438101175,1.0,-0.0,0,0
622,0.0,0.09306930693069307,0.13661931335176508,1.0,-0.0,0,0
623,0.0,0.2059405940594059,0.20188310615339297,1.0,-0.0,0,0
624,0.2,0.32772277227722774,0.25098570504092205,1.0,-0.0,0,0
625,0.2,0.4297029702970297,0.2675686474164831,1.0,-0.0,0,0
626,0.6,0.5207920792079208,0.3209875947398357,0.4025457523363639,0.39518475167378253,0,0
627,0.6,0.45940594059405937,0.2822042718560764,0.3091716771270959,0.5098002981651382,0,0
628,0.6,0.3702970297029703,0.2615810854182754,0.1899357866378955,0.7213932002176464,0,0
629,1.2,0.4514851485148515,0.2619855114224353,0.002137757230064081,2.67004161607298,0,0
630,1.2,0.35643564356435653,0.23815122975640252,0.00019844940629393698,3.7023501960445615,0,0
631,0.8,0.26138613861386134,0.2120014463941426,0.005532899221337445,2.2570472401447197,1,0
632,1.2,0.43366336633663366,0.2772842940865631,0.002857312408567494,2.544042272778108,0,0
633,1.2,0.43564356435643564,0.2847907546668799,0.0036381939304407037,2.439114155004388,0,0
634,0.4,0.25346534653465347,0.2122787054773449,0.24500475381763176,0.6108254889549122,0,0
635,0.4,0.2475247524752475,0.20709879949833504,0.23079111121398582,0.6367809217947091,0,0
636,0.4,0.22574257425742572,0.1880875429979268,0.17710094588988073,0.7517791192522817,0,0
637,0.0,0.04554455445544555,0.09700949476369022,1.0,-0.0,0,0
638,0.0,0.027722772277227727,0.07975061610139512,1.0,-0.0,0,0
639,0.0,0.0059405940594059415,0.033953323167291584,1.0,-0.0,0,0
640,0.0,0.0059405940594059415,0.033953323167291584,1.0,-0.0,0,0
641,0.0,0.0059405940594059415,0.033953323167291584,1.0,-0.0,0,0
642,0.0,0.0059405940594059415,0.033953323167291584,1.0,-0.0,0,0
643,0.0,0.0,0.0,1.0,-0.0,0,0
644,0.0,0.0019801980198019802,0.0198019801980198,1.0,-0.0,0,0
645,0.0,0.0019801980198019802,0.0198019801980198,1.0,-0.0,0,0
646,0.0,0.0297029702970297,0.07648795214189293,1.0,-0.0,0,0
647,0.0,0.05544554455445545,0.09797478714338996,1.0,-0.0,0,0
648,0.2,0.19207920792079206,0.1755800391893932,0.48200896072910276,0.31694488798722964,0,0
649,0.2,0.2653465346534653,0.1931682914575398,1.0,-0.0,0,0
650,0.2,0.2653465346534653,0.1931682914575398,1.0,-0.0,0,0
651,0.2,0.3742574257425743,0.22631506354949688,1.0,-0.0,0,0
652,0.4,0.4712871287128712,0.2751549099830772,1.0,-0.0,0,0
653,0.6,0.48316831683168304,0.32245018248451296,0.35855468088849407,0.445444603462713,0,0
654,0.8,0.603960396039604,0.36367780106294884,0.2949270450183351,0.5302854005113623,0,0
655,0.8,0.6297029702970298,0.36520563974028114,0.3204987825430585,0.49417361586696057,0,0
656,1.4,0.6514851485148515,0.3302006175028075,0.011699733963143635,1.9318240134377946,0,0
657,1.2,0.5287128712871287,0.2946172659548085,0.011348231740438959,1.9450718041269561,0,0
658,0.8,0.38019801980198026,0.26326954225140997,0.055404099701346014,1.256458097874531,0,0
659,0.6,0.18415841584158413,0.19434208548729184,0.016187881824763866,1.7908099747178494,0,0
660,0.6,0.1584158415841584,0.1696048562801098,0.004612441835715425,2.336069097382933,0,0
661,0.0,0.0,0.0,1.0,-0.0,0,0
662,0.0,0.0,0.0,1.0,-0.0,0,0
663,0.0,0.0,0.0,1.0,-0.0,0,0
664,0.0,0.0,0.0,1.0,-0.0,0,0
665,1.2,0.18415841584158413,0.1860121753000773,2.3652151721257234e-08,7.626129343798864,0,0
666,1.2,0.18415841584158413,0.1860121753000773,2.3652151721257234e-08,7.626129343798864,0,0
667,1.2,0.18415841584158413,0.1860121753000773,2.3652151721257234e-08,7.626129343798864,1,0
668,1.8,0.3762376237623764,0.2688989338101854,5.957785318468852e-08,7.224915150111262,0,0
669,1.8,0.3762376237623764,0.2688989338101854,5.957785318468852e-08,7.224915150111262,0,0
670,0.6,0.19801980198019806,0.20776042849273665,0.026505849573270134,1.5766582710802621,0,0
671,0.6,0.20792079207920797,0.2250118449321472,0.040712023244215766,1.390277314177605,0,0
672,0.8,0.2594059405940594,0.24461657927417446,0.01355379845152794,1.8679389767187213,0,0
673,0.2,0.06732673267326733,0.102550553475042,0.09787844017657178,1.009312960326638,0,0
674,0.4,0.14455445544554454,0.1619651884885428,0.05737898225823948,1.2412471591843126,0,0
675,0.4,0.16831683168316833,0.1751552030692751,0.09296247140910475,1.0316923390730486,0,0
676,0.4,0.1584158415841584,0.17192407185067915,0.0799839740340458,1.0969970215805886,0,0
677,0.4,0.16633663366336632,0.1713529319032391,0.08634076584839197,1.0637841034414435,0,0
678,0.4,0.16633663366336632,0.1713529319032391,0.08634076584839197,1.0637841034414435,0,0
679,0.2,0.0891089108910891,0.12420120222231065,0.18597296685049775,0.7305501805181491,0,0
680,0.2,0.0594059405940594,0.09968089464279778,0.07920469585235763,1.1012490693914339,0,0
681,0.2,0.0594059405940594,0.09968089464279778,0.07920469585235763,1.1012490693914339,0,0
682,0.0,0.0,0.0,1.0,-0.0,0,0
683,0.0,0.0,0.0,1.0,-0.0,0,0
684,0.0,0.0059405940594059415,0.03395332316729158,1.0,-0.0,0,0
685,0.0,0.0059405940594059415,0.03395332316729158,1.0,-0.0,0,0
686,0.0,0.0059405940594059415,0.03395332316729158,1.0,-0.0,0,0
687,0.0,0.0059405940594059415,0.03395332316729158,1.0,-0.0,0,0
688,0.0,0.011881188118811883,0.047276579747775535,1.0,-0.0,0,0
689,0.0,0.0059405940594059415,0.033953323167291584,1.0,-0.0,0,0
690,0.0,0.0059405940594059415,0.033953323167291584,1.0,-0.0,0,0
691,0.0,0.0059405940594059415,0.033953323167291584,1.0,-0.0,0,0
692,0.0,0.0059405940594059415,0.033953323167291584,1.0,-0.0,0,0
693,0.0,0.0,0.0,1.0,-0.0,0,0
694,0.0,0.0,0.0,1.0,-0.0,0,0
695,0.2,0.0613861386138614,0.10046456153636296,0.08383506191077846,1.0765743106091494,0,0
696,0.2,0.1069306930693069,0.13368903310588712,0.2431634985045642,0.6141016168491318,0,0
697,0.4,0.19801980198019797,0.179095747399525,0.1297068973664388,0.8870369290158602,0,0
698,0.4,0.19801980198019797,0.179095747399525,0.1297068973664388,0.8870369290158602,0,0
699,0.8,0.3217821782178218,0.2353021905348586,0.021058813874370492,1.6765660938496114,0,0
700,1.2,0.47920792079207924,0.2979523623572915,0.0077783671968620375,2.1091115587706146,0,0
701,1.2,0.4356435643564357,0.2983731992370276,0.0052073684426387325,2.2833816931243858,0,0
702,1.0,0.3465346534653465,0.27415553742379056,0.008573114775355167,2.066861361976084,0,0
703,1.0,0.3465346534653465,0.27415553742379056,0.008573114775355167,2.066861361976084,0,0
704,0.6,0.22970297029702968,0.21133454050622988,0.039871075112135536,1.3993420535532386,0,0
705,0.0,0.009900990099009901,0.04338396495090424,1.0,-0.0,0,0
706,0.0,0.007920792079207921,0.03900537743285587,1.0,-0.0,0,0
707,0.0,0.007920792079207921,0.03900537743285587,1.0,-0.0,0,0
708,0.0,0.007920792079207921,0.03900537743285587,1.0,-0.0,0,0
709,0.0,0.0,0.0,1.0,-0.0,0,0
710,0.0,0.0792079207920792,0.11966689053257921,1.0,-0.0,0,0
711,0.0,0.15247524752475247,0.15453158823862712,1.0,-0.0,0,0
712,0.0,0.17227722772277224,0.16893305949497947,1.0,-0.0,0,0
713,0.0,0.20198019801980194,0.19395834911660803,1.0,-0.0,0,0
714,0.0,0.20198019801980194,0.19395834911660803,1.0,-0.0,0,0
715,0.0,0.12277227722772277,0.16160162980675777,1.0,-0.0,0,0
716,0.0,0.05148514851485149,0.11134982906542217,1.0,-0.0,0,0
717,0.0,0.03762376237623763,0.09211646217515253,1.0,-0.0,0,0
718,0.0,0.03762376237623762,0.08771182015980238,1.0,-0.0,0,0
719,0.0,0.08514851485148514,0.13304219431477882,1.0,-0.0,0,0
720,0.2,0.16435643564356434,0.17887666995067272,0.4210283736511437,0.3756886355066156,0,0
721,0.2,0.16435643564356434,0.17887666995067272,0.4210283736511437,0.3756886355066156,0,0
722,0.2,0.1900990099009901,0.19371559764587087,0.4796185514268563,0.3191040269357895,0,0
723,0.2,0.17425742574257427,0.1859700100098835,0.44495295925211903,0.35168590051817844,0,0
724,0.8,0.24158415841584158,0.23262059652417283,0.008185374294879233,2.086961456693821,0,0
725,0.6,0.16237623762376235,0.19642925572494643,0.012943757877766183,1.8879396194442226,0,0
726,0.6,0.16237623762376235,0.19642925572494643,0.012943757877766183,1.8879396194442226,0,0
727,0.6,0.12871287128712872,0.17481907686608508,0.003510396220645244,2.454643861674264,0,0
728,0.6,0.16435643564356434,0.18325125229717668,0.008719902093857264,2.0594883912527813,0,0
729,0.0,0.05544554455445545,0.1019369320889802,1.0,-0.0,0,0
730,0.0,0.06930693069306931,0.11409790329416186,1.0,-0.0,0,0
731,0.0,0.06930693069306931,0.11409790329416186,1.0,-0.0,0,0
732,0.2,0.19405940594059404,0.18552669588707663,0.4872279878104105,0.3122677725046822,0,0
733,1.0,0.2930693069306931,0.24786511252782334,0.002171720445648763,2.663196079969917,0,0
734,1.0,0.2871287128712871,0.24114551965736072,0.0015573401600464233,2.807616516849913,0,0
735,1.0,0.2732673267326733,0.24164907421935525,0.0013175133736138052,2.8802449677228537,0,0
736,1.0,0.2732673267326733,0.24164907421935525,0.0013175133736138052,2.8802449677228537,0,0
737,0.8,0.15049504950495046,0.15772124951873168,1.9104086450105157e-05,4.718873725270225,0,0
738,0.0,0.0019801980198019802,0.019801980198019802,1.0,-0.0,0,0
739,0.0,0.0039603960396039604,0.02786385599895107,1.0,-0.0,0,0
740,0.0,0.0039603960396039604,0.02786385599895107,1.0,-0.0,0,0
741,0.0,0.0039603960396039604,0.02786385599895107,1.0,-0.0,0,0
742,0.0,0.0059405940594059415,0.03395332316729158,1.0,-0.0,0,0
743,0.0,0.023762376237623766,0.07056843438101175,1.0,-0.0,0,0
744,0.2,0.20990099009900987,0.2113159852982828,1.0,-0.0,0,0
745,0.2,0.20990099009900987,0.2113159852982828,1.0,-0.0,0,0
746,0.2,0.21386138613861383,0.21846888577901466,1.0,-0.0,0,0
747,0.6,0.3712871287128713,0.2857460735464291,0.21173780337679576,0.6742015967172582,0,0
748,0.6,0.35247524752475257,0.2716265853383326,0.1810769582329756,0.7421368094812324,0,0
749,0.4,0.1821782178217822,0.20508198776039438,0.1440904936899377,0.8413646706377081,0,0
750,0.4,0.2079207920792079,0.22146370344579508,0.19288420566075526,0.714703333140007,0,0
751,0.6,0.26534653465346536,0.23898947471101076,0.0807139398382364,1.093051453233173,0,0
752,0.2,0.10495049504950495,0.14238160801780236,0.2522044715005415,0.5982472177994327,0,0
753,0.2,0.10495049504950495,0.14238160801780236,0.2522044715005415,0.5982472177994327,0,0
754,0.2,0.13465346534653466,0.18478547560060524,0.36180637665408394,0.4415237831885396,0,0
755,0.2,0.10891089108910891,0.16536728392960764,0.29087542365889985,0.5362929711565642,0,0
756,1.2,0.30891089108910885,0.21345763133800977,1.4928919078341805e-05,4.825971636032902,0,0
757,1.2,0.3346534653465347,0.22179985785260758,4.780422704101853e-05,4.320533699634257,0,0
758,1.4,0.39999999999999997,0.24696173592259388,2.5695377010016685e-05,4.590145005837587,0,0
759,1.4,0.411881188118812,0.2561277252198816,5.7179366184264906e-05,4.242760662972467,0,0
760,1.4,0.411881188118812,0.2561277252198816,5.7179366184264906e-05,4.242760662972467,0,0
761,0.2,0.18019801980198016,0.16769833948309013,0.45300175650568253,0.3439001140153218,0,0
762,0.2,0.16435643564356434,0.1601881062665876,0.4119581803421917,0.3851468688417295,0,0
763,0.2,0.09900990099009899,0.14791959918402453,0.24738670286539144,0.6066236475823374,0,0
764,0.2,0.041584158415841586,0.09039772047931348,0.03984979219979861,1.3995739389282478,0,0
765,0.2,0.09108910891089109,0.1335716590419014,0.20742906007312062,0.6831304005732746,0,0
766,0.2,0.06336633663366338,0.10874875419996817,0.10448261079208833,0.9809559838634979,0,0
767,0.2,0.05346534653465347,0.10489443673781407,0.08121090620767592,1.0903856433234342,0,0
768,0.0,0.05148514851485149,0.10399339410297728,1.0,-0.0,0,0
769,0.0,0.04950495049504951,0.10304643034659554,1.0,-0.0,0,0
770,0.0,0.0,0.0,1.0,-0.0,0,0
771,0.0,0.0,0.0,1.0,-0.0,0,0
772,0.0,0.0019801980198019802,0.0198019801980198,1.0,-0.0,0,0
773,0.0,0.0019801980198019802,0.0198019801980198,1.0,-0.0,0,0
774,0.0,0.011881188118811883,0.047276579747775535,1.0,-0.0,0,0
775,0.0,0.017821782178217824,0.056980176514606566,1.0,-0.0,0,0
776,0.0,0.017821782178217824,0.056980176514606566,1.0,-0.0,0,0
777,0.0,0.015841584158415842,0.05401260078014202,1.0,-0.0,0,0
778,0.0,0.015841584158415842,0.05401260078014202,1.0,-0.0,0,0
779,0.0,0.0059405940594059415,0.03395332316729158,1.0,-0.0,0,0
780,0.0,0.0,0.0,1.0,-0.0,0,0
781,0.0,0.0,0.0,1.0,-0.0,0,0
782,0.0,0.0,0.0,1.0,-0.0,0,0
783,0.0,0.0,0.0,1.0,-0.0,0,0
784,0.0,0.0,0.0,1.0,-0.0,0,0
785,0.0,0.0,0.0,1.0,-0.0,0,0
786,0.0,0.0,0.0,1.0,-0.0,0,0
787,0.0,0.0,0.0,1.0,-0.0,0,0
788,0.0,0.0,0.0,1.0,-0.0,0,0
789,0.2,0.007920792079207921,0.03900537743285587,4.2303541670263104e-07,6.3736232717865695,0,0
790,0.2,0.007920792079207921,0.03900537743285587,4.2303541670263104e-07,6.3736232717865695,0,0
791,0.2,0.007920792079207921,0.03900537743285587,4.2303541670263104e-07,6.3736232717865695,0,0
792,0.2,0.007920792079207921,0.03900537743285587,4.2303541670263104e-07,6.3736232717865695,0,0
793,0.2,0.011881188118811881,0.047276579747775535,3.4586556520905853e-05,4.461092674713385,0,0
794,0.0,0.0039603960396039604,0.027863855998951064,1.0,-0.0,0,0
795,0.0,0.0039603960396039604,0.027863855998951064,1.0,-0.0,0,0
796,0.0,0.0039603960396039604,0.027863855998951064,1.0,-0.0,0,0
797,0.0,0.0039603960396039604,0.027863855998951064,1.0,-0.0,0,0
798,0.0,0.0,0.0,1.0,-0.0,0,0
799,0.0,0.0,0.0,1.0,-0.0,0,0
800,0.0,0.0,0.0,1.0,-0.0,0,0
801,0.0,0.0,0.0,1.0,-0.0,0,0
802,0.0,0.0,0.0,1.0,-0.0,0,0
803,0.0,0.0,0.0,1.0,-0.0,0,0
804,0.0,0.0,0.0,1.0,-0.0,0,0
805,0.0,0.0,0.0,1.0,-0.0,0,0
806,0.0,0.0,0.0,1.0,-0.0,0,0
807,0.0,0.0,0.0,1.0,-0.0,0,0
808,0.0,0.0,0.0,1.0,-0.0,0,0
809,0.0,0.0,0.0,1.0,-0.0,0,0
810,0.2,0.05544554455445545,0.11299281281336322,0.10039143277323,0.9983033475303007,0,0
811,0.2,0.09108910891089109,0.13937555924568537,0.2172776682286654,0.6629849081178248,0,0
812,0.2,0.09702970297029702,0.14789308791950764,0.24313670183766478,0.6141494788264512,0,0
813,0.2,0.09900990099009901,0.15057319492752774,0.2512044409654827,0.5999726871093836,0,0
814,0.2,0.22574257425742575,0.22278767823551468,1.0,-0.0,0,0
815,0.0,0.27326732673267323,0.22989067100608043,1.0,-0.0,0,0
816,0.2,0.2871287128712871,0.25858080543216516,1.0,-0.0,0,0
817,1.0,0.46534653465346537,0.32834286703014504,0.051726521943789856,1.286286722275263,0,0
818,1.0,0.46336633663366333,0.3269186389463595,0.05034787481655965,1.2980188562904997,0,0
819,1.0,0.33762376237623765,0.26805182192503313,0.006735372444397525,2.1716383841912648,0,0
820,1.2,0.23762376237623759,0.21565074677325916,4.0473979412349666e-06,5.392824093560953,0,0
821,1.0,0.18811881188118812,0.2064730360037557,4.209624531139635e-05,4.375756638446053,0,0
822,0.2,0.0039603960396039604,0.02786385599895107,9.91868616164111e-13,12.003545851085573,0,0
823,0.2,0.013861386138613863,0.05079507064705211,0.00012391038159364294,3.90689230556944,0,0
824,0.2,0.013861386138613863,0.05079507064705211,0.00012391038159364294,3.90689230556944,0,0
825,0.0,0.009900990099009901,0.04338396495090424,1.0,-0.0,0,0
826,0.0,0.009900990099009901,0.04338396495090424,1.0,-0.0,0,0
827,0.0,0.009900990099009901,0.04338396495090424,1.0,-0.0,0,0
828,0.0,0.0,0.0,1.0,-0.0,0,0
829,0.0,0.0019801980198019802,0.0198019801980198,1.0,-0.0,0,0
830,0.0,0.0019801980198019802,0.0198019801980198,1.0,-0.0,0,0
831,0.0,0.0019801980198019802,0.0198019801980198,1.0,-0.0,0,0
832,0.0,0.01782178217821782,0.05698017651460657,1.0,-0.0,0,0
833,0.2,0.1861386138613861,0.1717871714399709,0.467844524312861,0.3298984491723744,0,0
834,0.2,0.18415841584158413,0.1704581324091671,0.462977465760143,0.3344401466368767,1,0
835,0.2,0.1881188118811881,0.17077988190051752,0.4722678838451315,0.3258115872267825,1,0
836,0.2,0.1881188118811881,0.17077988190051752,0.4722678838451315,0.3258115872267825,0,0
837,0.2,0.32574257425742575,0.2543302076515219,1.0,-0.0,0,0
838,0.0,0.19009900990099005,0.17883282225545566,1.0,-0.0,0,0
839,0.0,0.19009900990099005,0.17883282225545566,1.0,-0.0,0,0
840,0.0,0.21188118811881188,0.18200594523684843,1.0,-0.0,0,0
841,0.0,0.21188118811881188,0.18200594523684843,1.0,-0.0,0,0
842,0.0,0.08514851485148514,0.12379009590564582,1.0,-0.0,0,0
843,0.0,0.05346534653465347,0.09704990696905226,1.0,-0.0,0,0
844,0.0,0.07524752475247526,0.11205191564986228,1.0,-0.0,0,0
845,0.0,0.04950495049504951,0.09912864166957489,1.0,-0.0,0,0
846,0.0,0.04950495049504951,0.09912864166957489,1.0,-0.0,0,0
847,0.0,0.19801980198019797,0.19395834911660803,1.0,-0.0,0,0
848,0.0,0.21188118811881188,0.19462435446028697,1.0,-0.0,0,0
849,0.0,0.19207920792079206,0.1886288032334235,1.0,-0.0,0,0
850,0.0,0.31089108910891083,0.23626675228949945,1.0,-0.0,0,0
851,0.0,0.31089108910891083,0.23626675228949945,1.0,-0.0,0,0
852,0.0,0.25544554455445545,0.21821746239930154,1.0,-0.0,0,0
853,0.0,0.2415841584158416,0.21857655012351093,1.0,-0.0,0,0
854,0.0,0.2396039603960396,0.2198465747287386,1.0,-0.0,0,0
855,0.0,0.1188118811881188,0.15202453637757812,1.0,-0.0,0,0
856,0.0,0.1188118811881188,0.15202453637757812,1.0,-0.0,0,0
857,0.0,0.0,0.0,1.0,-0.0,0,0
858,0.0,0.0,0.0,1.0,-0.0,0,0
859,0.0,0.0059405940594059415,0.03395332316729158,1.0,-0.0,0,0
860,0.0,0.0059405940594059415,0.03395332316729158,1.0,-0.0,0,0
861,0.0,0.0059405940594059415,0.03395332316729158,1.0,-0.0,0,0
862,0.0,0.0059405940594059415,0.03395332316729158,1.0,-0.0,0,0
863,0.0,0.0059405940594059415,0.03395332316729158,1.0,-0.0,0,0
864,0.0,0.0,0.0,1.0,-0.0,0,0
865,0.0,0.0,0.0,1.0,-0.0,0,0
866,0.0,0.0,0.0,1.0,-0.0,0,0
867,0.0,0.0,0.0,1.0,-0.0,0,0
868,0.0,0.0059405940594059415,0.03395332316729158,1.0,-0.0,0,0
869,0.0,0.0059405940594059415,0.03395332316729158,1.0,-0.0,0,0
870,0.0,0.0059405940594059415,0.03395332316729158,1.0,-0.0,0,0
871,0.0,0.011881188118811883,0.047276579747775535,1.0,-0.0,0,0
872,0.0,0.011881188118811883,0.047276579747775535,1.0,-0.0,0,0
873,0.0,0.07722772277227723,0.12888031758632065,1.0,-0.0,0,0
874,0.0,0.07722772277227723,0.12888031758632065,1.0,-0.0,0,0
875,0.0,0.07722772277227723,0.12888031758632065,1.0,-0.0,0,0
876,0.0,0.0712871287128713,0.11801714396634724,1.0,-0.0,0,0
877,0.0,0.0712871287128713,0.11801714396634724,1.0,-0.0,0,0
878,0.0,0.12673267326732673,0.1609938742509136,1.0,-0.0,0,0
879,0.0,0.12673267326732673,0.1609938742509136,1.0,-0.0,0,0
880,0.0,0.2198019801980198,0.198019801980198,1.0,-0.0,0,0
881,0.0,0.25742574257425743,0.22220610121355305,1.0,-0.0,0,0
882,0.2,0.34851485148514855,0.26046943964187846,1.0,-0.0,0,0
883,0.2,0.2198019801980198,0.21342088848011848,1.0,-0.0,0,0
884,0.2,0.22574257425742575,0.2173893096493221,1.0,-0.0,0,0
885,0.2,0.13267326732673268,0.1741223598968761,0.3495027309903993,0.45654942635770845,0,0
886,0.2,0.1188118811881188,0.15714839508139802,0.30270602743129316,0.518978931358957,0,0
887,0.0,0.049504950495049514,0.10304643034659552,1.0,-0.0,0,0
888,0.8,0.14059405940594058,0.1769814096752818,9.732960470981722e-05,4.011755040445578,0,0
889,1.0,0.14653465346534655,0.17551302816760664,5.790073392905748e-07,6.2373159312756785,0,0
890,1.0,0.14653465346534655,0.17551302816760664,5.790073392905748e-07,6.2373159312756785,0,0
891,1.2,0.18811881188118804,0.18416906175978487,1.9612488241682413e-08,7.707467303778441,0,0
892,2.0,0.30297029702970296,0.24310509708075734,1.4691787540107656e-12,11.83292536067156,0,0
893,1.2,0.29900990099009894,0.2542685294142498,0.00019745738473626547,3.7045266193838193,0,0
894,1.2,0.39207920792079215,0.28690329150534394,0.0024312537072570754,2.6141697191029416,0,0
895,1.2,0.39207920792079215,0.28690329150534394,0.0024312537072570754,2.6141697191029416,0,0
896,1.0,0.3247524752475248,0.2652874176794325,0.005458519065277391,2.2629251684706038,0,0
897,0.2,0.25346534653465347,0.2007729402873121,1.0,-0.0,0,0
898,0.4,0.23564356435643566,0.19375607734491182,0.19814529343072168,0.7030162390569791,0,0
899,0.8,0.1782178217821782,0.18217821782178215,0.0003212084606504968,3.4932130238994854,0,0
900,0.8,0.18811881188118812,0.1841690617597849,0.00044625153409526687,3.350420277887114,0,0
901,0.8,0.18811881188118812,0.1841690617597849,0.00044625153409526687,3.350420277887114,0,0
902,0.8,0.12277227722772276,0.14884451859775158,2.6835667241481965e-06,5.571287601953575,0,0
903,0.6,0.05346534653465347,0.10489443673781407,9.425240779891901e-08,7.025707546369627,0,0
904,0.0,0.009900990099009901,0.04338396495090424,1.0,-0.0,0,0
