,foreground,bg_means,bg_stdev,pvals,minus_logs,regs,active
2,0.0,0.023762376237623766,0.06471340450838889,1.0,-0.0,0,0
3,0.0,0.023762376237623766,0.06471340450838889,1.0,-0.0,0,0
4,0.0,0.03762376237623763,0.08307396817189318,1.0,-0.0,0,0
5,0.0,0.11089108910891088,0.13342479626077636,1.0,-0.0,0,0
6,0.0,0.08712871287128712,0.12077584698595571,1.0,-0.0,0,0
7,0.0,0.08712871287128712,0.12077584698595571,1.0,-0.0,0,0
8,0.0,0.08712871287128712,0.12077584698595571,1.0,-0.0,0,0
9,0.0,0.14653465346534653,0.1564231101634178,1.0,-0.0,0,0
10,0.0,0.0712871287128713,0.11801714396634724,1.0,-0.0,0,0
11,0.0,0.12178217821782177,0.13759170507754623,1.0,-0.0,0,0
12,0.0,0.1782178217821782,0.17777723316802724,1.0,-0.0,0,0
13,0.0,0.1782178217821782,0.17777723316802724,1.0,-0.0,0,0
14,0.0,0.10495049504950495,0.1307830473343237,1.0,-0.0,0,0
15,0.0,0.10495049504950495,0.1307830473343237,1.0,-0.0,0,0
16,0.0,0.05544554455445544,0.09384550979067553,1.0,-0.0,0,0
17,0.0,0.0,0.0,1.0,-0.0,0,0
18,0.0,0.0,0.0,1.0,-0.0,0,0
19,0.0,0.0,0.0,1.0,-0.0,0,0
20,0.4,0.07524752475247526,0.10474480123119365,0.0009662445444291516,3.0149129451626266,0,0
21,0.4,0.07524752475247526,0.10474480123119365,0.0009662445444291516,3.0149129451626266,0,0
22,0.4,0.07524752475247526,0.10474480123119365,0.0009662445444291516,3.0149129451626266,0,0
23,0.4,0.12079207920792076,0.12921455921643918,0.015355066732747401,1.8137482917835315,0,0
24,0.6,0.1603960396039604,0.14897618117864575,0.0015845866532158144,2.8000840064045946,0,0
25,0.2,0.08316831683168317,0.13280619910579972,0.18950670213184595,0.7223754260789859,0,0
26,0.2,0.08316831683168317,0.13280619910579972,0.18950670213184595,0.7223754260789859,0,0
27,0.2,0.08316831683168317,0.13280619910579972,0.18950670213184595,0.7223754260789859,0,0
28,0.2,0.03960396039603961,0.09342674148186494,0.04300687269944547,1.36646213658456,0,0
29,0.0,0.0,0.0,1.0,-0.0,0,0
30,0.0,0.0,0.0,1.0,-0.0,0,0
31,0.0,0.0,0.0,1.0,-0.0,0,0
32,0.0,0.0,0.0,1.0,-0.0,0,0
33,0.0,0.0,0.0,1.0,-0.0,0,0
34,0.0,0.0,0.0,1.0,-0.0,0,0
35,0.0,0.033663366336633666,0.07482947971362847,1.0,-0.0,0,0
36,0.0,0.033663366336633666,0.07482947971362847,1.0,-0.0,0,0
37,0.0,0.033663366336633666,0.07482947971362847,1.0,-0.0,0,0
38,0.0,0.033663366336633666,0.07482947971362847,1.0,-0.0,0,0
39,0.0,0.033663366336633666,0.07482947971362847,1.0,-0.0,0,0
40,0.0,0.01386138613861386,0.05079507064705211,1.0,-0.0,0,0
41,0.0,0.01386138613861386,0.05079507064705211,1.0,-0.0,0,0
42,0.0,0.01386138613861386,0.05079507064705211,1.0,-0.0,0,0
43,0.0,0.01386138613861386,0.05079507064705211,1.0,-0.0,0,0
44,0.0,0.01386138613861386,0.05079507064705211,1.0,-0.0,0,0
45,0.0,0.0,0.0,1.0,-0.0,0,0
46,0.0,0.0,0.0,1.0,-0.0,0,0
47,0.0,0.0,0.0,1.0,-0.0,0,0
48,0.0,0.0,0.0,1.0,-0.0,0,0
49,0.0,0.0,0.0,1.0,-0.0,0,0
50,0.0,0.0,0.0,1.0,-0.0,0,0
51,0.0,0.0,0.0,1.0,-0.0,0,0
52,0.0,0.0,0.0,1.0,-0.0,0,0
53,0.0,0.0,0.0,1.0,-0.0,0,0
54,0.0,0.0,0.0,1.0,-0.0,0,0
55,0.0,0.019801980198019802,0.06603299802191316,1.0,-0.0,0,0
56,0.0,0.019801980198019802,0.06603299802191316,1.0,-0.0,0,0
57,0.0,0.019801980198019802,0.06603299802191316,1.0,-0.0,0,0
58,0.0,0.019801980198019802,0.06603299802191316,1.0,-0.0,0,0
59,0.0,0.019801980198019802,0.06603299802191316,1.0,-0.0,0,0
60,0.2,0.017821782178217824,0.05698017651460656,0.0006937928196726553,3.15877019915046,0,0
61,0.2,0.017821782178217824,0.05698017651460656,0.0006937928196726553,3.15877019915046,0,0
62,0.2,0.017821782178217824,0.05698017651460656,0.0006937928196726553,3.15877019915046,0,0
63,0.2,0.017821782178217824,0.05698017651460656,0.0006937928196726553,3.15877019915046,0,0
64,0.2,0.017821782178217824,0.05698017651460656,0.0006937928196726553,3.15877019915046,0,0
65,0.0,0.0,0.0,1.0,-0.0,0,0
66,0.0,0.0,0.0,1.0,-0.0,0,0
67,0.0,0.027722772277227727,0.06910862719451544,1.0,-0.0,0,0
68,0.0,0.027722772277227727,0.06910862719451544,1.0,-0.0,0,0
69,0.0,0.027722772277227727,0.06910862719451544,1.0,-0.0,0,0
70,0.2,0.05148514851485149,0.096075322540263,0.0610744044260142,1.2141407594058027,0,0
71,0.4,0.07722772277227723,0.1124710639300034,0.002053494791492543,2.6875063943583766,0,0
72,0.4,0.049504950495049514,0.09078727434730813,5.655013932087107e-05,4.247566320779003,0,0
73,0.4,0.049504950495049514,0.09078727434730813,5.655013932087107e-05,4.247566320779003,0,0
74,0.4,0.049504950495049514,0.09078727434730813,5.655013932087107e-05,4.247566320779003,0,0
75,0.2,0.025742574257425748,0.0669763743575753,0.0046371400013480064,2.3337497919853587,0,0
76,0.0,0.0,0.0,1.0,-0.0,0,0
77,0.0,0.0,0.0,1.0,-0.0,0,0
78,0.0,0.0,0.0,1.0,-0.0,0,0
79,0.0,0.0,0.0,1.0,-0.0,0,0
80,0.0,0.0,0.0,1.0,-0.0,0,0
81,0.0,0.05346534653465347,0.09704990696905227,1.0,-0.0,0,0
82,0.2,0.07326732673267328,0.1115960618107356,0.12805415268855674,0.8926063331621106,0,0
83,0.2,0.07326732673267328,0.1115960618107356,0.12805415268855674,0.8926063331621106,0,0
84,0.2,0.07326732673267328,0.1115960618107356,0.12805415268855674,0.8926063331621106,0,0
85,0.2,0.07326732673267328,0.1115960618107356,0.12805415268855674,0.8926063331621106,0,0
86,0.2,0.019801980198019802,0.059735061897023205,0.001278047474114718,2.8934530136556162,0,0
87,0.0,0.0,0.0,1.0,-0.0,0,0
88,0.0,0.0,0.0,1.0,-0.0,0,0
89,0.0,0.0,0.0,1.0,-0.0,0,0
90,0.0,0.0,0.0,1.0,-0.0,0,0
91,0.0,0.0,0.0,1.0,-0.0,0,0
92,0.0,0.0,0.0,1.0,-0.0,0,0
93,0.0,0.0,0.0,1.0,-0.0,0,0
94,0.0,0.017821782178217824,0.05698017651460656,1.0,-0.0,0,0
95,0.0,0.017821782178217824,0.05698017651460656,1.0,-0.0,0,0
96,0.0,0.017821782178217824,0.05698017651460656,1.0,-0.0,0,0
97,0.0,0.017821782178217824,0.05698017651460656,1.0,-0.0,0,0
98,0.0,0.017821782178217824,0.05698017651460656,1.0,-0.0,0,0
99,0.0,0.0,0.0,1.0,-0.0,0,0
100,0.0,0.0,0.0,1.0,-0.0,0,0
101,0.0,0.0,0.0,1.0,-0.0,0,0
102,0.0,0.0,0.0,1.0,-0.0,0,0
103,0.0,0.0,0.0,1.0,-0.0,0,0
104,0.0,0.0,0.0,1.0,-0.0,0,0
105,0.0,0.0,0.0,1.0,-0.0,0,0
106,0.0,0.0,0.0,1.0,-0.0,0,0
107,0.0,0.0,0.0,1.0,-0.0,0,0
108,0.0,0.0,0.0,1.0,-0.0,0,0
109,0.0,0.0,0.0,1.0,-0.0,0,0
110,0.0,0.0,0.0,1.0,-0.0,0,0
111,0.0,0.0,0.0,1.0,-0.0,0,0
112,0.0,0.0,0.0,1.0,-0.0,0,0
113,0.0,0.0,0.0,1.0,-0.0,0,0
114,0.0,0.0,0.0,1.0,-0.0,0,0
115,0.0,0.0,0.0,1.0,-0.0,0,0
116,0.0,0.0,0.0,1.0,-0.0,0,0
117,0.0,0.0,0.0,1.0,-0.0,0,0
118,0.0,0.0,0.0,1.0,-0.0,0,0
119,0.0,0.0,0.0,1.0,-0.0,0,0
120,0.0,0.0,0.0,1.0,-0.0,0,0
121,0.0,0.0,0.0,1.0,-0.0,0,0
122,0.0,0.0,0.0,1.0,-0.0,0,0
123,0.0,0.0,0.0,1.0,-0.0,0,0
124,0.0,0.0,0.0,1.0,-0.0,0,0
125,0.0,0.0,0.0,1.0,-0.0,0,0
126,0.0,0.0,0.0,1.0,-0.0,0,0
127,0.0,0.0,0.0,1.0,-0.0,0,0
128,0.0,0.0,0.0,1.0,-0.0,0,0
129,0.0,0.0,0.0,1.0,-0.0,0,0
130,0.0,0.0,0.0,1.0,-0.0,0,0
131,0.0,0.0,0.0,1.0,-0.0,0,0
132,0.0,0.0,0.0,1.0,-0.0,0,0
133,0.0,0.0,0.0,1.0,-0.0,0,0
134,0.0,0.0,0.0,1.0,-0.0,0,0
135,0.0,0.0,0.0,1.0,-0.0,0,0
136,0.0,0.0,0.0,1.0,-0.0,0,0
137,0.0,0.0,0.0,1.0,-0.0,0,0
138,0.0,0.0,0.0,1.0,-0.0,0,0
139,0.0,0.0,0.0,1.0,-0.0,0,0
140,0.0,0.03564356435643565,0.07653920035678292,1.0,-0.0,0,0
141,0.0,0.03564356435643565,0.07653920035678292,1.0,-0.0,0,0
142,0.0,0.03564356435643565,0.07653920035678292,1.0,-0.0,0,0
143,0.0,0.051485148514851475,0.09607532254026299,1.0,-0.0,0,0
144,0.0,0.051485148514851475,0.09607532254026299,1.0,-0.0,0,0
145,0.0,0.033663366336633666,0.08475617647141663,1.0,-0.0,0,0
146,0.0,0.06336633663366337,0.10874875419996817,1.0,-0.0,0,0
147,0.0,0.06336633663366337,0.10874875419996817,1.0,-0.0,0,0
148,0.0,0.0613861386138614,0.10433219700847123,1.0,-0.0,0,0
149,0.0,0.08316831683168316,0.12353642740976016,1.0,-0.0,0,0
150,0.0,0.06534653465346535,0.10939585993610405,1.0,-0.0,0,0
151,0.0,0.11485148514851483,0.13598641357140115,1.0,-0.0,0,0
152,0.0,0.11485148514851483,0.13598641357140115,1.0,-0.0,0,0
153,0.0,0.10099009900990098,0.1308729634998678,1.0,-0.0,0,0
154,0.0,0.11485148514851483,0.14169143619800648,1.0,-0.0,0,0
155,0.0,0.11485148514851483,0.14169143619800648,1.0,-0.0,0,0
156,0.0,0.03564356435643565,0.09500824186847648,1.0,-0.0,0,0
157,0.0,0.03564356435643565,0.09500824186847648,1.0,-0.0,0,0
158,0.0,0.03564356435643565,0.09500824186847648,1.0,-0.0,0,0
159,0.0,0.0,0.0,1.0,-0.0,0,0
160,0.0,0.019801980198019802,0.059735061897023205,1.0,-0.0,0,0
161,0.0,0.019801980198019802,0.059735061897023205,1.0,-0.0,0,0
162,0.0,0.05346534653465347,0.09287951999650358,1.0,-0.0,0,0
163,0.0,0.08712871287128714,0.11745095149573796,1.0,-0.0,0,0
164,0.0,0.08712871287128714,0.11745095149573796,1.0,-0.0,0,0
165,0.0,0.06732673267326733,0.10634234916512914,1.0,-0.0,0,0
166,0.0,0.06732673267326733,0.10634234916512914,1.0,-0.0,0,0
167,0.0,0.06732673267326733,0.09861306612268303,1.0,-0.0,0,0
168,0.0,0.0613861386138614,0.09644194583672018,1.0,-0.0,0,0
169,0.0,0.08118811881188118,0.10216747199615393,1.0,-0.0,0,0
170,0.0,0.08118811881188118,0.10216747199615393,1.0,-0.0,0,0
171,0.0,0.11089108910891086,0.12420120222231065,1.0,-0.0,0,0
172,0.0,0.1366336633663366,0.1405243168254271,1.0,-0.0,0,0
173,0.0,0.10693069306930691,0.13661931335176508,1.0,-0.0,0,0
174,0.2,0.1485148514851485,0.1726977909735853,0.38280472129963466,0.41702271451657796,0,0
175,0.2,0.18019801980198016,0.1813152180952015,0.45651677193048895,0.3405432623288975,0,0
176,0.2,0.15049504950495046,0.16981280455064035,0.3853242993915721,0.4141736025652086,0,0
177,0.4,0.12277227722772277,0.15407416763506465,0.03598455551260708,1.443883857423181,0,0
178,0.4,0.1485148514851485,0.16326729671147558,0.06174024088977673,1.2094316803787584,0,0
179,0.2,0.08712871287128714,0.12401163019288061,0.18136723570535118,0.7414411662151198,0,0
180,0.2,0.0891089108910891,0.12097048989545554,0.17965547706514468,0.7455595381425463,0,0
181,0.2,0.0891089108910891,0.12097048989545554,0.17965547706514468,0.7455595381425463,0,0
182,0.0,0.057425742574257435,0.10277971700879983,1.0,-0.0,0,0
183,0.0,0.033663366336633666,0.07482947971362847,1.0,-0.0,0,0
184,0.0,0.033663366336633666,0.07482947971362847,1.0,-0.0,0,0
185,0.0,0.0,0.0,1.0,-0.0,0,0
186,0.0,0.0,0.0,1.0,-0.0,0,0
187,0.0,0.0,0.0,1.0,-0.0,0,0
188,0.0,0.009900990099009901,0.04338396495090424,1.0,-0.0,0,0
189,0.0,0.009900990099009901,0.04338396495090424,1.0,-0.0,0,0
190,0.0,0.009900990099009901,0.04338396495090424,1.0,-0.0,0,0
191,0.0,0.009900990099009901,0.04338396495090424,1.0,-0.0,0,0
192,0.0,0.057425742574257435,0.09885135821266286,1.0,-0.0,0,0
193,0.0,0.047524752475247525,0.0939707763778588,1.0,-0.0,0,0
194,0.0,0.08118811881188118,0.10597297552680915,1.0,-0.0,0,0
195,0.0,0.08118811881188118,0.10597297552680915,1.0,-0.0,0,0
196,0.0,0.11782178217821779,0.12927523757583734,1.0,-0.0,0,0
197,0.0,0.06930693069306931,0.10693069306930694,1.0,-0.0,0,0
198,0.0,0.06930693069306931,0.10693069306930694,1.0,-0.0,0,0
199,0.2,0.08712871287128714,0.13024224675172555,0.19307354504257346,0.7142772292196833,0,0
200,0.4,0.1089108910891089,0.14765427233510692,0.02433772509677569,1.6137200187144185,0,0
201,0.4,0.10297029702970295,0.1367627457412436,0.014933066394861763,1.8258510039541993,0,0
202,0.4,0.10297029702970295,0.1367627457412436,0.014933066394861763,1.8258510039541993,0,0
203,0.6,0.1108910891089109,0.14205074403533427,0.0002874385817766481,3.541454938609194,0,0
204,0.4,0.0811881188118812,0.11999411807954945,0.003943189481594297,2.4041523533265643,0,0
205,0.2,0.06732673267326733,0.11000352009767247,0.11389293410569636,0.9435032186258506,0,0
206,0.2,0.0891089108910891,0.12097048989545554,0.17965547706514468,0.7455595381425463,0,0
207,0.2,0.0891089108910891,0.12097048989545554,0.17965547706514468,0.7455595381425463,0,0
208,0.0,0.08118811881188118,0.11664694237642094,1.0,-0.0,0,0
209,0.0,0.09108910891089109,0.12113245340338319,1.0,-0.0,0,0
210,0.0,0.10099009900990098,0.13679141417164786,1.0,-0.0,0,0
211,0.0,0.1346534653465346,0.15184387732816487,1.0,-0.0,0,0
212,0.0,0.19009900990099005,0.16739409271610342,1.0,-0.0,0,0
213,0.0,0.2158415841584158,0.18387074305594647,1.0,-0.0,0,0
214,0.0,0.1841584158415841,0.16574624125023033,1.0,-0.0,0,0
215,0.2,0.19999999999999993,0.1823933297373379,0.49999999999999983,0.30102999566398136,0,0
216,0.2,0.11485148514851483,0.14169143619800648,0.2739388863041897,0.5623463141913831,0,0
217,0.2,0.0594059405940594,0.1035777966781942,0.08733081746926043,1.0588324745635318,0,0
218,0.2,0.033663366336633666,0.07482947971362845,0.01311209067436901,1.882328056139666,0,0
219,0.2,0.033663366336633666,0.07482947971362845,0.01311209067436901,1.882328056139666,0,0
220,0.0,0.0,0.0,1.0,-0.0,0,0
221,0.0,0.0,0.0,1.0,-0.0,0,0
222,0.0,0.0,0.0,1.0,-0.0,0,0
223,0.0,0.0,0.0,1.0,-0.0,0,0
224,0.0,0.0,0.0,1.0,-0.0,0,0
225,0.0,0.0,0.0,1.0,-0.0,0,0
226,0.0,0.0,0.0,1.0,-0.0,0,0
227,0.0,0.0,0.0,1.0,-0.0,0,0
228,0.0,0.025742574257425748,0.07264925278354116,1.0,-0.0,0,0
229,0.0,0.025742574257425748,0.07264925278354116,1.0,-0.0,0,0
230,0.0,0.025742574257425748,0.07264925278354116,1.0,-0.0,0,0
231,0.0,0.025742574257425748,0.07264925278354116,1.0,-0.0,0,0
232,0.0,0.025742574257425748,0.07264925278354116,1.0,-0.0,0,0
233,0.0,0.0,0.0,1.0,-0.0,0,0
234,0.0,0.04356435643564357,0.09164702150816742,1.0,-0.0,0,0
235,0.0,0.05544554455445545,0.10575073206193021,1.0,-0.0,0,0
236,0.0,0.05544554455445545,0.10575073206193021,1.0,-0.0,0,0
237,0.0,0.05544554455445545,0.10575073206193021,1.0,-0.0,0,0
238,0.0,0.05544554455445545,0.10575073206193021,1.0,-0.0,0,0
239,0.0,0.061386138613861385,0.10046456153636296,1.0,-0.0,0,0
240,0.0,0.06732673267326733,0.09861306612268303,1.0,-0.0,0,0
241,0.0,0.08316831683168316,0.10996786833199856,1.0,-0.0,0,0
242,0.0,0.11980198019801978,0.13202145188739237,1.0,-0.0,0,0
243,0.0,0.17821782178217818,0.1589594632902137,1.0,-0.0,1,0
244,0.0,0.1564356435643564,0.1505211024869694,1.0,-0.0,0,0
245,0.0,0.13861386138613857,0.14554118673277588,1.0,-0.0,0,0
246,0.0,0.12079207920792076,0.13810372890425893,1.0,-0.0,0,0
247,0.0,0.08514851485148514,0.12054836637801526,1.0,-0.0,0,0
248,0.0,0.05742574257425742,0.10277971700879983,1.0,-0.0,0,0
249,0.0,0.0297029702970297,0.07112192077650681,1.0,-0.0,0,0
250,0.0,0.0297029702970297,0.07112192077650681,1.0,-0.0,0,0
251,0.0,0.0297029702970297,0.07112192077650681,1.0,-0.0,0,0
252,0.0,0.0297029702970297,0.07112192077650681,1.0,-0.0,0,0
253,0.0,0.0,0.0,1.0,-0.0,0,0
254,0.0,0.0,0.0,1.0,-0.0,0,0
255,0.0,0.0,0.0,1.0,-0.0,0,0
256,0.0,0.03564356435643565,0.07653920035678292,1.0,-0.0,0,0
257,0.0,0.03564356435643565,0.07653920035678292,1.0,-0.0,0,0
258,0.0,0.047524752475247525,0.09397077637785882,1.0,-0.0,0,0
259,0.0,0.047524752475247525,0.09397077637785882,1.0,-0.0,0,0
260,0.0,0.061386138613861385,0.10046456153636296,1.0,-0.0,0,0
261,0.0,0.025742574257425745,0.0669763743575753,1.0,-0.0,0,0
262,0.0,0.057425742574257435,0.09476028605152792,1.0,-0.0,0,0
263,0.0,0.0712871287128713,0.11110305060677654,1.0,-0.0,0,0
264,0.0,0.0712871287128713,0.11110305060677654,1.0,-0.0,0,0
265,0.0,0.057425742574257435,0.10656335878870264,1.0,-0.0,0,0
266,0.0,0.057425742574257435,0.10656335878870264,1.0,-0.0,0,0
267,0.0,0.025742574257425748,0.06697637435757531,1.0,-0.0,0,0
268,0.0,0.0,0.0,1.0,-0.0,0,0
269,0.0,0.0,0.0,1.0,-0.0,0,0
270,0.0,0.0,0.0,1.0,-0.0,0,0
271,0.0,0.0,0.0,1.0,-0.0,0,0
272,0.0,0.0,0.0,1.0,-0.0,0,0
273,0.0,0.0,0.0,1.0,-0.0,0,0
274,0.0,0.041584158415841586,0.08590499787518362,1.0,-0.0,0,0
275,0.0,0.041584158415841586,0.08590499787518362,1.0,-0.0,0,0
276,0.0,0.041584158415841586,0.08590499787518362,1.0,-0.0,0,0
277,0.0,0.07722772277227724,0.11593886073904515,1.0,-0.0,0,0
278,0.0,0.07722772277227724,0.11593886073904515,1.0,-0.0,0,0
279,0.0,0.05544554455445544,0.10575073206193021,1.0,-0.0,0,0
280,0.0,0.05544554455445544,0.10575073206193021,1.0,-0.0,0,0
281,0.0,0.08118811881188118,0.11320083903331847,1.0,-0.0,0,0
282,0.0,0.057425742574257435,0.09885135821266286,1.0,-0.0,0,0
283,0.0,0.09504950495049502,0.1367053908443026,1.0,-0.0,0,0
284,0.0,0.11485148514851483,0.13598641357140118,1.0,-0.0,0,0
285,0.0,0.11485148514851483,0.13598641357140118,1.0,-0.0,0,0
286,0.0,0.0891089108910891,0.11765109526742927,1.0,-0.0,0,0
287,0.0,0.07722772277227724,0.10889288780093088,1.0,-0.0,0,0
288,0.0,0.039603960396039604,0.07970143286137867,1.0,-0.0,0,0
289,0.0,0.0,0.0,1.0,-0.0,0,0
290,0.0,0.0,0.0,1.0,-0.0,0,0
291,0.2,0.0059405940594059415,0.03395332316729157,5.469865928325192e-09,8.262023318511567,0,0
292,0.2,0.0059405940594059415,0.03395332316729157,5.469865928325192e-09,8.262023318511567,0,0
293,0.2,0.0059405940594059415,0.03395332316729157,5.469865928325192e-09,8.262023318511567,0,0
294,0.2,0.04356435643564357,0.08255312311158745,0.029048226759887566,1.5368803738382273,0,0
295,0.2,0.04356435643564357,0.08255312311158745,0.029048226759887566,1.5368803738382273,0,0
296,0.0,0.03762376237623763,0.07816140339006158,1.0,-0.0,0,0
297,0.0,0.03762376237623763,0.07816140339006158,1.0,-0.0,0,0
298,0.0,0.03762376237623763,0.07816140339006158,1.0,-0.0,0,0
299,0.0,0.0,0.0,1.0,-0.0,0,0
300,0.0,0.0,0.0,1.0,-0.0,0,0
301,0.0,0.0,0.0,1.0,-0.0,0,0
302,0.0,0.0,0.0,1.0,-0.0,0,0
303,0.0,0.0,0.0,1.0,-0.0,0,0
304,0.0,0.0,0.0,1.0,-0.0,0,0
305,0.0,0.0,0.0,1.0,-0.0,0,0
306,0.0,0.0,0.0,1.0,-0.0,0,0
307,0.0,0.0,0.0,1.0,-0.0,0,0
308,0.0,0.031683168316831684,0.0730260947112308,1.0,-0.0,0,0
309,0.0,0.031683168316831684,0.0730260947112308,1.0,-0.0,0,0
310,0.0,0.031683168316831684,0.0730260947112308,1.0,-0.0,0,0
311,0.0,0.031683168316831684,0.0730260947112308,1.0,-0.0,0,0
312,0.0,0.031683168316831684,0.0730260947112308,1.0,-0.0,0,0
313,0.0,0.07920792079207921,0.11631029826208643,1.0,-0.0,0,0
314,0.0,0.07920792079207921,0.11631029826208643,1.0,-0.0,0,0
315,0.0,0.07920792079207921,0.11631029826208643,1.0,-0.0,0,0
316,0.0,0.07920792079207921,0.11631029826208643,1.0,-0.0,0,0
317,0.0,0.10099009900990098,0.1308729634998678,1.0,-0.0,0,0
318,0.0,0.021782178217821784,0.068367035650028,1.0,-0.0,0,0
319,0.0,0.021782178217821784,0.068367035650028,1.0,-0.0,0,0
320,0.0,0.021782178217821784,0.068367035650028,1.0,-0.0,0,0
