,foreground,bg_means,bg_stdev,pvals,minus_logs,regs,active
2,0.0,0.06930693069306931,0.11057238501634628,1.0,-0.0,0,0
3,0.0,0.015841584158415842,0.054012600780142014,1.0,-0.0,0,0
4,0.0,0.015841584158415842,0.054012600780142014,1.0,-0.0,0,0
5,0.0,0.0039603960396039604,0.027863855998951064,1.0,-0.0,0,0
6,0.0,0.0,0.0,1.0,-0.0,0,0
7,0.0,0.0,0.0,1.0,-0.0,0,0
8,0.0,0.0,0.0,1.0,-0.0,0,0
9,0.0,0.0,0.0,1.0,-0.0,0,0
10,0.0,0.0,0.0,1.0,-0.0,0,0
11,0.0,0.0,0.0,1.0,-0.0,0,0
12,0.0,0.0,0.0,1.0,-0.0,0,0
13,0.0,0.0,0.0,1.0,-0.0,0,0
14,0.0,0.0,0.0,1.0,-0.0,0,0
15,0.0,0.0,0.0,1.0,-0.0,0,0
16,0.2,0.009900990099009901,0.04338396495090424,5.885669548817485e-06,5.230204125035219,0,0
17,0.2,0.009900990099009901,0.04338396495090424,5.885669548817485e-06,5.230204125035219,0,0
18,0.2,0.009900990099009901,0.04338396495090424,5.885669548817485e-06,5.230204125035219,0,0
19,0.2,0.009900990099009901,0.04338396495090424,5.885669548817485e-06,5.230204125035219,0,0
20,0.2,0.009900990099009901,0.04338396495090424,5.885669548817485e-06,5.230204125035219,0,0
21,0.0,0.0,0.0,1.0,-0.0,0,0
22,0.0,0.0,0.0,1.0,-0.0,0,0
23,0.0,0.0,0.0,1.0,-0.0,0,0
24,0.0,0.0,0.0,1.0,-0.0,0,0
25,0.0,0.04554455445544555,0.09700949476369022,1.0,-0.0,0,0
26,0.0,0.0891089108910891,0.13923481846532235,1.0,-0.0,0,0
27,0.0,0.0891089108910891,0.13923481846532235,1.0,-0.0,0,0
28,0.0,0.0891089108910891,0.13923481846532235,1.0,-0.0,0,0
29,0.0,0.0891089108910891,0.13923481846532235,1.0,-0.0,0,0
30,0.0,0.13465346534653463,0.15697363312955576,1.0,-0.0,0,0
31,0.0,0.0891089108910891,0.12097048989545554,1.0,-0.0,0,0
32,0.0,0.09504950495049505,0.1277189346265117,1.0,-0.0,0,0
33,0.0,0.09900990099009901,0.12781100644043505,1.0,-0.0,0,0
34,0.0,0.09900990099009901,0.12781100644043505,1.0,-0.0,0,0
35,0.0,0.033663366336633666,0.07994704648786673,1.0,-0.0,0,0
36,0.0,0.07524752475247526,0.11205191564986228,1.0,-0.0,0,0
37,0.0,0.08118811881188118,0.11320083903331847,1.0,-0.0,0,0
38,0.0,0.07722772277227724,0.1124710639300034,1.0,-0.0,0,0
39,0.0,0.09702970297029702,0.127780323207142,1.0,-0.0,0,0
40,0.0,0.12673267326732673,0.14818445096134422,1.0,-0.0,0,0
41,0.0,0.08514851485148514,0.1269490726718781,1.0,-0.0,0,0
42,0.0,0.14455445544554454,0.1667839341722421,1.0,-0.0,0,0
43,0.0,0.1900990099009901,0.19166025556535224,1.0,-0.0,0,0
44,0.0,0.20198019801980194,0.21340251467882923,1.0,-0.0,0,0
45,0.0,0.1475247524752475,0.17721389403430002,1.0,-0.0,0,0
46,0.0,0.1475247524752475,0.17721389403430002,1.0,-0.0,0,0
47,0.0,0.07722772277227724,0.12576985749069639,1.0,-0.0,0,0
48,0.0,0.031683168316831684,0.07826167463512676,1.0,-0.0,0,0
49,0.0,0.0,0.0,1.0,-0.0,0,0
50,0.0,0.0,0.0,1.0,-0.0,0,0
51,0.0,0.0,0.0,1.0,-0.0,0,0
52,0.0,0.0,0.0,1.0,-0.0,0,0
53,0.0,0.0,0.0,1.0,-0.0,0,0
54,0.0,0.0,0.0,1.0,-0.0,0,0
55,0.0,0.0,0.0,1.0,-0.0,0,0
56,0.0,0.0,0.0,1.0,-0.0,0,0
57,0.0,0.051485148514851496,0.096075322540263,1.0,-0.0,0,0
58,0.0,0.051485148514851496,0.096075322540263,1.0,-0.0,0,0
59,0.0,0.051485148514851496,0.096075322540263,1.0,-0.0,0,0
60,0.0,0.051485148514851496,0.096075322540263,1.0,-0.0,0,0
61,0.0,0.051485148514851496,0.096075322540263,1.0,-0.0,0,0
62,0.0,0.04356435643564357,0.0916470215081674,1.0,-0.0,0,0
63,0.0,0.04356435643564357,0.0916470215081674,1.0,-0.0,0,0
64,0.0,0.04356435643564357,0.0916470215081674,1.0,-0.0,0,0
65,0.0,0.04356435643564357,0.0916470215081674,1.0,-0.0,0,0
66,0.0,0.07524752475247526,0.12219602867755656,1.0,-0.0,0,0
67,0.0,0.04158415841584159,0.08116396646304633,1.0,-0.0,0,0
68,0.0,0.04158415841584159,0.08116396646304633,1.0,-0.0,0,0
69,0.0,0.04158415841584159,0.08116396646304633,1.0,-0.0,0,0
70,0.0,0.04158415841584159,0.08116396646304633,1.0,-0.0,0,0
71,0.0,0.009900990099009901,0.04338396495090424,1.0,-0.0,0,0
72,0.0,0.0,0.0,1.0,-0.0,0,0
73,0.0,0.0,0.0,1.0,-0.0,0,0
74,0.2,0.05544554455445545,0.1019369320889802,0.07808409030039497,1.1074374449781044,0,0
75,0.2,0.05544554455445545,0.1019369320889802,0.07808409030039497,1.1074374449781044,0,0
76,0.2,0.09900990099009901,0.14521752172118105,0.2433897446954803,0.613697724856954,0,0
77,0.4,0.15643564356435644,0.17258422629307663,0.07908129974601259,1.1019262014235853,0,0
78,0.4,0.15643564356435644,0.17258422629307663,0.07908129974601259,1.1019262014235853,0,0
79,0.4,0.13663366336633662,0.14331490790275034,0.033055096672573205,1.4807615683682807,0,0
80,0.4,0.13663366336633662,0.14331490790275034,0.033055096672573205,1.4807615683682807,0,0
81,0.4,0.09108910891089109,0.1243589581632284,0.006495315309207856,2.187399761646339,0,0
82,0.2,0.03564356435643565,0.07653920035678292,0.015882722457572503,1.7990750531077893,0,0
83,0.2,0.03564356435643565,0.07653920035678292,0.015882722457572503,1.7990750531077893,0,0
84,0.0,0.0,0.0,1.0,-0.0,0,0
85,0.0,0.0,0.0,1.0,-0.0,0,0
86,0.0,0.0,0.0,1.0,-0.0,0,0
87,0.0,0.0,0.0,1.0,-0.0,0,0
88,0.0,0.0,0.0,1.0,-0.0,0,0
89,0.0,0.0,0.0,1.0,-0.0,0,0
90,0.0,0.0,0.0,1.0,-0.0,0,0
91,0.0,0.0,0.0,1.0,-0.0,0,0
92,0.0,0.03168316831683169,0.0730260947112308,1.0,-0.0,0,0
93,0.0,0.05544554455445545,0.09797478714338996,1.0,-0.0,0,0
94,0.0,0.06930693069306931,0.11409790329416186,1.0,-0.0,0,0
95,0.0,0.0891089108910891,0.12734998170941408,1.0,-0.0,0,0
96,0.0,0.09702970297029702,0.13084299831035082,1.0,-0.0,0,0
97,0.2,0.07524752475247526,0.11891084986932621,0.1470600443380226,0.8325053074261874,0,0
98,0.4,0.1564356435643564,0.15569444662458046,0.05886487227788633,1.230143793955291,0,0
99,0.8,0.16435643564356434,0.1499730394357346,1.1256644740793301e-05,4.948591040009192,0,0
100,0.8,0.14455445544554454,0.14383382017690993,2.5949154044741037e-06,5.585876795799702,0,0
101,0.8,0.17029702970297025,0.14994689122885188,1.3374857372543671e-05,4.873710840532717,0,0
102,0.6,0.16039603960396034,0.140775228413277,0.000895890072558476,3.0477452758402106,0,0
103,0.4,0.05544554455445545,0.08952597667688963,5.9384454031489346e-05,4.226327231988299,0,0
104,0.0,0.033663366336633666,0.07482947971362847,1.0,-0.0,0,0
105,0.0,0.033663366336633666,0.07482947971362847,1.0,-0.0,0,0
106,0.0,0.0,0.0,1.0,-0.0,0,0
107,0.0,0.0,0.0,1.0,-0.0,0,0
108,0.0,0.0,0.0,1.0,-0.0,0,0
109,0.0,0.0,0.0,1.0,-0.0,0,0
110,0.4,0.021782178217821784,0.06230547612891991,6.380457231764126e-10,9.195148198063018,0,0
111,0.4,0.021782178217821784,0.06230547612891991,6.380457231764126e-10,9.195148198063018,0,0
112,0.4,0.021782178217821784,0.06230547612891991,6.380457231764126e-10,9.195148198063018,0,0
113,0.4,0.021782178217821784,0.06230547612891991,6.380457231764126e-10,9.195148198063018,0,0
114,0.6,0.05148514851485149,0.09186070102766891,1.1778701011968842e-09,8.928902602116022,0,0
115,0.2,0.039603960396039604,0.08452453849668534,0.028872622852877186,1.5395137620565469,0,0
116,0.2,0.061386138613861385,0.10433219700847123,0.09199298471617674,1.0362452902111776,0,0
117,0.2,0.07326732673267328,0.12498799079651088,0.15530120578607598,0.808825172319051,0,0
118,0.2,0.0891089108910891,0.13636075485692528,0.20804639598911934,0.6818398031375332,0,0
119,0.0,0.0594059405940594,0.1109617879296784,1.0,-0.0,0,0
120,0.0,0.06534653465346535,0.1164113937164283,1.0,-0.0,0,0
121,0.0,0.04356435643564357,0.08721867542790195,1.0,-0.0,0,0
122,0.0,0.031683168316831684,0.0730260947112308,1.0,-0.0,0,0
123,0.0,0.015841584158415842,0.05401260078014202,1.0,-0.0,0,0
124,0.0,0.015841584158415842,0.05401260078014202,1.0,-0.0,0,0
125,0.0,0.0,0.0,1.0,-0.0,0,0
126,0.2,0.03564356435643565,0.08154954567118415,0.0219304263845019,1.6589529244266186,0,0
127,0.4,0.07722772277227724,0.1124710639300034,0.002053494791492543,2.6875063943583766,0,0
128,0.4,0.07722772277227724,0.1124710639300034,0.002053494791492543,2.6875063943583766,0,0
129,0.4,0.19603960396039602,0.17571398456617046,0.12287134127306466,0.9105494009081359,0,0
130,0.4,0.22178217821782176,0.18647536422960084,0.16960741770546783,0.7705551579866913,0,0
131,0.2,0.21782178217821782,0.17598156946925847,1.0,-0.0,0,0
132,0.0,0.19207920792079206,0.15900879128621567,1.0,-0.0,0,0
133,0.0,0.19207920792079206,0.15900879128621567,1.0,-0.0,0,0
134,0.0,0.07326732673267328,0.10425700262248065,1.0,-0.0,0,0
135,0.0,0.047524752475247525,0.08965727859542,1.0,-0.0,0,0
136,0.0,0.03762376237623763,0.07816140339006158,1.0,-0.0,0,0
137,0.0,0.021782178217821784,0.06230547612891991,1.0,-0.0,0,0
138,0.0,0.031683168316831684,0.0730260947112308,1.0,-0.0,0,0
139,0.0,0.031683168316831684,0.0730260947112308,1.0,-0.0,0,0
140,0.0,0.031683168316831684,0.0730260947112308,1.0,-0.0,0,0
141,0.0,0.009900990099009901,0.04338396495090425,1.0,-0.0,0,0
142,0.0,0.009900990099009901,0.04338396495090425,1.0,-0.0,0,0
143,0.0,0.0,0.0,1.0,-0.0,0,0
144,0.0,0.0,0.0,1.0,-0.0,0,0
145,0.0,0.04554455445544555,0.08846854615322249,1.0,-0.0,0,0
146,0.0,0.04554455445544555,0.08846854615322249,1.0,-0.0,0,0
147,0.0,0.04554455445544555,0.08846854615322249,1.0,-0.0,0,0
148,0.0,0.04554455445544555,0.08846854615322249,1.0,-0.0,0,0
149,0.0,0.04554455445544555,0.08846854615322249,1.0,-0.0,0,0
150,0.0,0.017821782178217824,0.05698017651460656,1.0,-0.0,0,0
151,0.0,0.017821782178217824,0.05698017651460656,1.0,-0.0,0,0
152,0.0,0.017821782178217824,0.05698017651460656,1.0,-0.0,0,0
153,0.0,0.017821782178217824,0.05698017651460656,1.0,-0.0,0,0
154,0.0,0.039603960396039604,0.08908690597387718,1.0,-0.0,0,0
155,0.0,0.06534653465346535,0.1197651526735639,1.0,-0.0,0,0
156,0.0,0.1306930693069307,0.16753458295712845,1.0,-0.0,0,0
157,0.0,0.1306930693069307,0.16753458295712845,1.0,-0.0,0,0
158,0.0,0.1306930693069307,0.16753458295712845,1.0,-0.0,0,0
159,0.0,0.1089108910891089,0.14218869759220787,1.0,-0.0,0,0
160,0.0,0.06534653465346535,0.10939585993610405,1.0,-0.0,0,0
161,0.0,0.013861386138613863,0.05079507064705211,1.0,-0.0,0,0
162,0.0,0.02970297029702971,0.08150144802873932,1.0,-0.0,0,0
163,0.0,0.02970297029702971,0.08150144802873932,1.0,-0.0,0,0
164,0.0,0.05940594059405942,0.11447531431916541,1.0,-0.0,0,0
165,0.0,0.09306930693069307,0.14229896414433021,1.0,-0.0,0,0
166,0.0,0.0891089108910891,0.13042276277287215,1.0,-0.0,0,0
167,0.0,0.08316831683168317,0.12028786177019754,1.0,-0.0,0,0
168,0.0,0.10099009900990098,0.12145573247679728,1.0,-0.0,0,0
169,0.0,0.0712871287128713,0.09983812012638045,1.0,-0.0,0,0
170,0.0,0.03762376237623762,0.07816140339006157,1.0,-0.0,0,0
171,0.0,0.027722772277227727,0.06910862719451544,1.0,-0.0,0,0
172,0.0,0.017821782178217824,0.05698017651460656,1.0,-0.0,0,0
173,0.0,0.0,0.0,1.0,-0.0,0,0
174,0.0,0.0,0.0,1.0,-0.0,0,0
175,0.0,0.007920792079207921,0.03900537743285587,1.0,-0.0,0,0
176,0.0,0.007920792079207921,0.03900537743285587,1.0,-0.0,0,0
177,0.0,0.01386138613861386,0.05079507064705211,1.0,-0.0,0,0
178,0.0,0.025742574257425748,0.06697637435757531,1.0,-0.0,0,0
179,0.0,0.025742574257425748,0.06697637435757531,1.0,-0.0,0,0
180,0.0,0.04554455445544555,0.08387254884969257,1.0,-0.0,0,0
181,0.0,0.05544554455445544,0.08952597667688962,1.0,-0.0,0,0
182,0.0,0.049504950495049514,0.08631483056516186,1.0,-0.0,0,0
183,0.0,0.03762376237623762,0.07816140339006157,1.0,-0.0,0,0
184,0.0,0.03762376237623762,0.07816140339006157,1.0,-0.0,0,0
185,0.0,0.009900990099009901,0.04338396495090424,1.0,-0.0,0,0
186,0.0,0.033663366336633666,0.07482947971362847,1.0,-0.0,0,0
187,0.0,0.033663366336633666,0.07482947971362847,1.0,-0.0,0,0
188,0.0,0.0613861386138614,0.10433219700847123,1.0,-0.0,0,0
189,0.0,0.0613861386138614,0.10433219700847123,1.0,-0.0,0,0
190,0.0,0.0613861386138614,0.10433219700847123,1.0,-0.0,0,0
191,0.0,0.039603960396039604,0.07970143286137865,1.0,-0.0,0,0
192,0.0,0.08712871287128712,0.12401163019288061,1.0,-0.0,0,0
193,0.0,0.05940594059405942,0.10357779667819421,1.0,-0.0,0,0
194,0.0,0.05940594059405942,0.10357779667819421,1.0,-0.0,0,0
195,0.0,0.100990099009901,0.1308729634998678,1.0,-0.0,0,0
196,0.0,0.0891089108910891,0.12420120222231065,1.0,-0.0,0,0
197,0.0,0.041584158415841586,0.08590499787518362,1.0,-0.0,0,0
198,0.0,0.041584158415841586,0.08590499787518362,1.0,-0.0,0,0
199,0.0,0.06732673267326733,0.1135467024699521,1.0,-0.0,0,0
200,0.0,0.025742574257425748,0.0669763743575753,1.0,-0.0,0,0
201,0.0,0.03168316831683169,0.0730260947112308,1.0,-0.0,0,0
202,0.0,0.04158415841584159,0.09039772047931348,1.0,-0.0,0,0
203,0.0,0.1485148514851485,0.13395274871515062,1.0,-0.0,0,0
204,0.0,0.17227722772277224,0.151637146289716,1.0,-0.0,0,0
205,0.0,0.17227722772277224,0.151637146289716,1.0,-0.0,0,0
206,0.0,0.16633663366336632,0.1517405470151922,1.0,-0.0,0,0
207,0.0,0.15643564356435644,0.1505211024869694,1.0,-0.0,0,0
208,0.0,0.049504950495049514,0.09912864166957489,1.0,-0.0,0,0
209,0.0,0.0,0.0,1.0,-0.0,0,0
210,0.0,0.0,0.0,1.0,-0.0,0,0
211,0.0,0.0,0.0,1.0,-0.0,0,0
212,0.0,0.0,0.0,1.0,-0.0,0,0
213,0.0,0.0,0.0,1.0,-0.0,0,0
214,0.0,0.0,0.0,1.0,-0.0,0,0
215,0.0,0.0,0.0,1.0,-0.0,0,0
216,0.0,0.0,0.0,1.0,-0.0,0,0
217,0.0,0.0,0.0,1.0,-0.0,0,0
218,0.0,0.007920792079207921,0.03900537743285587,1.0,-0.0,0,0
219,0.0,0.007920792079207921,0.03900537743285587,1.0,-0.0,0,0
220,0.0,0.007920792079207921,0.03900537743285587,1.0,-0.0,0,0
221,0.0,0.007920792079207921,0.03900537743285587,1.0,-0.0,0,0
222,0.0,0.007920792079207921,0.03900537743285587,1.0,-0.0,0,0
223,0.0,0.0059405940594059415,0.03395332316729158,1.0,-0.0,0,0
224,0.0,0.0059405940594059415,0.03395332316729158,1.0,-0.0,0,0
225,0.0,0.0059405940594059415,0.03395332316729158,1.0,-0.0,0,0
226,0.0,0.0059405940594059415,0.03395332316729158,1.0,-0.0,0,0
227,0.0,0.0059405940594059415,0.03395332316729158,1.0,-0.0,0,0
228,0.0,0.0,0.0,1.0,-0.0,0,0
229,0.0,0.0,0.0,1.0,-0.0,0,0
230,0.0,0.009900990099009901,0.04338396495090424,1.0,-0.0,0,0
231,0.0,0.009900990099009901,0.04338396495090424,1.0,-0.0,0,0
232,0.0,0.009900990099009901,0.04338396495090424,1.0,-0.0,0,0
233,0.0,0.017821782178217824,0.056980176514606566,1.0,-0.0,0,0
234,0.0,0.017821782178217824,0.056980176514606566,1.0,-0.0,0,0
235,0.0,0.007920792079207921,0.03900537743285587,1.0,-0.0,0,0
236,0.0,0.007920792079207921,0.03900537743285587,1.0,-0.0,0,0
237,0.0,0.007920792079207921,0.03900537743285587,1.0,-0.0,0,0
238,0.0,0.009900990099009901,0.04338396495090424,1.0,-0.0,0,0
239,0.0,0.017821782178217824,0.05698017651460656,1.0,-0.0,0,0
240,0.0,0.017821782178217824,0.05698017651460656,1.0,-0.0,0,0
241,0.0,0.03564356435643565,0.08626938974571076,1.0,-0.0,0,0
242,0.0,0.0594059405940594,0.11096178792967841,1.0,-0.0,0,0
243,0.0,0.04950495049504951,0.09912864166957489,1.0,-0.0,0,0
244,0.0,0.07326732673267328,0.10425700262248065,1.0,-0.0,0,0
245,0.0,0.07326732673267328,0.10425700262248065,1.0,-0.0,0,0
246,0.0,0.05544554455445545,0.09797478714338996,1.0,-0.0,0,0
247,0.0,0.031683168316831684,0.0730260947112308,1.0,-0.0,0,0
248,0.0,0.031683168316831684,0.0730260947112308,1.0,-0.0,0,0
249,0.0,0.033663366336633666,0.08930671115865095,1.0,-0.0,0,0
250,0.0,0.033663366336633666,0.08930671115865095,1.0,-0.0,0,0
251,0.0,0.033663366336633666,0.08930671115865095,1.0,-0.0,0,0
252,0.0,0.07920792079207921,0.1322440226302099,1.0,-0.0,0,0
253,0.0,0.10099009900990097,0.1396566153069739,1.0,-0.0,0,0
254,0.0,0.12277227722772276,0.14615954128511632,1.0,-0.0,0,0
255,0.0,0.12277227722772276,0.14615954128511632,1.0,-0.0,0,0
256,0.0,0.12277227722772276,0.14615954128511632,1.0,-0.0,0,0
257,0.0,0.07722772277227723,0.1124710639300034,1.0,-0.0,0,0
258,0.0,0.07524752475247524,0.10845991237726064,1.0,-0.0,0,0
259,0.0,0.039603960396039604,0.07970143286137867,1.0,-0.0,0,0
260,0.0,0.039603960396039604,0.07970143286137867,1.0,-0.0,0,0
261,0.0,0.039603960396039604,0.07970143286137867,1.0,-0.0,0,0
262,0.0,0.039603960396039604,0.07970143286137867,1.0,-0.0,0,0
263,0.0,0.019801980198019802,0.059735061897023205,1.0,-0.0,0,0
264,0.0,0.0,0.0,1.0,-0.0,0,0
265,0.0,0.0,0.0,1.0,-0.0,0,0
266,0.0,0.0039603960396039604,0.027863855998951064,1.0,-0.0,0,0
267,0.0,0.0039603960396039604,0.027863855998951064,1.0,-0.0,0,0
268,0.0,0.0039603960396039604,0.027863855998951064,1.0,-0.0,0,0
269,0.0,0.0039603960396039604,0.027863855998951064,1.0,-0.0,0,0
270,0.0,0.0039603960396039604,0.027863855998951064,1.0,-0.0,0,0
271,0.0,0.0,0.0,1.0,-0.0,0,0
272,0.0,0.0,0.0,1.0,-0.0,0,0
273,0.0,0.0,0.0,1.0,-0.0,0,0
274,0.0,0.0,0.0,1.0,-0.0,0,0
275,0.0,0.0,0.0,1.0,-0.0,0,0
276,0.0,0.0,0.0,1.0,-0.0,0,0
277,0.0,0.0,0.0,1.0,-0.0,0,0
278,0.0,0.0,0.0,1.0,-0.0,0,0
279,0.0,0.0,0.0,1.0,-0.0,0,0
280,0.0,0.0,0.0,1.0,-0.0,0,0
281,0.0,0.0,0.0,1.0,-0.0,0,0
282,0.0,0.0,0.0,1.0,-0.0,0,0
283,0.0,0.0,0.0,1.0,-0.0,0,0
284,0.0,0.031683168316831684,0.07302609471123078,1.0,-0.0,0,0
285,0.0,0.031683168316831684,0.07302609471123078,1.0,-0.0,0,0
286,0.0,0.031683168316831684,0.07302609471123078,1.0,-0.0,0,0
287,0.0,0.031683168316831684,0.07302609471123078,1.0,-0.0,0,0
288,0.0,0.031683168316831684,0.07302609471123078,1.0,-0.0,0,0
289,0.0,0.05148514851485149,0.10399339410297728,1.0,-0.0,0,0
290,0.0,0.05148514851485149,0.10399339410297728,1.0,-0.0,0,0
291,0.0,0.16237623762376235,0.17735766020493526,1.0,-0.0,0,0
292,0.0,0.16237623762376235,0.17735766020493526,1.0,-0.0,0,0
293,0.0,0.16237623762376235,0.17735766020493526,1.0,-0.0,0,0
294,0.0,0.13861386138613863,0.16104257909978184,1.0,-0.0,0,0
295,0.0,0.14653465346534655,0.1662423117767553,1.0,-0.0,0,0
296,0.0,0.07722772277227723,0.11593886073904516,1.0,-0.0,0,0
297,0.0,0.07722772277227723,0.11593886073904516,1.0,-0.0,0,0
298,0.0,0.07722772277227723,0.11593886073904516,1.0,-0.0,0,0
299,0.0,0.04950495049504951,0.09504950495049506,1.0,-0.0,0,0
300,0.0,0.05148514851485149,0.09186070102766894,1.0,-0.0,0,0
301,0.0,0.009900990099009901,0.04338396495090424,1.0,-0.0,0,0
302,0.0,0.009900990099009901,0.04338396495090424,1.0,-0.0,0,0
303,0.0,0.009900990099009901,0.04338396495090424,1.0,-0.0,0,0
304,0.0,0.009900990099009901,0.04338396495090424,1.0,-0.0,0,0
305,0.0,0.0059405940594059415,0.03395332316729158,1.0,-0.0,0,0
306,0.0,0.0059405940594059415,0.03395332316729158,1.0,-0.0,0,0
307,0.0,0.0059405940594059415,0.03395332316729158,1.0,-0.0,0,0
308,0.0,0.05346534653465347,0.09704990696905227,1.0,-0.0,0,0
309,0.0,0.07326732673267326,0.11509022642946842,1.0,-0.0,0,0
310,0.0,0.06732673267326733,0.11000352009767247,1.0,-0.0,0,0
311,0.0,0.06732673267326733,0.11000352009767247,1.0,-0.0,0,0
312,0.0,0.06732673267326733,0.11000352009767247,1.0,-0.0,0,0
313,0.0,0.057425742574257435,0.09048443294095733,1.0,-0.0,0,0
314,0.0,0.061386138613861385,0.09224407682259103,1.0,-0.0,0,0
315,0.0,0.12475247524752472,0.12219602867755656,1.0,-0.0,0,0
316,0.0,0.12475247524752472,0.12219602867755656,1.0,-0.0,0,0
317,0.0,0.17821782178217818,0.1589594632902137,1.0,-0.0,0,0
318,0.0,0.14059405940594058,0.15036471688371983,1.0,-0.0,0,0
319,0.0,0.11485148514851483,0.13886822488939993,1.0,-0.0,0,0
320,0.0,0.05346534653465348,0.09287951999650357,1.0,-0.0,0,0
321,0.0,0.05346534653465348,0.09287951999650357,1.0,-0.0,0,0
322,0.0,0.049504950495049514,0.09912864166957489,1.0,-0.0,0,0
323,0.0,0.049504950495049514,0.09912864166957489,1.0,-0.0,0,0
324,0.0,0.049504950495049514,0.09912864166957489,1.0,-0.0,0,0
325,0.0,0.049504950495049514,0.09912864166957489,1.0,-0.0,0,0
326,0.0,0.049504950495049514,0.09912864166957489,1.0,-0.0,0,0
327,0.0,0.0,0.0,1.0,-0.0,0,0
328,0.0,0.0,0.0,1.0,-0.0,0,0
329,0.0,0.0,0.0,1.0,-0.0,0,0
330,0.0,0.0,0.0,1.0,-0.0,0,0
331,0.0,0.0,0.0,1.0,-0.0,0,0
332,0.0,0.0,0.0,1.0,-0.0,0,0
333,0.0,0.019801980198019802,0.059735061897023205,1.0,-0.0,0,0
334,0.0,0.019801980198019802,0.059735061897023205,1.0,-0.0,0,0
335,0.0,0.019801980198019802,0.059735061897023205,1.0,-0.0,0,0
336,0.0,0.019801980198019802,0.059735061897023205,1.0,-0.0,0,0
337,0.0,0.019801980198019802,0.059735061897023205,1.0,-0.0,0,0
338,0.0,0.0,0.0,1.0,-0.0,0,0
339,0.2,0.033663366336633666,0.08475617647141663,0.024850340762334614,1.6046676515911364,0,0
340,0.2,0.033663366336633666,0.08475617647141663,0.024850340762334614,1.6046676515911364,0,0
341,0.4,0.09108910891089106,0.13650445892763632,0.011817550991416955,1.9274725150886634,0,0
342,0.4,0.09108910891089106,0.13650445892763632,0.011817550991416955,1.9274725150886634,0,0
343,0.4,0.1069306930693069,0.13948804962658473,0.01781893673344482,1.749118214136097,0,0
344,0.2,0.07326732673267328,0.11509022642946842,0.13541366575877595,0.8683375050442039,0,0
345,0.2,0.07326732673267328,0.11509022642946842,0.13541366575877595,0.8683375050442039,0,0
346,0.0,0.12277227722772277,0.14342430861173722,1.0,-0.0,0,0
347,0.0,0.12277227722772277,0.14342430861173722,1.0,-0.0,0,0
348,0.0,0.10693069306930694,0.12762679639066948,1.0,-0.0,0,0
349,0.0,0.10693069306930694,0.12762679639066948,1.0,-0.0,0,0
350,0.0,0.15247524752475247,0.15194713737228419,1.0,-0.0,0,0
351,0.0,0.043564356435643575,0.08255312311158745,1.0,-0.0,0,0
352,0.0,0.043564356435643575,0.08255312311158745,1.0,-0.0,0,0
353,0.0,0.043564356435643575,0.08255312311158745,1.0,-0.0,0,0
354,0.4,0.18613861386138614,0.16230377518610828,0.09380854535566992,1.0277575983823968,0,0
355,0.4,0.14257425742574256,0.15243666735776418,0.04563473077969464,1.3407045072295523,0,0
356,0.4,0.15643564356435644,0.160701335170483,0.06480600256107845,1.188384766376,0,0
357,0.4,0.15643564356435644,0.160701335170483,0.06480600256107845,1.188384766376,0,0
358,0.4,0.17227722772277226,0.17582552776572763,0.09763194960591555,1.0104080382047473,0,0
359,0.0,0.05346534653465348,0.09704990696905225,1.0,-0.0,0,0
360,0.0,0.06534653465346535,0.10939585993610405,1.0,-0.0,0,0
361,0.0,0.07722772277227723,0.10889288780093088,1.0,-0.0,0,0
362,0.0,0.07722772277227723,0.10889288780093088,1.0,-0.0,0,0
363,0.0,0.07920792079207921,0.11631029826208643,1.0,-0.0,0,0
364,0.0,0.05544554455445544,0.1019369320889802,1.0,-0.0,0,0
365,0.0,0.04356435643564357,0.09164702150816742,1.0,-0.0,0,0
366,0.0,0.017821782178217824,0.056980176514606566,1.0,-0.0,0,0
367,0.0,0.017821782178217824,0.056980176514606566,1.0,-0.0,0,0
368,0.0,0.0,0.0,1.0,-0.0,0,0
369,0.0,0.0297029702970297,0.07648795214189293,1.0,-0.0,0,0
370,0.0,0.09108910891089109,0.12113245340338318,1.0,-0.0,0,0
371,0.0,0.09108910891089109,0.12113245340338318,1.0,-0.0,0,0
372,0.0,0.13069306930693067,0.13330718954223236,1.0,-0.0,0,0
373,0.0,0.13069306930693067,0.13330718954223236,1.0,-0.0,0,0
374,0.2,0.1386138613861386,0.15348770198080078,0.3445997140219068,0.4626850873022659,0,0
375,0.2,0.11485148514851483,0.14984225277142665,0.28493112915219754,0.5452601008465134,0,0
376,0.2,0.1267326732673267,0.1534365990321625,0.3164999269460882,0.4996263858896417,0,0
377,0.2,0.08910891089108909,0.12734998170941408,0.19194299301932344,0.7168277374074089,0,0
378,0.4,0.1188118811881188,0.14939672169394072,0.02990733589871633,1.5242222715563556,0,0
379,0.2,0.09306930693069307,0.11795067415315194,0.18231677881311908,0.7391733609082305,0,0
380,0.4,0.07920792079207921,0.11966689053257921,0.0036733214503492837,2.434941065119345,0,0
381,0.4,0.09900990099009901,0.13386490123687583,0.01227338338163952,1.9110356995854345,0,0
382,0.4,0.10099009900990098,0.13386490123687583,0.012752424945647201,1.894407223827921,0,0
383,0.2,0.0712871287128713,0.11461224656227947,0.13071259900090526,0.8836825500410104,0,0
384,0.2,0.08118811881188118,0.11320083903331847,0.14695858512597854,0.8328050379416199,0,0
385,0.0,0.09306930693069305,0.11795067415315191,1.0,-0.0,0,0
386,0.0,0.0613861386138614,0.09644194583672018,1.0,-0.0,0,0
387,0.0,0.05940594059405942,0.09562531855564071,1.0,-0.0,0,0
388,0.0,0.10495049504950493,0.13670539084430264,1.0,-0.0,0,0
389,0.0,0.08316831683168316,0.12670172889541695,1.0,-0.0,0,0
390,0.0,0.04950495049504951,0.09912864166957489,1.0,-0.0,0,0
391,0.0,0.061386138613861385,0.11515834731523733,1.0,-0.0,0,0
392,0.0,0.06732673267326733,0.12032045569079852,1.0,-0.0,0,0
393,0.0,0.05148514851485149,0.1001126705723924,1.0,-0.0,0,0
394,0.0,0.05148514851485149,0.1001126705723924,1.0,-0.0,0,0
395,0.0,0.04752475247524753,0.09809478080396702,1.0,-0.0,0,0
396,0.0,0.03564356435643565,0.07653920035678292,1.0,-0.0,0,0
397,0.0,0.0297029702970297,0.07112192077650681,1.0,-0.0,0,0
398,0.0,0.0,0.0,1.0,-0.0,0,0
399,0.0,0.0,0.0,1.0,-0.0,0,0
400,0.0,0.0,0.0,1.0,-0.0,0,0
401,0.0,0.0,0.0,1.0,-0.0,0,0
402,0.0,0.0,0.0,1.0,-0.0,0,0
403,0.0,0.05148514851485149,0.09186070102766893,1.0,-0.0,0,0
404,0.0,0.05148514851485149,0.09186070102766893,1.0,-0.0,0,0
405,0.0,0.0712871287128713,0.10747934055534188,1.0,-0.0,0,0
406,0.0,0.0712871287128713,0.10747934055534188,1.0,-0.0,0,0
407,0.0,0.0712871287128713,0.10747934055534188,1.0,-0.0,0,0
408,0.0,0.019801980198019802,0.059735061897023205,1.0,-0.0,0,0
409,0.2,0.051485148514851496,0.08744317689433512,0.044714679514496807,1.349549877638611,0,0
410,0.2,0.0613861386138614,0.10046456153636296,0.08383506191077846,1.0765743106091494,0,0
411,0.2,0.0613861386138614,0.10046456153636296,0.08383506191077846,1.0765743106091494,0,0
412,0.2,0.08118811881188118,0.11999411807954947,0.1610510040644479,0.7930365632485749,0,0
413,0.2,0.08118811881188118,0.11999411807954947,0.1610510040644479,0.7930365632485749,0,0
414,0.0,0.10495049504950495,0.14513649268759363,1.0,-0.0,0,0
415,0.0,0.07524752475247524,0.1253951698929708,1.0,-0.0,0,0
416,0.0,0.07920792079207921,0.1292145592164392,1.0,-0.0,0,0
417,0.0,0.0594059405940594,0.1073333087751893,1.0,-0.0,0,0
418,0.0,0.0594059405940594,0.1073333087751893,1.0,-0.0,0,0
419,0.0,0.013861386138613863,0.05807080514303042,1.0,-0.0,0,0
420,0.0,0.013861386138613863,0.05807080514303042,1.0,-0.0,0,0
421,0.0,0.009900990099009901,0.04338396495090425,1.0,-0.0,0,0
422,0.0,0.009900990099009901,0.04338396495090425,1.0,-0.0,0,0
423,0.0,0.009900990099009901,0.04338396495090425,1.0,-0.0,0,0
424,0.2,0.03762376237623762,0.07816140339006157,0.018880122929825723,1.7239951823064261,0,0
425,0.2,0.03762376237623762,0.07816140339006157,0.018880122929825723,1.7239951823064261,0,0
426,0.2,0.04554455445544555,0.10100951085035129,0.06311761613918085,1.1998494121615952,0,0
427,0.4,0.18217821782178217,0.18900261384538627,0.12456188773223377,0.9046148186682587,0,0
428,0.4,0.18217821782178217,0.18900261384538627,0.12456188773223377,0.9046148186682587,0,0
429,0.2,0.14455445544554454,0.16196518848854283,0.3660512769211982,0.4364580738293654,0,0
430,0.2,0.14455445544554454,0.16196518848854283,0.3660512769211982,0.4364580738293654,0,0
431,0.2,0.15247524752475244,0.15707352091130253,0.38111117430886954,0.4189483173796683,0,0
432,0.2,0.041584158415841586,0.08116396646304633,0.025480968483881664,1.5937840693032386,0,0
433,0.2,0.041584158415841586,0.08116396646304633,0.025480968483881664,1.5937840693032386,0,0
434,0.2,0.08910891089108909,0.12734998170941406,0.19194299301932338,0.716827737407409,0,0
435,0.2,0.1198019801980198,0.13202145188739237,0.27177216524435627,0.5657950255277623,0,0
436,0.2,0.10297029702970298,0.12464241569787102,0.21814759659538474,0.6612495674175325,0,0
437,0.0,0.07722772277227723,0.105193069190443,1.0,-0.0,0,0
