,foreground,bg_means,bg_stdev,pvals,minus_logs,regs,active
2,0.0,0.11287128712871286,0.14464936528910635,1.0,-0.0,0,0
3,0.0,0.12673267326732673,0.1534365990321625,1.0,-0.0,0,0
4,0.0,0.12673267326732673,0.1534365990321625,1.0,-0.0,0,0
5,0.0,0.12673267326732673,0.1534365990321625,1.0,-0.0,0,0
6,0.0,0.2594059405940594,0.24299216375817076,1.0,-0.0,0,0
7,0.0,0.2435643564356435,0.20412374502735292,1.0,-0.0,0,0
8,0.0,0.22970297029702966,0.1957693907320881,1.0,-0.0,0,0
9,0.0,0.22970297029702966,0.1957693907320881,1.0,-0.0,0,0
10,0.0,0.22970297029702966,0.1957693907320881,1.0,-0.0,0,0
11,0.0,0.20792079207920788,0.1948257247722589,1.0,-0.0,0,0
12,0.0,0.1089108910891089,0.1529246303073887,1.0,-0.0,0,0
13,0.0,0.1089108910891089,0.1529246303073887,1.0,-0.0,0,0
14,0.0,0.1089108910891089,0.1529246303073887,1.0,-0.0,0,0
15,0.0,0.1089108910891089,0.1529246303073887,1.0,-0.0,0,0
16,0.0,0.0,0.0,1.0,-0.0,0,0
17,0.0,0.0,0.0,1.0,-0.0,0,0
18,0.0,0.0,0.0,1.0,-0.0,0,0
19,0.4,0.09108910891089109,0.12750384183766536,0.007701602182696177,2.1134189181103133,0,0
20,0.4,0.09108910891089109,0.12750384183766536,0.007701602182696177,2.1134189181103133,0,0
21,0.4,0.11881188118811879,0.13838736799727644,0.021082319860427867,1.6760816018490217,0,0
22,0.6,0.19603960396039605,0.18016537621852308,0.012475373924494852,1.903946428397075,0,0
23,0.6,0.2633663366336634,0.22326238715968957,0.06580364313059195,1.1817500615879568,0,0
24,0.2,0.17227722772277226,0.1950469919926575,0.4434871560200297,0.3531189533979824,0,0
25,0.2,0.17227722772277226,0.1950469919926575,0.4434871560200297,0.3531189533979824,0,0
26,0.2,0.1425742574257426,0.17425742574257425,0.37087172151388614,0.4307762797980448,0,0
27,0.0,0.06732673267326733,0.12032045569079852,1.0,-0.0,0,0
28,0.0,0.0,0.0,1.0,-0.0,0,0
29,0.0,0.0,0.0,1.0,-0.0,0,0
30,0.0,0.09306930693069307,0.13948804962658473,1.0,-0.0,0,0
31,0.0,0.09306930693069307,0.13948804962658473,1.0,-0.0,0,0
32,0.2,0.17821782178217818,0.1843393128354381,0.45296905541248234,0.3439314658075614,0,0
33,0.4,0.2831683168316832,0.23759075678369337,0.3114533574627444,0.5066069830762947,0,0
34,0.4,0.2831683168316832,0.23759075678369337,0.3114533574627444,0.5066069830762947,0,0
35,0.4,0.23564356435643566,0.20947088382745171,0.21633625314630595,0.664870696362568,0,0
36,0.4,0.297029702970297,0.22797231269467202,0.32575013895305494,0.4871153903612499,0,0
37,0.4,0.398019801980198,0.2509310181015997,0.49685181799988576,0.3037731167407805,0,0
38,0.2,0.31287128712871287,0.23278910114353418,1.0,-0.0,0,0
39,0.2,0.31287128712871287,0.23278910114353418,1.0,-0.0,0,0
40,0.2,0.2673267326732673,0.22030982274568572,1.0,-0.0,0,0
41,0.2,0.26732673267326734,0.22563832923951074,1.0,-0.0,0,0
42,0.0,0.08316831683168317,0.12353642740976017,1.0,-0.0,0,0
43,0.0,0.0613861386138614,0.10806149425459212,1.0,-0.0,0,0
44,0.0,0.0613861386138614,0.10806149425459212,1.0,-0.0,0,0
45,0.0,0.09504950495049505,0.13957235791450376,1.0,-0.0,0,0
46,0.0,0.033663366336633666,0.08475617647141663,1.0,-0.0,0,0
47,0.0,0.033663366336633666,0.08475617647141663,1.0,-0.0,0,0
48,0.2,0.19999999999999996,0.19498667128857303,0.4999999999999999,0.3010299956639813,0,0
49,0.4,0.22970297029702966,0.20370069017874276,0.20157295996871177,0.6955677268098429,0,0
50,0.4,0.19603960396039602,0.1845094068165728,0.1344888118906336,0.8713138430687275,0,0
51,0.6,0.26732673267326734,0.2034888329293486,0.051040480566242316,1.2920852452139182,0,0
52,0.8,0.41386138613861384,0.2552535927813389,0.06516972459612898,1.1859541143064445,0,0
53,0.6,0.2475247524752475,0.21275843197724023,0.04879085431709626,1.3116615774205806,0,0
54,0.4,0.2178217821782178,0.18900261384538625,0.16754989117180613,0.7758558499146507,0,0
55,0.6,0.35841584158415846,0.2409828582427928,0.1580522420917535,0.8011993389818206,0,0
56,0.4,0.28514851485148507,0.2292415987917686,0.30818334466605835,0.5111908358157788,0,0
57,0.2,0.1722772277227723,0.17126137275595765,0.4357025185904343,0.3608099296057508,0,0
58,0.4,0.5277227722772277,0.3038103928899702,1.0,-0.0,0,0
59,0.4,0.5277227722772277,0.3038103928899702,1.0,-0.0,0,0
60,0.4,0.510891089108911,0.3359340429425466,1.0,-0.0,0,0
61,0.4,0.510891089108911,0.3359340429425466,1.0,-0.0,0,0
62,0.6,0.5594059405940595,0.3412783822953559,0.4526586498890756,0.3442291762474202,0,0
63,0.4,0.31287128712871287,0.23783818708310273,0.35705714915383624,0.4472622668687869,0,0
64,0.4,0.31287128712871287,0.23783818708310273,0.35705714915383624,0.4472622668687869,0,0
65,0.2,0.22178217821782176,0.1968081743835003,1.0,-0.0,0,0
66,0.2,0.22178217821782176,0.1968081743835003,1.0,-0.0,0,0
67,0.0,0.14257425742574253,0.14981608173764546,1.0,-0.0,0,0
68,0.0,0.03168316831683169,0.07826167463512676,1.0,-0.0,0,0
69,0.0,0.03168316831683169,0.07826167463512676,1.0,-0.0,0,0
70,0.0,0.0,0.0,1.0,-0.0,0,0
71,0.0,0.0,0.0,1.0,-0.0,0,0
72,0.4,0.06336633663366337,0.10120342446875752,0.0004400246430833574,3.3565230006605695,0,0
73,0.4,0.06336633663366337,0.10120342446875752,0.0004400246430833574,3.3565230006605695,0,0
74,0.4,0.06336633663366337,0.10120342446875752,0.0004400246430833574,3.3565230006605695,0,0
75,0.4,0.07524752475247526,0.11553229422427584,0.002469974202944899,2.607307582601543,0,0
76,0.4,0.0891089108910891,0.11765109526742927,0.004115022614345897,2.3856277737545915,0,0
77,0.0,0.025742574257425748,0.0669763743575753,1.0,-0.0,0,0
78,0.0,0.025742574257425748,0.0669763743575753,1.0,-0.0,0,0
79,0.0,0.025742574257425748,0.0669763743575753,1.0,-0.0,0,0
80,0.0,0.03564356435643565,0.08154954567118415,1.0,-0.0,0,0
81,0.0,0.021782178217821784,0.06230547612891991,1.0,-0.0,0,0
82,0.0,0.021782178217821784,0.06230547612891991,1.0,-0.0,0,0
83,0.0,0.04752475247524753,0.10586191211583094,1.0,-0.0,0,0
84,0.0,0.06732673267326733,0.11698261772468857,1.0,-0.0,0,0
85,0.0,0.04554455445544554,0.09283729243351323,1.0,-0.0,0,0
86,0.4,0.07524752475247526,0.1189108498693262,0.0031565641891390605,2.5007853748126454,0,0
87,0.6,0.16435643564356434,0.16744093589393827,0.004637140001348021,2.3337497919853574,0,0
88,0.6,0.13861386138613857,0.15604664003838054,0.0015546543275938465,2.808366159889269,0,0
89,0.8,0.17623762376237626,0.17414487814590618,0.00017057904456709277,3.7680743224525965,0,0
90,0.8,0.17623762376237626,0.17414487814590618,0.00017057904456709277,3.7680743224525965,0,0
91,0.4,0.14653465346534653,0.1638426898490107,0.060931103784657055,1.2151609544334858,0,0
92,0.8,0.2178217821782178,0.19920437766272148,0.0017360722779046582,2.7604321977990893,0,0
93,1.0,0.33069306930693076,0.2616560262837058,0.0052643359656674065,2.2786564021867495,0,0
94,0.8,0.27326732673267323,0.24970917306073365,0.017455700716291225,1.7580627128131057,0,0
95,0.8,0.27326732673267323,0.24970917306073365,0.017455700716291225,1.7580627128131057,0,0
96,0.8,0.28316831683168314,0.2598816588756106,0.02336609460127979,1.6314138693299831,0,0
97,0.4,0.22772277227722773,0.23041882309368486,0.2273296333701696,0.6433439484795841,0,0
98,0.4,0.22772277227722776,0.2252034555954159,0.2221402882813755,0.6533726688647244,0,0
99,0.4,0.2415841584158416,0.23431692455984227,0.24949647785807216,0.6029355809327784,0,0
100,0.4,0.3188118811881188,0.25200694289002823,0.37366339502837365,0.4275194446064313,0,0
101,0.4,0.3089108910891089,0.24458451733298234,0.3547886476332785,0.4500302849764474,0,0
102,0.2,0.20594059405940596,0.18337959449964716,1.0,-0.0,0,0
103,0.0,0.09900990099009901,0.12467387119760154,1.0,-0.0,0,0
104,0.0,0.08514851485148514,0.11378818137472194,1.0,-0.0,0,0
105,0.0,0.007920792079207921,0.03900537743285587,1.0,-0.0,0,0
106,0.0,0.007920792079207921,0.03900537743285587,1.0,-0.0,0,0
107,0.0,0.007920792079207921,0.03900537743285587,1.0,-0.0,0,0
108,0.0,0.009900990099009901,0.04338396495090424,1.0,-0.0,0,0
109,0.2,0.04752475247524753,0.10205226714237722,0.06757607977550824,1.1702070061279661,0,0
110,0.4,0.10693069306930691,0.1422989641443302,0.019721639053748248,1.7050569939375246,0,0
111,0.4,0.12277227722772276,0.14615954128511632,0.028930645492943177,1.5386418763798104,0,0
112,1.0,0.31287128712871287,0.23949756249886503,0.0020585816186625802,2.6864319094136038,0,0
113,1.2,0.4811881188118811,0.2830921451243651,0.00555619478173049,2.2552225377458077,0,0
114,1.0,0.5336633663366337,0.3209753785081805,0.07312943472139019,1.1359077835883302,0,0
115,1.0,0.5544554455445545,0.3145088115925465,0.07829466568050272,1.1062678259936445,0,0
116,1.0,0.5376237623762375,0.3130341724136772,0.06982721590804022,1.1559752734377082,0,0
117,0.4,0.3485148514851485,0.24316960685954456,0.4161606896525715,0.3807389454441029,0,0
118,0.2,0.17029702970297025,0.172083651345746,0.4314798834544272,0.3650394472451601,0,0
119,0.2,0.11089108910891088,0.1527963700899836,0.2798835913936494,0.5530225619699969,0,0
120,0.0,0.041584158415841586,0.09467748980500533,1.0,-0.0,0,0
121,0.0,0.041584158415841586,0.09467748980500533,1.0,-0.0,0,0
122,0.0,0.041584158415841586,0.09467748980500533,1.0,-0.0,0,0
123,0.2,0.10495049504950495,0.1213588391765906,0.21675178439927256,0.6640373185273337,0,0
124,0.2,0.07326732673267328,0.10038647014365605,0.10339385835372795,0.9855052577827257,0,0
125,0.2,0.11485148514851484,0.130031327995105,0.25628835809898753,0.5912711211985167,0,0
126,0.2,0.11485148514851484,0.130031327995105,0.25628835809898753,0.5912711211985167,0,0
127,0.2,0.11485148514851484,0.130031327995105,0.25628835809898753,0.5912711211985167,0,0
128,0.0,0.05148514851485149,0.096075322540263,1.0,-0.0,0,0
129,0.0,0.05148514851485149,0.096075322540263,1.0,-0.0,0,0
130,0.0,0.06336633663366337,0.09304823860966917,1.0,-0.0,0,0
131,0.0,0.06336633663366337,0.09304823860966917,1.0,-0.0,0,0
132,0.0,0.06336633663366337,0.09304823860966917,1.0,-0.0,0,0
133,0.0,0.06336633663366337,0.09304823860966917,1.0,-0.0,0,0
134,0.0,0.06336633663366337,0.09304823860966917,1.0,-0.0,0,0
135,0.0,0.0,0.0,1.0,-0.0,0,0
136,0.0,0.0,0.0,1.0,-0.0,0,0
137,0.0,0.0,0.0,1.0,-0.0,0,0
138,0.0,0.0,0.0,1.0,-0.0,0,0
139,0.0,0.0,0.0,1.0,-0.0,0,0
140,0.2,0.11089108910891088,0.13923481846532235,0.2610895049836087,0.5832105851640816,0,0
141,0.6,0.32673267326732675,0.2264189969940339,0.11373342426139323,0.9441118850125222,0,0
142,0.6,0.3841584158415841,0.24805487785805308,0.19211292745640474,0.7164434100780206,0,0
143,0.6,0.44554455445544555,0.27558210308300685,0.28757951742707877,0.5412420493919815,0,0
144,0.6,0.44554455445544555,0.27558210308300685,0.28757951742707877,0.5412420493919815,0,0
145,0.6,0.3504950495049505,0.2539290313173932,0.1629077135410043,0.7880583517321029,0,0
146,0.4,0.20396039603960395,0.21430097835197912,0.1801519081827383,0.7443611334368065,0,0
147,1.0,0.3722772277227723,0.2772277227722772,0.011778273824033328,1.9289183533204481,0,0
148,1.0,0.3099009900990099,0.25231794750410264,0.0031186599355075635,2.506031978940951,0,0
149,1.2,0.4534653465346534,0.2638497759041722,0.0023318211194917494,2.632304768577416,0,0
150,1.0,0.48514851485148514,0.2776799705815145,0.03186112626006661,1.496738876372712,0,0
151,1.0,0.5683168316831683,0.3001421092687569,0.07517978066052379,1.1238989456887551,0,0
152,0.4,0.37821782178217817,0.25779105838138366,0.4663312497562935,0.33130548065964155,0,0
153,0.4,0.37821782178217817,0.25779105838138366,0.4663312497562935,0.33130548065964155,0,0
154,0.4,0.4792079207920792,0.32221904845118293,1.0,-0.0,0,0
155,0.6,0.5663366336633664,0.32949923833586525,0.4593127618288874,0.3378914877088619,0,0
156,0.4,0.4158415841584158,0.26353750114240204,1.0,-0.0,0,0
157,0.4,0.3801980198019802,0.2602435272229174,0.46967367121069115,0.3282037846504748,0,0
158,0.4,0.3940594059405941,0.2601681794905923,0.4908914755753874,0.30901450944161435,0,0
159,0.2,0.1485148514851485,0.16804870898437324,0.3796613252210773,0.4206036406756712,0,0
160,0.0,0.013861386138613863,0.05807080514303042,1.0,-0.0,0,0
161,0.0,0.019801980198019802,0.06603299802191315,1.0,-0.0,0,0
162,0.0,0.019801980198019802,0.06603299802191315,1.0,-0.0,0,0
163,0.0,0.03564356435643565,0.08626938974571076,1.0,-0.0,0,0
164,0.0,0.05148514851485149,0.10399339410297728,1.0,-0.0,0,0
165,0.2,0.09108910891089109,0.12750384183766536,0.19650337127395107,0.7066299943312295,0,0
166,0.4,0.2099009900990099,0.19975477565019392,0.17063423815752554,0.7679338222248269,0,0
167,0.4,0.2099009900990099,0.19975477565019392,0.17063423815752554,0.7679338222248269,0,0
168,0.4,0.2693069306930693,0.20954574833442652,0.26641327377542345,0.5744441406736316,0,0
169,0.4,0.31683168316831684,0.2202920235274991,0.35288740944731123,0.4523638364122079,0,0
170,0.6,0.6415841584158414,0.34159420275087315,1.0,-0.0,0,0
171,0.4,0.6059405940594059,0.31523110559759293,1.0,-0.0,0,0
172,0.6,0.700990099009901,0.363289440699496,1.0,-0.0,0,0
173,0.6,0.6752475247524752,0.346811770385654,1.0,-0.0,0,0
174,0.6,0.6118811881188118,0.3546821554974134,1.0,-0.0,0,0
175,0.2,0.2475247524752475,0.19730564288445387,1.0,-0.0,0,0
176,0.2,0.16039603960396034,0.14897618117864572,0.39518087563917903,0.4032040807983308,0,0
177,0.0,0.07524752475247526,0.10474480123119365,1.0,-0.0,0,0
178,0.0,0.05544554455445545,0.10575073206193022,1.0,-0.0,0,0
179,0.2,0.19801980198019803,0.2019607833806434,0.49608848785864257,0.3044408510075084,0,0
180,0.2,0.2158415841584158,0.21559619077961134,1.0,-0.0,0,0
181,0.4,0.23366336633663368,0.2270243270964992,0.2318762083280418,0.6347438098868797,0,0
182,0.6,0.34851485148514855,0.2619855114224353,0.1685477240426994,0.7732771075296616,0,0
183,0.6,0.30297029702970296,0.23481842386627264,0.10294757432379055,0.9873838818793977,0,0
184,0.4,0.45544554455445546,0.25658659878911994,1.0,-0.0,0,0
185,0.4,0.4376237623762377,0.2605597497652424,1.0,-0.0,0,0
186,0.2,0.4198019801980198,0.24777017536027013,1.0,-0.0,0,0
187,0.0,0.40990099009900993,0.2615660946686474,1.0,-0.0,0,0
188,0.0,0.49702970297029714,0.2919566784439612,1.0,-0.0,0,0
189,0.0,0.20198019801980197,0.1856112183041662,1.0,-0.0,0,0
190,0.0,0.20198019801980197,0.1856112183041662,1.0,-0.0,0,0
191,0.0,0.20198019801980197,0.1856112183041662,1.0,-0.0,0,0
192,0.0,0.08514851485148514,0.11378818137472194,1.0,-0.0,0,0
193,0.0,0.0,0.0,1.0,-0.0,0,0
194,0.0,0.05346534653465347,0.09287951999650357,1.0,-0.0,0,0
195,0.0,0.05346534653465347,0.09287951999650357,1.0,-0.0,0,0
196,0.0,0.05346534653465347,0.09287951999650357,1.0,-0.0,0,0
197,0.0,0.05346534653465347,0.09287951999650357,1.0,-0.0,0,0
198,0.0,0.05346534653465347,0.09287951999650357,1.0,-0.0,0,0
199,0.0,0.1584158415841584,0.17421241542909127,1.0,-0.0,0,0
200,0.0,0.1584158415841584,0.17421241542909127,1.0,-0.0,0,0
201,0.0,0.1584158415841584,0.17421241542909127,1.0,-0.0,0,0
202,0.0,0.1584158415841584,0.17421241542909127,1.0,-0.0,0,0
203,0.0,0.1584158415841584,0.17421241542909127,1.0,-0.0,0,0
204,0.0,0.021782178217821784,0.06230547612891991,1.0,-0.0,0,0
205,0.0,0.05544554455445545,0.09384550979067555,1.0,-0.0,0,0
206,0.0,0.05544554455445545,0.09384550979067555,1.0,-0.0,0,0
207,0.0,0.05544554455445545,0.09384550979067555,1.0,-0.0,0,0
208,0.0,0.09900990099009899,0.12467387119760154,1.0,-0.0,0,0
209,0.0,0.07722772277227724,0.11593886073904514,1.0,-0.0,0,0
210,0.0,0.04356435643564357,0.08721867542790196,1.0,-0.0,0,0
211,0.0,0.08118811881188118,0.11664694237642094,1.0,-0.0,0,0
212,0.0,0.08118811881188118,0.11664694237642094,1.0,-0.0,0,0
213,0.0,0.03762376237623763,0.07816140339006158,1.0,-0.0,0,0
214,0.0,0.03762376237623763,0.07816140339006158,1.0,-0.0,0,0
215,0.0,0.03762376237623763,0.07816140339006158,1.0,-0.0,0,0
216,0.0,0.017821782178217824,0.05698017651460656,1.0,-0.0,0,0
217,0.0,0.017821782178217824,0.05698017651460656,1.0,-0.0,0,0
218,0.0,0.017821782178217824,0.05698017651460656,1.0,-0.0,0,0
219,0.0,0.031683168316831684,0.0730260947112308,1.0,-0.0,0,0
220,0.0,0.031683168316831684,0.0730260947112308,1.0,-0.0,0,0
221,0.0,0.01386138613861386,0.05079507064705211,1.0,-0.0,0,0
222,0.0,0.01386138613861386,0.05079507064705211,1.0,-0.0,0,0
223,0.0,0.01386138613861386,0.05079507064705211,1.0,-0.0,0,0
224,0.0,0.12277227722772274,0.12888031758632065,1.0,-0.0,0,0
225,0.0,0.12277227722772274,0.12888031758632065,1.0,-0.0,0,0
226,0.0,0.18217821782178217,0.18900261384538627,1.0,-0.0,0,0
227,0.0,0.25940594059405936,0.1747293340075705,1.0,-0.0,0,0
228,0.0,0.25940594059405936,0.1747293340075705,1.0,-0.0,0,0
229,0.0,0.1584158415841584,0.15496235680407014,1.0,-0.0,0,0
230,0.0,0.17821782178217827,0.16626589726481847,1.0,-0.0,0,0
231,0.0,0.11683168316831682,0.13575553664160483,1.0,-0.0,0,0
232,0.0,0.05148514851485149,0.08744317689433512,1.0,-0.0,0,0
233,0.0,0.05148514851485149,0.08744317689433512,1.0,-0.0,0,0
234,0.0,0.11881188118811878,0.12642288870900886,1.0,-0.0,0,0
235,0.0,0.20198019801980197,0.179095747399525,1.0,-0.0,0,0
236,0.0,0.24554455445544554,0.21038613838088602,1.0,-0.0,0,0
237,0.0,0.23366336633663365,0.1971465895390676,1.0,-0.0,0,0
238,0.0,0.3643564356435644,0.22932710798896513,1.0,-0.0,0,0
239,0.0,0.4455445544554455,0.26081545863013006,1.0,-0.0,0,0
240,0.0,0.35049504950495053,0.23277225617074587,1.0,-0.0,0,0
241,0.0,0.40396039603960393,0.2532641528222927,1.0,-0.0,0,0
242,0.0,0.40396039603960393,0.2532641528222927,1.0,-0.0,0,0
243,0.0,0.3861386138613861,0.2643990769184082,1.0,-0.0,0,0
244,0.0,0.21782178217821782,0.20314168084328177,1.0,-0.0,0,0
245,0.0,0.22772277227722773,0.20494810349204928,1.0,-0.0,0,0
246,0.0,0.12871287128712872,0.17481907686608508,1.0,-0.0,0,0
247,0.0,0.15544554455445544,0.19008869608984935,1.0,-0.0,0,0
248,0.0,0.04356435643564357,0.08721867542790195,1.0,-0.0,0,0
249,0.0,0.04356435643564357,0.08721867542790195,1.0,-0.0,0,0
250,0.0,0.025742574257425748,0.07264925278354116,1.0,-0.0,0,0
251,0.0,0.025742574257425748,0.07264925278354116,1.0,-0.0,0,0
252,0.0,0.0,0.0,1.0,-0.0,0,0
253,0.0,0.0,0.0,1.0,-0.0,0,0
254,0.0,0.0,0.0,1.0,-0.0,0,0
255,0.0,0.0,0.0,1.0,-0.0,0,0
256,0.0,0.0,0.0,1.0,-0.0,0,0
257,0.0,0.0,0.0,1.0,-0.0,0,0
258,0.0,0.0,0.0,1.0,-0.0,0,0
259,0.0,0.0,0.0,1.0,-0.0,0,0
260,0.0,0.0,0.0,1.0,-0.0,0,0
261,0.0,0.0,0.0,1.0,-0.0,0,0
262,0.0,0.0,0.0,1.0,-0.0,0,0
263,0.0,0.0,0.0,1.0,-0.0,0,0
264,0.0,0.06732673267326733,0.1135467024699521,1.0,-0.0,0,0
265,0.0,0.06732673267326733,0.1135467024699521,1.0,-0.0,0,0
266,0.0,0.06732673267326733,0.1135467024699521,1.0,-0.0,0,0
267,0.2,0.13366336633663367,0.15432845757147498,0.33365580592186994,0.4767013136188677,0,0
268,0.2,0.13366336633663367,0.15432845757147498,0.33365580592186994,0.4767013136188677,0,0
269,0.2,0.09504950495049505,0.13078304733432375,0.21113830602558958,0.6754329671360484,0,0
270,0.2,0.16237623762376235,0.16581719933036293,0.4102511265466175,0.3869502177037349,0,0
271,0.2,0.19801980198019795,0.17909574739952497,0.49558912688004214,0.30487823051994456,0,0
272,0.0,0.13267326732673265,0.1442693512878177,1.0,-0.0,0,0
273,0.0,0.13267326732673265,0.1442693512878177,1.0,-0.0,0,0
274,0.0,0.100990099009901,0.1367914141716479,1.0,-0.0,0,0
275,0.0,0.03564356435643565,0.08626938974571076,1.0,-0.0,0,0
276,0.0,0.0,0.0,1.0,-0.0,0,0
277,0.0,0.0,0.0,1.0,-0.0,0,0
278,0.0,0.0,0.0,1.0,-0.0,0,0
279,0.0,0.0,0.0,1.0,-0.0,0,0
280,0.0,0.0,0.0,1.0,-0.0,0,0
281,0.0,0.0,0.0,1.0,-0.0,0,0
282,0.0,0.0,0.0,1.0,-0.0,0,0
283,0.0,0.0,0.0,1.0,-0.0,0,0
284,0.0,0.0,0.0,1.0,-0.0,0,0
285,0.0,0.0,0.0,1.0,-0.0,0,0
286,0.0,0.0,0.0,1.0,-0.0,0,0
287,0.0,0.09504950495049505,0.15049504950495052,1.0,-0.0,0,0
288,0.0,0.32079207920792085,0.23560195988492436,1.0,-0.0,0,0
289,0.0,0.32079207920792085,0.23560195988492436,1.0,-0.0,0,0
290,0.0,0.39999999999999997,0.27431282279994723,1.0,-0.0,0,0
291,0.0,0.4336633663366337,0.2758523165376046,1.0,-0.0,0,0
292,0.0,0.38415841584158406,0.2464531258094586,1.0,-0.0,0,0
293,0.0,0.2752475247524752,0.2026585386455561,1.0,-0.0,0,0
294,0.0,0.2752475247524752,0.2026585386455561,1.0,-0.0,0,0
295,0.0,0.19801980198019797,0.17233412057057096,1.0,-0.0,0,0
296,0.0,0.1782178217821782,0.1614316888886243,1.0,-0.0,0,0
297,0.0,0.16237623762376235,0.15597123697041756,1.0,-0.0,0,0
298,0.0,0.04356435643564357,0.08255312311158745,1.0,-0.0,0,0
299,0.0,0.05940594059405942,0.09562531855564071,1.0,-0.0,0,0
300,0.0,0.05940594059405942,0.09562531855564071,1.0,-0.0,0,0
301,0.0,0.04554455445544554,0.08846854615322249,1.0,-0.0,0,0
302,0.0,0.015841584158415842,0.05401260078014202,1.0,-0.0,0,0
303,0.0,0.015841584158415842,0.05401260078014202,1.0,-0.0,0,0
304,0.2,0.14257425742574256,0.1696510890344863,0.36749576961119956,0.43474765588614506,0,0
305,0.2,0.14257425742574256,0.1696510890344863,0.36749576961119956,0.43474765588614506,0,0
306,0.2,0.14257425742574256,0.1696510890344863,0.36749576961119956,0.43474765588614506,0,0
307,0.2,0.14257425742574256,0.1696510890344863,0.36749576961119956,0.43474765588614506,0,0
308,0.4,0.26534653465346536,0.23055492400519423,0.27959645590732196,0.5534683378964868,0,0
309,0.4,0.2514851485148515,0.22098513071529313,0.2507733483789565,0.6007186212184943,0,0
310,0.4,0.2514851485148515,0.22098513071529313,0.2507733483789565,0.6007186212184943,0,0
311,0.4,0.2514851485148515,0.22098513071529313,0.2507733483789565,0.6007186212184943,0,0
312,0.4,0.2514851485148515,0.22098513071529313,0.2507733483789565,0.6007186212184943,0,0
313,0.2,0.12673267326732673,0.17737976773511835,0.33978372326147777,0.46879742907801614,0,0
314,0.0,0.0,0.0,1.0,-0.0,0,0
315,0.0,0.06336633663366337,0.10120342446875752,1.0,-0.0,0,0
316,0.0,0.15643564356435644,0.1702740025877676,1.0,-0.0,0,0
317,0.0,0.15643564356435644,0.1702740025877676,1.0,-0.0,0,0
318,0.0,0.2613861386138614,0.22992478194491442,1.0,-0.0,0,0
319,0.0,0.3089108910891089,0.24780182512412924,1.0,-0.0,0,0
320,0.2,0.4118811881188118,0.2545767711681298,1.0,-0.0,0,0
321,0.2,0.3356435643564357,0.22320090777337737,1.0,-0.0,0,0
322,0.4,0.48910891089108915,0.3089108910891089,1.0,-0.0,0,0
323,0.4,0.3841584158415841,0.26800793296494774,0.4764327888744181,0.32199835731267423,0,0
324,0.4,0.3346534653465347,0.26863632288493655,0.40390478764782045,0.3937209989302678,0,0
325,0.4,0.30297029702970296,0.21911407831482066,0.3289453156420848,0.48287629380936825,0,0
326,0.4,0.2871287128712871,0.21510456418218252,0.299886307488059,0.5230433632439235,0,0
327,0.2,0.1485148514851485,0.14529850556708232,0.3615418509693167,0.44184142287009315,0,0
328,0.2,0.1485148514851485,0.14529850556708232,0.3615418509693167,0.44184142287009315,0,0
329,0.2,0.5346534653465347,0.3135348271476807,1.0,-0.0,0,0
330,0.0,0.40198019801980206,0.2556220128808701,1.0,-0.0,0,0
331,0.0,0.40198019801980206,0.2556220128808701,1.0,-0.0,0,0
332,0.0,0.41386138613861395,0.27032422885673696,1.0,-0.0,0,0
333,0.2,0.4257425742574258,0.27526889296641815,1.0,-0.0,0,0
334,0.2,0.03762376237623762,0.07816140339006157,0.018880122929825723,1.7239951823064261,0,0
335,0.4,0.2376237623762376,0.07816140339006157,0.018880122929825698,1.7239951823064268,0,0
336,0.4,0.2376237623762376,0.07816140339006157,0.018880122929825698,1.7239951823064268,0,0
337,0.4,0.28712871287128705,0.12401163019288058,0.18136723570535096,0.7414411662151204,0,0
338,0.2,0.2752475247524752,0.11553229422427584,1.0,-0.0,0,0
339,0.2,0.39603960396039606,0.2029099161576158,1.0,-0.0,0,0
340,0.0,0.19603960396039605,0.2029099161576158,1.0,-0.0,0,0
341,0.0,0.19603960396039605,0.2029099161576158,1.0,-0.0,0,0
342,0.0,0.15445544554455448,0.166218722942046,1.0,-0.0,0,0
343,0.0,0.15445544554455448,0.166218722942046,1.0,-0.0,0,0
344,0.0,0.033663366336633666,0.08475617647141663,1.0,-0.0,0,0
345,0.0,0.033663366336633666,0.08475617647141663,1.0,-0.0,0,0
346,0.0,0.17227722772277226,0.1802741651760957,1.0,-0.0,0,0
347,0.0,0.24356435643564353,0.23140374111669773,1.0,-0.0,0,0
