,foreground,bg_means,bg_stdev,pvals,minus_logs,regs,active
2,0.0,0.009900990099009901,0.04338396495090424,1.0,-0.0,0,0
3,0.0,0.009900990099009901,0.04338396495090424,1.0,-0.0,0,0
4,0.0,0.009900990099009901,0.04338396495090424,1.0,-0.0,0,0
5,0.0,0.009900990099009901,0.04338396495090424,1.0,-0.0,0,0
6,0.0,0.0,0.0,1.0,-0.0,0,0
7,0.0,0.0,0.0,1.0,-0.0,0,0
8,0.0,0.0,0.0,1.0,-0.0,0,0
9,0.0,0.0,0.0,1.0,-0.0,0,0
10,0.0,0.0,0.0,1.0,-0.0,0,0
11,0.0,0.013861386138613863,0.05807080514303042,1.0,-0.0,0,0
12,0.0,0.24356435643564353,0.21728105701932995,1.0,-0.0,0,0
13,0.0,0.24356435643564353,0.21728105701932995,1.0,-0.0,0,0
14,0.0,0.24356435643564353,0.21728105701932995,1.0,-0.0,0,0
15,0.0,0.24356435643564353,0.21728105701932995,1.0,-0.0,0,0
16,0.0,0.6772277227722772,0.37121187356149055,1.0,-0.0,0,0
17,0.0,0.4475247524752475,0.30591335711371337,1.0,-0.0,0,0
18,0.0,0.4475247524752475,0.30591335711371337,1.0,-0.0,0,0
19,0.0,0.4772277227722772,0.3069754039616016,1.0,-0.0,0,0
20,0.0,0.4772277227722772,0.3069754039616016,1.0,-0.0,0,0
21,0.0,0.2633663366336633,0.24844975676996542,1.0,-0.0,0,0
22,0.0,0.3029702970297029,0.269379722253361,1.0,-0.0,0,0
23,0.0,0.3029702970297029,0.269379722253361,1.0,-0.0,0,0
24,0.0,0.2732673267326733,0.2635970105709899,1.0,-0.0,0,0
25,0.0,0.2732673267326733,0.2635970105709899,1.0,-0.0,0,0
26,0.0,0.039603960396039604,0.08452453849668534,1.0,-0.0,0,0
27,0.0,0.0,0.0,1.0,-0.0,0,0
28,0.0,0.0,0.0,1.0,-0.0,0,0
29,0.0,0.0,0.0,1.0,-0.0,0,0
30,0.0,0.011881188118811883,0.047276579747775535,1.0,-0.0,0,0
31,0.0,0.011881188118811883,0.047276579747775535,1.0,-0.0,0,0
32,0.0,0.011881188118811883,0.047276579747775535,1.0,-0.0,0,0
33,0.0,0.011881188118811883,0.047276579747775535,1.0,-0.0,0,0
34,0.0,0.011881188118811883,0.047276579747775535,1.0,-0.0,0,0
35,0.0,0.031683168316831684,0.0730260947112308,1.0,-0.0,0,0
36,0.0,0.031683168316831684,0.0730260947112308,1.0,-0.0,0,0
37,0.0,0.031683168316831684,0.0730260947112308,1.0,-0.0,0,0
38,0.0,0.07722772277227724,0.1124710639300034,1.0,-0.0,0,0
39,0.0,0.15445544554455445,0.14860723199440565,1.0,-0.0,0,0
40,0.0,0.12277227722772276,0.13191745702927898,1.0,-0.0,0,0
41,0.0,0.12277227722772276,0.13191745702927898,1.0,-0.0,0,0
42,0.0,0.17425742574257427,0.1680720409815679,1.0,-0.0,0,0
43,0.0,0.12673267326732673,0.1658408452769117,1.0,-0.0,0,0
44,0.0,0.05148514851485149,0.1001126705723924,1.0,-0.0,0,0
45,0.0,0.05148514851485149,0.1001126705723924,1.0,-0.0,0,0
46,0.0,0.05148514851485149,0.1001126705723924,1.0,-0.0,0,0
47,0.0,0.0,0.0,1.0,-0.0,0,0
48,0.0,0.0,0.0,1.0,-0.0,0,0
49,0.0,0.0,0.0,1.0,-0.0,0,0
50,0.0,0.0,0.0,1.0,-0.0,0,0
51,0.0,0.0039603960396039604,0.027863855998951068,1.0,-0.0,0,0
52,0.0,0.0039603960396039604,0.027863855998951068,1.0,-0.0,0,0
53,0.0,0.0039603960396039604,0.027863855998951068,1.0,-0.0,0,0
54,0.0,0.06336633663366337,0.10874875419996817,1.0,-0.0,0,0
55,0.0,0.07722772277227724,0.1193059036149867,1.0,-0.0,0,0
56,0.0,0.07326732673267328,0.1115960618107356,1.0,-0.0,0,0
57,0.0,0.13663366336633662,0.15397233406965347,1.0,-0.0,0,0
58,0.0,0.14455445544554454,0.15950123220279025,1.0,-0.0,0,0
59,0.0,0.08316831683168316,0.12028786177019754,1.0,-0.0,0,0
60,0.0,0.06930693069306931,0.10693069306930694,1.0,-0.0,0,0
61,0.0,0.06930693069306931,0.10693069306930694,1.0,-0.0,0,0
62,0.0,0.023762376237623766,0.06471340450838887,1.0,-0.0,0,0
63,0.0,0.015841584158415842,0.05401260078014202,1.0,-0.0,0,0
64,0.0,0.015841584158415842,0.05401260078014202,1.0,-0.0,0,0
65,0.0,0.019801980198019802,0.06603299802191315,1.0,-0.0,0,0
66,0.0,0.019801980198019802,0.06603299802191315,1.0,-0.0,0,0
67,0.0,0.007920792079207921,0.03900537743285587,1.0,-0.0,0,0
68,0.0,0.03564356435643565,0.08154954567118416,1.0,-0.0,0,0
69,0.0,0.06534653465346535,0.10571364605971598,1.0,-0.0,0,0
70,0.0,0.061386138613861385,0.09644194583672018,1.0,-0.0,0,0
71,0.0,0.061386138613861385,0.09644194583672018,1.0,-0.0,0,0
72,0.0,0.306930693069307,0.26033391571556114,1.0,-0.0,0,0
73,0.0,0.27920792079207923,0.24548066878909683,1.0,-0.0,0,0
74,0.0,0.3485148514851485,0.2619855114224353,1.0,-0.0,0,0
75,0.0,0.6257425742574257,0.3373318327925121,1.0,-0.0,0,0
76,0.0,0.6257425742574257,0.3373318327925121,1.0,-0.0,0,0
77,0.0,0.3762376237623763,0.2703677418113619,1.0,-0.0,0,0
78,0.0,0.39009900990099017,0.27049823867769,1.0,-0.0,0,0
79,0.0,0.29504950495049503,0.25422226091611144,1.0,-0.0,0,0
80,0.0,0.017821782178217824,0.05698017651460656,1.0,-0.0,0,0
81,0.0,0.017821782178217824,0.05698017651460656,1.0,-0.0,0,0
82,0.0,0.04950495049504951,0.09504950495049506,1.0,-0.0,0,0
83,0.0,0.03564356435643565,0.08154954567118415,1.0,-0.0,0,0
84,0.0,0.031683168316831684,0.07826167463512675,1.0,-0.0,0,0
85,0.0,0.031683168316831684,0.07826167463512675,1.0,-0.0,0,0
86,0.0,0.031683168316831684,0.07826167463512675,1.0,-0.0,0,0
87,0.0,0.0,0.0,1.0,-0.0,0,0
88,0.0,0.0,0.0,1.0,-0.0,0,0
89,0.0,0.0,0.0,1.0,-0.0,0,0
90,0.0,0.02970297029702971,0.08150144802873932,1.0,-0.0,0,0
91,0.0,0.02970297029702971,0.08150144802873932,1.0,-0.0,0,0
92,0.0,0.02970297029702971,0.08150144802873932,1.0,-0.0,0,0
93,0.0,0.02970297029702971,0.08150144802873932,1.0,-0.0,0,0
94,0.0,0.02970297029702971,0.08150144802873932,1.0,-0.0,0,0
95,0.0,0.0,0.0,1.0,-0.0,0,0
96,0.0,0.0,0.0,1.0,-0.0,0,0
97,0.0,0.0,0.0,1.0,-0.0,0,0
98,0.0,0.007920792079207921,0.03900537743285587,1.0,-0.0,0,0
99,0.0,0.007920792079207921,0.03900537743285587,1.0,-0.0,0,0
100,0.0,0.3960396039603961,0.26096575856690013,1.0,-0.0,0,0
101,0.0,0.3960396039603961,0.26096575856690013,1.0,-0.0,0,0
102,0.0,0.41188118811881197,0.2607252370793313,1.0,-0.0,0,0
103,0.0,0.403960396039604,0.26247896363769496,1.0,-0.0,0,0
104,0.0,0.403960396039604,0.26247896363769496,1.0,-0.0,0,0
105,0.0,0.05346534653465347,0.10860442931328385,1.0,-0.0,0,0
106,0.0,0.05346534653465347,0.10860442931328385,1.0,-0.0,0,0
107,0.0,0.03762376237623763,0.09211646217515253,1.0,-0.0,0,0
108,0.0,0.03762376237623763,0.09211646217515253,1.0,-0.0,0,0
109,0.0,0.03762376237623763,0.09211646217515253,1.0,-0.0,0,0
110,0.0,0.2198019801980198,0.20586441850878456,1.0,-0.0,0,0
111,0.0,0.2198019801980198,0.20586441850878456,1.0,-0.0,0,0
112,0.0,0.2198019801980198,0.20586441850878456,1.0,-0.0,0,0
113,0.0,0.2198019801980198,0.20586441850878456,1.0,-0.0,0,0
114,0.0,0.3089108910891089,0.2329743154589415,1.0,-0.0,0,0
115,0.0,0.0891089108910891,0.13636075485692528,1.0,-0.0,0,0
116,0.0,0.09108910891089109,0.13937555924568534,1.0,-0.0,0,0
117,0.0,0.10495049504950493,0.14513649268759363,1.0,-0.0,0,0
118,0.0,0.10495049504950493,0.14513649268759363,1.0,-0.0,0,0
119,0.0,0.015841584158415842,0.06090517425437505,1.0,-0.0,0,0
120,0.0,0.1801980198019802,0.18775368421597716,1.0,-0.0,0,0
121,0.0,0.17821782178217818,0.18647536422960084,1.0,-0.0,0,0
122,0.0,0.16435643564356434,0.1743923869806257,1.0,-0.0,0,0
123,0.0,0.16435643564356434,0.1743923869806257,1.0,-0.0,0,0
124,0.0,0.16435643564356434,0.1743923869806257,1.0,-0.0,0,0
125,0.0,0.041584158415841586,0.08590499787518362,1.0,-0.0,0,0
126,0.0,0.041584158415841586,0.08590499787518362,1.0,-0.0,0,0
127,0.0,0.11089108910891088,0.14481192315867106,1.0,-0.0,0,0
128,0.0,0.11089108910891088,0.14481192315867106,1.0,-0.0,0,0
129,0.0,0.11089108910891088,0.14481192315867106,1.0,-0.0,0,0
130,0.0,0.07524752475247526,0.12851469892742934,1.0,-0.0,0,0
131,0.0,0.07524752475247526,0.12851469892742934,1.0,-0.0,0,0
132,0.0,0.0059405940594059415,0.03395332316729158,1.0,-0.0,0,0
133,0.0,0.0059405940594059415,0.03395332316729158,1.0,-0.0,0,0
134,0.0,0.0059405940594059415,0.03395332316729158,1.0,-0.0,0,0
135,0.0,0.0,0.0,1.0,-0.0,0,0
136,0.0,0.0,0.0,1.0,-0.0,0,0
137,0.0,0.0,0.0,1.0,-0.0,0,0
138,0.0,0.0,0.0,1.0,-0.0,0,0
139,0.0,0.0,0.0,1.0,-0.0,0,0
140,0.0,0.0,0.0,1.0,-0.0,0,0
141,0.0,0.0,0.0,1.0,-0.0,0,0
142,0.0,0.0,0.0,1.0,-0.0,0,0
143,0.0,0.0,0.0,1.0,-0.0,0,0
144,0.0,0.0,0.0,1.0,-0.0,0,0
145,0.0,0.015841584158415842,0.05401260078014202,1.0,-0.0,0,0
146,0.0,0.015841584158415842,0.05401260078014202,1.0,-0.0,0,0
147,0.0,0.025742574257425745,0.07264925278354115,1.0,-0.0,0,0
148,0.0,0.025742574257425745,0.07264925278354115,1.0,-0.0,0,0
149,0.0,0.09702970297029702,0.1396285351588451,1.0,-0.0,0,0
150,0.0,0.14455445544554454,0.1667839341722421,1.0,-0.0,0,0
151,0.0,0.16633663366336632,0.1847005753086894,1.0,-0.0,0,0
152,0.0,0.34752475247524744,0.27668263243341684,1.0,-0.0,0,0
153,0.0,0.34752475247524744,0.27668263243341684,1.0,-0.0,0,0
154,0.0,0.2752475247524752,0.24349189938913898,1.0,-0.0,0,0
155,0.0,0.21386138613861383,0.20730696757706768,1.0,-0.0,0,0
156,0.0,0.19207920792079203,0.1948257247722589,1.0,-0.0,0,0
157,0.0,0.0,0.0,1.0,-0.0,0,0
158,0.0,0.1425742574257426,0.1765155223609232,1.0,-0.0,0,0
159,0.0,0.1841584158415842,0.2023293429615018,1.0,-0.0,0,0
160,0.0,0.1841584158415842,0.2023293429615018,1.0,-0.0,0,0
161,0.0,0.1841584158415842,0.2023293429615018,1.0,-0.0,0,0
162,0.0,0.1841584158415842,0.2023293429615018,1.0,-0.0,0,0
163,0.0,0.039603960396039604,0.08452453849668534,1.0,-0.0,0,0
164,0.0,0.0,0.0,1.0,-0.0,0,0
165,0.0,0.0,0.0,1.0,-0.0,0,0
166,0.0,0.0,0.0,1.0,-0.0,0,0
167,0.0,0.0,0.0,1.0,-0.0,0,0
168,0.0,0.0,0.0,1.0,-0.0,0,0
169,0.0,0.0,0.0,1.0,-0.0,0,0
170,0.0,0.0,0.0,1.0,-0.0,0,0
171,0.0,0.0,0.0,1.0,-0.0,0,0
172,0.0,0.0,0.0,1.0,-0.0,0,0
173,0.0,0.0,0.0,1.0,-0.0,0,0
174,0.0,0.0,0.0,1.0,-0.0,0,0
175,0.0,0.0,0.0,1.0,-0.0,0,0
176,0.0,0.0,0.0,1.0,-0.0,0,0
177,0.0,0.0,0.0,1.0,-0.0,0,0
178,0.0,0.0059405940594059415,0.033953323167291584,1.0,-0.0,0,0
179,0.0,0.0059405940594059415,0.033953323167291584,1.0,-0.0,0,0
180,0.0,0.031683168316831684,0.08316831683168317,1.0,-0.0,0,0
181,0.0,0.031683168316831684,0.08316831683168317,1.0,-0.0,0,0
182,0.0,0.031683168316831684,0.08316831683168317,1.0,-0.0,0,0
183,0.0,0.025742574257425745,0.07264925278354116,1.0,-0.0,0,0
184,0.0,0.025742574257425745,0.07264925278354116,1.0,-0.0,0,0
185,0.0,0.0,0.0,1.0,-0.0,0,0
186,0.0,0.0059405940594059415,0.03395332316729158,1.0,-0.0,0,0
187,0.0,0.07326732673267328,0.13415750246300454,1.0,-0.0,0,0
188,0.0,0.07326732673267328,0.13415750246300454,1.0,-0.0,0,0
189,0.0,0.07326732673267328,0.13415750246300454,1.0,-0.0,0,0
190,0.0,0.13663366336633664,0.17103226044902325,1.0,-0.0,0,0
191,0.0,0.18613861386138614,0.1893342703651726,1.0,-0.0,0,0
192,0.0,0.11683168316831684,0.15225649732072147,1.0,-0.0,0,0
193,0.0,0.11683168316831684,0.15225649732072147,1.0,-0.0,0,0
194,0.0,0.1782178217821782,0.18217821782178217,1.0,-0.0,0,0
195,0.0,0.11287128712871287,0.15002532217723416,1.0,-0.0,0,0
196,0.0,0.0594059405940594,0.10733330877518932,1.0,-0.0,0,0
197,0.0,0.0594059405940594,0.10733330877518932,1.0,-0.0,0,0
198,0.0,0.0594059405940594,0.10733330877518932,1.0,-0.0,0,0
199,0.0,0.031683168316831684,0.0730260947112308,1.0,-0.0,0,0
200,0.0,0.031683168316831684,0.0730260947112308,1.0,-0.0,0,0
201,0.0,0.031683168316831684,0.0730260947112308,1.0,-0.0,0,0
202,0.0,0.031683168316831684,0.0730260947112308,1.0,-0.0,0,0
203,0.0,0.09108910891089109,0.12113245340338318,1.0,-0.0,0,0
204,0.0,0.05940594059405942,0.10357779667819421,1.0,-0.0,0,0
205,0.0,0.16633663366336632,0.16666633990099655,1.0,-0.0,0,0
206,0.0,0.21584158415841584,0.16811869526171186,1.0,-0.0,0,0
207,0.0,0.21584158415841584,0.16811869526171186,1.0,-0.0,0,0
208,0.0,0.1564356435643564,0.14786657190173833,1.0,-0.0,0,0
209,0.0,0.19009900990099002,0.1697435167662324,1.0,-0.0,0,0
210,0.0,0.08316831683168316,0.12353642740976017,1.0,-0.0,0,0
211,0.0,0.033663366336633666,0.07994704648786674,1.0,-0.0,0,0
212,0.0,0.033663366336633666,0.07994704648786674,1.0,-0.0,0,0
213,0.0,0.039603960396039604,0.08452453849668534,1.0,-0.0,0,0
214,0.0,0.04356435643564357,0.09587103712404123,1.0,-0.0,0,0
215,0.0,0.04356435643564357,0.09587103712404123,1.0,-0.0,0,0
216,0.0,0.04356435643564357,0.09587103712404123,1.0,-0.0,0,0
217,0.0,0.04356435643564357,0.09587103712404123,1.0,-0.0,0,0
218,0.0,0.03762376237623763,0.08307396817189318,1.0,-0.0,0,0
219,0.0,0.011881188118811883,0.047276579747775535,1.0,-0.0,0,0
220,0.0,0.011881188118811883,0.047276579747775535,1.0,-0.0,0,0
221,0.0,0.011881188118811883,0.047276579747775535,1.0,-0.0,0,0
222,0.0,0.011881188118811883,0.047276579747775535,1.0,-0.0,0,0
223,0.0,0.011881188118811883,0.047276579747775535,1.0,-0.0,0,0
224,0.0,0.0,0.0,1.0,-0.0,0,0
225,0.0,0.0,0.0,1.0,-0.0,0,0
226,0.0,0.0,0.0,1.0,-0.0,0,0
227,0.0,0.021782178217821784,0.062305476128919915,1.0,-0.0,0,0
228,0.0,0.021782178217821784,0.062305476128919915,1.0,-0.0,0,0
229,0.0,0.021782178217821784,0.062305476128919915,1.0,-0.0,0,0
230,0.0,0.039603960396039604,0.08452453849668534,1.0,-0.0,0,0
231,0.0,0.039603960396039604,0.08452453849668534,1.0,-0.0,0,0
232,0.0,0.017821782178217824,0.056980176514606566,1.0,-0.0,0,0
233,0.0,0.017821782178217824,0.056980176514606566,1.0,-0.0,0,0
234,0.0,0.017821782178217824,0.056980176514606566,1.0,-0.0,0,0
235,0.0,0.02970297029702971,0.07648795214189294,1.0,-0.0,0,0
236,0.0,0.02970297029702971,0.07648795214189294,1.0,-0.0,0,0
237,0.0,0.07326732673267328,0.1115960618107356,1.0,-0.0,0,0
238,0.0,0.07326732673267328,0.1115960618107356,1.0,-0.0,0,0
239,0.0,0.20990099009900992,0.1977622086930122,1.0,-0.0,0,0
240,0.0,0.1801980198019802,0.18131521809520149,1.0,-0.0,0,0
241,0.0,0.1801980198019802,0.18131521809520149,1.0,-0.0,0,0
242,0.0,0.13465346534653466,0.16911864928947468,1.0,-0.0,0,0
243,0.0,0.13465346534653466,0.16911864928947468,1.0,-0.0,0,0
244,0.0,0.06732673267326733,0.12356816445008077,1.0,-0.0,0,0
245,0.0,0.12277227722772276,0.14884451859775158,1.0,-0.0,0,0
246,0.0,0.12277227722772276,0.14884451859775158,1.0,-0.0,0,0
247,0.0,0.5603960396039604,0.3504111327633774,1.0,-0.0,0,0
248,0.0,0.5603960396039604,0.3504111327633774,1.0,-0.0,0,0
249,0.0,0.4910891089108911,0.3127960806966832,1.0,-0.0,0,0
250,0.0,0.502970297029703,0.3078045688144997,1.0,-0.0,0,0
251,0.0,0.502970297029703,0.3078045688144997,1.0,-0.0,0,0
252,0.0,0.09504950495049502,0.12457948087149172,1.0,-0.0,0,0
253,0.0,0.09504950495049502,0.12457948087149172,1.0,-0.0,0,0
254,0.0,0.1504950495049505,0.1551899266764091,1.0,-0.0,0,0
255,0.0,0.08118811881188118,0.11320083903331847,1.0,-0.0,0,0
256,0.0,0.08118811881188118,0.11320083903331847,1.0,-0.0,0,0
257,0.0,0.05346534653465347,0.10104832334394513,1.0,-0.0,0,0
258,0.0,0.05346534653465347,0.10104832334394513,1.0,-0.0,0,0
259,0.0,0.0,0.0,1.0,-0.0,0,0
260,0.0,0.0,0.0,1.0,-0.0,0,0
261,0.0,0.0,0.0,1.0,-0.0,0,0
262,0.0,0.0,0.0,1.0,-0.0,0,0
263,0.0,0.0,0.0,1.0,-0.0,0,0
264,0.0,0.0,0.0,1.0,-0.0,0,0
265,0.0,0.0,0.0,1.0,-0.0,0,0
266,0.2,0.0297029702970297,0.07112192077650681,0.008322928729312118,2.079723824290396,0,0
267,0.2,0.0297029702970297,0.07112192077650681,0.008322928729312118,2.079723824290396,0,0
268,0.2,0.0297029702970297,0.07112192077650681,0.008322928729312118,2.079723824290396,0,0
269,0.2,0.0297029702970297,0.07112192077650681,0.008322928729312118,2.079723824290396,0,0
270,0.2,0.0297029702970297,0.07112192077650681,0.008322928729312118,2.079723824290396,0,0
271,0.0,0.0,0.0,1.0,-0.0,0,0
272,0.0,0.0,0.0,1.0,-0.0,0,0
273,0.0,0.0019801980198019802,0.019801980198019802,1.0,-0.0,0,0
274,0.0,0.0019801980198019802,0.019801980198019802,1.0,-0.0,0,0
275,0.0,0.0019801980198019802,0.019801980198019802,1.0,-0.0,0,0
276,0.0,0.1821782178217822,0.18042635951740818,1.0,-0.0,0,0
277,0.0,0.1821782178217822,0.18042635951740818,1.0,-0.0,0,0
278,0.0,0.1801980198019802,0.1791176404070512,1.0,-0.0,0,0
279,0.0,0.1801980198019802,0.1791176404070512,1.0,-0.0,0,0
280,0.0,0.1801980198019802,0.1791176404070512,1.0,-0.0,0,0
281,0.0,0.0,0.0,1.0,-0.0,0,0
282,0.0,0.0,0.0,1.0,-0.0,0,0
283,0.0,0.0,0.0,1.0,-0.0,0,0
284,0.0,0.0,0.0,1.0,-0.0,0,0
285,0.0,0.0,0.0,1.0,-0.0,0,0
286,0.0,0.0,0.0,1.0,-0.0,0,0
287,0.0,0.0,0.0,1.0,-0.0,0,0
288,0.0,0.007920792079207921,0.03900537743285587,1.0,-0.0,0,0
289,0.0,0.007920792079207921,0.03900537743285587,1.0,-0.0,0,0
290,0.0,0.007920792079207921,0.03900537743285587,1.0,-0.0,0,0
291,0.0,0.007920792079207921,0.03900537743285587,1.0,-0.0,0,0
292,0.0,0.007920792079207921,0.03900537743285587,1.0,-0.0,0,0
293,0.0,0.0,0.0,1.0,-0.0,0,0
294,0.0,0.0,0.0,1.0,-0.0,0,0
295,0.0,0.0,0.0,1.0,-0.0,0,0
296,0.0,0.0,0.0,1.0,-0.0,0,0
297,0.0,0.0,0.0,1.0,-0.0,0,0
298,0.0,0.0,0.0,1.0,-0.0,0,0
299,0.0,0.0,0.0,1.0,-0.0,0,0
300,0.0,0.0,0.0,1.0,-0.0,0,0
301,0.0,0.023762376237623766,0.06471340450838887,1.0,-0.0,0,0
302,0.0,0.023762376237623766,0.06471340450838887,1.0,-0.0,0,0
303,0.0,0.05346534653465347,0.10104832334394513,1.0,-0.0,0,0
304,0.0,0.05346534653465347,0.10104832334394513,1.0,-0.0,0,0
305,0.0,0.05346534653465347,0.10104832334394513,1.0,-0.0,0,0
306,0.0,0.0297029702970297,0.07648795214189293,1.0,-0.0,0,0
307,0.0,0.0297029702970297,0.07648795214189293,1.0,-0.0,0,0
308,0.0,0.0,0.0,1.0,-0.0,0,0
309,0.0,0.0,0.0,1.0,-0.0,0,0
310,0.0,0.0,0.0,1.0,-0.0,0,0
311,0.0,0.05544554455445544,0.10575073206193021,1.0,-0.0,0,0
312,0.0,0.05544554455445544,0.10575073206193021,1.0,-0.0,0,0
313,0.0,0.08118811881188118,0.13549532985786936,1.0,-0.0,0,0
314,0.0,0.08118811881188118,0.13549532985786936,1.0,-0.0,0,0
315,0.0,0.08118811881188118,0.13549532985786936,1.0,-0.0,0,0
316,0.0,0.04356435643564357,0.09164702150816742,1.0,-0.0,0,0
317,0.0,0.04356435643564357,0.09164702150816742,1.0,-0.0,0,0
318,0.0,0.017821782178217824,0.0635517090529949,1.0,-0.0,0,0
319,0.0,0.017821782178217824,0.0635517090529949,1.0,-0.0,0,0
320,0.0,0.033663366336633666,0.08475617647141663,1.0,-0.0,0,0
321,0.0,0.015841584158415842,0.05401260078014202,1.0,-0.0,0,0
322,0.0,0.015841584158415842,0.05401260078014202,1.0,-0.0,0,0
323,0.0,0.025742574257425748,0.07264925278354116,1.0,-0.0,0,0
324,0.0,0.025742574257425748,0.07264925278354116,1.0,-0.0,0,0
325,0.0,0.009900990099009901,0.04338396495090424,1.0,-0.0,0,0
326,0.0,0.009900990099009901,0.04338396495090424,1.0,-0.0,0,0
327,0.0,0.009900990099009901,0.04338396495090424,1.0,-0.0,0,0
328,0.0,0.0,0.0,1.0,-0.0,0,0
329,0.0,0.0,0.0,1.0,-0.0,0,0
330,0.0,0.0,0.0,1.0,-0.0,0,0
331,0.0,0.0,0.0,1.0,-0.0,0,0
332,0.0,0.0,0.0,1.0,-0.0,0,0
333,0.0,0.10495049504950493,0.14513649268759363,1.0,-0.0,0,0
334,0.0,0.10495049504950493,0.14513649268759363,1.0,-0.0,0,0
335,0.0,0.10495049504950493,0.14513649268759363,1.0,-0.0,0,0
336,0.0,0.10495049504950493,0.14513649268759363,1.0,-0.0,0,0
337,0.0,0.10495049504950493,0.14513649268759363,1.0,-0.0,0,0
338,0.0,0.0,0.0,1.0,-0.0,0,0
339,0.0,0.0,0.0,1.0,-0.0,0,0
340,0.0,0.0,0.0,1.0,-0.0,0,0
341,0.0,0.0,0.0,1.0,-0.0,0,0
342,0.0,0.0,0.0,1.0,-0.0,0,0
343,0.0,0.0059405940594059415,0.03395332316729157,1.0,-0.0,0,0
344,0.0,0.1603960396039604,0.1617229068443201,1.0,-0.0,0,0
345,0.0,0.16633663366336632,0.15937826461670404,1.0,-0.0,0,0
346,0.0,0.3702970297029703,0.2675686474164831,1.0,-0.0,0,0
347,0.0,0.3702970297029703,0.2675686474164831,1.0,-0.0,0,0
348,0.0,0.36435643564356435,0.2675833018868732,1.0,-0.0,0,0
349,0.0,0.20990099009900992,0.19574936009912708,1.0,-0.0,0,0
350,0.0,0.20396039603960398,0.19696750100290225,1.0,-0.0,0,0
351,0.0,0.0,0.0,1.0,-0.0,0,0
352,0.0,0.03762376237623763,0.08307396817189318,1.0,-0.0,0,0
353,0.0,0.08712871287128712,0.12401163019288061,1.0,-0.0,0,0
354,0.0,0.08712871287128712,0.12401163019288061,1.0,-0.0,0,0
355,0.0,0.08712871287128712,0.12401163019288061,1.0,-0.0,0,0
356,0.0,0.08712871287128712,0.12401163019288061,1.0,-0.0,0,0
357,0.0,0.04950495049504951,0.09912864166957489,1.0,-0.0,0,0
358,0.0,0.0,0.0,1.0,-0.0,0,0
359,0.0,0.0,0.0,1.0,-0.0,0,0
360,0.0,0.0,0.0,1.0,-0.0,0,0
361,0.0,0.0,0.0,1.0,-0.0,0,0
362,0.0,0.023762376237623763,0.06471340450838889,1.0,-0.0,0,0
363,0.0,0.023762376237623763,0.06471340450838889,1.0,-0.0,0,0
364,0.0,0.06930693069306931,0.12084076279122662,1.0,-0.0,0,0
365,0.0,0.09702970297029703,0.1451905170679078,1.0,-0.0,0,0
366,0.0,0.299009900990099,0.2708604000912905,1.0,-0.0,0,0
367,0.0,0.27524752475247516,0.2682565421287303,1.0,-0.0,0,0
368,0.0,0.2871287128712871,0.27055621708124467,1.0,-0.0,0,0
369,0.0,0.24158415841584158,0.25222468638559453,1.0,-0.0,0,0
370,0.0,0.21386138613861383,0.23421649584265256,1.0,-0.0,0,0
371,0.2,0.22574257425742578,0.20808103207694087,1.0,-0.0,0,0
372,0.2,0.22574257425742578,0.20808103207694087,1.0,-0.0,0,0
373,0.2,0.2138613861386139,0.2014942708422178,1.0,-0.0,0,0
374,0.2,0.30891089108910896,0.2363497198631807,1.0,-0.0,0,0
375,0.2,0.30891089108910896,0.2363497198631807,1.0,-0.0,0,0
376,0.0,0.09306930693069305,0.13661931335176508,1.0,-0.0,0,0
377,0.0,0.09306930693069305,0.13661931335176508,1.0,-0.0,0,0
378,0.0,0.09702970297029702,0.1396285351588451,1.0,-0.0,0,0
379,0.0,0.0039603960396039604,0.027863855998951064,1.0,-0.0,0,0
380,0.0,0.09306930693069305,0.1336890331058871,1.0,-0.0,0,0
381,0.0,0.09306930693069305,0.1336890331058871,1.0,-0.0,0,0
382,0.0,0.09306930693069305,0.1336890331058871,1.0,-0.0,0,0
383,0.0,0.1782178217821782,0.18217821782178217,1.0,-0.0,0,0
384,0.2,0.2435643564356436,0.20217424187089458,1.0,-0.0,0,0
385,0.2,0.15445544554455443,0.1613831014717559,0.3888897503515124,0.4101735030454937,0,0
386,0.2,0.15445544554455443,0.1613831014717559,0.3888897503515124,0.4101735030454937,0,0
387,0.2,0.15445544554455443,0.1613831014717559,0.3888897503515124,0.4101735030454937,0,0
388,0.2,0.06534653465346535,0.10939585993610405,0.10918337986089162,0.9618434658808062,0,0
389,0.0,0.007920792079207921,0.03900537743285587,1.0,-0.0,0,0
390,0.0,0.011881188118811883,0.047276579747775535,1.0,-0.0,0,0
391,0.0,0.12475247524752472,0.1731513048609835,1.0,-0.0,0,0
392,0.0,0.12475247524752472,0.1731513048609835,1.0,-0.0,0,0
393,0.0,0.12475247524752472,0.1731513048609835,1.0,-0.0,0,0
394,0.0,0.11683168316831682,0.16713622056244903,1.0,-0.0,0,0
395,0.0,0.11287128712871286,0.1626898685658909,1.0,-0.0,0,0
396,0.0,0.0,0.0,1.0,-0.0,0,0
397,0.0,0.0,0.0,1.0,-0.0,0,0
398,0.0,0.0,0.0,1.0,-0.0,0,0
399,0.0,0.019801980198019802,0.059735061897023205,1.0,-0.0,0,0
400,0.0,0.04554455445544554,0.09283729243351323,1.0,-0.0,0,0
401,0.0,0.04554455445544554,0.09283729243351323,1.0,-0.0,0,0
402,0.0,0.04554455445544554,0.09283729243351323,1.0,-0.0,0,0
403,0.0,0.04554455445544554,0.09283729243351323,1.0,-0.0,0,0
404,0.0,0.025742574257425738,0.06697637435757531,1.0,-0.0,0,0
405,0.0,0.019801980198019802,0.0597350618970232,1.0,-0.0,0,0
406,0.0,0.019801980198019802,0.0597350618970232,1.0,-0.0,0,0
407,0.0,0.019801980198019802,0.0597350618970232,1.0,-0.0,0,0
408,0.0,0.039603960396039604,0.07970143286137865,1.0,-0.0,0,0
409,0.0,0.039603960396039604,0.07970143286137865,1.0,-0.0,0,0
410,0.0,0.03762376237623762,0.08307396817189318,1.0,-0.0,0,0
411,0.0,0.03762376237623762,0.08307396817189318,1.0,-0.0,0,0
412,0.0,0.03762376237623762,0.08307396817189318,1.0,-0.0,0,0
413,0.0,0.017821782178217824,0.056980176514606566,1.0,-0.0,0,0
414,0.0,0.025742574257425745,0.06697637435757531,1.0,-0.0,0,0
415,0.0,0.15247524752475244,0.1644637607354148,1.0,-0.0,0,0
416,0.0,0.15247524752475244,0.1644637607354148,1.0,-0.0,0,0
417,0.0,0.15247524752475244,0.1644637607354148,1.0,-0.0,0,0
418,0.0,0.15247524752475244,0.1644637607354148,1.0,-0.0,0,0
419,0.0,0.1485148514851485,0.16567525277902487,1.0,-0.0,0,0
420,0.0,0.08514851485148514,0.130031327995105,1.0,-0.0,0,0
421,0.0,0.08514851485148514,0.130031327995105,1.0,-0.0,0,0
422,0.0,0.09306930693069305,0.13661931335176508,1.0,-0.0,0,0
423,0.0,0.09306930693069305,0.13661931335176508,1.0,-0.0,0,0
424,0.0,0.0891089108910891,0.13042276277287215,1.0,-0.0,0,0
425,0.0,0.007920792079207921,0.03900537743285587,1.0,-0.0,0,0
426,0.0,0.025742574257425745,0.0669763743575753,1.0,-0.0,0,0
427,0.0,0.07326732673267328,0.1115960618107356,1.0,-0.0,0,0
428,0.0,0.23168316831683167,0.2024262207946621,1.0,-0.0,0,0
429,0.0,0.23168316831683167,0.2024262207946621,1.0,-0.0,0,0
430,0.0,0.23168316831683167,0.2024262207946621,1.0,-0.0,0,0
431,0.0,0.2138613861386138,0.19752413211148517,1.0,-0.0,0,0
432,0.0,0.1584158415841584,0.17192407185067915,1.0,-0.0,0,0
433,0.0,0.0,0.0,1.0,-0.0,0,0
434,0.0,0.0,0.0,1.0,-0.0,0,0
435,0.0,0.0,0.0,1.0,-0.0,0,0
436,0.0,0.0,0.0,1.0,-0.0,0,0
437,0.0,0.0,0.0,1.0,-0.0,0,0
438,0.0,0.0039603960396039604,0.02786385599895107,1.0,-0.0,0,0
439,0.0,0.03564356435643565,0.08626938974571075,1.0,-0.0,0,0
440,0.0,0.03564356435643565,0.08626938974571075,1.0,-0.0,0,0
441,0.0,0.03564356435643565,0.08626938974571075,1.0,-0.0,0,0
442,0.0,0.03564356435643565,0.08626938974571075,1.0,-0.0,0,0
443,0.0,0.041584158415841586,0.09039772047931348,1.0,-0.0,0,0
444,0.0,0.009900990099009901,0.051713128147329084,1.0,-0.0,0,0
445,0.0,0.017821782178217824,0.0635517090529949,1.0,-0.0,0,0
446,0.4,0.23762376237623759,0.2174794790130442,0.22764411377245253,0.6427435748273171,0,0
447,0.4,0.23762376237623759,0.2174794790130442,0.22764411377245253,0.6427435748273171,0,0
448,0.4,0.22772277227722768,0.2010461805385672,0.19574903774449542,0.7083003641526906,0,0
449,0.4,0.22772277227722768,0.2010461805385672,0.19574903774449542,0.7083003641526906,0,0
450,0.4,0.21980198019801975,0.19600959866383083,0.17896080783974977,0.7472420684758337,0,0
451,0.0,0.03564356435643565,0.08154954567118416,1.0,-0.0,0,0
452,0.0,0.0871287128712871,0.11745095149573798,1.0,-0.0,0,0
453,0.0,0.0871287128712871,0.11745095149573798,1.0,-0.0,0,0
454,0.0,0.0871287128712871,0.11745095149573798,1.0,-0.0,0,0
455,0.0,0.0871287128712871,0.11745095149573798,1.0,-0.0,0,0
456,0.0,0.0712871287128713,0.11110305060677653,1.0,-0.0,0,0
457,0.0,0.019801980198019802,0.0597350618970232,1.0,-0.0,0,0
458,0.0,0.019801980198019802,0.0597350618970232,1.0,-0.0,0,0
459,0.0,0.09306930693069307,0.1450554183905936,1.0,-0.0,0,0
460,0.0,0.11485148514851484,0.16732380336061473,1.0,-0.0,0,0
461,0.0,0.09504950495049506,0.1581929124495149,1.0,-0.0,0,0
462,0.0,0.09504950495049506,0.1581929124495149,1.0,-0.0,0,0
463,0.0,0.09504950495049506,0.1581929124495149,1.0,-0.0,0,0
464,0.0,0.021782178217821784,0.062305476128919915,1.0,-0.0,0,0
465,0.0,0.17029702970297025,0.1601636257733956,1.0,-0.0,0,0
466,0.0,0.36435643564356446,0.22408633344052936,1.0,-0.0,0,0
467,0.0,0.36435643564356446,0.22408633344052936,1.0,-0.0,0,0
468,0.0,0.36435643564356446,0.22408633344052936,1.0,-0.0,0,0
469,0.0,0.3841584158415843,0.2382829141622388,1.0,-0.0,0,0
470,0.0,0.21782178217821774,0.18476425418501982,1.0,-0.0,0,0
471,0.0,0.039603960396039604,0.08452453849668534,1.0,-0.0,0,0
472,0.0,0.039603960396039604,0.08452453849668534,1.0,-0.0,0,0
473,0.0,0.039603960396039604,0.08452453849668534,1.0,-0.0,0,0
474,0.0,0.019801980198019802,0.059735061897023205,1.0,-0.0,0,0
475,0.2,0.24158415841584158,0.1956291332313421,1.0,-0.0,0,0
476,0.2,0.30891089108910885,0.21530499200983352,1.0,-0.0,0,0
477,0.2,0.43960396039603966,0.2670258666302982,1.0,-0.0,0,0
478,0.2,0.43960396039603966,0.2670258666302982,1.0,-0.0,0,0
479,0.2,0.43960396039603966,0.2670258666302982,1.0,-0.0,0,0
480,0.0,0.21386138613861383,0.2073069675770677,1.0,-0.0,0,0
481,0.0,0.12871287128712872,0.1556440682228007,1.0,-0.0,0,0
482,0.0,0.0,0.0,1.0,-0.0,0,0
483,0.0,0.0,0.0,1.0,-0.0,0,0
484,0.0,0.0,0.0,1.0,-0.0,0,0
485,0.0,0.0,0.0,1.0,-0.0,0,0
486,0.0,0.0,0.0,1.0,-0.0,0,0
487,0.0,0.0,0.0,1.0,-0.0,0,0
488,0.0,0.0,0.0,1.0,-0.0,0,0
489,0.0,0.0,0.0,1.0,-0.0,0,0
490,0.0,0.04554455445544555,0.09283729243351323,1.0,-0.0,0,0
491,0.0,0.2851485148514852,0.24911174422667373,1.0,-0.0,0,0
492,0.0,0.33663366336633654,0.2624042577976625,1.0,-0.0,0,0
493,0.0,0.34257425742574255,0.27044024784442044,1.0,-0.0,0,0
494,0.0,0.34257425742574255,0.27044024784442044,1.0,-0.0,0,0
495,0.0,0.29504950495049503,0.2414380340417249,1.0,-0.0,0,0
496,0.0,0.05544554455445545,0.11299281281336322,1.0,-0.0,0,0
497,0.0,0.09108910891089109,0.12750384183766536,1.0,-0.0,0,0
498,0.0,0.08514851485148514,0.1269490726718781,1.0,-0.0,0,0
499,0.0,0.08514851485148514,0.1269490726718781,1.0,-0.0,0,0
500,0.0,0.10495049504950493,0.13957235791450373,1.0,-0.0,0,0
501,0.0,0.10495049504950493,0.13957235791450373,1.0,-0.0,0,0
502,0.0,0.019801980198019806,0.05973506189702319,1.0,-0.0,0,0
503,0.0,0.019801980198019806,0.05973506189702319,1.0,-0.0,0,0
504,0.0,0.019801980198019806,0.05973506189702319,1.0,-0.0,0,0
505,0.0,0.0,0.0,1.0,-0.0,0,0
506,0.0,0.0,0.0,1.0,-0.0,0,0
507,0.0,0.013861386138613863,0.05079507064705211,1.0,-0.0,0,0
508,0.0,0.013861386138613863,0.05079507064705211,1.0,-0.0,0,0
509,0.0,0.013861386138613863,0.05079507064705211,1.0,-0.0,0,0
510,0.0,0.013861386138613863,0.05079507064705211,1.0,-0.0,0,0
511,0.0,0.013861386138613863,0.05079507064705211,1.0,-0.0,0,0
512,0.0,0.0,0.0,1.0,-0.0,0,0
513,0.0,0.0,0.0,1.0,-0.0,0,0
514,0.0,0.45742574257425744,0.2902189459098814,1.0,-0.0,0,0
515,0.0,0.48712871287128706,0.297069304290781,1.0,-0.0,0,0
516,0.0,0.5148514851485149,0.3061696089236935,1.0,-0.0,0,0
517,0.0,0.5148514851485149,0.3061696089236935,1.0,-0.0,0,0
518,0.0,0.5148514851485149,0.3061696089236935,1.0,-0.0,0,0
519,0.0,0.05544554455445545,0.1164450726969438,1.0,-0.0,0,0
520,0.0,0.025742574257425748,0.07264925278354115,1.0,-0.0,0,0
521,0.0,0.015841584158415842,0.05401260078014202,1.0,-0.0,0,0
522,0.0,0.07524752475247526,0.10845991237726066,1.0,-0.0,0,0
523,0.0,0.07524752475247526,0.10845991237726066,1.0,-0.0,0,0
524,0.0,0.07524752475247526,0.10845991237726066,1.0,-0.0,0,0
525,0.0,0.07524752475247526,0.10845991237726066,1.0,-0.0,0,0
526,0.0,0.0594059405940594,0.0996808946427978,1.0,-0.0,0,0
527,0.0,0.051485148514851496,0.11134982906542218,1.0,-0.0,0,0
528,0.0,0.051485148514851496,0.11134982906542218,1.0,-0.0,0,0
529,0.0,0.051485148514851496,0.11134982906542218,1.0,-0.0,0,0
530,0.0,0.051485148514851496,0.11134982906542218,1.0,-0.0,0,0
531,0.0,0.051485148514851496,0.11134982906542218,1.0,-0.0,0,0
532,0.0,0.0,0.0,1.0,-0.0,0,0
533,0.0,0.4495049504950495,0.29437759895680216,1.0,-0.0,0,0
534,0.0,0.4495049504950495,0.29437759895680216,1.0,-0.0,0,0
535,0.0,0.500990099009901,0.3078173077516522,1.0,-0.0,0,0
536,0.0,0.5603960396039604,0.33063970637214735,1.0,-0.0,0,0
537,0.0,0.5603960396039604,0.33063970637214735,1.0,-0.0,0,0
538,0.0,0.10891089108910891,0.14765427233510695,1.0,-0.0,0,0
539,0.0,0.5356435643564357,0.3094498978675961,1.0,-0.0,0,0
540,0.0,0.4831683168316832,0.2901243526253455,1.0,-0.0,0,0
541,0.0,0.42574257425742573,0.27955178600524044,1.0,-0.0,0,0
542,0.0,0.42574257425742573,0.27955178600524044,1.0,-0.0,0,0
543,0.0,0.42574257425742573,0.27955178600524044,1.0,-0.0,0,0
544,0.0,0.0,0.0,1.0,-0.0,0,0
545,0.0,0.0,0.0,1.0,-0.0,0,0
546,0.0,0.0,0.0,1.0,-0.0,0,0
547,0.0,0.0,0.0,1.0,-0.0,0,0
548,0.0,0.0,0.0,1.0,-0.0,0,0
549,0.0,0.0,0.0,1.0,-0.0,0,0
550,0.0,0.19207920792079203,0.17558003918939316,1.0,-0.0,0,0
551,0.0,0.19405940594059404,0.17452724385370855,1.0,-0.0,0,0
552,0.0,0.19405940594059404,0.17452724385370855,1.0,-0.0,0,0
553,0.0,0.19405940594059404,0.17452724385370855,1.0,-0.0,0,0
554,0.0,0.22178217821782173,0.18858722298311487,1.0,-0.0,0,0
555,0.0,0.07326732673267328,0.10798889666879985,1.0,-0.0,0,0
556,0.0,0.300990099009901,0.22448843914088534,1.0,-0.0,0,0
557,0.0,0.3188118811881188,0.23238448478701937,1.0,-0.0,0,0
558,0.0,0.3188118811881188,0.23238448478701937,1.0,-0.0,0,0
559,0.0,0.29108910891089107,0.22954928282989867,1.0,-0.0,0,0
560,0.0,0.2653465346534654,0.2373265467972853,1.0,-0.0,0,0
561,0.0,0.03564356435643565,0.08626938974571075,1.0,-0.0,0,0
562,0.0,0.01782178217821782,0.05698017651460657,1.0,-0.0,0,0
563,0.0,0.01782178217821782,0.05698017651460657,1.0,-0.0,0,0
564,0.0,0.01782178217821782,0.05698017651460657,1.0,-0.0,0,0
565,0.0,0.0,0.0,1.0,-0.0,0,0
566,0.0,0.039603960396039604,0.09757374253271223,1.0,-0.0,0,0
567,0.0,0.039603960396039604,0.09757374253271223,1.0,-0.0,0,0
568,0.0,0.1188118811881188,0.164535271903691,1.0,-0.0,0,0
569,0.0,0.1188118811881188,0.164535271903691,1.0,-0.0,0,0
570,0.0,0.1188118811881188,0.164535271903691,1.0,-0.0,0,0
571,0.0,0.07920792079207921,0.11966689053257921,1.0,-0.0,0,0
572,0.0,0.5722772277227723,0.34357434287994176,1.0,-0.0,0,0
573,0.0,0.4910891089108911,0.3102534926207348,1.0,-0.0,0,0
574,0.0,0.4910891089108911,0.3102534926207348,1.0,-0.0,0,0
575,0.0,0.4910891089108911,0.3102534926207348,1.0,-0.0,0,0
576,0.0,0.4910891089108911,0.3102534926207348,1.0,-0.0,0,0
577,0.0,0.20396039603960395,0.1779535995141463,1.0,-0.0,0,0
578,0.0,0.37623762376237624,0.2674220585447911,1.0,-0.0,0,0
579,0.0,0.37623762376237624,0.2674220585447911,1.0,-0.0,0,0
580,0.0,0.37623762376237624,0.2674220585447911,1.0,-0.0,0,0
581,0.0,0.37623762376237624,0.2674220585447911,1.0,-0.0,0,0
582,0.0,0.19603960396039605,0.2215699125655345,1.0,-0.0,0,0
583,0.0,0.023762376237623766,0.0759735686861421,1.0,-0.0,0,0
584,0.0,0.2217821782178218,0.23191154014981938,1.0,-0.0,0,0
585,0.0,0.2217821782178218,0.23191154014981938,1.0,-0.0,0,0
586,0.0,0.2217821782178218,0.23191154014981938,1.0,-0.0,0,0
587,0.0,0.2435643564356436,0.23310892434809197,1.0,-0.0,0,0
588,0.0,0.2435643564356436,0.23310892434809197,1.0,-0.0,0,0
589,0.0,0.04554455445544555,0.09283729243351321,1.0,-0.0,0,0
590,0.0,0.04554455445544555,0.09283729243351321,1.0,-0.0,0,0
591,0.0,0.04554455445544555,0.09283729243351321,1.0,-0.0,0,0
592,0.0,0.0,0.0,1.0,-0.0,0,0
593,0.0,0.0,0.0,1.0,-0.0,0,0
594,0.0,0.0,0.0,1.0,-0.0,0,0
595,0.0,0.0,0.0,1.0,-0.0,0,0
596,0.0,0.0,0.0,1.0,-0.0,0,0
597,0.0,0.007920792079207921,0.03900537743285587,1.0,-0.0,0,0
598,0.0,0.08712871287128714,0.127165103825761,1.0,-0.0,0,0
599,0.0,0.08712871287128714,0.127165103825761,1.0,-0.0,0,0
600,0.0,0.08712871287128714,0.127165103825761,1.0,-0.0,0,0
601,0.0,0.08712871287128714,0.127165103825761,1.0,-0.0,0,0
602,0.0,0.491089108910891,0.29986763083066836,1.0,-0.0,0,0
603,0.0,0.4118811881188119,0.28538219248006175,1.0,-0.0,0,0
604,0.0,0.4118811881188119,0.28538219248006175,1.0,-0.0,0,0
605,0.0,0.4118811881188119,0.28538219248006175,1.0,-0.0,0,0
606,0.0,0.4118811881188119,0.28538219248006175,1.0,-0.0,0,0
607,0.0,0.0,0.0,1.0,-0.0,0,0
608,0.0,0.0,0.0,1.0,-0.0,0,0
609,0.0,0.03762376237623763,0.09211646217515253,1.0,-0.0,0,0
610,0.0,0.03762376237623763,0.09211646217515253,1.0,-0.0,0,0
611,0.0,0.03762376237623763,0.09211646217515253,1.0,-0.0,0,0
612,0.0,0.049504950495049514,0.10304643034659555,1.0,-0.0,0,0
613,0.0,0.07920792079207921,0.1261123431927973,1.0,-0.0,0,0
614,0.0,0.05940594059405942,0.0996808946427978,1.0,-0.0,0,0
615,0.0,0.07524752475247526,0.10474480123119365,1.0,-0.0,0,0
616,0.0,0.07524752475247526,0.10474480123119365,1.0,-0.0,0,0
617,0.0,0.06336633663366337,0.09721138779115705,1.0,-0.0,0,0
618,0.0,0.033663366336633666,0.07482947971362847,1.0,-0.0,0,0
619,0.0,0.015841584158415842,0.05401260078014202,1.0,-0.0,0,0
620,0.0,0.0,0.0,1.0,-0.0,0,0
621,0.0,0.021782178217821784,0.06230547612891991,1.0,-0.0,0,0
622,0.0,0.021782178217821784,0.06230547612891991,1.0,-0.0,0,0
623,0.0,0.021782178217821784,0.06230547612891991,1.0,-0.0,0,0
624,0.0,0.021782178217821784,0.06230547612891991,1.0,-0.0,0,0
625,0.0,0.021782178217821784,0.06230547612891991,1.0,-0.0,0,0
626,0.0,0.02772277227722772,0.06910862719451544,1.0,-0.0,0,0
627,0.0,0.02772277227722772,0.06910862719451544,1.0,-0.0,0,0
628,0.0,0.02772277227722772,0.06910862719451544,1.0,-0.0,0,0
629,0.2,0.05544554455445545,0.09384550979067555,0.06173814835066573,1.2094464000101814,0,0
630,0.2,0.05544554455445545,0.09384550979067555,0.06173814835066573,1.2094464000101814,0,0
631,0.2,0.027722772277227727,0.06910862719451544,0.0063361735559086295,2.1981729353735644,0,0
632,0.2,0.027722772277227727,0.06910862719451544,0.0063361735559086295,2.1981729353735644,0,0
633,0.2,0.041584158415841586,0.09039772047931348,0.03984979219979861,1.3995739389282478,0,0
634,0.0,0.013861386138613863,0.05807080514303041,1.0,-0.0,0,0
635,0.0,0.013861386138613863,0.05807080514303041,1.0,-0.0,0,0
636,0.0,0.013861386138613863,0.05807080514303041,1.0,-0.0,0,0
637,0.0,0.013861386138613863,0.05807080514303041,1.0,-0.0,0,0
638,0.0,0.0,0.0,1.0,-0.0,0,0
639,0.0,0.0039603960396039604,0.027863855998951068,1.0,-0.0,0,0
640,0.0,0.06534653465346535,0.10939585993610405,1.0,-0.0,0,0
641,0.0,0.06534653465346535,0.10939585993610405,1.0,-0.0,0,0
642,0.0,0.12475247524752472,0.15632280678012314,1.0,-0.0,0,0
643,0.0,0.1504950495049505,0.17667095463917196,1.0,-0.0,0,0
644,0.0,0.14653465346534653,0.1709405295438197,1.0,-0.0,0,0
645,0.2,0.27524752475247527,0.2368965770889217,1.0,-0.0,0,0
646,0.2,0.306930693069307,0.2510403800671759,1.0,-0.0,0,0
647,0.6,0.27128712871287125,0.23811829727615708,0.08372247270589057,1.0771579534501075,0,0
648,0.6,0.24752475247524755,0.23233385819665348,0.06461987639191638,1.1896338770574646,0,0
649,1.4,0.4653465346534654,0.296659835723604,0.0008147056685245482,3.0889992619631177,0,0
650,1.2,0.2871287128712871,0.22588149277780908,2.656961824472465e-05,4.575614685537054,0,0
651,1.2,0.34851485148514855,0.26499163498328876,0.0006562032863224975,3.1829615989604063,0,0
652,0.8,0.3247524752475248,0.2514929444492122,0.029398699166914986,1.531671885816732,0,0
653,0.8,0.3247524752475248,0.2514929444492122,0.029398699166914986,1.531671885816732,0,0
654,0.0,0.10495049504950493,0.15310401409962543,1.0,-0.0,0,0
655,0.0,0.09108910891089109,0.14218869759220787,1.0,-0.0,0,0
656,0.8,0.2613861386138614,0.22292843811576232,0.00784421802089614,2.105450344127623,0,0
657,0.8,0.2613861386138614,0.22292843811576232,0.00784421802089614,2.105450344127623,0,0
658,0.8,0.2613861386138614,0.22292843811576232,0.00784421802089614,2.105450344127623,0,0
659,0.8,0.2613861386138614,0.22292843811576232,0.00784421802089614,2.105450344127623,0,0
660,4.6,0.6673267326732674,0.367250665978432,1.0000000004646869e-17,16.999999999798188,0,0
661,3.8,0.40594059405940597,0.3076006740707114,1.0000000000131006e-17,16.999999999994312,0,0
662,3.8,0.40594059405940597,0.3076006740707114,1.0000000000131006e-17,16.999999999994312,1,0
663,3.8,0.40594059405940597,0.3076006740707114,1.0000000000131006e-17,16.999999999994312,0,0
664,8.4,0.807920792079208,0.41736636998614557,1e-17,17.0,0,0
665,4.6,0.40198019801980195,0.2793132306139478,1e-17,17.0,0,0
666,5.0,0.4514851485148515,0.3026659961491841,1e-17,17.0,1,0
667,5.4,0.6514851485148513,0.34772638081981533,1e-17,17.0,0,0
668,5.4,0.6514851485148513,0.34772638081981533,1e-17,17.0,0,0
669,1.2,0.491089108910891,0.2602736602082813,0.0032276235357107364,2.491117126334742,0,0
670,1.2,0.491089108910891,0.2602736602082813,0.0032276235357107364,2.491117126334742,0,0
671,0.8,0.4415841584158416,0.24906451775889302,0.0750684359118582,1.1245426327805528,0,0
672,0.4,0.24158415841584158,0.21675707383145512,0.2324368914984148,0.633694941244418,0,0
673,0.4,0.3247524752475247,0.22664402261900196,0.3699417821968887,0.43186661555458133,0,0
674,0.2,0.12079207920792076,0.1568986755607153,0.3068374148473186,0.5130916849088123,0,0
675,0.4,0.28712871287128716,0.25858080543216516,0.33123592582681943,0.4798625657814875,0,0
676,0.4,0.28712871287128716,0.25858080543216516,0.33123592582681943,0.4798625657814875,0,0
677,0.4,0.29702970297029707,0.2604092154931794,0.3462674886073783,0.46058828286937115,0,0
678,0.4,0.21386138613861388,0.22206488346734551,0.20095435295606473,0.6969025819361232,0,0
679,0.2,0.18811881188118812,0.196648718676233,0.47591122814519143,0.3224740487965886,0,0
680,0.0,0.041584158415841586,0.0987719913927915,1.0,-0.0,0,0
681,0.0,0.041584158415841586,0.0987719913927915,1.0,-0.0,0,0
682,0.0,0.039603960396039604,0.08908690597387718,1.0,-0.0,0,0
683,0.0,0.039603960396039604,0.08908690597387718,1.0,-0.0,0,0
684,0.0,0.02772277227722772,0.07975061610139514,1.0,-0.0,0,0
685,0.0,0.007920792079207921,0.03900537743285587,1.0,-0.0,0,0
686,0.8,0.05346534653465347,0.10860442931328386,3.1237793308188172e-12,11.50531965302541,0,0
687,0.8,0.04554455445544555,0.09283729243351321,2.3067309101087214e-16,15.637003064807475,0,0
688,0.8,0.04554455445544555,0.09283729243351321,2.3067309101087214e-16,15.637003064807475,0,0
689,0.8,0.04554455445544555,0.09283729243351321,2.3067309101087214e-16,15.637003064807475,0,0
690,0.8,0.04554455445544555,0.09283729243351321,2.3067309101087214e-16,15.637003064807475,0,0
691,0.0,0.0,0.0,1.0,-0.0,0,0
692,0.8,0.2574257425742574,0.1996762402527609,0.0032911443299734884,2.482653071720632,0,0
693,0.8,0.2574257425742574,0.1996762402527609,0.0032911443299734884,2.482653071720632,0,0
694,0.8,0.2574257425742574,0.1996762402527609,0.0032911443299734884,2.482653071720632,0,0
695,0.8,0.2653465346534653,0.2070230501177842,0.004903239651763665,2.309516879567407,0,0
696,1.8,0.514851485148515,0.30616960892369355,1.3493575217564667e-05,4.8698729657066915,0,0
697,1.0,0.25544554455445545,0.21455699121713326,0.000260040962180736,3.5849582356912744,0,0
698,1.0,0.25544554455445545,0.21455699121713326,0.000260040962180736,3.5849582356912744,0,0
699,1.0,0.26732673267326734,0.21113034352890042,0.00025999535852014863,3.585034405056413,0,0
700,1.0,0.2594059405940594,0.20205783792196594,0.00012354479470370064,3.908175547947715,0,0
701,0.0,0.011881188118811883,0.047276579747775535,1.0,-0.0,0,0
702,1.0,0.20792079207920788,0.19071681786668523,1.6395107233776917e-05,4.785285738440466,0,0
703,1.0,0.21386138613861383,0.19550883243085124,2.8977313545322996e-05,4.537941879959487,0,0
