,foreground,bg_means,bg_stdev,pvals,minus_logs,regs,active
2,0.0,0.025742574257425748,0.07264925278354116,1.0,-0.0,0,0
3,0.0,0.019801980198019802,0.06603299802191315,1.0,-0.0,0,0
4,0.0,0.017821782178217824,0.056980176514606566,1.0,-0.0,0,0
5,0.0,0.017821782178217824,0.056980176514606566,1.0,-0.0,0,0
6,0.0,0.017821782178217824,0.05698017651460656,1.0,-0.0,0,0
7,0.0,0.017821782178217824,0.05698017651460656,1.0,-0.0,0,0
8,0.0,0.007920792079207921,0.03900537743285587,1.0,-0.0,0,0
9,0.0,0.0059405940594059415,0.03395332316729158,1.0,-0.0,0,0
10,0.0,0.023762376237623766,0.06471340450838887,1.0,-0.0,0,0
11,0.0,0.017821782178217824,0.05698017651460656,1.0,-0.0,0,0
12,0.0,0.027722772277227727,0.06910862719451544,1.0,-0.0,0,0
13,0.0,0.04356435643564357,0.0916470215081674,1.0,-0.0,0,0
14,0.0,0.047524752475247525,0.09809478080396704,1.0,-0.0,0,0
15,0.0,0.02970297029702971,0.07112192077650681,1.0,-0.0,0,0
16,0.0,0.1089108910891089,0.13650445892763632,1.0,-0.0,0,0
17,0.0,0.10099009900990098,0.1338649012368758,1.0,-0.0,0,0
18,0.0,0.23762376237623767,0.21194595105361827,1.0,-0.0,0,0
19,0.0,0.2435643564356436,0.21728105701932998,1.0,-0.0,0,0
20,0.0,0.34851485148514855,0.24316960685954458,1.0,-0.0,0,0
21,0.0,0.41782178217821786,0.2758949576276243,1.0,-0.0,0,0
22,0.0,0.44752475247524753,0.28996212091501333,1.0,-0.0,0,0
23,0.0,0.47920792079207924,0.32466794359872886,1.0,-0.0,0,0
24,0.0,0.49306930693069306,0.337215571602503,1.0,-0.0,0,0
25,0.2,0.5663366336633663,0.3294992383358652,1.0,-0.0,0,0
26,0.2,0.596039603960396,0.36584928782467696,1.0,-0.0,0,0
27,0.2,0.7227722772277227,0.37965100913391286,1.0,-0.0,0,0
28,0.2,0.5821782178217823,0.3390131396162505,1.0,-0.0,0,0
29,0.2,0.5574257425742575,0.3322132604614523,1.0,-0.0,0,0
30,0.0,0.38217821782178224,0.25500768367533067,1.0,-0.0,0,0
31,0.0,0.20198019801980197,0.18346510608951241,1.0,-0.0,0,0
32,0.0,0.041584158415841586,0.08590499787518362,1.0,-0.0,0,0
33,0.0,0.0,0.0,1.0,-0.0,0,0
34,0.0,0.0,0.0,1.0,-0.0,0,0
35,0.0,0.0,0.0,1.0,-0.0,0,0
36,0.0,0.0,0.0,1.0,-0.0,0,0
37,0.0,0.0,0.0,1.0,-0.0,0,0
38,0.0,0.04554455445544554,0.10100951085035129,1.0,-0.0,0,0
39,0.0,0.10099009900990097,0.13386490123687583,1.0,-0.0,0,0
40,0.0,0.10693069306930691,0.13661931335176508,1.0,-0.0,0,0
41,0.0,0.1306930693069307,0.1500775867049221,1.0,-0.0,0,0
42,0.0,0.1306930693069307,0.1500775867049221,1.0,-0.0,0,0
43,0.0,0.08316831683168316,0.11351216354824961,1.0,-0.0,0,0
44,0.0,0.04554455445544555,0.09700949476369022,1.0,-0.0,0,0
45,0.0,0.039603960396039604,0.09342674148186494,1.0,-0.0,0,0
46,0.0,0.025742574257425748,0.07264925278354115,1.0,-0.0,0,0
47,0.0,0.025742574257425748,0.07264925278354115,1.0,-0.0,0,0
48,0.0,0.025742574257425748,0.07264925278354115,1.0,-0.0,0,0
49,0.0,0.007920792079207921,0.03900537743285587,1.0,-0.0,0,0
50,0.0,0.007920792079207921,0.03900537743285587,1.0,-0.0,0,0
51,0.0,0.0,0.0,1.0,-0.0,0,0
52,0.0,0.0297029702970297,0.07112192077650681,1.0,-0.0,0,0
53,0.0,0.15049504950495046,0.18109882558690973,1.0,-0.0,0,0
54,0.0,0.15049504950495046,0.18109882558690973,1.0,-0.0,0,0
55,0.0,0.15049504950495046,0.18109882558690973,1.0,-0.0,0,0
56,0.0,0.15049504950495046,0.18109882558690973,1.0,-0.0,0,0
57,0.0,0.1188118811881188,0.15964866828313962,1.0,-0.0,0,0
58,0.0,0.0,0.0,1.0,-0.0,0,0
59,0.0,0.05544554455445545,0.09797478714338997,1.0,-0.0,0,0
60,0.0,0.0594059405940594,0.09968089464279778,1.0,-0.0,0,0
61,0.0,0.06930693069306931,0.10693069306930696,1.0,-0.0,0,0
62,0.0,0.06930693069306931,0.10693069306930696,1.0,-0.0,0,0
63,0.0,0.06930693069306931,0.10693069306930696,1.0,-0.0,0,0
64,0.0,0.013861386138613863,0.05079507064705211,1.0,-0.0,0,0
65,0.0,0.009900990099009901,0.04338396495090424,1.0,-0.0,0,0
66,0.0,0.0,0.0,1.0,-0.0,0,0
67,0.0,0.08316831683168317,0.12670172889541695,1.0,-0.0,0,0
68,0.0,0.08316831683168317,0.12670172889541695,1.0,-0.0,0,0
69,0.0,0.08316831683168317,0.12670172889541695,1.0,-0.0,0,0
70,0.0,0.08316831683168317,0.12670172889541695,1.0,-0.0,0,0
71,0.0,0.08316831683168317,0.12670172889541695,1.0,-0.0,0,0
72,0.0,0.0,0.0,1.0,-0.0,0,0
73,0.0,0.07920792079207921,0.13520562388207177,1.0,-0.0,0,0
74,0.0,0.07920792079207921,0.13520562388207177,1.0,-0.0,0,0
75,0.0,0.07920792079207921,0.13520562388207177,1.0,-0.0,0,0
76,0.0,0.08118811881188118,0.13838736799727647,1.0,-0.0,0,0
77,0.0,0.09306930693069305,0.15041686348382532,1.0,-0.0,0,0
78,0.0,0.017821782178217824,0.05698017651460656,1.0,-0.0,0,0
79,0.0,0.02970297029702971,0.07112192077650681,1.0,-0.0,0,0
80,0.0,0.02970297029702971,0.07112192077650681,1.0,-0.0,0,0
81,0.0,0.03762376237623763,0.08771182015980238,1.0,-0.0,0,0
82,0.0,0.025742574257425745,0.07264925278354115,1.0,-0.0,0,0
83,0.0,0.021782178217821784,0.06836703565002801,1.0,-0.0,0,0
84,0.0,0.009900990099009901,0.04338396495090425,1.0,-0.0,0,0
85,0.0,0.021782178217821784,0.06230547612891991,1.0,-0.0,0,0
86,0.0,0.011881188118811883,0.047276579747775535,1.0,-0.0,0,0
87,0.0,0.011881188118811883,0.047276579747775535,1.0,-0.0,0,0
88,0.0,0.011881188118811883,0.047276579747775535,1.0,-0.0,0,0
89,0.0,0.02772277227722772,0.06910862719451544,1.0,-0.0,0,0
90,0.0,0.02772277227722772,0.06910862719451544,1.0,-0.0,0,0
91,0.0,0.20594059405940596,0.2133290036485121,1.0,-0.0,0,0
92,0.0,0.20594059405940596,0.2133290036485121,1.0,-0.0,0,0
93,0.0,0.20594059405940596,0.2133290036485121,1.0,-0.0,0,0
94,0.0,0.1900990099009901,0.20943344153850715,1.0,-0.0,0,0
95,0.0,0.1782178217821782,0.1968081743835003,1.0,-0.0,0,0
96,0.0,0.0,0.0,1.0,-0.0,0,0
97,0.0,0.0039603960396039604,0.027863855998951064,1.0,-0.0,0,0
98,0.0,0.0039603960396039604,0.027863855998951064,1.0,-0.0,0,0
99,0.0,0.0039603960396039604,0.027863855998951064,1.0,-0.0,0,0
100,0.0,0.0039603960396039604,0.027863855998951064,1.0,-0.0,0,0
101,0.0,0.0039603960396039604,0.027863855998951064,1.0,-0.0,0,0
102,0.0,0.0,0.0,1.0,-0.0,0,0
103,0.0,0.0,0.0,1.0,-0.0,0,0
104,0.0,0.0,0.0,1.0,-0.0,0,0
105,0.0,0.0,0.0,1.0,-0.0,0,0
106,0.0,0.0,0.0,1.0,-0.0,0,0
107,0.0,0.007920792079207921,0.03900537743285587,1.0,-0.0,0,0
108,0.0,0.009900990099009901,0.04338396495090424,1.0,-0.0,0,0
109,0.0,0.009900990099009901,0.04338396495090424,1.0,-0.0,0,0
110,0.0,0.009900990099009901,0.04338396495090424,1.0,-0.0,0,0
111,0.0,0.009900990099009901,0.04338396495090424,1.0,-0.0,0,0
112,0.0,0.0019801980198019802,0.0198019801980198,1.0,-0.0,0,0
113,0.0,0.0,0.0,1.0,-0.0,0,0
114,0.0,0.0,0.0,1.0,-0.0,0,0
115,0.0,0.0,0.0,1.0,-0.0,0,0
116,0.0,0.0,0.0,1.0,-0.0,0,0
117,0.0,0.0,0.0,1.0,-0.0,0,0
118,0.0,0.0,0.0,1.0,-0.0,0,0
119,0.0,0.0,0.0,1.0,-0.0,0,0
120,0.0,0.0,0.0,1.0,-0.0,0,0
121,0.0,0.0,0.0,1.0,-0.0,0,0
122,0.0,0.0,0.0,1.0,-0.0,0,0
123,0.0,0.0,0.0,1.0,-0.0,0,0
124,0.0,0.0,0.0,1.0,-0.0,0,0
125,0.0,0.0,0.0,1.0,-0.0,0,0
126,0.0,0.0,0.0,1.0,-0.0,0,0
127,0.0,0.0,0.0,1.0,-0.0,0,0
128,0.0,0.0,0.0,1.0,-0.0,0,0
129,0.0,0.0039603960396039604,0.02786385599895107,1.0,-0.0,0,0
130,0.0,0.0039603960396039604,0.02786385599895107,1.0,-0.0,0,0
131,0.0,0.007920792079207921,0.03900537743285587,1.0,-0.0,0,0
132,0.0,0.007920792079207921,0.03900537743285587,1.0,-0.0,0,0
133,0.0,0.007920792079207921,0.03900537743285587,1.0,-0.0,0,0
134,0.0,0.0039603960396039604,0.027863855998951068,1.0,-0.0,0,0
135,0.0,0.011881188118811881,0.047276579747775535,1.0,-0.0,0,0
136,0.0,0.007920792079207921,0.03900537743285587,1.0,-0.0,0,0
137,0.0,0.007920792079207921,0.03900537743285587,1.0,-0.0,0,0
138,0.0,0.007920792079207921,0.03900537743285587,1.0,-0.0,0,0
139,0.0,0.007920792079207921,0.03900537743285587,1.0,-0.0,0,0
140,0.0,0.0,0.0,1.0,-0.0,0,0
141,0.0,0.0,0.0,1.0,-0.0,0,0
142,0.0,0.0,0.0,1.0,-0.0,0,0
143,0.0,0.0,0.0,1.0,-0.0,0,0
144,0.0,0.0,0.0,1.0,-0.0,0,0
145,0.0,0.0,0.0,1.0,-0.0,0,0
146,0.0,0.0,0.0,1.0,-0.0,0,0
147,0.0,0.013861386138613863,0.05079507064705211,1.0,-0.0,0,0
148,0.0,0.013861386138613863,0.05079507064705211,1.0,-0.0,0,0
149,0.0,0.013861386138613863,0.05079507064705211,1.0,-0.0,0,0
150,0.0,0.1900990099009901,0.20172766196776312,1.0,-0.0,0,0
151,0.0,0.1900990099009901,0.20172766196776312,1.0,-0.0,0,0
152,0.0,0.1762376237623762,0.19353333422369295,1.0,-0.0,0,0
153,0.0,0.1762376237623762,0.19353333422369295,1.0,-0.0,0,0
154,0.0,0.1762376237623762,0.19353333422369295,1.0,-0.0,0,0
155,0.0,0.0,0.0,1.0,-0.0,0,0
156,0.0,0.015841584158415842,0.05401260078014202,1.0,-0.0,0,0
157,0.0,0.021782178217821784,0.06836703565002801,1.0,-0.0,0,0
158,0.0,0.021782178217821784,0.06836703565002801,1.0,-0.0,0,0
159,0.0,0.021782178217821784,0.06836703565002801,1.0,-0.0,0,0
160,0.0,0.021782178217821784,0.06836703565002801,1.0,-0.0,0,0
161,0.0,0.07128712871287128,0.1213265242141813,1.0,-0.0,0,0
162,0.0,0.06534653465346535,0.11295810453031019,1.0,-0.0,0,0
163,0.0,0.1396039603960396,0.16294274516570856,1.0,-0.0,0,0
164,0.0,0.16831683168316833,0.16823527435849064,1.0,-0.0,0,0
165,0.0,0.17425742574257427,0.1680720409815679,1.0,-0.0,0,0
166,0.0,0.11881188118811879,0.14672184992350656,1.0,-0.0,0,0
167,0.0,0.13267326732673265,0.14698885988036148,1.0,-0.0,0,0
168,0.0,0.05742574257425742,0.09885135821266286,1.0,-0.0,0,0
169,0.0,0.02970297029702971,0.07112192077650681,1.0,-0.0,0,0
170,0.0,0.023762376237623766,0.06471340450838887,1.0,-0.0,0,0
171,0.0,0.011881188118811881,0.047276579747775535,1.0,-0.0,0,0
172,0.0,0.14455445544554454,0.17376167103746776,1.0,-0.0,0,0
173,0.0,0.14455445544554454,0.17376167103746776,1.0,-0.0,0,0
174,0.0,0.1504950495049505,0.1744148703671667,1.0,-0.0,0,0
175,0.0,0.1504950495049505,0.1744148703671667,1.0,-0.0,0,0
176,0.0,0.1504950495049505,0.1744148703671667,1.0,-0.0,0,0
177,0.0,0.0059405940594059415,0.03395332316729158,1.0,-0.0,0,0
178,0.0,0.0059405940594059415,0.03395332316729158,1.0,-0.0,0,0
179,0.0,0.0,0.0,1.0,-0.0,0,0
180,0.0,0.0,0.0,1.0,-0.0,0,0
181,0.0,0.0,0.0,1.0,-0.0,0,0
182,0.0,0.0,0.0,1.0,-0.0,0,0
183,0.0,0.0,0.0,1.0,-0.0,0,0
184,0.0,0.0,0.0,1.0,-0.0,0,0
185,0.0,0.13861386138613863,0.16588812705842176,1.0,-0.0,0,0
186,0.0,0.21386138613861388,0.22560357019605726,1.0,-0.0,0,0
187,0.0,0.21386138613861388,0.22560357019605726,1.0,-0.0,0,0
188,0.0,0.21386138613861388,0.22560357019605726,1.0,-0.0,0,0
189,0.0,0.21386138613861388,0.22560357019605726,1.0,-0.0,0,0
190,0.0,0.07326732673267328,0.12177815335858849,1.0,-0.0,0,0
191,0.0,0.0039603960396039604,0.027863855998951064,1.0,-0.0,0,0
192,0.0,0.007920792079207921,0.03900537743285587,1.0,-0.0,0,0
193,0.0,0.007920792079207921,0.03900537743285587,1.0,-0.0,0,0
194,0.0,0.007920792079207921,0.03900537743285587,1.0,-0.0,0,0
195,0.0,0.007920792079207921,0.03900537743285587,1.0,-0.0,0,0
196,0.0,0.0039603960396039604,0.027863855998951064,1.0,-0.0,0,0
197,0.0,0.0,0.0,1.0,-0.0,0,0
198,0.6,0.2198019801980198,0.2295151160837349,0.04880755636014377,1.3115129355492117,0,0
199,0.6,0.2198019801980198,0.2295151160837349,0.04880755636014377,1.3115129355492117,0,0
200,1.0,0.40990099009900993,0.2956801022563183,0.022981409534774292,1.6386233379453257,0,0
201,1.0,0.40990099009900993,0.2956801022563183,0.022981409534774292,1.6386233379453257,0,0
202,1.0,0.40990099009900993,0.2956801022563183,0.022981409534774292,1.6386233379453257,0,0
203,0.4,0.1900990099009901,0.205616653067843,0.1536659476193018,0.8134223615146134,0,0
204,0.4,0.1900990099009901,0.205616653067843,0.1536659476193018,0.8134223615146134,0,0
205,0.0,0.0,0.0,1.0,-0.0,0,0
206,0.0,0.0,0.0,1.0,-0.0,0,0
207,0.0,0.0,0.0,1.0,-0.0,0,0
208,0.0,0.0,0.0,1.0,-0.0,0,0
209,0.0,0.0,0.0,1.0,-0.0,0,0
210,0.0,0.0,0.0,1.0,-0.0,0,0
211,0.0,0.0,0.0,1.0,-0.0,0,0
212,0.0,0.0,0.0,1.0,-0.0,0,0
213,0.0,0.0039603960396039604,0.027863855998951064,1.0,-0.0,0,0
214,0.0,0.015841584158415842,0.05401260078014202,1.0,-0.0,0,0
215,0.0,0.015841584158415842,0.05401260078014202,1.0,-0.0,0,0
216,0.0,0.023762376237623766,0.06471340450838887,1.0,-0.0,0,0
217,0.0,0.023762376237623766,0.06471340450838887,1.0,-0.0,0,0
218,0.0,0.019801980198019806,0.05973506189702319,1.0,-0.0,0,0
219,0.0,0.15841584158415842,0.17192407185067915,1.0,-0.0,0,0
220,0.0,0.15841584158415842,0.17192407185067915,1.0,-0.0,0,0
221,0.0,0.1504950495049505,0.16746435256923545,1.0,-0.0,0,0
222,0.0,0.15643564356435644,0.16793200037318168,1.0,-0.0,0,0
223,0.0,0.15841584158415842,0.16960485628010977,1.0,-0.0,0,0
224,0.0,0.007920792079207921,0.03900537743285587,1.0,-0.0,0,0
225,0.0,0.007920792079207921,0.03900537743285587,1.0,-0.0,0,0
226,0.0,0.007920792079207921,0.03900537743285587,1.0,-0.0,0,0
227,0.0,0.011881188118811881,0.047276579747775535,1.0,-0.0,0,0
228,0.0,0.009900990099009901,0.04338396495090424,1.0,-0.0,0,0
229,0.0,0.009900990099009901,0.04338396495090424,1.0,-0.0,0,0
230,0.0,0.009900990099009901,0.04338396495090424,1.0,-0.0,0,0
231,0.0,0.009900990099009901,0.04338396495090424,1.0,-0.0,0,0
232,0.0,0.0,0.0,1.0,-0.0,0,0
233,0.0,0.0,0.0,1.0,-0.0,0,0
234,0.0,0.0,0.0,1.0,-0.0,0,0
235,0.0,0.023762376237623766,0.07056843438101175,1.0,-0.0,0,0
236,0.0,0.023762376237623766,0.07056843438101175,1.0,-0.0,0,0
237,0.0,0.023762376237623766,0.07056843438101175,1.0,-0.0,0,0
238,0.0,0.023762376237623766,0.07056843438101175,1.0,-0.0,0,0
239,0.0,0.023762376237623766,0.07056843438101175,1.0,-0.0,0,0
240,0.0,0.0,0.0,1.0,-0.0,0,0
241,0.0,0.0039603960396039604,0.02786385599895107,1.0,-0.0,0,0
242,0.0,0.0039603960396039604,0.02786385599895107,1.0,-0.0,0,0
243,0.0,0.015841584158415842,0.05401260078014202,1.0,-0.0,0,0
244,0.0,0.0712871287128713,0.11801714396634724,1.0,-0.0,0,0
245,0.0,0.0712871287128713,0.11801714396634724,1.0,-0.0,0,0
246,0.0,0.06732673267326733,0.1135467024699521,1.0,-0.0,0,0
247,0.0,0.06732673267326733,0.1135467024699521,1.0,-0.0,0,0
248,0.0,0.057425742574257435,0.10277971700879983,1.0,-0.0,0,0
249,0.0,0.007920792079207921,0.03900537743285587,1.0,-0.0,0,0
250,0.0,0.007920792079207921,0.03900537743285587,1.0,-0.0,0,0
251,0.0,0.007920792079207921,0.03900537743285587,1.0,-0.0,0,0
252,0.0,0.007920792079207921,0.03900537743285587,1.0,-0.0,0,0
253,0.0,0.0059405940594059415,0.03395332316729158,1.0,-0.0,0,0
254,0.0,0.007920792079207921,0.03900537743285587,1.0,-0.0,0,0
255,0.0,0.14059405940594058,0.16055486574752068,1.0,-0.0,0,0
256,0.0,0.14059405940594058,0.16055486574752068,1.0,-0.0,0,0
257,0.0,0.14059405940594058,0.16055486574752068,1.0,-0.0,0,0
258,0.0,0.14455445544554454,0.16439221845954263,1.0,-0.0,0,0
259,0.0,0.36237623762376237,0.26358213447342616,1.0,-0.0,0,0
260,0.0,0.22970297029702968,0.19977440467551033,1.0,-0.0,0,0
261,0.0,0.22970297029702968,0.19977440467551033,1.0,-0.0,0,0
262,0.0,0.22970297029702968,0.19977440467551033,1.0,-0.0,0,0
263,0.0,0.22574257425742572,0.1963294187397297,1.0,-0.0,0,0
264,0.0,0.0,0.0,1.0,-0.0,0,0
265,0.2,0.14455445544554454,0.14105349559214359,0.3471295784799068,0.45950837905891073,0,0
266,0.2,0.14455445544554454,0.14105349559214359,0.3471295784799068,0.45950837905891073,0,0
267,0.2,0.14455445544554454,0.14105349559214359,0.3471295784799068,0.45950837905891073,0,0
268,0.2,0.14455445544554454,0.14105349559214359,0.3471295784799068,0.45950837905891073,0,0
269,0.2,0.14455445544554454,0.14105349559214359,0.3471295784799068,0.45950837905891073,0,0
270,0.0,0.0,0.0,1.0,-0.0,0,0
271,0.0,0.0,0.0,1.0,-0.0,0,0
272,0.0,0.0,0.0,1.0,-0.0,0,0
273,0.0,0.0,0.0,1.0,-0.0,0,0
274,0.4,0.2554455445544554,0.21083297670029566,0.24647167118856772,0.6082329901940408,0,0
275,1.2,0.3762376237623762,0.2537436590834272,0.0005843000003774923,3.2333641134091526,0,0
276,1.2,0.4752475247524752,0.3042295708848892,0.008603484272014432,2.065325630889321,0,0
277,1.2,0.4772277227722772,0.30308028806510345,0.00854524603871377,2.068275428353727,0,0
278,1.4,0.6772277227722773,0.3868842762271994,0.03086798674055483,1.510491694974666,0,0
279,1.0,0.4217821782178219,0.30817378419739483,0.03030897449852863,1.5184287576991753,0,0
280,0.4,0.4871287128712872,0.3238577387035012,1.0,-0.0,0,0
281,0.4,0.38811881188118813,0.28814432876697155,0.48355488891962,0.31555422147359713,0,0
282,0.4,0.3881188118811883,0.2895155149702505,0.4836327314610961,0.3154843144864087,0,0
283,0.2,0.18811881188118812,0.20063618061766875,0.47638940560058746,0.32203790533444326,0,0
284,0.2,0.18811881188118812,0.20063618061766875,0.47638940560058746,0.32203790533444326,0,0
285,0.0,0.0019801980198019802,0.019801980198019806,1.0,-0.0,0,0
286,0.0,0.0059405940594059415,0.03395332316729158,1.0,-0.0,0,0
287,0.0,0.013861386138613863,0.05079507064705211,1.0,-0.0,0,0
288,0.0,0.013861386138613863,0.05079507064705211,1.0,-0.0,0,0
289,0.0,0.013861386138613863,0.05079507064705211,1.0,-0.0,0,0
290,0.0,0.025742574257425748,0.0669763743575753,1.0,-0.0,0,0
291,0.0,0.021782178217821784,0.06230547612891991,1.0,-0.0,0,0
292,0.0,0.011881188118811883,0.047276579747775535,1.0,-0.0,0,0
293,0.0,0.011881188118811883,0.047276579747775535,1.0,-0.0,0,0
294,0.0,0.011881188118811883,0.047276579747775535,1.0,-0.0,0,0
295,0.2,0.1782178217821782,0.17777723316802727,0.45124157339492377,0.3455908951411466,0,0
296,0.2,0.1782178217821782,0.17777723316802727,0.45124157339492377,0.3455908951411466,0,0
297,0.2,0.1782178217821782,0.17777723316802727,0.45124157339492377,0.3455908951411466,0,0
298,0.2,0.19801980198019797,0.19395834911660803,0.49592711015592206,0.30458215008899914,0,0
299,0.2,0.20396039603960395,0.19696750100290228,1.0,-0.0,0,0
300,0.0,0.08514851485148514,0.130031327995105,1.0,-0.0,0,0
301,0.0,0.08514851485148514,0.130031327995105,1.0,-0.0,0,0
302,0.0,0.08514851485148514,0.130031327995105,1.0,-0.0,0,0
303,0.0,0.06534653465346535,0.11295810453031022,1.0,-0.0,0,0
304,0.0,0.0594059405940594,0.10733330877518932,1.0,-0.0,0,0
305,0.0,0.0,0.0,1.0,-0.0,0,0
306,0.2,0.017821782178217824,0.056980176514606566,0.0006937928196726553,3.15877019915046,0,0
307,0.2,0.017821782178217824,0.056980176514606566,0.0006937928196726553,3.15877019915046,0,0
308,0.2,0.017821782178217824,0.056980176514606566,0.0006937928196726553,3.15877019915046,0,0
309,0.2,0.017821782178217824,0.056980176514606566,0.0006937928196726553,3.15877019915046,0,0
310,0.2,0.017821782178217824,0.056980176514606566,0.0006937928196726553,3.15877019915046,0,0
311,0.0,0.09900990099009897,0.12145573247679727,1.0,-0.0,0,0
312,0.0,0.09900990099009897,0.12145573247679727,1.0,-0.0,0,0
313,0.0,0.1168316831683168,0.12670172889541692,1.0,-0.0,0,0
314,0.0,0.19801980198019803,0.179095747399525,1.0,-0.0,0,0
315,0.0,0.19801980198019803,0.179095747399525,1.0,-0.0,0,0
316,0.0,0.09702970297029703,0.14243667729389659,1.0,-0.0,0,0
317,0.0,0.09702970297029703,0.14243667729389659,1.0,-0.0,0,0
318,0.0,0.08118811881188118,0.12951766673875514,1.0,-0.0,0,0
319,0.0,0.0,0.0,1.0,-0.0,0,0
320,0.2,0.11683168316831682,0.14696218071508493,0.2857252863524996,0.5440513233645132,0,0
321,0.2,0.11683168316831682,0.14696218071508493,0.2857252863524996,0.5440513233645132,0,0
322,0.2,0.11683168316831682,0.14696218071508493,0.2857252863524996,0.5440513233645132,0,0
323,0.2,0.11683168316831682,0.14696218071508493,0.2857252863524996,0.5440513233645132,0,0
324,0.2,0.11683168316831682,0.14696218071508493,0.2857252863524996,0.5440513233645132,0,0
325,0.0,0.0,0.0,1.0,-0.0,0,0
326,0.0,0.031683168316831684,0.07826167463512675,1.0,-0.0,0,0
327,0.0,0.031683168316831684,0.07826167463512675,1.0,-0.0,0,0
328,0.0,0.03762376237623763,0.08307396817189318,1.0,-0.0,0,0
329,0.0,0.03762376237623763,0.08307396817189318,1.0,-0.0,0,0
330,0.0,0.03762376237623763,0.08307396817189318,1.0,-0.0,0,0
331,1.2,0.18811881188118812,0.20063618061766877,2.2870956606376647e-07,6.640715670103252,0,0
332,1.2,0.18811881188118812,0.20063618061766877,2.2870956606376647e-07,6.640715670103252,0,0
333,1.2,0.18217821782178217,0.19108654387033375,5.0062640318721016e-08,7.3004862493020575,0,0
334,1.2,0.18217821782178217,0.19108654387033375,5.0062640318721016e-08,7.3004862493020575,0,0
335,1.2,0.18217821782178217,0.19108654387033375,5.0062640318721016e-08,7.3004862493020575,0,0
336,0.0,0.0,0.0,1.0,-0.0,0,0
337,0.0,0.0,0.0,1.0,-0.0,0,0
338,0.0,0.0,0.0,1.0,-0.0,0,0
339,0.0,0.0019801980198019802,0.0198019801980198,1.0,-0.0,0,0
340,0.0,0.0019801980198019802,0.0198019801980198,1.0,-0.0,0,0
341,0.4,0.0297029702970297,0.07112192077650681,9.621238793919095e-08,7.016769006265068,0,0
342,0.4,0.0297029702970297,0.07112192077650681,9.621238793919095e-08,7.016769006265068,0,0
343,0.4,0.0297029702970297,0.07112192077650681,9.621238793919095e-08,7.016769006265068,0,0
344,0.4,0.02772277227722772,0.06910862719451544,3.5853288547446714e-08,7.445471003663998,0,0
345,0.4,0.031683168316831684,0.0730260947112308,2.283873330835405e-07,6.641327986785526,0,0
346,0.0,0.0039603960396039604,0.027863855998951064,1.0,-0.0,0,0
347,0.0,0.0039603960396039604,0.027863855998951064,1.0,-0.0,0,0
348,0.2,0.1564356435643564,0.1793364234865362,0.40403378861638095,0.3935823141071192,0,0
349,0.4,0.30891089108910896,0.2509778933505721,0.3583260547761882,0.4457216120568067,0,0
350,0.6,0.4851485148514851,0.2996321634752909,0.35074560537729416,0.4550077617033022,0,0
351,0.8,0.6752475247524752,0.3445203124087025,0.35863684059929757,0.44534510002988154,0,0
352,0.8,0.6752475247524752,0.3445203124087025,0.35863684059929757,0.44534510002988154,0,0
353,0.6,0.5247524752475248,0.2976495183285198,0.4002091425579148,0.3977129943677238,0,0
354,0.4,0.3702970297029703,0.24758019181129162,0.45225221705673246,0.3446192954396359,0,0
355,0.2,0.1900990099009901,0.18103385739626768,0.47819217148028004,0.320397538029415,0,0
356,0.0,0.0,0.0,1.0,-0.0,0,0
357,0.2,0.015841584158415842,0.05401260078014202,0.00032535620257014524,3.4876409094885674,0,0
358,0.2,0.015841584158415842,0.05401260078014202,0.00032535620257014524,3.4876409094885674,0,0
359,0.2,0.04554455445544555,0.09700949476369024,0.05567344326657026,1.2543519178087958,0,0
360,0.2,0.04554455445544555,0.09700949476369024,0.05567344326657026,1.2543519178087958,0,0
361,0.2,0.04554455445544555,0.09700949476369024,0.05567344326657026,1.2543519178087958,0,0
362,0.0,0.0297029702970297,0.07648795214189294,1.0,-0.0,0,0
363,0.0,0.0297029702970297,0.07648795214189294,1.0,-0.0,0,0
364,0.0,0.12574257425742574,0.14802559676063967,1.0,-0.0,0,0
365,0.0,0.12574257425742574,0.14802559676063967,1.0,-0.0,0,0
366,0.0,0.12574257425742574,0.14802559676063967,1.0,-0.0,0,0
367,0.0,0.12574257425742574,0.14802559676063967,1.0,-0.0,0,0
368,0.0,0.12574257425742574,0.14802559676063967,1.0,-0.0,0,0
369,0.0,0.0,0.0,1.0,-0.0,0,0
370,0.0,0.0,0.0,1.0,-0.0,0,0
371,0.0,0.0,0.0,1.0,-0.0,0,0
372,0.0,0.0,0.0,1.0,-0.0,0,0
373,0.0,0.0,0.0,1.0,-0.0,0,0
374,0.0,0.0,0.0,1.0,-0.0,0,0
375,0.0,0.0,0.0,1.0,-0.0,0,0
376,0.0,0.0,0.0,1.0,-0.0,0,0
377,0.0,0.0,0.0,1.0,-0.0,0,0
378,0.0,0.0,0.0,1.0,-0.0,0,0
379,0.0,0.0,0.0,1.0,-0.0,0,0
380,0.0,0.0,0.0,1.0,-0.0,0,0
381,0.0,0.0,0.0,1.0,-0.0,0,0
382,0.2,0.09306930693069307,0.13368903310588712,0.2118998952955819,0.6738692578836474,0,0
383,0.2,0.09306930693069307,0.13368903310588712,0.2118998952955819,0.6738692578836474,0,0
384,0.2,0.09306930693069307,0.13368903310588712,0.2118998952955819,0.6738692578836474,0,0
385,0.2,0.09306930693069307,0.13368903310588712,0.2118998952955819,0.6738692578836474,0,0
386,0.2,0.09306930693069307,0.13368903310588712,0.2118998952955819,0.6738692578836474,0,0
387,0.0,0.0,0.0,1.0,-0.0,0,0
388,0.0,0.0,0.0,1.0,-0.0,0,0
389,0.0,0.0,0.0,1.0,-0.0,0,0
390,0.0,0.0,0.0,1.0,-0.0,0,0
391,0.0,0.0,0.0,1.0,-0.0,0,0
392,0.8,0.13366336633663367,0.15687368174525435,1.080364165778027e-05,4.966429829207799,0,0
393,1.6,0.31089108910891083,0.25247330614668084,1.645930683342092e-07,6.783588458598792,0,0
394,1.6,0.31089108910891083,0.25247330614668084,1.645930683342092e-07,6.783588458598792,0,0
395,1.6,0.3148514851485148,0.2538363621221713,2.0646154345486106e-07,6.685160830306365,0,0
396,1.6,0.35643564356435636,0.2603941572796477,8.954163697033324e-07,6.047974970253174,0,0
397,0.8,0.2217821782178218,0.20079246977914245,0.0019904024070013246,2.701059111794962,0,0
398,0.0,0.04554455445544555,0.09700949476369022,1.0,-0.0,0,0
399,0.0,0.04554455445544555,0.09700949476369022,1.0,-0.0,0,0
400,0.0,0.041584158415841586,0.09039772047931349,1.0,-0.0,0,0
401,0.0,0.011881188118811881,0.04727657974777554,1.0,-0.0,0,0
402,0.0,0.017821782178217824,0.056980176514606566,1.0,-0.0,0,0
403,0.2,0.19603960396039596,0.19290421984883258,0.49181014057802136,0.30820252083586425,0,0
404,0.2,0.19603960396039596,0.19290421984883258,0.49181014057802136,0.30820252083586425,0,0
405,0.2,0.19603960396039596,0.19290421984883258,0.49181014057802136,0.30820252083586425,0,0
406,0.4,0.3960396039603961,0.22860783666790985,0.4930890803052317,0.30707461502248734,0,0
407,0.4,0.3900990099009902,0.2275591319061294,0.482647685301688,0.31636977227324203,0,0
408,0.2,0.2099009900990099,0.17660435755646178,1.0,-0.0,0,0
409,0.2,0.2099009900990099,0.17660435755646178,1.0,-0.0,0,0
410,0.2,0.2772277227722772,0.19288389167344033,1.0,-0.0,0,0
411,0.0,0.06732673267326733,0.10634234916512914,1.0,-0.0,0,0
412,0.0,0.12475247524752471,0.1345369326848557,1.0,-0.0,0,0
413,0.0,0.12475247524752471,0.1345369326848557,1.0,-0.0,0,0
414,0.0,0.12475247524752471,0.1345369326848557,1.0,-0.0,0,0
415,0.0,0.05544554455445545,0.09384550979067555,1.0,-0.0,0,0
416,0.0,0.05544554455445545,0.09384550979067555,1.0,-0.0,0,0
417,0.0,0.0,0.0,1.0,-0.0,0,0
418,0.0,0.0,0.0,1.0,-0.0,0,0
419,0.0,0.0,0.0,1.0,-0.0,0,0
420,0.0,0.0,0.0,1.0,-0.0,0,0
421,0.0,0.019801980198019802,0.059735061897023205,1.0,-0.0,0,0
422,0.0,0.019801980198019802,0.059735061897023205,1.0,-0.0,0,0
423,0.0,0.05346534653465347,0.10860442931328386,1.0,-0.0,0,0
424,0.0,0.06336633663366337,0.1256450857759628,1.0,-0.0,0,0
425,0.0,0.06336633663366337,0.1256450857759628,1.0,-0.0,0,0
426,0.0,0.04356435643564357,0.09587103712404123,1.0,-0.0,0,0
427,0.0,0.0712871287128713,0.13075306153836974,1.0,-0.0,0,0
428,0.0,0.2118811881188119,0.20647303600375566,1.0,-0.0,0,0
429,0.2,0.22574257425742578,0.20808103207694087,1.0,-0.0,0,0
430,0.2,0.22574257425742578,0.20808103207694087,1.0,-0.0,0,0
431,0.6,0.40594059405940586,0.2476910332573279,0.21667450114198167,0.6641921946558026,0,0
432,0.6,0.37821782178217817,0.23530219053485854,0.17295763001760883,0.7620602743466306,0,0
433,0.6,0.20396039603960395,0.1845094068165728,0.0159186791729829,1.7980929699954822,0,0
434,0.4,0.1801980198019802,0.1813152180952015,0.11270559740565446,0.9480545146369184,0,0
435,0.4,0.1801980198019802,0.1813152180952015,0.11270559740565446,0.9480545146369184,0,0
436,0.0,0.0,0.0,1.0,-0.0,0,0
437,0.0,0.09702970297029702,0.13084299831035082,1.0,-0.0,0,0
438,0.0,0.09702970297029702,0.13084299831035082,1.0,-0.0,0,0
439,0.0,0.09702970297029702,0.13084299831035082,1.0,-0.0,0,0
440,0.0,0.09702970297029702,0.13084299831035082,1.0,-0.0,0,0
441,0.0,0.09702970297029702,0.13084299831035082,1.0,-0.0,0,0
442,0.0,0.0,0.0,1.0,-0.0,0,0
443,0.0,0.021782178217821784,0.06836703565002801,1.0,-0.0,0,0
444,0.0,0.021782178217821784,0.06836703565002801,1.0,-0.0,0,0
445,0.0,0.19207920792079206,0.18222126052003706,1.0,-0.0,0,0
446,0.0,0.19207920792079206,0.18222126052003706,1.0,-0.0,0,0
447,0.0,0.19207920792079206,0.18222126052003706,1.0,-0.0,0,0
448,0.0,0.3742574257425743,0.2694524941492919,1.0,-0.0,0,0
449,0.0,0.3742574257425743,0.2694524941492919,1.0,-0.0,0,0
450,0.0,0.20396039603960395,0.1845094068165728,1.0,-0.0,0,0
451,0.0,0.20396039603960395,0.1845094068165728,1.0,-0.0,0,0
452,0.2,0.499009900990099,0.3039329816385727,1.0,-0.0,0,0
453,0.2,0.4831683168316832,0.3449980074359716,1.0,-0.0,0,0
454,0.4,0.7504950495049506,0.42066043368795947,1.0,-0.0,0,0
455,0.4,0.7504950495049506,0.42066043368795947,1.0,-0.0,0,0
456,0.4,0.7504950495049506,0.42066043368795947,1.0,-0.0,0,0
457,0.2,0.6574257425742573,0.32982039356381104,1.0,-0.0,0,0
458,0.2,0.6871287128712871,0.35310878651792993,1.0,-0.0,0,0
459,0.0,0.4217821782178219,0.27846963693064464,1.0,-0.0,0,0
460,0.0,0.6079207920792079,0.35367467523746043,1.0,-0.0,0,0
461,0.0,0.7722772277227723,0.4117383606129446,1.0,-0.0,0,0
462,0.0,0.5683168316831684,0.36231671858772896,1.0,-0.0,0,0
463,0.0,0.6534653465346534,0.36898693433511764,1.0,-0.0,0,0
464,0.0,0.6534653465346534,0.36898693433511764,1.0,-0.0,0,0
465,0.0,0.46732673267326735,0.2982154550022447,1.0,-0.0,0,0
466,0.0,0.30297029702970296,0.25888391279848266,1.0,-0.0,0,0
467,0.0,0.30297029702970296,0.25888391279848266,1.0,-0.0,0,0
468,0.0,0.04752475247524753,0.0939707763778588,1.0,-0.0,0,0
469,0.0,0.06930693069306931,0.11751770396006174,1.0,-0.0,0,0
470,0.0,0.2594059405940594,0.22078985924382347,1.0,-0.0,0,0
471,0.0,0.2594059405940594,0.22078985924382347,1.0,-0.0,0,0
472,0.0,0.2594059405940594,0.22078985924382347,1.0,-0.0,0,0
473,0.0,0.21188118811881182,0.19051110448801098,1.0,-0.0,0,0
474,0.0,0.20396039603960395,0.18875348902641545,1.0,-0.0,0,0
475,0.0,0.01386138613861386,0.05079507064705211,1.0,-0.0,0,0
476,0.0,0.01386138613861386,0.05079507064705211,1.0,-0.0,0,0
477,0.0,0.01386138613861386,0.05079507064705211,1.0,-0.0,0,0
478,0.0,0.02970297029702971,0.0949669608576776,1.0,-0.0,0,0
479,0.0,0.021782178217821784,0.06836703565002801,1.0,-0.0,0,0
480,0.0,0.033663366336633666,0.07994704648786674,1.0,-0.0,0,0
481,0.0,0.033663366336633666,0.07994704648786674,1.0,-0.0,0,0
482,0.0,0.10495049504950495,0.14238160801780242,1.0,-0.0,0,0
483,0.0,0.10693069306930694,0.14776046024695158,1.0,-0.0,0,0
484,0.0,0.10099009900990098,0.14791959918402456,1.0,-0.0,0,0
485,0.0,0.10891089108910891,0.14494724878689189,1.0,-0.0,0,0
486,0.0,0.10891089108910891,0.14494724878689189,1.0,-0.0,0,0
487,0.0,0.03762376237623763,0.08307396817189318,1.0,-0.0,0,0
488,0.2,0.08910891089108909,0.12734998170941406,0.19194299301932338,0.716827737407409,0,0
489,0.4,0.1465346534653465,0.15893479355105836,0.05538120151727918,1.2566376262960464,0,0
490,0.4,0.12475247524752472,0.14583724862987696,0.029555898385056865,1.5293558352410614,0,0
491,0.6,0.22970297029702968,0.18105551605009837,0.020416949507447883,1.6900091452582908,0,0
492,0.6,0.23366336633663365,0.18254375725135072,0.02238319944173545,1.6500778355655337,0,0
493,0.4,0.16435643564356434,0.16744093589393821,0.079665741641351,1.098728396479339,0,0
494,0.2,0.1584158415841584,0.1443780287806589,0.3866646580767097,0.4126655214974002,0,0
495,0.4,0.39405940594059424,0.24121055350958331,0.4901757425394276,0.3096481846015634,0,0
496,0.2,0.29405940594059404,0.20383539378150925,1.0,-0.0,0,0
497,0.2,0.31287128712871287,0.21325546727829953,1.0,-0.0,0,0
498,0.2,0.3267326732673268,0.21196445111484613,1.0,-0.0,0,0
499,0.2,0.3079207920792079,0.2151136785892619,1.0,-0.0,0,0
500,0.0,0.2039603960396039,0.2086831849930728,1.0,-0.0,0,0
501,0.0,0.3009900990099009,0.24474478503731284,1.0,-0.0,0,0
502,0.0,0.2831683168316831,0.232536298425183,1.0,-0.0,0,0
503,0.4,0.3544554455445545,0.25310927960239055,0.4285997264949641,0.36794811043316766,0,0
504,0.4,0.3722772277227723,0.27290835943543434,0.4595439496883162,0.33767294740221104,0,0
505,0.6,0.3633663366336633,0.2734896498402601,0.19345406045140706,0.7134221503411159,0,0
506,1.0,0.5247524752475248,0.31067028799099505,0.06303944988656172,1.2003875853705488,0,0
507,1.2,0.6811881188118809,0.3332150232808021,0.05973663571504433,1.2237592399095658,0,0
508,1.0,0.8237623762376236,0.39630684053114607,0.32826831039522053,0.4837710401605777,0,0
509,1.0,0.7742574257425741,0.39064644706342094,0.2816761944277974,0.5502498554122142,0,0
510,0.8,0.8019801980198017,0.3738957863012395,1.0,-0.0,0,0
511,0.4,0.5405940594059405,0.3025234522687954,1.0,-0.0,0,0
512,0.2,0.3821782178217822,0.27009204137231707,1.0,-0.0,0,0
513,0.4,0.31683168316831684,0.25681572810888675,0.37302794717747756,0.4282586297186858,0,0
514,0.4,0.31683168316831684,0.25681572810888675,0.37302794717747756,0.4282586297186858,0,0
515,0.4,0.16633663366336635,0.20502461949377873,0.12720889834810595,0.8954825084335561,1,0
516,0.4,0.16633663366336635,0.20502461949377873,0.12720889834810595,0.8954825084335561,0,0
517,0.4,0.1623762376237624,0.20238747522615816,0.12017686566309739,0.9201791270241627,0,0
518,0.0,0.007920792079207921,0.03900537743285587,1.0,-0.0,0,0
519,0.0,0.007920792079207921,0.03900537743285587,1.0,-0.0,0,0
520,0.0,0.007920792079207921,0.03900537743285587,1.0,-0.0,0,0
521,0.0,0.007920792079207921,0.03900537743285587,1.0,-0.0,0,0
522,0.0,0.07326732673267328,0.11848138852793338,1.0,-0.0,0,0
523,0.0,0.06534653465346535,0.10939585993610405,1.0,-0.0,0,0
524,0.0,0.08316831683168316,0.11694909354640316,1.0,-0.0,0,0
525,0.0,0.19999999999999998,0.16410573746614385,1.0,-0.0,0,0
526,0.0,0.19999999999999998,0.16410573746614385,1.0,-0.0,0,0
527,0.0,0.13465346534653463,0.14102569358229589,1.0,-0.0,0,0
528,0.0,0.13465346534653463,0.14102569358229589,1.0,-0.0,0,0
529,0.0,0.14455445544554454,0.15445544554455448,1.0,-0.0,0,0
530,0.0,0.027722772277227727,0.06910862719451544,1.0,-0.0,0,0
531,0.0,0.027722772277227727,0.06910862719451544,1.0,-0.0,0,0
532,0.0,0.041584158415841586,0.08116396646304633,1.0,-0.0,0,0
533,0.0,0.041584158415841586,0.08116396646304633,1.0,-0.0,0,0
534,0.0,0.013861386138613863,0.050795070647052104,1.0,-0.0,0,0
535,0.0,0.013861386138613863,0.050795070647052104,1.0,-0.0,0,0
536,0.0,0.013861386138613863,0.050795070647052104,1.0,-0.0,0,0
537,0.0,0.0,0.0,1.0,-0.0,0,0
538,0.0,0.1089108910891089,0.13650445892763632,1.0,-0.0,0,0
539,0.0,0.1089108910891089,0.13650445892763632,1.0,-0.0,0,0
540,0.0,0.1089108910891089,0.13650445892763632,1.0,-0.0,0,0
541,0.8,0.3841584158415842,0.2574562053567526,0.053134401084352134,1.274624210299791,0,0
542,0.8,0.3841584158415842,0.2574562053567526,0.053134401084352134,1.274624210299791,0,0
543,1.8,0.4138613861386139,0.27897609925316946,3.3707814431613577e-07,6.472269405623827,0,0
544,1.8,0.4138613861386139,0.27897609925316946,3.3707814431613577e-07,6.472269405623827,0,0
545,1.8,0.5861386138613861,0.31873192527912547,6.993202961839325e-05,4.15532386716549,1,0
546,1.0,0.3108910891089109,0.23289014539388764,0.0015434756919780169,2.8115002057821075,0,0
547,1.0,0.34851485148514855,0.24316960685954458,0.003690588610003984,2.4329043629221085,0,0
548,0.2,0.36633663366336633,0.2857254888780635,1.0,-0.0,0,0
549,0.2,0.4891089108910891,0.3177585452649745,1.0,-0.0,0,0
550,0.2,0.3801980198019802,0.28908178361813325,1.0,-0.0,0,0
551,0.2,0.3801980198019802,0.28908178361813325,1.0,-0.0,0,0
552,0.2,0.5009900990099009,0.3372853331254924,1.0,-0.0,0,0
553,0.0,0.3425742574257426,0.28609578630465754,1.0,-0.0,0,0
554,0.0,0.21980198019801975,0.2346346652451267,1.0,-0.0,0,0
555,0.0,0.15643564356435644,0.20217424187089458,1.0,-0.0,0,0
556,0.0,0.16633663366336632,0.20694727301051719,1.0,-0.0,0,0
557,0.0,0.009900990099009901,0.04338396495090425,1.0,-0.0,0,0
558,0.0,0.19603960396039602,0.19494644711665696,1.0,-0.0,0,0
559,0.0,0.19603960396039602,0.19494644711665696,1.0,-0.0,0,0
560,0.0,0.19603960396039602,0.19494644711665696,1.0,-0.0,0,0
561,0.2,0.3722772277227722,0.22869358283073454,1.0,-0.0,0,0
562,0.2,0.3722772277227722,0.22869358283073454,1.0,-0.0,0,0
563,0.2,0.1861386138613861,0.17856950998171084,0.4690633381635982,0.3287685100403922,0,0
564,0.2,0.1861386138613861,0.17856950998171084,0.4690633381635982,0.3287685100403922,0,0
565,0.2,0.32277227722772284,0.23709512153815077,1.0,-0.0,0,0
566,0.0,0.13861386138613857,0.13999313775947436,1.0,-0.0,0,0
567,0.4,0.27722772277227725,0.19081959139242144,0.25998407289188896,0.5850532569024005,0,0
568,0.4,0.27722772277227725,0.19081959139242144,0.25998407289188896,0.5850532569024005,0,0
569,0.4,0.27722772277227725,0.19081959139242144,0.25998407289188896,0.5850532569024005,0,0
570,0.6,0.297029702970297,0.2172991028693689,0.0816203514923007,1.0882015393000926,0,0
571,1.0,0.47524752475247534,0.31447140643335153,0.04759030377072971,1.3224815230741016,0,0
572,0.6,0.3346534653465348,0.2815922350570538,0.17301756053615952,0.7619098156173626,0,0
573,1.8,0.5683168316831684,0.33858490988501383,0.00013752153783462575,3.861629279795715,0,0
574,1.8,0.6158415841584158,0.34661950870560104,0.00031738400723539954,3.4984149608338635,0,0
575,2.2,0.6178217821782178,0.31478298028014723,2.500807979311441e-07,6.601919653622153,0,0
576,2.2,0.6613861386138612,0.2880354409676117,4.602629526950382e-08,7.336993980760228,0,0
577,3.4,0.895049504950495,0.34992962167201175,4.08008940155359e-13,12.389330320690508,0,0
578,2.2,0.6613861386138612,0.31053141835901243,3.620668565153029e-07,6.441211228542026,0,0
579,2.2,0.6594059405940592,0.31784491449082464,6.267145340902426e-07,6.202930233492147,0,0
580,1.6,0.49900990099009906,0.2933234113812715,8.719046608726905e-05,4.059531000756152,0,0
581,1.2,0.27722772277227725,0.23031669463047466,3.0807784628287755e-05,4.511339530449761,0,0
582,0.0,0.05346534653465347,0.09704990696905227,1.0,-0.0,0,0
583,0.0,0.05346534653465347,0.09704990696905227,1.0,-0.0,0,0
584,0.0,0.03564356435643565,0.08626938974571076,1.0,-0.0,0,0
585,0.0,0.03564356435643565,0.08626938974571076,1.0,-0.0,0,0
586,0.0,0.04554455445544554,0.09700949476369024,1.0,-0.0,0,0
587,0.0,0.2198019801980198,0.20586441850878456,1.0,-0.0,0,0
588,0.0,0.3465346534653466,0.24678701942677855,1.0,-0.0,0,0
589,0.2,0.5138613861386139,0.32366395694272354,1.0,-0.0,0,0
590,0.2,0.5702970297029704,0.33346205402762974,1.0,-0.0,0,0
591,0.2,0.6237623762376239,0.36509825473994734,1.0,-0.0,0,0
592,0.2,0.44158415841584164,0.2995929009233992,1.0,-0.0,0,0
593,0.2,0.31287128712871287,0.2523801024373041,1.0,-0.0,0,0
594,0.0,0.11881188118811879,0.14939672169394075,1.0,-0.0,0,0
595,0.0,0.06336633663366337,0.10504385908811757,1.0,-0.0,0,0
596,0.0,0.0,0.0,1.0,-0.0,0,0
597,0.0,0.0,0.0,1.0,-0.0,0,0
598,0.0,0.04950495049504951,0.09912864166957489,1.0,-0.0,0,0
599,0.0,0.04950495049504951,0.09912864166957489,1.0,-0.0,0,0
600,0.2,0.15247524752475244,0.17153590358580373,0.3908692221511384,0.40796852546483764,0,0
601,0.2,0.22178217821782176,0.22142828908505915,1.0,-0.0,0,0
602,0.2,0.22178217821782176,0.22142828908505915,1.0,-0.0,0,0
603,0.4,0.23960396039603957,0.1990468415545198,0.2101731573976463,0.6774227513833456,0,0
604,0.4,0.24752475247524752,0.19730564288445387,0.21982420662721885,0.657924485589597,0,0
605,0.4,0.23366336633663365,0.20502461949377873,0.20859648119129975,0.6806930219501921,0,0
606,0.4,0.16435643564356434,0.18107717211333596,0.09657048644209933,1.0151555809734396,0,0
607,0.4,0.17227722772277226,0.1846156359731749,0.10869525909647894,0.9637893978929125,0,0
608,0.2,0.1089108910891089,0.14765427233510695,0.2686476890928793,0.5708168908798665,0,0
609,0.2,0.11089108910891086,0.14481192315867106,0.26916432342576346,0.5699825045005109,0,0
610,0.0,0.023762376237623766,0.07056843438101175,1.0,-0.0,0,0
611,0.0,0.023762376237623766,0.07056843438101175,1.0,-0.0,0,0
612,0.0,0.015841584158415842,0.06090517425437506,1.0,-0.0,0,0
613,0.0,0.009900990099009901,0.04338396495090424,1.0,-0.0,0,0
614,0.0,0.0,0.0,1.0,-0.0,0,0
615,0.2,0.06336633663366337,0.10504385908811757,0.09667550266855758,1.014683561115634,0,0
616,0.4,0.1326732673267327,0.17183281702904268,0.05988527971093003,1.222679917610173,0,0
617,0.4,0.1326732673267327,0.17183281702904268,0.05988527971093003,1.222679917610173,0,0
618,0.6,0.2653465346534653,0.24713632890016152,0.0878482610982081,1.0562668306732628,0,0
619,0.6,0.45148514851485144,0.3253676858072298,0.32403235679123915,0.4894116204284119,0,0
620,0.4,0.4970297029702971,0.3610917015655659,1.0,-0.0,0,0
621,0.4,0.6316831683168317,0.3568094849195795,1.0,-0.0,0,0
622,0.4,0.6336633663366337,0.35939366642980214,1.0,-0.0,0,0
623,0.4,0.5405940594059406,0.35660062188541647,1.0,-0.0,0,0
624,0.4,0.35643564356435653,0.24952066585742427,0.430700047730802,0.3658250801082549,0,0
625,0.4,0.24554455445544554,0.2141179246085271,0.2353449738995626,0.6282950721863332,0,0
626,0.2,0.041584158415841586,0.08590499787518362,0.03258561123651815,1.4869741281544258,0,0
627,0.2,0.057425742574257435,0.11021718851545144,0.09790604061927334,1.009190512214366,0,0
628,0.0,0.1762376237623762,0.17185563527720504,1.0,-0.0,0,0
629,0.0,0.25544554455445545,0.23228322057212167,1.0,-0.0,0,0
630,0.0,0.2693069306930693,0.23451765297291782,1.0,-0.0,0,0
631,0.0,0.3188118811881188,0.2535736154900559,1.0,-0.0,0,0
632,0.0,0.30099009900990104,0.251134080989904,1.0,-0.0,0,0
633,0.0,0.19999999999999996,0.19498667128857303,1.0,-0.0,0,0
634,0.0,0.1316831683168317,0.15728557182028188,1.0,-0.0,0,0
635,0.0,0.11683168316831684,0.1442421691205886,1.0,-0.0,0,0
636,0.0,0.06732673267326733,0.11000352009767247,1.0,-0.0,0,0
637,0.0,0.2732673267326733,0.2264189969940339,1.0,-0.0,0,0
638,0.0,0.21782178217821782,0.20890854486974947,1.0,-0.0,0,0
639,0.0,0.2059405940594059,0.19991175388711227,1.0,-0.0,0,0
640,0.0,0.2059405940594059,0.19991175388711227,1.0,-0.0,0,0
641,0.0,0.2059405940594059,0.19991175388711227,1.0,-0.0,0,0
642,0.0,0.0,0.0,1.0,-0.0,0,0
643,0.0,0.009900990099009901,0.04338396495090425,1.0,-0.0,0,0
644,0.0,0.009900990099009901,0.04338396495090425,1.0,-0.0,0,0
645,0.0,0.009900990099009901,0.04338396495090425,1.0,-0.0,0,0
646,0.0,0.009900990099009901,0.04338396495090425,1.0,-0.0,0,0
647,0.0,0.009900990099009901,0.04338396495090425,1.0,-0.0,0,0
648,0.0,0.0039603960396039604,0.027863855998951064,1.0,-0.0,0,0
649,0.0,0.007920792079207921,0.03900537743285587,1.0,-0.0,0,0
650,0.0,0.007920792079207921,0.03900537743285587,1.0,-0.0,0,0
651,0.0,0.007920792079207921,0.03900537743285587,1.0,-0.0,0,0
652,0.0,0.17425742574257425,0.17499842451711448,1.0,-0.0,0,0
653,0.2,0.2059405940594059,0.20188310615339294,1.0,-0.0,0,0
654,0.4,0.3603960396039604,0.25175786257921295,0.4375003777033405,0.35902156770588334,0,0
655,0.4,0.3603960396039604,0.25175786257921295,0.4375003777033405,0.35902156770588334,0,0
656,0.4,0.3603960396039604,0.25175786257921295,0.4375003777033405,0.35902156770588334,0,0
657,0.4,0.19405940594059407,0.18552669588707663,0.13349258993827967,0.8745428409528324,0,0
658,0.2,0.297029702970297,0.22269965813084433,1.0,-0.0,0,0
659,0.0,0.14059405940594058,0.15297590428378585,1.0,-0.0,0,0
660,0.0,0.14059405940594058,0.15297590428378585,1.0,-0.0,0,0
661,0.0,0.14059405940594058,0.15297590428378585,1.0,-0.0,0,0
662,0.0,0.22772277227722776,0.19706701472672838,1.0,-0.0,0,0
663,0.0,0.08712871287128714,0.11745095149573798,1.0,-0.0,0,0
664,0.0,0.08712871287128714,0.11745095149573798,1.0,-0.0,0,0
665,0.0,0.3089108910891089,0.24458451733298237,1.0,-0.0,0,0
666,0.0,0.3089108910891089,0.24458451733298237,1.0,-0.0,0,0
667,0.0,0.22574257425742572,0.22278767823551468,1.0,-0.0,0,0
668,0.0,0.3782178217821782,0.2896238463173421,1.0,-0.0,0,0
669,0.0,0.5356435643564358,0.33406709423210407,1.0,-0.0,0,0
670,0.0,0.31287128712871287,0.24114551965736072,1.0,-0.0,0,0
671,0.0,0.31287128712871287,0.24114551965736072,1.0,-0.0,0,0
672,0.0,0.31287128712871287,0.239497562498865,1.0,-0.0,0,0
673,0.0,0.16237623762376235,0.18393470922349497,1.0,-0.0,0,0
674,0.0,0.0039603960396039604,0.027863855998951064,1.0,-0.0,0,0
675,0.0,0.14455445544554454,0.1569986110329885,1.0,-0.0,0,0
676,0.0,0.14455445544554454,0.1569986110329885,1.0,-0.0,0,0
677,0.0,0.298019801980198,0.22949803080317496,1.0,-0.0,0,0
678,0.0,0.298019801980198,0.22949803080317496,1.0,-0.0,0,0
679,0.0,0.298019801980198,0.22949803080317496,1.0,-0.0,0,0
680,0.0,0.15841584158415842,0.17870121461668875,1.0,-0.0,0,0
681,0.0,0.15841584158415842,0.17870121461668875,1.0,-0.0,0,0
682,0.0,0.0,0.0,1.0,-0.0,0,0
683,0.0,0.0,0.0,1.0,-0.0,0,0
684,0.0,0.0,0.0,1.0,-0.0,0,0
685,0.0,0.0,0.0,1.0,-0.0,0,0
686,0.0,0.0,0.0,1.0,-0.0,0,0
687,0.0,0.0,0.0,1.0,-0.0,0,0
688,0.0,0.0,0.0,1.0,-0.0,0,0
689,0.0,0.0,0.0,1.0,-0.0,0,0
690,0.0,0.0,0.0,1.0,-0.0,0,0
691,0.0,0.0,0.0,1.0,-0.0,0,0
692,0.0,0.0,0.0,1.0,-0.0,0,0
693,0.0,0.0,0.0,1.0,-0.0,0,0
694,0.0,0.0,0.0,1.0,-0.0,0,0
695,0.0,0.0,0.0,1.0,-0.0,0,0
696,0.0,0.12277227722772276,0.1640340390410514,1.0,-0.0,0,0
697,0.0,0.12277227722772276,0.1640340390410514,1.0,-0.0,0,0
698,0.0,0.12277227722772276,0.1640340390410514,1.0,-0.0,0,0
699,0.0,0.12277227722772276,0.1640340390410514,1.0,-0.0,0,0
700,0.0,0.12277227722772276,0.1640340390410514,1.0,-0.0,0,0
701,0.0,0.16831683168316833,0.206302043812103,1.0,-0.0,0,0
702,0.0,0.17029702970297028,0.2113345405062299,1.0,-0.0,0,0
703,0.0,0.1801980198019802,0.21891713789332606,1.0,-0.0,0,0
704,0.0,0.21980198019801983,0.22778303120076682,1.0,-0.0,0,0
705,0.0,0.21980198019801983,0.22778303120076682,1.0,-0.0,0,0
706,0.0,0.08712871287128714,0.14736186103080443,1.0,-0.0,0,0
707,0.0,0.08514851485148514,0.14717547862227368,1.0,-0.0,0,0
708,0.0,0.07524752475247526,0.14583724862987696,1.0,-0.0,0,0
709,0.0,0.03564356435643564,0.08626938974571076,1.0,-0.0,0,0
710,0.0,0.03564356435643564,0.08626938974571076,1.0,-0.0,0,0
711,0.0,0.017821782178217824,0.056980176514606566,1.0,-0.0,0,0
712,0.0,0.017821782178217824,0.056980176514606566,1.0,-0.0,0,0
713,0.0,0.017821782178217824,0.056980176514606566,1.0,-0.0,0,0
714,0.0,0.017821782178217824,0.056980176514606566,1.0,-0.0,0,0
