,foreground,bg_means,bg_stdev,pvals,minus_logs,regs,active
2,0.6,0.2316831683168317,0.21568710976934813,0.043851195309227486,1.3580185640054325,0,0
3,0.6,0.2316831683168317,0.21568710976934813,0.043851195309227486,1.3580185640054325,0,0
4,0.0,0.04356435643564357,0.08721867542790195,1.0,-0.0,0,0
5,0.0,0.03564356435643565,0.08154954567118416,1.0,-0.0,0,0
6,0.2,0.05544554455445545,0.1019369320889802,0.07808409030039497,1.1074374449781044,0,0
7,0.4,0.06534653465346535,0.10939585993610405,0.0011099951699931328,2.954678910988022,0,0
8,0.4,0.08712871287128712,0.12401163019288061,0.0058192617455998736,2.235132108159201,0,0
9,0.4,0.05742574257425742,0.10277971700879983,0.00042943261266422447,3.3671049767551833,0,0
10,0.6,0.11485148514851483,0.13598641357140115,0.00018011584290085795,3.7444480851715323,0,0
11,0.4,0.10495049504950493,0.13670539084430264,0.015452751881588823,1.8109941686296769,0,0
12,0.2,0.09504950495049502,0.12457948087149173,0.19977140085777179,0.6994666849722295,0,0
13,0.2,0.07326732673267328,0.10425700262248065,0.1120725770261012,0.9505006416709056,0,0
14,0.2,0.07920792079207921,0.10928827506175545,0.13452323402587257,0.8712027005106293,0,0
15,0.0,0.021782178217821784,0.06230547612891991,1.0,-0.0,0,0
16,0.0,0.011881188118811883,0.047276579747775535,1.0,-0.0,0,0
17,0.0,0.011881188118811883,0.047276579747775535,1.0,-0.0,0,0
18,0.0,0.06930693069306931,0.12407485305204392,1.0,-0.0,0,0
19,0.0,0.0712871287128713,0.1213265242141813,1.0,-0.0,0,0
20,0.0,0.17425742574257425,0.1880875429979268,1.0,-0.0,0,0
21,0.2,0.2376237623762376,0.2246455889250183,1.0,-0.0,0,0
22,0.2,0.28712871287128716,0.24114551965736072,1.0,-0.0,0,0
23,0.2,0.2891089108910891,0.23793708715824124,1.0,-0.0,0,0
24,0.2,0.31485148514851485,0.2538363621221713,1.0,-0.0,0,0
25,0.2,0.2633663366336633,0.23535217860833296,1.0,-0.0,0,0
26,0.0,0.20990099009900987,0.21868416146183803,1.0,-0.0,0,0
27,0.0,0.18217821782178212,0.1972062495766079,1.0,-0.0,0,0
28,0.0,0.13663366336633662,0.17333237817044833,1.0,-0.0,0,0
29,0.0,0.1089108910891089,0.1503125521928582,1.0,-0.0,0,0
30,0.2,0.1306930693069307,0.15526570917950622,0.32766272959730375,0.48457295517167204,0,0
31,0.4,0.17623762376237626,0.19353333422369293,0.12380059357852642,0.9072772730278508,0,0
32,0.4,0.19999999999999998,0.1823933297373379,0.13642316071968824,0.8651118927375945,0,0
33,0.4,0.19207920792079203,0.18438185104134303,0.1297309045901165,0.8869565536448065,0,0
34,0.4,0.18019801980198016,0.18131521809520149,0.11270559740565446,0.9480545146369184,0,0
35,0.2,0.10693069306930691,0.14505541839059358,0.2605625477598812,0.584088007925498,0,0
36,0.0,0.05346534653465347,0.10489443673781407,1.0,-0.0,0,0
37,0.0,0.007920792079207921,0.03900537743285587,1.0,-0.0,0,0
38,0.0,0.023762376237623766,0.07056843438101175,1.0,-0.0,0,0
39,0.0,0.031683168316831684,0.08780118525701135,1.0,-0.0,0,0
40,0.0,0.031683168316831684,0.08780118525701135,1.0,-0.0,0,0
41,0.0,0.031683168316831684,0.08780118525701135,1.0,-0.0,0,0
42,0.0,0.039603960396039604,0.09342674148186494,1.0,-0.0,0,0
43,0.0,0.039603960396039604,0.10155153588085614,1.0,-0.0,0,0
44,0.0,0.031683168316831684,0.08780118525701135,1.0,-0.0,0,0
45,0.0,0.05148514851485149,0.1001126705723924,1.0,-0.0,0,0
46,0.0,0.05148514851485149,0.1001126705723924,1.0,-0.0,0,0
47,0.0,0.04356435643564357,0.08721867542790195,1.0,-0.0,0,0
48,0.0,0.059405940594059396,0.10357779667819421,1.0,-0.0,0,0
49,0.0,0.059405940594059396,0.10357779667819421,1.0,-0.0,0,0
50,0.0,0.1584158415841584,0.15749733722889644,1.0,-0.0,0,0
51,0.0,0.16435643564356434,0.16264165701687974,1.0,-0.0,0,0
52,0.0,0.17227722772277226,0.17126137275595765,1.0,-0.0,0,0
53,0.0,0.2752475247524752,0.23182698422031253,1.0,-0.0,0,0
54,0.0,0.303960396039604,0.23960396039603962,1.0,-0.0,0,0
55,0.0,0.1861386138613861,0.17178717143997088,1.0,-0.0,0,0
56,0.0,0.1801980198019802,0.1676983394830901,1.0,-0.0,0,0
57,0.0,0.19405940594059404,0.1699282214093064,1.0,-0.0,0,0
58,0.0,0.049504950495049514,0.09912864166957487,1.0,-0.0,0,0
59,0.0,0.021782178217821784,0.06230547612891991,1.0,-0.0,0,0
60,0.0,0.021782178217821784,0.06230547612891991,1.0,-0.0,0,0
61,0.0,0.021782178217821784,0.06230547612891991,1.0,-0.0,0,0
62,0.0,0.0,0.0,1.0,-0.0,0,0
63,0.0,0.0,0.0,1.0,-0.0,0,0
64,0.0,0.0,0.0,1.0,-0.0,0,16
65,0.0,0.0,0.0,1.0,-0.0,0,0
66,0.0,0.0,0.0,1.0,-0.0,0,0
67,0.0,0.011881188118811883,0.047276579747775535,1.0,-0.0,0,0
68,0.0,0.011881188118811883,0.047276579747775535,1.0,-0.0,0,0
69,0.0,0.011881188118811883,0.047276579747775535,1.0,-0.0,0,0
70,0.0,0.011881188118811883,0.047276579747775535,1.0,-0.0,0,0
71,0.0,0.011881188118811883,0.047276579747775535,1.0,-0.0,0,0
72,0.0,0.0,0.0,1.0,-0.0,0,0
73,0.0,0.0,0.0,1.0,-0.0,0,0
74,0.0,0.03564356435643565,0.08154954567118415,1.0,-0.0,0,0
75,0.0,0.03564356435643565,0.08154954567118415,1.0,-0.0,0,0
76,0.0,0.03564356435643565,0.08154954567118415,1.0,-0.0,0,0
77,0.0,0.03564356435643565,0.08154954567118415,1.0,-0.0,0,0
78,0.0,0.03564356435643565,0.08154954567118415,1.0,-0.0,0,0
79,0.0,0.0,0.0,1.0,-0.0,0,0
80,0.0,0.0,0.0,1.0,-0.0,0,0
81,0.0,0.0,0.0,1.0,-0.0,0,0
82,0.0,0.03564356435643565,0.08154954567118415,1.0,-0.0,0,0
83,0.0,0.0910891089108911,0.12750384183766536,1.0,-0.0,0,0
84,0.0,0.21386138613861383,0.20730696757706774,1.0,-0.0,0,0
85,0.0,0.21980198019801975,0.20967669690216312,1.0,-0.0,0,0
86,0.0,0.23168316831683167,0.22112703802207725,1.0,-0.0,0,0
87,0.0,0.19603960396039605,0.21057243624647043,1.0,-0.0,0,0
88,0.0,0.16831683168316827,0.17515520306927512,1.0,-0.0,0,0
89,0.0,0.049504950495049514,0.09078727434730813,1.0,-0.0,0,0
90,0.0,0.04356435643564357,0.08721867542790196,1.0,-0.0,0,0
91,0.0,0.0613861386138614,0.10433219700847123,1.0,-0.0,0,0
92,0.0,0.09702970297029703,0.1367627457412436,1.0,-0.0,0,0
93,0.0,0.11485148514851483,0.13886822488939993,1.0,-0.0,0,0
94,0.0,0.11089108910891088,0.13636075485692528,1.0,-0.0,0,0
95,0.0,0.11089108910891088,0.13636075485692528,1.0,-0.0,0,0
96,0.0,0.08118811881188118,0.1325402022232199,1.0,-0.0,0,0
97,0.0,0.08514851485148517,0.1172170185104851,1.0,-0.0,0,0
98,0.0,0.04554455445544554,0.08387254884969257,1.0,-0.0,0,0
99,0.0,0.12277227722772276,0.14342430861173722,1.0,-0.0,0,0
100,0.0,0.12277227722772276,0.14342430861173722,1.0,-0.0,0,0
101,0.0,0.12277227722772276,0.14342430861173722,1.0,-0.0,0,0
102,0.0,0.12277227722772277,0.14884451859775158,1.0,-0.0,0,0
103,0.2,0.2079207920792079,0.19071681786668523,1.0,-0.0,0,0
104,0.4,0.19603960396039602,0.1664544608607328,0.11022686717685344,0.9577125357519366,0,0
105,0.4,0.19603960396039602,0.1664544608607328,0.11022686717685344,0.9577125357519366,0,0
106,0.4,0.20396039603960395,0.17344545299372824,0.1291819500869324,0.8887981637810903,0,0
107,0.4,0.1861386138613861,0.17178717143997088,0.10658047148821849,0.9723223628689984,0,0
108,0.2,0.09504950495049502,0.1337769960717191,0.21636803837097374,0.6648068922914057,0,0
109,0.0,0.02970297029702971,0.08150144802873932,1.0,-0.0,0,0
110,0.0,0.02970297029702971,0.08150144802873932,1.0,-0.0,0,0
111,0.0,0.021782178217821784,0.06836703565002801,1.0,-0.0,0,0
112,0.0,0.011881188118811883,0.047276579747775535,1.0,-0.0,0,0
113,0.0,0.011881188118811883,0.047276579747775535,1.0,-0.0,0,0
114,0.0,0.023762376237623766,0.07056843438101175,1.0,-0.0,0,0
115,0.0,0.023762376237623766,0.07056843438101175,1.0,-0.0,0,0
116,0.0,0.023762376237623766,0.07056843438101175,1.0,-0.0,0,0
117,0.0,0.011881188118811881,0.05501958015623685,1.0,-0.0,0,0
118,0.0,0.011881188118811881,0.05501958015623685,1.0,-0.0,0,0
119,0.4,0.0891089108910891,0.12420120222231065,0.006155109217616707,2.210764236447136,0,0
120,0.4,0.10891089108910891,0.13937555924568534,0.018375325996014606,1.735764947372236,0,0
121,0.4,0.11485148514851484,0.14445948324625327,0.024196580664209013,1.616246001936388,0,0
122,0.4,0.11485148514851484,0.14445948324625327,0.024196580664209013,1.616246001936388,0,0
123,0.6,0.23762376237623759,0.22987361363851805,0.057465084345044264,1.2405959515200087,0,0
124,0.2,0.14653465346534655,0.18645433514983512,0.38715276633194284,0.41211763321458994,0,0
125,0.8,0.2851485148514851,0.24103166819331384,0.016338381017758533,1.786790980232533,0,0
126,0.8,0.2792079207920792,0.24059202215655418,0.015208116131334229,1.8179245797956205,0,0
127,0.8,0.2930693069306931,0.2413893062601311,0.017862024649640196,1.7480693156417102,0,0
128,0.6,0.1782178217821782,0.19478546736408614,0.015179765103491219,1.8187349487993578,0,0
129,1.2,0.3504950495049505,0.26462144168837715,0.0006630632833428715,3.1784450201698364,0,0
130,0.6,0.19207920792079206,0.18003474269593195,0.011732143676406372,1.9306226271193416,0,0
131,0.6,0.22574257425742572,0.19018150025414607,0.02453999891011091,1.6101254608972309,0,0
132,0.6,0.21188118811881182,0.18630706513012396,0.018615536671336058,1.7301244388954868,0,0
133,0.6,0.2059405940594059,0.1855266958870766,0.016834913163949597,1.7737891194015107,0,0
134,0.0,0.033663366336633666,0.07482947971362847,1.0,-0.0,0,0
135,0.0,0.033663366336633666,0.07482947971362847,1.0,-0.0,0,0
136,0.0,0.031683168316831684,0.07826167463512675,1.0,-0.0,0,0
137,0.0,0.031683168316831684,0.07826167463512675,1.0,-0.0,0,0
138,0.0,0.031683168316831684,0.07826167463512675,1.0,-0.0,0,0
139,0.0,0.04752475247524754,0.09809478080396702,1.0,-0.0,0,0
140,0.0,0.04752475247524754,0.09809478080396702,1.0,-0.0,0,0
141,0.0,0.05940594059405942,0.10733330877518933,1.0,-0.0,0,0
142,0.0,0.1168316831683168,0.14696218071508493,1.0,-0.0,0,0
143,0.0,0.1168316831683168,0.14696218071508493,1.0,-0.0,0,0
144,0.0,0.10891089108910891,0.14218869759220787,1.0,-0.0,0,0
145,0.0,0.10891089108910891,0.14218869759220787,1.0,-0.0,0,0
146,0.0,0.06534653465346535,0.1164113937164283,1.0,-0.0,0,0
147,0.0,0.007920792079207921,0.03900537743285587,1.0,-0.0,0,0
148,0.0,0.007920792079207921,0.03900537743285587,1.0,-0.0,0,0
149,0.0,0.007920792079207921,0.03900537743285587,1.0,-0.0,0,0
150,0.0,0.007920792079207921,0.03900537743285587,1.0,-0.0,0,0
151,0.0,0.0613861386138614,0.11515834731523733,1.0,-0.0,0,0
152,0.0,0.0613861386138614,0.11515834731523733,1.0,-0.0,0,0
153,0.0,0.13267326732673265,0.16477341831853243,1.0,-0.0,0,0
154,0.0,0.12475247524752475,0.1588360762784592,1.0,-0.0,0,0
155,0.0,0.13465346534653463,0.15697363312955576,1.0,-0.0,0,0
156,0.0,0.07920792079207921,0.1322440226302099,1.0,-0.0,0,0
157,0.0,0.07920792079207921,0.1322440226302099,1.0,-0.0,0,0
158,0.0,0.007920792079207921,0.03900537743285587,1.0,-0.0,0,0
159,0.0,0.007920792079207921,0.03900537743285587,1.0,-0.0,0,0
160,0.0,0.0,0.0,1.0,-0.0,0,0
161,0.0,0.019801980198019802,0.07178047113026478,1.0,-0.0,0,0
162,0.0,0.019801980198019802,0.07178047113026478,1.0,-0.0,0,0
163,0.0,0.019801980198019802,0.07178047113026478,1.0,-0.0,0,0
164,0.0,0.019801980198019802,0.07178047113026478,1.0,-0.0,0,0
165,0.0,0.019801980198019802,0.07178047113026478,1.0,-0.0,0,0
166,0.0,0.0039603960396039604,0.027863855998951068,1.0,-0.0,0,0
167,0.0,0.0039603960396039604,0.027863855998951068,1.0,-0.0,0,0
168,0.0,0.0039603960396039604,0.027863855998951068,1.0,-0.0,0,0
169,0.0,0.0039603960396039604,0.027863855998951068,1.0,-0.0,0,0
170,0.0,0.0039603960396039604,0.027863855998951068,1.0,-0.0,0,0
171,0.0,0.021782178217821784,0.06230547612891991,1.0,-0.0,0,0
172,0.0,0.041584158415841586,0.08590499787518362,1.0,-0.0,0,0
173,0.0,0.0613861386138614,0.10046456153636296,1.0,-0.0,0,0
174,0.0,0.07524752475247526,0.10845991237726066,1.0,-0.0,0,0
175,0.0,0.07524752475247526,0.10845991237726066,1.0,-0.0,0,0
176,0.0,0.0712871287128713,0.11801714396634724,1.0,-0.0,0,0
177,0.0,0.05148514851485149,0.1001126705723924,1.0,-0.0,0,0
178,0.0,0.03168316831683169,0.08316831683168317,1.0,-0.0,0,0
179,0.0,0.017821782178217824,0.0635517090529949,1.0,-0.0,0,0
180,0.0,0.025742574257425748,0.07264925278354116,1.0,-0.0,0,0
181,0.0,0.039603960396039604,0.07970143286137865,1.0,-0.0,0,0
182,0.0,0.05742574257425742,0.09885135821266286,1.0,-0.0,0,0
183,0.0,0.05742574257425742,0.09885135821266286,1.0,-0.0,0,0
184,0.0,0.0712871287128713,0.11110305060677654,1.0,-0.0,0,0
185,0.0,0.07920792079207921,0.11966689053257921,1.0,-0.0,0,0
186,0.0,0.04752475247524753,0.08965727859541997,1.0,-0.0,0,0
187,0.0,0.0297029702970297,0.07112192077650681,1.0,-0.0,0,0
188,0.0,0.0297029702970297,0.07112192077650681,1.0,-0.0,0,0
189,0.0,0.05148514851485149,0.096075322540263,1.0,-0.0,0,0
190,0.0,0.07722772277227723,0.11593886073904514,1.0,-0.0,0,0
191,0.0,0.07722772277227723,0.11593886073904514,1.0,-0.0,0,0
192,0.0,0.10297029702970295,0.14243667729389659,1.0,-0.0,0,0
193,0.0,0.10297029702970295,0.14243667729389659,1.0,-0.0,0,0
194,0.0,0.14851485148514848,0.16082329112274815,1.0,-0.0,0,0
195,0.2,0.1603960396039604,0.16415351901831846,0.4046761387095975,0.3928924025574408,0,0
196,0.2,0.18415841584158413,0.18170407519927861,0.465262855865315,0.3323016178656974,0,0
197,0.2,0.17425742574257425,0.17499842451711448,0.4415258548359576,0.35504385995998367,0,0
198,0.4,0.2376237623762376,0.1860754053201348,0.19143055044797175,0.7179887518663617,0,0
199,0.4,0.1584158415841584,0.14709552815265856,0.05025746554667061,1.2987994163970227,0,0
200,0.2,0.11881188118811879,0.14399729871443837,0.28643935507266,0.5429673127723917,0,0
201,0.2,0.09504950495049502,0.12457948087149172,0.19977140085777179,0.6994666849722295,0,0
202,0.4,0.10297029702970295,0.13084299831035082,0.011600059874306923,1.935539769133944,0,0
203,0.2,0.039603960396039604,0.08908690597387718,0.0358952311958159,1.4449632450960652,0,0
204,0.2,0.039603960396039604,0.08908690597387718,0.0358952311958159,1.4449632450960652,0,0
205,0.2,0.023762376237623766,0.07056843438101175,0.00625538335613176,2.203746069767374,0,0
206,0.2,0.023762376237623766,0.07056843438101175,0.00625538335613176,2.203746069767374,0,0
207,0.0,0.0,0.0,1.0,-0.0,0,0
208,0.2,0.0594059405940594,0.11096178792967841,0.10256882529016816,0.9889846183837064,0,0
209,0.2,0.0594059405940594,0.11096178792967841,0.10256882529016816,0.9889846183837064,0,0
210,0.2,0.0594059405940594,0.11096178792967841,0.10256882529016816,0.9889846183837064,0,0
211,0.2,0.0594059405940594,0.11096178792967841,0.10256882529016816,0.9889846183837064,0,0
212,0.2,0.0594059405940594,0.11096178792967841,0.10256882529016816,0.9889846183837064,0,0
213,0.0,0.0,0.0,1.0,-0.0,0,0
214,0.0,0.0,0.0,1.0,-0.0,0,0
215,0.0,0.0,0.0,1.0,-0.0,0,0
216,0.0,0.009900990099009901,0.04338396495090424,1.0,-0.0,0,0
217,0.0,0.009900990099009901,0.04338396495090424,1.0,-0.0,0,0
218,0.2,0.039603960396039604,0.08908690597387718,0.0358952311958159,1.4449632450960652,0,0
219,0.2,0.039603960396039604,0.08908690597387718,0.0358952311958159,1.4449632450960652,0,0
220,0.2,0.039603960396039604,0.08908690597387718,0.0358952311958159,1.4449632450960652,0,0
221,0.2,0.029702970297029712,0.07648795214189293,0.012991839772286904,1.8863293442020952,0,0
222,0.2,0.04752475247524753,0.09397077637785879,0.05233944412570533,1.2811708941229774,0,0
223,0.4,0.061386138613861385,0.11515834731523733,0.0016388402660386595,2.7854633740430557,0,0
224,0.4,0.061386138613861385,0.11515834731523733,0.0016388402660386595,2.7854633740430557,0,0
225,0.4,0.061386138613861385,0.11515834731523733,0.0016388402660386595,2.7854633740430557,0,0
226,0.4,0.061386138613861385,0.11515834731523733,0.0016388402660386595,2.7854633740430557,0,0
227,0.4,0.04356435643564357,0.09164702150816742,5.028297628426176e-05,4.29857902403349,0,0
228,0.2,0.03564356435643565,0.09074407316744237,0.03505429232785738,1.4552587959521424,0,0
229,0.2,0.049504950495049514,0.10304643034659552,0.0720820333641272,1.142172970830816,0,0
230,0.2,0.11287128712871286,0.15002532217723416,0.2807010934421309,0.5517558956129467,0,0
231,0.2,0.11287128712871286,0.15002532217723416,0.2807010934421309,0.5517558956129467,0,0
232,0.4,0.17227722772277226,0.19094284660479482,0.11650858678344302,0.9336420655801008,0,0
233,0.4,0.1504950495049505,0.1788985897681621,0.08155730469417778,1.088537135220868,0,0
234,0.4,0.1722772277227723,0.1909428466047948,0.11650858678344302,0.9336420655801008,0,0
235,0.6,0.19999999999999998,0.21248179887106838,0.02988311800853214,1.5245740901480604,0,0
236,0.6,0.19999999999999998,0.21248179887106838,0.02988311800853214,1.5245740901480604,0,0
237,0.4,0.14059405940594058,0.18140170282136692,0.07635731851507523,1.117149331385679,0,0
238,0.2,0.12673267326732673,0.175132814725978,0.3378445467491099,0.4712830867608613,0,0
239,0.2,0.11089108910891088,0.16038381569359675,0.289242884329322,0.5387373163330751,0,0
240,0.0,0.019801980198019802,0.0597350618970232,1.0,-0.0,0,0
241,0.0,0.06336633663366337,0.11233152161332939,1.0,-0.0,0,0
242,0.0,0.06336633663366337,0.11233152161332939,1.0,-0.0,0,0
243,0.0,0.06336633663366337,0.11233152161332939,1.0,-0.0,0,0
244,0.0,0.04356435643564357,0.09587103712404124,1.0,-0.0,0,0
245,0.4,0.18613861386138614,0.1914145896807061,0.1319398874776468,0.8796238906349652,0,0
246,0.8,0.21980198019801983,0.2039315561653939,0.00222013559424087,2.6536205003095996,0,0
247,1.0,0.31287128712871287,0.2601078855895531,0.004124474245114742,2.384631403962026,0,0
248,1.0,0.33663366336633666,0.2624042577976625,0.005735196334741081,2.2414517101715794,0,0
249,1.2,0.3504950495049505,0.26611386023496775,0.0007058180816401933,3.151307220082067,0,0
250,0.8,0.2079207920792079,0.20857041374193397,0.002264533118226932,2.645021323487082,0,0
251,0.4,0.12871287128712874,0.16065252686710352,0.04564252183810404,1.3406303679760896,0,0
252,0.2,0.03564356435643565,0.08154954567118415,0.0219304263845019,1.6589529244266186,0,0
253,0.2,0.06534653465346535,0.1129581045303102,0.11661777127180513,0.9332352628086961,0,0
254,0.0,0.051485148514851496,0.10399339410297728,1.0,-0.0,0,0
255,0.0,0.051485148514851496,0.10399339410297728,1.0,-0.0,0,0
256,0.0,0.051485148514851496,0.10399339410297728,1.0,-0.0,0,0
257,0.0,0.051485148514851496,0.10399339410297728,1.0,-0.0,0,0
258,0.0,0.0,0.0,1.0,-0.0,0,0
259,0.0,0.0,0.0,1.0,-0.0,0,0
260,0.0,0.0,0.0,1.0,-0.0,0,0
261,0.0,0.0,0.0,1.0,-0.0,0,0
262,0.0,0.0,0.0,1.0,-0.0,0,0
263,0.0,0.025742574257425738,0.0669763743575753,1.0,-0.0,0,0
264,0.0,0.025742574257425738,0.0669763743575753,1.0,-0.0,0,0
265,0.0,0.025742574257425738,0.0669763743575753,1.0,-0.0,0,0
266,0.0,0.025742574257425738,0.0669763743575753,1.0,-0.0,0,0
267,0.0,0.025742574257425738,0.0669763743575753,1.0,-0.0,0,0
268,0.0,0.0,0.0,1.0,-0.0,0,0
269,0.0,0.0,0.0,1.0,-0.0,0,0
270,0.0,0.0,0.0,1.0,-0.0,0,0
271,0.0,0.0,0.0,1.0,-0.0,0,0
272,0.0,0.0,0.0,1.0,-0.0,0,0
273,0.0,0.0,0.0,1.0,-0.0,0,0
274,0.0,0.0,0.0,1.0,-0.0,0,0
275,0.0,0.0,0.0,1.0,-0.0,0,0
276,0.0,0.0,0.0,1.0,-0.0,0,0
277,0.0,0.0,0.0,1.0,-0.0,0,0
278,0.0,0.0,0.0,1.0,-0.0,0,0
279,0.0,0.0,0.0,1.0,-0.0,0,0
280,0.0,0.0,0.0,1.0,-0.0,0,0
281,0.0,0.0,0.0,1.0,-0.0,0,0
282,0.0,0.0,0.0,1.0,-0.0,0,0
283,0.0,0.0,0.0,1.0,-0.0,0,0
284,0.0,0.0,0.0,1.0,-0.0,0,0
285,0.0,0.0,0.0,1.0,-0.0,0,0
286,0.0,0.0,0.0,1.0,-0.0,0,0
287,0.0,0.0,0.0,1.0,-0.0,0,0
288,0.0,0.0,0.0,1.0,-0.0,0,0
289,0.0,0.0,0.0,1.0,-0.0,0,0
290,0.2,0.011881188118811883,0.05501958015623684,0.00031411450971006733,3.5029120020240563,0,0
291,0.2,0.011881188118811883,0.05501958015623684,0.00031411450971006733,3.5029120020240563,0,0
292,0.4,0.03762376237623763,0.08307396817189318,6.4412529434457805e-06,5.19102964607219,0,0
293,0.6,0.047524752475247525,0.08965727859542,3.589797327140881e-10,9.444930070137282,0,0
294,0.6,0.047524752475247525,0.08965727859542,3.589797327140881e-10,9.444930070137282,0,0
295,0.4,0.03564356435643565,0.07653920035678292,9.660966320372894e-07,6.014979431905753,0,0
296,0.4,0.03564356435643565,0.07653920035678292,9.660966320372894e-07,6.014979431905753,0,0
297,0.2,0.02772277227722773,0.07461957893630405,0.010478998804251368,1.9796802091996202,0,0
298,0.0,0.017821782178217824,0.05698017651460656,1.0,-0.0,0,0
299,0.0,0.017821782178217824,0.05698017651460656,1.0,-0.0,0,0
300,0.0,0.041584158415841586,0.09039772047931348,1.0,-0.0,0,0
301,0.2,0.08514851485148514,0.12379009590564582,0.17675768599419261,0.7526216925958915,0,0
302,0.2,0.06732673267326733,0.1135467024699521,0.12131331785204298,0.9160915193958917,0,0
303,0.2,0.06732673267326733,0.1135467024699521,0.12131331785204298,0.9160915193958917,0,0
304,0.4,0.18811881188118812,0.20838232603685225,0.15462652990795317,0.810715990339089,0,0
305,0.6,0.22178217821782176,0.2027552591868547,0.031063313787385076,1.5077522162568768,0,0
306,0.4,0.1782178217821782,0.18217821782178217,0.11172768497048315,0.9518391998463576,0,0
307,0.4,0.26534653465346536,0.20702305011778419,0.25770808985175403,0.5888719480659736,0,0
308,0.4,0.26534653465346536,0.20702305011778419,0.25770808985175403,0.5888719480659736,0,0
309,0.2,0.14653465346534653,0.1662423117767553,0.37387372660140195,0.42727505314732206,0,0
310,0.0,0.21386138613861383,0.187230838076401,1.0,-0.0,0,0
311,0.0,0.23366336633663365,0.19914531622613268,1.0,-0.0,0,0
312,0.0,0.1465346534653465,0.17324186517306459,1.0,-0.0,0,0
313,0.0,0.2356435643564356,0.21506810269125484,1.0,-0.0,0,0
314,0.0,0.2356435643564356,0.21506810269125484,1.0,-0.0,0,0
315,0.0,0.1089108910891089,0.1529246303073887,1.0,-0.0,0,0
316,0.0,0.11683168316831684,0.15737280385192495,1.0,-0.0,0,0
317,0.0,0.11683168316831684,0.15737280385192495,1.0,-0.0,0,0
318,0.0,0.06930693069306931,0.10316052497133552,1.0,-0.0,0,0
319,0.2,0.13267326732673265,0.13578441772620808,0.31000524321749034,0.5086309607426089,0,0
320,0.2,0.13267326732673265,0.13578441772620808,0.31000524321749034,0.5086309607426089,0,0
321,0.2,0.10297029702970295,0.127780323207142,0.2238222754810133,0.6500966933346087,0,0
322,0.2,0.16831683168316827,0.16823527435849067,0.42531033805401186,0.37129406072532767,0,0
323,0.2,0.12475247524752475,0.15376846462033406,0.31229483136299685,0.5054352035030862,0,0
324,0.0,0.06336633663366338,0.10874875419996817,1.0,-0.0,0,0
325,0.0,0.06336633663366338,0.10874875419996817,1.0,-0.0,0,0
326,0.0,0.10693069306930691,0.1450554183905936,1.0,-0.0,0,0
327,0.0,0.04356435643564357,0.0916470215081674,1.0,-0.0,0,0
328,0.0,0.061386138613861385,0.1185475607690754,1.0,-0.0,0,0
329,0.0,0.06732673267326733,0.12356816445008076,1.0,-0.0,0,0
330,0.0,0.08118811881188118,0.13254020222321994,1.0,-0.0,0,0
331,0.0,0.047524752475247525,0.0939707763778588,1.0,-0.0,0,0
332,0.0,0.06930693069306931,0.11057238501634628,1.0,-0.0,0,0
333,0.0,0.05148514851485149,0.096075322540263,1.0,-0.0,0,0
334,0.0,0.04554455445544555,0.09283729243351321,1.0,-0.0,0,0
335,0.0,0.031683168316831684,0.0730260947112308,1.0,-0.0,0,0
336,0.0,0.021782178217821784,0.062305476128919915,1.0,-0.0,0,0
337,0.0,0.0,0.0,1.0,-0.0,0,0
338,0.0,0.04950495049504951,0.09504950495049506,1.0,-0.0,0,0
339,0.0,0.04950495049504951,0.09504950495049506,1.0,-0.0,0,0
340,0.0,0.04950495049504951,0.09504950495049506,1.0,-0.0,0,0
341,0.0,0.04950495049504951,0.09504950495049506,1.0,-0.0,0,0
342,0.0,0.09504950495049502,0.13078304733432372,1.0,-0.0,0,0
343,0.0,0.05940594059405942,0.0996808946427978,1.0,-0.0,0,0
344,0.0,0.11683168316831682,0.1442421691205886,1.0,-0.0,0,0
345,0.0,0.18019801980198016,0.15287333913361412,1.0,-0.0,0,0
346,0.0,0.19999999999999998,0.17799766379599394,1.0,-0.0,0,0
347,0.0,0.15445544554455445,0.16381875548472422,1.0,-0.0,0,0
348,0.0,0.14059405940594058,0.15297590428378585,1.0,-0.0,0,0
349,0.0,0.08118811881188118,0.12325042629382527,1.0,-0.0,0,0
350,0.0,0.06732673267326733,0.10634234916512914,1.0,-0.0,0,0
351,0.0,0.06930693069306931,0.10693069306930696,1.0,-0.0,0,0
352,0.0,0.08316831683168316,0.12028786177019754,1.0,-0.0,0,0
353,0.0,0.08316831683168316,0.12028786177019754,1.0,-0.0,0,0
354,0.0,0.08316831683168316,0.12028786177019754,1.0,-0.0,0,0
355,0.0,0.03564356435643565,0.08154954567118415,1.0,-0.0,0,0
356,0.0,0.01386138613861386,0.05807080514303042,1.0,-0.0,0,0
357,0.0,0.007920792079207921,0.03900537743285587,1.0,-0.0,0,0
358,0.0,0.007920792079207921,0.03900537743285587,1.0,-0.0,0,0
359,0.0,0.007920792079207921,0.03900537743285587,1.0,-0.0,0,0
360,0.0,0.007920792079207921,0.03900537743285587,1.0,-0.0,0,0
361,0.0,0.007920792079207921,0.03900537743285587,1.0,-0.0,0,0
362,0.0,0.0,0.0,1.0,-0.0,0,0
363,0.0,0.0,0.0,1.0,-0.0,0,0
364,0.0,0.0059405940594059415,0.03395332316729158,1.0,-0.0,0,0
365,0.0,0.0059405940594059415,0.03395332316729158,1.0,-0.0,0,0
366,0.0,0.0059405940594059415,0.03395332316729158,1.0,-0.0,0,0
367,0.0,0.0059405940594059415,0.03395332316729158,1.0,-0.0,0,0
368,0.0,0.0059405940594059415,0.03395332316729158,1.0,-0.0,0,0
369,0.0,0.0,0.0,1.0,-0.0,0,0
370,0.0,0.0,0.0,1.0,-0.0,0,0
371,0.2,0.03762376237623763,0.07816140339006158,0.01888012292982573,1.723995182306426,0,0
372,0.2,0.03762376237623763,0.07816140339006158,0.01888012292982573,1.723995182306426,0,0
373,0.4,0.06732673267326733,0.11000352009767249,0.0012464345936461629,2.904330506060191,0,0
374,0.4,0.0712871287128713,0.11461224656227946,0.002065095850295611,2.685059785998668,0,0
375,0.6,0.10495049504950496,0.13670539084430267,0.00014657034078898926,3.833953902374568,0,0
376,0.4,0.06732673267326733,0.10634234916512914,0.0008790328968664411,3.0559948716153893,0,0
377,0.6,0.09702970297029703,0.11471483847889298,5.811905524887255e-06,5.235681453966862,0,0
378,0.4,0.06732673267326733,0.09451167971312256,0.00021584093825826077,3.665866179794578,0,0
379,0.4,0.07920792079207921,0.10178294871997146,0.0008115394167588541,3.0906903814876165,0,0
380,0.2,0.12673267326732673,0.1427391785420998,0.30387244129620916,0.5173086850325754,0,0
381,0.2,0.13663366336633662,0.15137833547418925,0.33775577691904884,0.4713972141412851,0,0
382,0.0,0.13267326732673265,0.1623520870714426,1.0,-0.0,0,0
383,0.2,0.19603960396039605,0.19896802672602726,0.49205970361269125,0.30798219931303555,0,0
384,0.2,0.2039603960396039,0.2105724362464704,1.0,-0.0,0,0
385,0.4,0.14455445544554454,0.18693740548445065,0.085894748637129,1.0660333868978824,0,0
386,0.4,0.1841584158415841,0.20427736592964435,0.14534472183295127,0.8376007349320478,0,0
387,0.4,0.16237623762376235,0.17957677700997438,0.09287724463947451,1.0320906771586067,0,0
388,0.2,0.1267326732673267,0.15083338726765974,0.31357219343232257,0.5036624561098187,0,0
389,0.2,0.25346534653465347,0.22495955915360183,1.0,-0.0,0,0
390,0.0,0.3069306930693069,0.2678323052049562,1.0,-0.0,0,0
391,0.0,0.2673267326732673,0.22912183230290262,1.0,-0.0,0,0
392,0.0,0.2831683168316831,0.2392518483041854,1.0,-0.0,0,0
393,0.0,0.2554455445544554,0.22536010677951354,1.0,-0.0,0,0
394,0.0,0.1287128712871287,0.13954426081146826,1.0,-0.0,0,0
395,0.0,0.05148514851485149,0.10011267057239238,1.0,-0.0,0,0
396,0.0,0.05544554455445545,0.1019369320889802,1.0,-0.0,0,0
397,0.0,0.03762376237623763,0.08307396817189319,1.0,-0.0,0,0
398,0.0,0.04950495049504951,0.09912864166957489,1.0,-0.0,0,0
399,0.0,0.03564356435643565,0.07653920035678292,1.0,-0.0,0,0
400,0.0,0.03564356435643565,0.07653920035678292,1.0,-0.0,0,0
401,0.0,0.023762376237623766,0.06471340450838887,1.0,-0.0,0,0
402,0.0,0.033663366336633666,0.07482947971362847,1.0,-0.0,0,0
403,0.0,0.021782178217821784,0.06230547612891991,1.0,-0.0,0,0
404,0.0,0.013861386138613863,0.05079507064705212,1.0,-0.0,0,0
405,0.0,0.013861386138613863,0.05079507064705212,1.0,-0.0,0,0
406,0.0,0.013861386138613863,0.05079507064705212,1.0,-0.0,0,0
407,0.0,0.0,0.0,1.0,-0.0,0,0
408,0.0,0.0,0.0,1.0,-0.0,0,0
409,0.0,0.0,0.0,1.0,-0.0,0,0
410,0.0,0.0,0.0,1.0,-0.0,0,0
411,0.0,0.0,0.0,1.0,-0.0,0,0
412,0.0,0.007920792079207921,0.03900537743285587,1.0,-0.0,0,0
413,0.0,0.0594059405940594,0.10733330877518932,1.0,-0.0,0,0
414,0.0,0.06930693069306931,0.11057238501634628,1.0,-0.0,0,0
415,0.0,0.06930693069306931,0.11057238501634628,1.0,-0.0,0,0
416,0.0,0.08712871287128712,0.12077584698595571,1.0,-0.0,0,0
417,0.0,0.17029702970297028,0.1674175159433525,1.0,-0.0,0,0
418,0.0,0.12079207920792075,0.1517663861889879,1.0,-0.0,0,0
419,0.0,0.13267326732673265,0.16477341831853246,1.0,-0.0,0,0
420,0.0,0.22970297029702966,0.1997744046755103,1.0,-0.0,0,0
421,0.0,0.21188118811881182,0.20260048415728577,1.0,-0.0,0,0
422,0.2,0.18613861386138614,0.16946608233928448,0.4674050820979751,0.3303065698318792,0,0
423,0.2,0.2851485148514852,0.2168113377135999,1.0,-0.0,0,0
424,0.2,0.2950495049504951,0.22793790956873936,1.0,-0.0,0,0
425,0.2,0.20000000000000004,0.19700731252448173,1.0,-0.0,0,0
426,0.2,0.26732673267326734,0.2359345902353502,1.0,-0.0,0,0
427,0.2,0.25544554455445545,0.25191356663428516,1.0,-0.0,0,0
428,0.2,0.18811881188118812,0.20260048415728582,0.4766180574354306,0.321829507738608,0,0
429,0.4,0.19009900990099005,0.19776220869301223,0.14425846375997858,0.8408586970185206,0,0
430,0.4,0.19009900990099005,0.19776220869301223,0.14425846375997858,0.8408586970185206,0,0
431,0.4,0.12079207920792079,0.14094225464771679,0.023795113907911013,1.6235122118797733,0,0
432,0.2,0.06930693069306931,0.11409790329416186,0.12601207675801535,0.8995878309298326,0,0
433,0.2,0.04752475247524753,0.09809478080396702,0.06004850186537829,1.2214978232271951,0,0
434,0.0,0.1881188118811881,0.1841690617597849,1.0,-0.0,0,0
435,0.0,0.2435643564356436,0.18584345673901095,1.0,-0.0,0,0
436,0.0,0.2435643564356436,0.18584345673901095,1.0,-0.0,0,0
437,0.0,0.2554455445544554,0.19318858970710537,1.0,-0.0,0,0
438,0.0,0.24158415841584158,0.19359410776396424,1.0,-0.0,0,0
439,0.0,0.08118811881188118,0.13549532985786936,1.0,-0.0,0,0
440,0.0,0.033663366336633666,0.08475617647141663,1.0,-0.0,0,0
441,0.0,0.04950495049504951,0.09504950495049506,1.0,-0.0,0,0
442,0.0,0.041584158415841586,0.08116396646304633,1.0,-0.0,0,0
443,0.0,0.07524752475247526,0.10845991237726066,1.0,-0.0,0,0
444,0.0,0.07722772277227724,0.1124710639300034,1.0,-0.0,0,0
445,0.0,0.09108910891089109,0.12113245340338318,1.0,-0.0,0,0
446,0.0,0.07524752475247526,0.10845991237726066,1.0,-0.0,0,0
447,0.0,0.07524752475247526,0.10474480123119365,1.0,-0.0,0,0
448,0.0,0.041584158415841586,0.08590499787518362,1.0,-0.0,0,0
449,0.0,0.025742574257425745,0.06697637435757531,1.0,-0.0,0,0
450,0.0,0.033663366336633666,0.07994704648786674,1.0,-0.0,0,0
451,0.0,0.033663366336633666,0.07994704648786674,1.0,-0.0,0,0
452,0.0,0.0297029702970297,0.07648795214189293,1.0,-0.0,0,0
453,0.0,0.0297029702970297,0.07648795214189293,1.0,-0.0,0,0
454,0.0,0.0297029702970297,0.07648795214189293,1.0,-0.0,0,0
455,0.0,0.0,0.0,1.0,-0.0,0,0
456,0.0,0.015841584158415842,0.05401260078014202,1.0,-0.0,0,0
457,0.0,0.019801980198019802,0.059735061897023205,1.0,-0.0,0,0
458,0.0,0.019801980198019802,0.059735061897023205,1.0,-0.0,0,0
459,0.0,0.033663366336633666,0.08475617647141663,1.0,-0.0,0,0
460,0.0,0.033663366336633666,0.08475617647141663,1.0,-0.0,0,0
461,0.0,0.017821782178217824,0.05698017651460656,1.0,-0.0,0,0
462,0.0,0.013861386138613863,0.05079507064705211,1.0,-0.0,0,0
463,0.0,0.013861386138613863,0.05079507064705211,1.0,-0.0,0,0
464,0.0,0.009900990099009901,0.04338396495090424,1.0,-0.0,0,0
465,0.0,0.009900990099009901,0.04338396495090424,1.0,-0.0,0,0
466,0.0,0.013861386138613863,0.05079507064705211,1.0,-0.0,0,0
467,0.0,0.013861386138613863,0.05079507064705211,1.0,-0.0,0,0
468,0.0,0.013861386138613863,0.05079507064705211,1.0,-0.0,0,0
469,0.0,0.0039603960396039604,0.02786385599895107,1.0,-0.0,0,0
470,0.0,0.007920792079207921,0.03900537743285587,1.0,-0.0,0,0
471,0.0,0.0039603960396039604,0.027863855998951064,1.0,-0.0,0,0
472,0.0,0.0039603960396039604,0.027863855998951064,1.0,-0.0,0,0
473,0.0,0.0039603960396039604,0.027863855998951064,1.0,-0.0,0,0
474,0.0,0.0039603960396039604,0.027863855998951064,1.0,-0.0,0,0
475,0.0,0.03762376237623763,0.08771182015980238,1.0,-0.0,0,0
476,0.0,0.05940594059405942,0.10733330877518932,1.0,-0.0,0,0
477,0.0,0.0891089108910891,0.13042276277287215,1.0,-0.0,0,0
478,0.0,0.0891089108910891,0.13042276277287215,1.0,-0.0,0,0
479,0.0,0.10693069306930691,0.14229896414433016,1.0,-0.0,0,0
480,0.0,0.0871287128712871,0.1240116301928806,1.0,-0.0,0,0
481,0.0,0.06534653465346535,0.10571364605971598,1.0,-0.0,0,0
482,0.0,0.035643564356435654,0.08154954567118416,1.0,-0.0,0,0
483,0.0,0.035643564356435654,0.08154954567118416,1.0,-0.0,0,0
484,0.0,0.01782178217821782,0.05698017651460657,1.0,-0.0,0,0
485,0.0,0.0,0.0,1.0,-0.0,0,0
486,0.0,0.0,0.0,1.0,-0.0,0,0
487,0.0,0.011881188118811883,0.047276579747775535,1.0,-0.0,0,0
488,0.0,0.011881188118811883,0.047276579747775535,1.0,-0.0,0,0
489,0.0,0.011881188118811883,0.047276579747775535,1.0,-0.0,0,0
490,0.0,0.011881188118811883,0.047276579747775535,1.0,-0.0,0,0
491,0.0,0.011881188118811883,0.047276579747775535,1.0,-0.0,0,0
492,0.0,0.0,0.0,1.0,-0.0,0,0
493,0.0,0.0,0.0,1.0,-0.0,0,0
494,0.0,0.0,0.0,1.0,-0.0,0,0
495,0.0,0.0,0.0,1.0,-0.0,0,0
496,0.0,0.0,0.0,1.0,-0.0,0,0
497,0.0,0.0,0.0,1.0,-0.0,0,0
498,0.0,0.0,0.0,1.0,-0.0,0,0
499,0.0,0.025742574257425745,0.0669763743575753,1.0,-0.0,0,0
500,0.0,0.025742574257425745,0.0669763743575753,1.0,-0.0,0,0
501,0.0,0.025742574257425745,0.0669763743575753,1.0,-0.0,0,0
502,0.0,0.04356435643564357,0.08721867542790195,1.0,-0.0,0,0
503,0.0,0.04356435643564357,0.08721867542790195,1.0,-0.0,0,0
504,0.0,0.017821782178217824,0.05698017651460656,1.0,-0.0,0,0
505,0.0,0.04554455445544555,0.09700949476369024,1.0,-0.0,0,0
506,0.0,0.04554455445544555,0.09700949476369024,1.0,-0.0,0,0
507,0.0,0.02772277227722772,0.06910862719451542,1.0,-0.0,0,0
508,0.0,0.02772277227722772,0.06910862719451542,1.0,-0.0,0,0
509,0.0,0.02772277227722772,0.06910862719451542,1.0,-0.0,0,0
510,0.0,0.011881188118811883,0.047276579747775535,1.0,-0.0,0,0
511,0.0,0.057425742574257435,0.10656335878870263,1.0,-0.0,0,0
512,0.0,0.06732673267326733,0.11698261772468857,1.0,-0.0,0,0
513,0.0,0.097029702970297,0.13084299831035082,1.0,-0.0,0,0
514,0.0,0.2712871287128713,0.24629396975423548,1.0,-0.0,0,0
515,0.0,0.306930693069307,0.2494577984676994,1.0,-0.0,0,0
516,0.0,0.41386138613861384,0.2887424776681807,1.0,-0.0,0,0
517,0.0,0.403960396039604,0.28281498415609013,1.0,-0.0,0,0
518,0.0,0.5257425742574259,0.3192359273270217,1.0,-0.0,0,0
519,0.0,0.3524752475247525,0.2455924577993164,1.0,-0.0,0,0
520,0.0,0.48910891089108904,0.28904108793501215,1.0,-0.0,0,0
521,0.0,0.37821782178217833,0.26536131183915623,1.0,-0.0,0,0
522,0.0,0.4158415841584158,0.2781596782202436,1.0,-0.0,0,0
523,0.0,0.2633663366336633,0.22678238894606587,1.0,-0.0,0,0
524,0.0,0.38811881188118813,0.282593059661566,1.0,-0.0,0,0
525,0.0,0.24752475247524747,0.22889924256908561,1.0,-0.0,0,0
526,0.0,0.21188118811881188,0.21767772013720868,1.0,-0.0,0,0
527,0.0,0.17425742574257425,0.18597001000988353,1.0,-0.0,0,0
528,0.0,0.17425742574257425,0.18597001000988353,1.0,-0.0,0,0
529,0.2,0.07524752475247524,0.10474480123119363,0.11682413710765456,0.9324674180996525,0,0
530,0.2,0.0297029702970297,0.07112192077650681,0.008322928729312118,2.079723824290396,0,0
531,0.2,0.025742574257425745,0.0669763743575753,0.0046371400013480064,2.3337497919853587,0,0
532,0.2,0.025742574257425745,0.0669763743575753,0.0046371400013480064,2.3337497919853587,0,0
533,0.2,0.025742574257425745,0.0669763743575753,0.0046371400013480064,2.3337497919853587,0,0
534,0.0,0.0,0.0,1.0,-0.0,0,0
535,0.0,0.0,0.0,1.0,-0.0,0,0
536,0.0,0.0,0.0,1.0,-0.0,0,0
537,0.0,0.0,0.0,1.0,-0.0,0,0
538,0.0,0.0,0.0,1.0,-0.0,0,0
539,0.0,0.0,0.0,1.0,-0.0,0,0
540,0.0,0.0,0.0,1.0,-0.0,0,0
541,0.0,0.0,0.0,1.0,-0.0,0,0
542,0.0,0.0,0.0,1.0,-0.0,0,0
543,0.0,0.0,0.0,1.0,-0.0,0,0
544,0.0,0.013861386138613863,0.05079507064705211,1.0,-0.0,0,0
545,0.0,0.013861386138613863,0.05079507064705211,1.0,-0.0,0,0
546,0.0,0.023762376237623766,0.06471340450838889,1.0,-0.0,0,0
547,0.0,0.023762376237623766,0.06471340450838889,1.0,-0.0,0,0
548,0.0,0.023762376237623766,0.06471340450838889,1.0,-0.0,0,0
549,0.0,0.009900990099009901,0.04338396495090425,1.0,-0.0,0,0
550,0.0,0.009900990099009901,0.04338396495090425,1.0,-0.0,0,0
551,0.0,0.0,0.0,1.0,-0.0,0,0
552,0.0,0.023762376237623766,0.06471340450838887,1.0,-0.0,0,0
553,0.0,0.023762376237623766,0.06471340450838887,1.0,-0.0,0,0
554,0.0,0.023762376237623766,0.06471340450838887,1.0,-0.0,0,0
555,0.0,0.023762376237623766,0.06471340450838887,1.0,-0.0,0,0
556,0.0,0.023762376237623766,0.06471340450838887,1.0,-0.0,0,0
557,0.0,0.0,0.0,1.0,-0.0,0,0
558,0.0,0.0,0.0,1.0,-0.0,0,0
559,0.0,0.0,0.0,1.0,-0.0,0,0
560,0.0,0.0,0.0,1.0,-0.0,0,0
561,0.0,0.0,0.0,1.0,-0.0,0,0
562,0.0,0.0,0.0,1.0,-0.0,0,0
563,0.0,0.0,0.0,1.0,-0.0,0,0
564,0.0,0.0039603960396039604,0.02786385599895107,1.0,-0.0,0,0
565,0.0,0.0039603960396039604,0.02786385599895107,1.0,-0.0,0,0
566,0.0,0.011881188118811881,0.047276579747775535,1.0,-0.0,0,0
567,0.0,0.021782178217821784,0.06230547612891991,1.0,-0.0,0,0
568,0.0,0.021782178217821784,0.06230547612891991,1.0,-0.0,0,0
569,0.0,0.017821782178217824,0.056980176514606566,1.0,-0.0,0,0
570,0.0,0.017821782178217824,0.056980176514606566,1.0,-0.0,0,0
571,0.0,0.009900990099009901,0.04338396495090424,1.0,-0.0,0,0
572,0.0,0.0,0.0,1.0,-0.0,0,0
573,0.0,0.0,0.0,1.0,-0.0,0,0
574,0.0,0.007920792079207921,0.03900537743285587,1.0,-0.0,0,0
575,0.0,0.007920792079207921,0.03900537743285587,1.0,-0.0,0,0
576,0.0,0.015841584158415842,0.054012600780142014,1.0,-0.0,0,0
577,0.0,0.015841584158415842,0.054012600780142014,1.0,-0.0,0,0
578,0.0,0.015841584158415842,0.054012600780142014,1.0,-0.0,0,0
579,0.0,0.007920792079207921,0.03900537743285587,1.0,-0.0,0,0
580,0.0,0.007920792079207921,0.03900537743285587,1.0,-0.0,0,0
581,0.0,0.0,0.0,1.0,-0.0,0,0
582,0.0,0.0059405940594059415,0.03395332316729157,1.0,-0.0,0,0
583,0.0,0.0059405940594059415,0.03395332316729157,1.0,-0.0,0,0
584,0.0,0.0059405940594059415,0.03395332316729157,1.0,-0.0,0,0
585,0.0,0.0059405940594059415,0.03395332316729157,1.0,-0.0,0,0
586,0.0,0.0059405940594059415,0.03395332316729157,1.0,-0.0,0,0
587,0.0,0.0,0.0,1.0,-0.0,0,0
588,0.0,0.0,0.0,1.0,-0.0,0,0
589,0.0,0.0,0.0,1.0,-0.0,0,0
590,0.0,0.0,0.0,1.0,-0.0,0,0
591,0.0,0.0,0.0,1.0,-0.0,0,0
592,0.0,0.0,0.0,1.0,-0.0,0,0
593,0.0,0.0,0.0,1.0,-0.0,0,0
594,0.0,0.009900990099009901,0.04338396495090425,1.0,-0.0,0,0
595,0.0,0.009900990099009901,0.04338396495090425,1.0,-0.0,0,0
596,0.0,0.009900990099009901,0.04338396495090425,1.0,-0.0,0,0
597,0.0,0.02970297029702971,0.07648795214189293,1.0,-0.0,0,0
598,0.0,0.02970297029702971,0.07648795214189293,1.0,-0.0,0,0
599,0.0,0.019801980198019802,0.0597350618970232,1.0,-0.0,0,0
600,0.0,0.019801980198019802,0.0597350618970232,1.0,-0.0,0,0
601,0.0,0.019801980198019802,0.0597350618970232,1.0,-0.0,0,0
602,0.0,0.0,0.0,1.0,-0.0,0,0
603,0.0,0.0,0.0,1.0,-0.0,0,0
604,0.0,0.0,0.0,1.0,-0.0,0,0
605,0.0,0.0039603960396039604,0.027863855998951068,1.0,-0.0,0,0
606,0.0,0.0039603960396039604,0.027863855998951068,1.0,-0.0,0,0
607,0.0,0.0039603960396039604,0.027863855998951068,1.0,-0.0,0,0
608,0.0,0.025742574257425748,0.07791016068477624,1.0,-0.0,0,0
609,0.0,0.025742574257425748,0.07791016068477624,1.0,-0.0,0,0
610,0.0,0.021782178217821784,0.06836703565002801,1.0,-0.0,0,0
611,0.0,0.021782178217821784,0.06836703565002801,1.0,-0.0,0,0
612,0.0,0.021782178217821784,0.06836703565002801,1.0,-0.0,0,0
613,0.0,0.0,0.0,1.0,-0.0,0,0
614,0.0,0.0,0.0,1.0,-0.0,0,0
615,0.0,0.0,0.0,1.0,-0.0,0,0
616,0.0,0.0,0.0,1.0,-0.0,0,0
617,0.0,0.0,0.0,1.0,-0.0,0,0
618,0.0,0.0,0.0,1.0,-0.0,0,0
619,0.0,0.0,0.0,1.0,-0.0,0,0
620,0.0,0.0,0.0,1.0,-0.0,0,0
621,0.0,0.0,0.0,1.0,-0.0,0,0
622,0.0,0.011881188118811883,0.047276579747775535,1.0,-0.0,0,0
623,0.0,0.011881188118811883,0.047276579747775535,1.0,-0.0,0,0
624,0.0,0.011881188118811883,0.047276579747775535,1.0,-0.0,0,0
625,0.0,0.04950495049504951,0.09504950495049506,1.0,-0.0,0,0
626,0.0,0.05742574257425742,0.10277971700879983,1.0,-0.0,0,0
627,0.0,0.08316831683168317,0.12028786177019754,1.0,-0.0,0,0
628,0.0,0.11683168316831682,0.149632756335149,1.0,-0.0,0,0
629,0.0,0.14059405940594058,0.16541470107292755,1.0,-0.0,0,0
630,0.0,0.11485148514851484,0.1550382505430763,1.0,-0.0,0,0
631,0.0,0.10693069306930691,0.14229896414433016,1.0,-0.0,0,0
632,0.0,0.06930693069306931,0.11409790329416186,1.0,-0.0,0,0
633,0.0,0.03564356435643565,0.08154954567118416,1.0,-0.0,0,0
634,0.0,0.013861386138613863,0.05079507064705211,1.0,-0.0,0,0
635,0.0,0.0,0.0,1.0,-0.0,0,0
636,0.0,0.0,0.0,1.0,-0.0,0,0
637,0.0,0.0,0.0,1.0,-0.0,0,0
638,0.0,0.0,0.0,1.0,-0.0,0,0
639,0.0,0.0,0.0,1.0,-0.0,0,0
640,0.0,0.02970297029702971,0.07112192077650681,1.0,-0.0,0,0
641,0.0,0.02970297029702971,0.07112192077650681,1.0,-0.0,0,0
642,0.0,0.06534653465346535,0.10939585993610405,1.0,-0.0,0,0
643,0.0,0.06534653465346535,0.10939585993610405,1.0,-0.0,0,0
644,0.0,0.06534653465346535,0.10939585993610405,1.0,-0.0,0,0
645,0.0,0.041584158415841586,0.08590499787518362,1.0,-0.0,0,0
646,0.0,0.041584158415841586,0.08590499787518362,1.0,-0.0,0,0
647,0.0,0.0059405940594059415,0.033953323167291584,1.0,-0.0,0,0
648,0.0,0.0059405940594059415,0.033953323167291584,1.0,-0.0,0,0
649,0.0,0.0059405940594059415,0.033953323167291584,1.0,-0.0,0,0
650,0.0,0.0,0.0,1.0,-0.0,0,0
651,0.0,0.0,0.0,1.0,-0.0,0,0
652,0.0,0.009900990099009901,0.04338396495090424,1.0,-0.0,0,0
653,0.2,0.031683168316831684,0.07826167463512675,0.015750221703151112,1.8027133286186672,0,0
654,0.2,0.031683168316831684,0.07826167463512675,0.015750221703151112,1.8027133286186672,0,0
655,0.4,0.04554455445544555,0.08846854615322249,3.080340316499904e-05,4.51140129992379,0,0
656,0.4,0.051485148514851496,0.1001126705723924,0.00024956189489403087,3.6028217254823813,0,0
657,0.4,0.041584158415841586,0.09039772047931348,3.671690339710168e-05,4.435133953131464,0,0
658,0.2,0.019801980198019806,0.06603299802191315,0.0031772151480729785,2.497953375523118,0,0
659,0.2,0.019801980198019806,0.06603299802191315,0.0031772151480729785,2.497953375523118,0,0
660,0.0,0.0059405940594059415,0.03395332316729158,1.0,-0.0,0,0
661,0.0,0.0,0.0,1.0,-0.0,0,0
662,0.0,0.0,0.0,1.0,-0.0,0,0
663,0.0,0.0,0.0,1.0,-0.0,0,0
664,0.0,0.0,0.0,1.0,-0.0,0,0
665,0.0,0.0,0.0,1.0,-0.0,0,0
666,0.0,0.0,0.0,1.0,-0.0,0,0
667,0.0,0.0,0.0,1.0,-0.0,0,0
668,0.0,0.0,0.0,1.0,-0.0,0,0
669,0.0,0.0,0.0,1.0,-0.0,0,0
670,0.0,0.0,0.0,1.0,-0.0,0,0
671,0.0,0.0,0.0,1.0,-0.0,0,0
672,0.0,0.0059405940594059415,0.03395332316729158,1.0,-0.0,0,0
673,0.0,0.0059405940594059415,0.03395332316729158,1.0,-0.0,0,0
674,0.0,0.0059405940594059415,0.03395332316729158,1.0,-0.0,0,0
675,0.0,0.0059405940594059415,0.03395332316729158,1.0,-0.0,0,0
676,0.0,0.0059405940594059415,0.03395332316729158,1.0,-0.0,0,0
677,0.0,0.0,0.0,1.0,-0.0,0,0
678,0.0,0.0,0.0,1.0,-0.0,0,0
679,0.0,0.0,0.0,1.0,-0.0,0,0
680,0.0,0.0,0.0,1.0,-0.0,0,0
681,0.0,0.0,0.0,1.0,-0.0,0,0
682,0.0,0.0,0.0,1.0,-0.0,0,0
683,0.0,0.0,0.0,1.0,-0.0,0,0
684,0.0,0.0,0.0,1.0,-0.0,0,0
685,0.0,0.0,0.0,1.0,-0.0,0,0
686,0.0,0.0,0.0,1.0,-0.0,0,0
687,0.0,0.0,0.0,1.0,-0.0,0,0
688,0.0,0.009900990099009901,0.04338396495090424,1.0,-0.0,0,0
689,0.0,0.039603960396039604,0.07970143286137867,1.0,-0.0,0,0
690,0.0,0.32772277227722774,0.24296795693112452,1.0,-0.0,0,0
691,0.0,0.32772277227722774,0.24296795693112452,1.0,-0.0,0,0
692,0.0,0.32772277227722774,0.24296795693112452,1.0,-0.0,0,0
693,0.0,0.38019801980198026,0.26326954225140997,1.0,-0.0,0,0
694,0.0,0.5504950495049505,0.31642300375008336,1.0,-0.0,0,0
695,0.0,0.2613861386138614,0.23503540792012342,1.0,-0.0,0,0
696,0.0,0.27326732673267323,0.2350020387983651,1.0,-0.0,0,0
697,0.0,0.29108910891089107,0.23967759281010304,1.0,-0.0,0,0
698,0.0,0.22970297029702966,0.23103064579857804,1.0,-0.0,0,0
699,0.0,0.02970297029702971,0.08150144802873932,1.0,-0.0,0,0
700,0.0,0.02970297029702971,0.08150144802873932,1.0,-0.0,0,0
701,0.0,0.017821782178217824,0.05698017651460656,1.0,-0.0,0,0
702,0.0,0.019801980198019802,0.059735061897023205,1.0,-0.0,0,0
703,0.0,0.019801980198019802,0.059735061897023205,1.0,-0.0,0,0
704,0.0,0.019801980198019802,0.059735061897023205,1.0,-0.0,0,0
705,0.0,0.019801980198019802,0.059735061897023205,1.0,-0.0,0,0
706,0.0,0.04356435643564357,0.0916470215081674,1.0,-0.0,0,0
707,0.0,0.023762376237623766,0.06471340450838889,1.0,-0.0,0,0
708,0.0,0.023762376237623766,0.06471340450838889,1.0,-0.0,0,0
709,0.0,0.023762376237623766,0.06471340450838889,1.0,-0.0,0,0
710,0.0,0.031683168316831684,0.0730260947112308,1.0,-0.0,0,0
711,0.0,0.007920792079207921,0.03900537743285587,1.0,-0.0,0,0
712,0.0,0.041584158415841586,0.08116396646304633,1.0,-0.0,0,0
713,0.0,0.06732673267326733,0.11000352009767247,1.0,-0.0,0,0
714,0.0,0.06732673267326733,0.11000352009767247,1.0,-0.0,0,0
715,0.0,0.07326732673267328,0.1115960618107356,1.0,-0.0,0,0
716,0.0,0.0891089108910891,0.12734998170941406,1.0,-0.0,0,0
717,0.0,0.05544554455445544,0.10193693208898019,1.0,-0.0,0,0
718,0.0,0.0297029702970297,0.07648795214189293,1.0,-0.0,0,0
719,0.0,0.05940594059405942,0.0956253185556407,1.0,-0.0,0,0
720,0.0,0.04554455445544555,0.08846854615322249,1.0,-0.0,0,0
721,0.0,0.02970297029702971,0.07112192077650681,1.0,-0.0,0,0
722,0.0,0.02970297029702971,0.07112192077650681,1.0,-0.0,0,0
723,0.0,0.02970297029702971,0.07112192077650681,1.0,-0.0,0,0
724,0.0,0.0,0.0,1.0,-0.0,0,0
725,0.0,0.0,0.0,1.0,-0.0,0,0
726,0.0,0.0,0.0,1.0,-0.0,0,0
727,0.0,0.05148514851485149,0.10399339410297728,1.0,-0.0,0,0
728,0.0,0.0594059405940594,0.11096178792967841,1.0,-0.0,0,0
729,0.0,0.08514851485148514,0.1416914361980065,1.0,-0.0,0,0
730,0.0,0.08514851485148514,0.1416914361980065,1.0,-0.0,0,0
731,0.0,0.08514851485148514,0.1416914361980065,1.0,-0.0,0,0
732,0.0,0.033663366336633666,0.09363635974286645,1.0,-0.0,0,0
733,0.0,0.05544554455445545,0.10575073206193022,1.0,-0.0,0,0
734,0.2,0.1485148514851485,0.16082329112274815,0.37443303447052767,0.4266258424783404,0,0
735,0.2,0.1485148514851485,0.16082329112274815,0.37443303447052767,0.4266258424783404,0,0
736,0.2,0.16831683168316833,0.1728793392928091,0.4272940577813491,0.36927314671173983,0,0
737,0.2,0.16831683168316833,0.1728793392928091,0.4272940577813491,0.36927314671173983,0,0
738,0.2,0.1485148514851485,0.16804870898437327,0.3796613252210773,0.4206036406756712,0,0
739,0.0,0.04356435643564356,0.09164702150816742,1.0,-0.0,0,0
740,0.0,0.11881188118811879,0.14122019271030048,1.0,-0.0,0,0
741,0.0,0.14257425742574256,0.13883998529075728,1.0,-0.0,0,0
742,0.0,0.1603960396039604,0.15161128508951263,1.0,-0.0,0,0
743,0.0,0.19405940594059404,0.17900814859389347,1.0,-0.0,0,0
744,0.0,0.19405940594059404,0.17900814859389344,1.0,-0.0,0,0
745,0.0,0.18811881188118812,0.196648718676233,1.0,-0.0,0,0
746,0.0,0.19009900990099005,0.18748198619476633,1.0,-0.0,0,0
747,0.2,0.3089108910891089,0.24458451733298234,1.0,-0.0,0,0
748,0.2,0.2653465346534653,0.23565188436930282,1.0,-0.0,0,0
749,0.2,0.3267326732673268,0.2559745845633089,1.0,-0.0,0,0
750,0.2,0.2574257425742574,0.21495868111068372,1.0,-0.0,0,0
751,0.2,0.23168316831683164,0.22817862252213805,1.0,-0.0,0,0
752,0.0,0.09306930693069305,0.13368903310588712,1.0,-0.0,0,0
753,0.2,0.12475247524752475,0.1511709677939985,0.309325058474165,0.5095848963038501,0,0
754,0.2,0.049504950495049514,0.08631483056516186,0.040617958542992716,1.3912819080063723,0,0
755,0.2,0.049504950495049514,0.08631483056516186,0.040617958542992716,1.3912819080063723,0,0
756,0.2,0.03168316831683169,0.0730260947112308,0.01058647624307391,1.9752485727397298,0,0
757,0.4,0.06534653465346535,0.10571364605971598,0.0007736575764547356,3.1114512170453996,0,0
758,0.2,0.033663366336633666,0.07482947971362845,0.01311209067436901,1.882328056139666,0,0
759,0.2,0.033663366336633666,0.07482947971362845,0.01311209067436901,1.882328056139666,0,0
760,0.2,0.033663366336633666,0.07482947971362845,0.01311209067436901,1.882328056139666,0,0
761,0.2,0.033663366336633666,0.07482947971362845,0.01311209067436901,1.882328056139666,0,0
762,0.0,0.0,0.0,1.0,-0.0,0,0
763,0.0,0.0,0.0,1.0,-0.0,0,0
764,0.0,0.0,0.0,1.0,-0.0,0,0
765,0.0,0.0,0.0,1.0,-0.0,0,0
766,0.0,0.0,0.0,1.0,-0.0,0,0
767,0.0,0.0,0.0,1.0,-0.0,0,0
768,0.0,0.0,0.0,1.0,-0.0,0,0
769,0.0,0.0,0.0,1.0,-0.0,0,0
770,0.0,0.0,0.0,1.0,-0.0,0,0
771,0.0,0.0,0.0,1.0,-0.0,0,0
772,0.0,0.0,0.0,1.0,-0.0,0,0
773,0.0,0.0,0.0,1.0,-0.0,0,0
774,0.0,0.025742574257425745,0.06697637435757531,1.0,-0.0,0,0
775,0.0,0.07920792079207921,0.12293186689242579,1.0,-0.0,0,0
776,0.0,0.07920792079207921,0.12293186689242579,1.0,-0.0,0,0
777,0.0,0.07920792079207921,0.12293186689242579,1.0,-0.0,0,0
778,0.0,0.07920792079207921,0.12293186689242579,1.0,-0.0,0,0
779,0.0,0.05346534653465348,0.11219180573635876,1.0,-0.0,0,0
780,0.0,0.0,0.0,1.0,-0.0,0,0
781,0.0,0.0,0.0,1.0,-0.0,0,0
782,0.0,0.0,0.0,1.0,-0.0,0,0
783,0.0,0.0,0.0,1.0,-0.0,0,0
784,0.0,0.0,0.0,1.0,-0.0,0,0
785,0.0,0.0,0.0,1.0,-0.0,0,0
786,0.0,0.023762376237623766,0.07056843438101174,1.0,-0.0,0,0
787,0.0,0.031683168316831684,0.08780118525701135,1.0,-0.0,0,0
788,0.0,0.11287128712871286,0.14188502271424044,1.0,-0.0,0,0
789,0.0,0.12475247524752475,0.14852805221860732,1.0,-0.0,0,0
790,0.0,0.1485148514851485,0.1749760161138576,1.0,-0.0,0,0
791,0.0,0.15445544554455443,0.17091758912506996,1.0,-0.0,0,0
792,0.0,0.19405940594059404,0.1790081485938934,1.0,-0.0,0,0
793,0.0,0.14257425742574256,0.14443233686186507,1.0,-0.0,0,0
794,0.0,0.14059405940594055,0.14224384155301362,1.0,-0.0,0,0
795,0.0,0.14851485148514848,0.14529850556708232,1.0,-0.0,0,0
796,0.0,0.11881188118811878,0.11664694237642093,1.0,-0.0,0,0
797,0.0,0.06930693069306931,0.09924724028627063,1.0,-0.0,0,0
798,0.0,0.039603960396039604,0.07970143286137867,1.0,-0.0,0,0
799,0.0,0.0297029702970297,0.07112192077650681,1.0,-0.0,0,0
800,0.0,0.0,0.0,1.0,-0.0,0,0
801,0.0,0.0,0.0,1.0,-0.0,0,0
802,0.0,0.007920792079207921,0.03900537743285587,1.0,-0.0,0,0
803,0.0,0.007920792079207921,0.03900537743285587,1.0,-0.0,0,0
804,0.0,0.007920792079207921,0.03900537743285587,1.0,-0.0,0,0
805,0.0,0.007920792079207921,0.03900537743285587,1.0,-0.0,0,0
806,0.0,0.007920792079207921,0.03900537743285587,1.0,-0.0,0,0
807,0.0,0.0,0.0,1.0,-0.0,0,0
808,0.0,0.0,0.0,1.0,-0.0,0,0
809,0.0,0.015841584158415842,0.054012600780142014,1.0,-0.0,0,0
810,0.0,0.025742574257425748,0.07791016068477626,1.0,-0.0,0,0
811,0.0,0.04752475247524753,0.09809478080396702,1.0,-0.0,0,0
812,0.0,0.04950495049504952,0.09912864166957489,1.0,-0.0,0,0
813,0.0,0.0712871287128713,0.1213265242141813,1.0,-0.0,0,0
814,0.0,0.11386138613861384,0.12350468221396178,1.0,-0.0,0,0
815,0.2,0.20198019801980197,0.17461709057464245,1.0,-0.0,0,0
816,0.2,0.23564356435643566,0.19578941931577468,1.0,-0.0,0,0
817,0.2,0.23366336633663368,0.19512739059128734,1.0,-0.0,0,0
818,0.2,0.2118811881188119,0.1986524547165854,1.0,-0.0,0,0
819,0.2,0.1762376237623762,0.19556899208121015,0.4516460014316797,0.3452018303642377,0,0
820,0.0,0.07722772277227724,0.12576985749069639,1.0,-0.0,0,0
821,0.0,0.021782178217821784,0.06836703565002801,1.0,-0.0,0,0
822,0.0,0.02970297029702971,0.07648795214189293,1.0,-0.0,0,0
823,0.0,0.02970297029702971,0.07648795214189293,1.0,-0.0,0,0
824,0.0,0.007920792079207921,0.03900537743285587,1.0,-0.0,0,0
825,0.0,0.007920792079207921,0.03900537743285587,1.0,-0.0,0,0
826,0.0,0.007920792079207921,0.03900537743285587,1.0,-0.0,0,45
827,0.0,0.08316831683168316,0.11351216354824961,1.0,-0.0,0,0
828,0.0,0.10099009900990098,0.13087296349986777,1.0,-0.0,0,0
829,0.0,0.10099009900990098,0.13087296349986777,1.0,-0.0,0,0
830,0.0,0.1762376237623762,0.17640441545600072,1.0,-0.0,0,0
831,0.0,0.300990099009901,0.24148675199090922,1.0,-0.0,0,0
832,0.0,0.299009900990099,0.22093189197594218,1.0,-0.0,0,0
833,0.0,0.30297029702970296,0.23142068570289667,1.0,-0.0,0,0
834,0.0,0.31485148514851485,0.23772275165875512,1.0,-0.0,0,0
835,0.0,0.2415841584158416,0.20742042574532268,1.0,-0.0,0,0
836,0.0,0.11485148514851483,0.14445948324625327,1.0,-0.0,0,0
837,0.0,0.033663366336633666,0.07482947971362845,1.0,-0.0,0,0
838,0.0,0.04356435643564357,0.09587103712404123,1.0,-0.0,0,0
839,0.0,0.031683168316831684,0.08316831683168317,1.0,-0.0,0,0
840,0.0,0.031683168316831684,0.08316831683168317,1.0,-0.0,0,0
841,0.0,0.031683168316831684,0.08316831683168317,1.0,-0.0,0,0
842,0.0,0.031683168316831684,0.08316831683168317,1.0,-0.0,0,0
843,0.0,0.0,0.0,1.0,-0.0,0,0
844,0.0,0.0,0.0,1.0,-0.0,0,0
845,0.0,0.0,0.0,1.0,-0.0,0,0
846,0.0,0.0,0.0,1.0,-0.0,0,0
847,0.0,0.0,0.0,1.0,-0.0,0,0
848,0.0,0.0,0.0,1.0,-0.0,0,0
849,0.0,0.0,0.0,1.0,-0.0,0,0
850,0.0,0.0,0.0,1.0,-0.0,0,0
851,0.0,0.0,0.0,1.0,-0.0,0,0
852,0.0,0.0,0.0,1.0,-0.0,0,0
853,0.0,0.0,0.0,1.0,-0.0,0,0
854,0.0,0.0,0.0,1.0,-0.0,0,0
855,0.0,0.0,0.0,1.0,-0.0,0,0
856,0.0,0.0,0.0,1.0,-0.0,0,0
857,0.0,0.0,0.0,1.0,-0.0,0,0
858,0.0,0.0,0.0,1.0,-0.0,0,0
859,0.0,0.0,0.0,1.0,-0.0,0,0
860,0.0,0.0,0.0,1.0,-0.0,0,0
861,0.0,0.0,0.0,1.0,-0.0,0,0
862,0.0,0.0,0.0,1.0,-0.0,0,0
863,0.0,0.0,0.0,1.0,-0.0,0,0
864,0.0,0.0,0.0,1.0,-0.0,0,0
865,0.0,0.0,0.0,1.0,-0.0,0,0
866,0.0,0.0,0.0,1.0,-0.0,0,0
867,0.0,0.0,0.0,1.0,-0.0,0,0
868,0.0,0.0,0.0,1.0,-0.0,0,0
869,0.0,0.0,0.0,1.0,-0.0,0,0
870,0.0,0.0,0.0,1.0,-0.0,0,0
871,0.0,0.0,0.0,1.0,-0.0,0,0
872,0.0,0.0,0.0,1.0,-0.0,0,0
873,0.0,0.0,0.0,1.0,-0.0,0,0
874,0.0,0.0,0.0,1.0,-0.0,0,0
875,0.0,0.0,0.0,1.0,-0.0,0,0
876,0.0,0.0,0.0,1.0,-0.0,0,0
877,0.0,0.0,0.0,1.0,-0.0,0,0
878,0.0,0.0,0.0,1.0,-0.0,0,0
879,0.0,0.0,0.0,1.0,-0.0,0,0
880,0.0,0.0,0.0,1.0,-0.0,0,0
881,0.0,0.0,0.0,1.0,-0.0,0,0
882,0.0,0.023762376237623766,0.07056843438101175,1.0,-0.0,0,0
883,0.0,0.09504950495049505,0.13078304733432375,1.0,-0.0,0,0
884,0.0,0.09504950495049505,0.13078304733432375,1.0,-0.0,0,0
885,0.0,0.09504950495049505,0.13078304733432375,1.0,-0.0,0,0
886,0.0,0.09504950495049505,0.13078304733432375,1.0,-0.0,0,0
887,0.0,0.09306930693069307,0.13368903310588715,1.0,-0.0,0,0
888,0.0,0.021782178217821784,0.06836703565002801,1.0,-0.0,0,0
889,0.0,0.021782178217821784,0.06836703565002801,1.0,-0.0,0,0
890,0.0,0.031683168316831684,0.08316831683168317,1.0,-0.0,0,0
891,0.0,0.039603960396039604,0.08908690597387718,1.0,-0.0,0,0
892,0.0,0.017821782178217824,0.05698017651460656,1.0,-0.0,0,0
893,0.0,0.017821782178217824,0.05698017651460656,1.0,-0.0,0,0
894,0.0,0.017821782178217824,0.05698017651460656,1.0,-0.0,0,0
895,0.0,0.007920792079207921,0.03900537743285587,1.0,-0.0,0,0
896,0.0,0.0,0.0,1.0,-0.0,0,0
897,0.0,0.0,0.0,1.0,-0.0,0,0
898,0.0,0.009900990099009901,0.04338396495090424,1.0,-0.0,0,0
899,0.0,0.009900990099009901,0.04338396495090424,1.0,-0.0,0,0
900,0.0,0.009900990099009901,0.04338396495090424,1.0,-0.0,0,0
901,0.0,0.009900990099009901,0.04338396495090424,1.0,-0.0,0,0
902,0.0,0.009900990099009901,0.04338396495090424,1.0,-0.0,0,0
903,0.0,0.0,0.0,1.0,-0.0,0,0
904,0.0,0.0,0.0,1.0,-0.0,0,0
905,0.0,0.0,0.0,1.0,-0.0,0,0
906,0.0,0.0,0.0,1.0,-0.0,0,0
907,0.0,0.0,0.0,1.0,-0.0,0,0
908,0.0,0.0,0.0,1.0,-0.0,0,0
909,0.0,0.017821782178217824,0.05698017651460656,1.0,-0.0,0,0
910,0.0,0.017821782178217824,0.05698017651460656,1.0,-0.0,0,0
911,0.0,0.017821782178217824,0.05698017651460656,1.0,-0.0,0,0
912,0.0,0.017821782178217824,0.05698017651460656,1.0,-0.0,0,0
913,0.0,0.017821782178217824,0.05698017651460656,1.0,-0.0,0,0
914,0.0,0.0,0.0,1.0,-0.0,0,0
915,0.0,0.0,0.0,1.0,-0.0,0,0
916,0.0,0.0,0.0,1.0,-0.0,0,0
917,0.2,0.015841584158415842,0.054012600780142014,0.00032535620257014524,3.4876409094885674,0,0
918,0.2,0.015841584158415842,0.054012600780142014,0.00032535620257014524,3.4876409094885674,0,0
919,0.2,0.015841584158415842,0.054012600780142014,0.00032535620257014524,3.4876409094885674,0,0
920,0.2,0.015841584158415842,0.054012600780142014,0.00032535620257014524,3.4876409094885674,0,0
921,0.2,0.015841584158415842,0.054012600780142014,0.00032535620257014524,3.4876409094885674,0,0
922,0.0,0.0,0.0,1.0,-0.0,0,0
923,0.0,0.0,0.0,1.0,-0.0,0,0
924,0.0,0.0,0.0,1.0,-0.0,0,0
925,0.4,0.02772277227722773,0.06910862719451544,3.5853288547446714e-08,7.445471003663998,0,0
926,0.4,0.02772277227722773,0.06910862719451544,3.5853288547446714e-08,7.445471003663998,0,0
927,0.4,0.03564356435643565,0.08154954567118415,3.949284449990799e-06,5.403481584771325,0,0
928,0.4,0.03564356435643565,0.08154954567118415,3.949284449990799e-06,5.403481584771325,0,0
929,0.4,0.03564356435643565,0.08154954567118415,3.949284449990799e-06,5.403481584771325,0,0
930,0.0,0.025742574257425748,0.07264925278354116,1.0,-0.0,0,0
931,0.0,0.025742574257425748,0.07264925278354116,1.0,-0.0,0,0
932,0.0,0.017821782178217824,0.05698017651460656,1.0,-0.0,0,0
933,0.0,0.051485148514851496,0.09186070102766894,1.0,-0.0,0,0
934,0.0,0.051485148514851496,0.09186070102766894,1.0,-0.0,0,0
935,0.0,0.033663366336633666,0.07994704648786674,1.0,-0.0,0,0
936,0.0,0.033663366336633666,0.07994704648786674,1.0,-0.0,0,0
937,0.0,0.033663366336633666,0.07994704648786674,1.0,-0.0,0,0
938,0.0,0.0,0.0,1.0,-0.0,0,0
939,0.0,0.09306930693069305,0.11454380090280848,1.0,-0.0,0,0
940,0.0,0.1762376237623762,0.1599186147292671,1.0,-0.0,0,0
941,0.0,0.1762376237623762,0.1599186147292671,1.0,-0.0,0,0
942,0.2,0.19801980198019797,0.17687059543257513,0.4955336374107564,0.30492685975379524,0,0
943,0.2,0.19801980198019797,0.17687059543257513,0.4955336374107564,0.30492685975379524,0,0
944,0.2,0.13861386138613863,0.17517758855125917,0.36301088556388844,0.44008035163207937,0,0
945,0.2,0.05742574257425742,0.11375371577303027,0.10503752039332916,0.9786555391292131,0,0
946,0.2,0.06534653465346535,0.1197651526735639,0.13044022603964706,0.8845884572772555,0,0
947,0.0,0.08712871287128714,0.12401163019288061,1.0,-0.0,0,0
948,0.0,0.0891089108910891,0.12734998170941406,1.0,-0.0,0,0
949,0.0,0.06930693069306931,0.11409790329416186,1.0,-0.0,0,0
950,0.0,0.07326732673267328,0.12177815335858849,1.0,-0.0,0,0
951,0.0,0.09702970297029702,0.14243667729389659,1.0,-0.0,0,0
952,0.0,0.08316831683168317,0.13864214704328157,1.0,-0.0,0,0
953,0.0,0.10495049504950495,0.1606769328720855,1.0,-0.0,0,0
954,0.0,0.10891089108910891,0.17468444528903723,1.0,-0.0,0,0
955,0.0,0.10495049504950495,0.16790864891643625,1.0,-0.0,0,0
956,0.0,0.07326732673267328,0.13117223890438964,1.0,-0.0,0,0
957,0.0,0.04356435643564357,0.09587103712404124,1.0,-0.0,0,0
958,0.0,0.019801980198019802,0.05973506189702322,1.0,-0.0,0,0
959,0.0,0.0,0.0,1.0,-0.0,0,0
960,0.0,0.0,0.0,1.0,-0.0,0,0
961,0.0,0.0,0.0,1.0,-0.0,0,0
962,0.0,0.0,0.0,1.0,-0.0,0,0
963,0.0,0.0,0.0,1.0,-0.0,0,0
964,0.0,0.0,0.0,1.0,-0.0,0,0
965,0.0,0.0,0.0,1.0,-0.0,0,0
966,0.0,0.0,0.0,1.0,-0.0,0,0
967,0.0,0.0,0.0,1.0,-0.0,0,0
968,0.0,0.0,0.0,1.0,-0.0,0,0
969,0.0,0.0039603960396039604,0.027863855998951068,1.0,-0.0,0,0
970,0.0,0.0039603960396039604,0.027863855998951068,1.0,-0.0,0,0
971,0.0,0.0039603960396039604,0.027863855998951068,1.0,-0.0,0,0
972,0.0,0.0039603960396039604,0.027863855998951068,1.0,-0.0,0,0
973,0.0,0.0039603960396039604,0.027863855998951068,1.0,-0.0,0,0
974,0.0,0.0,0.0,1.0,-0.0,0,0
975,0.0,0.0,0.0,1.0,-0.0,0,0
976,0.0,0.0,0.0,1.0,-0.0,0,0
977,0.0,0.0,0.0,1.0,-0.0,0,0
978,0.0,0.0,0.0,1.0,-0.0,0,0
979,0.0,0.0,0.0,1.0,-0.0,0,0
980,0.0,0.0,0.0,1.0,-0.0,0,0
981,0.0,0.0,0.0,1.0,-0.0,0,0
982,0.0,0.0,0.0,1.0,-0.0,0,0
983,0.0,0.0,0.0,1.0,-0.0,0,0
984,0.0,0.0,0.0,1.0,-0.0,0,0
985,0.0,0.0,0.0,1.0,-0.0,0,0
986,0.0,0.03564356435643565,0.08154954567118415,1.0,-0.0,0,0
987,0.0,0.03564356435643565,0.08154954567118415,1.0,-0.0,0,0
988,0.0,0.049504950495049514,0.09912864166957489,1.0,-0.0,0,0
989,0.0,0.049504950495049514,0.09912864166957489,1.0,-0.0,0,0
990,0.0,0.051485148514851496,0.1001126705723924,1.0,-0.0,0,0
991,0.0,0.015841584158415842,0.05401260078014202,1.0,-0.0,0,0
992,0.0,0.023762376237623766,0.06471340450838887,1.0,-0.0,0,0
993,0.0,0.009900990099009901,0.04338396495090424,1.0,-0.0,0,0
994,0.0,0.023762376237623763,0.07056843438101172,1.0,-0.0,0,0
995,0.0,0.021782178217821784,0.06836703565002801,1.0,-0.0,0,0
996,0.0,0.021782178217821784,0.06836703565002801,1.0,-0.0,0,0
997,0.0,0.01386138613861386,0.05807080514303042,1.0,-0.0,0,0
998,0.2,0.05346534653465347,0.10489443673781408,0.08121090620767592,1.0903856433234342,0,0
999,0.2,0.039603960396039604,0.08908690597387718,0.0358952311958159,1.4449632450960652,0,0
1000,0.2,0.039603960396039604,0.08908690597387718,0.0358952311958159,1.4449632450960652,0,0
1001,0.4,0.07524752475247526,0.12219602867755656,0.0039345502315398136,2.405104905776178,0,0
1002,0.4,0.07524752475247526,0.12219602867755656,0.0039345502315398136,2.405104905776178,0,0
1003,0.2,0.03564356435643565,0.08626938974571076,0.028380055950301422,1.5469867526811094,0,0
1004,0.2,0.03564356435643565,0.08626938974571076,0.028380055950301422,1.5469867526811094,0,0
1005,0.2,0.04752475247524753,0.09809478080396702,0.06004850186537829,1.2214978232271951,0,0
1006,0.0,0.011881188118811883,0.047276579747775535,1.0,-0.0,0,0
1007,0.0,0.011881188118811883,0.047276579747775535,1.0,-0.0,0,0
1008,0.0,0.015841584158415842,0.05401260078014202,1.0,-0.0,0,0
1009,0.0,0.031683168316831684,0.08316831683168317,1.0,-0.0,0,0
1010,0.0,0.057425742574257435,0.11718356139020586,1.0,-0.0,0,0
1011,0.0,0.057425742574257435,0.11718356139020586,1.0,-0.0,0,0
1012,0.0,0.0613861386138614,0.1185475607690754,1.0,-0.0,0,0
1013,0.0,0.057425742574257435,0.11375371577303027,1.0,-0.0,0,0
1014,0.0,0.07722772277227724,0.11593886073904515,1.0,-0.0,0,0
1015,0.0,0.039603960396039604,0.07970143286137867,1.0,-0.0,0,0
1016,0.0,0.039603960396039604,0.07970143286137867,1.0,-0.0,0,0
1017,0.0,0.03564356435643565,0.07653920035678292,1.0,-0.0,0,0
1018,0.0,0.03564356435643565,0.07653920035678292,1.0,-0.0,0,0
1019,0.0,0.0,0.0,1.0,-0.0,0,0
1020,0.0,0.0,0.0,1.0,-0.0,0,0
1021,0.0,0.0,0.0,1.0,-0.0,0,0
1022,0.0,0.0,0.0,1.0,-0.0,0,0
1023,0.0,0.0,0.0,1.0,-0.0,0,0
1024,0.0,0.0,0.0,1.0,-0.0,0,0
1025,0.0,0.0,0.0,1.0,-0.0,0,0
1026,0.0,0.0,0.0,1.0,-0.0,0,0
1027,0.0,0.0,0.0,1.0,-0.0,0,0
1028,0.0,0.0,0.0,1.0,-0.0,0,0
1029,0.0,0.0,0.0,1.0,-0.0,0,0
1030,0.0,0.0,0.0,1.0,-0.0,0,0
1031,0.0,0.0,0.0,1.0,-0.0,0,0
1032,0.0,0.0,0.0,1.0,-0.0,0,0
1033,0.0,0.0,0.0,1.0,-0.0,0,0
1034,0.0,0.0,0.0,1.0,-0.0,0,0
1035,0.0,0.0,0.0,1.0,-0.0,0,0
1036,0.0,0.0,0.0,1.0,-0.0,0,0
1037,0.0,0.0,0.0,1.0,-0.0,0,0
1038,0.0,0.007920792079207921,0.03900537743285587,1.0,-0.0,0,0
1039,0.0,0.007920792079207921,0.03900537743285587,1.0,-0.0,0,0
1040,0.0,0.013861386138613863,0.05079507064705211,1.0,-0.0,0,0
1041,0.0,0.039603960396039604,0.07970143286137865,1.0,-0.0,0,0
1042,0.2,0.07920792079207921,0.11285391563386142,0.1422331097238646,0.8469992946288156,0,0
1043,0.2,0.0712871287128713,0.10372911567294095,0.10732951799335329,0.9692808210103285,0,0
1044,0.4,0.13267326732673268,0.14698885988036148,0.034479595974861936,1.462437831795006,0,0
1045,0.4,0.12475247524752475,0.14583724862987696,0.029555898385056865,1.5293558352410614,0,0
1046,0.4,0.09900990099009901,0.13965661530697393,0.015572488104013002,1.8076419922158047,0,0
1047,0.2,0.08316831683168317,0.12670172889541695,0.17823816947726295,0.748999286728571,0,0
1048,0.2,0.09306930693069307,0.13368903310588715,0.211899895295582,0.6738692578836472,0,0
1049,0.0,0.033663366336633666,0.07994704648786674,1.0,-0.0,0,0
1050,0.0,0.033663366336633666,0.07994704648786674,1.0,-0.0,0,0
1051,0.0,0.0712871287128713,0.1337476815110359,1.0,-0.0,0,0
1052,0.0,0.04752475247524753,0.11309687375282088,1.0,-0.0,0,0
1053,0.0,0.09702970297029702,0.15571962971356434,1.0,-0.0,0,0
1054,0.0,0.09702970297029702,0.15571962971356434,1.0,-0.0,0,0
1055,0.0,0.09702970297029702,0.15571962971356434,1.0,-0.0,0,0
1056,0.0,0.05940594059405942,0.11096178792967841,1.0,-0.0,0,0
1057,0.2,0.07524752475247526,0.1189108498693262,0.1470600443380226,0.8325053074261874,0,0
1058,0.2,0.015841584158415842,0.05401260078014202,0.00032535620257014524,3.4876409094885674,0,0
1059,0.2,0.015841584158415842,0.05401260078014202,0.00032535620257014524,3.4876409094885674,0,0
1060,0.2,0.015841584158415842,0.05401260078014202,0.00032535620257014524,3.4876409094885674,0,0
1061,0.2,0.015841584158415842,0.05401260078014202,0.00032535620257014524,3.4876409094885674,0,0
1062,0.0,0.0,0.0,1.0,-0.0,0,0
1063,0.0,0.0,0.0,1.0,-0.0,0,0
1064,0.0,0.0,0.0,1.0,-0.0,0,0
1065,0.0,0.0,0.0,1.0,-0.0,0,0
1066,0.0,0.0,0.0,1.0,-0.0,0,0
1067,0.0,0.03564356435643565,0.07653920035678292,1.0,-0.0,0,0
1068,0.0,0.04356435643564357,0.08255312311158745,1.0,-0.0,0,0
1069,0.0,0.04356435643564357,0.08255312311158745,1.0,-0.0,0,0
1070,0.0,0.04356435643564357,0.08255312311158745,1.0,-0.0,0,0
1071,0.0,0.04356435643564357,0.08255312311158745,1.0,-0.0,0,0
1072,0.0,0.007920792079207921,0.03900537743285587,1.0,-0.0,0,0
1073,0.0,0.03564356435643565,0.08154954567118415,1.0,-0.0,0,0
1074,0.0,0.03564356435643565,0.08154954567118415,1.0,-0.0,0,0
1075,0.0,0.04752475247524753,0.08965727859541997,1.0,-0.0,0,0
1076,0.0,0.04752475247524753,0.08965727859541997,1.0,-0.0,0,0
1077,0.0,0.10495049504950495,0.1395723579145037,1.0,-0.0,0,0
1078,0.0,0.08910891089108913,0.12734998170941408,1.0,-0.0,0,0
1079,0.0,0.13267326732673268,0.16715967992400224,1.0,-0.0,0,0
1080,0.0,0.12475247524752475,0.16614793634378636,1.0,-0.0,0,0
1081,0.4,0.19603960396039605,0.2029099161576158,0.15740579595782128,0.8029792801970587,0,0
1082,0.4,0.13663366336633664,0.17333237817044833,0.06432720482462893,1.1916053193537643,0,0
1083,0.4,0.11683168316831684,0.1647496191679326,0.042827237873040325,1.3682799343631598,0,0
1084,0.4,0.07326732673267328,0.11509022642946844,0.0022632803634886505,2.6452616445542345,0,0
1085,0.4,0.06930693069306931,0.11409790329416186,0.001875794216145872,2.726814807585068,0,0
1086,0.0,0.0,0.0,1.0,-0.0,0,0
1087,0.0,0.0,0.0,1.0,-0.0,0,0
1088,0.0,0.0,0.0,1.0,-0.0,0,0
1089,0.0,0.0,0.0,1.0,-0.0,0,0
1090,0.0,0.0,0.0,1.0,-0.0,0,0
1091,0.0,0.0,0.0,1.0,-0.0,0,0
1092,0.0,0.0,0.0,1.0,-0.0,0,0
1093,0.0,0.007920792079207921,0.03900537743285587,1.0,-0.0,0,0
1094,0.0,0.007920792079207921,0.03900537743285587,1.0,-0.0,0,0
1095,0.0,0.007920792079207921,0.03900537743285587,1.0,-0.0,0,0
1096,0.0,0.007920792079207921,0.03900537743285587,1.0,-0.0,0,0
1097,0.0,0.007920792079207921,0.03900537743285587,1.0,-0.0,0,0
1098,0.0,0.0,0.0,1.0,-0.0,0,0
1099,0.2,0.0019801980198019802,0.0198019801980198,1.0000007619853025e-17,16.999999669074114,0,0
1100,0.2,0.0019801980198019802,0.0198019801980198,1.0000007619853025e-17,16.999999669074114,0,0
1101,0.2,0.0019801980198019802,0.0198019801980198,1.0000007619853025e-17,16.999999669074114,0,0
1102,0.2,0.0019801980198019802,0.0198019801980198,1.0000007619853025e-17,16.999999669074114,0,0
1103,0.2,0.0019801980198019802,0.0198019801980198,1.0000007619853025e-17,16.999999669074114,0,0
1104,0.0,0.0,0.0,1.0,-0.0,0,0
1105,0.2,0.039603960396039604,0.0890869059738772,0.03589523119581593,1.4449632450960648,0,0
1106,0.2,0.05346534653465347,0.10860442931328385,0.08862815178171941,1.052428307215703,0,0
1107,0.2,0.07326732673267328,0.12811743461086583,0.16128473592065518,0.7924067325435373,0,0
1108,0.6,0.100990099009901,0.15318082856090073,0.0005616895017184971,3.250503693247472,0,0
1109,0.8,0.1465346534653465,0.1709405295438197,6.598196589854323e-05,4.180574749018468,0,0
1110,0.8,0.13861386138613863,0.15856428688449586,1.5157209412651139e-05,4.819380749115878,0,0
1111,0.8,0.12277227722772274,0.14884451859775158,2.6835667241481965e-06,5.571287601953575,0,0
1112,0.8,0.10297029702970295,0.127780323207142,2.4499324148183382e-08,7.61084589615641,0,0
1113,0.4,0.11089108910891088,0.15279637008998356,0.029237565455812287,1.5340587929017726,0,0
1114,0.2,0.14257425742574256,0.16249693654596944,0.3618958493105833,0.44141639791376014,0,0
1115,0.0,0.1564356435643564,0.15569444662458046,1.0,-0.0,0,0
1116,0.0,0.1564356435643564,0.15569444662458046,1.0,-0.0,0,0
1117,0.2,0.17821782178217818,0.15895946329021368,0.44550363318569447,0.3511487498402044,0,0
1118,0.4,0.20990099009900987,0.18958263199843847,0.1579970809260543,0.80135093677607,0,0
1119,0.4,0.16633663366336632,0.17815180295354427,0.0948280766521702,1.023063057917191,0,0
1120,0.4,0.11881188118811878,0.157148395081398,0.036781979030029326,1.434364907542234,0,0
1121,0.4,0.11881188118811878,0.157148395081398,0.036781979030029326,1.434364907542234,0,0
1122,0.2,0.09900990099009899,0.14246420394934614,0.23919931221538082,0.6212400734356932,0,0
1123,0.0,0.031683168316831684,0.08316831683168317,1.0,-0.0,0,0
1124,0.0,0.0059405940594059415,0.033953323167291584,1.0,-0.0,0,0
1125,0.0,0.0059405940594059415,0.033953323167291584,1.0,-0.0,0,0
1126,0.0,0.0059405940594059415,0.033953323167291584,1.0,-0.0,0,0
1127,0.0,0.0039603960396039604,0.02786385599895107,1.0,-0.0,0,0
1128,0.0,0.009900990099009901,0.04338396495090425,1.0,-0.0,0,0
1129,0.0,0.0059405940594059415,0.03395332316729158,1.0,-0.0,0,0
1130,0.0,0.0059405940594059415,0.03395332316729158,1.0,-0.0,0,0
1131,0.0,0.0059405940594059415,0.03395332316729158,1.0,-0.0,0,0
1132,0.0,0.011881188118811883,0.047276579747775535,1.0,-0.0,0,0
1133,0.0,0.0059405940594059415,0.03395332316729157,1.0,-0.0,0,0
1134,0.0,0.0059405940594059415,0.03395332316729157,1.0,-0.0,0,0
1135,0.0,0.0059405940594059415,0.03395332316729157,1.0,-0.0,0,0
1136,0.0,0.0059405940594059415,0.03395332316729157,1.0,-0.0,0,0
1137,0.0,0.0,0.0,1.0,-0.0,0,0
1138,0.0,0.0,0.0,1.0,-0.0,0,0
1139,0.0,0.0,0.0,1.0,-0.0,0,0
1140,0.0,0.0039603960396039604,0.027863855998951057,1.0,-0.0,0,0
1141,0.0,0.019801980198019802,0.059735061897023205,1.0,-0.0,0,0
1142,0.0,0.04158415841584158,0.09039772047931349,1.0,-0.0,0,0
1143,0.0,0.04158415841584158,0.09039772047931349,1.0,-0.0,0,0
1144,0.0,0.04158415841584158,0.09039772047931349,1.0,-0.0,0,0
1145,0.0,0.03762376237623763,0.08771182015980238,1.0,-0.0,0,0
1146,0.0,0.021782178217821784,0.06230547612891991,1.0,-0.0,0,0
1147,0.0,0.0,0.0,1.0,-0.0,0,0
1148,0.0,0.0,0.0,1.0,-0.0,0,0
1149,0.0,0.0,0.0,1.0,-0.0,0,0
1150,0.0,0.019801980198019802,0.06603299802191315,1.0,-0.0,0,0
1151,0.0,0.019801980198019802,0.06603299802191315,1.0,-0.0,0,0
1152,0.0,0.03762376237623763,0.08307396817189318,1.0,-0.0,0,0
1153,0.0,0.03762376237623763,0.08307396817189318,1.0,-0.0,0,0
1154,0.0,0.03762376237623763,0.08307396817189318,1.0,-0.0,0,0
1155,0.0,0.017821782178217824,0.056980176514606566,1.0,-0.0,0,0
1156,0.0,0.017821782178217824,0.056980176514606566,1.0,-0.0,0,0
1157,0.0,0.031683168316831684,0.0730260947112308,1.0,-0.0,0,0
1158,0.0,0.031683168316831684,0.0730260947112308,1.0,-0.0,0,0
1159,0.0,0.031683168316831684,0.0730260947112308,1.0,-0.0,0,0
1160,0.0,0.031683168316831684,0.0730260947112308,1.0,-0.0,0,0
1161,0.0,0.031683168316831684,0.0730260947112308,1.0,-0.0,0,0
1162,0.0,0.0,0.0,1.0,-0.0,0,0
1163,0.0,0.0,0.0,1.0,-0.0,0,0
1164,0.0,0.0,0.0,1.0,-0.0,0,0
1165,0.0,0.0,0.0,1.0,-0.0,0,0
1166,0.0,0.0039603960396039604,0.02786385599895107,1.0,-0.0,0,0
1167,0.0,0.0039603960396039604,0.02786385599895107,1.0,-0.0,0,0
1168,0.0,0.0039603960396039604,0.02786385599895107,1.0,-0.0,0,0
1169,0.0,0.011881188118811883,0.04727657974777554,1.0,-0.0,0,0
1170,0.0,0.017821782178217824,0.056980176514606566,1.0,-0.0,0,0
1171,0.0,0.01386138613861386,0.05079507064705211,1.0,-0.0,0,0
1172,0.0,0.051485148514851496,0.10011267057239238,1.0,-0.0,0,0
1173,0.0,0.051485148514851496,0.10011267057239238,1.0,-0.0,0,0
1174,0.0,0.04356435643564357,0.0916470215081674,1.0,-0.0,0,0
1175,0.0,0.03762376237623763,0.08307396817189318,1.0,-0.0,0,0
1176,0.0,0.03762376237623763,0.08307396817189318,1.0,-0.0,0,0
1177,0.0,0.0,0.0,1.0,-0.0,0,0
1178,0.0,0.0,0.0,1.0,-0.0,0,0
1179,0.0,0.009900990099009901,0.04338396495090424,1.0,-0.0,0,0
1180,0.0,0.015841584158415842,0.06090517425437505,1.0,-0.0,0,0
1181,0.0,0.015841584158415842,0.06090517425437505,1.0,-0.0,0,0
1182,0.0,0.06534653465346535,0.10571364605971598,1.0,-0.0,0,0
1183,0.2,0.09306930693069307,0.12126186845461279,0.188938075772638,0.7236805120007752,0,0
1184,0.2,0.08910891089108909,0.12734998170941406,0.19194299301932338,0.716827737407409,0,0
1185,0.2,0.08316831683168316,0.12670172889541698,0.17823816947726306,0.7489992867285707,0,0
1186,0.2,0.08316831683168316,0.12670172889541698,0.17823816947726306,0.7489992867285707,0,0
1187,0.2,0.033663366336633666,0.08475617647141663,0.024850340762334614,1.6046676515911364,0,0
1188,0.0,0.0059405940594059415,0.03395332316729158,1.0,-0.0,0,0
1189,0.0,0.0,0.0,1.0,-0.0,0,0
1190,0.0,0.0,0.0,1.0,-0.0,0,0
1191,0.0,0.0,0.0,1.0,-0.0,0,0
1192,0.0,0.0297029702970297,0.07112192077650681,1.0,-0.0,0,0
1193,0.0,0.0297029702970297,0.07112192077650681,1.0,-0.0,0,0
1194,0.0,0.0297029702970297,0.07112192077650681,1.0,-0.0,0,0
1195,0.0,0.0297029702970297,0.07112192077650681,1.0,-0.0,0,0
1196,0.0,0.0297029702970297,0.07112192077650681,1.0,-0.0,0,0
1197,0.0,0.0,0.0,1.0,-0.0,0,0
1198,0.0,0.0,0.0,1.0,-0.0,0,0
1199,0.0,0.0,0.0,1.0,-0.0,0,0
1200,0.0,0.0,0.0,1.0,-0.0,0,0
1201,0.0,0.0,0.0,1.0,-0.0,0,0
1202,0.0,0.0,0.0,1.0,-0.0,0,0
1203,0.0,0.0,0.0,1.0,-0.0,0,0
1204,0.0,0.0,0.0,1.0,-0.0,0,0
1205,0.0,0.0,0.0,1.0,-0.0,0,0
1206,0.0,0.0,0.0,1.0,-0.0,0,0
1207,0.0,0.0,0.0,1.0,-0.0,0,0
1208,0.0,0.0,0.0,1.0,-0.0,0,0
1209,0.0,0.0,0.0,1.0,-0.0,0,0
1210,0.0,0.0,0.0,1.0,-0.0,0,0
1211,0.0,0.0,0.0,1.0,-0.0,0,0
1212,0.0,0.0,0.0,1.0,-0.0,0,0
1213,0.0,0.0,0.0,1.0,-0.0,0,0
1214,0.0,0.0,0.0,1.0,-0.0,0,0
1215,0.0,0.0,0.0,1.0,-0.0,0,0
1216,0.0,0.015841584158415842,0.05401260078014202,1.0,-0.0,0,0
1217,0.0,0.015841584158415842,0.05401260078014202,1.0,-0.0,0,0
1218,0.0,0.015841584158415842,0.05401260078014202,1.0,-0.0,0,0
1219,0.0,0.015841584158415842,0.05401260078014202,1.0,-0.0,0,0
1220,0.0,0.017821782178217824,0.05698017651460656,1.0,-0.0,0,0
1221,0.0,0.025742574257425745,0.07264925278354116,1.0,-0.0,0,0
1222,0.0,0.025742574257425745,0.07264925278354116,1.0,-0.0,0,0
1223,0.0,0.025742574257425745,0.07264925278354116,1.0,-0.0,0,0
1224,0.0,0.025742574257425745,0.07264925278354116,1.0,-0.0,0,0
1225,0.0,0.023762376237623766,0.07056843438101175,1.0,-0.0,0,0
1226,0.0,0.0,0.0,1.0,-0.0,0,0
1227,0.0,0.0,0.0,1.0,-0.0,0,0
1228,0.0,0.0,0.0,1.0,-0.0,0,0
1229,0.0,0.0,0.0,1.0,-0.0,0,0
1230,0.0,0.0,0.0,1.0,-0.0,0,0
1231,0.0,0.0,0.0,1.0,-0.0,0,0
1232,0.0,0.0,0.0,1.0,-0.0,0,0
1233,0.0,0.0,0.0,1.0,-0.0,0,0
1234,0.0,0.0,0.0,1.0,-0.0,0,0
1235,0.0,0.0,0.0,1.0,-0.0,0,0
1236,0.0,0.0,0.0,1.0,-0.0,0,0
1237,0.0,0.0019801980198019802,0.019801980198019802,1.0,-0.0,0,0
1238,0.0,0.023762376237623766,0.07056843438101174,1.0,-0.0,0,0
1239,0.0,0.023762376237623766,0.07056843438101174,1.0,-0.0,0,0
1240,0.0,0.023762376237623766,0.07056843438101174,1.0,-0.0,0,0
1241,0.0,0.023762376237623766,0.07056843438101174,1.0,-0.0,0,0
1242,0.0,0.03168316831683169,0.08316831683168317,1.0,-0.0,0,0
1243,0.0,0.0297029702970297,0.07112192077650681,1.0,-0.0,0,0
1244,0.0,0.05346534653465346,0.09287951999650357,1.0,-0.0,0,0
1245,0.0,0.0613861386138614,0.09644194583672018,1.0,-0.0,0,0
1246,0.0,0.0613861386138614,0.09644194583672018,1.0,-0.0,0,0
1247,0.0,0.11485148514851483,0.14169143619800648,1.0,-0.0,0,0
1248,0.0,0.09504950495049502,0.1423816080178024,1.0,-0.0,0,0
1249,0.0,0.08118811881188118,0.12951766673875514,1.0,-0.0,0,0
1250,0.2,0.09900990099009901,0.1308729634998678,0.2201564018743143,0.6572686812775224,0,0
1251,0.2,0.09900990099009901,0.1308729634998678,0.2201564018743143,0.6572686812775224,0,0
1252,0.2,0.03564356435643565,0.07653920035678292,0.015882722457572503,1.7990750531077893,0,0
1253,0.2,0.03564356435643565,0.07653920035678292,0.015882722457572503,1.7990750531077893,0,0
1254,0.2,0.025742574257425745,0.06697637435757531,0.004637140001348011,2.3337497919853583,0,0
1255,0.0,0.0,0.0,1.0,-0.0,0,0
1256,0.0,0.0,0.0,1.0,-0.0,0,0
1257,0.0,0.0,0.0,1.0,-0.0,0,0
1258,0.0,0.0,0.0,1.0,-0.0,0,0
1259,0.0,0.0,0.0,1.0,-0.0,0,0
1260,0.2,0.015841584158415842,0.05401260078014202,0.00032535620257014524,3.4876409094885674,0,0
1261,0.2,0.015841584158415842,0.05401260078014202,0.00032535620257014524,3.4876409094885674,0,0
1262,0.2,0.015841584158415842,0.05401260078014202,0.00032535620257014524,3.4876409094885674,0,0
1263,0.4,0.04752475247524753,0.08965727859541997,4.223293025907398e-05,4.374348784755605,0,0
1264,0.4,0.04752475247524753,0.08965727859541997,4.223293025907398e-05,4.374348784755605,0,0
1265,0.2,0.031683168316831684,0.07826167463512675,0.015750221703151112,1.8027133286186672,0,0
1266,0.2,0.031683168316831684,0.07826167463512675,0.015750221703151112,1.8027133286186672,0,0
1267,0.2,0.031683168316831684,0.07826167463512675,0.015750221703151112,1.8027133286186672,0,0
1268,0.0,0.11287128712871287,0.15002532217723416,1.0,-0.0,0,0
1269,0.0,0.2376237623762376,0.2081752332823988,1.0,-0.0,0,0
1270,0.0,0.2930693069306931,0.24464863701355247,1.0,-0.0,0,0
1271,0.0,0.3445544554455446,0.2550384352803475,1.0,-0.0,0,0
1272,0.0,0.3445544554455446,0.2550384352803475,1.0,-0.0,0,0
1273,0.0,0.22970297029702968,0.22406883421490115,1.0,-0.0,0,0
1274,0.0,0.10495049504950493,0.14784005112815915,1.0,-0.0,0,0
1275,0.0,0.049504950495049514,0.10304643034659552,1.0,-0.0,0,0
1276,0.0,0.011881188118811883,0.047276579747775535,1.0,-0.0,0,0
1277,0.0,0.011881188118811883,0.047276579747775535,1.0,-0.0,0,0
1278,0.0,0.01386138613861386,0.05079507064705211,1.0,-0.0,0,0
1279,0.0,0.01386138613861386,0.05079507064705211,1.0,-0.0,0,0
1280,0.0,0.01386138613861386,0.05079507064705211,1.0,-0.0,0,0
1281,0.0,0.0019801980198019802,0.019801980198019802,1.0,-0.0,0,0
1282,0.0,0.03762376237623763,0.08307396817189318,1.0,-0.0,0,0
1283,0.0,0.03564356435643565,0.08154954567118415,1.0,-0.0,0,0
1284,0.0,0.05940594059405942,0.0996808946427978,1.0,-0.0,0,0
1285,0.0,0.05940594059405942,0.0996808946427978,1.0,-0.0,0,0
1286,0.0,0.05940594059405942,0.0996808946427978,1.0,-0.0,0,0
1287,0.0,0.023762376237623766,0.07056843438101175,1.0,-0.0,0,0
1288,0.0,0.023762376237623766,0.07056843438101175,1.0,-0.0,0,0
1289,0.0,0.0,0.0,1.0,-0.0,0,0
1290,0.0,0.04356435643564357,0.09587103712404123,1.0,-0.0,0,0
1291,0.0,0.04356435643564357,0.09587103712404123,1.0,-0.0,0,0
1292,0.0,0.04356435643564357,0.09587103712404123,1.0,-0.0,0,0
1293,0.0,0.05346534653465347,0.10489443673781407,1.0,-0.0,0,0
1294,0.0,0.0712871287128713,0.12768822926854265,1.0,-0.0,0,0
1295,0.0,0.06534653465346535,0.1129581045303102,1.0,-0.0,0,0
1296,0.0,0.0712871287128713,0.11461224656227947,1.0,-0.0,0,0
1297,0.0,0.0712871287128713,0.11461224656227947,1.0,-0.0,0,0
1298,0.0,0.061386138613861385,0.09644194583672017,1.0,-0.0,0,0
1299,0.0,0.04356435643564357,0.08721867542790195,1.0,-0.0,0,0
1300,0.0,0.0059405940594059415,0.033953323167291584,1.0,-0.0,0,0
1301,0.0,0.027722772277227727,0.08457091684777278,1.0,-0.0,0,0
1302,0.0,0.04554455445544555,0.09700949476369022,1.0,-0.0,0,0
1303,0.0,0.051485148514851496,0.1001126705723924,1.0,-0.0,0,0
1304,0.0,0.061386138613861385,0.10433219700847123,1.0,-0.0,0,0
1305,0.0,0.07326732673267328,0.11159606181073561,1.0,-0.0,0,0
1306,0.0,0.05544554455445545,0.09384550979067553,1.0,-0.0,0,0
1307,0.0,0.03762376237623763,0.07816140339006158,1.0,-0.0,0,0
1308,0.0,0.03168316831683169,0.0730260947112308,1.0,-0.0,0,0
1309,0.0,0.021782178217821784,0.06230547612891991,1.0,-0.0,0,0
1310,0.0,0.009900990099009901,0.04338396495090424,1.0,-0.0,0,0
1311,0.0,0.0,0.0,1.0,-0.0,0,0
1312,0.0,0.0,0.0,1.0,-0.0,0,0
1313,0.0,0.0,0.0,1.0,-0.0,0,0
1314,0.0,0.0,0.0,1.0,-0.0,0,0
1315,0.0,0.0,0.0,1.0,-0.0,0,0
1316,0.0,0.0,0.0,1.0,-0.0,0,0
1317,0.0,0.0,0.0,1.0,-0.0,0,0
1318,0.0,0.0,0.0,1.0,-0.0,0,0
1319,0.0,0.0,0.0,1.0,-0.0,0,0
1320,0.0,0.0,0.0,1.0,-0.0,0,0
1321,0.0,0.0,0.0,1.0,-0.0,0,0
1322,0.0,0.03762376237623763,0.08307396817189319,1.0,-0.0,0,0
1323,0.0,0.03762376237623763,0.08307396817189319,1.0,-0.0,0,0
1324,0.0,0.047524752475247525,0.10205226714237722,1.0,-0.0,0,0
1325,0.0,0.047524752475247525,0.10205226714237722,1.0,-0.0,0,0
1326,0.0,0.08514851485148514,0.1444594832462533,1.0,-0.0,0,0
1327,0.0,0.047524752475247525,0.0939707763778588,1.0,-0.0,0,0
1328,0.0,0.047524752475247525,0.0939707763778588,1.0,-0.0,0,0
1329,0.0,0.03762376237623763,0.08771182015980238,1.0,-0.0,0,0
1330,0.0,0.03762376237623763,0.08771182015980238,1.0,-0.0,0,0
1331,0.2,0.031683168316831684,0.07826167463512675,0.015750221703151112,1.8027133286186672,0,0
1332,0.4,0.06534653465346535,0.09793475658517417,0.00031645290910322575,3.4996909075682905,0,0
1333,0.4,0.06534653465346535,0.09793475658517417,0.00031645290910322575,3.4996909075682905,0,0
1334,0.4,0.06534653465346535,0.09793475658517417,0.00031645290910322575,3.4996909075682905,0,0
1335,0.6,0.0891089108910891,0.12734998170941406,3.014036706856784e-05,4.520851462874647,0,0
1336,0.6,0.09306930693069305,0.12762679639066946,3.563930959352454e-05,4.448070717727946,0,0
1337,0.4,0.05940594059405942,0.10733330877518932,0.0007537462695981591,3.122774824234139,0,0
1338,0.4,0.05940594059405942,0.10733330877518932,0.0007537462695981591,3.122774824234139,0,0
1339,0.4,0.05940594059405942,0.10733330877518932,0.0007537462695981591,3.122774824234139,0,0
1340,0.2,0.03564356435643565,0.08154954567118416,0.021930426384501912,1.6589529244266183,0,0
1341,0.0,0.0,0.0,1.0,-0.0,0,0
1342,0.0,0.0297029702970297,0.07112192077650681,1.0,-0.0,0,0
1343,0.0,0.06732673267326733,0.10634234916512914,1.0,-0.0,0,0
1344,0.2,0.07722772277227724,0.11930590361498669,0.15172703225002876,0.8189370368062708,0,0
1345,0.2,0.07722772277227724,0.11930590361498669,0.15172703225002876,0.8189370368062708,0,0
1346,0.2,0.07722772277227724,0.11930590361498669,0.15172703225002876,0.8189370368062708,0,0
1347,0.2,0.04752475247524753,0.09397077637785879,0.05233944412570533,1.2811708941229774,0,0
1348,0.2,0.009900990099009901,0.04338396495090424,5.885669548817485e-06,5.230204125035219,0,0
1349,0.2,0.061386138613861385,0.10433219700847123,0.09199298471617674,1.0362452902111776,0,0
1350,0.2,0.10495049504950493,0.1337769960717191,0.2386948661603236,0.6221569216812192,0,0
1351,0.2,0.1306930693069307,0.1500775867049221,0.32210974437637796,0.4919961368230335,0,0
1352,0.2,0.1821782178217822,0.18260818825185748,0.4611266516818229,0.3361797761890667,0,0
1353,0.4,0.44554455445544555,0.28267630176450403,1.0,-0.0,0,0
1354,0.4,0.4415841584158416,0.2995929009233992,1.0,-0.0,0,0
1355,0.4,0.3980198019801981,0.2863149958273306,0.4972408765614317,0.30343317662057256,0,0
1356,0.4,0.41782178217821786,0.2926140429634198,1.0,-0.0,0,0
1357,0.4,0.4792079207920792,0.2857392121550761,1.0,-0.0,0,0
1358,0.2,0.2396039603960396,0.2106469092589656,1.0,-0.0,0,0
1359,0.0,0.18415841584158413,0.17504323271769953,1.0,-0.0,0,0
1360,0.0,0.18415841584158413,0.17504323271769953,1.0,-0.0,0,0
1361,0.0,0.1405940594059406,0.15554326246855826,1.0,-0.0,0,0
1362,0.0,0.025742574257425748,0.06697637435757531,1.0,-0.0,0,0
1363,0.0,0.0019801980198019802,0.0198019801980198,1.0,-0.0,0,0
1364,0.0,0.0,0.0,1.0,-0.0,0,0
1365,0.0,0.0,0.0,1.0,-0.0,0,0
1366,0.0,0.0,0.0,1.0,-0.0,0,0
1367,0.0,0.0,0.0,1.0,-0.0,0,0
1368,0.0,0.0,0.0,1.0,-0.0,0,0
1369,0.0,0.0,0.0,1.0,-0.0,0,0
1370,0.0,0.041584158415841586,0.08590499787518362,1.0,-0.0,0,0
1371,0.0,0.041584158415841586,0.08590499787518362,1.0,-0.0,0,0
1372,0.0,0.05940594059405942,0.0996808946427978,1.0,-0.0,0,0
1373,0.0,0.13762376237623763,0.17052712983454246,1.0,-0.0,0,0
1374,0.0,0.15247524752475247,0.1760929431716096,1.0,-0.0,0,0
1375,0.0,0.17029702970297025,0.1674175159433525,1.0,-0.0,0,0
1376,0.0,0.1881188118811881,0.17981680926331076,1.0,-0.0,0,0
1377,0.2,0.1762376237623762,0.17640441545600072,0.4464229645204053,0.35025347287879666,0,0
1378,0.2,0.14257425742574253,0.14981608173764543,0.35074560537729405,0.4550077617033023,0,0
1379,0.2,0.14455445544554454,0.14656141045515514,0.3526004188666671,0.45271717612241963,0,0
1380,0.2,0.11485148514851484,0.13598641357140118,0.2656067797011654,0.5757608436518118,0,0
1381,0.2,0.1386138613861386,0.14823736453237937,0.339397852769604,0.46929090961192643,0,0
1382,0.0,0.1504950495049505,0.16021258301915867,1.0,-0.0,0,0
1383,0.0,0.10495049504950493,0.13377699607171908,1.0,-0.0,0,0
1384,0.0,0.09504950495049505,0.13078304733432375,1.0,-0.0,0,0
1385,0.0,0.06336633663366337,0.10120342446875755,1.0,-0.0,0,16
1386,0.0,0.023762376237623766,0.06471340450838887,1.0,-0.0,0,0
1387,0.0,0.10693069306930691,0.13661931335176508,1.0,-0.0,0,0
1388,0.0,0.2079207920792079,0.1886288032334235,1.0,-0.0,0,0
1389,0.0,0.2514851485148515,0.2061499316853848,1.0,-0.0,0,0
1390,0.0,0.27128712871287125,0.2154142376787709,1.0,-0.0,0,0
1391,0.0,0.27128712871287125,0.2154142376787709,1.0,-0.0,0,0
1392,0.0,0.1861386138613862,0.18510350488002839,1.0,-0.0,0,0
1393,0.0,0.14455445544554454,0.15950123220279025,1.0,-0.0,0,0
1394,0.0,0.13366336633663364,0.1568736817452543,1.0,-0.0,0,0
1395,0.0,0.13267326732673265,0.1671596799240022,1.0,-0.0,0,0
1396,0.0,0.14455445544554454,0.1760261274062858,1.0,-0.0,0,0
1397,0.0,0.1287128712871287,0.16788529421169618,1.0,-0.0,0,0
1398,0.0,0.08118811881188118,0.14122019271030048,1.0,-0.0,0,0
1399,0.0,0.041584158415841586,0.08590499787518362,1.0,-0.0,0,0
1400,0.0,0.021782178217821784,0.06230547612891991,1.0,-0.0,0,0
1401,0.0,0.009900990099009901,0.04338396495090424,1.0,-0.0,0,0
1402,0.0,0.009900990099009901,0.04338396495090424,1.0,-0.0,0,0
1403,0.0,0.0,0.0,1.0,-0.0,0,0
1404,0.0,0.0,0.0,1.0,-0.0,0,0
1405,0.0,0.0,0.0,1.0,-0.0,0,0
1406,0.0,0.0,0.0,1.0,-0.0,0,0
1407,0.0,0.0,0.0,1.0,-0.0,0,0
1408,0.0,0.0,0.0,1.0,-0.0,0,0
1409,0.0,0.0,0.0,1.0,-0.0,0,0
1410,0.0,0.0,0.0,1.0,-0.0,0,0
1411,0.0,0.0,0.0,1.0,-0.0,0,0
1412,0.0,0.03762376237623763,0.08307396817189319,1.0,-0.0,0,0
1413,0.0,0.03762376237623763,0.08307396817189319,1.0,-0.0,0,0
1414,0.0,0.03762376237623763,0.08307396817189319,1.0,-0.0,0,0
1415,0.0,0.03762376237623763,0.08307396817189319,1.0,-0.0,0,0
1416,0.0,0.047524752475247525,0.08965727859542,1.0,-0.0,0,0
1417,0.0,0.1306930693069307,0.136245682469462,1.0,-0.0,0,0
1418,0.0,0.1306930693069307,0.136245682469462,1.0,-0.0,0,0
1419,0.0,0.1603960396039604,0.15674865288842219,1.0,-0.0,0,0
1420,0.0,0.17425742574257425,0.1680720409815679,1.0,-0.0,0,0
1421,0.0,0.16435643564356436,0.16505874046871052,1.0,-0.0,0,0
1422,0.0,0.04356435643564357,0.08721867542790195,1.0,-0.0,0,0
1423,0.0,0.04356435643564357,0.08721867542790195,1.0,-0.0,0,0
1424,0.0,0.013861386138613863,0.050795070647052104,1.0,-0.0,0,0
1425,0.0,0.0,0.0,1.0,-0.0,0,0
1426,0.0,0.0,0.0,1.0,-0.0,0,0
1427,0.0,0.0,0.0,1.0,-0.0,0,0
1428,0.0,0.0,0.0,1.0,-0.0,0,0
1429,0.0,0.0,0.0,1.0,-0.0,0,0
1430,0.0,0.0,0.0,1.0,-0.0,0,0
1431,0.0,0.0,0.0,1.0,-0.0,0,0
1432,0.0,0.0,0.0,1.0,-0.0,0,0
1433,0.0,0.0,0.0,1.0,-0.0,0,0
1434,0.0,0.0,0.0,1.0,-0.0,0,0
1435,0.0,0.0,0.0,1.0,-0.0,0,0
1436,0.0,0.0,0.0,1.0,-0.0,0,0
1437,0.0,0.0,0.0,1.0,-0.0,0,0
1438,0.0,0.0,0.0,1.0,-0.0,0,0
1439,0.0,0.0,0.0,1.0,-0.0,0,0
1440,0.0,0.0,0.0,1.0,-0.0,0,0
1441,0.0,0.0,0.0,1.0,-0.0,0,0
1442,0.0,0.0,0.0,1.0,-0.0,0,0
1443,0.0,0.0,0.0,1.0,-0.0,0,0
1444,0.0,0.0,0.0,1.0,-0.0,0,0
1445,0.0,0.0,0.0,1.0,-0.0,0,0
1446,0.0,0.0,0.0,1.0,-0.0,0,0
1447,0.0,0.0,0.0,1.0,-0.0,0,0
1448,0.0,0.023762376237623766,0.07056843438101174,1.0,-0.0,0,0
1449,0.0,0.023762376237623766,0.07056843438101174,1.0,-0.0,0,0
1450,0.0,0.023762376237623766,0.07056843438101174,1.0,-0.0,0,0
1451,0.0,0.057425742574257435,0.10656335878870264,1.0,-0.0,0,0
1452,0.0,0.057425742574257435,0.10656335878870264,1.0,-0.0,0,0
1453,0.0,0.04356435643564356,0.09164702150816742,1.0,-0.0,0,0
1454,0.0,0.04356435643564356,0.09164702150816742,1.0,-0.0,0,0
1455,0.0,0.04356435643564356,0.09164702150816742,1.0,-0.0,0,0
1456,0.0,0.009900990099009901,0.04338396495090424,1.0,-0.0,0,0
1457,0.0,0.009900990099009901,0.04338396495090424,1.0,-0.0,0,0
1458,0.0,0.0,0.0,1.0,-0.0,0,0
1459,0.0,0.0,0.0,1.0,-0.0,0,0
1460,0.0,0.0,0.0,1.0,-0.0,0,0
1461,0.0,0.0,0.0,1.0,-0.0,0,0
1462,0.0,0.0,0.0,1.0,-0.0,0,0
1463,0.0,0.0,0.0,1.0,-0.0,0,0
1464,0.0,0.0,0.0,1.0,-0.0,0,0
1465,0.0,0.0,0.0,1.0,-0.0,0,0
1466,0.0,0.0,0.0,1.0,-0.0,0,0
1467,0.0,0.0,0.0,1.0,-0.0,0,0
1468,0.0,0.031683168316831684,0.0730260947112308,1.0,-0.0,0,0
1469,0.0,0.05148514851485149,0.09186070102766893,1.0,-0.0,0,0
1470,0.0,0.05148514851485149,0.09186070102766893,1.0,-0.0,0,0
1471,0.0,0.05148514851485149,0.09186070102766893,1.0,-0.0,0,0
1472,0.0,0.05148514851485149,0.09186070102766893,1.0,-0.0,0,0
1473,0.0,0.019801980198019802,0.059735061897023205,1.0,-0.0,0,0
1474,0.0,0.0,0.0,1.0,-0.0,0,0
1475,0.0,0.04158415841584158,0.09039772047931348,1.0,-0.0,0,0
1476,0.0,0.04158415841584158,0.09039772047931348,1.0,-0.0,0,0
1477,0.0,0.04158415841584158,0.09039772047931348,1.0,-0.0,0,0
1478,0.0,0.04554455445544554,0.09283729243351323,1.0,-0.0,0,0
1479,0.0,0.08910891089108909,0.12420120222231065,1.0,-0.0,0,0
1480,0.0,0.06534653465346535,0.10571364605971598,1.0,-0.0,0,0
1481,0.0,0.08514851485148513,0.1269490726718781,1.0,-0.0,0,0
1482,0.0,0.08514851485148513,0.1269490726718781,1.0,-0.0,0,0
1483,0.0,0.1465346534653465,0.1709405295438197,1.0,-0.0,0,0
1484,0.0,0.12277227722772277,0.14342430861173722,1.0,-0.0,0,0
1485,0.0,0.11485148514851484,0.14717547862227365,1.0,-0.0,0,0
1486,0.0,0.10693069306930694,0.1422989641443302,1.0,-0.0,0,0
1487,0.0,0.1504950495049505,0.17667095463917198,1.0,-0.0,0,0
1488,0.0,0.45940594059405937,0.2736544825254897,1.0,-0.0,0,0
1489,0.0,0.4376237623762377,0.27099065971573866,1.0,-0.0,0,0
1490,0.0,0.42772277227722777,0.26405775391420616,1.0,-0.0,0,0
1491,0.0,0.41584158415841593,0.26051459861692966,1.0,-0.0,0,0
1492,0.0,0.3742574257425743,0.243185731630416,1.0,-0.0,0,16
1493,0.0,0.0,0.0,1.0,-0.0,0,0
1494,0.0,0.0,0.0,1.0,-0.0,0,0
1495,0.0,0.0,0.0,1.0,-0.0,0,0
1496,0.0,0.0,0.0,1.0,-0.0,0,0
1497,0.0,0.0,0.0,1.0,-0.0,0,0
1498,0.0,0.0,0.0,1.0,-0.0,0,0
1499,0.0,0.017821782178217824,0.05698017651460656,1.0,-0.0,0,0
1500,0.0,0.017821782178217824,0.05698017651460656,1.0,-0.0,0,0
