,foreground,bg_means,bg_stdev,pvals,minus_logs,regs,active
2,0.0,0.1603960396039604,0.14897618117864575,1.0,-0.0,0,0
3,0.0,0.1603960396039604,0.14897618117864575,1.0,-0.0,0,0
4,0.0,0.0,0.0,1.0,-0.0,0,0
5,0.0,0.0,0.0,1.0,-0.0,0,0
6,0.0,0.2455445544554455,0.2122602328057286,1.0,-0.0,0,0
7,0.0,0.2851485148514852,0.2326711607235581,1.0,-0.0,0,0
8,0.0,0.36435643564356446,0.25234902688434047,1.0,-0.0,0,0
9,0.0,0.36435643564356446,0.25234902688434047,1.0,-0.0,0,0
10,0.0,0.36435643564356446,0.25234902688434047,1.0,-0.0,0,0
11,0.0,0.1168316831683168,0.1469621807150849,1.0,-0.0,0,0
12,0.0,0.07722772277227724,0.12888031758632065,1.0,-0.0,0,0
13,0.0,0.0,0.0,1.0,-0.0,0,0
14,0.0,0.15841584158415842,0.17192407185067912,1.0,-0.0,0,0
15,0.0,0.15841584158415842,0.17192407185067912,1.0,-0.0,0,0
16,0.0,0.15841584158415842,0.17192407185067912,1.0,-0.0,0,0
17,0.2,0.22970297029702974,0.20370069017874276,1.0,-0.0,0,0
18,0.2,0.22970297029702974,0.20370069017874276,1.0,-0.0,0,0
19,0.2,0.15445544554455443,0.16381875548472422,0.39049929008909223,0.4083797513146454,0,0
20,0.2,0.1881188118811881,0.16367507580017285,0.47106615736060226,0.3269180955059621,0,0
21,0.2,0.405940594059406,0.25556064641428394,1.0,-0.0,0,0
22,0.0,0.3346534653465348,0.23898947471101076,1.0,-0.0,0,0
23,0.0,0.3346534653465348,0.23898947471101076,1.0,-0.0,0,0
24,0.0,0.2514851485148515,0.20614993168538487,1.0,-0.0,0,0
25,1.0,0.394059405940594,0.255560646414284,0.008869423821936553,2.0521045920150787,0,0
26,1.0,0.17623762376237617,0.17640441545600072,1.507921675718404e-06,5.821621215950796,0,0
27,1.0,0.20396039603960395,0.19494644711665696,2.2193078519173913e-05,4.653782450307184,0,0
28,1.0,0.20396039603960395,0.19494644711665696,2.2193078519173913e-05,4.653782450307184,0,0
29,1.0,0.20396039603960395,0.19494644711665696,2.2193078519173913e-05,4.653782450307184,0,0
30,0.0,0.027722772277227727,0.06910862719451544,1.0,-0.0,0,0
31,0.0,0.027722772277227727,0.06910862719451544,1.0,-0.0,0,0
32,0.6,0.2554455445544554,0.20318028258820844,0.04496126016995742,1.3471615249036513,0,0
33,0.8,0.3207920792079208,0.22174681471951557,0.015345396106321298,1.8140218967682076,0,0
34,1.0,0.39999999999999997,0.2453528475522145,0.007233421727026864,2.140656213683284,0,0
35,1.0,0.39999999999999997,0.2453528475522145,0.007233421727026864,2.140656213683284,0,0
36,1.0,0.39999999999999997,0.2453528475522145,0.007233421727026864,2.140656213683284,0,0
37,0.4,0.14455445544554452,0.14383382017690993,0.03786836090288934,1.421723492508858,0,0
38,0.2,0.07920792079207921,0.09781456661567106,0.10843220472298494,0.9648417117433487,0,0
39,0.0,0.0,0.0,1.0,-0.0,0,0
40,0.0,0.0,0.0,1.0,-0.0,0,0
41,0.0,0.6000000000000001,0.3171656655534148,1.0,-0.0,0,0
42,0.0,0.6000000000000001,0.3171656655534148,1.0,-0.0,0,0
43,0.0,0.6000000000000001,0.3171656655534148,1.0,-0.0,0,0
44,0.0,0.6435643564356435,0.3360857509577921,1.0,-0.0,0,0
45,0.0,0.8435643564356438,0.36108084215466274,1.0,-0.0,0,0
46,0.0,0.26138613861386145,0.19648913356682646,1.0,-0.0,0,0
47,0.0,0.26138613861386145,0.19648913356682646,1.0,-0.0,0,0
48,0.0,0.31485148514851485,0.22043437703090285,1.0,-0.0,0,0
49,0.2,0.31881188118811893,0.2289506286383308,1.0,-0.0,0,0
50,0.6,0.23366336633663365,0.20502461949377873,0.0369854445351679,1.4319691570618376,0,0
51,0.8,0.27722772277227725,0.22859068357565784,0.011099777733105226,1.9546857176324757,0,0
52,0.8,0.300990099009901,0.22798951231087927,0.014307849788746748,1.8444256279486235,0,0
53,0.8,0.24752475247524752,0.20517756589288896,0.0035441312986290593,2.4504901972777002,0,0
54,1.0,0.47326732673267324,0.2893800437565397,0.03436345654331671,1.4639031579319675,0,0
55,0.8,0.6633663366336632,0.3082119536483429,0.32877050114461803,0.4831071563535144,0,0
56,1.0,0.8158415841584158,0.31551707467167545,0.27972057499972014,0.5532755876856634,0,0
57,1.0,0.7920792079207921,0.2964085915287306,0.24150586717714928,0.6170723139737183,0,0
58,1.0,0.7920792079207921,0.2964085915287306,0.24150586717714928,0.6170723139737183,0,0
59,0.6,0.5188118811881188,0.2642804058725207,0.37934387630007826,0.42096692230388294,0,0
60,0.4,0.21386138613861388,0.17178717143997088,0.13928396141100446,0.8560988898339036,0,0
61,0.0,0.0,0.0,1.0,-0.0,0,0
62,0.2,0.11683168316831682,0.13864214704328154,0.2742939097741051,0.5617838350526444,0,0
63,0.8,0.3108910891089109,0.21336576232952045,0.010942740136573877,1.9608739140916254,0,0
64,0.8,0.3960396039603961,0.22686882504667968,0.03748971474907226,1.426087864016304,0,0
65,2.2,1.081188118811881,0.3692949856056685,0.0012244352885098775,2.9120641624263293,0,0
66,2.2,1.081188118811881,0.3692949856056685,0.0012244352885098775,2.9120641624263293,0,0
67,2.0,0.9643564356435643,0.34857110257118473,0.001483620804180077,2.828677085374932,0,0
68,1.4,0.79009900990099,0.3250300673052957,0.030297111672719874,1.5185987723026513,0,0
69,1.4,0.8396039603960396,0.3526643168515279,0.05602621453520766,1.2516087200633783,0,0
70,0.0,0.15445544554455443,0.1732192295336953,1.0,-0.0,0,0
71,0.0,0.19207920792079203,0.20083152306547483,1.0,-0.0,0,0
72,0.0,0.21386138613861383,0.21846888577901466,1.0,-0.0,0,0
73,0.0,0.19405940594059404,0.20576915941409613,1.0,-0.0,0,0
74,0.0,0.0594059405940594,0.1109617879296784,1.0,-0.0,0,0
75,0.0,0.08316831683168317,0.13864214704328154,1.0,-0.0,0,0
76,0.0,0.15445544554455443,0.16858452795083373,1.0,-0.0,0,0
77,0.0,0.1306930693069307,0.1577958163416755,1.0,-0.0,0,0
78,0.0,0.1306930693069307,0.1577958163416755,1.0,-0.0,0,0
79,0.0,0.1306930693069307,0.1577958163416755,1.0,-0.0,0,0
80,0.0,0.1881188118811881,0.16367507580017288,1.0,-0.0,0,0
81,0.0,0.300990099009901,0.213641250839781,1.0,-0.0,0,0
82,0.0,0.3267326732673268,0.22466304322665875,1.0,-0.0,0,0
83,0.0,0.3267326732673268,0.22466304322665875,1.0,-0.0,0,0
84,0.0,0.3267326732673268,0.22466304322665875,1.0,-0.0,0,0
85,0.0,0.2475247524752475,0.19730564288445387,1.0,-0.0,0,0
86,0.0,0.025742574257425748,0.06697637435757531,1.0,-0.0,0,0
87,0.0,0.07920792079207921,0.13224402263020987,1.0,-0.0,0,0
88,0.0,0.07920792079207921,0.13224402263020987,1.0,-0.0,0,0
89,0.0,0.07920792079207921,0.13224402263020987,1.0,-0.0,0,0
90,0.0,0.07920792079207921,0.13224402263020987,1.0,-0.0,0,0
91,0.0,0.07920792079207921,0.13224402263020987,1.0,-0.0,0,0
92,0.0,0.0,0.0,1.0,-0.0,0,0
93,0.0,0.043564356435643575,0.08721867542790195,1.0,-0.0,0,0
94,0.0,0.08316831683168317,0.12353642740976017,1.0,-0.0,0,0
95,0.0,0.1207920792079208,0.1517663861889879,1.0,-0.0,0,0
96,0.0,0.1861386138613861,0.17633771771004503,1.0,-0.0,0,0
97,0.0,0.2792079207920792,0.20310307176171227,1.0,-0.0,0,0
98,0.0,0.394059405940594,0.2586414553228625,1.0,-0.0,0,0
99,0.0,0.4475247524752475,0.2716265853383326,1.0,-0.0,0,0
100,0.0,0.4099009900990099,0.2585201413127539,1.0,-0.0,0,0
101,0.0,0.4217821782178218,0.2770437862222581,1.0,-0.0,0,0
102,0.0,0.3277227722772277,0.25098570504092205,1.0,-0.0,0,0
103,0.0,0.17029702970297025,0.17436990069505995,1.0,-0.0,0,0
104,0.0,0.09702970297029703,0.1367627457412436,1.0,-0.0,0,0
105,0.0,0.09702970297029703,0.1367627457412436,1.0,-0.0,0,0
106,0.0,0.021782178217821784,0.06230547612891991,1.0,-0.0,0,0
107,0.0,0.15445544554455445,0.18213516495155513,1.0,-0.0,0,0
108,0.0,0.19009900990099005,0.2113159852982828,1.0,-0.0,0,0
109,0.0,0.2633663366336634,0.22852205833136874,1.0,-0.0,0,0
110,0.2,0.2851485148514851,0.2343671227804117,1.0,-0.0,0,0
111,0.2,0.2851485148514851,0.2343671227804117,1.0,-0.0,0,0
112,0.2,0.15445544554455445,0.15891011998209012,0.38720710479342224,0.4120566824993106,0,0
113,0.2,0.11683168316831684,0.13280619910579972,0.26557935309177677,0.5758056913027199,0,0
114,0.2,0.021782178217821784,0.06230547612891991,0.002115616449879084,2.6745630648030154,0,0
115,0.0,0.0,0.0,1.0,-0.0,0,0
