,foreground,bg_means,bg_stdev,pvals,minus_logs,regs,active
2,0.2,0.11287128712871286,0.13024224675172552,0.2517559433799803,0.5990202679574179,0,0
3,0.2,0.13267326732673265,0.1414975848312859,0.31710294183422544,0.49879972890812296,0,0
4,0.0,0.08316831683168316,0.12028786177019754,1.0,-0.0,0,0
5,0.2,0.10495049504950493,0.1367053908443026,0.2434376750920733,0.6136122082817695,0,0
6,0.2,0.10495049504950493,0.1367053908443026,0.2434376750920733,0.6136122082817695,0,0
7,0.2,0.10693069306930691,0.1450554183905936,0.2605625477598812,0.584088007925498,0,0
8,0.2,0.07920792079207921,0.1292145592164392,0.17494108392292335,0.7571081869435704,0,0
9,0.2,0.08514851485148513,0.12694907267187808,0.1828107949282391,0.7379981628727221,0,0
10,0.0,0.06336633663366337,0.1158034971660471,1.0,-0.0,0,0
11,0.0,0.07326732673267328,0.11848138852793338,1.0,-0.0,0,0
12,0.0,0.04752475247524753,0.08965727859541997,1.0,-0.0,0,0
13,0.0,0.04752475247524753,0.08965727859541997,1.0,-0.0,0,0
14,0.0,0.017821782178217824,0.05698017651460656,1.0,-0.0,0,0
15,0.0,0.07524752475247526,0.1253951698929708,1.0,-0.0,0,0
16,0.0,0.06534653465346535,0.11641139371642828,1.0,-0.0,0,0
17,0.0,0.06534653465346535,0.11641139371642828,1.0,-0.0,0,0
18,0.2,0.14257425742574256,0.15243666735776418,0.3531913336303899,0.45198996138743525,0,0
19,0.2,0.13465346534653466,0.14921288105967925,0.3307142927654324,0.48054703540070887,0,0
20,0.2,0.07524752475247526,0.10845991237726066,0.12502717670865526,0.9029955756978825,0,0
21,0.2,0.08910891089108909,0.11423528793549272,0.16584253402843113,0.7803040749629365,0,0
22,0.2,0.08910891089108909,0.11423528793549272,0.16584253402843113,0.7803040749629365,0,0
23,0.0,0.013861386138613863,0.05079507064705212,1.0,-0.0,0,0
24,0.0,0.013861386138613863,0.05079507064705212,1.0,-0.0,0,0
25,0.0,0.013861386138613863,0.05079507064705212,1.0,-0.0,0,0
26,0.0,0.023762376237623766,0.06471340450838887,1.0,-0.0,0,0
27,0.0,0.06336633663366337,0.10120342446875752,1.0,-0.0,0,0
28,0.0,0.06336633663366337,0.10120342446875752,1.0,-0.0,0,0
29,0.0,0.06336633663366337,0.10120342446875752,1.0,-0.0,0,0
30,0.0,0.08316831683168317,0.12670172889541695,1.0,-0.0,0,0
31,0.0,0.07920792079207921,0.1292145592164392,1.0,-0.0,0,0
32,0.0,0.039603960396039604,0.08452453849668534,1.0,-0.0,0,0
33,0.0,0.07920792079207921,0.1322440226302099,1.0,-0.0,0,0
34,0.0,0.07920792079207921,0.1322440226302099,1.0,-0.0,0,0
35,0.0,0.19801980198019803,0.17687059543257513,1.0,-0.0,0,0
36,0.0,0.17821782178217818,0.1614316888886243,1.0,-0.0,0,0
37,0.0,0.17821782178217818,0.1614316888886243,1.0,-0.0,0,0
38,0.0,0.22772277227722768,0.2106655233984672,1.0,-0.0,0,0
39,0.2,0.25346534653465347,0.22319212362147123,1.0,-0.0,0,0
40,0.2,0.1425742574257426,0.16491614109827338,0.36384057185536856,0.4390888744026609,0,0
41,0.4,0.20396039603960395,0.1969675010029023,0.15979784229266836,0.796429089144144,0,0
42,0.4,0.20396039603960395,0.1969675010029023,0.15979784229266836,0.796429089144144,0,0
43,0.4,0.11287128712871286,0.1390657415135005,0.01947580746214322,1.710504527540709,0,0
44,0.4,0.1782178217821782,0.16863104044391106,0.0942227086213532,1.0258444152495685,0,0
45,0.4,0.18415841584158413,0.17045813240916707,0.10271287297898864,0.9883751229714898,0,0
46,0.2,0.1564356435643564,0.15569444662458046,0.38981288800990205,0.409143806318821,0,0
47,0.2,0.18613861386138614,0.16472581657889443,0.46646928872437343,0.3311769439358957,0,0
48,0.2,0.18613861386138614,0.16472581657889443,0.46646928872437343,0.3311769439358957,0,0
49,0.0,0.11683168316831682,0.15225649732072147,1.0,-0.0,0,27
50,0.0,0.09306930693069305,0.1336890331058871,1.0,-0.0,0,0
51,0.0,0.061386138613861385,0.10433219700847123,1.0,-0.0,0,0
52,0.0,0.031683168316831684,0.0730260947112308,1.0,-0.0,0,0
53,0.0,0.08118811881188118,0.10964648079134362,1.0,-0.0,0,0
54,0.0,0.08514851485148514,0.130031327995105,1.0,-0.0,0,0
55,0.0,0.07722772277227723,0.12888031758632065,1.0,-0.0,0,0
56,0.0,0.07524752475247524,0.12851469892742934,1.0,-0.0,0,0
57,0.0,0.07524752475247524,0.12851469892742934,1.0,-0.0,0,0
58,0.0,0.025742574257425745,0.07264925278354116,1.0,-0.0,0,0
59,0.0,0.0,0.0,1.0,-0.0,0,0
60,0.0,0.0,0.0,1.0,-0.0,0,0
61,0.0,0.0059405940594059415,0.03395332316729158,1.0,-0.0,0,0
62,0.0,0.015841584158415842,0.054012600780142014,1.0,-0.0,0,0
63,0.0,0.12277227722772276,0.15913204437912432,1.0,-0.0,0,0
64,0.0,0.1485148514851485,0.16326729671147558,1.0,-0.0,0,0
65,0.0,0.1485148514851485,0.16326729671147558,1.0,-0.0,0,0
66,0.0,0.15247524752475247,0.15957496727054085,1.0,-0.0,0,0
67,0.0,0.14257425742574256,0.15501295675866078,1.0,-0.0,0,0
68,0.0,0.057425742574257435,0.11375371577303027,1.0,-0.0,0,0
69,0.0,0.04554455445544555,0.10856831811384396,1.0,-0.0,0,0
70,0.0,0.04554455445544555,0.10856831811384396,1.0,-0.0,0,0
71,0.0,0.06732673267326733,0.11000352009767247,1.0,-0.0,0,0
72,0.0,0.07524752475247526,0.11553229422427584,1.0,-0.0,0,0
73,0.0,0.051485148514851496,0.08744317689433512,1.0,-0.0,0,0
74,0.0,0.057425742574257435,0.09476028605152792,1.0,-0.0,0,0
75,0.0,0.057425742574257435,0.09476028605152792,1.0,-0.0,0,0
76,0.0,0.025742574257425745,0.0669763743575753,1.0,-0.0,0,0
77,0.0,0.033663366336633666,0.07994704648786674,1.0,-0.0,0,0
78,0.0,0.033663366336633666,0.07994704648786674,1.0,-0.0,0,0
79,0.0,0.015841584158415842,0.05401260078014202,1.0,-0.0,0,0
80,0.0,0.015841584158415842,0.05401260078014202,1.0,-0.0,0,0
81,0.0,0.015841584158415842,0.05401260078014202,1.0,-0.0,0,0
82,0.0,0.0,0.0,1.0,-0.0,0,0
83,0.2,0.027722772277227727,0.06910862719451545,0.006336173555908638,2.198172935373564,0,0
84,0.2,0.05346534653465347,0.10489443673781407,0.08121090620767592,1.0903856433234342,0,0
85,0.2,0.08514851485148513,0.12379009590564582,0.17675768599419256,0.7526216925958916,0,0
86,0.2,0.09702970297029702,0.13383560593042218,0.22083419262354137,0.6559336822197845,0,0
87,0.2,0.1188118811881188,0.15714839508139802,0.30270602743129316,0.518978931358957,0,0
88,0.2,0.15445544554455443,0.16381875548472422,0.39049929008909223,0.4083797513146454,0,0
89,0.4,0.15445544554455445,0.15891011998209012,0.06115150585874356,1.213592843973721,0,0
90,0.4,0.12970297029702965,0.14728201173692712,0.033235475418418654,1.4783981044595993,0,0
91,0.4,0.17425742574257425,0.17041211860554586,0.09263763343961708,1.0332125481464685,0,0
92,0.4,0.15247524752475244,0.1644637607354148,0.06615672932334182,1.1794259737084745,0,0
93,0.2,0.14851485148514854,0.16326729671147552,0.37625073766610256,0.42452263993230943,0,0
94,0.0,0.12079207920792079,0.149134022841685,1.0,-0.0,0,0
95,0.0,0.11287128712871287,0.14464936528910635,1.0,-0.0,0,0
96,0.0,0.057425742574257435,0.09048443294095733,1.0,-0.0,0,0
97,0.0,0.06732673267326733,0.10255055347504201,1.0,-0.0,0,0
98,0.0,0.03762376237623763,0.08307396817189318,1.0,-0.0,0,0
99,0.0,0.03762376237623763,0.08307396817189318,1.0,-0.0,0,0
100,0.0,0.03762376237623763,0.08307396817189318,1.0,-0.0,0,0
101,0.0,0.061386138613861385,0.10433219700847123,1.0,-0.0,0,0
102,0.0,0.061386138613861385,0.10046456153636295,1.0,-0.0,0,0
103,0.0,0.041584158415841586,0.09039772047931348,1.0,-0.0,0,0
104,0.0,0.041584158415841586,0.09039772047931348,1.0,-0.0,0,0
105,0.0,0.04554455445544555,0.09283729243351321,1.0,-0.0,0,0
106,0.0,0.031683168316831684,0.0730260947112308,1.0,-0.0,0,0
107,0.2,0.11287128712871287,0.127165103825761,0.2466208102903134,0.6079702796748904,0,0
108,0.4,0.17029702970297028,0.1674175159433525,0.08502601200277206,1.0704481902731704,0,0
109,0.4,0.17029702970297028,0.1674175159433525,0.08502601200277206,1.0704481902731704,0,0
110,0.4,0.16633663366336632,0.16902587986434298,0.08342265157333552,1.078716010302143,0,0
111,0.4,0.16435643564356434,0.1743923869806257,0.08831149031009473,1.053982786188949,0,0
112,0.2,0.09504950495049502,0.12457948087149173,0.19977140085777179,0.6994666849722295,0,0
113,0.0,0.031683168316831684,0.07826167463512675,1.0,-0.0,0,0
114,0.0,0.05346534653465347,0.09287951999650358,1.0,-0.0,0,0
115,0.2,0.07524752475247526,0.10089298378500594,0.10813951107118154,0.9660155983221467,0,0
116,0.2,0.06732673267326733,0.09451167971312256,0.08019271897573955,1.0958650612944518,0,0
117,0.6,0.10297029702970295,0.1367627457412436,0.00013939642667284264,3.855748358922062,0,0
118,1.0,0.2396039603960396,0.2125187040904298,0.00017310390031171602,3.7616931466550922,0,0
119,1.0,0.22970297029702968,0.20755271521986346,0.00010308574885930406,3.9868013698237514,0,0
120,0.8,0.21386138613861383,0.187230838076401,0.0008723470776192575,3.0593106894884423,0,0
121,0.8,0.21386138613861383,0.187230838076401,0.0008723470776192575,3.0593106894884423,0,0
122,0.4,0.15445544554455445,0.16381875548472422,0.06695246345667409,1.174233438876657,0,0
123,0.0,0.017821782178217824,0.056980176514606566,1.0,-0.0,0,0
124,0.0,0.0059405940594059415,0.03395332316729158,1.0,-0.0,0,25
125,0.0,0.0,0.0,1.0,-0.0,0,0
126,0.0,0.0,0.0,1.0,-0.0,0,0
127,0.0,0.009900990099009901,0.04338396495090425,1.0,-0.0,0,0
128,0.0,0.009900990099009901,0.04338396495090425,1.0,-0.0,0,0
129,0.0,0.009900990099009901,0.04338396495090425,1.0,-0.0,0,0
130,0.0,0.04950495049504951,0.09504950495049506,1.0,-0.0,0,0
131,0.0,0.07326732673267328,0.11848138852793337,1.0,-0.0,0,0
132,0.0,0.06336633663366337,0.10874875419996817,1.0,-0.0,0,0
133,0.0,0.06732673267326733,0.11000352009767247,1.0,-0.0,0,0
134,0.0,0.11287128712871286,0.13024224675172552,1.0,-0.0,0,0
135,0.0,0.1861386138613861,0.19752413211148517,1.0,-0.0,0,0
136,0.0,0.16237623762376235,0.183934709223495,1.0,-0.0,0,0
137,0.0,0.20396039603960395,0.2105724362464704,1.0,-0.0,0,0
138,0.0,0.22970297029702966,0.22582940834697693,1.0,-0.0,0,0
139,0.2,0.2178217821782178,0.22356076083016552,1.0,-0.0,0,0
140,0.2,0.12673267326732673,0.15851482056387722,0.32196493319807473,0.4921914269001145,0,0
141,0.2,0.17227722772277226,0.1802741651760957,0.43889114017311737,0.3576431861013988,0,0
142,0.2,0.13069306930693067,0.14470357153619887,0.31598426020662973,0.5003345498994889,0,0
143,0.2,0.11287128712871286,0.13324834725751067,0.25659387447902315,0.5907537155047866,0,0
144,0.0,0.07920792079207921,0.10560230990870005,1.0,-0.0,0,0
145,0.0,0.06930693069306931,0.11751770396006173,1.0,-0.0,0,0
146,0.0,0.05148514851485149,0.10399339410297728,1.0,-0.0,0,0
147,0.0,0.08514851485148514,0.13304219431477882,1.0,-0.0,0,0
148,0.0,0.10297029702970299,0.1396285351588451,1.0,-0.0,0,0
149,0.2,0.11485148514851487,0.14445948324625327,0.2777869816875793,0.5562881110596213,0,0
150,0.2,0.14455445544554454,0.1492391578726081,0.35512460070634777,0.4496192415791163,0,0
151,0.2,0.11683168316831684,0.13575553664160483,0.2700595283135281,0.5685404952167608,0,0
152,0.2,0.08316831683168317,0.11351216354824961,0.15168257774907984,0.8190642993843816,0,0
153,0.2,0.05148514851485149,0.09607532254026299,0.06107440442601417,1.214140759405803,0,0
154,0.2,0.057425742574257435,0.09476028605152792,0.06621628156331662,1.1790352111084907,0,0
155,0.2,0.0297029702970297,0.07648795214189293,0.012991839772286904,1.8863293442020952,0,0
156,0.4,0.04752475247524753,0.09397077637785879,8.809950274804011e-05,4.055026542829629,0,0
157,0.4,0.08316831683168317,0.13864214704328154,0.011149146341669651,1.9527583840324265,0,0
158,0.4,0.09900990099009901,0.15057319492752777,0.022806231289466315,1.6419464755920654,0,0
159,0.2,0.1465346534653465,0.1709405295438197,0.3772270887470444,0.42339712804778523,0,0
160,0.2,0.16831683168316833,0.18611754673281874,0.4324138304231358,0.3641004239222588,0,0
161,0.0,0.15049504950495046,0.16508249505478284,1.0,-0.0,0,0
162,0.0,0.13861386138613857,0.14823736453237937,1.0,-0.0,0,0
163,0.0,0.12178217821782174,0.13759170507754623,1.0,-0.0,0,0
164,0.0,0.13267326732673268,0.16477341831853246,1.0,-0.0,0,0
165,0.0,0.09900990099009901,0.13386490123687583,1.0,-0.0,0,0
166,0.0,0.11287128712871286,0.14464936528910635,1.0,-0.0,0,0
167,0.0,0.0891089108910891,0.13636075485692528,1.0,-0.0,0,0
168,0.0,0.1900990099009901,0.18535753542711383,1.0,-0.0,0,0
169,0.0,0.18415841584158413,0.16574624125023033,1.0,-0.0,0,0
170,0.0,0.25742574257425743,0.1936346128607071,1.0,-0.0,0,0
171,0.0,0.2772277227722772,0.23202986668407172,1.0,-0.0,0,0
172,0.0,0.3267326732673268,0.24490494786123257,1.0,-0.0,0,0
173,0.0,0.2415841584158416,0.20356589743994288,1.0,-0.0,0,0
174,0.0,0.1722772277227723,0.18245781385805057,1.0,-0.0,0,0
175,0.0,0.1485148514851485,0.16082329112274815,1.0,-0.0,0,0
176,0.0,0.1603960396039604,0.15674865288842219,1.0,-0.0,0,0
177,0.0,0.14455445544554454,0.15950123220279022,1.0,-0.0,0,0
178,0.0,0.19207920792079206,0.1886288032334235,1.0,-0.0,0,0
179,0.0,0.2217821782178218,0.2104234111490729,1.0,-0.0,0,0
180,0.0,0.17227722772277226,0.18245781385805057,1.0,-0.0,0,0
181,0.0,0.12475247524752472,0.16374693140141006,1.0,-0.0,0,0
182,0.0,0.09108910891089109,0.14218869759220787,1.0,-0.0,0,0
183,0.0,0.0297029702970297,0.07648795214189293,1.0,-0.0,0,0
184,0.0,0.0,0.0,1.0,-0.0,0,0
185,0.0,0.0,0.0,1.0,-0.0,0,0
186,0.0,0.08316831683168316,0.12353642740976017,1.0,-0.0,0,0
187,0.0,0.11089108910891085,0.14481192315867106,1.0,-0.0,0,0
188,0.0,0.16237623762376235,0.17052712983454243,1.0,-0.0,0,0
189,0.0,0.16237623762376235,0.17052712983454243,1.0,-0.0,0,0
190,0.0,0.17029702970297028,0.17662655937408128,1.0,-0.0,0,0
191,0.0,0.13663366336633662,0.1565233492702535,1.0,-0.0,0,0
192,0.0,0.14455445544554457,0.1569986110329885,1.0,-0.0,0,0
193,0.0,0.13069306930693064,0.14470357153619887,1.0,-0.0,0,0
194,0.0,0.1465346534653465,0.15127468716660816,1.0,-0.0,0,0
195,0.0,0.17029702970297028,0.17436990069505992,1.0,-0.0,0,0
196,0.0,0.11881188118811879,0.1467218499235066,1.0,-0.0,0,0
197,0.0,0.08316831683168317,0.12978985828256587,1.0,-0.0,0,0
198,0.0,0.07326732673267328,0.13117223890438964,1.0,-0.0,0,0
199,0.0,0.07722772277227723,0.12576985749069639,1.0,-0.0,0,0
200,0.0,0.04554455445544554,0.10100951085035129,1.0,-0.0,0,0
201,0.0,0.07524752475247526,0.12851469892742937,1.0,-0.0,0,0
202,0.0,0.11485148514851484,0.14984225277142668,1.0,-0.0,0,0
203,0.0,0.08910891089108913,0.12734998170941406,1.0,-0.0,0,0
204,0.0,0.08118811881188118,0.11664694237642094,1.0,-0.0,0,0
205,0.0,0.08118811881188118,0.11664694237642094,1.0,-0.0,0,0
206,0.0,0.051485148514851496,0.1001126705723924,1.0,-0.0,0,0
207,0.0,0.011881188118811883,0.047276579747775535,1.0,-0.0,0,0
208,0.0,0.011881188118811883,0.047276579747775535,1.0,-0.0,0,0
209,0.0,0.0,0.0,1.0,-0.0,0,0
210,0.0,0.0,0.0,1.0,-0.0,0,0
211,0.0,0.0,0.0,1.0,-0.0,0,0
212,0.0,0.0,0.0,1.0,-0.0,0,0
213,0.0,0.031683168316831684,0.07826167463512675,1.0,-0.0,0,0
214,0.0,0.04356435643564357,0.08721867542790195,1.0,-0.0,0,0
215,0.0,0.04356435643564357,0.08721867542790195,1.0,-0.0,0,0
216,0.0,0.04356435643564357,0.08721867542790195,1.0,-0.0,0,0
217,0.0,0.09504950495049505,0.13377699607171914,1.0,-0.0,0,0
218,0.0,0.12673267326732673,0.15599637537608815,1.0,-0.0,0,0
219,0.2,0.15247524752475247,0.18053499120857794,0.3961812612330584,0.4021060697756096,0,0
220,0.2,0.16237623762376235,0.18607540532013478,0.4198816245920285,0.3768731311084409,0,0
221,0.2,0.16237623762376235,0.18607540532013478,0.4198816245920285,0.3768731311084409,0,0
222,0.2,0.1089108910891089,0.14494724878689189,0.26486134954069185,0.5769814124309087,0,0
223,0.2,0.07326732673267326,0.1115960618107356,0.12805415268855674,0.8926063331621106,0,0
224,0.4,0.06534653465346535,0.10571364605971598,0.0007736575764547356,3.1114512170453996,0,0
225,0.4,0.05544554455445545,0.1019369320889802,0.0003623305243434886,3.4408950775152025,0,0
226,0.4,0.05544554455445545,0.1019369320889802,0.0003623305243434886,3.4408950775152025,0,0
227,0.4,0.05544554455445545,0.1019369320889802,0.0003623305243434886,3.4408950775152025,0,0
228,0.4,0.06534653465346535,0.10571364605971595,0.0007736575764547343,3.1114512170454005,0,0
229,0.0,0.08118811881188118,0.1264228887090089,1.0,-0.0,0,0
230,0.0,0.08316831683168317,0.12670172889541698,1.0,-0.0,0,0
231,0.2,0.12079207920792079,0.1517663861889879,0.3008675846233133,0.521624600487126,0,0
232,0.4,0.15247524752475247,0.1715359035858037,0.07451151359562219,1.1277766144369337,0,0
233,0.4,0.1504950495049505,0.16746435256923542,0.06812541371368444,1.1666908473131041,0,1
234,0.6,0.2178217821782178,0.19920437766272145,0.027522352356163116,1.5603144493739989,0,0
235,0.6,0.21584158415841584,0.1963693596248423,0.02521460105702841,1.5983478988156465,0,0
236,0.6,0.2673267326732673,0.22563832923951074,0.07019166420404663,1.1537144605929714,0,0
237,0.4,0.2376237623762376,0.20626402629702634,0.21557502638794657,0.666401552066531,0,0
238,0.4,0.22376237623762377,0.20155264396038766,0.19095023965939123,0.7190797922124448,0,0
239,0.6,0.22970297029702968,0.1957693907320881,0.029279078742241,1.5334425923491495,0,0
240,0.6,0.22970297029702968,0.1957693907320881,0.029279078742241,1.5334425923491495,0,0
241,0.4,0.14059405940594058,0.1630028960574786,0.05575763160805361,1.2536956818504748,0,24
242,0.4,0.16237623762376235,0.17283397009132112,0.08458630461026907,1.072699947997255,0,0
243,0.4,0.14059405940594058,0.16055486574752068,0.05308131733556291,1.2750583076526174,0,0
244,0.0,0.04950495049504951,0.1068206254198905,1.0,-0.0,0,0
245,0.0,0.04950495049504951,0.1068206254198905,1.0,-0.0,0,0
246,0.0,0.06930693069306931,0.1303024465454424,1.0,-0.0,0,0
247,0.0,0.08712871287128714,0.1390657415135005,1.0,-0.0,0,0
248,0.0,0.08712871287128714,0.1390657415135005,1.0,-0.0,0,0
249,0.0,0.05940594059405942,0.0996808946427978,1.0,-0.0,0,0
250,0.0,0.07524752475247526,0.1189108498693262,1.0,-0.0,0,0
251,0.0,0.05544554455445545,0.1019369320889802,1.0,-0.0,0,0
252,0.0,0.015841584158415842,0.05401260078014202,1.0,-0.0,0,0
253,0.0,0.015841584158415842,0.05401260078014202,1.0,-0.0,0,0
254,0.0,0.03762376237623763,0.08307396817189318,1.0,-0.0,0,0
255,0.0,0.039603960396039604,0.07970143286137867,1.0,-0.0,0,0
256,0.0,0.039603960396039604,0.07970143286137867,1.0,-0.0,0,0
257,0.0,0.039603960396039604,0.07970143286137867,1.0,-0.0,0,0
258,0.0,0.039603960396039604,0.07970143286137867,1.0,-0.0,0,0
259,0.0,0.027722772277227727,0.06910862719451544,1.0,-0.0,0,0
260,0.0,0.047524752475247525,0.08965727859541998,1.0,-0.0,0,0
261,0.0,0.07722772277227723,0.122580495370631,1.0,-0.0,0,0
262,0.0,0.07722772277227723,0.122580495370631,1.0,-0.0,0,0
263,0.0,0.09108910891089109,0.13937555924568537,1.0,-0.0,0,0
264,0.0,0.08118811881188118,0.13254020222321994,1.0,-0.0,0,0
265,0.0,0.04356435643564357,0.09587103712404124,1.0,-0.0,0,0
266,0.0,0.013861386138613863,0.05079507064705211,1.0,-0.0,0,0
267,0.0,0.013861386138613863,0.05079507064705211,1.0,-0.0,0,0
268,0.0,0.04752475247524753,0.08965727859541997,1.0,-0.0,0,0
269,0.0,0.2079207920792079,0.20083152306547483,1.0,-0.0,0,0
270,0.0,0.2079207920792079,0.20083152306547483,1.0,-0.0,0,0
271,0.0,0.2336633663366336,0.19914531622613268,1.0,-0.0,0,0
272,0.0,0.2851485148514852,0.22043437703090288,1.0,-0.0,0,0
273,0.0,0.2376237623762376,0.20433494399230787,1.0,-0.0,0,0
274,0.0,0.07722772277227724,0.11593886073904515,1.0,-0.0,0,0
275,0.0,0.07722772277227724,0.11593886073904515,1.0,-0.0,0,0
276,0.0,0.051485148514851496,0.09186070102766894,1.0,-0.0,0,0
277,0.0,0.07524752475247526,0.11553229422427584,1.0,-0.0,0,0
278,0.0,0.08118811881188118,0.12325042629382525,1.0,-0.0,0,0
279,0.0,0.08712871287128712,0.127165103825761,1.0,-0.0,0,0
280,0.0,0.10099009900990098,0.1367914141716479,1.0,-0.0,0,0
281,0.0,0.10099009900990098,0.1367914141716479,1.0,-0.0,0,0
282,0.2,0.08514851485148513,0.12694907267187808,0.1828107949282391,0.7379981628727221,0,0
283,0.2,0.07920792079207921,0.12293186689242579,0.16290372061051445,0.7880689965867439,0,0
284,0.2,0.18415841584158418,0.18170407519927861,0.4652628558653152,0.33230161786569723,0,0
285,0.2,0.17029702970297028,0.17436990069505992,0.43236957057761016,0.3641448785375444,0,0
286,0.2,0.18811881188118812,0.18630706513012396,0.47457585697814497,0.3236943593505994,0,0
287,0.0,0.12673267326732673,0.14818445096134422,1.0,-0.0,0,0
288,0.0,0.22376237623762374,0.18729365667842907,1.0,-0.0,0,0
289,0.4,0.23564356435643566,0.1917011692717774,0.19562366923100166,0.7085785994741969,0,0
290,0.4,0.25346534653465347,0.20077294028731207,0.23274014270212962,0.633128703733201,0,0
291,0.4,0.2356435643564356,0.19979403177234753,0.20535939982070966,0.6874854135951582,0,0
292,0.4,0.30495049504950494,0.19819793967605753,0.31576709541014947,0.5006331277360105,0,0
293,0.4,0.20792079207920788,0.15900879128621567,0.11352775805917005,0.9448979384881865,0,0
294,0.0,0.18019801980198016,0.16531985318607367,1.0,-0.0,0,0
295,0.0,0.2633663366336633,0.20281326937139588,1.0,-0.0,0,0
296,0.0,0.27128712871287125,0.20601674144380122,1.0,-0.0,0,0
297,0.0,0.20396039603960398,0.17795359951414633,1.0,-0.0,0,0
298,0.0,0.20396039603960398,0.17795359951414633,1.0,-0.0,0,0
299,0.0,0.10891089108910891,0.13057300215314485,1.0,-0.0,0,0
