,foreground,bg_means,bg_stdev,pvals,minus_logs,regs,active
2,1.4,0.39603960396039617,0.2713810634510874,0.00010803403831627972,3.96643938966211,0,0
3,1.4,0.39603960396039617,0.2713810634510874,0.00010803403831627972,3.96643938966211,0,0
4,1.2,0.3425742574257426,0.25998725583902377,0.00048696222687203143,3.312504725227399,0,0
5,0.2,0.08514851485148517,0.12694907267187808,0.18281079492823915,0.737998162872722,0,0
6,0.4,0.18217821782178217,0.17598156946925847,0.10790376004901082,0.9669634214886808,0,0
7,0.2,0.09504950495049506,0.11464645406835748,0.17998367336829707,0.7447668887169479,0,0
8,0.4,0.1821782178217822,0.14918659961851374,0.07213642803409365,1.1418453663632253,0,0
9,0.6,0.2059405940594059,0.15531621030596102,0.005588067658644942,2.2527383442188675,0,0
10,0.6,0.2059405940594059,0.15531621030596102,0.005588067658644942,2.2527383442188675,0,0
11,0.4,0.1089108910891089,0.13650445892763632,0.016484882575862243,1.7829141420505037,0,0
12,0.4,0.1089108910891089,0.13650445892763632,0.016484882575862243,1.7829141420505037,0,0
13,0.2,0.023762376237623766,0.06471340450838887,0.003231121245907738,2.4906467450338194,0,0
14,0.0,0.0,0.0,1.0,-0.0,0,0
15,0.0,0.0,0.0,1.0,-0.0,0,0
16,0.0,0.0,0.0,1.0,-0.0,0,0
17,0.0,0.04356435643564357,0.08255312311158745,1.0,-0.0,0,0
18,0.0,0.04356435643564357,0.08255312311158745,1.0,-0.0,0,0
19,0.0,0.04356435643564357,0.08255312311158745,1.0,-0.0,0,0
20,0.0,0.05544554455445545,0.09797478714338996,1.0,-0.0,0,0
21,0.0,0.05544554455445545,0.09797478714338996,1.0,-0.0,0,0
22,0.0,0.011881188118811883,0.047276579747775535,1.0,-0.0,0,0
23,0.0,0.011881188118811883,0.047276579747775535,1.0,-0.0,0,0
24,0.0,0.011881188118811883,0.047276579747775535,1.0,-0.0,0,0
25,0.0,0.0,0.0,1.0,-0.0,0,0
26,0.0,0.0871287128712871,0.127165103825761,1.0,-0.0,0,0
27,0.6,0.503960396039604,0.30243919021525795,0.37541310420262586,0.4254905719289445,0,0
28,0.6,0.503960396039604,0.30243919021525795,0.37541310420262586,0.4254905719289445,0,0
29,0.6,0.5306930693069307,0.3010682545742103,0.40896686662818493,0.38831187591303706,0,0
30,0.6,0.5306930693069307,0.3010682545742103,0.40896686662818493,0.38831187591303706,0,0
31,0.6,0.44158415841584164,0.2747698683282492,0.2821250938856146,0.5495582833896,0,0
32,0.0,0.025742574257425748,0.06697637435757531,1.0,-0.0,0,0
33,0.0,0.025742574257425748,0.06697637435757531,1.0,-0.0,0,0
34,0.0,0.0,0.0,1.0,-0.0,0,0
35,0.0,0.0,0.0,1.0,-0.0,0,0
36,0.0,0.027722772277227727,0.06910862719451544,1.0,-0.0,0,0
37,0.0,0.027722772277227727,0.06910862719451544,1.0,-0.0,0,0
38,0.0,0.027722772277227727,0.06910862719451544,1.0,-0.0,0,0
39,0.0,0.027722772277227727,0.06910862719451544,1.0,-0.0,0,0
40,0.0,0.027722772277227727,0.06910862719451544,1.0,-0.0,0,0
41,0.0,0.0,0.0,1.0,-0.0,0,0
42,0.0,0.0,0.0,1.0,-0.0,0,0
43,0.0,0.05346534653465347,0.10104832334394513,1.0,-0.0,0,0
44,0.0,0.13663366336633662,0.14331490790275034,1.0,-0.0,0,0
45,0.0,0.13663366336633662,0.14331490790275034,1.0,-0.0,0,0
46,0.0,0.1900990099009901,0.16739409271610342,1.0,-0.0,0,0
47,0.0,0.1900990099009901,0.16739409271610342,1.0,-0.0,0,0
48,0.0,0.2178217821782178,0.15694865125096522,1.0,-0.0,0,0
49,0.0,0.13663366336633662,0.13767717461995008,1.0,-0.0,0,0
50,0.0,0.13663366336633662,0.13767717461995008,1.0,-0.0,0,0
51,0.0,0.08118811881188118,0.10597297552680915,1.0,-0.0,0,0
52,0.0,0.08118811881188118,0.10597297552680915,1.0,-0.0,0,0
53,0.0,0.0,0.0,1.0,-0.0,0,0
54,0.0,0.0,0.0,1.0,-0.0,0,0
55,0.0,0.025742574257425745,0.06697637435757531,1.0,-0.0,0,0
56,0.0,0.4871287128712872,0.2848182906354883,1.0,-0.0,0,0
57,0.0,0.5603960396039604,0.29385764989218305,1.0,-0.0,0,0
58,0.0,1.0277227722772275,0.31595174837814327,1.0,-0.0,0,0
59,0.0,1.0277227722772275,0.31595174837814327,1.0,-0.0,0,0
60,0.0,1.0019801980198018,0.30506619895769416,1.0,-0.0,0,0
61,0.0,0.5405940594059405,0.2793834151090158,1.0,-0.0,0,0
62,0.0,0.4673267326732673,0.2598967467828993,1.0,-0.0,0,0
63,0.0,0.0,0.0,1.0,-0.0,0,0
64,0.0,0.0,0.0,1.0,-0.0,0,0
65,0.0,0.0,0.0,1.0,-0.0,0,0
66,0.0,0.031683168316831684,0.0730260947112308,1.0,-0.0,0,0
67,0.0,0.031683168316831684,0.0730260947112308,1.0,-0.0,0,0
68,0.0,0.031683168316831684,0.0730260947112308,1.0,-0.0,0,0
69,0.0,0.031683168316831684,0.0730260947112308,1.0,-0.0,0,0
70,0.0,0.031683168316831684,0.0730260947112308,1.0,-0.0,0,0
71,0.4,0.2554455445544554,0.1911275803883351,0.22472735663465554,0.6483440565870893,0,0
72,0.4,0.2554455445544554,0.1911275803883351,0.22472735663465554,0.6483440565870893,0,0
73,0.4,0.2554455445544554,0.1911275803883351,0.22472735663465554,0.6483440565870893,0,0
74,0.4,0.2554455445544554,0.1911275803883351,0.22472735663465554,0.6483440565870893,0,0
75,0.4,0.2930693069306931,0.20404689120496478,0.30012201867666055,0.5227021410663816,0,0
76,0.0,0.0712871287128713,0.09983812012638045,1.0,-0.0,0,0
77,0.0,0.0712871287128713,0.09983812012638045,1.0,-0.0,0,0
78,0.0,0.0712871287128713,0.09983812012638045,1.0,-0.0,0,0
79,0.0,0.09306930693069305,0.12126186845461279,1.0,-0.0,0,0
80,0.0,0.0891089108910891,0.13342479626077636,1.0,-0.0,0,0
81,0.0,0.05544554455445545,0.09797478714338996,1.0,-0.0,0,0
82,0.0,0.05544554455445545,0.09797478714338996,1.0,-0.0,0,0
83,0.0,0.05544554455445545,0.09797478714338996,1.0,-0.0,0,0
84,0.0,0.033663366336633666,0.07482947971362845,1.0,-0.0,0,0
85,0.0,0.0,0.0,1.0,-0.0,0,0
86,0.0,0.017821782178217824,0.05698017651460656,1.0,-0.0,0,0
87,0.0,0.017821782178217824,0.05698017651460656,1.0,-0.0,0,0
88,0.0,0.017821782178217824,0.05698017651460656,1.0,-0.0,0,0
89,0.0,0.017821782178217824,0.05698017651460656,1.0,-0.0,0,0
90,0.0,0.041584158415841586,0.08116396646304633,1.0,-0.0,0,0
91,0.0,0.023762376237623766,0.06471340450838887,1.0,-0.0,0,0
92,0.0,0.10495049504950493,0.12771893462651168,1.0,-0.0,0,0
93,0.0,0.10495049504950493,0.12771893462651168,1.0,-0.0,0,0
94,0.0,0.10495049504950493,0.12771893462651168,1.0,-0.0,0,0
95,0.0,0.08118811881188118,0.11320083903331847,1.0,-0.0,0,0
96,0.8,0.5544554455445545,0.27414123427848686,0.18521015822087733,0.7323351972529633,0,0
97,0.8,0.4712871287128713,0.26933604967792957,0.11114597815305884,0.9541062477426335,0,0
98,0.8,0.4712871287128713,0.26933604967792957,0.11114597815305884,0.9541062477426335,0,0
99,1.0,0.613861386138614,0.31498222579754503,0.11011701734524422,0.9581455605192157,0,0
100,1.0,0.6495049504950494,0.31767215255691844,0.13494342192277547,0.869848281113168,0,0
101,0.2,0.17821782178217818,0.1564481759612173,0.44463445727760686,0.3519968843593303,0,0
102,0.2,0.24158415841584158,0.19562913323134207,1.0,-0.0,0,0
103,0.2,0.24158415841584158,0.19562913323134207,1.0,-0.0,0,0
104,0.0,0.3722772277227723,0.24051051803071646,1.0,-0.0,0,0
105,0.2,0.37425742574257426,0.24802326038576122,1.0,-0.0,0,0
106,0.2,0.37425742574257426,0.24802326038576122,1.0,-0.0,0,0
107,0.4,0.3603960396039604,0.23040180482687977,0.4317616729426762,0.36475591218305653,0,0
108,0.4,0.3603960396039604,0.23040180482687977,0.4317616729426762,0.36475591218305653,0,0
109,0.4,0.09900990099009897,0.1147490154015875,0.004357581119627924,2.360754519426491,0,0
110,0.2,0.0613861386138614,0.09644194583672018,0.07531954647324092,1.1230923036946965,0,0
111,0.2,0.3445544554455446,0.23057193097043735,1.0,-0.0,0,0
112,0.0,0.29306930693069305,0.2153778286127323,1.0,-0.0,0,0
113,0.0,0.5881188118811881,0.27114978094315156,1.0,-0.0,0,0
114,0.0,0.5762376237623762,0.2688989338101854,1.0,-0.0,0,0
115,0.0,0.5762376237623762,0.2688989338101854,1.0,-0.0,0,0
116,0.2,0.7366336633663367,0.3722350934656374,1.0,-0.0,0,0
117,0.2,0.7366336633663367,0.3722350934656374,1.0,-0.0,0,0
118,0.2,0.4415841584158416,0.27041124776414355,1.0,-0.0,0,0
119,1.2,0.8594059405940594,0.3051304599486451,0.1321630499297206,0.8788899476843754,0,0
120,1.2,0.8811881188118813,0.3110865249371165,0.15272088663388683,0.8161015632741149,0,0
