,foreground,bg_means,bg_stdev,pvals,minus_logs,regs,active
2,0.0,0.06534653465346535,0.10571364605971598,1.0,-0.0,0,0
3,0.0,0.05346534653465348,0.10104832334394513,1.0,-0.0,0,0
4,0.0,0.05346534653465348,0.10104832334394513,1.0,-0.0,0,0
5,0.0,0.05346534653465348,0.10104832334394513,1.0,-0.0,0,0
6,0.0,0.09306930693069307,0.12762679639066948,1.0,-0.0,0,0
7,0.0,0.06930693069306931,0.11409790329416186,1.0,-0.0,0,0
8,0.0,0.039603960396039604,0.08452453849668534,1.0,-0.0,0,0
9,0.0,0.08712871287128712,0.12401163019288061,1.0,-0.0,0,0
10,0.0,0.08712871287128712,0.12401163019288061,1.0,-0.0,0,0
11,0.0,0.04752475247524753,0.08512548617902843,1.0,-0.0,0,0
12,0.0,0.061386138613861385,0.10046456153636296,1.0,-0.0,0,0
13,0.0,0.061386138613861385,0.10046456153636296,1.0,-0.0,0,0
14,0.0,0.013861386138613863,0.05079507064705211,1.0,-0.0,0,0
15,0.0,0.16237623762376235,0.17283397009132112,1.0,-0.0,0,0
16,0.0,0.30297029702970296,0.23481842386627264,1.0,-0.0,0,0
17,0.0,0.3465346534653466,0.2546845676462497,1.0,-0.0,0,0
18,0.0,0.3465346534653466,0.2546845676462497,1.0,-0.0,0,0
19,0.0,0.3465346534653466,0.2546845676462497,1.0,-0.0,0,0
20,0.0,0.2079207920792079,0.19482572477225887,1.0,-0.0,0,0
21,0.0,0.06534653465346535,0.10189845806153354,1.0,-0.0,0,0
22,0.0,0.009900990099009901,0.04338396495090424,1.0,-0.0,0,0
23,0.0,0.009900990099009901,0.04338396495090424,1.0,-0.0,0,0
24,0.0,0.009900990099009901,0.04338396495090424,1.0,-0.0,0,0
25,0.0,0.0,0.0,1.0,-0.0,0,0
26,0.0,0.0,0.0,1.0,-0.0,0,0
27,0.0,0.0891089108910891,0.12420120222231065,1.0,-0.0,0,0
28,0.0,0.0891089108910891,0.12420120222231065,1.0,-0.0,0,0
29,0.0,0.1287128712871287,0.13667670437019722,1.0,-0.0,0,0
30,0.0,0.1287128712871287,0.13667670437019722,1.0,-0.0,0,0
31,0.0,0.29702970297029707,0.19823750409199728,1.0,-0.0,0,0
32,0.0,0.2079207920792079,0.17782134115361306,1.0,-0.0,0,0
33,0.0,0.2079207920792079,0.17782134115361306,1.0,-0.0,0,0
34,0.0,0.19009900990099013,0.16501122103762106,1.0,-0.0,0,0
35,0.0,0.19009900990099013,0.16501122103762106,1.0,-0.0,0,0
36,0.0,0.019801980198019802,0.0597350618970232,1.0,-0.0,0,0
37,0.0,0.10099009900990098,0.1396566153069739,1.0,-0.0,0,0
38,0.0,0.10099009900990098,0.1396566153069739,1.0,-0.0,0,0
39,0.0,0.08118811881188118,0.12325042629382527,1.0,-0.0,0,0
40,0.0,0.08118811881188118,0.12325042629382527,1.0,-0.0,0,0
41,0.0,0.08118811881188118,0.12325042629382527,1.0,-0.0,0,0
42,0.0,0.0,0.0,1.0,-0.0,0,0
43,0.0,0.0,0.0,1.0,-0.0,0,0
44,0.0,0.06534653465346535,0.10571364605971598,1.0,-0.0,0,0
45,0.0,0.06534653465346535,0.10571364605971598,1.0,-0.0,0,0
46,0.0,0.06534653465346535,0.10571364605971598,1.0,-0.0,0,0
47,0.0,0.17425742574257427,0.1680720409815679,1.0,-0.0,0,0
48,0.0,0.17425742574257427,0.1680720409815679,1.0,-0.0,0,0
49,0.0,0.10693069306930691,0.14776046024695155,1.0,-0.0,0,0
50,0.0,0.10693069306930691,0.14776046024695155,1.0,-0.0,0,0
51,0.0,0.3089108910891089,0.23634971986318065,1.0,-0.0,0,0
52,0.0,0.22970297029702968,0.20755271521986346,1.0,-0.0,0,0
53,0.0,0.22970297029702968,0.20755271521986346,1.0,-0.0,0,0
54,0.0,0.22970297029702968,0.20755271521986346,1.0,-0.0,0,0
55,0.0,0.22970297029702968,0.20755271521986346,1.0,-0.0,0,0
56,0.0,0.06336633663366337,0.10120342446875752,1.0,-0.0,0,0
57,0.0,0.03564356435643565,0.07653920035678292,1.0,-0.0,0,0
58,0.0,0.03564356435643565,0.07653920035678292,1.0,-0.0,0,0
59,0.0,0.2198019801980198,0.20586441850878456,1.0,-0.0,0,0
60,0.0,0.23960396039603962,0.20492897002764762,1.0,-0.0,0,0
61,0.0,0.203960396039604,0.19290421984883258,1.0,-0.0,0,0
62,0.0,0.2950495049504951,0.23478502390538022,1.0,-0.0,0,0
63,0.0,0.3603960396039604,0.24213538800210338,1.0,-0.0,0,0
64,0.0,0.1762376237623762,0.1599186147292671,1.0,-0.0,0,0
65,0.0,0.1564356435643564,0.1505211024869694,1.0,-0.0,0,0
66,0.0,0.16831683168316827,0.16101822851688022,1.0,-0.0,0,0
67,0.0,0.12277227722772274,0.13191745702927898,1.0,-0.0,0,0
68,0.0,0.18415841584158413,0.17276589394999795,1.0,-0.0,0,0
69,0.0,0.18415841584158413,0.17276589394999795,1.0,-0.0,0,0
70,0.0,0.18415841584158413,0.17276589394999795,1.0,-0.0,0,0
71,0.0,0.32871287128712867,0.2190603848498573,1.0,-0.0,0,0
72,0.0,0.28118811881188116,0.2013385264550105,1.0,-0.0,0,0
73,0.0,0.2594059405940594,0.1920077441826123,1.0,-0.0,0,0
74,0.0,0.2594059405940594,0.1920077441826123,1.0,-0.0,0,0
75,0.0,0.43564356435643564,0.2585504751516747,1.0,-0.0,0,0
76,0.0,0.2792079207920792,0.22352567871761836,1.0,-0.0,0,0
77,0.0,0.2792079207920792,0.22352567871761836,1.0,-0.0,0,0
78,0.0,0.1762376237623762,0.18301572450512466,1.0,-0.0,0,0
79,0.0,0.1762376237623762,0.18301572450512466,1.0,-0.0,0,0
80,0.0,0.0,0.0,1.0,-0.0,0,0
81,0.0,0.0,0.0,1.0,-0.0,0,0
82,0.0,0.0,0.0,1.0,-0.0,0,0
83,0.0,0.0,0.0,1.0,-0.0,0,0
84,0.0,0.0,0.0,1.0,-0.0,0,0
85,0.0,0.0,0.0,1.0,-0.0,0,0
86,0.0,0.015841584158415842,0.054012600780142014,1.0,-0.0,0,0
87,0.0,0.015841584158415842,0.054012600780142014,1.0,-0.0,0,0
88,0.0,0.05346534653465347,0.09287951999650357,1.0,-0.0,0,0
89,0.0,0.05346534653465347,0.09287951999650357,1.0,-0.0,0,0
90,1.2,0.20594059405940596,0.2133290036485121,1.5829834281769451e-06,5.8005236316246815,0,0
91,1.2,0.20990099009900992,0.20561665306784294,7.350173317401241e-07,6.133702420112605,0,0
92,1.2,0.23960396039603962,0.2106469092589656,2.566592521900017e-06,5.590643075441256,0,0
93,1.2,0.31584158415841584,0.2374504318330217,9.822069626067786e-05,4.007796991594167,0,0
94,1.2,0.31584158415841584,0.2374504318330217,9.822069626067786e-05,4.007796991594167,0,0
95,0.0,0.16435643564356434,0.16264165701687977,1.0,-0.0,0,0
96,0.0,0.14455445544554454,0.15445544554455445,1.0,-0.0,0,0
97,0.0,0.11287128712871286,0.1390657415135005,1.0,-0.0,0,0
98,0.0,0.0,0.0,1.0,-0.0,0,0
99,0.0,0.025742574257425748,0.0669763743575753,1.0,-0.0,0,0
100,0.0,0.025742574257425748,0.0669763743575753,1.0,-0.0,0,0
101,0.0,0.025742574257425748,0.0669763743575753,1.0,-0.0,0,0
102,0.0,0.025742574257425748,0.0669763743575753,1.0,-0.0,0,0
103,0.0,0.025742574257425748,0.0669763743575753,1.0,-0.0,0,0
104,0.0,0.017821782178217824,0.05698017651460656,1.0,-0.0,0,0
105,0.0,0.017821782178217824,0.05698017651460656,1.0,-0.0,0,0
106,0.0,0.03564356435643565,0.08154954567118415,1.0,-0.0,0,0
107,0.0,0.18415841584158413,0.1704581324091671,1.0,-0.0,0,0
108,0.0,0.21188118811881188,0.19257871154715578,1.0,-0.0,0,0
109,0.0,0.19405940594059404,0.18552669588707663,1.0,-0.0,0,0
110,0.0,0.19405940594059404,0.18552669588707663,1.0,-0.0,0,0
111,0.0,0.1762376237623762,0.1786353744371313,1.0,-0.0,0,0
112,0.0,0.027722772277227727,0.07461957893630407,1.0,-0.0,0,0
113,0.0,0.0,0.0,1.0,-0.0,0,0
114,2.0,0.35841584158415846,0.3048347472244279,3.618993769157357e-08,7.441412164618495,0,0
115,2.0,0.35841584158415846,0.3048347472244279,3.618993769157357e-08,7.441412164618495,0,0
116,2.0,0.35841584158415846,0.3048347472244279,3.618993769157357e-08,7.441412164618495,1,0
117,2.0,0.3762376237623763,0.31752399608439513,1.5784932859643399e-07,6.801757261015881,0,0
118,3.8,0.6554455445544554,0.33551357043418606,1.0003546377515073e-17,16.99984601008515,0,0
119,1.8,0.297029702970297,0.2381676942888814,1.3901843992663183e-10,9.856927589478062,0,0
120,1.8,0.297029702970297,0.2381676942888814,1.3901843992663183e-10,9.856927589478062,1,0
121,1.8,0.297029702970297,0.2381676942888814,1.3901843992663183e-10,9.856927589478062,0,0
122,1.8,0.2792079207920792,0.2389402475880928,9.78116791754024e-11,10.009609285308553,0,0
123,0.0,0.0,0.0,1.0,-0.0,0,0
124,0.0,0.0,0.0,1.0,-0.0,0,0
125,0.0,0.0,0.0,1.0,-0.0,0,0
126,0.0,0.0,0.0,1.0,-0.0,0,0
127,0.0,0.10297029702970295,0.127780323207142,1.0,-0.0,0,0
128,0.0,0.10297029702970295,0.127780323207142,1.0,-0.0,0,0
129,0.0,0.10297029702970295,0.127780323207142,1.0,-0.0,0,0
130,0.0,0.10297029702970295,0.127780323207142,1.0,-0.0,0,0
131,0.0,0.10297029702970295,0.127780323207142,1.0,-0.0,0,0
132,0.0,0.03960396039603961,0.08908690597387718,1.0,-0.0,0,0
133,0.0,0.03960396039603961,0.08908690597387718,1.0,-0.0,0,0
134,0.0,0.047524752475247525,0.10205226714237722,1.0,-0.0,0,0
135,0.0,0.06930693069306931,0.11751770396006174,1.0,-0.0,0,0
136,0.0,0.06930693069306931,0.11751770396006174,1.0,-0.0,0,0
137,0.0,0.0297029702970297,0.07648795214189293,1.0,-0.0,0,0
138,0.0,0.0297029702970297,0.07648795214189293,1.0,-0.0,0,0
139,0.0,0.021782178217821784,0.06230547612891991,1.0,-0.0,0,0
140,0.0,0.0,0.0,1.0,-0.0,0,0
141,0.0,0.0,0.0,1.0,-0.0,0,0
142,0.0,0.0,0.0,1.0,-0.0,0,0
143,0.0,0.0,0.0,1.0,-0.0,0,0
144,0.0,0.0,0.0,1.0,-0.0,0,0
145,0.0,0.22376237623762377,0.18516704518908453,1.0,-0.0,0,0
146,0.0,0.22376237623762377,0.18516704518908453,1.0,-0.0,0,0
147,0.0,0.22376237623762377,0.18516704518908453,1.0,-0.0,0,0
148,0.0,0.22376237623762377,0.18516704518908453,1.0,-0.0,0,0
149,0.0,0.22376237623762377,0.18516704518908453,1.0,-0.0,0,0
150,0.0,0.0,0.0,1.0,-0.0,0,0
151,0.0,0.0,0.0,1.0,-0.0,0,0
152,0.0,0.0,0.0,1.0,-0.0,0,0
153,0.0,0.0,0.0,1.0,-0.0,0,0
154,0.0,0.025742574257425745,0.06697637435757531,1.0,-0.0,0,0
155,0.0,0.025742574257425745,0.06697637435757531,1.0,-0.0,0,0
156,0.0,0.15247524752475247,0.1644637607354148,1.0,-0.0,0,0
157,0.0,0.20396039603960395,0.1866435115714563,1.0,-0.0,0,0
158,0.0,0.27722772277227725,0.2250989609077415,1.0,-0.0,0,0
159,0.0,0.2514851485148515,0.20421977163332655,1.0,-0.0,0,0
160,0.0,0.2851485148514852,0.20937726555067407,1.0,-0.0,0,0
161,0.0,0.1603960396039604,0.16415351901831846,1.0,-0.0,0,0
162,0.0,0.12673267326732673,0.1609938742509136,1.0,-0.0,0,0
163,0.0,0.05346534653465348,0.09704990696905226,1.0,-0.0,0,0
164,0.0,0.0712871287128713,0.11110305060677654,1.0,-0.0,0,0
165,0.0,0.06930693069306931,0.11409790329416186,1.0,-0.0,0,0
166,0.0,0.06930693069306931,0.11409790329416186,1.0,-0.0,0,0
167,0.0,0.10099009900990098,0.1308729634998678,1.0,-0.0,0,0
168,0.0,0.10099009900990098,0.1308729634998678,1.0,-0.0,0,0
169,0.0,0.08316831683168317,0.11351216354824961,1.0,-0.0,0,0
170,0.0,0.051485148514851496,0.09186070102766894,1.0,-0.0,0,0
171,0.2,0.0891089108910891,0.11423528793549272,0.1658425340284312,0.7803040749629364,0,0
172,0.2,0.03762376237623763,0.07816140339006158,0.01888012292982573,1.723995182306426,0,0
173,0.2,0.03762376237623763,0.07816140339006158,0.01888012292982573,1.723995182306426,0,0
174,0.4,0.06930693069306931,0.11057238501634628,0.001391519337345591,2.856510754084425,0,0
175,0.4,0.06930693069306931,0.11057238501634628,0.001391519337345591,2.856510754084425,0,0
176,0.4,0.0594059405940594,0.1073333087751893,0.0007537462695981591,3.122774824234139,0,0
177,0.4,0.0594059405940594,0.1073333087751893,0.0007537462695981591,3.122774824234139,0,0
178,0.4,0.0594059405940594,0.1073333087751893,0.0007537462695981591,3.122774824234139,0,0
179,0.2,0.027722772277227727,0.07461957893630407,0.010478998804251384,1.9796802091996195,0,0
180,0.2,0.05346534653465348,0.10489443673781407,0.08121090620767592,1.0903856433234342,0,0
181,0.0,0.025742574257425748,0.07264925278354116,1.0,-0.0,0,0
182,0.0,0.06336633663366337,0.1158034971660471,1.0,-0.0,0,0
183,0.0,0.06336633663366337,0.1158034971660471,1.0,-0.0,0,0
184,0.0,0.1089108910891089,0.14218869759220787,1.0,-0.0,0,0
185,0.0,0.18019801980198016,0.1700435599289386,1.0,-0.0,0,0
186,0.0,0.2178217821782178,0.18900261384538627,1.0,-0.0,0,0
187,0.0,0.18019801980198016,0.17235687245139755,1.0,-0.0,0,0
188,0.0,0.2178217821782178,0.1868954489346046,1.0,-0.0,0,0
189,0.0,0.17227722772277224,0.16417740457959706,1.0,-0.0,0,0
190,0.0,0.11485148514851484,0.12054836637801525,1.0,-0.0,0,0
191,0.0,0.07524752475247526,0.09688815701168371,1.0,-0.0,0,0
192,0.0,0.07524752475247526,0.09688815701168371,1.0,-0.0,0,0
193,0.0,0.03762376237623763,0.07816140339006158,1.0,-0.0,0,0
194,0.0,0.21188118811881182,0.19462435446028695,1.0,-0.0,0,0
195,0.0,0.17425742574257425,0.18166090995928266,1.0,-0.0,0,0
196,0.0,0.17425742574257425,0.18166090995928266,1.0,-0.0,0,0
197,0.0,0.21584158415841584,0.20232934296150187,1.0,-0.0,0,0
198,0.0,0.21584158415841584,0.20232934296150187,1.0,-0.0,0,0
199,0.0,0.041584158415841586,0.09039772047931349,1.0,-0.0,0,0
200,0.0,0.041584158415841586,0.09039772047931349,1.0,-0.0,0,0
201,0.0,0.041584158415841586,0.09039772047931349,1.0,-0.0,0,0
202,0.0,0.0,0.0,1.0,-0.0,0,0
203,0.0,0.0,0.0,1.0,-0.0,0,0
204,0.0,0.033663366336633666,0.07482947971362845,1.0,-0.0,0,0
205,0.0,0.033663366336633666,0.07482947971362845,1.0,-0.0,0,0
206,0.0,0.07326732673267328,0.11509022642946844,1.0,-0.0,0,0
207,0.0,0.23366336633663365,0.18683249644342295,1.0,-0.0,0,0
208,0.0,0.23366336633663365,0.18683249644342295,1.0,-0.0,0,0
209,0.0,0.19999999999999998,0.1823933297373379,1.0,-0.0,0,0
210,0.2,0.22178217821782176,0.19881030333482985,1.0,-0.0,0,0
211,0.2,0.21980198019801975,0.2039315561653939,1.0,-0.0,0,0
212,0.2,0.05940594059405942,0.11447531431916541,0.10969336149637444,0.9598196545832711,0,0
213,0.2,0.05940594059405942,0.11447531431916541,0.10969336149637444,0.9598196545832711,0,0
214,0.2,0.05940594059405942,0.11447531431916541,0.10969336149637444,0.9598196545832711,0,0
215,0.0,0.03762376237623763,0.08307396817189319,1.0,-0.0,0,0
216,0.0,0.0,0.0,1.0,-0.0,0,0
217,0.0,0.0,0.0,1.0,-0.0,0,0
218,0.0,0.06930693069306931,0.10693069306930696,1.0,-0.0,0,0
219,0.0,0.06930693069306931,0.10693069306930696,1.0,-0.0,0,0
220,0.0,0.09108910891089109,0.11781762202489916,1.0,-0.0,0,0
221,0.0,0.09108910891089109,0.11781762202489916,1.0,-0.0,0,0
222,0.0,0.09108910891089109,0.11781762202489916,1.0,-0.0,0,0
223,0.0,0.06534653465346535,0.11295810453031022,1.0,-0.0,0,0
224,0.0,0.06534653465346535,0.11295810453031022,1.0,-0.0,0,0
225,0.0,0.04356435643564357,0.09587103712404124,1.0,-0.0,0,0
226,0.0,0.04356435643564357,0.09587103712404124,1.0,-0.0,0,0
227,0.0,0.04356435643564357,0.09587103712404124,1.0,-0.0,0,0
228,0.0,0.0,0.0,1.0,-0.0,0,0
229,0.0,0.0,0.0,1.0,-0.0,0,0
230,0.0,0.0,0.0,1.0,-0.0,0,0
231,0.0,0.0,0.0,1.0,-0.0,0,0
232,0.0,0.0,0.0,1.0,-0.0,0,0
233,0.0,0.0,0.0,1.0,-0.0,0,0
234,0.0,0.027722772277227727,0.06910862719451544,1.0,-0.0,0,0
235,0.0,0.2396039603960396,0.2029872004552792,1.0,-0.0,0,0
236,0.0,0.2653465346534653,0.21637684561818196,1.0,-0.0,0,0
237,0.0,0.2653465346534653,0.21637684561818196,1.0,-0.0,0,0
238,0.0,0.2653465346534653,0.21637684561818196,1.0,-0.0,0,0
239,0.0,0.2376237623762376,0.2062640262970264,1.0,-0.0,0,0
240,0.0,0.025742574257425745,0.06697637435757531,1.0,-0.0,0,0
