,foreground,bg_means,bg_stdev,pvals,minus_logs,regs,active
2,0.0,0.0,0.0,1.0,-0.0,0,0
3,0.0,0.0,0.0,1.0,-0.0,0,0
4,0.0,0.0,0.0,1.0,-0.0,0,0
5,0.0,0.0,0.0,1.0,-0.0,0,0
6,0.0,0.0,0.0,1.0,-0.0,0,0
7,0.0,0.0,0.0,1.0,-0.0,0,0
8,0.0,0.0,0.0,1.0,-0.0,0,0
9,0.0,0.0,0.0,1.0,-0.0,0,0
10,0.0,0.023762376237623766,0.07056843438101175,1.0,-0.0,0,0
11,0.0,0.023762376237623766,0.07056843438101175,1.0,-0.0,0,0
12,0.0,0.023762376237623766,0.07056843438101175,1.0,-0.0,0,0
13,0.0,0.023762376237623766,0.07056843438101175,1.0,-0.0,0,0
14,0.0,0.023762376237623766,0.07056843438101175,1.0,-0.0,0,0
15,0.0,0.007920792079207921,0.03900537743285587,1.0,-0.0,0,0
16,0.0,0.007920792079207921,0.03900537743285587,1.0,-0.0,0,0
17,0.0,0.007920792079207921,0.03900537743285587,1.0,-0.0,0,0
18,0.0,0.039603960396039604,0.07970143286137865,1.0,-0.0,0,0
19,0.0,0.039603960396039604,0.07970143286137865,1.0,-0.0,0,0
20,0.0,0.031683168316831684,0.0730260947112308,1.0,-0.0,0,0
21,0.0,0.05544554455445545,0.1019369320889802,1.0,-0.0,0,0
22,0.2,0.08514851485148513,0.12054836637801526,0.170360417514063,0.7686313042414474,0,0
23,0.2,0.07920792079207921,0.11631029826208643,0.1495109975624142,0.8253268608177716,0,0
24,0.2,0.09108910891089109,0.1243589581632284,0.19057525368436823,0.7199334934461744,0,0
25,0.2,0.09108910891089109,0.1243589581632284,0.19057525368436823,0.7199334934461744,0,0
26,0.2,0.09504950495049502,0.12771893462651168,0.20561525732768127,0.686944662403549,0,0
27,0.0,0.06534653465346535,0.10571364605971598,1.0,-0.0,0,0
28,0.0,0.039603960396039604,0.07970143286137867,1.0,-0.0,0,0
29,0.0,0.02772277227722772,0.06910862719451544,1.0,-0.0,0,0
30,0.0,0.08712871287128712,0.11050143705587095,1.0,-0.0,0,0
31,0.0,0.05940594059405942,0.09562531855564071,1.0,-0.0,0,0
32,0.0,0.06534653465346535,0.10189845806153354,1.0,-0.0,0,0
33,0.0,0.06534653465346535,0.10189845806153354,1.0,-0.0,0,0
34,0.0,0.07722772277227723,0.1124710639300034,1.0,-0.0,0,0
35,0.0,0.017821782178217824,0.0635517090529949,1.0,-0.0,0,0
36,0.0,0.017821782178217824,0.0635517090529949,1.0,-0.0,0,0
37,0.0,0.03762376237623762,0.08307396817189318,1.0,-0.0,0,0
38,0.0,0.03762376237623762,0.08307396817189318,1.0,-0.0,0,0
39,0.0,0.025742574257425748,0.0669763743575753,1.0,-0.0,0,0
40,0.0,0.025742574257425748,0.0669763743575753,1.0,-0.0,0,0
41,0.0,0.025742574257425748,0.0669763743575753,1.0,-0.0,0,0
42,0.0,0.0,0.0,1.0,-0.0,0,0
43,0.0,0.0,0.0,1.0,-0.0,0,0
44,0.0,0.023762376237623766,0.06471340450838887,1.0,-0.0,0,0
45,0.0,0.061386138613861385,0.09644194583672018,1.0,-0.0,0,0
46,0.0,0.07722772277227723,0.11593886073904514,1.0,-0.0,0,0
47,0.0,0.10099009900990098,0.1396566153069739,1.0,-0.0,0,0
48,0.0,0.10099009900990098,0.1396566153069739,1.0,-0.0,0,0
49,0.0,0.07722772277227724,0.13191745702927898,1.0,-0.0,0,0
50,0.0,0.06930693069306931,0.11057238501634628,1.0,-0.0,0,0
51,0.0,0.0594059405940594,0.0996808946427978,1.0,-0.0,0,0
52,0.0,0.039603960396039604,0.0890869059738772,1.0,-0.0,0,0
53,0.0,0.07920792079207921,0.1322440226302099,1.0,-0.0,0,0
54,0.0,0.07920792079207921,0.1322440226302099,1.0,-0.0,0,0
55,0.0,0.049504950495049514,0.09504950495049505,1.0,-0.0,0,0
56,0.0,0.04356435643564357,0.08721867542790195,1.0,-0.0,0,0
57,0.0,0.039603960396039604,0.08452453849668534,1.0,-0.0,0,0
58,0.0,0.0,0.0,1.0,-0.0,0,0
59,0.0,0.0,0.0,1.0,-0.0,0,0
60,0.0,0.0,0.0,1.0,-0.0,0,0
61,0.0,0.009900990099009901,0.04338396495090425,1.0,-0.0,0,0
62,0.0,0.009900990099009901,0.04338396495090425,1.0,-0.0,0,0
63,0.0,0.009900990099009901,0.04338396495090425,1.0,-0.0,0,0
64,0.0,0.009900990099009901,0.04338396495090425,1.0,-0.0,0,0
65,0.0,0.009900990099009901,0.04338396495090425,1.0,-0.0,0,0
66,0.0,0.0,0.0,1.0,-0.0,0,0
67,0.0,0.0,0.0,1.0,-0.0,0,0
68,0.0,0.0,0.0,1.0,-0.0,0,0
69,0.0,0.033663366336633666,0.07482947971362847,1.0,-0.0,0,0
70,0.0,0.04356435643564357,0.0916470215081674,1.0,-0.0,0,0
71,0.0,0.07920792079207921,0.1261123431927973,1.0,-0.0,0,0
72,0.0,0.08514851485148513,0.1269490726718781,1.0,-0.0,0,0
73,0.0,0.08910891089108909,0.13342479626077636,1.0,-0.0,0,0
74,0.0,0.07326732673267328,0.11509022642946842,1.0,-0.0,0,0
75,0.0,0.06336633663366338,0.10504385908811757,1.0,-0.0,0,0
76,0.0,0.02772277227722773,0.06910862719451544,1.0,-0.0,0,0
77,0.0,0.021782178217821784,0.062305476128919915,1.0,-0.0,0,0
78,0.0,0.017821782178217824,0.05698017651460656,1.0,-0.0,0,0
79,0.0,0.0,0.0,1.0,-0.0,0,0
80,0.0,0.0,0.0,1.0,-0.0,0,0
81,0.0,0.0,0.0,1.0,-0.0,0,0
82,0.0,0.0,0.0,1.0,-0.0,0,0
83,0.0,0.0,0.0,1.0,-0.0,0,0
84,0.0,0.01386138613861386,0.05079507064705211,1.0,-0.0,0,0
85,0.0,0.017821782178217824,0.05698017651460656,1.0,-0.0,0,0
86,0.0,0.017821782178217824,0.05698017651460656,1.0,-0.0,0,0
87,0.0,0.017821782178217824,0.05698017651460656,1.0,-0.0,0,0
88,0.0,0.017821782178217824,0.05698017651460656,1.0,-0.0,0,0
89,0.0,0.0039603960396039604,0.02786385599895107,1.0,-0.0,0,0
90,0.0,0.0,0.0,1.0,-0.0,0,0
91,0.0,0.0,0.0,1.0,-0.0,0,0
92,0.0,0.0,0.0,1.0,-0.0,0,0
93,0.0,0.0,0.0,1.0,-0.0,0,0
94,0.0,0.0,0.0,1.0,-0.0,0,0
95,0.0,0.0,0.0,1.0,-0.0,0,0
96,0.0,0.0,0.0,1.0,-0.0,0,0
97,0.0,0.0,0.0,1.0,-0.0,0,0
98,0.0,0.0,0.0,1.0,-0.0,0,0
99,0.0,0.025742574257425745,0.07791016068477624,1.0,-0.0,0,0
100,0.0,0.025742574257425745,0.07791016068477624,1.0,-0.0,0,0
101,0.0,0.025742574257425745,0.07791016068477624,1.0,-0.0,0,0
102,0.0,0.025742574257425745,0.07791016068477624,1.0,-0.0,0,0
103,0.0,0.025742574257425745,0.07791016068477624,1.0,-0.0,0,0
104,0.0,0.0,0.0,1.0,-0.0,0,0
105,0.0,0.0,0.0,1.0,-0.0,0,0
106,0.0,0.0,0.0,1.0,-0.0,0,0
107,0.0,0.0,0.0,1.0,-0.0,0,0
108,0.0,0.0,0.0,1.0,-0.0,0,0
109,0.0,0.0,0.0,1.0,-0.0,0,0
110,0.0,0.0,0.0,1.0,-0.0,0,0
111,0.0,0.0,0.0,1.0,-0.0,0,0
112,0.0,0.0,0.0,1.0,-0.0,0,0
113,0.0,0.0,0.0,1.0,-0.0,0,0
114,0.2,0.031683168316831684,0.0730260947112308,0.01058647624307391,1.9752485727397298,0,0
115,0.2,0.031683168316831684,0.0730260947112308,0.01058647624307391,1.9752485727397298,0,0
116,0.4,0.04554455445544554,0.08846854615322249,3.080340316499904e-05,4.51140129992379,0,0
117,0.4,0.04554455445544554,0.08846854615322249,3.080340316499904e-05,4.51140129992379,0,0
118,0.4,0.04554455445544554,0.08846854615322249,3.080340316499904e-05,4.51140129992379,0,0
119,0.2,0.013861386138613863,0.05079507064705211,0.00012391038159364294,3.90689230556944,0,0
120,0.2,0.013861386138613863,0.05079507064705211,0.00012391038159364294,3.90689230556944,0,0
121,0.0,0.0,0.0,1.0,-0.0,0,0
122,0.0,0.0,0.0,1.0,-0.0,0,0
123,0.0,0.0,0.0,1.0,-0.0,0,0
124,0.0,0.0,0.0,1.0,-0.0,0,0
125,0.0,0.0,0.0,1.0,-0.0,0,0
126,0.0,0.0,0.0,1.0,-0.0,0,0
127,0.0,0.0,0.0,1.0,-0.0,0,0
128,0.0,0.0,0.0,1.0,-0.0,0,0
129,0.0,0.0,0.0,1.0,-0.0,0,0
130,0.0,0.0,0.0,1.0,-0.0,0,0
131,0.0,0.0,0.0,1.0,-0.0,0,0
132,0.0,0.0,0.0,1.0,-0.0,0,0
133,0.0,0.0,0.0,1.0,-0.0,0,0
134,0.0,0.0,0.0,1.0,-0.0,0,0
135,0.0,0.0,0.0,1.0,-0.0,0,0
136,0.0,0.0,0.0,1.0,-0.0,0,0
137,0.0,0.0,0.0,1.0,-0.0,0,0
138,0.0,0.0,0.0,1.0,-0.0,0,0
139,0.0,0.017821782178217824,0.05698017651460656,1.0,-0.0,0,0
140,0.0,0.03762376237623762,0.09631989312487374,1.0,-0.0,0,0
141,0.0,0.03762376237623762,0.09631989312487374,1.0,-0.0,0,0
142,0.0,0.06732673267326733,0.12356816445008076,1.0,-0.0,0,0
143,0.0,0.06732673267326733,0.12356816445008076,1.0,-0.0,0,0
144,0.0,0.049504950495049514,0.09504950495049506,1.0,-0.0,0,0
145,0.0,0.02970297029702971,0.07648795214189295,1.0,-0.0,0,0
146,0.0,0.02970297029702971,0.07648795214189295,1.0,-0.0,0,0
147,0.0,0.0,0.0,1.0,-0.0,0,0
148,0.0,0.0,0.0,1.0,-0.0,0,0
149,0.0,0.0,0.0,1.0,-0.0,0,0
150,0.0,0.013861386138613863,0.05079507064705211,1.0,-0.0,0,0
151,0.0,0.025742574257425738,0.0669763743575753,1.0,-0.0,0,0
152,0.0,0.025742574257425738,0.0669763743575753,1.0,-0.0,0,0
153,0.0,0.03564356435643565,0.08154954567118416,1.0,-0.0,0,0
154,0.0,0.03564356435643565,0.08154954567118416,1.0,-0.0,0,0
155,0.0,0.021782178217821784,0.06836703565002801,1.0,-0.0,0,0
156,0.0,0.009900990099009901,0.04338396495090425,1.0,-0.0,0,0
157,0.0,0.009900990099009901,0.04338396495090425,1.0,-0.0,0,0
158,0.0,0.0,0.0,1.0,-0.0,0,0
159,0.0,0.0,0.0,1.0,-0.0,0,0
160,0.0,0.0,0.0,1.0,-0.0,0,0
161,0.0,0.0,0.0,1.0,-0.0,0,0
162,0.0,0.0,0.0,1.0,-0.0,0,0
163,0.0,0.0,0.0,1.0,-0.0,0,0
164,0.2,0.023762376237623766,0.06471340450838887,0.003231121245907738,2.4906467450338194,0,0
165,0.2,0.023762376237623766,0.06471340450838887,0.003231121245907738,2.4906467450338194,0,0
166,0.2,0.023762376237623766,0.06471340450838887,0.003231121245907738,2.4906467450338194,0,0
167,0.2,0.023762376237623766,0.06471340450838887,0.003231121245907738,2.4906467450338194,0,0
168,0.2,0.023762376237623766,0.06471340450838887,0.003231121245907738,2.4906467450338194,0,0
169,0.0,0.0,0.0,1.0,-0.0,0,0
170,0.0,0.011881188118811883,0.04727657974777555,1.0,-0.0,0,0
171,0.0,0.011881188118811883,0.04727657974777555,1.0,-0.0,0,0
172,0.0,0.011881188118811883,0.04727657974777555,1.0,-0.0,0,0
173,0.0,0.011881188118811883,0.04727657974777555,1.0,-0.0,0,0
174,0.0,0.039603960396039604,0.08452453849668534,1.0,-0.0,0,0
175,0.0,0.027722772277227727,0.06910862719451545,1.0,-0.0,0,0
176,0.0,0.027722772277227727,0.06910862719451545,1.0,-0.0,0,0
177,0.0,0.027722772277227727,0.06910862719451545,1.0,-0.0,0,0
178,0.0,0.027722772277227727,0.06910862719451545,1.0,-0.0,0,0
179,0.0,0.0,0.0,1.0,-0.0,0,0
180,0.0,0.0,0.0,1.0,-0.0,0,0
181,0.0,0.0,0.0,1.0,-0.0,0,0
182,0.0,0.0,0.0,1.0,-0.0,0,0
183,0.0,0.0,0.0,1.0,-0.0,0,0
184,0.0,0.0,0.0,1.0,-0.0,0,0
185,0.0,0.0,0.0,1.0,-0.0,0,0
186,0.0,0.025742574257425745,0.07264925278354115,1.0,-0.0,0,0
187,0.0,0.025742574257425745,0.07264925278354115,1.0,-0.0,0,0
188,0.0,0.025742574257425745,0.07264925278354115,1.0,-0.0,0,0
189,0.0,0.04950495049504951,0.10304643034659555,1.0,-0.0,0,0
190,0.0,0.09108910891089109,0.13057300215314485,1.0,-0.0,0,0
191,0.2,0.11683168316831682,0.1548357845728682,0.2955858499300149,0.5293163600079369,0,0
192,0.2,0.12277227722772274,0.1566235242240411,0.31097849232723546,0.5072696462998472,0,0
193,0.2,0.12277227722772274,0.1566235242240411,0.31097849232723546,0.5072696462998472,0,0
194,0.2,0.09900990099009899,0.13679141417164786,0.23017274996365772,0.6379460935686515,0,0
195,0.2,0.07920792079207921,0.10560230990870006,0.12634513038319217,0.8984414920777706,0,0
196,0.0,0.027722772277227727,0.06910862719451544,1.0,-0.0,0,0
197,0.0,0.021782178217821784,0.06230547612891991,1.0,-0.0,0,0
198,0.0,0.021782178217821784,0.06230547612891991,1.0,-0.0,0,0
199,0.0,0.021782178217821784,0.06230547612891991,1.0,-0.0,0,0
200,0.0,0.0,0.0,1.0,-0.0,0,0
201,0.0,0.0,0.0,1.0,-0.0,0,0
202,0.0,0.025742574257425745,0.0669763743575753,1.0,-0.0,0,0
203,0.2,0.04554455445544556,0.08846854615322249,0.040415922396446834,1.3934475050229045,0,0
204,0.2,0.04554455445544556,0.08846854615322249,0.040415922396446834,1.3934475050229045,0,0
205,0.4,0.0594059405940594,0.10357779667819421,0.0005039858459677199,3.297581660190253,0,0
206,0.4,0.08910891089108909,0.13342479626077636,0.00990083493366727,2.0043281799686357,0,0
207,0.4,0.06930693069306931,0.11409790329416186,0.001875794216145872,2.726814807585068,0,0
208,0.2,0.04950495049504951,0.09912864166957489,0.06448460512601864,1.190543955238279,0,0
209,0.2,0.04950495049504951,0.09912864166957489,0.06448460512601864,1.190543955238279,0,0
210,0.0,0.03564356435643565,0.07653920035678292,1.0,-0.0,0,0
211,0.0,0.0059405940594059415,0.033953323167291584,1.0,-0.0,0,0
212,0.0,0.0,0.0,1.0,-0.0,0,0
213,0.0,0.0,0.0,1.0,-0.0,0,0
214,0.0,0.017821782178217824,0.056980176514606566,1.0,-0.0,0,0
215,0.0,0.017821782178217824,0.056980176514606566,1.0,-0.0,0,0
216,0.0,0.017821782178217824,0.056980176514606566,1.0,-0.0,0,0
217,0.0,0.017821782178217824,0.056980176514606566,1.0,-0.0,0,0
218,0.0,0.023762376237623766,0.06471340450838887,1.0,-0.0,0,0
219,0.0,0.0059405940594059415,0.03395332316729157,1.0,-0.0,0,0
220,0.0,0.0059405940594059415,0.03395332316729157,1.0,-0.0,0,0
221,0.0,0.031683168316831684,0.0730260947112308,1.0,-0.0,0,0
222,0.0,0.031683168316831684,0.0730260947112308,1.0,-0.0,0,0
223,0.0,0.061386138613861385,0.09644194583672018,1.0,-0.0,0,0
224,0.2,0.08118811881188118,0.11320083903331847,0.14695858512597854,0.8328050379416199,0,0
225,0.2,0.09108910891089109,0.12113245340338318,0.1842981552477096,0.7344790118766933,0,0
226,0.4,0.09900990099009899,0.13679141417164786,0.01389074833225229,1.8572743570115984,0,0
227,0.6,0.12277227722772276,0.16879373323664226,0.002347237962980784,2.629442879395585,0,0
228,0.6,0.08712871287128714,0.14736186103080443,0.00025037681723672433,3.601405885574483,0,0
229,0.6,0.09108910891089109,0.14765427233510692,0.0002838038307488474,3.546981746786022,0,0
230,0.6,0.0811881188118812,0.1467218499235066,0.00020309942628853132,3.6922913033804075,0,0
231,0.4,0.04752475247524753,0.10205226714237725,0.0002763020078463161,3.5586159591174833,0,0
232,0.2,0.023762376237623763,0.06471340450838887,0.003231121245907738,2.4906467450338194,0,0
233,0.2,0.023762376237623763,0.06471340450838887,0.003231121245907738,2.4906467450338194,0,0
234,0.0,0.0,0.0,1.0,-0.0,0,0
235,0.0,0.0,0.0,1.0,-0.0,0,0
236,0.0,0.0,0.0,1.0,-0.0,0,0
237,0.0,0.0,0.0,1.0,-0.0,0,0
238,0.0,0.0,0.0,1.0,-0.0,0,0
239,0.0,0.0,0.0,1.0,-0.0,0,0
240,0.0,0.0,0.0,1.0,-0.0,0,0
241,0.0,0.0,0.0,1.0,-0.0,0,0
242,0.0,0.0,0.0,1.0,-0.0,0,0
243,0.0,0.0,0.0,1.0,-0.0,0,0
244,0.0,0.0,0.0,1.0,-0.0,0,0
245,0.0,0.0,0.0,1.0,-0.0,0,0
246,0.0,0.0,0.0,1.0,-0.0,0,0
247,0.0,0.0,0.0,1.0,-0.0,0,0
248,0.2,0.033663366336633666,0.08475617647141662,0.024850340762334614,1.6046676515911364,0,0
249,0.2,0.033663366336633666,0.08475617647141662,0.024850340762334614,1.6046676515911364,0,0
250,0.2,0.047524752475247525,0.09809478080396704,0.06004850186537829,1.2214978232271951,0,0
251,0.2,0.047524752475247525,0.09809478080396704,0.06004850186537829,1.2214978232271951,0,0
252,0.2,0.06336633663366337,0.11233152161332939,0.1119271380917808,0.9510646007408702,0,0
253,0.0,0.0297029702970297,0.08150144802873932,1.0,-0.0,0,0
254,0.0,0.06534653465346535,0.1164113937164283,1.0,-0.0,0,0
255,0.0,0.07524752475247526,0.1189108498693262,1.0,-0.0,0,0
256,0.0,0.07920792079207921,0.12293186689242577,1.0,-0.0,0,0
257,0.0,0.16435643564356434,0.16978971176416646,1.0,-0.0,0,0
258,0.0,0.16435643564356434,0.16978971176416646,1.0,-0.0,0,0
259,0.0,0.12673267326732673,0.1534365990321625,1.0,-0.0,0,0
260,0.0,0.11683168316831682,0.13280619910579972,1.0,-0.0,0,0
261,0.0,0.11287128712871286,0.13324834725751067,1.0,-0.0,0,0
262,0.0,0.01386138613861386,0.05079507064705211,1.0,-0.0,0,0
263,0.0,0.017821782178217824,0.05698017651460656,1.0,-0.0,0,0
264,0.0,0.08316831683168317,0.13280619910579972,1.0,-0.0,0,0
265,0.0,0.1386138613861386,0.16588812705842174,1.0,-0.0,0,0
266,0.2,0.1762376237623762,0.1786353744371313,0.44708812040213564,0.34960686963620075,0,0
267,0.2,0.19999999999999998,0.18668552474285427,0.49999999999999994,0.30102999566398125,0,0
268,0.2,0.22772277227722768,0.18885733097134833,1.0,-0.0,0,0
269,0.2,0.16237623762376233,0.16818865241652337,0.4114954635871042,0.3856349481794097,0,0
270,0.2,0.14059405940594058,0.15806892707703052,0.3535242386351092,0.4515808043717551,0,0
271,0.0,0.12277227722772277,0.14615954128511635,1.0,-0.0,0,0
272,0.0,0.09900990099009901,0.12145573247679728,1.0,-0.0,0,0
273,0.0,0.06732673267326733,0.10255055347504201,1.0,-0.0,0,0
274,0.0,0.10297029702970295,0.12464241569787099,1.0,-0.0,0,0
275,0.0,0.0613861386138614,0.10046456153636296,1.0,-0.0,0,0
276,0.0,0.04554455445544554,0.09700949476369024,1.0,-0.0,0,0
277,0.0,0.05148514851485149,0.1001126705723924,1.0,-0.0,0,0
278,0.0,0.05148514851485149,0.1001126705723924,1.0,-0.0,0,0
279,0.0,0.015841584158415842,0.05401260078014202,1.0,-0.0,0,0
280,0.0,0.033663366336633666,0.07482947971362845,1.0,-0.0,0,0
281,0.0,0.027722772277227727,0.06910862719451544,1.0,-0.0,0,0
282,0.0,0.021782178217821784,0.062305476128919915,1.0,-0.0,0,0
283,0.0,0.021782178217821784,0.062305476128919915,1.0,-0.0,0,0
284,0.0,0.021782178217821784,0.062305476128919915,1.0,-0.0,0,0
285,0.0,0.0,0.0,1.0,-0.0,0,0
286,0.0,0.0,0.0,1.0,-0.0,0,0
287,0.0,0.0,0.0,1.0,-0.0,0,0
288,0.0,0.0,0.0,1.0,-0.0,0,0
289,0.0,0.0,0.0,1.0,-0.0,0,0
290,0.0,0.0,0.0,1.0,-0.0,0,0
291,0.0,0.0,0.0,1.0,-0.0,0,0
292,0.0,0.0,0.0,1.0,-0.0,0,0
293,0.0,0.0,0.0,1.0,-0.0,0,0
294,0.0,0.0,0.0,1.0,-0.0,0,0
295,0.0,0.0,0.0,1.0,-0.0,0,0
296,0.0,0.0,0.0,1.0,-0.0,0,0
297,0.0,0.0,0.0,1.0,-0.0,0,0
298,0.0,0.0,0.0,1.0,-0.0,0,0
299,0.0,0.0,0.0,1.0,-0.0,0,0
300,0.0,0.0,0.0,1.0,-0.0,0,0
301,0.0,0.0,0.0,1.0,-0.0,0,0
302,0.0,0.0,0.0,1.0,-0.0,0,0
303,0.0,0.0,0.0,1.0,-0.0,0,0
304,0.0,0.0,0.0,1.0,-0.0,0,0
305,0.0,0.0,0.0,1.0,-0.0,0,0
306,0.0,0.0,0.0,1.0,-0.0,0,0
307,0.0,0.0,0.0,1.0,-0.0,0,0
308,0.0,0.0,0.0,1.0,-0.0,0,0
309,0.0,0.0,0.0,1.0,-0.0,0,0
310,0.0,0.0059405940594059415,0.03395332316729158,1.0,-0.0,0,0
311,0.0,0.0059405940594059415,0.03395332316729158,1.0,-0.0,0,0
312,0.0,0.021782178217821784,0.06230547612891991,1.0,-0.0,0,0
313,0.0,0.021782178217821784,0.06230547612891991,1.0,-0.0,0,0
314,0.0,0.021782178217821784,0.06230547612891991,1.0,-0.0,0,0
315,0.0,0.03762376237623763,0.08771182015980238,1.0,-0.0,0,0
316,0.0,0.061386138613861385,0.1080614942545921,1.0,-0.0,0,0
317,0.0,0.04554455445544555,0.09283729243351321,1.0,-0.0,0,0
318,0.0,0.04554455445544555,0.09283729243351321,1.0,-0.0,0,0
319,0.0,0.06534653465346535,0.11295810453031019,1.0,-0.0,0,0
320,0.0,0.04356435643564357,0.09587103712404124,1.0,-0.0,0,0
321,0.0,0.019801980198019802,0.059735061897023205,1.0,-0.0,0,0
322,0.0,0.019801980198019802,0.059735061897023205,1.0,-0.0,0,0
323,0.0,0.019801980198019802,0.059735061897023205,1.0,-0.0,0,0
324,0.0,0.0,0.0,1.0,-0.0,0,0
325,0.0,0.0,0.0,1.0,-0.0,0,0
326,0.0,0.0,0.0,1.0,-0.0,0,0
327,0.0,0.0,0.0,1.0,-0.0,0,0
328,0.0,0.0,0.0,1.0,-0.0,0,0
329,0.0,0.0,0.0,1.0,-0.0,0,0
330,0.0,0.0,0.0,1.0,-0.0,0,0
331,0.0,0.0,0.0,1.0,-0.0,0,0
332,0.0,0.0,0.0,1.0,-0.0,0,0
333,0.0,0.0,0.0,1.0,-0.0,0,0
334,0.0,0.0,0.0,1.0,-0.0,0,0
335,0.0,0.0,0.0,1.0,-0.0,0,0
336,0.0,0.0,0.0,1.0,-0.0,0,0
337,0.0,0.007920792079207921,0.03900537743285587,1.0,-0.0,0,0
338,0.0,0.007920792079207921,0.03900537743285587,1.0,-0.0,0,0
339,0.0,0.007920792079207921,0.03900537743285587,1.0,-0.0,0,0
340,0.0,0.007920792079207921,0.03900537743285587,1.0,-0.0,0,0
341,0.0,0.017821782178217824,0.056980176514606566,1.0,-0.0,0,0
342,0.0,0.009900990099009901,0.04338396495090424,1.0,-0.0,0,0
343,0.0,0.039603960396039604,0.10155153588085614,1.0,-0.0,0,0
344,0.0,0.039603960396039604,0.10155153588085614,1.0,-0.0,0,0
345,0.0,0.039603960396039604,0.10155153588085614,1.0,-0.0,0,0
346,0.0,0.02970297029702971,0.08150144802873932,1.0,-0.0,0,0
347,0.0,0.02970297029702971,0.08150144802873932,1.0,-0.0,0,0
348,0.0,0.0,0.0,1.0,-0.0,0,0
349,0.0,0.0,0.0,1.0,-0.0,0,0
350,0.0,0.0,0.0,1.0,-0.0,0,0
351,0.0,0.0,0.0,1.0,-0.0,0,0
352,0.0,0.0,0.0,1.0,-0.0,0,0
353,0.0,0.0,0.0,1.0,-0.0,0,0
354,0.0,0.0,0.0,1.0,-0.0,0,0
355,0.0,0.0,0.0,1.0,-0.0,0,0
356,0.0,0.0,0.0,1.0,-0.0,0,0
357,0.0,0.0,0.0,1.0,-0.0,0,0
358,0.0,0.0,0.0,1.0,-0.0,0,0
359,0.0,0.0,0.0,1.0,-0.0,0,0
360,0.0,0.0,0.0,1.0,-0.0,0,18
361,0.0,0.015841584158415842,0.054012600780142014,1.0,-0.0,0,0
362,0.0,0.015841584158415842,0.054012600780142014,1.0,-0.0,0,0
363,0.0,0.015841584158415842,0.054012600780142014,1.0,-0.0,0,0
364,0.0,0.015841584158415842,0.054012600780142014,1.0,-0.0,0,0
365,0.0,0.015841584158415842,0.054012600780142014,1.0,-0.0,0,0
366,0.0,0.03564356435643565,0.07653920035678292,1.0,-0.0,0,0
367,0.0,0.049504950495049514,0.09078727434730813,1.0,-0.0,0,0
368,0.0,0.0712871287128713,0.09983812012638045,1.0,-0.0,0,0
369,0.0,0.10099009900990098,0.12145573247679727,1.0,-0.0,0,0
370,0.0,0.13465346534653466,0.14380655568606188,1.0,-0.0,0,0
371,0.0,0.17425742574257425,0.17499842451711448,1.0,-0.0,0,0
372,0.0,0.1603960396039604,0.16890984643276136,1.0,-0.0,0,0
373,0.0,0.13861386138613857,0.15604664003838054,1.0,-0.0,0,0
374,0.0,0.1069306930693069,0.13368903310588712,1.0,-0.0,0,0
375,0.0,0.07524752475247526,0.1189108498693262,1.0,-0.0,0,0
376,0.0,0.0,0.0,1.0,-0.0,0,0
377,0.0,0.0,0.0,1.0,-0.0,0,0
378,0.0,0.0297029702970297,0.07648795214189293,1.0,-0.0,0,0
379,0.0,0.0297029702970297,0.07648795214189293,1.0,-0.0,0,0
380,0.0,0.0297029702970297,0.07648795214189293,1.0,-0.0,0,0
381,0.0,0.0297029702970297,0.07648795214189293,1.0,-0.0,0,0
382,0.0,0.0297029702970297,0.07648795214189293,1.0,-0.0,0,0
383,0.0,0.013861386138613863,0.050795070647052104,1.0,-0.0,0,0
384,0.0,0.013861386138613863,0.050795070647052104,1.0,-0.0,0,0
385,0.0,0.013861386138613863,0.050795070647052104,1.0,-0.0,0,0
386,0.0,0.013861386138613863,0.050795070647052104,1.0,-0.0,0,0
387,0.0,0.013861386138613863,0.050795070647052104,1.0,-0.0,0,0
388,0.0,0.019801980198019802,0.06603299802191315,1.0,-0.0,0,0
389,0.0,0.019801980198019802,0.06603299802191315,1.0,-0.0,0,0
390,0.0,0.019801980198019802,0.06603299802191315,1.0,-0.0,0,0
391,0.0,0.019801980198019802,0.06603299802191315,1.0,-0.0,0,0
392,0.0,0.04950495049504951,0.09078727434730813,1.0,-0.0,0,0
393,0.0,0.039603960396039604,0.08452453849668534,1.0,-0.0,0,0
394,0.0,0.039603960396039604,0.08452453849668534,1.0,-0.0,0,0
395,0.0,0.0613861386138614,0.10046456153636296,1.0,-0.0,0,0
396,0.0,0.07326732673267328,0.10798889666879984,1.0,-0.0,0,0
397,0.0,0.08712871287128712,0.13024224675172555,1.0,-0.0,0,0
398,0.0,0.09702970297029703,0.1396285351588451,1.0,-0.0,0,0
399,0.0,0.09702970297029703,0.1396285351588451,1.0,-0.0,0,0
400,0.0,0.07524752475247526,0.12851469892742934,1.0,-0.0,0,0
401,0.0,0.06336633663366337,0.11917436454123627,1.0,-0.0,0,0
402,0.0,0.019801980198019802,0.059735061897023205,1.0,-0.0,0,0
403,0.0,0.02970297029702971,0.07648795214189293,1.0,-0.0,0,0
404,0.0,0.02970297029702971,0.07648795214189293,1.0,-0.0,0,0
405,0.0,0.02970297029702971,0.07648795214189293,1.0,-0.0,0,0
406,0.0,0.02970297029702971,0.07648795214189293,1.0,-0.0,0,0
407,0.0,0.049504950495049514,0.09078727434730813,1.0,-0.0,0,0
408,0.0,0.019801980198019802,0.059735061897023205,1.0,-0.0,0,0
409,0.0,0.019801980198019802,0.059735061897023205,1.0,-0.0,0,0
410,0.0,0.019801980198019802,0.059735061897023205,1.0,-0.0,0,0
411,0.0,0.019801980198019802,0.059735061897023205,1.0,-0.0,0,0
412,0.0,0.0,0.0,1.0,-0.0,0,0
413,0.0,0.0,0.0,1.0,-0.0,0,0
414,0.0,0.0,0.0,1.0,-0.0,0,0
415,0.0,0.0,0.0,1.0,-0.0,0,0
416,0.0,0.0,0.0,1.0,-0.0,0,0
417,0.0,0.0,0.0,1.0,-0.0,0,0
418,0.0,0.06336633663366337,0.1158034971660471,1.0,-0.0,0,0
419,0.0,0.06336633663366337,0.1158034971660471,1.0,-0.0,0,0
420,0.0,0.06336633663366337,0.1158034971660471,1.0,-0.0,0,0
421,0.0,0.06336633663366337,0.1158034971660471,1.0,-0.0,0,0
422,0.0,0.06336633663366337,0.1158034971660471,1.0,-0.0,0,0
423,0.0,0.0,0.0,1.0,-0.0,0,0
424,0.0,0.0,0.0,1.0,-0.0,0,0
425,0.0,0.0,0.0,1.0,-0.0,0,0
426,0.0,0.0,0.0,1.0,-0.0,0,0
427,0.0,0.0,0.0,1.0,-0.0,0,0
428,0.0,0.0,0.0,1.0,-0.0,0,0
429,0.0,0.0,0.0,1.0,-0.0,0,0
430,0.0,0.0,0.0,1.0,-0.0,0,0
431,0.0,0.007920792079207921,0.03900537743285587,1.0,-0.0,0,0
432,0.0,0.007920792079207921,0.03900537743285587,1.0,-0.0,0,0
433,0.0,0.007920792079207921,0.03900537743285587,1.0,-0.0,0,0
434,0.0,0.007920792079207921,0.03900537743285587,1.0,-0.0,0,0
435,0.0,0.007920792079207921,0.03900537743285587,1.0,-0.0,0,0
436,0.0,0.0,0.0,1.0,-0.0,0,0
437,0.0,0.0,0.0,1.0,-0.0,0,0
438,0.0,0.0,0.0,1.0,-0.0,0,0
439,0.0,0.0,0.0,1.0,-0.0,0,0
440,0.0,0.023762376237623766,0.07056843438101175,1.0,-0.0,0,0
441,0.0,0.023762376237623766,0.07056843438101175,1.0,-0.0,0,0
442,0.0,0.023762376237623766,0.07056843438101175,1.0,-0.0,0,0
443,0.0,0.023762376237623766,0.07056843438101175,1.0,-0.0,0,0
444,0.0,0.023762376237623766,0.07056843438101175,1.0,-0.0,0,0
445,0.0,0.0,0.0,1.0,-0.0,0,0
446,0.0,0.0,0.0,1.0,-0.0,0,0
447,0.0,0.0,0.0,1.0,-0.0,0,0
448,0.0,0.0,0.0,1.0,-0.0,0,0
449,0.0,0.0,0.0,1.0,-0.0,0,0
450,0.0,0.0,0.0,1.0,-0.0,0,0
451,0.0,0.0,0.0,1.0,-0.0,0,0
452,0.0,0.019801980198019802,0.059735061897023205,1.0,-0.0,0,0
453,0.0,0.019801980198019802,0.059735061897023205,1.0,-0.0,0,0
454,0.0,0.019801980198019802,0.059735061897023205,1.0,-0.0,0,0
455,0.0,0.023762376237623763,0.06471340450838887,1.0,-0.0,0,0
456,0.0,0.023762376237623763,0.06471340450838887,1.0,-0.0,0,0
457,0.0,0.0039603960396039604,0.027863855998951064,1.0,-0.0,0,0
458,0.2,0.011881188118811883,0.047276579747775535,3.4586556520905853e-05,4.461092674713385,0,0
459,0.4,0.0297029702970297,0.07112192077650681,9.621238793919095e-08,7.016769006265068,0,0
460,0.4,0.04554455445544555,0.09283729243351323,6.726114370462085e-05,4.172235752240194,0,0
461,0.4,0.04554455445544555,0.09283729243351323,6.726114370462085e-05,4.172235752240194,0,0
462,0.4,0.04554455445544555,0.09283729243351323,6.726114370462085e-05,4.172235752240194,0,0
463,0.2,0.03762376237623763,0.07816140339006158,0.01888012292982573,1.723995182306426,0,0
464,0.0,0.019801980198019802,0.0597350618970232,1.0,-0.0,0,0
465,0.0,0.0,0.0,1.0,-0.0,0,0
466,0.0,0.0,0.0,1.0,-0.0,0,0
467,0.0,0.0,0.0,1.0,-0.0,0,0
468,0.0,0.0,0.0,1.0,-0.0,0,0
469,0.0,0.0,0.0,1.0,-0.0,0,0
470,0.0,0.0,0.0,1.0,-0.0,0,0
471,0.0,0.0,0.0,1.0,-0.0,0,0
472,0.0,0.0,0.0,1.0,-0.0,0,0
473,0.0,0.0,0.0,1.0,-0.0,0,0
474,0.0,0.0,0.0,1.0,-0.0,0,0
475,0.2,0.03564356435643565,0.07653920035678292,0.015882722457572503,1.7990750531077893,0,0
476,0.2,0.07326732673267326,0.10798889666879985,0.12028338488133557,0.9197943589669167,0,0
477,0.2,0.17425742574257425,0.15328318796327628,0.43331473864376147,0.3631965387459259,0,0
478,0.2,0.17425742574257425,0.15328318796327628,0.43331473864376147,0.3631965387459259,0,0
479,0.2,0.17425742574257425,0.15328318796327628,0.43331473864376147,0.3631965387459259,0,0
480,0.0,0.13861386138613863,0.1312320120853932,1.0,-0.0,0,0
481,0.0,0.12277227722772276,0.13191745702927898,1.0,-0.0,0,0
482,0.0,0.021782178217821784,0.06230547612891991,1.0,-0.0,0,0
483,0.0,0.021782178217821784,0.06230547612891991,1.0,-0.0,0,0
484,0.0,0.021782178217821784,0.06230547612891991,1.0,-0.0,0,0
485,0.0,0.021782178217821784,0.06230547612891991,1.0,-0.0,0,0
486,0.2,0.03762376237623763,0.07816140339006158,0.01888012292982573,1.723995182306426,0,0
487,0.2,0.03762376237623763,0.07816140339006158,0.01888012292982573,1.723995182306426,0,0
488,0.2,0.03762376237623763,0.07816140339006158,0.01888012292982573,1.723995182306426,0,0
489,0.2,0.03762376237623763,0.07816140339006158,0.01888012292982573,1.723995182306426,0,0
490,0.2,0.0712871287128713,0.09983812012638045,0.09866155529018229,1.0058520426482542,0,0
491,0.0,0.06534653465346535,0.10939585993610405,1.0,-0.0,0,0
492,0.0,0.0891089108910891,0.13342479626077636,1.0,-0.0,0,0
493,0.0,0.0891089108910891,0.13342479626077636,1.0,-0.0,0,0
494,0.0,0.0891089108910891,0.13342479626077636,1.0,-0.0,0,0
495,0.0,0.05544554455445545,0.11644507269694382,1.0,-0.0,0,0
496,0.2,0.04752475247524753,0.10205226714237722,0.06757607977550824,1.1702070061279661,0,0
497,0.2,0.033663366336633666,0.07994704648786673,0.01873594946997057,1.7273242935431972,0,0
498,0.2,0.033663366336633666,0.07994704648786673,0.01873594946997057,1.7273242935431972,0,0
499,0.2,0.033663366336633666,0.07994704648786673,0.01873594946997057,1.7273242935431972,0,0
500,0.2,0.041584158415841586,0.09039772047931348,0.03984979219979861,1.3995739389282478,0,0
501,0.0,0.017821782178217824,0.0635517090529949,1.0,-0.0,0,0
502,0.2,0.02772277227722773,0.07461957893630405,0.010478998804251368,1.9796802091996202,0,0
503,0.2,0.033663366336633666,0.07994704648786674,0.018735949469970602,1.7273242935431963,0,0
504,0.2,0.06336633663366337,0.10874875419996817,0.10448261079208833,0.9809559838634979,0,0
505,0.2,0.09306930693069305,0.13948804962658473,0.22166149082647368,0.6543097501612731,0,0
506,0.2,0.09306930693069305,0.13948804962658473,0.22166149082647368,0.6543097501612731,0,0
507,0.0,0.07326732673267328,0.12811743461086583,1.0,-0.0,0,0
508,0.0,0.06732673267326733,0.12356816445008076,1.0,-0.0,0,0
509,0.0,0.03762376237623763,0.09211646217515253,1.0,-0.0,0,0
510,0.0,0.025742574257425745,0.07264925278354116,1.0,-0.0,0,0
511,0.0,0.025742574257425745,0.07264925278354116,1.0,-0.0,0,0
512,0.0,0.04752475247524753,0.10205226714237721,1.0,-0.0,1,0
513,0.0,0.04752475247524753,0.10205226714237721,1.0,-0.0,0,0
514,0.0,0.04752475247524753,0.10205226714237721,1.0,-0.0,0,0
515,0.0,0.021782178217821784,0.06230547612891991,1.0,-0.0,0,0
516,0.0,0.041584158415841586,0.09467748980500532,1.0,-0.0,0,0
517,0.0,0.019801980198019802,0.0597350618970232,1.0,-0.0,0,0
518,0.0,0.019801980198019802,0.0597350618970232,1.0,-0.0,0,0
519,0.0,0.019801980198019802,0.0597350618970232,1.0,-0.0,0,0
520,0.0,0.019801980198019802,0.0597350618970232,1.0,-0.0,0,0
521,0.0,0.0,0.0,1.0,-0.0,0,0
522,0.0,0.0,0.0,1.0,-0.0,0,0
523,0.0,0.04158415841584159,0.10648973987919805,1.0,-0.0,0,0
524,0.0,0.04158415841584159,0.10648973987919805,1.0,-0.0,0,0
525,0.0,0.04158415841584159,0.10648973987919805,1.0,-0.0,0,0
526,0.0,0.051485148514851496,0.12155254854037867,1.0,-0.0,0,0
527,0.0,0.08316831683168316,0.14424216912058863,1.0,-0.0,0,0
528,0.0,0.06534653465346535,0.10939585993610405,1.0,-0.0,0,0
529,0.0,0.06534653465346535,0.10939585993610405,1.0,-0.0,0,0
530,0.0,0.06534653465346535,0.10939585993610405,1.0,-0.0,0,0
531,0.0,0.05544554455445545,0.1019369320889802,1.0,-0.0,0,0
532,0.0,0.04554455445544555,0.09283729243351321,1.0,-0.0,0,0
533,0.0,0.03168316831683169,0.0730260947112308,1.0,-0.0,0,0
534,0.0,0.03168316831683169,0.0730260947112308,1.0,-0.0,0,0
535,0.0,0.047524752475247525,0.08965727859542,1.0,-0.0,0,0
536,0.0,0.047524752475247525,0.08965727859542,1.0,-0.0,0,0
537,0.0,0.05544554455445545,0.10575073206193022,1.0,-0.0,0,0
538,0.0,0.04554455445544555,0.09700949476369022,1.0,-0.0,0,0
539,0.0,0.06534653465346535,0.10571364605971598,1.0,-0.0,0,0
540,0.0,0.049504950495049514,0.09504950495049506,1.0,-0.0,0,0
541,0.0,0.06336633663366338,0.10120342446875752,1.0,-0.0,0,0
542,0.0,0.033663366336633666,0.07482947971362847,1.0,-0.0,0,0
543,0.0,0.033663366336633666,0.07482947971362847,1.0,-0.0,0,0
544,0.0,0.01386138613861386,0.05079507064705211,1.0,-0.0,0,0
545,0.0,0.01386138613861386,0.05079507064705211,1.0,-0.0,0,0
546,0.0,0.0,0.0,1.0,-0.0,0,0
547,0.0,0.0,0.0,1.0,-0.0,0,0
548,0.0,0.0,0.0,1.0,-0.0,0,0
549,0.0,0.0,0.0,1.0,-0.0,0,0
550,0.0,0.0,0.0,1.0,-0.0,0,0
551,0.0,0.0,0.0,1.0,-0.0,0,0
552,0.0,0.04356435643564357,0.09587103712404124,1.0,-0.0,0,0
553,0.0,0.04356435643564357,0.09587103712404124,1.0,-0.0,0,0
554,0.0,0.04356435643564357,0.09587103712404124,1.0,-0.0,0,0
555,0.0,0.04356435643564357,0.09587103712404124,1.0,-0.0,0,0
556,0.0,0.04356435643564357,0.09587103712404124,1.0,-0.0,0,0
557,0.0,0.0,0.0,1.0,-0.0,0,0
558,0.0,0.0059405940594059415,0.03395332316729158,1.0,-0.0,0,0
559,0.0,0.0059405940594059415,0.03395332316729158,1.0,-0.0,0,0
560,0.0,0.0059405940594059415,0.03395332316729158,1.0,-0.0,0,0
561,0.0,0.0059405940594059415,0.03395332316729158,1.0,-0.0,0,0
562,0.0,0.0059405940594059415,0.03395332316729158,1.0,-0.0,0,0
563,0.0,0.027722772277227727,0.06910862719451544,1.0,-0.0,0,0
564,0.0,0.027722772277227727,0.06910862719451544,1.0,-0.0,0,0
565,0.0,0.027722772277227727,0.06910862719451544,1.0,-0.0,0,0
566,0.0,0.027722772277227727,0.06910862719451544,1.0,-0.0,0,0
567,0.0,0.027722772277227727,0.06910862719451544,1.0,-0.0,0,0
568,0.0,0.0,0.0,1.0,-0.0,0,0
569,0.0,0.0,0.0,1.0,-0.0,0,0
570,0.0,0.0,0.0,1.0,-0.0,0,0
571,0.0,0.0,0.0,1.0,-0.0,0,0
572,0.0,0.05346534653465347,0.10489443673781407,1.0,-0.0,0,0
573,0.0,0.05346534653465347,0.10489443673781407,1.0,-0.0,0,0
574,0.0,0.05346534653465347,0.10489443673781407,1.0,-0.0,0,0
575,0.0,0.05346534653465347,0.10489443673781407,1.0,-0.0,0,0
576,0.0,0.05346534653465347,0.10489443673781407,1.0,-0.0,0,0
577,0.0,0.017821782178217824,0.05698017651460656,1.0,-0.0,0,0
578,0.0,0.061386138613861385,0.09644194583672018,1.0,-0.0,0,0
579,0.0,0.07920792079207921,0.10928827506175547,1.0,-0.0,0,0
580,0.0,0.07920792079207921,0.10928827506175547,1.0,-0.0,0,0
581,0.0,0.07920792079207921,0.10928827506175547,1.0,-0.0,0,0
582,0.0,0.061386138613861385,0.10046456153636296,1.0,-0.0,0,0
583,0.2,0.0594059405940594,0.10733330877518932,0.0951177364230414,1.0217384934469724,0,0
584,0.4,0.10099009900990098,0.14246420394934614,0.017915401223169414,1.7467734611759458,0,0
585,0.4,0.11287128712871286,0.15002532217723413,0.02781849093607145,1.5556664327879972,0,0
586,0.4,0.11287128712871286,0.15002532217723413,0.02781849093607145,1.5556664327879972,0,0
587,0.4,0.11287128712871286,0.15002532217723413,0.02781849093607145,1.5556664327879972,0,0
588,0.2,0.0712871287128713,0.10747934055534188,0.11554433714027447,0.9372513345552421,0,0
589,0.0,0.025742574257425745,0.07264925278354116,1.0,-0.0,0,0
590,0.2,0.023762376237623763,0.07056843438101175,0.00625538335613176,2.203746069767374,0,0
591,0.2,0.0594059405940594,0.1073333087751893,0.0951177364230414,1.0217384934469724,0,0
592,0.2,0.0712871287128713,0.11801714396634726,0.13771817209143739,0.8610087502417647,0,0
593,0.2,0.09306930693069307,0.13368903310588712,0.2118998952955819,0.6738692578836474,0,0
594,0.2,0.15247524752475247,0.1848703369027138,0.39856208621047207,0.3995040165555493,0,0
595,0.0,0.1485148514851485,0.1749760161138576,1.0,-0.0,0,0
596,0.0,0.1188118811881188,0.157148395081398,1.0,-0.0,0,0
597,0.0,0.14158415841584157,0.1719240718506791,1.0,-0.0,0,0
598,0.0,0.1564356435643564,0.1725842262930766,1.0,-0.0,0,0
599,0.0,0.10099009900990098,0.15057319492752777,1.0,-0.0,0,0
600,0.0,0.09504950495049505,0.14238160801780242,1.0,-0.0,0,0
601,0.2,0.1623762376237624,0.19028456290748869,0.4216306341421166,0.37506784239809837,0,0
602,0.2,0.12673267326732673,0.16584084527691173,0.32931949747656986,0.482382555969491,0,0
603,0.2,0.09900990099009897,0.15826725705099473,0.2617047821174647,0.582188341447809,0,0
604,0.2,0.08118811881188118,0.1412201927103005,0.20008333597838124,0.6987890802493412,0,0
605,0.2,0.08118811881188118,0.1412201927103005,0.20008333597838124,0.6987890802493412,0,0
606,0.0,0.05148514851485149,0.09186070102766891,1.0,-0.0,0,0
607,0.0,0.057425742574257435,0.10277971700879983,1.0,-0.0,0,0
608,0.0,0.057425742574257435,0.11021718851545143,1.0,-0.0,0,0
609,0.0,0.06336633663366338,0.1158034971660471,1.0,-0.0,0,0
610,0.0,0.06336633663366338,0.1158034971660471,1.0,-0.0,0,0
611,0.0,0.019801980198019806,0.05973506189702319,1.0,-0.0,0,0
612,0.0,0.01386138613861386,0.05079507064705211,1.0,-0.0,0,0
613,0.0,0.0059405940594059415,0.03395332316729158,1.0,-0.0,0,0
614,0.0,0.0,0.0,1.0,-0.0,0,0
615,0.0,0.0,0.0,1.0,-0.0,0,0
616,0.0,0.011881188118811883,0.047276579747775535,1.0,-0.0,0,0
617,0.0,0.011881188118811883,0.047276579747775535,1.0,-0.0,0,0
618,0.0,0.06930693069306931,0.11057238501634628,1.0,-0.0,0,0
619,0.0,0.06930693069306931,0.11057238501634628,1.0,-0.0,0,0
620,0.0,0.06930693069306931,0.11057238501634628,1.0,-0.0,0,0
621,0.0,0.057425742574257435,0.10277971700879983,1.0,-0.0,0,0
622,0.0,0.057425742574257435,0.10277971700879983,1.0,-0.0,0,0
623,0.0,0.0,0.0,1.0,-0.0,0,0
624,0.0,0.025742574257425748,0.07264925278354116,1.0,-0.0,0,0
625,0.0,0.057425742574257435,0.10656335878870266,1.0,-0.0,0,0
626,0.0,0.06732673267326733,0.1135467024699521,1.0,-0.0,0,0
627,0.0,0.12475247524752477,0.1511709677939985,1.0,-0.0,0,0
628,0.0,0.12475247524752477,0.1511709677939985,1.0,-0.0,0,0
629,0.0,0.10297029702970298,0.13084299831035082,1.0,-0.0,0,0
630,0.0,0.100990099009901,0.12781100644043508,1.0,-0.0,0,0
631,0.0,0.12475247524752475,0.15376846462033406,1.0,-0.0,0,0
632,0.0,0.09702970297029702,0.13383560593042218,1.0,-0.0,0,0
633,0.0,0.11089108910891088,0.15018206119491914,1.0,-0.0,0,0
634,0.0,0.10693069306930691,0.14776046024695155,1.0,-0.0,0,0
635,0.0,0.12673267326732673,0.15083338726765974,1.0,-0.0,0,0
636,0.0,0.09306930693069305,0.1306930693069307,1.0,-0.0,0,0
637,0.0,0.06534653465346535,0.10571364605971598,1.0,-0.0,0,0
638,0.0,0.09504950495049505,0.12135883917659061,1.0,-0.0,0,0
639,0.0,0.09504950495049505,0.12135883917659061,1.0,-0.0,0,0
640,0.0,0.04554455445544555,0.10100951085035129,1.0,-0.0,0,0
641,0.0,0.04554455445544555,0.10100951085035129,1.0,-0.0,0,0
