,foreground,bg_means,bg_stdev,pvals,minus_logs,regs,active
2,0.4,0.1168316831683168,0.149632756335149,0.029217389961787507,1.5343585829199144,0,0
3,0.4,0.1168316831683168,0.149632756335149,0.029217389961787507,1.5343585829199144,0,0
4,0.4,0.1168316831683168,0.149632756335149,0.029217389961787507,1.5343585829199144,0,0
5,0.2,0.041584158415841586,0.08590499787518362,0.03258561123651815,1.4869741281544258,0,0
6,0.2,0.041584158415841586,0.08590499787518362,0.03258561123651815,1.4869741281544258,0,0
7,0.0,0.12277227722772276,0.1640340390410514,1.0,-0.0,0,0
8,0.2,0.3227722772277228,0.24691409822996177,1.0,-0.0,0,0
9,0.2,0.3227722772277228,0.24691409822996177,1.0,-0.0,0,0
10,0.2,0.3227722772277228,0.24691409822996177,1.0,-0.0,0,0
11,0.2,0.3465346534653465,0.24838661833012254,1.0,-0.0,0,0
12,0.2,0.22178217821782176,0.19478546736408614,1.0,-0.0,0,0
13,0.0,0.021782178217821784,0.06230547612891991,1.0,-0.0,0,0
14,0.0,0.021782178217821784,0.06230547612891991,1.0,-0.0,0,0
15,0.0,0.04752475247524753,0.09809478080396702,1.0,-0.0,0,0
16,0.0,0.06534653465346535,0.11295810453031022,1.0,-0.0,0,0
17,0.0,0.06534653465346535,0.11295810453031022,1.0,-0.0,0,0
18,0.0,0.06534653465346535,0.11295810453031022,1.0,-0.0,0,0
19,0.0,0.0712871287128713,0.11801714396634724,1.0,-0.0,0,0
20,0.0,0.04554455445544554,0.09283729243351323,1.0,-0.0,0,0
21,0.0,0.0059405940594059415,0.03395332316729158,1.0,-0.0,0,0
22,0.0,0.09504950495049505,0.12457948087149175,1.0,-0.0,0,0
23,0.0,0.09504950495049505,0.12457948087149175,1.0,-0.0,0,0
24,0.0,0.08910891089108909,0.12097048989545554,1.0,-0.0,0,0
25,0.2,0.11287128712871286,0.14736186103080443,0.2771741612614874,0.5572472579873242,0,0
26,0.2,0.13267326732673265,0.16951235294283323,0.3456177642280466,0.46140394354283976,0,0
27,0.2,0.08118811881188118,0.11664694237642095,0.1542060090621744,0.8118987024738039,0,0
28,0.2,0.15643564356435644,0.16793200037318168,0.3976568934569067,0.40049148456958894,0,0
29,0.2,0.17425742574257425,0.17946756531282695,0.4429719044017671,0.3536238181340862,0,0
30,0.0,0.2574257425742574,0.20164989494021335,1.0,-0.0,0,0
31,0.0,0.23762376237623759,0.2062640262970264,1.0,-0.0,0,0
32,0.0,0.24356435643564353,0.19418060470702989,1.0,-0.0,0,0
33,0.0,0.23762376237623767,0.2081752332823988,1.0,-0.0,0,0
34,0.0,0.21980198019801983,0.2039315561653939,1.0,-0.0,0,0
35,0.0,0.16633663366336632,0.1847005753086894,1.0,-0.0,0,0
36,0.0,0.1881188118811881,0.19051110448801098,1.0,-0.0,0,0
37,0.0,0.16237623762376235,0.17283397009132112,1.0,-0.0,0,0
38,0.0,0.09306930693069305,0.11103244173367276,1.0,-0.0,0,0
39,0.0,0.1465346534653465,0.143205423617937,1.0,-0.0,0,0
40,0.0,0.1168316831683168,0.14146987009498416,1.0,-0.0,0,0
41,0.0,0.09504950495049502,0.12457948087149173,1.0,-0.0,0,0
42,0.0,0.17425742574257425,0.17272049494935865,1.0,-0.0,0,0
43,0.0,0.17425742574257425,0.17272049494935865,1.0,-0.0,0,0
44,0.0,0.12079207920792079,0.14645435316515326,1.0,-0.0,0,0
45,0.0,0.1108910891089109,0.13923481846532235,1.0,-0.0,0,0
46,0.0,0.16237623762376235,0.17283397009132112,1.0,-0.0,0,0
47,0.0,0.12475247524752472,0.1511709677939985,1.0,-0.0,0,0
48,0.0,0.2712871287128713,0.23811829727615705,1.0,-0.0,0,0
49,0.0,0.2891089108910891,0.2395957776198681,1.0,-0.0,0,0
50,0.0,0.27326732673267323,0.2383487290824725,1.0,-0.0,0,0
51,0.0,0.2415841584158416,0.22217080519217025,1.0,-0.0,0,0
52,0.0,0.18217821782178217,0.18042635951740818,1.0,-0.0,0,0
53,0.0,0.05544554455445545,0.1019369320889802,1.0,-0.0,0,0
54,0.0,0.03762376237623763,0.07816140339006158,1.0,-0.0,0,0
55,0.0,0.03762376237623763,0.07816140339006158,1.0,-0.0,0,0
56,0.0,0.019801980198019802,0.059735061897023205,1.0,-0.0,0,0
57,0.0,0.10495049504950493,0.1307830473343237,1.0,-0.0,0,0
58,0.0,0.08514851485148514,0.1172170185104851,1.0,-0.0,0,0
59,0.0,0.08514851485148514,0.1172170185104851,1.0,-0.0,0,0
60,0.0,0.10297029702970295,0.127780323207142,1.0,-0.0,0,0
61,0.0,0.10297029702970295,0.127780323207142,1.0,-0.0,0,0
62,0.0,0.017821782178217824,0.05698017651460656,1.0,-0.0,0,0
63,0.0,0.017821782178217824,0.05698017651460656,1.0,-0.0,0,0
64,0.0,0.017821782178217824,0.05698017651460656,1.0,-0.0,0,0
65,0.0,0.0,0.0,1.0,-0.0,0,0
66,0.0,0.0,0.0,1.0,-0.0,0,0
67,0.0,0.0,0.0,1.0,-0.0,0,0
68,0.0,0.0,0.0,1.0,-0.0,0,0
69,0.0,0.12079207920792079,0.15435386352400063,1.0,-0.0,0,0
70,0.0,0.14653465346534653,0.17551302816760664,1.0,-0.0,0,0
71,0.0,0.21188118811881188,0.2121493629977959,1.0,-0.0,0,0
72,0.0,0.21188118811881188,0.2121493629977959,1.0,-0.0,0,0
73,0.0,0.21188118811881188,0.2121493629977959,1.0,-0.0,0,0
74,0.0,0.0891089108910891,0.14481192315867106,1.0,-0.0,0,0
75,0.0,0.06534653465346535,0.1164113937164283,1.0,-0.0,0,0
76,0.0,0.0,0.0,1.0,-0.0,0,0
77,0.0,0.025742574257425748,0.0669763743575753,1.0,-0.0,0,0
78,0.0,0.025742574257425748,0.0669763743575753,1.0,-0.0,0,0
79,0.0,0.04158415841584159,0.0859049978751836,1.0,-0.0,0,0
80,0.0,0.04158415841584159,0.0859049978751836,1.0,-0.0,0,0
81,0.0,0.08118811881188118,0.11664694237642095,1.0,-0.0,0,0
82,0.0,0.11683168316831682,0.1598695674609062,1.0,-0.0,0,0
83,0.0,0.1376237623762376,0.16341133493685353,1.0,-0.0,0,0
84,0.0,0.13663366336633662,0.1565233492702535,1.0,-0.0,0,0
85,0.0,0.19801980198019803,0.18346510608951241,1.0,-0.0,0,0
86,0.0,0.1742574257425742,0.16329131190564994,1.0,-0.0,0,0
87,0.0,0.11089108910891088,0.13342479626077636,1.0,-0.0,0,0
88,0.0,0.09108910891089109,0.12113245340338319,1.0,-0.0,0,0
89,0.0,0.1089108910891089,0.13057300215314482,1.0,-0.0,0,0
90,0.0,0.047524752475247525,0.08965727859542,1.0,-0.0,0,0
91,0.0,0.21782178217821782,0.18042635951740818,1.0,-0.0,0,0
92,0.0,0.22574257425742575,0.1794675653128269,1.0,-0.0,0,0
93,0.0,0.22574257425742575,0.1794675653128269,1.0,-0.0,0,0
94,0.0,0.19405940594059404,0.18120705414231045,1.0,-0.0,0,0
95,0.0,0.21188118811881188,0.19257871154715578,1.0,-0.0,0,0
96,0.0,0.04356435643564357,0.09587103712404124,1.0,-0.0,0,0
97,0.0,0.10297029702970295,0.13962853515884507,1.0,-0.0,0,0
98,0.2,0.12178217821782175,0.14044058001185858,0.28878215612969615,0.5394296453607944,0,0
99,0.2,0.23168316831683167,0.19847472496357746,1.0,-0.0,0,0
100,0.2,0.27128712871287125,0.21170530314303518,1.0,-0.0,0,0
101,0.2,0.25346534653465347,0.20273591877004277,1.0,-0.0,0,0
102,0.2,0.1861386138613861,0.1914145896807061,0.4711356189125195,0.3268540608808608,0,0
103,0.0,0.16831683168316827,0.17515520306927512,1.0,-0.0,0,0
104,0.0,0.057425742574257435,0.10277971700879983,1.0,-0.0,0,0
105,0.0,0.0,0.0,1.0,-0.0,0,0
106,0.0,0.0,0.0,1.0,-0.0,0,0
107,0.0,0.0,0.0,1.0,-0.0,0,0
108,0.0,0.0,0.0,1.0,-0.0,0,0
109,0.0,0.0,0.0,1.0,-0.0,0,0
110,0.0,0.0,0.0,1.0,-0.0,0,0
111,0.0,0.0,0.0,1.0,-0.0,0,0
112,0.0,0.1425742574257426,0.16004116713803365,1.0,-0.0,0,0
113,0.0,0.1485148514851485,0.16567525277902487,1.0,-0.0,0,0
114,0.0,0.1485148514851485,0.16567525277902487,1.0,-0.0,0,0
115,0.0,0.1485148514851485,0.16567525277902487,1.0,-0.0,0,0
116,0.0,0.1485148514851485,0.16567525277902487,1.0,-0.0,0,0
117,0.0,0.007920792079207921,0.03900537743285587,1.0,-0.0,0,0
118,0.0,0.0059405940594059415,0.03395332316729158,1.0,-0.0,0,0
119,0.0,0.0059405940594059415,0.03395332316729158,1.0,-0.0,0,0
120,0.0,0.0059405940594059415,0.03395332316729158,1.0,-0.0,0,0
121,0.0,0.0059405940594059415,0.03395332316729158,1.0,-0.0,0,0
122,0.0,0.0039603960396039604,0.027863855998951064,1.0,-0.0,0,0
123,0.0,0.0,0.0,1.0,-0.0,0,0
124,0.0,0.0,0.0,1.0,-0.0,0,0
125,0.0,0.0,0.0,1.0,-0.0,0,0
126,0.0,0.0,0.0,1.0,-0.0,0,0
127,0.0,0.0,0.0,1.0,-0.0,0,0
128,0.2,0.10891089108910891,0.13937555924568534,0.2567003926389666,0.5905734670480496,0,0
129,0.2,0.12673267326732673,0.15083338726765974,0.3135721934323226,0.5036624561098186,0,0
130,0.2,0.12673267326732673,0.15083338726765974,0.3135721934323226,0.5036624561098186,0,0
131,0.2,0.12673267326732673,0.15083338726765974,0.3135721934323226,0.5036624561098186,0,0
132,0.2,0.12673267326732673,0.15083338726765974,0.3135721934323226,0.5036624561098186,0,0
133,0.0,0.09108910891089109,0.12113245340338318,1.0,-0.0,0,0
134,0.0,0.0891089108910891,0.11423528793549272,1.0,-0.0,0,0
135,0.0,0.0891089108910891,0.11423528793549272,1.0,-0.0,0,0
136,0.0,0.11089108910891088,0.12734998170941408,1.0,-0.0,0,0
137,0.0,0.1287128712871287,0.13075306153836974,1.0,-0.0,0,0
138,0.0,0.05346534653465347,0.09704990696905226,1.0,-0.0,0,0
139,0.0,0.03762376237623763,0.07816140339006158,1.0,-0.0,0,0
140,0.0,0.04356435643564357,0.08255312311158745,1.0,-0.0,0,0
141,0.0,0.021782178217821784,0.06230547612891991,1.0,-0.0,0,0
142,0.0,0.03564356435643565,0.08626938974571076,1.0,-0.0,0,0
143,0.0,0.04752475247524753,0.09809478080396702,1.0,-0.0,0,0
144,0.0,0.04752475247524753,0.09809478080396702,1.0,-0.0,0,0
145,0.0,0.041584158415841586,0.0859049978751836,1.0,-0.0,0,0
146,0.0,0.041584158415841586,0.0859049978751836,1.0,-0.0,0,0
147,0.0,0.04158415841584159,0.08116396646304633,1.0,-0.0,0,0
148,0.0,0.0297029702970297,0.07112192077650681,1.0,-0.0,0,0
149,0.0,0.0297029702970297,0.07112192077650681,1.0,-0.0,0,0
150,0.0,0.0297029702970297,0.07112192077650681,1.0,-0.0,0,0
151,0.0,0.0297029702970297,0.07112192077650681,1.0,-0.0,0,0
152,0.0,0.0,0.0,1.0,-0.0,0,0
153,0.0,0.0,0.0,1.0,-0.0,0,0
154,0.0,0.0,0.0,1.0,-0.0,0,0
155,0.0,0.0,0.0,1.0,-0.0,0,0
156,0.0,0.0,0.0,1.0,-0.0,0,0
157,0.2,0.07524752475247526,0.12851469892742934,0.16584253402843124,0.7803040749629362,0,0
158,0.2,0.08514851485148514,0.13886822488939993,0.2041033004819388,0.6901499724054179,0,0
159,0.2,0.10297029702970298,0.15054715096038188,0.25962118471448503,0.5856598726219708,0,0
160,0.2,0.11089108910891088,0.15789518399405605,0.2862563340880445,0.5432448947689086,0,0
161,0.2,0.12871287128712872,0.16065252686710352,0.32861713949290217,0.48330978906568245,0,0
162,0.0,0.057425742574257435,0.10277971700879983,1.0,-0.0,0,0
163,0.0,0.06732673267326733,0.10634234916512914,1.0,-0.0,0,0
164,0.0,0.08514851485148514,0.130031327995105,1.0,-0.0,0,0
165,0.0,0.07722772277227723,0.122580495370631,1.0,-0.0,0,0
166,0.0,0.0594059405940594,0.11096178792967841,1.0,-0.0,0,0
167,0.0,0.05544554455445545,0.10943169805661862,1.0,-0.0,0,0
168,0.0,0.03564356435643565,0.08154954567118416,1.0,-0.0,0,0
169,0.2,0.039603960396039604,0.07970143286137865,0.02208567245422131,1.6558893730090944,0,0
170,0.2,0.039603960396039604,0.07970143286137865,0.02208567245422131,1.6558893730090944,0,0
171,0.2,0.039603960396039604,0.07970143286137865,0.02208567245422131,1.6558893730090944,0,0
172,0.2,0.039603960396039604,0.07970143286137865,0.02208567245422131,1.6558893730090944,0,0
173,0.2,0.039603960396039604,0.07970143286137865,0.02208567245422131,1.6558893730090944,0,0
174,0.0,0.0,0.0,1.0,-0.0,0,0
175,0.0,0.0,0.0,1.0,-0.0,0,0
176,0.4,0.04356435643564357,0.08255312311158747,7.88489614918852e-06,5.103204022326376,0,0
177,0.4,0.04356435643564357,0.08255312311158747,7.88489614918852e-06,5.103204022326376,0,0
178,0.4,0.04356435643564357,0.08255312311158747,7.88489614918852e-06,5.103204022326376,0,0
179,0.4,0.04356435643564357,0.08255312311158747,7.88489614918852e-06,5.103204022326376,0,0
180,0.4,0.04356435643564357,0.08255312311158747,7.88489614918852e-06,5.103204022326376,0,0
181,0.0,0.0,0.0,1.0,-0.0,0,0
182,0.0,0.0,0.0,1.0,-0.0,0,0
183,0.0,0.019801980198019802,0.059735061897023205,1.0,-0.0,0,0
184,0.2,0.041584158415841586,0.08590499787518362,0.03258561123651815,1.4869741281544258,0,0
185,0.2,0.041584158415841586,0.08590499787518362,0.03258561123651815,1.4869741281544258,0,0
186,0.2,0.06336633663366337,0.10120342446875752,0.08849366552547523,1.0530878154692966,0,0
187,0.2,0.06336633663366337,0.10120342446875752,0.08849366552547523,1.0530878154692966,0,0
188,0.2,0.05346534653465347,0.09704990696905226,0.0655357875709919,1.1835214771048093,0,0
189,0.2,0.1069306930693069,0.1306930693069307,0.23819485997038664,0.6230676144341947,0,0
190,0.2,0.1069306930693069,0.1306930693069307,0.23819485997038664,0.6230676144341947,0,0
191,0.2,0.08514851485148513,0.1172170185104851,0.16358768676286206,0.7862493887587914,0,0
192,0.2,0.08514851485148513,0.1172170185104851,0.16358768676286206,0.7862493887587914,0,0
193,0.2,0.07524752475247526,0.11205191564986228,0.13278007588509982,0.8768670874855233,0,0
194,0.0,0.01386138613861386,0.05079507064705211,1.0,-0.0,0,0
195,0.0,0.027722772277227727,0.06910862719451544,1.0,-0.0,0,0
196,0.0,0.027722772277227727,0.06910862719451544,1.0,-0.0,0,0
197,0.0,0.04554455445544555,0.08387254884969257,1.0,-0.0,0,0
198,0.0,0.04554455445544555,0.08387254884969257,1.0,-0.0,0,0
199,0.0,0.061386138613861385,0.10433219700847123,1.0,-0.0,0,0
200,0.0,0.04752475247524753,0.08965727859541997,1.0,-0.0,0,0
201,0.0,0.06534653465346535,0.10571364605971598,1.0,-0.0,0,0
202,0.0,0.04752475247524753,0.09397077637785879,1.0,-0.0,0,0
203,0.0,0.06336633663366337,0.10874875419996817,1.0,-0.0,0,0
204,0.0,0.033663366336633666,0.07994704648786674,1.0,-0.0,0,0
205,0.0,0.033663366336633666,0.07994704648786674,1.0,-0.0,0,0
206,0.0,0.015841584158415842,0.05401260078014202,1.0,-0.0,0,0
207,0.0,0.015841584158415842,0.05401260078014202,1.0,-0.0,0,0
208,0.0,0.0,0.0,1.0,-0.0,0,0
209,0.0,0.0,0.0,1.0,-0.0,0,0
210,0.0,0.0,0.0,1.0,-0.0,0,0
211,0.0,0.0,0.0,1.0,-0.0,0,0
212,0.0,0.0,0.0,1.0,-0.0,0,0
213,0.0,0.0,0.0,1.0,-0.0,0,0
214,0.0,0.0,0.0,1.0,-0.0,0,0
215,0.6,0.13069306930693067,0.1602859908502817,0.001706107951925011,2.7679934928390226,0,0
216,0.6,0.13069306930693067,0.1602859908502817,0.001706107951925011,2.7679934928390226,0,0
217,1.4,0.3247524752475247,0.23352907703454365,2.0688691323096867e-06,5.68426698005118,0,0
218,1.8,0.39801980198019804,0.2662464420883653,6.98190869354197e-08,7.1560258350048205,0,0
219,1.8,0.39801980198019804,0.2662464420883653,6.98190869354197e-08,7.1560258350048205,0,0
220,1.4,0.3485148514851486,0.25118091834339135,1.4185262930784794e-05,4.848162609932938,0,0
221,1.4,0.3485148514851486,0.25118091834339135,1.4185262930784794e-05,4.848162609932938,0,0
222,0.8,0.22970297029702966,0.18537868892623288,0.0010476201608918807,2.9797961524004486,0,0
223,0.4,0.15643564356435644,0.15312962320143528,0.05585247573199866,1.2529575714666246,0,0
224,0.4,0.21386138613861383,0.17633771771004506,0.14558001176517477,0.8368982498581383,0,0
225,0.2,0.13267326732673265,0.13578441772620808,0.31000524321749034,0.5086309607426089,0,0
226,0.2,0.13267326732673265,0.13578441772620808,0.31000524321749034,0.5086309607426089,0,0
227,0.0,0.07524752475247524,0.11205191564986226,1.0,-0.0,0,0
228,0.0,0.07524752475247524,0.11205191564986226,1.0,-0.0,0,0
229,0.0,0.017821782178217824,0.05698017651460656,1.0,-0.0,0,0
230,0.0,0.017821782178217824,0.05698017651460656,1.0,-0.0,0,0
231,0.4,0.09900990099009901,0.1367914141716479,0.013890748332252295,1.8572743570115982,0,0
232,0.4,0.08118811881188118,0.11320083903331847,0.0024287228901106817,2.6146220340467345,0,0
233,0.4,0.1089108910891089,0.12750384183766533,0.011215683594681069,1.9501742510734148,0,0
234,0.4,0.1089108910891089,0.12750384183766533,0.011215683594681069,1.9501742510734148,0,0
235,0.4,0.1089108910891089,0.12750384183766533,0.011215683594681069,1.9501742510734148,0,0
236,0.0,0.02772277227722773,0.06910862719451544,1.0,-0.0,0,0
237,0.0,0.02772277227722773,0.06910862719451544,1.0,-0.0,0,0
238,0.2,0.04554455445544554,0.09283729243351323,0.048083999170693,1.3179994190099729,0,0
239,0.2,0.04554455445544554,0.09283729243351323,0.048083999170693,1.3179994190099729,0,0
240,0.2,0.04554455445544554,0.09283729243351323,0.048083999170693,1.3179994190099729,0,0
241,0.4,0.11089108910891088,0.13923481846532235,0.018927910261660824,1.7228973317270233,0,0
242,0.4,0.11089108910891088,0.13923481846532235,0.018927910261660824,1.7228973317270233,0,0
243,1.2,0.2316831683168317,0.2004602096608913,6.810590530055449e-07,6.166815229816221,0,0
244,1.2,0.2316831683168317,0.2004602096608913,6.810590530055449e-07,6.166815229816221,0,0
245,1.2,0.2316831683168317,0.2004602096608913,6.810590530055449e-07,6.166815229816221,0,0
246,1.0,0.16633663366336632,0.16666633990099655,2.837076649911948e-07,6.547128930617927,0,0
247,1.0,0.17425742574257425,0.16569891898195668,3.12396872815937e-07,6.505293322187759,0,0
248,0.2,0.07326732673267328,0.11509022642946842,0.13541366575877595,0.8683375050442039,0,0
249,0.4,0.20198019801980197,0.189830668692386,0.1484419259212758,0.8284434196455619,0,0
250,0.4,0.21782178217821782,0.19920437766272148,0.18021942394895546,0.7441984028173692,0,0
251,0.4,0.22772277227722773,0.2030065169325038,0.19804386836342264,0.7032385992438022,0,0
252,0.4,0.21980198019801983,0.19600959866383083,0.17896080783974994,0.7472420684758333,0,0
253,0.2,0.15346534653465344,0.17996939037626558,0.3979835845531374,0.40013484070273053,0,0
254,0.0,0.025742574257425748,0.0669763743575753,1.0,-0.0,0,0
255,0.0,0.009900990099009901,0.04338396495090425,1.0,-0.0,0,0
256,0.0,0.0,0.0,1.0,-0.0,0,0
257,0.0,0.0,0.0,1.0,-0.0,0,0
258,0.0,0.031683168316831684,0.07826167463512675,1.0,-0.0,0,0
259,0.0,0.05148514851485149,0.09186070102766893,1.0,-0.0,0,0
260,0.0,0.05148514851485149,0.09186070102766893,1.0,-0.0,0,0
261,0.0,0.05148514851485149,0.09186070102766893,1.0,-0.0,0,0
262,0.0,0.05148514851485149,0.09186070102766893,1.0,-0.0,0,0
263,0.0,0.031683168316831684,0.08316831683168317,1.0,-0.0,0,0
264,0.0,0.011881188118811883,0.04727657974777555,1.0,-0.0,0,0
265,0.0,0.011881188118811883,0.04727657974777555,1.0,-0.0,0,0
266,0.0,0.031683168316831684,0.0730260947112308,1.0,-0.0,0,0
267,0.0,0.031683168316831684,0.0730260947112308,1.0,-0.0,0,0
268,0.0,0.04554455445544555,0.10100951085035129,1.0,-0.0,0,0
269,0.0,0.10693069306930694,0.13661931335176508,1.0,-0.0,0,0
270,0.0,0.10693069306930694,0.13661931335176508,1.0,-0.0,0,0
271,0.0,0.08712871287128714,0.11402914890208293,1.0,-0.0,0,0
272,0.0,0.08712871287128714,0.11402914890208293,1.0,-0.0,0,0
273,0.0,0.06138613861386138,0.09644194583672018,1.0,-0.0,0,0
274,0.0,0.0,0.0,1.0,-0.0,0,0
275,0.0,0.0,0.0,1.0,-0.0,0,0
276,0.0,0.0,0.0,1.0,-0.0,0,0
277,0.0,0.0,0.0,1.0,-0.0,0,0
278,0.0,0.007920792079207921,0.03900537743285587,1.0,-0.0,0,0
279,0.0,0.03762376237623763,0.08771182015980238,1.0,-0.0,0,0
280,0.0,0.20198019801980197,0.18346510608951241,1.0,-0.0,0,0
281,0.0,0.22178217821782176,0.19881030333482985,1.0,-0.0,0,0
282,0.0,0.23762376237623759,0.21194595105361827,1.0,-0.0,0,0
283,0.0,0.2356435643564356,0.21135309408516964,1.0,-0.0,0,0
284,0.0,0.20594059405940587,0.20188310615339292,1.0,-0.0,0,0
285,0.0,0.057425742574257435,0.11375371577303026,1.0,-0.0,0,0
286,0.0,0.1306930693069307,0.1474150698648297,1.0,-0.0,0,0
287,0.0,0.11287128712871286,0.13324834725751067,1.0,-0.0,0,0
288,0.0,0.10693069306930694,0.12448501897427099,1.0,-0.0,0,0
289,0.0,0.1198019801980198,0.13202145188739237,1.0,-0.0,0,0
290,0.0,0.10297029702970295,0.13084299831035082,1.0,-0.0,0,0
291,0.0,0.015841584158415842,0.05401260078014202,1.0,-0.0,0,0
292,0.0,0.019801980198019802,0.0597350618970232,1.0,-0.0,0,0
293,0.0,0.019801980198019802,0.0597350618970232,1.0,-0.0,0,0
294,0.0,0.007920792079207921,0.03900537743285587,1.0,-0.0,0,0
295,0.0,0.007920792079207921,0.03900537743285587,1.0,-0.0,0,0
296,0.0,0.0039603960396039604,0.027863855998951068,1.0,-0.0,0,0
297,0.0,0.011881188118811883,0.04727657974777554,1.0,-0.0,0,0
298,0.0,0.011881188118811883,0.04727657974777554,1.0,-0.0,0,0
299,0.0,0.04356435643564357,0.09164702150816742,1.0,-0.0,0,0
300,0.0,0.12277227722772276,0.15148191286261609,1.0,-0.0,0,0
301,0.0,0.12277227722772276,0.15148191286261609,1.0,-0.0,0,0
302,0.0,0.18217821782178217,0.17142156917092394,1.0,-0.0,0,0
303,0.0,0.18217821782178217,0.17142156917092394,1.0,-0.0,0,0
304,0.0,0.15049504950495052,0.1577212495187317,1.0,-0.0,0,0
305,0.0,0.06930693069306931,0.09924724028627065,1.0,-0.0,0,0
306,0.0,0.07524752475247526,0.10089298378500594,1.0,-0.0,0,0
307,0.0,0.0059405940594059415,0.03395332316729158,1.0,-0.0,0,0
308,0.0,0.3069306930693069,0.2494577984676994,1.0,-0.0,0,0
309,0.0,0.3069306930693069,0.2494577984676994,1.0,-0.0,0,0
310,0.0,0.3069306930693069,0.2494577984676994,1.0,-0.0,0,0
311,0.0,0.300990099009901,0.249552093613183,1.0,-0.0,0,0
312,0.0,0.3326732673267327,0.2552843147640922,1.0,-0.0,0,0
313,0.0,0.031683168316831684,0.07826167463512675,1.0,-0.0,0,0
314,0.0,0.031683168316831684,0.07826167463512675,1.0,-0.0,0,0
315,0.0,0.031683168316831684,0.07826167463512675,1.0,-0.0,0,0
316,0.0,0.031683168316831684,0.07826167463512675,1.0,-0.0,0,0
317,0.0,0.03564356435643565,0.08154954567118416,1.0,-0.0,0,0
318,0.0,0.05940594059405942,0.0996808946427978,1.0,-0.0,0,0
319,0.0,0.05940594059405942,0.0996808946427978,1.0,-0.0,0,0
320,0.0,0.05940594059405942,0.0996808946427978,1.0,-0.0,0,0
321,0.0,0.05940594059405942,0.0996808946427978,1.0,-0.0,0,0
322,0.0,0.023762376237623763,0.07056843438101172,1.0,-0.0,0,0
323,0.0,0.0,0.0,1.0,-0.0,0,0
324,0.0,0.007920792079207921,0.03900537743285587,1.0,-0.0,0,0
325,0.0,0.015841584158415842,0.05401260078014202,1.0,-0.0,0,0
326,0.0,0.015841584158415842,0.05401260078014202,1.0,-0.0,0,0
327,0.0,0.015841584158415842,0.05401260078014202,1.0,-0.0,0,0
328,0.0,0.015841584158415842,0.05401260078014202,1.0,-0.0,0,0
329,0.0,0.007920792079207921,0.03900537743285587,1.0,-0.0,0,0
330,0.0,0.0,0.0,1.0,-0.0,0,0
331,0.0,0.041584158415841586,0.08116396646304633,1.0,-0.0,0,0
332,0.0,0.11287128712871286,0.14736186103080443,1.0,-0.0,0,0
333,0.0,0.12277227722772277,0.15662352422404113,1.0,-0.0,0,0
334,0.0,0.12277227722772277,0.15662352422404113,1.0,-0.0,0,0
335,0.0,0.12277227722772277,0.15662352422404113,1.0,-0.0,0,0
336,0.0,0.08118811881188118,0.13549532985786936,1.0,-0.0,0,0
337,0.0,0.009900990099009901,0.04338396495090424,1.0,-0.0,0,0
338,0.0,0.0,0.0,1.0,-0.0,0,0
339,0.0,0.0,0.0,1.0,-0.0,0,0
340,0.0,0.0,0.0,1.0,-0.0,0,0
341,0.0,0.05940594059405942,0.09562531855564071,1.0,-0.0,0,0
342,0.0,0.07920792079207921,0.11966689053257921,1.0,-0.0,0,0
343,0.0,0.2198019801980198,0.20586441850878454,1.0,-0.0,0,0
344,0.0,0.2198019801980198,0.20586441850878454,1.0,-0.0,0,0
345,0.0,0.23960396039603962,0.2198465747287386,1.0,-0.0,0,0
346,0.0,0.2059405940594059,0.19991175388711227,1.0,-0.0,0,0
347,0.0,0.1861386138613861,0.1914145896807061,1.0,-0.0,0,0
348,0.0,0.04554455445544555,0.08846854615322249,1.0,-0.0,0,0
349,0.0,0.04554455445544555,0.08846854615322249,1.0,-0.0,0,0
350,0.0,0.025742574257425745,0.0669763743575753,1.0,-0.0,0,0
351,0.0,0.0,0.0,1.0,-0.0,0,0
352,0.0,0.0,0.0,1.0,-0.0,0,0
353,0.0,0.013861386138613863,0.05079507064705211,1.0,-0.0,0,0
354,0.0,0.013861386138613863,0.05079507064705211,1.0,-0.0,0,0
355,0.0,0.04356435643564357,0.09587103712404124,1.0,-0.0,0,0
356,0.0,0.04356435643564357,0.09587103712404124,1.0,-0.0,0,0
357,0.0,0.06336633663366337,0.1158034971660471,1.0,-0.0,0,0
358,0.0,0.049504950495049514,0.1068206254198905,1.0,-0.0,0,0
359,0.0,0.0712871287128713,0.1337476815110359,1.0,-0.0,0,0
360,0.0,0.05346534653465347,0.09704990696905226,1.0,-0.0,0,0
361,0.0,0.21386138613861383,0.19951907671778213,1.0,-0.0,0,0
362,0.0,0.19405940594059404,0.18764923153239027,1.0,-0.0,0,0
363,0.0,0.19405940594059404,0.18764923153239027,1.0,-0.0,0,0
364,0.0,0.17227722772277226,0.1802741651760957,1.0,-0.0,0,0
365,0.0,0.1603960396039604,0.17804171717219025,1.0,-0.0,0,0
366,0.0,0.1861386138613861,0.17407731466008644,1.0,-0.0,0,0
367,0.0,0.1861386138613861,0.17407731466008644,1.0,-0.0,0,0
368,0.0,0.34851485148514855,0.21369630592401923,1.0,-0.0,0,0
369,0.0,0.34851485148514855,0.21369630592401923,1.0,-0.0,0,0
370,0.2,0.4217821782178218,0.2562501718506217,1.0,-0.0,0,0
371,0.2,0.2356435643564356,0.20371993900374946,1.0,-0.0,0,0
372,0.2,0.2356435643564356,0.20371993900374946,1.0,-0.0,0,0
373,0.2,0.07326732673267328,0.12177815335858849,0.14901092980675446,0.8267818753416014,0,0
374,0.2,0.07326732673267328,0.12177815335858849,0.14901092980675446,0.8267818753416014,0,0
375,0.0,0.0059405940594059415,0.03395332316729158,1.0,-0.0,0,0
376,0.0,0.0059405940594059415,0.03395332316729158,1.0,-0.0,0,0
377,0.0,0.1841584158415841,0.15841584158415842,1.0,-0.0,0,0
378,0.0,0.29504950495049503,0.22966882641422534,1.0,-0.0,0,0
379,0.0,0.3504950495049505,0.24112925845368355,1.0,-0.0,0,0
380,0.0,0.3445544554455445,0.23734306853818019,1.0,-0.0,0,0
381,0.0,0.3445544554455445,0.23734306853818019,1.0,-0.0,0,0
382,0.0,0.16633663366336635,0.16666633990099655,1.0,-0.0,0,0
383,0.0,0.24356435643564353,0.20986362454640434,1.0,-0.0,0,0
384,0.0,0.1900990099009901,0.1697435167662324,1.0,-0.0,0,0
385,0.0,0.1900990099009901,0.1697435167662324,1.0,-0.0,0,0
386,0.0,0.1900990099009901,0.1697435167662324,1.0,-0.0,0,0
387,0.0,0.1900990099009901,0.1697435167662324,1.0,-0.0,0,0
388,0.4,0.04356435643564357,0.09164702150816742,5.028297628426176e-05,4.29857902403349,0,0
389,0.4,0.04752475247524753,0.09809478080396702,0.00016331392774761414,3.7869767761573785,0,0
390,0.8,0.06336633663366337,0.1224524739306163,8.957214199926628e-10,9.04782704008342,0,0
