,foreground,bg_means,bg_stdev,pvals,minus_logs,regs,active
2,0.0,1.4554455445544554,0.4972150654314792,1.0,-0.0,0,0
3,0.0,1.4554455445544554,0.4972150654314792,1.0,-0.0,0,0
4,0.0,0.2673267326732673,0.22210019632174183,1.0,-0.0,0,0
5,0.2,0.42970297029702975,0.2719728271428023,1.0,-0.0,0,0
6,0.2,0.21188118811881188,0.18200594523684843,1.0,-0.0,0,0
7,0.2,0.7306930693069308,0.3542507290901126,1.0,-0.0,0,0
8,0.2,0.7920792079207922,0.3795993636644062,1.0,-0.0,0,0
9,0.2,0.7920792079207922,0.3795993636644062,1.0,-0.0,0,0
10,0.0,0.6297029702970297,0.3274699153154712,1.0,-0.0,0,0
11,0.2,1.0554455445544555,0.4324636418128696,1.0,-0.0,0,0
12,0.2,0.603960396039604,0.33297958551857254,1.0,-0.0,0,0
13,0.2,0.6554455445544554,0.33551357043418606,1.0,-0.0,0,0
14,0.2,0.6554455445544554,0.33551357043418606,1.0,-0.0,0,0
15,1.0,0.9405940594059408,0.45165881669395386,0.44767867919723087,0.34903358850125893,0,0
16,0.8,0.5128712871287129,0.34745563612720565,0.20429565001594374,0.6897408805245987,0,0
17,0.8,0.39801980198019804,0.2863149958273306,0.0801625741476338,1.0960283453670068,0,0
18,3.2,1.4118811881188118,0.4766398745826379,8.788669709972994e-05,4.056076856591786,0,0
19,3.2,1.5663366336633662,0.470154225322572,0.00025567501751259404,3.5923117056321803,0,0
20,2.4,1.2821782178217822,0.4269152626760194,0.004417557573932549,2.3548177816337015,0,0
21,3.4,2.2158415841584156,0.5483968847661818,0.015413095040293215,1.8121101436336857,0,0
22,3.8,2.6277227722772283,0.6049496848206399,0.026323236029839183,1.579660722067446,0,0
23,1.4,1.499009900990099,0.4655445123414918,1.0,-0.0,0,0
24,1.4,1.3465346534653466,0.4386216837690593,0.45149148825225227,0.345350432814314,0,0
25,1.4,1.3465346534653466,0.4386216837690593,0.45149148825225227,0.345350432814314,0,0
26,0.4,0.4118811881188119,0.21767772013720868,1.0,-0.0,0,0
27,0.0,0.0,0.0,1.0,-0.0,0,0
28,0.0,0.0,0.0,1.0,-0.0,0,0
29,0.4,0.3346534653465347,0.20702305011778419,0.3761346246766202,0.42465668621639135,0,0
30,0.4,0.3346534653465347,0.20702305011778419,0.3761346246766202,0.42465668621639135,0,0
31,0.6,0.8415841584158416,0.3112629421485712,1.0,-0.0,0,0
32,0.6,0.8970297029702969,0.3228755225750778,1.0,-0.0,0,0
33,1.0,1.108910891089109,0.3935366451418508,1.0,-0.0,0,0
34,0.6,0.8277227722772278,0.3306515655463544,1.0,-0.0,0,0
35,0.6,0.8277227722772278,0.3306515655463544,1.0,-0.0,0,0
36,0.6,0.4217821782178217,0.25625017185062177,0.24337610631119438,0.6137220613013727,0,0
37,0.6,0.36633663366336633,0.2270243270964992,0.15168257774907984,0.8190642993843816,0,0
38,0.2,0.15445544554455445,0.14860723199440568,0.37962111390467757,0.42064964082512524,0,0
39,0.4,0.2950495049504951,0.23309210248811343,0.3262638936514861,0.48643098522393924,0,0
40,0.4,0.3425742574257426,0.24101539930812824,0.4058374474340082,0.39164788223217395,0,0
41,0.2,0.23960396039603954,0.19298551113766996,1.0,-0.0,0,0
42,0.4,0.4435643564356436,0.27083144500006545,1.0,-0.0,0,0
43,0.6,0.7089108910891091,0.3395101333884798,1.0,-0.0,0,0
44,0.4,0.514851485148515,0.29429766658470174,1.0,-0.0,0,0
45,0.6,0.5861386138613862,0.3060543221601847,0.48193783699555637,0.3170089758500464,0,0
46,0.6,0.5861386138613862,0.3060543221601847,0.48193783699555637,0.3170089758500464,0,0
47,0.4,0.38217821782178224,0.23394847516170567,0.46963864871818733,0.32823617020514334,0,0
48,1.0,0.5643564356435644,0.27198724431936855,0.054610333838777884,1.262725168567992,0,0
49,1.2,0.6613861386138613,0.30925342775810777,0.04078410908154093,1.38950902030537,0,0
50,1.4,0.788118811881188,0.3524418718206589,0.04127135811064992,1.3843512396213384,0,0
51,1.4,0.788118811881188,0.3524418718206589,0.04127135811064992,1.3843512396213384,0,0
52,1.8,1.0158415841584159,0.3957028271059845,0.023757245201941266,1.6242039198759268,0,0
53,1.0,0.5702970297029704,0.29968450554285325,0.0758073735844307,1.1202885496280381,0,0
54,1.0,0.7762376237623763,0.3212440282918351,0.24304237579107402,0.6143179981393263,0,0
55,0.6,0.5326732673267326,0.27615066589719317,0.4036911768841366,0.3939507424708023,0,0
56,1.4,1.1049504950495053,0.3854728965633037,0.22201009469537086,0.6536272779330383,0,0
