,foreground,bg_means,bg_stdev,pvals,minus_logs,regs,active
2,1.4,0.24356435643564353,0.21360453956691963,3.083167239761502e-08,7.511002917266461,0,0
3,0.2,0.14257425742574253,0.15501295675866084,0.35552074633585173,0.44913505103467577,0,0
4,0.0,0.0019801980198019802,0.019801980198019802,1.0,-0.0,0,0
5,0.0,0.0019801980198019802,0.019801980198019802,1.0,-0.0,0,0
6,0.0,0.0019801980198019802,0.019801980198019802,1.0,-0.0,0,0
7,0.0,0.0059405940594059415,0.033953323167291584,1.0,-0.0,0,0
8,0.0,0.0059405940594059415,0.033953323167291584,1.0,-0.0,0,0
9,0.0,0.0059405940594059415,0.033953323167291584,1.0,-0.0,0,0
10,0.0,0.0059405940594059415,0.033953323167291584,1.0,-0.0,0,0
11,0.0,0.007920792079207921,0.03900537743285587,1.0,-0.0,0,0
12,0.0,0.0019801980198019802,0.019801980198019802,1.0,-0.0,0,0
13,0.0,0.0019801980198019802,0.019801980198019802,1.0,-0.0,0,0
14,0.0,0.0059405940594059415,0.033953323167291584,1.0,-0.0,0,0
15,0.0,0.0059405940594059415,0.033953323167291584,1.0,-0.0,0,0
16,0.0,0.0039603960396039604,0.02786385599895107,1.0,-0.0,0,0
17,0.0,0.0039603960396039604,0.02786385599895107,1.0,-0.0,0,0
18,0.0,0.0039603960396039604,0.02786385599895107,1.0,-0.0,0,0
19,0.0,0.0,0.0,1.0,-0.0,0,0
20,0.0,0.0039603960396039604,0.02786385599895107,1.0,-0.0,0,0
21,0.0,0.0039603960396039604,0.02786385599895107,1.0,-0.0,0,0
22,0.0,0.0039603960396039604,0.02786385599895107,1.0,-0.0,0,0
23,0.0,0.0039603960396039604,0.02786385599895107,1.0,-0.0,0,0
24,0.0,0.0039603960396039604,0.02786385599895107,1.0,-0.0,0,0
25,0.0,0.0,0.0,1.0,-0.0,0,0
26,0.0,0.0,0.0,1.0,-0.0,0,0
27,0.0,0.0039603960396039604,0.02786385599895106,1.0,-0.0,0,0
28,0.0,0.0039603960396039604,0.02786385599895106,1.0,-0.0,0,0
29,0.0,0.0039603960396039604,0.02786385599895106,1.0,-0.0,0,0
30,0.0,0.0039603960396039604,0.02786385599895106,1.0,-0.0,0,0
31,0.0,0.0039603960396039604,0.02786385599895106,1.0,-0.0,0,0
32,0.0,0.0019801980198019802,0.0198019801980198,1.0,-0.0,0,0
33,0.0,0.0019801980198019802,0.0198019801980198,1.0,-0.0,0,0
34,0.0,0.0019801980198019802,0.0198019801980198,1.0,-0.0,0,0
35,0.0,0.0019801980198019802,0.0198019801980198,1.0,-0.0,0,0
36,0.0,0.0019801980198019802,0.0198019801980198,1.0,-0.0,0,0
37,0.0,0.0,0.0,1.0,-0.0,0,0
38,0.0,0.14455445544554454,0.1569986110329885,1.0,-0.0,0,0
39,0.8,0.25346534653465347,0.219614584285335,0.006412210520758277,2.1929922276618132,0,0
40,0.8,0.25346534653465347,0.219614584285335,0.006412210520758277,2.1929922276618132,0,0
41,1.4,0.3801980198019802,0.26774444812363396,6.980357798106196e-05,4.15612231580655,0,0
42,1.4,0.41188118811881197,0.2797761229144543,0.00020635535323525536,3.6853842602473086,0,0
43,1.4,0.2910891089108911,0.2525509496292023,5.6456721584387e-06,5.24828434473584,0,0
44,0.8,0.19801980198019797,0.18346510608951241,0.0005168871201996027,3.2866042894533787,0,0
45,0.8,0.20198019801980197,0.1877327983285756,0.000722560784203842,3.1411256127459053,0,0
46,0.2,0.07524752475247526,0.10845991237726066,0.12502717670865526,0.9029955756978825,0,0
47,0.2,0.05346534653465347,0.09287951999650358,0.05731896239780438,1.2417016799108866,0,0
48,0.2,0.03564356435643565,0.08154954567118415,0.0219304263845019,1.6589529244266186,0,0
49,0.0,0.11683168316831684,0.15225649732072147,1.0,-0.0,0,0
50,0.6,0.2891089108910891,0.23118334847835673,0.08934790385184734,1.0489156318125559,0,0
51,0.6,0.3,0.23122574799241855,0.0972410595537342,1.0121503176625866,0,0
52,0.6,0.2891089108910891,0.2294638564256788,0.08773129919738522,1.0568454392031894,0,0
53,0.6,0.28316831683168314,0.22208254059642107,0.0768419431987352,1.1144016611214163,0,0
54,0.6,0.1861386138613861,0.1851035048800284,0.012681203718396386,1.896839520630503,0,0
55,0.0,0.009900990099009901,0.04338396495090424,1.0,-0.0,0,0
56,0.0,0.0,0.0,1.0,-0.0,0,0
57,0.0,0.0,0.0,1.0,-0.0,0,0
58,0.2,0.14455445544554452,0.15950123220279025,0.3640634367094123,0.4388229355475181,0,0
59,0.2,0.14851485148514848,0.16567525277902487,0.37799175368894805,0.4225176746771952,0,0
60,0.2,0.14851485148514848,0.16567525277902487,0.37799175368894805,0.4225176746771952,0,0
61,0.4,0.1564356435643564,0.1771142952475081,0.08453754368863432,1.0729503751250464,0,0
62,0.4,0.1564356435643564,0.1771142952475081,0.08453754368863432,1.0729503751250464,0,0
63,0.2,0.015841584158415842,0.06090517425437506,0.0012485575013819607,2.9035914517444854,0,0
64,0.2,0.011881188118811883,0.047276579747775535,3.4586556520905853e-05,4.461092674713385,0,0
65,0.6,0.1425742574257426,0.18949988095477613,0.007892313335834377,2.1027956809816137,0,0
66,0.4,0.13465346534653466,0.18691642838675968,0.0778621038205978,1.1086738658974264,0,0
67,0.4,0.13465346534653466,0.18691642838675968,0.0778621038205978,1.1086738658974264,0,0
68,0.4,0.1306930693069307,0.18333682374816165,0.07092738995789298,1.1491860213687335,0,0
69,0.4,0.13861386138613863,0.18399865315354189,0.07771839526671484,1.109476175313708,0,0
70,0.0,0.007920792079207921,0.03900537743285587,1.0,-0.0,0,0
71,0.0,0.12277227722772277,0.16160162980675774,1.0,-0.0,0,0
72,0.0,0.2475247524752475,0.22007832062494737,1.0,-0.0,0,0
73,0.0,0.2475247524752475,0.22007832062494737,1.0,-0.0,0,0
74,0.0,0.297029702970297,0.2463417273676671,1.0,-0.0,0,0
75,0.6,0.4198019801980198,0.2904485441997635,0.26749299512381153,0.5726875864237162,0,0
76,0.6,0.3069306930693069,0.27368313894554047,0.14212195881453138,0.8473388154208213,0,0
77,0.6,0.19405940594059404,0.20576915941409615,0.024259399159489728,1.6151199596503816,0,0
78,0.8,0.19603960396039605,0.20485241829915374,0.001597785197744287,2.7964816065644182,0,0
79,0.8,0.13861386138613857,0.16348330645980427,2.6095952984246587e-05,4.583426838749411,0,0
80,0.2,0.015841584158415842,0.05401260078014202,0.00032535620257014524,3.4876409094885674,0,0
81,0.2,0.05346534653465347,0.10860442931328386,0.08862815178171936,1.0524283072157032,0,0
82,0.2,0.04356435643564357,0.09991664009142864,0.05871393383087656,1.231258820937131,0,0
83,0.0,0.041584158415841586,0.09467748980500532,1.0,-0.0,0,0
84,0.0,0.041584158415841586,0.09467748980500532,1.0,-0.0,0,0
85,0.0,0.041584158415841586,0.09467748980500532,1.0,-0.0,0,0
86,0.0,0.10693069306930694,0.1606037037306267,1.0,-0.0,0,0
87,0.2,0.19999999999999998,0.21248179887106838,0.49999999999999994,0.30102999566398125,0,0
88,0.2,0.19999999999999998,0.21248179887106838,0.49999999999999994,0.30102999566398125,0,0
89,0.2,0.19999999999999998,0.21248179887106838,0.49999999999999994,0.30102999566398125,0,0
90,0.2,0.20198019801980197,0.21340251467882923,1.0,-0.0,0,0
91,0.2,0.09900990099009901,0.1396566153069739,0.234799546255409,0.629302746687466,0,0
92,0.0,0.06930693069306931,0.11751770396006173,1.0,-0.0,0,0
93,0.0,0.06930693069306931,0.11751770396006173,1.0,-0.0,0,0
94,0.0,0.06930693069306931,0.11751770396006173,1.0,-0.0,0,0
95,0.0,0.06732673267326733,0.11698261772468856,1.0,-0.0,0,0
96,0.0,0.061386138613861385,0.11515834731523733,1.0,-0.0,0,0
97,0.0,0.0,0.0,1.0,-0.0,0,0
98,0.0,0.0,0.0,1.0,-0.0,0,0
99,0.0,0.0,0.0,1.0,-0.0,0,0
100,0.0,0.0,0.0,1.0,-0.0,0,0
101,0.0,0.0,0.0,1.0,-0.0,0,0
102,0.0,0.0,0.0,1.0,-0.0,0,0
103,0.0,0.0297029702970297,0.07112192077650681,1.0,-0.0,0,0
104,0.0,0.10297029702970298,0.12464241569787102,1.0,-0.0,0,0
105,0.0,0.18217821782178217,0.18476425418501982,1.0,-0.0,0,0
106,0.0,0.18613861386138614,0.18295143702892827,1.0,-0.0,0,0
107,0.0,0.18613861386138614,0.18295143702892827,1.0,-0.0,0,0
108,0.0,0.15643564356435644,0.18153135265530043,1.0,-0.0,0,0
109,0.0,0.1900990099009901,0.18958263199843847,1.0,-0.0,0,0
110,0.0,0.1277227722772277,0.14766755000001708,1.0,-0.0,0,0
111,0.0,0.2118811881188119,0.19462435446028697,1.0,-0.0,0,0
112,0.0,0.22178217821782176,0.2027552591868547,1.0,-0.0,0,0
113,0.0,0.3069306930693069,0.26033391571556114,1.0,-0.0,0,0
114,0.0,0.31485148514851485,0.2660254356237095,1.0,-0.0,0,0
115,0.0,0.306930693069307,0.2494577984676994,1.0,-0.0,0,0
116,0.0,0.2891089108910891,0.23626675228949945,1.0,-0.0,0,0
117,0.0,0.41386138613861384,0.2873676029096513,1.0,-0.0,0,0
118,0.0,0.32871287128712867,0.2603640382398986,1.0,-0.0,0,0
119,0.0,0.21188118811881182,0.20063618061766877,1.0,-0.0,0,0
120,0.0,0.2316831683168317,0.21568710976934813,1.0,-0.0,0,0
121,0.0,0.17425742574257427,0.20229057883757837,1.0,-0.0,0,0
122,0.0,0.16633663366336632,0.16902587986434298,1.0,-0.0,0,0
123,0.0,0.16633663366336632,0.16902587986434298,1.0,-0.0,0,0
124,0.0,0.19603960396039602,0.19696750100290228,1.0,-0.0,0,0
125,0.0,0.16831683168316833,0.18611754673281872,1.0,-0.0,0,0
126,0.0,0.27722772277227725,0.2124264290202596,1.0,-0.0,0,0
127,0.0,0.1564356435643564,0.16793200037318168,1.0,-0.0,0,0
128,0.0,0.1564356435643564,0.16793200037318168,1.0,-0.0,0,0
129,0.2,0.1277227722772277,0.1476675500000171,0.312258348046925,0.5054859421860101,0,0
130,0.2,0.1277227722772277,0.1476675500000171,0.312258348046925,0.5054859421860101,0,0
131,0.2,0.019801980198019802,0.059735061897023205,0.001278047474114718,2.8934530136556162,0,0
132,0.2,0.015841584158415842,0.05401260078014202,0.00032535620257014524,3.4876409094885674,0,0
133,0.2,0.017821782178217824,0.056980176514606566,0.0006937928196726553,3.15877019915046,0,0
134,0.0,0.16435643564356434,0.16505874046871055,1.0,-0.0,0,0
135,0.0,0.16435643564356434,0.16505874046871055,1.0,-0.0,0,0
136,0.0,0.15049504950495046,0.16266576457752752,1.0,-0.0,0,0
137,0.0,0.15049504950495046,0.16266576457752752,1.0,-0.0,0,0
138,0.0,0.14851485148514848,0.16082329112274815,1.0,-0.0,0,0
139,0.0,0.0,0.0,1.0,-0.0,0,0
140,0.0,0.0,0.0,1.0,-0.0,0,0
141,0.0,0.0039603960396039604,0.02786385599895106,1.0,-0.0,0,0
142,0.0,0.0039603960396039604,0.02786385599895106,1.0,-0.0,0,0
143,0.0,0.0039603960396039604,0.02786385599895106,1.0,-0.0,0,0
144,0.0,0.025742574257425745,0.07264925278354116,1.0,-0.0,0,0
145,0.0,0.17821782178217827,0.19274153441415962,1.0,-0.0,0,0
146,0.0,0.20396039603960398,0.2086831849930728,1.0,-0.0,0,0
147,0.8,0.33267326732673275,0.26141613989242374,0.03691434146756774,1.4328048747574986,0,0
148,0.8,0.3376237623762376,0.26207529911391214,0.03884177337308216,1.4107009500162937,0,0
149,0.8,0.3148514851485148,0.2538363621221713,0.027985277309439154,1.5530703852602885,0,0
150,1.4,0.3178217821782178,0.2580950932297999,1.3767884661193467e-05,4.861132780915319,0,0
151,1.4,0.2871287128712871,0.2523801024373041,5.180361781337011e-06,5.28563990933743,0,0
152,0.6,0.16237623762376235,0.19843520784522387,0.013713945623657322,1.8628375768622139,0,0
153,0.6,0.2792079207920792,0.25027384276608816,0.09996266891603246,1.0001621571070922,0,0
154,0.6,0.2910891089108911,0.2572124020772993,0.11487650840601656,0.9397687729890006,0,0
155,0.0,0.18019801980198016,0.1813152180952015,1.0,-0.0,0,0
156,0.0,0.26534653465346536,0.20702305011778419,1.0,-0.0,0,0
157,0.0,0.26138613861386134,0.20632104994267103,1.0,-0.0,0,0
158,0.0,0.1396039603960396,0.15800689790732383,1.0,-0.0,0,0
159,0.0,0.12673267326732673,0.14818445096134422,1.0,-0.0,0,0
160,0.0,0.08712871287128714,0.13024224675172555,1.0,-0.0,0,0
161,0.0,0.0019801980198019802,0.0198019801980198,1.0,-0.0,0,0
162,0.0,0.025742574257425745,0.07264925278354115,1.0,-0.0,0,0
163,0.0,0.025742574257425745,0.07264925278354115,1.0,-0.0,0,0
164,0.0,0.025742574257425745,0.07264925278354115,1.0,-0.0,0,0
165,0.0,0.023762376237623763,0.07056843438101175,1.0,-0.0,0,0
166,0.0,0.023762376237623763,0.07056843438101175,1.0,-0.0,0,0
167,0.0,0.0,0.0,1.0,-0.0,0,0
168,0.0,0.0,0.0,1.0,-0.0,0,0
169,0.0,0.0,0.0,1.0,-0.0,0,0
170,0.0,0.0,0.0,1.0,-0.0,0,0
171,0.0,0.007920792079207921,0.03900537743285587,1.0,-0.0,0,0
172,0.0,0.05544554455445545,0.11299281281336322,1.0,-0.0,0,0
173,0.0,0.05544554455445545,0.11299281281336322,1.0,-0.0,0,0
174,0.0,0.05544554455445545,0.11299281281336322,1.0,-0.0,0,0
175,0.0,0.06930693069306931,0.12722675963729912,1.0,-0.0,0,0
176,0.0,0.0613861386138614,0.12184253515180327,1.0,-0.0,0,0
177,0.0,0.013861386138613863,0.05079507064705211,1.0,-0.0,0,0
178,0.0,0.013861386138613863,0.05079507064705211,1.0,-0.0,0,0
179,0.0,0.015841584158415842,0.05401260078014202,1.0,-0.0,0,0
180,0.0,0.0019801980198019802,0.019801980198019802,1.0,-0.0,0,0
181,0.0,0.0019801980198019802,0.019801980198019802,1.0,-0.0,0,0
182,0.0,0.0019801980198019802,0.019801980198019802,1.0,-0.0,0,0
183,0.0,0.0019801980198019802,0.019801980198019802,1.0,-0.0,0,0
184,0.0,0.0019801980198019802,0.019801980198019802,1.0,-0.0,0,0
185,0.0,0.041584158415841586,0.09039772047931348,1.0,-0.0,0,0
186,0.0,0.04554455445544555,0.09283729243351323,1.0,-0.0,0,0
187,0.0,0.04554455445544555,0.09283729243351323,1.0,-0.0,0,0
188,0.0,0.049504950495049514,0.09504950495049506,1.0,-0.0,0,0
189,0.0,0.06732673267326733,0.1135467024699521,1.0,-0.0,0,0
190,0.0,0.02772277227722772,0.07461957893630407,1.0,-0.0,0,0
191,0.0,0.039603960396039604,0.08908690597387718,1.0,-0.0,0,0
192,0.0,0.039603960396039604,0.08908690597387718,1.0,-0.0,0,0
193,0.0,0.04356435643564357,0.09587103712404124,1.0,-0.0,0,0
194,0.0,0.023762376237623766,0.07056843438101175,1.0,-0.0,0,0
195,0.0,0.025742574257425745,0.07264925278354116,1.0,-0.0,0,0
196,0.0,0.009900990099009901,0.04338396495090425,1.0,-0.0,0,0
197,0.0,0.009900990099009901,0.04338396495090425,1.0,-0.0,0,0
198,0.0,0.0019801980198019802,0.0198019801980198,1.0,-0.0,0,0
199,0.0,0.0059405940594059415,0.033953323167291584,1.0,-0.0,0,0
200,0.0,0.0039603960396039604,0.027863855998951068,1.0,-0.0,0,0
201,0.0,0.023762376237623766,0.06471340450838887,1.0,-0.0,0,0
202,0.0,0.023762376237623766,0.06471340450838887,1.0,-0.0,0,0
203,0.0,0.023762376237623766,0.06471340450838887,1.0,-0.0,0,0
204,0.0,0.019801980198019802,0.059735061897023205,1.0,-0.0,0,0
205,0.0,0.019801980198019802,0.059735061897023205,1.0,-0.0,0,0
206,0.0,0.0,0.0,1.0,-0.0,0,0
207,0.0,0.0,0.0,1.0,-0.0,0,0
208,0.0,0.0,0.0,1.0,-0.0,0,0
209,0.0,0.017821782178217824,0.05698017651460656,1.0,-0.0,0,0
210,0.0,0.027722772277227727,0.06910862719451544,1.0,-0.0,0,0
211,0.0,0.039603960396039604,0.07970143286137865,1.0,-0.0,0,0
212,0.0,0.12673267326732673,0.15851482056387722,1.0,-0.0,0,0
213,0.0,0.2158415841584158,0.20811871767574247,1.0,-0.0,0,0
214,0.0,0.19801980198019797,0.1999901967992491,1.0,-0.0,0,0
215,0.0,0.1881188118811881,0.20063618061766877,1.0,-0.0,0,0
216,0.0,0.1762376237623762,0.19147603570112592,1.0,-0.0,0,0
217,0.0,0.1306930693069307,0.17896433311200005,1.0,-0.0,0,0
218,0.0,0.13861386138613857,0.14823736453237937,1.0,-0.0,0,0
219,0.0,0.13861386138613857,0.14823736453237937,1.0,-0.0,0,0
220,0.0,0.13861386138613857,0.14823736453237937,1.0,-0.0,0,0
221,0.0,0.13861386138613857,0.14823736453237937,1.0,-0.0,0,0
222,0.0,0.09306930693069305,0.12448501897427097,1.0,-0.0,0,0
223,0.0,0.007920792079207921,0.03900537743285587,1.0,-0.0,0,0
224,0.0,0.021782178217821784,0.06836703565002801,1.0,-0.0,0,0
225,0.0,0.021782178217821784,0.06836703565002801,1.0,-0.0,0,0
226,0.0,0.021782178217821784,0.06836703565002801,1.0,-0.0,0,0
227,0.0,0.021782178217821784,0.06836703565002801,1.0,-0.0,0,0
228,0.0,0.015841584158415842,0.054012600780142014,1.0,-0.0,0,0
229,0.0,0.0019801980198019802,0.0198019801980198,1.0,-0.0,0,0
230,0.0,0.007920792079207921,0.03900537743285587,1.0,-0.0,0,0
231,0.0,0.023762376237623766,0.07056843438101175,1.0,-0.0,0,0
232,0.0,0.031683168316831684,0.07826167463512675,1.0,-0.0,0,0
233,0.0,0.031683168316831684,0.0730260947112308,1.0,-0.0,0,0
234,0.0,0.04356435643564357,0.08721867542790195,1.0,-0.0,0,0
235,0.0,0.041584158415841586,0.08116396646304633,1.0,-0.0,0,0
236,0.0,0.03762376237623763,0.08771182015980238,1.0,-0.0,0,0
237,0.0,0.05346534653465347,0.10489443673781407,1.0,-0.0,0,0
238,0.0,0.05148514851485149,0.10399339410297728,1.0,-0.0,0,0
239,0.0,0.039603960396039604,0.09342674148186497,1.0,-0.0,0,0
240,0.0,0.03564356435643565,0.08626938974571076,1.0,-0.0,0,0
241,0.0,0.023762376237623766,0.07597356868614212,1.0,-0.0,0,0
242,0.0,0.0,0.0,1.0,-0.0,0,0
243,0.0,0.025742574257425745,0.07791016068477624,1.0,-0.0,0,0
244,0.0,0.025742574257425745,0.07791016068477624,1.0,-0.0,0,0
245,0.0,0.025742574257425745,0.07791016068477624,1.0,-0.0,0,0
246,0.0,0.04752475247524753,0.09397077637785879,1.0,-0.0,0,0
247,0.0,0.05346534653465347,0.09704990696905226,1.0,-0.0,0,0
248,0.0,0.039603960396039604,0.08452453849668534,1.0,-0.0,0,0
249,0.0,0.039603960396039604,0.08452453849668534,1.0,-0.0,0,0
250,0.0,0.039603960396039604,0.08452453849668534,1.0,-0.0,0,0
251,0.0,0.017821782178217824,0.0635517090529949,1.0,-0.0,0,0
252,0.0,0.017821782178217824,0.05698017651460656,1.0,-0.0,0,0
253,0.0,0.019801980198019806,0.059735061897023184,1.0,-0.0,0,0
254,0.0,0.05940594059405942,0.0996808946427978,1.0,-0.0,0,0
255,0.0,0.05940594059405942,0.0996808946427978,1.0,-0.0,0,0
256,0.0,0.05940594059405942,0.0996808946427978,1.0,-0.0,0,0
257,0.0,0.11485148514851484,0.14717547862227365,1.0,-0.0,0,0
258,0.0,0.10099009900990098,0.1396566153069739,1.0,-0.0,0,0
259,0.0,0.12277227722772274,0.16160162980675774,1.0,-0.0,0,0
260,0.0,0.12277227722772274,0.16160162980675774,1.0,-0.0,0,0
261,0.0,0.13069306930693067,0.16273806583211367,1.0,-0.0,0,0
262,0.0,0.06930693069306931,0.11409790329416186,1.0,-0.0,0,0
263,0.0,0.06930693069306931,0.11409790329416186,1.0,-0.0,0,0
264,0.0,0.007920792079207921,0.03900537743285587,1.0,-0.0,0,0
265,0.0,0.007920792079207921,0.03900537743285587,1.0,-0.0,0,0
266,0.0,0.0,0.0,1.0,-0.0,0,0
267,0.0,0.0,0.0,1.0,-0.0,0,0
268,0.0,0.0,0.0,1.0,-0.0,0,0
269,0.0,0.0,0.0,1.0,-0.0,0,0
270,0.0,0.0059405940594059415,0.03395332316729158,1.0,-0.0,0,0
271,0.0,0.007920792079207921,0.03900537743285587,1.0,-0.0,0,0
272,0.0,0.017821782178217824,0.056980176514606566,1.0,-0.0,0,0
273,0.0,0.017821782178217824,0.056980176514606566,1.0,-0.0,0,0
274,0.0,0.023762376237623766,0.06471340450838887,1.0,-0.0,0,0
275,0.0,0.025742574257425748,0.06697637435757531,1.0,-0.0,0,0
276,0.0,0.031683168316831684,0.07826167463512676,1.0,-0.0,0,0
277,0.0,0.03762376237623763,0.08307396817189319,1.0,-0.0,0,0
278,0.0,0.03762376237623763,0.08307396817189319,1.0,-0.0,0,0
279,0.0,0.03960396039603961,0.08452453849668534,1.0,-0.0,0,0
280,0.0,0.031683168316831684,0.07826167463512675,1.0,-0.0,0,0
281,0.0,0.023762376237623766,0.06471340450838889,1.0,-0.0,0,0
282,0.0,0.007920792079207921,0.03900537743285587,1.0,-0.0,0,0
283,0.0,0.007920792079207921,0.03900537743285587,1.0,-0.0,0,0
284,0.0,0.0,0.0,1.0,-0.0,0,0
285,0.0,0.0,0.0,1.0,-0.0,0,0
286,0.0,0.007920792079207921,0.039005377432855884,1.0,-0.0,0,0
287,0.0,0.007920792079207921,0.039005377432855884,1.0,-0.0,0,0
288,0.0,0.03564356435643565,0.09074407316744237,1.0,-0.0,0,0
289,0.0,0.03564356435643565,0.09074407316744237,1.0,-0.0,0,0
290,0.0,0.03564356435643565,0.09074407316744237,1.0,-0.0,0,0
291,0.0,0.027722772277227727,0.08457091684777278,1.0,-0.0,0,0
292,0.0,0.02970297029702971,0.08622392497852373,1.0,-0.0,0,0
293,0.0,0.007920792079207921,0.03900537743285587,1.0,-0.0,0,0
294,0.0,0.007920792079207921,0.03900537743285587,1.0,-0.0,0,0
295,0.0,0.007920792079207921,0.03900537743285587,1.0,-0.0,0,0
296,0.0,0.10891089108910887,0.15801930568918815,1.0,-0.0,0,0
297,0.0,0.11089108910891086,0.15789518399405603,1.0,-0.0,0,0
298,0.0,0.10495049504950493,0.14784005112815915,1.0,-0.0,0,0
299,0.0,0.10495049504950493,0.14784005112815915,1.0,-0.0,0,0
300,0.0,0.1089108910891089,0.15549283508436104,1.0,-0.0,0,0
301,0.0,0.019801980198019802,0.0597350618970232,1.0,-0.0,0,0
302,0.0,0.015841584158415842,0.05401260078014202,1.0,-0.0,0,0
303,0.0,0.015841584158415842,0.05401260078014202,1.0,-0.0,0,0
304,0.0,0.015841584158415842,0.05401260078014202,1.0,-0.0,0,0
305,0.0,0.011881188118811883,0.04727657974777555,1.0,-0.0,0,0
306,0.0,0.0,0.0,1.0,-0.0,0,0
307,0.0,0.0,0.0,1.0,-0.0,0,0
308,0.0,0.0,0.0,1.0,-0.0,0,0
309,0.0,0.0,0.0,1.0,-0.0,0,0
310,0.0,0.0,0.0,1.0,-0.0,0,0
311,0.0,0.0,0.0,1.0,-0.0,0,0
312,0.0,0.0,0.0,1.0,-0.0,0,0
313,0.0,0.0,0.0,1.0,-0.0,0,0
314,0.0,0.0,0.0,1.0,-0.0,0,0
315,0.0,0.0,0.0,1.0,-0.0,0,0
316,0.0,0.0,0.0,1.0,-0.0,0,0
317,0.0,0.0,0.0,1.0,-0.0,0,0
318,0.0,0.0,0.0,1.0,-0.0,0,0
319,0.0,0.0019801980198019802,0.0198019801980198,1.0,-0.0,0,0
320,0.0,0.025742574257425745,0.07264925278354116,1.0,-0.0,0,0
321,0.0,0.025742574257425745,0.07264925278354116,1.0,-0.0,0,0
322,0.0,0.025742574257425745,0.07264925278354116,1.0,-0.0,0,0
323,0.0,0.027722772277227727,0.07461957893630407,1.0,-0.0,0,0
324,0.0,0.025742574257425745,0.06697637435757531,1.0,-0.0,0,0
325,0.0,0.0019801980198019802,0.019801980198019802,1.0,-0.0,0,0
326,0.0,0.0019801980198019802,0.019801980198019802,1.0,-0.0,0,0
327,0.0,0.025742574257425745,0.07791016068477624,1.0,-0.0,0,0
328,0.0,0.023762376237623766,0.07597356868614212,1.0,-0.0,0,0
329,0.0,0.025742574257425745,0.07791016068477624,1.0,-0.0,0,0
330,0.0,0.04356435643564357,0.09587103712404124,1.0,-0.0,0,0
331,0.0,0.04356435643564357,0.09587103712404124,1.0,-0.0,0,0
332,0.0,0.019801980198019802,0.05973506189702322,1.0,-0.0,0,0
333,0.0,0.019801980198019802,0.05973506189702322,1.0,-0.0,0,0
334,0.0,0.019801980198019802,0.059735061897023205,1.0,-0.0,0,0
335,0.0,0.0019801980198019802,0.0198019801980198,1.0,-0.0,0,0
336,0.0,0.0019801980198019802,0.0198019801980198,1.0,-0.0,0,0
337,0.0,0.0019801980198019802,0.0198019801980198,1.0,-0.0,0,0
338,0.0,0.0019801980198019802,0.0198019801980198,1.0,-0.0,0,0
339,0.0,0.0,0.0,1.0,-0.0,0,0
340,0.0,0.0,0.0,1.0,-0.0,0,0
341,0.0,0.0,0.0,1.0,-0.0,0,0
342,0.0,0.0,0.0,1.0,-0.0,0,0
343,0.0,0.0,0.0,1.0,-0.0,0,0
344,0.0,0.015841584158415842,0.05401260078014202,1.0,-0.0,0,0
345,0.0,0.033663366336633666,0.07482947971362845,1.0,-0.0,0,0
346,0.0,0.033663366336633666,0.07482947971362845,1.0,-0.0,0,0
347,0.0,0.16831683168316827,0.16101822851688022,1.0,-0.0,0,0
348,0.0,0.17425742574257425,0.16084767121704766,1.0,-0.0,0,0
349,0.0,0.1584158415841584,0.1497637259500122,1.0,-0.0,0,0
350,0.0,0.2178217821782178,0.20314168084328177,1.0,-0.0,0,0
351,0.0,0.2198019801980198,0.2039315561653939,1.0,-0.0,0,0
352,0.0,0.08514851485148514,0.13886822488939993,1.0,-0.0,0,0
353,0.0,0.07920792079207921,0.1322440226302099,1.0,-0.0,0,0
354,0.0,0.07920792079207921,0.1322440226302099,1.0,-0.0,0,0
355,0.0,0.0019801980198019802,0.0198019801980198,1.0,-0.0,0,0
356,0.0,0.0,0.0,1.0,-0.0,0,0
357,0.0,0.0,0.0,1.0,-0.0,0,0
358,0.0,0.031683168316831684,0.07826167463512675,1.0,-0.0,0,0
359,0.0,0.04356435643564357,0.09991664009142864,1.0,-0.0,0,0
360,0.0,0.05940594059405942,0.11447531431916541,1.0,-0.0,0,0
361,0.0,0.05940594059405942,0.11447531431916541,1.0,-0.0,0,0
362,0.0,0.06930693069306931,0.11751770396006171,1.0,-0.0,0,0
363,0.0,0.03762376237623763,0.07816140339006158,1.0,-0.0,0,0
364,0.0,0.0297029702970297,0.07112192077650681,1.0,-0.0,0,0
365,0.0,0.01386138613861386,0.05079507064705211,1.0,-0.0,0,0
366,0.0,0.01386138613861386,0.05079507064705211,1.0,-0.0,0,0
367,0.0,0.0039603960396039604,0.02786385599895107,1.0,-0.0,0,0
368,0.0,0.06534653465346535,0.09793475658517417,1.0,-0.0,0,0
369,0.0,0.061386138613861385,0.09224407682259103,1.0,-0.0,0,0
370,0.0,0.07326732673267328,0.10425700262248065,1.0,-0.0,0,0
371,0.0,0.08514851485148514,0.1172170185104851,1.0,-0.0,0,0
372,0.0,0.08514851485148514,0.1172170185104851,1.0,-0.0,0,0
373,0.0,0.023762376237623766,0.07056843438101175,1.0,-0.0,0,0
374,0.0,0.023762376237623766,0.07056843438101175,1.0,-0.0,0,0
375,0.0,0.031683168316831684,0.07826167463512675,1.0,-0.0,0,0
376,0.0,0.019801980198019802,0.06603299802191316,1.0,-0.0,0,0
377,0.0,0.019801980198019802,0.06603299802191316,1.0,-0.0,0,0
378,0.0,0.031683168316831684,0.07826167463512675,1.0,-0.0,0,0
379,0.0,0.031683168316831684,0.07826167463512675,1.0,-0.0,0,0
380,0.0,0.011881188118811883,0.04727657974777555,1.0,-0.0,0,0
381,0.0,0.011881188118811883,0.04727657974777555,1.0,-0.0,0,0
382,0.0,0.011881188118811883,0.04727657974777555,1.0,-0.0,0,0
383,0.0,0.0,0.0,1.0,-0.0,0,0
384,0.0,0.0,0.0,1.0,-0.0,0,0
385,0.0,0.0,0.0,1.0,-0.0,0,0
386,0.0,0.007920792079207921,0.03900537743285587,1.0,-0.0,0,0
387,0.0,0.007920792079207921,0.03900537743285587,1.0,-0.0,0,0
388,0.0,0.019801980198019802,0.059735061897023205,1.0,-0.0,0,0
389,0.0,0.019801980198019802,0.059735061897023205,1.0,-0.0,0,0
390,0.0,0.03564356435643565,0.08154954567118415,1.0,-0.0,0,0
391,0.0,0.02772277227722772,0.06910862719451544,1.0,-0.0,0,0
392,0.0,0.02772277227722772,0.06910862719451544,1.0,-0.0,0,0
393,0.0,0.015841584158415842,0.05401260078014202,1.0,-0.0,0,0
394,0.0,0.015841584158415842,0.05401260078014202,1.0,-0.0,0,0
395,0.0,0.0,0.0,1.0,-0.0,0,0
396,0.0,0.025742574257425748,0.07791016068477624,1.0,-0.0,0,0
397,0.0,0.06732673267326733,0.12032045569079852,1.0,-0.0,0,0
398,0.0,0.06732673267326733,0.12032045569079852,1.0,-0.0,0,0
399,0.0,0.06732673267326733,0.12032045569079852,1.0,-0.0,0,0
400,0.0,0.06732673267326733,0.12032045569079852,1.0,-0.0,0,0
401,0.0,0.041584158415841586,0.08590499787518362,1.0,-0.0,0,0
402,0.0,0.0,0.0,1.0,-0.0,0,0
403,0.0,0.0,0.0,1.0,-0.0,0,0
404,0.0,0.0,0.0,1.0,-0.0,0,0
405,0.0,0.0,0.0,1.0,-0.0,0,0
406,0.0,0.0,0.0,1.0,-0.0,0,0
407,0.0,0.0,0.0,1.0,-0.0,0,0
408,0.0,0.0,0.0,1.0,-0.0,0,0
409,0.0,0.0039603960396039604,0.027863855998951064,1.0,-0.0,0,0
410,0.0,0.0039603960396039604,0.027863855998951064,1.0,-0.0,0,0
411,0.0,0.0039603960396039604,0.027863855998951064,1.0,-0.0,0,0
412,0.0,0.0039603960396039604,0.027863855998951064,1.0,-0.0,0,0
413,0.0,0.0039603960396039604,0.027863855998951064,1.0,-0.0,0,0
414,0.0,0.0,0.0,1.0,-0.0,0,0
415,0.0,0.0,0.0,1.0,-0.0,0,0
416,0.0,0.0059405940594059415,0.03395332316729158,1.0,-0.0,0,0
417,0.0,0.0059405940594059415,0.03395332316729158,1.0,-0.0,0,0
418,0.0,0.0059405940594059415,0.03395332316729158,1.0,-0.0,0,0
419,0.0,0.0059405940594059415,0.03395332316729158,1.0,-0.0,0,0
420,0.0,0.0059405940594059415,0.03395332316729158,1.0,-0.0,0,0
421,0.0,0.0,0.0,1.0,-0.0,0,0
422,0.0,0.0059405940594059415,0.03395332316729158,1.0,-0.0,0,0
423,0.0,0.0059405940594059415,0.03395332316729158,1.0,-0.0,0,0
424,0.0,0.009900990099009901,0.04338396495090424,1.0,-0.0,0,0
425,0.0,0.009900990099009901,0.04338396495090424,1.0,-0.0,0,0
426,0.0,0.009900990099009901,0.04338396495090424,1.0,-0.0,0,0
427,0.0,0.0039603960396039604,0.027863855998951068,1.0,-0.0,0,0
428,0.0,0.007920792079207921,0.03900537743285587,1.0,-0.0,0,0
429,0.0,0.10891089108910891,0.17240236720537758,1.0,-0.0,0,0
430,0.0,0.10891089108910891,0.17240236720537758,1.0,-0.0,0,0
431,0.0,0.10891089108910891,0.17240236720537758,1.0,-0.0,0,0
432,0.0,0.13861386138613857,0.18399865315354189,1.0,-0.0,0,0
433,0.0,0.13366336633663364,0.1825437572513507,1.0,-0.0,0,0
434,0.0,0.027722772277227727,0.06910862719451544,1.0,-0.0,0,0
435,0.0,0.027722772277227727,0.06910862719451544,1.0,-0.0,0,0
436,0.0,0.027722772277227727,0.06910862719451544,1.0,-0.0,0,0
437,0.0,0.0,0.0,1.0,-0.0,0,0
438,0.0,0.0,0.0,1.0,-0.0,0,0
439,0.0,0.0,0.0,1.0,-0.0,0,0
440,0.0,0.0,0.0,1.0,-0.0,0,0
441,0.0,0.0,0.0,1.0,-0.0,0,0
442,0.0,0.0,0.0,1.0,-0.0,0,0
443,0.0,0.0,0.0,1.0,-0.0,0,0
444,0.0,0.013861386138613863,0.05079507064705211,1.0,-0.0,0,0
445,0.0,0.013861386138613863,0.05079507064705211,1.0,-0.0,0,0
446,0.0,0.03762376237623763,0.07816140339006158,1.0,-0.0,0,0
447,0.0,0.041584158415841586,0.08116396646304633,1.0,-0.0,0,0
448,0.0,0.041584158415841586,0.08116396646304633,1.0,-0.0,0,0
449,0.0,0.033663366336633666,0.07482947971362845,1.0,-0.0,0,0
450,0.0,0.033663366336633666,0.07482947971362845,1.0,-0.0,0,0
451,0.0,0.009900990099009901,0.04338396495090424,1.0,-0.0,0,0
452,0.0,0.0059405940594059415,0.03395332316729158,1.0,-0.0,0,0
453,0.0,0.0059405940594059415,0.03395332316729158,1.0,-0.0,0,0
454,0.0,0.021782178217821784,0.06230547612891991,1.0,-0.0,0,0
455,0.0,0.033663366336633666,0.07482947971362847,1.0,-0.0,0,0
456,0.0,0.033663366336633666,0.07482947971362847,1.0,-0.0,0,0
457,0.0,0.033663366336633666,0.07482947971362847,1.0,-0.0,0,0
458,0.0,0.033663366336633666,0.07482947971362847,1.0,-0.0,0,0
459,0.0,0.011881188118811883,0.04727657974777555,1.0,-0.0,0,0
460,0.0,0.0,0.0,1.0,-0.0,0,0
461,0.0,0.0,0.0,1.0,-0.0,0,0
462,0.0,0.0,0.0,1.0,-0.0,0,0
463,0.0,0.0,0.0,1.0,-0.0,0,0
464,0.0,0.0,0.0,1.0,-0.0,0,0
465,0.0,0.0,0.0,1.0,-0.0,0,0
466,0.0,0.0,0.0,1.0,-0.0,0,0
467,0.0,0.0,0.0,1.0,-0.0,0,0
468,0.0,0.05148514851485149,0.10399339410297728,1.0,-0.0,0,0
469,0.0,0.05148514851485149,0.10399339410297728,1.0,-0.0,0,0
470,0.0,0.05148514851485149,0.10399339410297728,1.0,-0.0,0,0
471,0.0,0.05148514851485149,0.10399339410297728,1.0,-0.0,0,0
472,0.0,0.05148514851485149,0.10399339410297728,1.0,-0.0,0,0
473,0.0,0.0,0.0,1.0,-0.0,0,0
474,0.0,0.0,0.0,1.0,-0.0,0,0
475,0.0,0.0,0.0,1.0,-0.0,0,0
476,0.0,0.0,0.0,1.0,-0.0,0,0
477,0.0,0.0,0.0,1.0,-0.0,0,0
478,0.0,0.0,0.0,1.0,-0.0,0,0
479,0.0,0.0019801980198019802,0.0198019801980198,1.0,-0.0,0,0
480,0.0,0.0019801980198019802,0.0198019801980198,1.0,-0.0,0,0
481,0.0,0.0019801980198019802,0.0198019801980198,1.0,-0.0,0,0
482,0.0,0.0019801980198019802,0.0198019801980198,1.0,-0.0,0,0
483,0.0,0.009900990099009901,0.04338396495090424,1.0,-0.0,0,0
484,0.0,0.06534653465346535,0.11295810453031022,1.0,-0.0,0,0
485,0.0,0.06534653465346535,0.11295810453031022,1.0,-0.0,0,0
486,0.0,0.06534653465346535,0.11295810453031022,1.0,-0.0,0,0
487,0.0,0.07722772277227724,0.13488622864100122,1.0,-0.0,0,0
488,0.0,0.09702970297029702,0.14789308791950764,1.0,-0.0,0,0
489,0.0,0.039603960396039604,0.09342674148186496,1.0,-0.0,0,0
490,0.0,0.05742574257425742,0.11375371577303027,1.0,-0.0,0,0
491,0.0,0.05742574257425742,0.11375371577303027,1.0,-0.0,0,0
492,0.0,0.04554455445544555,0.10100951085035129,1.0,-0.0,0,0
493,0.0,0.017821782178217824,0.05698017651460656,1.0,-0.0,0,0
494,0.0,0.017821782178217824,0.05698017651460656,1.0,-0.0,0,0
495,0.0,0.0,0.0,1.0,-0.0,0,0
496,0.0,0.0039603960396039604,0.027863855998951064,1.0,-0.0,0,0
497,0.0,0.0039603960396039604,0.027863855998951064,1.0,-0.0,0,0
498,0.0,0.0039603960396039604,0.027863855998951064,1.0,-0.0,0,0
499,0.0,0.0039603960396039604,0.027863855998951064,1.0,-0.0,0,0
500,0.0,0.0039603960396039604,0.027863855998951064,1.0,-0.0,0,0
501,0.0,0.0019801980198019802,0.0198019801980198,1.0,-0.0,0,0
502,0.0,0.0019801980198019802,0.0198019801980198,1.0,-0.0,0,0
503,0.0,0.0019801980198019802,0.0198019801980198,1.0,-0.0,0,0
504,0.0,0.0019801980198019802,0.0198019801980198,1.0,-0.0,0,0
505,0.0,0.0039603960396039604,0.027863855998951054,1.0,-0.0,0,0
506,0.0,0.0039603960396039604,0.027863855998951068,1.0,-0.0,0,0
507,0.0,0.0039603960396039604,0.027863855998951068,1.0,-0.0,0,0
508,0.0,0.0059405940594059415,0.03395332316729158,1.0,-0.0,0,0
509,0.0,0.0059405940594059415,0.03395332316729158,1.0,-0.0,0,0
510,0.0,0.009900990099009901,0.04338396495090424,1.0,-0.0,0,0
511,0.0,0.009900990099009901,0.04338396495090424,1.0,-0.0,0,0
512,0.0,0.009900990099009901,0.04338396495090424,1.0,-0.0,0,0
513,0.0,0.011881188118811881,0.047276579747775535,1.0,-0.0,0,0
514,0.0,0.011881188118811881,0.047276579747775535,1.0,-0.0,0,0
515,0.0,0.007920792079207921,0.03900537743285587,1.0,-0.0,0,0
516,0.0,0.013861386138613863,0.05079507064705211,1.0,-0.0,0,0
517,0.0,0.013861386138613863,0.05079507064705211,1.0,-0.0,0,0
518,0.0,0.009900990099009901,0.04338396495090425,1.0,-0.0,0,0
519,0.0,0.009900990099009901,0.04338396495090425,1.0,-0.0,0,0
520,0.0,0.007920792079207921,0.03900537743285587,1.0,-0.0,0,0
521,0.0,0.0,0.0,1.0,-0.0,0,0
522,0.0,0.0,0.0,1.0,-0.0,0,0
523,0.0,0.0,0.0,1.0,-0.0,0,0
524,0.0,0.0,0.0,1.0,-0.0,0,0
525,0.0,0.0,0.0,1.0,-0.0,0,0
526,0.0,0.0,0.0,1.0,-0.0,0,0
527,0.0,0.0039603960396039604,0.02786385599895107,1.0,-0.0,0,0
528,0.0,0.06732673267326733,0.1135467024699521,1.0,-0.0,0,0
529,0.0,0.0910891089108911,0.12435895816322838,1.0,-0.0,0,0
530,0.0,0.14059405940594058,0.14770737583343774,1.0,-0.0,0,0
531,0.0,0.14455445544554454,0.1465614104551551,1.0,-0.0,0,0
532,0.0,0.14455445544554454,0.14383382017690993,1.0,-0.0,0,0
533,0.0,0.08514851485148514,0.1172170185104851,1.0,-0.0,0,0
534,0.0,0.0613861386138614,0.10433219700847123,1.0,-0.0,0,0
535,0.0,0.013861386138613863,0.05079507064705211,1.0,-0.0,0,0
536,0.0,0.009900990099009901,0.04338396495090424,1.0,-0.0,0,0
537,0.0,0.0059405940594059415,0.03395332316729158,1.0,-0.0,0,0
538,0.0,0.0,0.0,1.0,-0.0,0,0
539,0.0,0.0,0.0,1.0,-0.0,0,0
540,0.0,0.0,0.0,1.0,-0.0,0,0
541,0.0,0.0,0.0,1.0,-0.0,0,0
542,0.0,0.0019801980198019802,0.0198019801980198,1.0,-0.0,0,0
543,0.0,0.0019801980198019802,0.0198019801980198,1.0,-0.0,0,0
544,0.0,0.0019801980198019802,0.0198019801980198,1.0,-0.0,0,0
545,0.0,0.06732673267326733,0.11000352009767247,1.0,-0.0,0,0
546,0.0,0.07524752475247524,0.12219602867755655,1.0,-0.0,0,0
547,0.0,0.07722772277227724,0.12576985749069639,1.0,-0.0,0,0
548,0.0,0.07722772277227724,0.12576985749069639,1.0,-0.0,0,0
549,0.0,0.07722772277227724,0.12576985749069639,1.0,-0.0,0,0
550,0.0,0.011881188118811883,0.047276579747775535,1.0,-0.0,0,0
551,0.0,0.0297029702970297,0.07648795214189293,1.0,-0.0,0,0
552,0.0,0.025742574257425745,0.07264925278354116,1.0,-0.0,0,0
553,0.0,0.025742574257425745,0.07264925278354116,1.0,-0.0,0,0
554,0.0,0.02772277227722772,0.07461957893630405,1.0,-0.0,0,0
555,0.0,0.033663366336633666,0.08475617647141663,1.0,-0.0,0,0
556,0.0,0.009900990099009901,0.04338396495090424,1.0,-0.0,0,0
557,0.0,0.009900990099009901,0.04338396495090424,1.0,-0.0,0,0
558,0.0,0.011881188118811883,0.047276579747775535,1.0,-0.0,0,0
559,0.0,0.01386138613861386,0.05079507064705211,1.0,-0.0,0,0
560,0.0,0.009900990099009901,0.04338396495090424,1.0,-0.0,0,0
561,0.0,0.03564356435643565,0.07653920035678292,1.0,-0.0,0,0
562,0.0,0.03564356435643565,0.07653920035678292,1.0,-0.0,0,0
563,0.0,0.033663366336633666,0.07482947971362845,1.0,-0.0,0,0
564,0.0,0.06336633663366337,0.11233152161332939,1.0,-0.0,0,0
565,0.0,0.06138613861386138,0.11166631429601336,1.0,-0.0,0,0
566,0.0,0.033663366336633666,0.08475617647141663,1.0,-0.0,0,0
567,0.0,0.033663366336633666,0.08475617647141663,1.0,-0.0,0,0
568,0.0,0.033663366336633666,0.08475617647141663,1.0,-0.0,0,0
569,0.0,0.0,0.0,1.0,-0.0,0,0
570,0.0,0.0,0.0,1.0,-0.0,0,0
571,0.0,0.0,0.0,1.0,-0.0,0,0
572,0.0,0.0,0.0,1.0,-0.0,0,0
573,0.0,0.0,0.0,1.0,-0.0,0,0
574,0.0,0.0,0.0,1.0,-0.0,0,0
575,0.0,0.0,0.0,1.0,-0.0,0,0
576,0.0,0.0039603960396039604,0.027863855998951068,1.0,-0.0,0,0
577,0.0,0.007920792079207921,0.03900537743285587,1.0,-0.0,0,0
578,0.0,0.007920792079207921,0.03900537743285587,1.0,-0.0,0,0
579,0.0,0.007920792079207921,0.03900537743285587,1.0,-0.0,0,0
580,0.0,0.0891089108910891,0.13042276277287218,1.0,-0.0,0,0
581,0.0,0.08514851485148514,0.12694907267187808,1.0,-0.0,0,0
582,0.0,0.08118811881188118,0.12325042629382527,1.0,-0.0,0,0
583,0.0,0.08118811881188118,0.12325042629382527,1.0,-0.0,0,0
584,0.0,0.08514851485148514,0.12379009590564582,1.0,-0.0,0,0
585,0.0,0.021782178217821784,0.06230547612891991,1.0,-0.0,0,0
586,0.0,0.039603960396039604,0.08452453849668534,1.0,-0.0,0,0
587,0.0,0.04356435643564357,0.08721867542790196,1.0,-0.0,0,0
588,0.0,0.049504950495049514,0.09504950495049506,1.0,-0.0,0,0
589,0.0,0.06732673267326733,0.102550553475042,1.0,-0.0,0,0
590,0.0,0.051485148514851475,0.09186070102766893,1.0,-0.0,0,0
591,0.0,0.033663366336633666,0.07482947971362845,1.0,-0.0,0,0
592,0.0,0.03564356435643565,0.07653920035678292,1.0,-0.0,0,0
593,0.0,0.0297029702970297,0.07112192077650681,1.0,-0.0,0,0
594,0.0,0.015841584158415842,0.054012600780142014,1.0,-0.0,0,0
595,0.0,0.01386138613861386,0.05079507064705211,1.0,-0.0,0,0
596,0.0,0.019801980198019806,0.05973506189702319,1.0,-0.0,0,0
597,0.0,0.01386138613861386,0.05079507064705211,1.0,-0.0,0,0
598,0.0,0.01386138613861386,0.05079507064705211,1.0,-0.0,0,0
599,0.0,0.0059405940594059415,0.033953323167291584,1.0,-0.0,0,0
600,0.0,0.0059405940594059415,0.033953323167291584,1.0,-0.0,0,0
601,0.0,0.0,0.0,1.0,-0.0,0,0
602,0.0,0.0,0.0,1.0,-0.0,0,0
603,0.0,0.0,0.0,1.0,-0.0,0,0
604,0.0,0.025742574257425748,0.06697637435757531,1.0,-0.0,0,0
605,0.0,0.025742574257425748,0.06697637435757531,1.0,-0.0,0,0
606,0.0,0.025742574257425748,0.06697637435757531,1.0,-0.0,0,0
607,0.0,0.025742574257425748,0.06697637435757531,1.0,-0.0,0,0
608,0.0,0.025742574257425748,0.06697637435757531,1.0,-0.0,0,0
609,0.0,0.06336633663366337,0.11233152161332939,1.0,-0.0,0,0
610,0.0,0.06336633663366337,0.11233152161332939,1.0,-0.0,0,0
611,0.0,0.06336633663366337,0.11233152161332939,1.0,-0.0,0,0
612,0.0,0.06336633663366337,0.11233152161332939,1.0,-0.0,0,0
613,0.0,0.06336633663366337,0.11233152161332939,1.0,-0.0,0,0
614,0.0,0.0,0.0,1.0,-0.0,0,0
615,0.0,0.0,0.0,1.0,-0.0,0,0
616,0.0,0.0,0.0,1.0,-0.0,0,0
617,0.0,0.0,0.0,1.0,-0.0,0,0
618,0.0,0.0,0.0,1.0,-0.0,0,0
