,foreground,bg_means,bg_stdev,pvals,minus_logs,regs,active
2,1.0,0.7069306930693069,0.2526130472327051,0.12299364424957833,0.910117330338279,0,0
3,0.8,0.5069306930693069,0.2526130472327051,0.12299364424957833,0.910117330338279,0,0
4,0.4,0.40594059405940597,0.2224177597164193,1.0,-0.0,0,0
5,0.4,0.37425742574257426,0.20032323649173034,0.4488745982126815,0.3478749706023638,0,0
6,0.4,0.37425742574257426,0.20032323649173034,0.4488745982126815,0.3478749706023638,0,0
7,1.0,0.6613861386138613,0.34554313597257713,0.16355621062975495,0.7863329600011174,0,0
8,1.0,0.7069306930693071,0.3610374012447179,0.20846977713850257,0.6809568978766593,0,0
9,1.0,0.7069306930693071,0.3610374012447179,0.20846977713850257,0.6809568978766593,0,0
10,1.0,0.8198019801980196,0.37178184862413044,0.3139490125393751,0.5031408785854854,0,0
11,1.0,0.8198019801980196,0.37178184862413044,0.3139490125393751,0.5031408785854854,0,0
12,0.0,0.1584158415841584,0.17421241542909127,1.0,-0.0,0,0
13,0.0,0.11089108910891086,0.14481192315867106,1.0,-0.0,0,0
14,0.0,0.11089108910891086,0.14481192315867106,1.0,-0.0,0,0
15,0.0,0.0,0.0,1.0,-0.0,0,0
16,0.0,0.0,0.0,1.0,-0.0,0,0
17,0.0,0.0,0.0,1.0,-0.0,0,0
18,0.0,0.0,0.0,1.0,-0.0,0,0
19,0.0,0.015841584158415842,0.05401260078014202,1.0,-0.0,0,0
20,0.0,0.061386138613861385,0.10433219700847123,1.0,-0.0,0,0
21,0.0,0.061386138613861385,0.10433219700847123,1.0,-0.0,0,0
22,0.0,0.44950495049504957,0.23615054871556182,1.0,-0.0,0,0
23,0.0,0.691089108910891,0.3011854498941123,1.0,-0.0,0,0
24,0.0,0.6752475247524752,0.30161477646985774,1.0,-0.0,0,0
25,0.0,0.6297029702970298,0.30362318832102864,1.0,-0.0,0,0
26,0.0,0.6910891089108909,0.31782023996418024,1.0,-0.0,0,0
27,0.0,0.3564356435643564,0.2244535020246298,1.0,-0.0,0,0
28,0.0,0.11287128712871286,0.13618810981425267,1.0,-0.0,0,0
29,0.0,0.16237623762376235,0.17283397009132112,1.0,-0.0,0,0
30,0.0,0.16237623762376235,0.17283397009132112,1.0,-0.0,0,0
31,0.0,0.09900990099009901,0.1367914141716479,1.0,-0.0,0,0
32,0.0,0.04752475247524753,0.09397077637785879,1.0,-0.0,0,0
33,0.0,0.04752475247524753,0.09397077637785879,1.0,-0.0,0,0
34,0.0,0.0,0.0,1.0,-0.0,0,0
35,0.0,0.1386138613861386,0.15088537189345533,1.0,-0.0,0,0
36,0.2,0.17029702970297025,0.1551393844419873,0.4240826491082591,0.37254949587485403,0,0
37,0.8,0.6039603960396039,0.3305922654211359,0.2765922051672992,0.5581600632018706,0,0
38,1.2,0.6475247524752474,0.3627709801524652,0.06388795834650572,1.1945809902997597,0,0
39,1.2,0.8336633663366334,0.39608910581721835,0.17751302189358525,0.7507697827266756,0,0
40,1.2,0.6950495049504948,0.39860554899282785,0.102614758433978,0.9887901728938261,0,0
41,1.0,0.6633663366336631,0.38684373294427676,0.19209397112863075,0.716486265261446,0,0
42,0.4,0.22970297029702968,0.2168836684371179,0.21616819389486325,0.6652082059983976,0,0
43,0.0,0.1861386138613861,0.1975241321114852,1.0,-0.0,0,0
44,0.0,0.0,0.0,1.0,-0.0,0,0
45,0.0,0.08316831683168316,0.11694909354640316,1.0,-0.0,0,0
46,0.0,0.08316831683168316,0.11694909354640316,1.0,-0.0,0,0
47,0.0,0.08316831683168316,0.11694909354640316,1.0,-0.0,0,0
48,0.0,0.08316831683168316,0.11694909354640316,1.0,-0.0,0,0
49,0.0,0.08316831683168316,0.11694909354640316,1.0,-0.0,0,0
50,0.0,0.0,0.0,1.0,-0.0,0,0
51,0.0,0.0,0.0,1.0,-0.0,0,0
52,0.0,0.0,0.0,1.0,-0.0,0,0
53,0.0,0.0,0.0,1.0,-0.0,0,0
54,0.0,0.18019801980198016,0.16045714518719123,1.0,-0.0,0,0
55,0.0,0.19999999999999996,0.1665015683926963,1.0,-0.0,0,0
56,0.0,0.19999999999999996,0.1665015683926963,1.0,-0.0,0,0
57,0.0,0.19999999999999996,0.1665015683926963,1.0,-0.0,0,0
58,0.0,0.19999999999999996,0.1665015683926963,1.0,-0.0,0,0
59,0.0,0.019801980198019802,0.059735061897023205,1.0,-0.0,0,0
60,0.0,0.0,0.0,1.0,-0.0,0,0
61,0.0,0.0,0.0,1.0,-0.0,0,0
62,0.0,0.0,0.0,1.0,-0.0,0,0
63,0.0,0.06336633663366337,0.10874875419996817,1.0,-0.0,0,0
64,0.0,0.06336633663366337,0.10874875419996817,1.0,-0.0,0,0
65,0.0,0.10495049504950496,0.13670539084430264,1.0,-0.0,0,0
66,0.0,0.10495049504950496,0.13670539084430264,1.0,-0.0,0,0
67,0.0,0.10495049504950496,0.13670539084430264,1.0,-0.0,0,0
68,0.0,0.041584158415841586,0.08590499787518362,1.0,-0.0,0,0
69,0.0,0.041584158415841586,0.08590499787518362,1.0,-0.0,0,0
70,0.0,0.0,0.0,1.0,-0.0,0,0
71,0.0,0.039603960396039604,0.07970143286137865,1.0,-0.0,0,0
72,0.0,0.07524752475247526,0.10474480123119363,1.0,-0.0,0,0
73,0.0,0.5881188118811882,0.31063242061192203,1.0,-0.0,0,0
74,0.4,0.691089108910891,0.3239908964315094,1.0,-0.0,0,0
75,0.4,0.691089108910891,0.3239908964315094,1.0,-0.0,0,0
76,0.4,0.6514851485148515,0.3192236440615705,1.0,-0.0,0,0
77,0.4,0.6158415841584158,0.305310318767652,1.0,-0.0,0,0
78,0.4,0.10297029702970295,0.13383560593042218,0.013231041946804118,1.8784059537014401,0,0
79,0.0,0.09108910891089109,0.11440678673785577,1.0,-0.0,0,0
80,0.0,0.09108910891089109,0.11440678673785577,1.0,-0.0,0,0
81,0.2,0.5306930693069307,0.29306930693069305,1.0,-0.0,0,0
82,0.2,0.5306930693069307,0.29306930693069305,1.0,-0.0,0,0
83,0.2,0.5306930693069307,0.29306930693069305,1.0,-0.0,0,0
84,0.2,0.43762376237623773,0.2512745668590456,1.0,-0.0,0,0
85,0.2,0.43762376237623773,0.2512745668590456,1.0,-0.0,0,0
86,0.0,0.0,0.0,1.0,-0.0,0,0
87,0.0,0.0,0.0,1.0,-0.0,0,0
88,0.0,0.015841584158415842,0.05401260078014202,1.0,-0.0,0,0
89,0.0,0.015841584158415842,0.05401260078014202,1.0,-0.0,0,0
90,0.2,0.5128712871287129,0.2749125392285262,1.0,-0.0,0,0
91,0.2,0.5445544554455446,0.2857940986734762,1.0,-0.0,0,0
92,0.6,0.6178217821782179,0.30842815797920853,1.0,-0.0,0,0
93,0.6,0.6534653465346535,0.3207554067780544,1.0,-0.0,0,0
94,0.6,0.6534653465346535,0.3207554067780544,1.0,-0.0,0,0
95,0.4,0.30099009900990104,0.23818415768324583,0.3388197687379423,0.4700312583078752,0,0
96,0.4,0.27128712871287125,0.23136984822144205,0.28900019833709795,0.5391018591926644,0,0
97,0.0,0.2455445544554455,0.21595963707735685,1.0,-0.0,0,0
98,0.0,0.19405940594059404,0.18552669588707663,1.0,-0.0,0,0
99,0.0,0.19405940594059404,0.18552669588707663,1.0,-0.0,0,0
100,0.4,0.16831683168316827,0.16345931947317976,0.07818664521725646,1.106867420901216,0,0
101,0.4,0.16831683168316827,0.16345931947317976,0.07818664521725646,1.106867420901216,0,0
102,0.4,0.1603960396039604,0.15674865288842219,0.06318342460111154,1.1993968386230414,0,0
103,2.0,0.7603960396039604,0.345860730833713,0.00016911278619087796,3.771823555251374,0,0
104,2.0,0.8079207920792078,0.3491668069456774,0.00032000304827905525,3.4948458846661326,0,0
105,1.6,0.6871287128712871,0.32140267034096603,0.0022537478979480978,2.6470946653322005,0,0
106,1.6,0.6871287128712871,0.32140267034096603,0.0022537478979480978,2.6470946653322005,0,0
107,1.8,0.7485148514851485,0.3289990404109328,0.0006967046197429519,3.156951309714864,0,0
