,foreground,bg_means,bg_stdev,pvals,minus_logs,regs,active
2,0.2,0.09504950495049502,0.1213588391765906,0.19357570836574056,0.7131491428159775,0,0
3,0.2,0.09504950495049502,0.1213588391765906,0.19357570836574056,0.7131491428159775,0,0
4,0.0,0.033663366336633666,0.07482947971362845,1.0,-0.0,0,0
5,0.0,0.0,0.0,1.0,-0.0,0,0
6,0.0,0.0,0.0,1.0,-0.0,0,0
7,0.0,0.14257425742574256,0.14981608173764543,1.0,-0.0,0,0
8,0.0,0.14257425742574256,0.14981608173764543,1.0,-0.0,0,0
9,0.2,0.1920792079207921,0.17782134115361306,0.4822355731220384,0.3167407561303412,0,0
10,0.2,0.1920792079207921,0.17782134115361306,0.4822355731220384,0.3167407561303412,0,0
11,0.2,0.1920792079207921,0.17782134115361306,0.4822355731220384,0.3167407561303412,0,0
12,0.2,0.04950495049504951,0.08631483056516186,0.040617958542992695,1.3912819080063725,0,0
13,0.2,0.09504950495049502,0.09987738782509697,0.14667675509195882,0.8336387064374011,0,0
14,0.0,0.04554455445544555,0.08387254884969257,1.0,-0.0,0,0
15,0.0,0.04554455445544555,0.08387254884969257,1.0,-0.0,0,0
16,0.0,0.04554455445544555,0.08387254884969257,1.0,-0.0,0,0
17,0.0,0.04554455445544555,0.08387254884969257,1.0,-0.0,0,0
18,0.0,0.0,0.0,1.0,-0.0,0,0
19,0.0,0.0,0.0,1.0,-0.0,0,0
20,0.0,0.0,0.0,1.0,-0.0,0,0
21,0.0,0.0,0.0,1.0,-0.0,0,0
22,0.0,0.0,0.0,1.0,-0.0,0,0
23,0.0,0.0,0.0,1.0,-0.0,0,0
24,0.0,0.0,0.0,1.0,-0.0,0,0
25,0.0,0.08316831683168317,0.13864214704328154,1.0,-0.0,0,0
26,0.0,0.08316831683168317,0.13864214704328154,1.0,-0.0,0,0
27,0.0,0.08316831683168317,0.13864214704328154,1.0,-0.0,0,0
28,0.0,0.08316831683168317,0.13864214704328154,1.0,-0.0,0,0
29,0.0,0.08316831683168317,0.13864214704328154,1.0,-0.0,0,0
30,0.0,0.10297029702970295,0.13084299831035082,1.0,-0.0,0,0
31,0.0,0.10297029702970295,0.13084299831035082,1.0,-0.0,0,0
32,0.0,0.10297029702970295,0.13084299831035082,1.0,-0.0,0,0
33,0.0,0.10297029702970295,0.13084299831035082,1.0,-0.0,0,0
34,0.2,0.2059405940594059,0.1675813868644411,1.0,-0.0,0,0
35,0.2,0.10297029702970294,0.09995587694355614,0.16584253402843113,0.7803040749629365,0,0
36,0.2,0.10297029702970294,0.09995587694355614,0.16584253402843113,0.7803040749629365,0,0
37,0.2,0.10297029702970294,0.09995587694355614,0.16584253402843113,0.7803040749629365,0,0
38,0.4,0.1881188118811881,0.14301362443776464,0.06923063818228171,1.1597016649541287,0,0
39,0.2,0.18415841584158413,0.16333933170139628,0.4613688638156537,0.3359517178542069,0,0
40,0.2,0.20198019801980197,0.17002049848448067,1.0,-0.0,0,0
41,0.2,0.22376237623762374,0.17185563527720502,1.0,-0.0,0,0
42,0.2,0.22376237623762374,0.17185563527720502,1.0,-0.0,0,0
43,0.0,0.1386138613861386,0.1312320120853932,1.0,-0.0,0,0
44,0.0,0.039603960396039604,0.08452453849668534,1.0,-0.0,0,0
45,0.0,0.021782178217821784,0.06230547612891991,1.0,-0.0,0,0
46,0.0,0.0,0.0,1.0,-0.0,0,0
47,0.0,0.0,0.0,1.0,-0.0,0,0
48,0.0,0.0,0.0,1.0,-0.0,0,0
49,0.0,0.0,0.0,1.0,-0.0,0,0
50,0.0,0.0,0.0,1.0,-0.0,0,0
51,0.0,0.0,0.0,1.0,-0.0,0,0
52,0.0,0.0,0.0,1.0,-0.0,0,0
53,0.0,0.0,0.0,1.0,-0.0,0,0
54,0.0,0.0,0.0,1.0,-0.0,0,0
55,0.0,0.0,0.0,1.0,-0.0,0,0
56,0.4,0.09900990099009899,0.1308729634998678,0.010727945415790323,1.9694834448583003,0,0
57,0.4,0.09900990099009899,0.1308729634998678,0.010727945415790323,1.9694834448583003,0,0
58,0.8,0.21782178217821782,0.17598156946925847,0.00046952683845948273,3.3283395781332836,0,0
59,0.8,0.21782178217821782,0.17598156946925847,0.00046952683845948273,3.3283395781332836,0,0
60,0.8,0.21782178217821782,0.17598156946925847,0.00046952683845948273,3.3283395781332836,1,0
61,0.4,0.11683168316831682,0.13575553664160483,0.018495228380579532,1.7329403016120046,0,0
62,0.4,0.11683168316831682,0.13575553664160483,0.018495228380579532,1.7329403016120046,0,0
63,0.0,0.0,0.0,1.0,-0.0,0,0
64,0.0,0.06534653465346535,0.1164113937164283,1.0,-0.0,0,0
65,0.0,0.06534653465346535,0.1164113937164283,1.0,-0.0,0,0
66,0.0,0.06534653465346535,0.1164113937164283,1.0,-0.0,1,0
67,0.0,0.06534653465346535,0.1164113937164283,1.0,-0.0,0,0
68,0.0,0.06534653465346535,0.1164113937164283,1.0,-0.0,0,0
69,0.0,0.0,0.0,1.0,-0.0,0,0
70,0.0,0.0,0.0,1.0,-0.0,0,0
71,0.0,0.0,0.0,1.0,-0.0,0,0
72,0.0,0.0,0.0,1.0,-0.0,0,0
73,0.0,0.0,0.0,1.0,-0.0,0,0
74,0.0,0.0,0.0,1.0,-0.0,0,0
75,0.0,0.0,0.0,1.0,-0.0,0,0
76,0.0,0.0,0.0,1.0,-0.0,0,0
77,0.0,0.0,0.0,1.0,-0.0,0,0
78,0.0,0.0,0.0,1.0,-0.0,0,0
79,0.0,0.0,0.0,1.0,-0.0,0,0
80,0.0,0.0,0.0,1.0,-0.0,0,0
81,0.0,0.16831683168316833,0.1658644878524509,1.0,-0.0,0,0
82,0.0,0.2099009900990099,0.17206086333646306,1.0,-0.0,0,0
83,0.0,0.2099009900990099,0.17206086333646306,1.0,-0.0,0,0
84,0.0,0.2099009900990099,0.17206086333646306,1.0,-0.0,0,0
85,0.0,0.25346534653465347,0.1843180400510114,1.0,-0.0,0,0
86,0.0,0.1346534653465346,0.1323329461117119,1.0,-0.0,0,0
87,0.0,0.09108910891089106,0.11781762202489916,1.0,-0.0,0,0
88,0.0,0.09108910891089106,0.11781762202489916,1.0,-0.0,0,0
89,0.0,0.09108910891089106,0.11781762202489916,1.0,-0.0,0,0
90,0.0,0.047524752475247525,0.08512548617902845,1.0,-0.0,0,0
91,0.0,0.03762376237623763,0.07816140339006158,1.0,-0.0,0,0
92,0.0,0.03762376237623763,0.07816140339006158,1.0,-0.0,0,0
93,0.0,0.14059405940594058,0.13943181578046687,1.0,-0.0,0,0
94,0.0,0.14059405940594058,0.13943181578046687,1.0,-0.0,0,0
95,0.0,0.14059405940594058,0.13943181578046687,1.0,-0.0,0,0
96,0.0,0.10099009900990098,0.1338649012368758,1.0,-0.0,0,0
97,0.0,0.10099009900990098,0.1338649012368758,1.0,-0.0,0,0
98,0.0,0.0,0.0,1.0,-0.0,0,0
99,0.0,0.0,0.0,1.0,-0.0,0,0
100,0.0,0.025742574257425745,0.0669763743575753,1.0,-0.0,0,0
