,foreground,bg_means,bg_stdev,pvals,minus_logs,regs,active
2,0.0,0.0,0.0,1.0,-0.0,0,0
3,0.0,0.0,0.0,1.0,-0.0,0,0
4,0.0,0.0,0.0,1.0,-0.0,0,0
5,0.0,0.0,0.0,1.0,-0.0,0,0
6,0.6,0.29900990099009894,0.19825728333914974,0.0644846051260186,1.1905439552382793,0,0
7,1.4,0.7841584158415841,0.3000767800319147,0.020071227652267324,1.69742606317272,0,0
8,2.2,1.296039603960396,0.3251567153245266,0.002717308493929254,2.5658610536668633,0,0
9,2.4,1.413861386138614,0.32243802166602564,0.0011126788254175127,2.953630176615906,0,0
10,2.4,1.413861386138614,0.32243802166602564,0.0011126788254175127,2.953630176615906,0,0
11,1.8,1.1168316831683167,0.29148622470744073,0.0095457029846585,2.0201920828684377,0,0
12,1.2,0.7386138613861384,0.21386138613861388,0.015486967287904647,1.8100336189792312,0,0
13,0.6,0.3188118811881188,0.2071555933563884,0.08733081746926054,1.0588324745635311,0,0
14,0.8,0.4396039603960396,0.2501798196548497,0.07485620962625229,1.1257721673375294,0,0
15,1.6,2.110891089108911,0.4730145561361041,1.0,-0.0,0,0
16,1.8,2.279207920792079,0.4793388250957685,1.0,-0.0,0,0
17,1.6,2.2,0.47844633041659845,1.0,-0.0,0,0
18,1.4,2.1069306930693066,0.4935740388535571,1.0,-0.0,0,0
19,1.2,1.9742574257425742,0.5031885392268138,1.0,-0.0,0,0
20,0.4,0.3029702970297029,0.20022534114478477,0.3139791662907613,0.5030991680577938,0,0
21,0.2,0.1346534653465346,0.14102569358229589,0.3215509638069871,0.4927501843383155,0,0
22,0.8,0.5485148514851484,0.2865340376463649,0.19005874377704046,0.7211121455990622,0,0
23,0.8,0.5485148514851484,0.2865340376463649,0.19005874377704046,0.7211121455990622,0,0
24,0.8,0.6613861386138613,0.2975045709041326,0.3206357427195261,0.4939880665089353,0,0
25,0.8,0.6613861386138613,0.2975045709041326,0.3206357427195261,0.4939880665089353,0,0
26,0.8,0.6613861386138613,0.2975045709041326,0.3206357427195261,0.4939880665089353,1,0
27,0.2,0.21980198019801975,0.18985132378941597,1.0,-0.0,0,0
28,0.2,0.21980198019801975,0.18985132378941597,1.0,-0.0,0,0
29,0.2,0.2376237623762376,0.2246455889250183,1.0,-0.0,0,0
30,0.2,0.28316831683168314,0.2238587368089122,1.0,-0.0,0,0
31,0.6,0.9108910891089107,0.31650973741891747,1.0,-0.0,0,0
32,0.6,0.9108910891089107,0.31650973741891747,1.0,-0.0,0,0
33,1.2,1.346534653465346,0.39087724553415115,1.0,-0.0,0,0
34,1.6,1.5089108910891087,0.420772276761772,0.4143065042894256,0.3826782485630803,0,0
35,1.6,1.4613861386138614,0.4171972245405015,0.369850170169403,0.43197417714156294,0,0
36,1.2,0.8336633663366337,0.3755595766169035,0.16467049689478508,0.7833842040090302,0,0
37,1.2,0.8336633663366337,0.3755595766169035,0.16467049689478508,0.7833842040090302,0,0
38,0.6,0.39801980198019804,0.2617459269997356,0.22015640187431434,0.6572686812775221,0,0
39,0.2,0.06336633663366338,0.09304823860966917,0.0709954233253661,1.1487696468950523,0,0
40,0.2,0.06336633663366338,0.09304823860966917,0.0709954233253661,1.1487696468950523,0,0
41,0.2,0.06336633663366338,0.09304823860966917,0.0709954233253661,1.1487696468950523,0,0
42,0.2,0.06336633663366338,0.09304823860966917,0.0709954233253661,1.1487696468950523,0,0
43,0.2,0.06336633663366338,0.09304823860966917,0.0709954233253661,1.1487696468950523,0,0
44,0.0,0.0,0.0,1.0,-0.0,0,0
45,0.0,0.07524752475247524,0.0968881570116837,1.0,-0.0,0,0
46,0.0,0.07524752475247524,0.0968881570116837,1.0,-0.0,0,0
47,0.0,0.07524752475247524,0.0968881570116837,1.0,-0.0,0,0
48,0.0,0.9009900990099009,0.36762417569501027,1.0,-0.0,0,0
49,0.4,2.2039603960396037,0.5310033081657887,1.0,-0.0,0,0
50,0.4,2.1485148514851486,0.5292651100442258,1.0,-0.0,0,0
51,0.6,2.5643564356435644,0.5797889951475675,1.0,-0.0,0,0
52,1.4,2.8831683168316844,0.5891879471068454,1.0,-0.0,0,0
53,1.4,2.077227722772277,0.5158634380882215,1.0,-0.0,0,0
54,1.0,0.7722772277227722,0.3458720681136674,0.25514000805172743,0.5932214351035279,0,0
55,1.0,0.8019801980198018,0.34180076358036293,0.28117895509092483,0.551017187314753,0,0
56,0.8,0.3861386138613862,0.23923545838477553,0.04182109639182197,1.3786045858015437,0,0
57,0.0,0.06534653465346535,0.10939585993610405,1.0,-0.0,0,0
58,0.0,0.0891089108910891,0.1142352879354927,1.0,-0.0,0,0
59,0.0,0.0891089108910891,0.1142352879354927,1.0,-0.0,0,0
60,0.0,0.039603960396039604,0.07970143286137867,1.0,-0.0,0,0
61,0.0,0.039603960396039604,0.07970143286137867,1.0,-0.0,0,0
62,0.0,0.039603960396039604,0.07970143286137867,1.0,-0.0,0,0
63,0.0,0.07722772277227724,0.10889288780093087,1.0,-0.0,0,0
64,0.0,0.07722772277227724,0.10889288780093087,1.0,-0.0,0,0
65,2.8,1.310891089108911,0.47883956057544075,0.0009359800051102962,3.028733428786485,0,0
66,2.8,1.310891089108911,0.47883956057544075,0.0009359800051102962,3.028733428786485,0,0
67,3.0,1.3722772277227722,0.4809476643233202,0.00035666054430874767,3.4477449319758025,0,0
68,3.6,1.8118811881188124,0.5278927150065666,0.0003529504846083707,3.4522862174725137,0,0
69,3.8,2.4415841584158415,0.5531668193647138,0.007030379892782882,2.1530212068604495,0,0
70,3.0,1.9326732673267326,0.49813690727979104,0.016071115630439652,1.7939539741808759,0,0
71,3.2,1.973267326732673,0.4984910079149488,0.006929598504388076,2.159291927347793,0,0
72,3.2,1.9544554455445542,0.4906097948341205,0.0055621747736851945,2.2547553689320283,0,0
73,2.6,1.4356435643564356,0.46107583157066756,0.00577991954284883,2.238078206967011,0,0
74,2.4,0.8059405940594059,0.3475007748914269,2.246032225505967e-06,5.648584016881767,0,0
75,0.4,0.08118811881188118,0.10964648079134362,0.0018208689931552154,2.739721299453008,0,0
76,0.2,0.041584158415841586,0.08116396646304633,0.025480968483881664,1.5937840693032386,0,0
77,0.0,0.0,0.0,1.0,-0.0,0,0
78,0.0,0.0,0.0,1.0,-0.0,0,0
79,0.0,0.0,0.0,1.0,-0.0,0,0
80,0.0,0.0,0.0,1.0,-0.0,0,0
81,0.0,0.0,0.0,1.0,-0.0,0,0
82,0.0,0.0,0.0,1.0,-0.0,0,0
83,0.0,0.0,0.0,1.0,-0.0,0,0
84,0.2,0.10297029702970295,0.09995587694355614,0.16584253402843113,0.7803040749629365,0,0
85,0.2,0.10297029702970295,0.09995587694355614,0.16584253402843113,0.7803040749629365,0,0
86,0.2,0.10297029702970295,0.09995587694355614,0.16584253402843113,0.7803040749629365,0,0
87,0.2,0.10297029702970295,0.09995587694355614,0.16584253402843113,0.7803040749629365,0,0
88,0.2,0.10297029702970295,0.09995587694355614,0.16584253402843113,0.7803040749629365,0,0
89,0.0,0.0,0.0,1.0,-0.0,0,0
90,0.8,0.24158415841584158,0.16960485628010974,0.000496589318321818,3.3040026263919744,0,0
91,1.0,0.403960396039604,0.20677667298545127,0.001972488720810819,2.7049854715170856,0,0
92,2.4,1.2297029702970297,0.38730972446408407,0.001257191776189299,2.9005984685447608,0,0
93,2.4,1.2297029702970297,0.38730972446408407,0.001257191776189299,2.9005984685447608,0,0
94,2.4,1.2297029702970297,0.38730972446408407,0.001257191776189299,2.9005984685447608,0,0
95,1.6,1.0396039603960394,0.3435629297770476,0.0514313728049536,1.2887718833464366,0,0
96,1.4,0.9326732673267326,0.34270586380647816,0.08634076584839197,1.0637841034414435,0,0
97,0.0,0.10891089108910887,0.09960218883136074,1.0,-0.0,0,0
98,0.0,0.10891089108910887,0.09960218883136074,1.0,-0.0,0,0
99,0.0,0.10891089108910887,0.09960218883136074,1.0,-0.0,0,0
100,1.2,2.8772277227722767,0.5586194418525069,1.0,-0.0,0,0
101,1.4,2.8712871287128707,0.5660942498695073,1.0,-0.0,0,0
102,1.4,2.8712871287128707,0.5660942498695073,1.0,-0.0,0,0
103,1.6,3.1643564356435645,0.5617483595777433,1.0,-0.0,0,0
104,2.6,5.13069306930693,0.7335985594230737,1.0,-0.0,0,0
105,1.4,2.3108910891089107,0.6136888930438195,1.0,-0.0,0,0
106,1.2,2.259405940594059,0.6006890791963004,1.0,-0.0,1,0
107,1.2,2.2801980198019804,0.5916949645596012,1.0,-0.0,0,0
108,1.0,1.9881188118811883,0.5248832267517425,1.0,-0.0,0,0
109,0.0,0.019801980198019802,0.059735061897023205,1.0,-0.0,0,0
110,0.0,0.019801980198019802,0.059735061897023205,1.0,-0.0,0,0
111,0.0,0.019801980198019802,0.059735061897023205,1.0,-0.0,0,0
112,0.0,0.0,0.0,1.0,-0.0,0,0
113,0.2,0.021782178217821784,0.06230547612891991,0.002115616449879084,2.6745630648030154,0,0
114,0.2,0.021782178217821784,0.06230547612891991,0.002115616449879084,2.6745630648030154,0,0
115,0.2,0.021782178217821784,0.06230547612891991,0.002115616449879084,2.6745630648030154,0,0
116,0.2,0.021782178217821784,0.06230547612891991,0.002115616449879084,2.6745630648030154,0,0
117,0.2,0.021782178217821784,0.06230547612891991,0.002115616449879084,2.6745630648030154,0,0
118,0.0,0.0,0.0,1.0,-0.0,0,0
119,0.0,0.0,0.0,1.0,-0.0,0,0
120,0.0,0.0,0.0,1.0,-0.0,0,0
121,0.0,0.0,0.0,1.0,-0.0,0,0
122,0.0,0.0,0.0,1.0,-0.0,0,0
123,0.0,0.0,0.0,1.0,-0.0,0,0
124,0.0,0.0,0.0,1.0,-0.0,0,0
125,0.0,0.0,0.0,1.0,-0.0,0,0
126,0.0,0.0,0.0,1.0,-0.0,0,0
127,0.0,0.0,0.0,1.0,-0.0,0,0
128,0.0,0.0,0.0,1.0,-0.0,0,0
129,0.0,0.0,0.0,1.0,-0.0,0,0
130,0.0,0.0,0.0,1.0,-0.0,0,0
131,0.0,0.0,0.0,1.0,-0.0,0,0
132,0.0,0.0,0.0,1.0,-0.0,0,0
133,0.0,0.3346534653465347,0.218199492500774,1.0,-0.0,0,0
134,0.0,0.3900990099009901,0.24271767835318123,1.0,-0.0,0,0
135,0.0,0.5544554455445545,0.29096110878738013,1.0,-0.0,0,0
136,0.8,1.4712871287128715,0.5046980537686809,1.0,-0.0,0,0
137,0.8,1.4712871287128715,0.5046980537686809,1.0,-0.0,0,0
138,0.8,1.1386138613861387,0.41909149666885304,1.0,-0.0,1,0
139,0.8,1.1485148514851486,0.4384070763923851,1.0,-0.0,0,0
140,1.0,1.073267326732673,0.4046489957043472,1.0,-0.0,0,0
141,0.2,0.2059405940594059,0.18552669588707663,1.0,-0.0,0,0
142,0.2,0.2059405940594059,0.18552669588707663,1.0,-0.0,0,0
143,0.2,0.2059405940594059,0.18552669588707663,1.0,-0.0,0,0
144,0.6,0.7564356435643563,0.32652258472194035,1.0,-0.0,0,0
