,foreground,bg_means,bg_stdev,pvals,minus_logs,regs,active
2,0.0,0.07524752475247526,0.12219602867755654,1.0,-0.0,0,0
3,0.0,0.05544554455445546,0.1094316980566186,1.0,-0.0,0,0
4,0.0,0.05544554455445546,0.1094316980566186,1.0,-0.0,0,0
5,0.0,0.05544554455445546,0.1094316980566186,1.0,-0.0,0,0
6,0.2,0.007920792079207921,0.03900537743285587,4.2303541670263104e-07,6.3736232717865695,0,0
7,0.2,0.007920792079207921,0.03900537743285587,4.2303541670263104e-07,6.3736232717865695,0,0
8,0.2,0.007920792079207921,0.03900537743285587,4.2303541670263104e-07,6.3736232717865695,0,0
9,0.2,0.007920792079207921,0.03900537743285587,4.2303541670263104e-07,6.3736232717865695,0,0
10,0.2,0.015841584158415842,0.05401260078014201,0.00032535620257014437,3.4876409094885688,0,0
11,0.0,0.009900990099009901,0.04338396495090425,1.0,-0.0,0,0
12,0.0,0.04554455445544555,0.08846854615322249,1.0,-0.0,0,0
13,0.0,0.07128712871287131,0.11801714396634726,1.0,-0.0,0,0
14,0.0,0.11089108910891086,0.14752142995793405,1.0,-0.0,0,0
15,0.0,0.10297029702970298,0.1396285351588451,1.0,-0.0,0,0
16,0.0,0.100990099009901,0.13965661530697393,1.0,-0.0,0,0
17,0.0,0.11683168316831684,0.14146987009498416,1.0,-0.0,0,0
18,0.0,0.09108910891089109,0.13057300215314485,1.0,-0.0,0,0
19,0.0,0.05148514851485149,0.10773441987117183,1.0,-0.0,0,0
20,0.2,0.061386138613861385,0.11515834731523733,0.11435653877291625,0.9417389978975692,0,0
21,0.2,0.09900990099009901,0.14521752172118102,0.24338974469548025,0.6136977248569541,0,0
22,0.2,0.047524752475247525,0.10586191211583096,0.07488815124685981,1.1255868906472768,0,0
23,0.2,0.08316831683168316,0.12978985828256587,0.1840174638895371,0.7351409589961647,0,0
24,0.2,0.08316831683168316,0.12978985828256587,0.1840174638895371,0.7351409589961647,0,0
25,0.0,0.14455445544554454,0.1569986110329885,1.0,-0.0,0,0
26,0.0,0.11683168316831682,0.13575553664160483,1.0,-0.0,0,0
27,0.0,0.11683168316831682,0.13575553664160483,1.0,-0.0,0,0
28,0.0,0.1178217821782178,0.1352636147163411,1.0,-0.0,0,0
29,0.0,0.1178217821782178,0.1352636147163411,1.0,-0.0,0,0
30,0.0,0.04752475247524753,0.09397077637785879,1.0,-0.0,0,0
31,0.0,0.03564356435643565,0.07653920035678292,1.0,-0.0,0,0
32,0.0,0.03564356435643565,0.07653920035678292,1.0,-0.0,0,0
33,0.0,0.0,0.0,1.0,-0.0,0,0
34,0.0,0.0,0.0,1.0,-0.0,0,0
35,0.0,0.007920792079207921,0.03900537743285587,1.0,-0.0,0,0
36,0.0,0.007920792079207921,0.03900537743285587,1.0,-0.0,0,0
37,0.0,0.007920792079207921,0.03900537743285587,1.0,-0.0,0,0
38,0.0,0.007920792079207921,0.03900537743285587,1.0,-0.0,0,0
39,0.0,0.05940594059405942,0.0996808946427978,1.0,-0.0,0,0
40,0.0,0.05148514851485149,0.09186070102766893,1.0,-0.0,0,0
41,0.0,0.05148514851485149,0.09186070102766893,1.0,-0.0,0,0
42,0.0,0.05148514851485149,0.09186070102766893,1.0,-0.0,0,0
43,0.0,0.05148514851485149,0.09186070102766893,1.0,-0.0,0,0
44,0.0,0.0,0.0,1.0,-0.0,0,0
45,0.0,0.0,0.0,1.0,-0.0,0,0
46,0.0,0.0,0.0,1.0,-0.0,0,0
47,0.0,0.08316831683168316,0.11351216354824961,1.0,-0.0,0,0
48,0.0,0.08316831683168316,0.11351216354824961,1.0,-0.0,0,0
49,0.0,0.13465346534653463,0.14653465346534653,1.0,-0.0,0,0
50,0.0,0.13465346534653463,0.14653465346534653,1.0,-0.0,0,0
51,0.0,0.13465346534653463,0.14653465346534653,1.0,-0.0,0,0
52,0.0,0.049504950495049514,0.09504950495049506,1.0,-0.0,0,0
53,0.0,0.061386138613861385,0.1080614942545921,1.0,-0.0,0,0
54,0.0,0.019801980198019802,0.059735061897023205,1.0,-0.0,0,0
55,0.0,0.019801980198019802,0.059735061897023205,1.0,-0.0,0,0
56,0.0,0.019801980198019802,0.059735061897023205,1.0,-0.0,0,0
57,0.0,0.019801980198019802,0.059735061897023205,1.0,-0.0,0,0
58,0.0,0.007920792079207921,0.03900537743285587,1.0,-0.0,0,0
59,0.0,0.0,0.0,1.0,-0.0,0,0
60,0.0,0.0,0.0,1.0,-0.0,0,0
61,0.0,0.0,0.0,1.0,-0.0,0,0
62,0.0,0.0,0.0,1.0,-0.0,0,0
63,0.0,0.0,0.0,1.0,-0.0,0,0
64,0.0,0.0,0.0,1.0,-0.0,0,0
65,0.0,0.0,0.0,1.0,-0.0,0,0
66,0.0,0.0,0.0,1.0,-0.0,0,0
67,0.0,0.011881188118811883,0.047276579747775535,1.0,-0.0,0,0
68,0.0,0.011881188118811883,0.047276579747775535,1.0,-0.0,0,0
69,0.0,0.011881188118811883,0.047276579747775535,1.0,-0.0,0,0
70,0.0,0.05346534653465347,0.10489443673781407,1.0,-0.0,0,0
71,0.0,0.05346534653465347,0.10489443673781407,1.0,-0.0,0,0
72,0.0,0.041584158415841586,0.09467748980500532,1.0,-0.0,0,0
73,0.0,0.041584158415841586,0.09467748980500532,1.0,-0.0,0,0
74,0.0,0.11089108910891088,0.1420507440353343,1.0,-0.0,0,0
75,0.0,0.06930693069306931,0.10693069306930696,1.0,-0.0,0,0
76,0.0,0.08712871287128712,0.11402914890208293,1.0,-0.0,0,0
77,0.0,0.08712871287128712,0.11402914890208293,1.0,-0.0,0,0
78,0.0,0.08712871287128712,0.11402914890208293,1.0,-0.0,0,0
79,0.0,0.017821782178217824,0.05698017651460656,1.0,-0.0,0,0
80,0.0,0.03762376237623763,0.07816140339006158,1.0,-0.0,0,0
81,0.0,0.019801980198019802,0.059735061897023205,1.0,-0.0,0,0
82,0.0,0.019801980198019802,0.059735061897023205,1.0,-0.0,0,0
83,0.0,0.021782178217821788,0.062305476128919894,1.0,-0.0,0,0
84,0.0,0.021782178217821788,0.062305476128919894,1.0,-0.0,0,0
85,0.0,0.009900990099009901,0.04338396495090424,1.0,-0.0,0,0
86,0.0,0.009900990099009901,0.04338396495090424,1.0,-0.0,0,0
87,0.0,0.009900990099009901,0.04338396495090424,1.0,-0.0,0,0
88,0.0,0.007920792079207921,0.03900537743285587,1.0,-0.0,0,0
89,0.2,0.023762376237623766,0.06471340450838887,0.003231121245907738,2.4906467450338194,0,0
90,0.2,0.015841584158415842,0.05401260078014202,0.00032535620257014524,3.4876409094885674,0,0
91,0.2,0.015841584158415842,0.05401260078014202,0.00032535620257014524,3.4876409094885674,0,0
92,0.2,0.015841584158415842,0.05401260078014202,0.00032535620257014524,3.4876409094885674,0,0
93,0.2,0.07524752475247526,0.1189108498693262,0.1470600443380226,0.8325053074261874,0,0
94,0.0,0.05940594059405942,0.0996808946427978,1.0,-0.0,0,0
95,0.0,0.05940594059405942,0.0996808946427978,1.0,-0.0,0,0
96,0.0,0.05940594059405942,0.0996808946427978,1.0,-0.0,0,0
97,0.0,0.05940594059405942,0.0996808946427978,1.0,-0.0,0,0
98,0.0,0.0,0.0,1.0,-0.0,0,0
99,0.0,0.0,0.0,1.0,-0.0,0,0
100,0.0,0.0,0.0,1.0,-0.0,0,0
101,0.0,0.0059405940594059415,0.03395332316729158,1.0,-0.0,0,0
102,0.0,0.0059405940594059415,0.03395332316729158,1.0,-0.0,0,0
103,0.0,0.0059405940594059415,0.03395332316729158,1.0,-0.0,0,0
104,0.0,0.0059405940594059415,0.03395332316729158,1.0,-0.0,0,0
105,0.0,0.0059405940594059415,0.03395332316729158,1.0,-0.0,0,0
106,0.0,0.0,0.0,1.0,-0.0,0,0
107,0.0,0.0,0.0,1.0,-0.0,0,0
108,0.0,0.0,0.0,1.0,-0.0,0,0
109,0.0,0.0,0.0,1.0,-0.0,0,0
110,0.0,0.0,0.0,1.0,-0.0,0,0
111,0.0,0.009900990099009901,0.04338396495090424,1.0,-0.0,0,0
112,0.0,0.023762376237623766,0.06471340450838887,1.0,-0.0,0,0
113,0.0,0.023762376237623766,0.06471340450838887,1.0,-0.0,0,0
114,0.0,0.031683168316831684,0.07826167463512675,1.0,-0.0,0,0
115,0.0,0.03762376237623763,0.08307396817189318,1.0,-0.0,0,0
116,0.0,0.027722772277227727,0.07461957893630407,1.0,-0.0,0,0
117,0.0,0.013861386138613863,0.05079507064705211,1.0,-0.0,0,0
118,0.0,0.013861386138613863,0.05079507064705211,1.0,-0.0,0,0
119,0.0,0.0059405940594059415,0.033953323167291584,1.0,-0.0,0,0
120,0.0,0.0,0.0,1.0,-0.0,0,0
121,0.0,0.0,0.0,1.0,-0.0,0,0
122,0.0,0.0,0.0,1.0,-0.0,0,0
123,0.0,0.06534653465346535,0.10939585993610405,1.0,-0.0,0,0
124,0.0,0.06534653465346535,0.10939585993610405,1.0,-0.0,0,0
125,0.0,0.06534653465346535,0.10939585993610405,1.0,-0.0,0,0
126,0.0,0.10891089108910887,0.13650445892763632,1.0,-0.0,0,0
127,0.0,0.1861386138613861,0.15734788534906086,1.0,-0.0,0,0
128,0.0,0.1188118811881188,0.14399729871443837,1.0,-0.0,0,0
129,0.0,0.1188118811881188,0.14399729871443837,1.0,-0.0,0,0
130,0.0,0.1188118811881188,0.14399729871443837,1.0,-0.0,0,0
131,0.0,0.07524752475247526,0.11553229422427584,1.0,-0.0,0,0
132,0.0,0.0,0.0,1.0,-0.0,0,0
133,0.0,0.04356435643564357,0.09587103712404124,1.0,-0.0,0,0
134,0.0,0.04356435643564357,0.09587103712404124,1.0,-0.0,0,0
135,0.0,0.08316831683168316,0.13280619910579974,1.0,-0.0,0,0
136,0.0,0.08514851485148517,0.13304219431477882,1.0,-0.0,0,0
137,0.0,0.08514851485148517,0.13304219431477882,1.0,-0.0,0,0
138,0.0,0.04950495049504951,0.08631483056516186,1.0,-0.0,0,0
139,0.0,0.04950495049504951,0.08631483056516186,1.0,-0.0,0,0
140,0.4,0.019801980198019802,0.06603299802191315,4.263451948802728e-09,8.370238627365195,0,0
141,0.4,0.017821782178217824,0.0635517090529949,9.069171356794523e-10,9.042432392279691,0,0
142,0.4,0.017821782178217824,0.0635517090529949,9.069171356794523e-10,9.042432392279691,0,0
143,0.4,0.009900990099009901,0.04338396495090424,1.0121630622599334e-17,16.99474951582134,0,0
144,0.4,0.019801980198019802,0.059735061897023205,9.78116791754024e-11,10.009609285308553,0,0
145,0.0,0.009900990099009901,0.04338396495090424,1.0,-0.0,0,0
146,0.0,0.015841584158415842,0.05401260078014202,1.0,-0.0,0,0
147,0.0,0.019801980198019802,0.0597350618970232,1.0,-0.0,0,0
148,0.0,0.06732673267326733,0.1135467024699521,1.0,-0.0,0,0
149,0.0,0.057425742574257435,0.10277971700879983,1.0,-0.0,0,0
150,0.0,0.057425742574257435,0.10277971700879983,1.0,-0.0,0,0
151,0.0,0.05148514851485149,0.096075322540263,1.0,-0.0,0,0
152,0.0,0.04752475247524753,0.08965727859541997,1.0,-0.0,0,0
153,0.0,0.0,0.0,1.0,-0.0,0,0
154,0.0,0.0059405940594059415,0.03395332316729158,1.0,-0.0,0,0
155,0.0,0.017821782178217824,0.056980176514606566,1.0,-0.0,0,0
156,0.0,0.017821782178217824,0.056980176514606566,1.0,-0.0,0,0
157,0.0,0.023762376237623766,0.06471340450838887,1.0,-0.0,0,0
158,0.0,0.023762376237623766,0.06471340450838887,1.0,-0.0,0,0
159,0.0,0.031683168316831684,0.0730260947112308,1.0,-0.0,0,0
160,0.0,0.019801980198019802,0.0597350618970232,1.0,-0.0,0,0
161,0.0,0.05148514851485149,0.09607532254026299,1.0,-0.0,0,0
162,0.0,0.04554455445544555,0.08846854615322249,1.0,-0.0,0,0
163,0.2,0.06336633663366337,0.09721138779115705,0.07993165121597691,1.097281215347649,0,0
164,0.2,0.06534653465346535,0.09793475658517416,0.08457652549149637,1.0727501601783003,0,0
165,0.2,0.11485148514851487,0.13598641357140118,0.2656067797011654,0.5757608436518118,0,0
166,0.2,0.1801980198019802,0.1813152180952015,0.456516771930489,0.3405432623288974,0,0
167,0.2,0.1801980198019802,0.1813152180952015,0.456516771930489,0.3405432623288974,0,0
168,0.2,0.17029702970297028,0.17885474744676658,0.434049694162681,0.36246054545261197,0,0
169,0.2,0.15445544554455443,0.16858452795083373,0.39351913338152733,0.4050341468627193,0,0
170,0.2,0.1069306930693069,0.13948804962658473,0.2523156018373569,0.5980558942213152,0,0
171,0.2,0.025742574257425748,0.06697637435757531,0.004637140001348011,2.3337497919853583,0,0
172,0.2,0.18415841584158413,0.1681186952617119,0.4624637952839346,0.3349222610305918,0,0
173,0.0,0.1762376237623762,0.16718313599370643,1.0,-0.0,0,0
174,0.0,0.1762376237623762,0.16718313599370643,1.0,-0.0,0,0
175,0.0,0.17227722772277224,0.1665722047113908,1.0,-0.0,0,0
176,0.0,0.1584158415841584,0.1672534844655737,1.0,-0.0,0,0
177,0.0,0.07326732673267328,0.10798889666879985,1.0,-0.0,0,0
178,0.0,0.10297029702970295,0.127780323207142,1.0,-0.0,0,0
179,0.0,0.10297029702970295,0.127780323207142,1.0,-0.0,0,0
180,0.4,0.19603960396039596,0.17795359951414635,0.12586785032003361,0.9000851849963694,0,0
181,0.4,0.19603960396039596,0.17795359951414635,0.12586785032003361,0.9000851849963694,0,0
182,0.4,0.12079207920792076,0.1568986755607153,0.037575400777817826,1.4250963785476674,0,0
183,0.4,0.09108910891089109,0.13650445892763632,0.011817550991416955,1.9274725150886634,0,0
184,0.4,0.09108910891089109,0.13650445892763632,0.011817550991416955,1.9274725150886634,0,0
185,0.0,0.011881188118811883,0.04727657974777554,1.0,-0.0,0,0
186,0.2,0.05544554455445545,0.09384550979067555,0.06173814835066573,1.2094464000101814,0,0
187,0.2,0.0613861386138614,0.0964419458367202,0.07531954647324092,1.1230923036946965,0,0
188,0.2,0.0613861386138614,0.0964419458367202,0.07531954647324092,1.1230923036946965,0,0
189,0.2,0.0613861386138614,0.0964419458367202,0.07531954647324092,1.1230923036946965,0,0
190,0.2,0.04950495049504951,0.08631483056516186,0.040617958542992695,1.3912819080063725,0,0
191,0.0,0.009900990099009901,0.04338396495090424,1.0,-0.0,0,0
192,0.0,0.015841584158415842,0.06090517425437506,1.0,-0.0,0,0
193,0.0,0.015841584158415842,0.06090517425437506,1.0,-0.0,0,0
194,0.0,0.015841584158415842,0.06090517425437506,1.0,-0.0,0,0
195,0.0,0.023762376237623766,0.07056843438101174,1.0,-0.0,0,0
196,0.0,0.019801980198019802,0.0597350618970232,1.0,-0.0,0,0
197,0.0,0.007920792079207921,0.03900537743285587,1.0,-0.0,0,0
198,0.0,0.007920792079207921,0.03900537743285587,1.0,-0.0,0,0
199,0.0,0.07128712871287128,0.10747934055534188,1.0,-0.0,0,0
200,0.0,0.06336633663366337,0.10120342446875752,1.0,-0.0,0,0
201,0.0,0.06336633663366337,0.10120342446875752,1.0,-0.0,0,0
202,0.0,0.06336633663366337,0.10120342446875752,1.0,-0.0,0,0
203,0.0,0.06336633663366337,0.10120342446875752,1.0,-0.0,0,0
204,0.0,0.015841584158415842,0.05401260078014202,1.0,-0.0,0,0
205,0.0,0.015841584158415842,0.05401260078014202,1.0,-0.0,0,0
206,0.0,0.015841584158415842,0.05401260078014202,1.0,-0.0,0,0
207,0.0,0.015841584158415842,0.05401260078014202,1.0,-0.0,0,0
208,0.0,0.015841584158415842,0.05401260078014202,1.0,-0.0,0,0
209,0.0,0.0,0.0,1.0,-0.0,0,0
210,0.0,0.0,0.0,1.0,-0.0,0,0
211,0.0,0.0,0.0,1.0,-0.0,0,0
212,0.0,0.0,0.0,1.0,-0.0,0,0
213,0.0,0.0,0.0,1.0,-0.0,0,0
214,0.0,0.0,0.0,1.0,-0.0,0,0
215,0.0,0.01386138613861386,0.05079507064705211,1.0,-0.0,0,0
216,0.0,0.01386138613861386,0.05079507064705211,1.0,-0.0,0,0
217,0.0,0.01386138613861386,0.05079507064705211,1.0,-0.0,0,0
218,0.0,0.01386138613861386,0.05079507064705211,1.0,-0.0,0,0
219,0.0,0.01386138613861386,0.05079507064705211,1.0,-0.0,0,0
220,0.0,0.0,0.0,1.0,-0.0,0,0
221,0.0,0.0,0.0,1.0,-0.0,0,0
222,0.0,0.0,0.0,1.0,-0.0,0,0
223,0.0,0.0,0.0,1.0,-0.0,0,0
224,0.0,0.0,0.0,1.0,-0.0,0,0
225,0.0,0.007920792079207921,0.03900537743285587,1.0,-0.0,0,0
226,0.0,0.007920792079207921,0.03900537743285587,1.0,-0.0,0,0
227,0.0,0.02970297029702971,0.07112192077650681,1.0,-0.0,0,0
228,0.0,0.02970297029702971,0.07112192077650681,1.0,-0.0,0,0
229,0.0,0.039603960396039604,0.08908690597387718,1.0,-0.0,0,0
230,0.0,0.031683168316831684,0.07826167463512675,1.0,-0.0,0,0
231,0.0,0.05346534653465347,0.09704990696905226,1.0,-0.0,0,0
232,0.0,0.031683168316831684,0.07826167463512675,1.0,-0.0,0,0
233,0.0,0.03564356435643565,0.08154954567118416,1.0,-0.0,0,0
234,0.0,0.025742574257425748,0.07264925278354116,1.0,-0.0,0,0
235,0.0,0.025742574257425748,0.07264925278354116,1.0,-0.0,0,0
236,0.0,0.0039603960396039604,0.02786385599895106,1.0,-0.0,0,0
237,0.0,0.0039603960396039604,0.02786385599895106,1.0,-0.0,0,0
238,0.0,0.0,0.0,1.0,-0.0,0,0
239,0.2,0.013861386138613863,0.05079507064705211,0.00012391038159364294,3.90689230556944,0,0
240,0.2,0.013861386138613863,0.05079507064705211,0.00012391038159364294,3.90689230556944,0,0
241,0.2,0.013861386138613863,0.05079507064705211,0.00012391038159364294,3.90689230556944,0,0
242,0.2,0.013861386138613863,0.05079507064705211,0.00012391038159364294,3.90689230556944,0,0
243,0.2,0.013861386138613863,0.05079507064705211,0.00012391038159364294,3.90689230556944,0,0
244,0.0,0.0,0.0,1.0,-0.0,0,0
245,0.0,0.0,0.0,1.0,-0.0,0,0
246,0.0,0.0,0.0,1.0,-0.0,0,0
247,0.0,0.007920792079207921,0.03900537743285587,1.0,-0.0,0,0
248,0.0,0.007920792079207921,0.03900537743285587,1.0,-0.0,0,0
249,0.0,0.007920792079207921,0.03900537743285587,1.0,-0.0,0,0
250,0.0,0.007920792079207921,0.03900537743285587,1.0,-0.0,0,0
251,0.0,0.007920792079207921,0.03900537743285587,1.0,-0.0,0,0
252,0.0,0.0,0.0,1.0,-0.0,0,0
253,0.0,0.0,0.0,1.0,-0.0,0,0
254,0.0,0.0,0.0,1.0,-0.0,0,0
255,0.0,0.0,0.0,1.0,-0.0,0,0
256,0.0,0.0,0.0,1.0,-0.0,0,0
257,0.0,0.0,0.0,1.0,-0.0,0,0
258,0.0,0.0,0.0,1.0,-0.0,0,0
259,0.0,0.0,0.0,1.0,-0.0,0,0
260,0.0,0.0,0.0,1.0,-0.0,0,0
261,0.0,0.0,0.0,1.0,-0.0,0,0
262,0.0,0.0,0.0,1.0,-0.0,0,0
263,0.0,0.0,0.0,1.0,-0.0,0,0
264,0.0,0.0,0.0,1.0,-0.0,0,0
265,0.0,0.0,0.0,1.0,-0.0,0,0
266,0.0,0.0,0.0,1.0,-0.0,0,0
267,0.0,0.0,0.0,1.0,-0.0,0,0
268,0.0,0.0,0.0,1.0,-0.0,0,0
269,0.0,0.0,0.0,1.0,-0.0,0,0
270,0.0,0.03168316831683169,0.0730260947112308,1.0,-0.0,0,0
271,0.0,0.03168316831683169,0.0730260947112308,1.0,-0.0,0,0
272,0.2,0.11287128712871287,0.13324834725751067,0.25659387447902327,0.5907537155047864,0,0
273,0.2,0.11287128712871287,0.13324834725751067,0.25659387447902327,0.5907537155047864,0,0
274,0.2,0.11287128712871287,0.13324834725751067,0.25659387447902327,0.5907537155047864,0,0
275,0.2,0.1306930693069307,0.1500775867049221,0.32210974437637796,0.4919961368230335,0,0
276,0.2,0.1306930693069307,0.1500775867049221,0.32210974437637796,0.4919961368230335,0,0
277,0.0,0.04752475247524753,0.09397077637785879,1.0,-0.0,0,0
278,0.0,0.04752475247524753,0.09397077637785879,1.0,-0.0,0,0
279,0.0,0.06732673267326733,0.1135467024699521,1.0,-0.0,0,0
280,0.0,0.0297029702970297,0.08150144802873932,1.0,-0.0,0,0
281,0.0,0.033663366336633666,0.08475617647141663,1.0,-0.0,0,0
282,0.0,0.03762376237623762,0.08771182015980238,1.0,-0.0,0,0
283,0.0,0.03762376237623762,0.08771182015980238,1.0,-0.0,0,0
284,0.0,0.017821782178217824,0.05698017651460656,1.0,-0.0,0,0
285,0.0,0.017821782178217824,0.05698017651460656,1.0,-0.0,0,0
286,0.0,0.013861386138613863,0.05079507064705211,1.0,-0.0,0,0
287,0.0,0.017821782178217824,0.0635517090529949,1.0,-0.0,0,0
288,0.0,0.04950495049504951,0.09912864166957489,1.0,-0.0,0,0
289,0.0,0.04950495049504951,0.09912864166957489,1.0,-0.0,0,0
290,0.0,0.04356435643564357,0.08255312311158745,1.0,-0.0,0,0
291,0.0,0.04356435643564357,0.08255312311158745,1.0,-0.0,0,0
292,0.0,0.03564356435643565,0.07653920035678292,1.0,-0.0,0,0
293,0.0,0.0039603960396039604,0.027863855998951068,1.0,-0.0,0,0
294,0.0,0.009900990099009901,0.04338396495090425,1.0,-0.0,0,0
295,0.0,0.0059405940594059415,0.033953323167291584,1.0,-0.0,0,0
296,0.0,0.0059405940594059415,0.033953323167291584,1.0,-0.0,0,0
297,0.0,0.0059405940594059415,0.033953323167291584,1.0,-0.0,0,0
298,0.0,0.0059405940594059415,0.033953323167291584,1.0,-0.0,0,0
299,0.0,0.0,0.0,1.0,-0.0,0,0
300,0.0,0.01386138613861386,0.05807080514303042,1.0,-0.0,0,0
301,0.0,0.01386138613861386,0.05807080514303042,1.0,-0.0,0,0
302,0.0,0.01386138613861386,0.05807080514303042,1.0,-0.0,0,0
303,0.0,0.01386138613861386,0.05807080514303042,1.0,-0.0,0,0
304,0.0,0.01386138613861386,0.05807080514303042,1.0,-0.0,0,0
305,0.0,0.0039603960396039604,0.027863855998951068,1.0,-0.0,0,0
306,0.0,0.0039603960396039604,0.027863855998951068,1.0,-0.0,0,0
307,0.0,0.0039603960396039604,0.027863855998951068,1.0,-0.0,0,0
308,0.0,0.0039603960396039604,0.027863855998951068,1.0,-0.0,0,0
309,0.0,0.0039603960396039604,0.027863855998951068,1.0,-0.0,0,0
310,0.0,0.021782178217821784,0.06230547612891991,1.0,-0.0,0,0
311,0.0,0.021782178217821784,0.06230547612891991,1.0,-0.0,0,0
312,0.0,0.021782178217821784,0.06230547612891991,1.0,-0.0,0,0
313,0.0,0.021782178217821784,0.06230547612891991,1.0,-0.0,0,0
314,0.0,0.023762376237623766,0.06471340450838889,1.0,-0.0,0,0
315,0.0,0.0019801980198019802,0.0198019801980198,1.0,-0.0,0,0
316,0.0,0.0019801980198019802,0.0198019801980198,1.0,-0.0,0,0
317,0.0,0.0019801980198019802,0.0198019801980198,1.0,-0.0,0,0
318,0.0,0.0019801980198019802,0.0198019801980198,1.0,-0.0,0,0
319,0.2,0.025742574257425748,0.06697637435757531,0.004637140001348011,2.3337497919853583,0,0
320,0.2,0.025742574257425748,0.06697637435757531,0.004637140001348011,2.3337497919853583,0,0
321,0.2,0.025742574257425748,0.06697637435757531,0.004637140001348011,2.3337497919853583,0,0
322,0.2,0.05148514851485149,0.10773441987117183,0.08402025455510505,1.0756160070195218,0,0
323,0.2,0.05148514851485149,0.10773441987117183,0.08402025455510505,1.0756160070195218,0,0
324,0.0,0.025742574257425748,0.08283762638951243,1.0,-0.0,0,0
325,0.0,0.025742574257425748,0.08283762638951243,1.0,-0.0,0,0
326,0.0,0.033663366336633666,0.08930671115865095,1.0,-0.0,0,0
327,0.0,0.023762376237623766,0.06471340450838887,1.0,-0.0,0,0
328,0.0,0.02772277227722772,0.06910862719451544,1.0,-0.0,0,0
329,0.0,0.02772277227722772,0.06910862719451544,1.0,-0.0,0,0
330,0.0,0.03564356435643565,0.08626938974571076,1.0,-0.0,0,0
331,0.0,0.02772277227722772,0.07461957893630407,1.0,-0.0,0,0
332,0.0,0.011881188118811883,0.047276579747775535,1.0,-0.0,0,0
333,0.0,0.007920792079207921,0.03900537743285587,1.0,-0.0,0,0
334,0.0,0.007920792079207921,0.03900537743285587,1.0,-0.0,0,0
335,0.0,0.0,0.0,1.0,-0.0,0,0
336,0.0,0.0,0.0,1.0,-0.0,0,0
337,0.0,0.0,0.0,1.0,-0.0,0,0
338,0.0,0.0,0.0,1.0,-0.0,0,0
339,0.0,0.0,0.0,1.0,-0.0,0,0
340,0.0,0.017821782178217824,0.05698017651460656,1.0,-0.0,0,0
341,0.0,0.017821782178217824,0.05698017651460656,1.0,-0.0,0,0
342,0.0,0.017821782178217824,0.05698017651460656,1.0,-0.0,0,0
343,0.0,0.017821782178217824,0.05698017651460656,1.0,-0.0,0,0
344,0.0,0.017821782178217824,0.05698017651460656,1.0,-0.0,0,0
345,0.0,0.007920792079207921,0.03900537743285587,1.0,-0.0,0,0
346,0.0,0.007920792079207921,0.03900537743285587,1.0,-0.0,0,0
347,0.0,0.007920792079207921,0.03900537743285587,1.0,-0.0,0,0
348,0.0,0.007920792079207921,0.03900537743285587,1.0,-0.0,0,0
349,0.0,0.007920792079207921,0.03900537743285587,1.0,-0.0,0,0
350,0.0,0.0,0.0,1.0,-0.0,0,0
351,0.0,0.0,0.0,1.0,-0.0,0,0
352,0.0,0.007920792079207921,0.03900537743285587,1.0,-0.0,0,0
353,0.0,0.007920792079207921,0.03900537743285587,1.0,-0.0,0,0
354,0.0,0.007920792079207921,0.03900537743285587,1.0,-0.0,0,0
355,0.0,0.007920792079207921,0.03900537743285587,1.0,-0.0,0,0
356,0.0,0.007920792079207921,0.03900537743285587,1.0,-0.0,0,0
357,0.0,0.023762376237623763,0.06471340450838887,1.0,-0.0,0,0
358,0.0,0.023762376237623763,0.06471340450838887,1.0,-0.0,0,0
359,0.0,0.023762376237623763,0.06471340450838887,1.0,-0.0,0,0
360,0.0,0.023762376237623763,0.06471340450838887,1.0,-0.0,0,0
361,0.0,0.023762376237623763,0.06471340450838887,1.0,-0.0,0,0
362,0.0,0.0,0.0,1.0,-0.0,0,0
363,0.0,0.0,0.0,1.0,-0.0,0,0
364,0.0,0.0,0.0,1.0,-0.0,0,0
365,0.0,0.0,0.0,1.0,-0.0,0,0
366,0.0,0.0,0.0,1.0,-0.0,0,0
367,0.0,0.0,0.0,1.0,-0.0,0,0
368,0.0,0.0,0.0,1.0,-0.0,0,0
369,0.0,0.0,0.0,1.0,-0.0,0,0
370,0.0,0.0,0.0,1.0,-0.0,0,0
371,0.0,0.0,0.0,1.0,-0.0,0,0
372,0.0,0.0059405940594059415,0.033953323167291584,1.0,-0.0,0,0
373,0.0,0.0059405940594059415,0.033953323167291584,1.0,-0.0,0,0
374,0.0,0.0059405940594059415,0.033953323167291584,1.0,-0.0,0,0
375,0.0,0.0059405940594059415,0.033953323167291584,1.0,-0.0,0,0
376,0.0,0.0059405940594059415,0.033953323167291584,1.0,-0.0,0,0
377,0.0,0.0039603960396039604,0.027863855998951064,1.0,-0.0,0,0
378,0.0,0.007920792079207921,0.03900537743285587,1.0,-0.0,0,0
379,0.0,0.007920792079207921,0.03900537743285587,1.0,-0.0,0,0
380,0.0,0.007920792079207921,0.03900537743285587,1.0,-0.0,0,0
381,0.0,0.013861386138613863,0.05079507064705211,1.0,-0.0,0,0
382,0.0,0.009900990099009901,0.04338396495090425,1.0,-0.0,0,0
383,0.0,0.0059405940594059415,0.033953323167291584,1.0,-0.0,0,0
384,0.0,0.033663366336633666,0.07482947971362847,1.0,-0.0,0,0
385,0.0,0.033663366336633666,0.07482947971362847,1.0,-0.0,0,0
386,0.0,0.03564356435643565,0.07653920035678292,1.0,-0.0,0,0
387,0.0,0.03564356435643565,0.07653920035678292,1.0,-0.0,0,0
388,0.0,0.03564356435643565,0.07653920035678292,1.0,-0.0,0,0
389,0.0,0.007920792079207921,0.03900537743285587,1.0,-0.0,0,0
390,0.0,0.007920792079207921,0.03900537743285587,1.0,-0.0,0,0
391,0.0,0.01386138613861386,0.05079507064705211,1.0,-0.0,0,0
392,0.0,0.015841584158415842,0.05401260078014202,1.0,-0.0,0,0
393,0.0,0.05940594059405942,0.10357779667819422,1.0,-0.0,0,0
394,0.0,0.0811881188118812,0.12325042629382524,1.0,-0.0,0,0
395,0.0,0.0811881188118812,0.12325042629382524,1.0,-0.0,0,0
396,0.0,0.0712871287128713,0.12768822926854265,1.0,-0.0,0,0
397,0.0,0.06930693069306931,0.12722675963729912,1.0,-0.0,0,0
398,0.0,0.025742574257425748,0.07264925278354116,1.0,-0.0,0,0
399,0.0,0.0039603960396039604,0.027863855998951064,1.0,-0.0,0,0
400,0.0,0.019801980198019802,0.059735061897023205,1.0,-0.0,0,0
401,0.0,0.015841584158415842,0.05401260078014202,1.0,-0.0,0,0
402,0.0,0.015841584158415842,0.05401260078014202,1.0,-0.0,0,0
403,0.0,0.015841584158415842,0.05401260078014202,1.0,-0.0,0,0
404,0.0,0.015841584158415842,0.05401260078014202,1.0,-0.0,0,0
405,0.0,0.0059405940594059415,0.033953323167291584,1.0,-0.0,0,0
406,0.0,0.0059405940594059415,0.033953323167291584,1.0,-0.0,0,0
407,0.0,0.0059405940594059415,0.033953323167291584,1.0,-0.0,0,0
408,0.0,0.0059405940594059415,0.033953323167291584,1.0,-0.0,0,0
409,0.0,0.0059405940594059415,0.033953323167291584,1.0,-0.0,0,0
410,0.0,0.0,0.0,1.0,-0.0,0,0
411,0.0,0.0,0.0,1.0,-0.0,0,0
412,0.0,0.0,0.0,1.0,-0.0,0,0
413,0.0,0.0,0.0,1.0,-0.0,0,0
414,0.0,0.0,0.0,1.0,-0.0,0,0
415,0.0,0.0,0.0,1.0,-0.0,0,0
416,0.0,0.0,0.0,1.0,-0.0,0,0
417,0.0,0.0297029702970297,0.07648795214189293,1.0,-0.0,0,0
418,0.0,0.0297029702970297,0.07648795214189293,1.0,-0.0,0,0
419,0.0,0.0297029702970297,0.07648795214189293,1.0,-0.0,0,0
420,0.0,0.0297029702970297,0.07648795214189293,1.0,-0.0,0,0
421,0.0,0.0297029702970297,0.07648795214189293,1.0,-0.0,0,0
422,0.0,0.0,0.0,1.0,-0.0,0,0
423,0.0,0.0,0.0,1.0,-0.0,0,0
424,0.0,0.0,0.0,1.0,-0.0,0,0
425,0.0,0.0,0.0,1.0,-0.0,0,0
426,0.0,0.0,0.0,1.0,-0.0,0,0
427,0.0,0.009900990099009901,0.04338396495090424,1.0,-0.0,0,0
428,0.0,0.009900990099009901,0.04338396495090424,1.0,-0.0,0,0
429,0.0,0.033663366336633666,0.08475617647141663,1.0,-0.0,0,0
430,0.2,0.0712871287128713,0.1213265242141813,0.1443722417000341,0.8405163000860171,0,0
431,0.2,0.0712871287128713,0.1213265242141813,0.1443722417000341,0.8405163000860171,0,0
432,0.2,0.0613861386138614,0.11515834731523733,0.11435653877291625,0.9417389978975692,0,0
433,0.2,0.0613861386138614,0.11515834731523733,0.11435653877291625,0.9417389978975692,0,0
434,0.2,0.03762376237623763,0.08307396817189318,0.025315250600093615,1.5966177690988217,0,0
435,0.0,0.0,0.0,1.0,-0.0,0,0
436,0.0,0.0,0.0,1.0,-0.0,0,0
437,0.0,0.0,0.0,1.0,-0.0,0,0
438,0.0,0.0,0.0,1.0,-0.0,0,0
439,0.2,0.013861386138613863,0.05079507064705211,0.00012391038159364294,3.90689230556944,0,0
440,0.2,0.013861386138613863,0.05079507064705211,0.00012391038159364294,3.90689230556944,0,0
441,0.2,0.013861386138613863,0.05079507064705211,0.00012391038159364294,3.90689230556944,0,0
442,0.2,0.031683168316831684,0.07826167463512675,0.015750221703151112,1.8027133286186672,0,0
443,0.2,0.05346534653465347,0.09287951999650358,0.05731896239780438,1.2417016799108866,0,0
444,0.0,0.051485148514851496,0.10399339410297728,1.0,-0.0,0,0
445,0.0,0.051485148514851496,0.10399339410297728,1.0,-0.0,0,0
446,0.0,0.051485148514851496,0.10399339410297728,1.0,-0.0,0,0
447,0.0,0.033663366336633666,0.08930671115865095,1.0,-0.0,0,0
448,0.4,0.033663366336633666,0.07482947971362847,4.899834749491712e-07,6.3098185666233375,0,0
449,0.4,0.023762376237623766,0.06471340450838889,3.051592332665726e-09,8.51547348496986,0,0
450,0.4,0.023762376237623766,0.06471340450838889,3.051592332665726e-09,8.51547348496986,0,0
451,0.4,0.023762376237623766,0.06471340450838889,3.051592332665726e-09,8.51547348496986,0,0
452,0.4,0.023762376237623766,0.06471340450838889,3.051592332665726e-09,8.51547348496986,0,0
453,0.0,0.0019801980198019802,0.0198019801980198,1.0,-0.0,0,0
454,0.0,0.0,0.0,1.0,-0.0,0,0
455,0.0,0.0,0.0,1.0,-0.0,0,0
456,0.0,0.007920792079207921,0.03900537743285587,1.0,-0.0,0,0
457,0.0,0.007920792079207921,0.03900537743285587,1.0,-0.0,0,0
458,0.0,0.007920792079207921,0.03900537743285587,1.0,-0.0,0,0
459,0.0,0.007920792079207921,0.03900537743285587,1.0,-0.0,0,0
460,0.0,0.007920792079207921,0.03900537743285587,1.0,-0.0,0,0
461,0.0,0.0,0.0,1.0,-0.0,0,0
462,0.0,0.0,0.0,1.0,-0.0,0,0
463,0.0,0.0,0.0,1.0,-0.0,0,0
464,0.0,0.0,0.0,1.0,-0.0,0,0
465,0.0,0.0,0.0,1.0,-0.0,0,0
466,0.0,0.0,0.0,1.0,-0.0,0,0
467,0.0,0.0,0.0,1.0,-0.0,0,0
468,0.0,0.0,0.0,1.0,-0.0,0,0
469,0.0,0.0,0.0,1.0,-0.0,0,0
470,0.0,0.0,0.0,1.0,-0.0,0,0
471,0.0,0.02772277227722772,0.06910862719451542,1.0,-0.0,0,0
472,0.0,0.02772277227722772,0.06910862719451542,1.0,-0.0,0,0
473,0.0,0.02772277227722772,0.06910862719451542,1.0,-0.0,0,0
474,0.0,0.02772277227722772,0.06910862719451542,1.0,-0.0,0,0
475,0.0,0.02772277227722772,0.06910862719451542,1.0,-0.0,0,0
476,0.0,0.025742574257425748,0.0669763743575753,1.0,-0.0,0,0
477,0.0,0.025742574257425748,0.0669763743575753,1.0,-0.0,0,0
478,0.0,0.025742574257425748,0.0669763743575753,1.0,-0.0,0,0
479,0.0,0.025742574257425748,0.0669763743575753,1.0,-0.0,0,0
480,0.0,0.025742574257425748,0.0669763743575753,1.0,-0.0,0,0
481,0.0,0.0,0.0,1.0,-0.0,0,0
482,0.0,0.0,0.0,1.0,-0.0,0,0
483,0.0,0.0,0.0,1.0,-0.0,0,0
484,0.0,0.0,0.0,1.0,-0.0,0,0
485,0.0,0.0,0.0,1.0,-0.0,0,0
486,0.0,0.019801980198019802,0.059735061897023205,1.0,-0.0,0,0
487,0.0,0.019801980198019802,0.059735061897023205,1.0,-0.0,0,0
488,0.0,0.019801980198019802,0.059735061897023205,1.0,-0.0,0,0
489,0.0,0.019801980198019802,0.059735061897023205,1.0,-0.0,0,0
490,0.0,0.019801980198019802,0.059735061897023205,1.0,-0.0,0,0
491,0.0,0.0,0.0,1.0,-0.0,0,0
492,0.0,0.0,0.0,1.0,-0.0,0,0
493,0.0,0.007920792079207921,0.03900537743285587,1.0,-0.0,0,0
494,0.0,0.007920792079207921,0.03900537743285587,1.0,-0.0,0,0
495,0.0,0.007920792079207921,0.03900537743285587,1.0,-0.0,0,0
496,0.0,0.007920792079207921,0.03900537743285587,1.0,-0.0,0,0
497,0.0,0.007920792079207921,0.03900537743285587,1.0,-0.0,0,0
498,0.0,0.0,0.0,1.0,-0.0,0,0
499,0.0,0.0,0.0,1.0,-0.0,0,0
500,0.0,0.0,0.0,1.0,-0.0,0,0
501,0.0,0.0,0.0,1.0,-0.0,0,0
502,0.0,0.0,0.0,1.0,-0.0,0,0
503,0.0,0.0,0.0,1.0,-0.0,0,0
504,0.0,0.0,0.0,1.0,-0.0,0,0
505,0.0,0.0,0.0,1.0,-0.0,0,0
506,0.0,0.0,0.0,1.0,-0.0,0,0
507,0.0,0.0,0.0,1.0,-0.0,0,0
508,0.0,0.0,0.0,1.0,-0.0,0,0
509,0.0,0.0,0.0,1.0,-0.0,0,0
510,0.0,0.031683168316831684,0.0730260947112308,1.0,-0.0,0,0
511,0.0,0.0811881188118812,0.12642288870900886,1.0,-0.0,0,0
512,0.0,0.0811881188118812,0.12642288870900886,1.0,-0.0,0,0
513,0.0,0.0811881188118812,0.12642288870900886,1.0,-0.0,0,0
514,0.0,0.0910891089108911,0.12750384183766536,1.0,-0.0,0,0
515,0.0,0.0594059405940594,0.10733330877518932,1.0,-0.0,0,0
516,0.0,0.009900990099009901,0.04338396495090424,1.0,-0.0,0,0
517,0.0,0.04554455445544554,0.10100951085035129,1.0,-0.0,0,0
518,0.0,0.057425742574257435,0.11021718851545144,1.0,-0.0,0,0
519,0.0,0.047524752475247525,0.09809478080396704,1.0,-0.0,0,0
520,0.0,0.047524752475247525,0.09809478080396704,1.0,-0.0,0,0
521,0.0,0.057425742574257435,0.11021718851545144,1.0,-0.0,0,0
522,0.0,0.09108910891089109,0.13650445892763632,1.0,-0.0,0,0
523,0.0,0.07920792079207921,0.1292145592164392,1.0,-0.0,0,0
524,0.0,0.19207920792079206,0.1948257247722589,1.0,-0.0,0,0
525,0.0,0.19207920792079206,0.1948257247722589,1.0,-0.0,0,0
526,0.0,0.18217821782178217,0.19108654387033375,1.0,-0.0,0,0
527,0.0,0.11089108910891088,0.16762817770351135,1.0,-0.0,0,0
528,0.0,0.11089108910891088,0.16762817770351135,1.0,-0.0,0,0
529,0.0,0.0,0.0,1.0,-0.0,0,0
530,0.0,0.0,0.0,1.0,-0.0,0,0
531,0.0,0.0,0.0,1.0,-0.0,0,0
532,0.0,0.0,0.0,1.0,-0.0,0,0
533,0.0,0.009900990099009901,0.04338396495090424,1.0,-0.0,0,0
534,0.0,0.009900990099009901,0.04338396495090424,1.0,-0.0,0,0
535,0.0,0.03564356435643565,0.09500824186847649,1.0,-0.0,0,0
536,0.0,0.03564356435643565,0.09500824186847649,1.0,-0.0,0,0
537,0.0,0.04356435643564357,0.10755228209109126,1.0,-0.0,0,0
538,0.0,0.033663366336633666,0.09777447046042384,1.0,-0.0,0,0
539,0.0,0.06336633663366337,0.13476989724493904,1.0,-0.0,0,0
540,0.0,0.05742574257425742,0.10277971700879983,1.0,-0.0,0,0
541,0.0,0.1069306930693069,0.1306930693069307,1.0,-0.0,0,0
542,0.0,0.09900990099009901,0.1308729634998678,1.0,-0.0,0,0
543,0.0,0.10891089108910891,0.14218869759220787,1.0,-0.0,0,0
544,0.0,0.11683168316831684,0.149632756335149,1.0,-0.0,0,0
545,0.2,0.09702970297029703,0.14789308791950767,0.2431367018376649,0.614149478826451,0,0
546,0.2,0.09702970297029703,0.12778032320714203,0.2101680035868298,0.6774334011688354,0,0
547,0.2,0.09702970297029703,0.12778032320714203,0.2101680035868298,0.6774334011688354,0,0
548,0.2,0.08712871287128714,0.12077584698595571,0.17500966031852921,0.7569379781294916,0,0
549,0.2,0.04950495049504951,0.08631483056516186,0.040617958542992695,1.3912819080063725,0,0
550,0.0,0.04950495049504951,0.08631483056516186,1.0,-0.0,0,0
551,0.0,0.0297029702970297,0.07648795214189293,1.0,-0.0,0,0
552,0.0,0.06534653465346535,0.1164113937164283,1.0,-0.0,0,0
553,0.0,0.10099009900990098,0.14246420394934614,1.0,-0.0,0,0
554,0.0,0.10099009900990098,0.14246420394934614,1.0,-0.0,0,0
555,0.0,0.10099009900990098,0.14246420394934614,1.0,-0.0,0,0
556,0.0,0.0712871287128713,0.11461224656227947,1.0,-0.0,0,0
557,0.0,0.03564356435643565,0.08154954567118416,1.0,-0.0,0,0
558,0.0,0.0,0.0,1.0,-0.0,0,0
559,0.0,0.0,0.0,1.0,-0.0,0,0
560,0.0,0.0,0.0,1.0,-0.0,0,0
561,0.2,0.0019801980198019802,0.019801980198019802,1.0000007619853025e-17,16.999999669074114,0,0
562,0.2,0.011881188118811881,0.047276579747775535,3.4586556520905853e-05,4.461092674713385,0,0
563,0.2,0.011881188118811881,0.047276579747775535,3.4586556520905853e-05,4.461092674713385,0,0
564,0.2,0.011881188118811881,0.047276579747775535,3.4586556520905853e-05,4.461092674713385,0,0
565,0.2,0.011881188118811881,0.047276579747775535,3.4586556520905853e-05,4.461092674713385,0,0
566,0.0,0.009900990099009901,0.04338396495090424,1.0,-0.0,0,0
567,0.0,0.0,0.0,1.0,-0.0,0,0
568,0.0,0.019801980198019802,0.06603299802191315,1.0,-0.0,0,0
569,0.0,0.03564356435643565,0.08154954567118416,1.0,-0.0,0,0
570,0.0,0.03564356435643565,0.08154954567118416,1.0,-0.0,0,0
571,0.0,0.049504950495049514,0.09504950495049506,1.0,-0.0,0,0
572,0.0,0.049504950495049514,0.09504950495049506,1.0,-0.0,0,0
573,0.0,0.02970297029702971,0.07648795214189293,1.0,-0.0,0,0
574,0.0,0.01386138613861386,0.05079507064705211,1.0,-0.0,0,0
575,0.0,0.023762376237623763,0.07056843438101175,1.0,-0.0,0,0
576,0.0,0.009900990099009901,0.04338396495090424,1.0,-0.0,0,0
577,0.0,0.009900990099009901,0.04338396495090424,1.0,-0.0,0,0
578,0.0,0.009900990099009901,0.04338396495090424,1.0,-0.0,0,0
579,0.0,0.015841584158415842,0.05401260078014202,1.0,-0.0,0,0
580,0.0,0.011881188118811883,0.047276579747775535,1.0,-0.0,0,0
581,0.0,0.015841584158415842,0.05401260078014202,1.0,-0.0,0,0
582,0.0,0.025742574257425745,0.0669763743575753,1.0,-0.0,0,0
583,0.0,0.033663366336633666,0.07482947971362845,1.0,-0.0,0,0
584,0.0,0.08118811881188118,0.1264228887090089,1.0,-0.0,0,0
585,0.0,0.07524752475247526,0.12539516989297084,1.0,-0.0,0,0
586,0.0,0.1762376237623762,0.1872936566784291,1.0,-0.0,0,0
587,0.0,0.16633663366336632,0.18036114909680317,1.0,-0.0,0,0
588,0.2,0.20396039603960395,0.18875348902641548,1.0,-0.0,0,0
589,0.2,0.18217821782178212,0.18042635951740818,0.46065808846119477,0.336621298878273,0,0
590,0.2,0.18217821782178212,0.18042635951740818,0.46065808846119477,0.336621298878273,0,0
591,0.2,0.07722772277227723,0.122580495370631,0.15827697765574333,0.80058225130445,0,0
592,0.2,0.07722772277227723,0.122580495370631,0.15827697765574333,0.80058225130445,0,0
593,0.0,0.031683168316831684,0.07826167463512675,1.0,-0.0,0,0
594,0.0,0.009900990099009901,0.04338396495090424,1.0,-0.0,0,0
595,0.0,0.009900990099009901,0.04338396495090424,1.0,-0.0,0,0
596,0.0,0.009900990099009901,0.04338396495090424,1.0,-0.0,0,0
597,0.0,0.009900990099009901,0.04338396495090424,1.0,-0.0,0,0
598,0.0,0.009900990099009901,0.04338396495090424,1.0,-0.0,0,0
599,0.0,0.011881188118811883,0.04727657974777555,1.0,-0.0,0,0
600,0.0,0.03564356435643565,0.07653920035678291,1.0,-0.0,0,0
601,0.0,0.07722772277227724,0.11593886073904515,1.0,-0.0,0,0
602,0.0,0.0891089108910891,0.13342479626077638,1.0,-0.0,0,0
603,0.0,0.100990099009901,0.13965661530697393,1.0,-0.0,0,0
604,0.0,0.0891089108910891,0.13636075485692528,1.0,-0.0,0,0
605,0.0,0.06930693069306931,0.12084076279122662,1.0,-0.0,0,0
606,0.0,0.06732673267326733,0.12032045569079852,1.0,-0.0,0,0
607,0.0,0.05544554455445544,0.10943169805661862,1.0,-0.0,0,0
608,0.0,0.04356435643564357,0.0916470215081674,1.0,-0.0,0,0
609,0.0,0.04356435643564357,0.0916470215081674,1.0,-0.0,0,0
610,0.0,0.049504950495049514,0.09912864166957487,1.0,-0.0,0,0
611,0.0,0.09504950495049505,0.1277189346265117,1.0,-0.0,0,0
612,0.0,0.10693069306930694,0.14505541839059358,1.0,-0.0,0,0
613,0.0,0.10693069306930694,0.14505541839059358,1.0,-0.0,0,0
614,0.0,0.10693069306930694,0.14505541839059358,1.0,-0.0,0,0
615,0.0,0.10297029702970295,0.14789308791950767,1.0,-0.0,0,0
616,0.0,0.017821782178217824,0.0749865197178673,1.0,-0.0,0,0
617,0.0,0.0059405940594059415,0.033953323167291584,1.0,-0.0,0,0
618,0.0,0.017821782178217824,0.056980176514606566,1.0,-0.0,0,0
619,0.0,0.017821782178217824,0.056980176514606566,1.0,-0.0,0,0
620,0.0,0.011881188118811883,0.047276579747775535,1.0,-0.0,0,0
621,0.0,0.011881188118811883,0.047276579747775535,1.0,-0.0,0,0
622,0.0,0.011881188118811883,0.047276579747775535,1.0,-0.0,0,0
623,0.0,0.0,0.0,1.0,-0.0,0,0
624,0.0,0.0,0.0,1.0,-0.0,0,0
625,0.0,0.0,0.0,1.0,-0.0,0,0
626,0.0,0.0,0.0,1.0,-0.0,0,0
627,0.0,0.009900990099009901,0.04338396495090424,1.0,-0.0,0,0
628,0.0,0.017821782178217824,0.056980176514606566,1.0,-0.0,0,0
629,0.0,0.023762376237623766,0.06471340450838889,1.0,-0.0,0,0
630,0.0,0.023762376237623766,0.06471340450838889,1.0,-0.0,0,0
631,0.0,0.033663366336633666,0.07994704648786674,1.0,-0.0,0,0
632,0.0,0.023762376237623763,0.07056843438101175,1.0,-0.0,0,0
633,0.0,0.015841584158415842,0.06090517425437506,1.0,-0.0,0,0
634,0.0,0.0712871287128713,0.11801714396634724,1.0,-0.0,0,0
635,0.0,0.0712871287128713,0.11801714396634724,1.0,-0.0,0,0
636,0.0,0.061386138613861385,0.11166631429601336,1.0,-0.0,0,0
637,0.0,0.061386138613861385,0.11166631429601336,1.0,-0.0,0,0
638,0.0,0.06534653465346535,0.11295810453031022,1.0,-0.0,0,0
639,0.0,0.0039603960396039604,0.027863855998951064,1.0,-0.0,0,0
640,0.0,0.05544554455445546,0.1019369320889802,1.0,-0.0,0,0
641,0.0,0.05940594059405942,0.10733330877518932,1.0,-0.0,0,0
642,0.0,0.06732673267326733,0.11698261772468857,1.0,-0.0,0,0
643,0.0,0.06336633663366337,0.11233152161332939,1.0,-0.0,0,0
644,0.0,0.06336633663366337,0.11233152161332939,1.0,-0.0,0,0
645,0.0,0.023762376237623766,0.06471340450838887,1.0,-0.0,0,0
646,0.0,0.019801980198019802,0.0597350618970232,1.0,-0.0,0,0
647,0.0,0.011881188118811881,0.047276579747775535,1.0,-0.0,0,0
648,0.0,0.011881188118811881,0.047276579747775535,1.0,-0.0,0,0
649,0.0,0.011881188118811881,0.047276579747775535,1.0,-0.0,0,0
650,0.0,0.0,0.0,1.0,-0.0,0,0
651,0.0,0.0,0.0,1.0,-0.0,0,0
652,0.0,0.0,0.0,1.0,-0.0,0,0
653,0.0,0.04752475247524753,0.08965727859541997,1.0,-0.0,0,0
654,0.0,0.06930693069306931,0.11751770396006173,1.0,-0.0,0,0
655,0.0,0.06930693069306931,0.11751770396006173,1.0,-0.0,0,0
656,0.0,0.06930693069306931,0.11751770396006173,1.0,-0.0,0,0
657,0.0,0.06930693069306931,0.11751770396006173,1.0,-0.0,0,0
658,0.0,0.021782178217821784,0.062305476128919915,1.0,-0.0,0,0
659,0.0,0.0,0.0,1.0,-0.0,0,0
660,0.0,0.0,0.0,1.0,-0.0,0,0
661,0.0,0.0,0.0,1.0,-0.0,0,0
662,0.0,0.03762376237623763,0.09211646217515253,1.0,-0.0,0,0
663,0.0,0.03762376237623763,0.09211646217515253,1.0,-0.0,0,0
664,0.0,0.03762376237623763,0.09211646217515253,1.0,-0.0,0,0
665,0.0,0.03762376237623763,0.09211646217515253,1.0,-0.0,0,0
666,0.0,0.03762376237623763,0.09211646217515253,1.0,-0.0,0,0
667,0.0,0.0,0.0,1.0,-0.0,0,0
668,0.0,0.0,0.0,1.0,-0.0,0,0
669,0.0,0.0,0.0,1.0,-0.0,0,0
670,0.0,0.0,0.0,1.0,-0.0,0,0
671,0.0,0.0,0.0,1.0,-0.0,0,0
672,0.0,0.0,0.0,1.0,-0.0,0,0
673,0.0,0.0,0.0,1.0,-0.0,0,0
674,0.0,0.0,0.0,1.0,-0.0,0,0
675,0.0,0.0,0.0,1.0,-0.0,0,0
676,0.0,0.009900990099009901,0.04338396495090424,1.0,-0.0,0,0
677,0.0,0.009900990099009901,0.04338396495090424,1.0,-0.0,0,0
678,0.0,0.009900990099009901,0.04338396495090424,1.0,-0.0,0,0
679,0.0,0.009900990099009901,0.04338396495090424,1.0,-0.0,0,0
680,0.0,0.009900990099009901,0.04338396495090424,1.0,-0.0,0,0
681,0.0,0.011881188118811883,0.047276579747775535,1.0,-0.0,0,0
682,0.0,0.011881188118811883,0.047276579747775535,1.0,-0.0,0,0
683,0.0,0.011881188118811883,0.047276579747775535,1.0,-0.0,0,0
684,0.0,0.011881188118811883,0.047276579747775535,1.0,-0.0,0,0
685,0.0,0.06732673267326733,0.10634234916512914,1.0,-0.0,0,0
686,0.0,0.16831683168316833,0.17057311261273686,1.0,-0.0,0,0
687,0.0,0.1742574257425742,0.17499842451711448,1.0,-0.0,0,0
688,0.0,0.2158415841584158,0.198375917407813,1.0,-0.0,0,0
689,0.0,0.22376237623762374,0.19758367815075523,1.0,-0.0,0,0
690,0.0,0.16831683168316827,0.16345931947317976,1.0,-0.0,0,0
691,0.0,0.05544554455445545,0.09797478714338997,1.0,-0.0,0,0
692,0.0,0.11287128712871286,0.15264231556912292,1.0,-0.0,0,0
693,0.0,0.07128712871287128,0.12768822926854265,1.0,-0.0,0,0
694,0.0,0.06336633663366337,0.11917436454123627,1.0,-0.0,0,0
695,0.0,0.06336633663366337,0.11917436454123627,1.0,-0.0,0,0
696,0.0,0.06336633663366337,0.11917436454123627,1.0,-0.0,0,0
697,0.0,0.009900990099009901,0.04338396495090424,1.0,-0.0,0,0
698,0.0,0.009900990099009901,0.04338396495090424,1.0,-0.0,0,0
699,0.0,0.015841584158415842,0.054012600780142014,1.0,-0.0,0,0
700,0.0,0.041584158415841586,0.09467748980500532,1.0,-0.0,0,0
701,0.0,0.041584158415841586,0.09467748980500532,1.0,-0.0,0,0
702,0.0,0.031683168316831684,0.07826167463512675,1.0,-0.0,0,0
703,0.0,0.031683168316831684,0.07826167463512675,1.0,-0.0,0,0
704,0.0,0.025742574257425745,0.06697637435757531,1.0,-0.0,0,0
705,0.0,0.0,0.0,1.0,-0.0,0,0
706,0.0,0.0,0.0,1.0,-0.0,0,0
707,0.0,0.0,0.0,1.0,-0.0,0,0
708,0.0,0.0,0.0,1.0,-0.0,0,0
709,0.0,0.0,0.0,1.0,-0.0,0,0
710,0.0,0.0,0.0,1.0,-0.0,0,0
711,0.0,0.0,0.0,1.0,-0.0,0,0
712,0.0,0.009900990099009901,0.04338396495090424,1.0,-0.0,0,0
713,0.0,0.023762376237623766,0.06471340450838887,1.0,-0.0,0,0
714,0.0,0.023762376237623766,0.06471340450838887,1.0,-0.0,0,0
715,0.0,0.033663366336633666,0.07482947971362845,1.0,-0.0,0,0
716,0.0,0.033663366336633666,0.07482947971362845,1.0,-0.0,0,0
717,0.0,0.023762376237623766,0.06471340450838887,1.0,-0.0,0,0
718,0.0,0.10297029702970295,0.127780323207142,1.0,-0.0,0,0
719,0.0,0.10297029702970295,0.127780323207142,1.0,-0.0,0,0
720,0.0,0.10099009900990098,0.12467387119760154,1.0,-0.0,0,0
721,0.0,0.10099009900990098,0.12467387119760154,1.0,-0.0,0,0
722,0.0,0.10495049504950493,0.13078304733432372,1.0,-0.0,0,0
723,0.0,0.011881188118811881,0.047276579747775535,1.0,-0.0,0,0
724,0.0,0.021782178217821784,0.06230547612891991,1.0,-0.0,0,0
725,0.0,0.01386138613861386,0.05079507064705211,1.0,-0.0,0,0
726,0.0,0.01386138613861386,0.05079507064705211,1.0,-0.0,0,0
727,0.0,0.009900990099009901,0.04338396495090424,1.0,-0.0,0,0
728,0.0,0.011881188118811883,0.047276579747775535,1.0,-0.0,0,0
729,0.0,0.0019801980198019802,0.0198019801980198,1.0,-0.0,0,0
730,0.0,0.0019801980198019802,0.0198019801980198,1.0,-0.0,0,0
731,0.0,0.0019801980198019802,0.0198019801980198,1.0,-0.0,0,0
732,0.0,0.0039603960396039604,0.02786385599895107,1.0,-0.0,0,0
733,0.0,0.0019801980198019802,0.0198019801980198,1.0,-0.0,0,0
734,0.0,0.0019801980198019802,0.0198019801980198,1.0,-0.0,0,0
735,0.0,0.0019801980198019802,0.0198019801980198,1.0,-0.0,0,0
736,0.2,0.007920792079207921,0.03900537743285587,4.2303541670263104e-07,6.3736232717865695,0,0
737,0.2,0.0059405940594059415,0.03395332316729158,5.469865928325192e-09,8.262023318511567,0,0
738,0.2,0.04356435643564357,0.09164702150816742,0.043916930442951946,1.3573680223438191,0,0
739,0.2,0.04356435643564357,0.09164702150816742,0.043916930442951946,1.3573680223438191,0,0
740,0.2,0.04356435643564357,0.09164702150816742,0.043916930442951946,1.3573680223438191,0,0
741,0.0,0.03762376237623763,0.08771182015980238,1.0,-0.0,0,0
742,0.0,0.03762376237623763,0.08771182015980238,1.0,-0.0,0,0
743,0.0,0.0,0.0,1.0,-0.0,0,0
744,0.0,0.0,0.0,1.0,-0.0,0,0
745,0.0,0.0,0.0,1.0,-0.0,0,0
746,0.0,0.0,0.0,1.0,-0.0,0,0
747,0.0,0.0,0.0,1.0,-0.0,0,0
748,0.0,0.0,0.0,1.0,-0.0,0,0
749,0.0,0.0,0.0,1.0,-0.0,0,0
750,0.0,0.009900990099009901,0.04338396495090424,1.0,-0.0,0,0
751,0.0,0.009900990099009901,0.04338396495090424,1.0,-0.0,0,0
752,0.0,0.009900990099009901,0.04338396495090424,1.0,-0.0,0,0
753,0.0,0.009900990099009901,0.04338396495090424,1.0,-0.0,0,0
754,0.0,0.009900990099009901,0.04338396495090424,1.0,-0.0,0,0
755,0.0,0.0,0.0,1.0,-0.0,0,0
756,0.0,0.0,0.0,1.0,-0.0,0,0
757,0.0,0.009900990099009901,0.04338396495090424,1.0,-0.0,0,0
758,0.0,0.009900990099009901,0.04338396495090424,1.0,-0.0,0,0
759,0.0,0.009900990099009901,0.04338396495090424,1.0,-0.0,0,0
760,0.0,0.009900990099009901,0.04338396495090424,1.0,-0.0,0,0
761,0.0,0.009900990099009901,0.04338396495090424,1.0,-0.0,0,0
762,0.0,0.011881188118811883,0.04727657974777555,1.0,-0.0,0,0
763,0.0,0.0297029702970297,0.07648795214189294,1.0,-0.0,0,0
764,0.0,0.0297029702970297,0.07648795214189294,1.0,-0.0,0,0
765,0.0,0.03960396039603961,0.08908690597387718,1.0,-0.0,0,0
766,0.0,0.03960396039603961,0.08908690597387718,1.0,-0.0,0,0
767,0.0,0.027722772277227727,0.07461957893630405,1.0,-0.0,0,0
768,0.0,0.025742574257425745,0.07264925278354116,1.0,-0.0,0,0
769,0.0,0.025742574257425745,0.07264925278354116,1.0,-0.0,0,0
770,0.0,0.015841584158415842,0.054012600780142014,1.0,-0.0,0,0
771,0.0,0.03564356435643565,0.08626938974571076,1.0,-0.0,0,0
772,0.0,0.03564356435643565,0.08626938974571076,1.0,-0.0,0,0
773,0.0,0.019801980198019802,0.06603299802191315,1.0,-0.0,0,0
774,0.0,0.15247524752475244,0.15957496727054085,1.0,-0.0,0,0
775,0.0,0.15247524752475244,0.15957496727054085,1.0,-0.0,0,0
776,1.0,0.2376237623762376,0.183934709223495,1.7004046706663302e-05,4.769447710784527,0,0
777,1.0,0.2376237623762376,0.183934709223495,1.7004046706663302e-05,4.769447710784527,0,0
778,1.0,0.2376237623762376,0.183934709223495,1.7004046706663302e-05,4.769447710784527,0,0
779,1.0,0.10495049504950493,0.14784005112815915,7.056966526757063e-10,9.15138194254591,0,0
780,1.0,0.10495049504950493,0.14784005112815915,7.056966526757063e-10,9.15138194254591,0,0
781,0.0,0.0,0.0,1.0,-0.0,0,0
782,0.0,0.0,0.0,1.0,-0.0,0,0
783,0.0,0.0,0.0,1.0,-0.0,0,0
784,0.0,0.0,0.0,1.0,-0.0,0,0
785,0.0,0.0,0.0,1.0,-0.0,0,0
786,0.0,0.0,0.0,1.0,-0.0,0,0
787,0.0,0.0039603960396039604,0.027863855998951064,1.0,-0.0,0,0
788,0.0,0.009900990099009901,0.0517131281473291,1.0,-0.0,0,0
789,0.0,0.009900990099009901,0.0517131281473291,1.0,-0.0,0,0
790,0.0,0.009900990099009901,0.0517131281473291,1.0,-0.0,0,0
791,0.0,0.019801980198019802,0.06603299802191315,1.0,-0.0,0,0
792,0.0,0.015841584158415842,0.05401260078014202,1.0,-0.0,0,0
793,0.0,0.009900990099009901,0.04338396495090424,1.0,-0.0,0,0
794,0.0,0.009900990099009901,0.04338396495090424,1.0,-0.0,0,0
795,0.0,0.009900990099009901,0.04338396495090424,1.0,-0.0,0,0
796,0.0,0.0,0.0,1.0,-0.0,0,0
797,0.0,0.0,0.0,1.0,-0.0,0,0
798,0.0,0.0,0.0,1.0,-0.0,0,0
799,0.0,0.0,0.0,1.0,-0.0,0,0
800,0.0,0.0,0.0,1.0,-0.0,0,0
801,0.0,0.007920792079207921,0.03900537743285587,1.0,-0.0,0,0
802,0.0,0.04950495049504951,0.09504950495049506,1.0,-0.0,0,0
803,0.0,0.04950495049504951,0.09504950495049506,1.0,-0.0,0,0
804,0.0,0.04950495049504951,0.09504950495049506,1.0,-0.0,0,0
805,0.0,0.04950495049504951,0.09504950495049506,1.0,-0.0,0,0
806,0.0,0.04158415841584159,0.08590499787518362,1.0,-0.0,0,0
807,0.0,0.0,0.0,1.0,-0.0,0,0
808,0.0,0.0,0.0,1.0,-0.0,0,0
809,0.0,0.0,0.0,1.0,-0.0,0,0
810,0.0,0.0,0.0,1.0,-0.0,0,0
811,0.0,0.0,0.0,1.0,-0.0,0,0
812,0.0,0.0,0.0,1.0,-0.0,0,0
813,0.0,0.0,0.0,1.0,-0.0,0,0
814,0.0,0.0,0.0,1.0,-0.0,0,0
815,0.0,0.0,0.0,1.0,-0.0,0,0
816,0.0,0.0,0.0,1.0,-0.0,0,0
817,0.0,0.0,0.0,1.0,-0.0,0,0
818,0.0,0.0,0.0,1.0,-0.0,0,0
819,0.0,0.011881188118811883,0.047276579747775535,1.0,-0.0,0,0
820,0.0,0.011881188118811883,0.047276579747775535,1.0,-0.0,0,0
821,0.0,0.011881188118811883,0.047276579747775535,1.0,-0.0,0,0
822,0.0,0.011881188118811883,0.047276579747775535,1.0,-0.0,0,0
823,0.0,0.011881188118811883,0.047276579747775535,1.0,-0.0,0,0
824,0.0,0.0,0.0,1.0,-0.0,0,0
825,0.2,0.03960396039603961,0.08452453849668534,0.028872622852877186,1.5395137620565469,0,0
826,0.2,0.03960396039603961,0.08452453849668534,0.028872622852877186,1.5395137620565469,0,0
827,0.2,0.05148514851485149,0.09607532254026299,0.06107440442601417,1.214140759405803,0,0
828,0.2,0.05148514851485149,0.09607532254026299,0.06107440442601417,1.214140759405803,0,0
829,0.2,0.097029702970297,0.1396285351588451,0.23042168355485154,0.6374766545668977,0,0
830,0.0,0.057425742574257435,0.10277971700879983,1.0,-0.0,0,0
831,0.0,0.06336633663366338,0.1158034971660471,1.0,-0.0,0,0
832,0.0,0.05148514851485149,0.10011267057239238,1.0,-0.0,0,0
833,0.0,0.05148514851485149,0.10011267057239238,1.0,-0.0,0,0
834,0.0,0.0059405940594059415,0.03395332316729158,1.0,-0.0,0,0
835,0.0,0.0059405940594059415,0.03395332316729158,1.0,-0.0,0,0
836,0.0,0.0,0.0,1.0,-0.0,0,0
837,0.0,0.0,0.0,1.0,-0.0,0,0
838,0.0,0.013861386138613863,0.05079507064705211,1.0,-0.0,0,0
839,0.2,0.04752475247524753,0.09809478080396702,0.06004850186537829,1.2214978232271951,0,0
840,0.6,0.14059405940594055,0.1450013436754282,0.000766699078019801,3.115375058996477,0,0
841,0.6,0.15049504950495046,0.1473352494078279,0.0011407869228061227,2.9427954659158524,0,0
842,0.6,0.17821782178217818,0.1614316888886243,0.004490724014709574,2.3476836344433445,0,0
843,0.6,0.16435643564356434,0.15516465761710682,0.002495445654322995,2.602851883736003,0,0
844,0.4,0.1306930693069307,0.13912212332871524,0.02644859980820538,1.57759731461806,0,0
845,0.0,0.03762376237623763,0.08307396817189318,1.0,-0.0,0,0
846,0.0,0.02772277227722772,0.06910862719451544,1.0,-0.0,0,0
847,0.0,0.05940594059405942,0.10357779667819421,1.0,-0.0,0,0
848,0.0,0.05940594059405942,0.10357779667819421,1.0,-0.0,0,0
849,0.0,0.0613861386138614,0.10806149425459212,1.0,-0.0,0,0
