,foreground,bg_means,bg_stdev,pvals,minus_logs,regs,active
2,1.4,0.596039603960396,0.3245471459074549,0.006621329375939335,2.1790548077394387,0,0
3,1.4,0.5603960396039604,0.30574667826722823,0.003015629128688183,2.520622070384522,0,0
4,1.2,0.700990099009901,0.336109084574716,0.06881609392993251,1.1623099820030802,0,17
5,1.0,0.6811881188118811,0.30595180856757176,0.1486981895574528,0.8276943191041018,0,0
6,1.0,0.6455445544554456,0.2990164578652928,0.11792878275359726,0.928380184171383,0,0
7,0.2,0.2851485148514851,0.24591157495289667,1.0,-0.0,0,0
8,0.2,0.2851485148514851,0.24591157495289667,1.0,-0.0,0,0
9,0.0,0.04554455445544555,0.09283729243351321,1.0,-0.0,0,0
10,0.0,0.0613861386138614,0.11515834731523734,1.0,-0.0,0,0
11,0.0,0.1485148514851485,0.15834156674616875,1.0,-0.0,0,0
12,0.0,0.15841584158415842,0.17647108799335676,1.0,-0.0,0,0
13,0.0,0.16831683168316833,0.17740187251029735,1.0,-0.0,0,0
14,0.0,0.16831683168316833,0.17740187251029735,1.0,-0.0,0,0
15,0.0,0.10495049504950493,0.1245794808714917,1.0,-0.0,0,0
16,0.0,0.019801980198019802,0.059735061897023205,1.0,-0.0,0,0
17,0.0,0.009900990099009901,0.04338396495090424,1.0,-0.0,0,0
18,0.0,0.07326732673267328,0.12177815335858849,1.0,-0.0,0,0
19,0.0,0.07326732673267328,0.12177815335858849,1.0,-0.0,0,0
20,0.2,0.14059405940594058,0.15806892707703052,0.3535242386351092,0.4515808043717551,0,0
21,0.2,0.14059405940594058,0.15806892707703052,0.3535242386351092,0.4515808043717551,0,0
22,0.2,0.26534653465346536,0.23226633891066023,1.0,-0.0,0,0
23,1.2,0.5247524752475248,0.33043803529124866,0.02050187279852542,1.6882064653386097,0,0
24,4.4,0.9188118811881187,0.39819216995726203,1.1140215013682456e-17,16.953106426904238,0,0
25,4.2,0.9267326732673267,0.40366908541107777,2.6563428275479947e-16,15.575715875650339,0,0
26,4.6,1.0237623762376238,0.4242987259955917,2.749358878479208e-17,16.560768567260755,0,0
27,4.8,0.9673267326732675,0.4076275019849288,1.0002666842806876e-17,16.999884195929365,0,0
28,3.8,0.6495049504950494,0.32990360499599575,1.0000650084367912e-17,16.99997176811227,0,0
29,0.6,0.3841584158415842,0.2620304091140201,0.20504728066192113,0.6881459859539323,0,0
30,0.6,0.5128712871287129,0.3334973291969691,0.39694692960874267,0.4012675529818132,0,0
31,0.4,0.4237623762376238,0.30995001668313915,1.0,-0.0,0,0
32,0.6,0.6653465346534653,0.37242466008373615,1.0,-0.0,0,0
33,0.6,0.6950495049504951,0.36651320336698534,1.0,-0.0,0,0
34,0.8,0.6732673267326731,0.35679849517645157,0.361222141679886,0.44222563677859184,0,0
35,0.8,0.4693069306930694,0.32631836918993296,0.15543308169597897,0.8084565423627657,0,0
36,0.6,0.4633663366336634,0.32448673019816787,0.33684969298708667,0.47256384413756053,0,0
37,0.2,0.19207920792079206,0.17782134115361303,0.4822355731220383,0.3167407561303413,0,0
38,0.2,0.16237623762376235,0.14815798708918723,0.3997695919984913,0.3981902430580685,0,0
39,0.0,0.05346534653465348,0.10104832334394512,1.0,-0.0,0,0
40,0.2,0.3089108910891089,0.2346680866063453,1.0,-0.0,0,0
41,0.4,0.3227722772277227,0.23541881286182226,0.3714392073356013,0.43011225614066995,0,0
42,0.4,0.31386138613861386,0.25055570040216446,0.3655020061137048,0.4371102350078414,0,0
43,0.4,0.3168316831683168,0.24898578707326585,0.36917907506696834,0.4327629225986862,0,0
44,0.4,0.3168316831683168,0.24898578707326585,0.36917907506696834,0.4327629225986862,0,0
45,0.2,0.06930693069306931,0.11409790329416189,0.12601207675801535,0.8995878309298326,0,0
46,0.0,0.14158415841584157,0.1648685805663259,1.0,-0.0,0,0
47,0.2,0.2415841584158416,0.23262059652417286,1.0,-0.0,0,0
48,0.6,0.6,0.35821338847559603,1.0,-0.0,0,0
49,0.6,0.6,0.35821338847559603,1.0,-0.0,0,0
50,0.6,0.592079207920792,0.35142796913234087,0.49100904990337957,0.30891050321943697,0,0
51,0.6,0.507920792079208,0.30884106852440046,0.38279651119965374,0.4170320290290588,0,0
52,0.4,0.37623762376237624,0.2659369816110818,0.46440052424020123,0.33310729867829997,0,0
53,0.0,0.0,0.0,1.0,-0.0,0,0
54,0.0,0.0,0.0,1.0,-0.0,0,0
55,0.0,0.0,0.0,1.0,-0.0,0,0
56,0.0,0.017821782178217824,0.05698017651460655,1.0,-0.0,0,0
57,0.0,0.1306930693069307,0.17219754615690822,1.0,-0.0,0,0
58,0.0,0.1584158415841584,0.18735645421805738,1.0,-0.0,0,0
59,0.0,0.1584158415841584,0.18735645421805738,1.0,-0.0,0,0
60,0.0,0.2039603960396039,0.20677667298545127,1.0,-0.0,0,0
61,0.0,0.1861386138613861,0.19951907671778213,1.0,-0.0,0,0
62,0.2,0.2178217821782178,0.18476425418501982,1.0,-0.0,0,0
63,0.2,0.19801980198019803,0.17687059543257513,0.4955336374107565,0.30492685975379513,0,0
64,0.2,0.22376237623762374,0.18516704518908453,1.0,-0.0,0,0
65,0.2,0.17821782178217818,0.16143168888862433,0.4463331190923305,0.3503408861700306,0,0
66,0.2,0.22772277227722773,0.18245781385805057,1.0,-0.0,0,0
67,0.0,0.0910891089108911,0.12113245340338316,1.0,-0.0,0,0
68,0.2,0.23168316831683167,0.206302043812103,1.0,-0.0,0,0
69,0.2,0.23960396039603957,0.2029872004552792,1.0,-0.0,0,0
70,0.2,0.297029702970297,0.22797231269467202,1.0,-0.0,0,0
71,0.2,0.2772277227722772,0.23373048205432875,1.0,-0.0,0,0
72,0.2,0.2673267326732673,0.22912183230290262,1.0,-0.0,0,0
73,0.0,0.2435643564356436,0.22268204993487847,1.0,-0.0,0,0
74,0.0,0.2099009900990099,0.20561665306784294,1.0,-0.0,0,0
75,0.0,0.22376237623762374,0.19353333422369295,1.0,-0.0,0,0
76,0.0,0.26732673267326734,0.20734479386468796,1.0,-0.0,0,0
77,0.0,0.2831683168316832,0.2184868335207397,1.0,-0.0,0,0
78,0.2,0.19801980198019797,0.179095747399525,0.4955891268800422,0.3048782305199445,0,0
79,0.2,0.2752475247524752,0.23011230172410216,1.0,-0.0,0,0
80,0.2,0.20396039603960395,0.21430097835197912,1.0,-0.0,0,0
81,0.2,0.12871287128712872,0.17253877949142152,0.33974255914885354,0.4688500461656838,0,0
82,0.2,0.11287128712871287,0.15774610904280742,0.2903593934305263,0.5370641195219787,0,0
83,0.0,0.07722772277227724,0.12888031758632065,1.0,-0.0,0,0
84,0.2,0.0712871287128713,0.12454800153280307,0.1506990467085107,0.8218894949351553,0,0
85,0.2,0.09306930693069305,0.15302716108009237,0.24234808648173867,0.6155604050053965,0,0
86,0.2,0.09306930693069305,0.15302716108009237,0.24234808648173867,0.6155604050053965,0,0
87,1.0,0.38019801980198026,0.28908178361813325,0.016014969428217375,1.795473886046002,0,0
88,1.0,0.38019801980198026,0.28908178361813325,0.016014969428217375,1.795473886046002,0,0
89,0.8,0.34059405940594056,0.26030378970542556,0.038791648742565785,1.41126176140068,0,0
90,0.8,0.5881188118811882,0.3339790497706661,0.26290513916107683,0.5802009244014998,0,0
91,0.8,0.6653465346534654,0.3493801140193153,0.34996802942020144,0.4559716278799287,0,0
92,0.0,0.48514851485148525,0.3035715253653508,1.0,-0.0,1,0
93,0.0,0.5544554455445544,0.33047363324829143,1.0,-0.0,0,0
94,0.0,0.6792079207920791,0.3516064495750975,1.0,-0.0,0,0
95,0.0,0.4297029702970297,0.2791587626130561,1.0,-0.0,0,0
96,0.0,0.5306930693069307,0.29842576211935845,1.0,-0.0,0,0
97,0.0,0.5089108910891089,0.2958789590292551,1.0,-0.0,0,0
98,0.0,0.48514851485148525,0.2902324567195025,1.0,-0.0,0,0
99,0.0,0.3386138613861387,0.2449369678584749,1.0,-0.0,0,0
100,0.0,0.3168316831683168,0.2342332369524158,1.0,-0.0,0,0
101,0.0,0.18217821782178217,0.17142156917092394,1.0,-0.0,0,0
102,0.0,0.13267326732673268,0.1573977184098032,1.0,-0.0,0,0
103,0.0,0.2594059405940594,0.2097514879503424,1.0,-0.0,0,0
104,0.0,0.26930693069306927,0.2187917198722081,1.0,-0.0,0,0
105,0.0,0.4970297029702971,0.31917450627261446,1.0,-0.0,0,0
106,0.0,0.514851485148515,0.33578226638490966,1.0,-0.0,0,0
107,0.2,0.5584158415841585,0.32859356059709366,1.0,-0.0,0,0
108,0.2,0.47722772277227726,0.2937909232059094,1.0,-0.0,0,0
109,0.2,0.45544554455445546,0.2816061597565335,1.0,-0.0,0,0
110,0.2,0.22772277227722768,0.20877711450451011,1.0,-0.0,0,0
111,0.2,0.16831683168316833,0.17740187251029735,0.42912768135453044,0.3674134699190313,0,0
112,0.0,0.11287128712871286,0.14188502271424044,1.0,-0.0,0,0
113,0.0,0.03564356435643565,0.08154954567118416,1.0,-0.0,0,0
114,0.0,0.03564356435643565,0.08154954567118416,1.0,-0.0,0,0
115,0.0,0.27524752475247527,0.22312183795648755,1.0,-0.0,0,0
116,0.0,0.27524752475247527,0.22312183795648755,1.0,-0.0,0,0
117,0.0,0.2693069306930693,0.231115493076696,1.0,-0.0,0,0
118,0.0,0.2831683168316832,0.23591796985631966,1.0,-0.0,0,0
119,0.0,0.3297029702970297,0.26158108541827535,1.0,-0.0,0,0
120,0.0,0.10891089108910891,0.1529246303073887,1.0,-0.0,0,0
121,0.2,0.3247524752475247,0.21406297796087284,1.0,-0.0,0,0
122,0.2,0.30495049504950494,0.20984493927507253,1.0,-0.0,0,0
123,0.2,0.2792079207920792,0.20310307176171227,1.0,-0.0,0,0
124,0.2,0.2336633663366337,0.17364880212589112,1.0,-0.0,0,0
125,0.2,0.2217821782178218,0.1755353680172698,1.0,-0.0,0,0
126,0.0,0.007920792079207921,0.03900537743285587,1.0,-0.0,0,0
127,0.0,0.049504950495049514,0.09504950495049506,1.0,-0.0,0,0
128,0.0,0.049504950495049514,0.09504950495049506,1.0,-0.0,0,0
129,0.0,0.049504950495049514,0.09504950495049506,1.0,-0.0,0,0
130,0.0,0.041584158415841586,0.08590499787518362,1.0,-0.0,0,0
131,0.0,0.041584158415841586,0.08590499787518362,1.0,-0.0,0,0
132,0.0,0.013861386138613863,0.05079507064705211,1.0,-0.0,0,0
133,0.0,0.013861386138613863,0.05079507064705211,1.0,-0.0,0,0
134,0.0,0.013861386138613863,0.05079507064705211,1.0,-0.0,0,0
135,0.0,0.013861386138613863,0.05079507064705211,1.0,-0.0,0,0
136,0.0,0.013861386138613863,0.05079507064705211,1.0,-0.0,0,0
137,0.0,0.0,0.0,1.0,-0.0,0,0
138,0.0,0.011881188118811881,0.047276579747775535,1.0,-0.0,0,0
139,0.0,0.011881188118811881,0.047276579747775535,1.0,-0.0,0,0
140,0.0,0.011881188118811881,0.047276579747775535,1.0,-0.0,0,0
141,0.0,0.05346534653465347,0.10104832334394513,1.0,-0.0,0,0
142,0.0,0.06930693069306931,0.11409790329416186,1.0,-0.0,0,0
143,0.0,0.06930693069306931,0.11057238501634628,1.0,-0.0,0,0
144,0.0,0.07722772277227724,0.11593886073904516,1.0,-0.0,0,0
145,0.0,0.13663366336633662,0.15137833547418925,1.0,-0.0,0,0
146,0.0,0.09306930693069305,0.12762679639066946,1.0,-0.0,0,0
147,0.0,0.1485148514851485,0.16326729671147552,1.0,-0.0,0,0
148,0.0,0.13663366336633662,0.15397233406965347,1.0,-0.0,0,0
149,0.0,0.14158415841584157,0.16960485628010974,1.0,-0.0,0,0
150,0.0,0.13564356435643563,0.16625410493902865,1.0,-0.0,0,0
151,0.0,0.21188118811881188,0.19865245471658538,1.0,-0.0,0,0
152,0.0,0.22574257425742572,0.20423897153668616,1.0,-0.0,0,0
153,0.2,0.24752475247524752,0.21461181138356472,1.0,-0.0,0,0
154,0.2,0.27128712871287125,0.2226468293652734,1.0,-0.0,0,0
155,0.2,0.6198019801980199,0.33831843982962573,1.0,-0.0,0,0
156,0.2,0.5445544554455446,0.32103645501787803,1.0,-0.0,0,0
157,0.2,0.6217821782178218,0.3795787035090768,1.0,-0.0,0,0
158,0.0,0.6673267326732674,0.39328746720385277,1.0,-0.0,0,0
159,0.0,0.6475247524752474,0.3860421306218244,1.0,-0.0,0,0
160,0.0,0.29504950495049503,0.2279379095687393,1.0,-0.0,1,0
161,0.0,0.29504950495049503,0.2279379095687393,1.0,-0.0,0,0
162,0.0,0.18811881188118804,0.18630706513012396,1.0,-0.0,0,0
163,0.0,0.13465346534653463,0.15184387732816487,1.0,-0.0,0,0
164,0.0,0.1366336633663366,0.15137833547418927,1.0,-0.0,0,0
165,0.0,0.18415841584158418,0.17504323271769956,1.0,-0.0,0,0
166,0.0,0.2435643564356436,0.19005775129824676,1.0,-0.0,0,0
167,0.0,0.20990099009900987,0.18535753542711383,1.0,-0.0,0,0
168,0.0,0.19603960396039602,0.18235032765499154,1.0,-0.0,0,0
169,0.0,0.48316831683168315,0.28599982930504253,1.0,-0.0,0,0
170,0.0,0.4376237623762377,0.26207529911391214,1.0,-0.0,0,0
171,0.0,0.7188118811881188,0.31235701561734136,1.0,-0.0,0,0
172,0.0,0.762376237623762,0.3155543558795495,1.0,-0.0,0,0
173,0.2,0.7702970297029701,0.3151440200249942,1.0,-0.0,0,0
174,0.2,0.4613861386138614,0.2606048930908848,1.0,-0.0,0,0
175,0.2,0.4653465346534654,0.27156883545241617,1.0,-0.0,0,0
176,0.2,0.4099009900990099,0.2819679605754862,1.0,-0.0,0,0
177,0.2,0.37425742574257426,0.26649669451502134,1.0,-0.0,0,0
178,0.0,0.36633663366336633,0.2611009545366598,1.0,-0.0,0,0
179,0.0,0.36633663366336633,0.2611009545366598,1.0,-0.0,0,0
180,0.2,0.3742574257425743,0.2738263760616142,1.0,-0.0,0,0
181,0.4,0.15643564356435644,0.16555687101844338,0.07062089648366775,1.1510667736684355,0,0
182,0.4,0.1782178217821782,0.1755353680172698,0.1032116883509004,0.9862711176423553,0,0
183,0.4,0.2514851485148515,0.21369630592401923,0.2435336350202682,0.6134410488439428,0,0
184,0.6,0.40990099009900993,0.28615060442861423,0.2532389148473787,0.5964695561393722,0,0
185,0.4,0.34851485148514855,0.27236182304192436,0.4250337986536282,0.37157653351408443,0,0
186,0.6,0.3089108910891089,0.25411426832535927,0.12600005834809686,0.8996292537693369,0,0
187,0.6,0.2594059405940594,0.22610705333684253,0.06598997966242583,1.1805220054838783,0,0
188,0.6,0.1861386138613861,0.18077375114498545,0.011028388570469594,1.9574879405135046,0,0
189,0.4,0.02772277227722773,0.06910862719451545,3.585328854744697e-08,7.445471003663995,0,0
190,0.4,0.02772277227722773,0.06910862719451545,3.585328854744697e-08,7.445471003663995,0,0
191,0.0,0.0,0.0,1.0,-0.0,0,0
192,0.0,0.0,0.0,1.0,-0.0,0,0
193,0.0,0.0,0.0,1.0,-0.0,0,0
194,0.0,0.12079207920792079,0.14094225464771679,1.0,-0.0,0,0
195,0.0,0.12574257425742574,0.14257425742574256,1.0,-0.0,0,0
196,0.0,0.12574257425742574,0.14257425742574256,1.0,-0.0,0,0
197,0.0,0.12574257425742574,0.14257425742574256,1.0,-0.0,0,0
198,0.0,0.12574257425742574,0.14257425742574256,1.0,-0.0,0,0
199,0.0,0.0039603960396039604,0.027863855998951064,1.0,-0.0,0,0
200,0.0,0.0,0.0,1.0,-0.0,0,0
201,0.0,0.0,0.0,1.0,-0.0,0,0
202,0.0,0.0,0.0,1.0,-0.0,0,0
203,0.0,0.0,0.0,1.0,-0.0,0,0
204,0.0,0.0,0.0,1.0,-0.0,0,0
205,0.0,0.0,0.0,1.0,-0.0,0,0
206,0.0,0.18415841584158413,0.16089642032294557,1.0,-0.0,0,0
207,0.0,0.18415841584158413,0.16089642032294557,1.0,-0.0,0,0
208,0.0,0.20198019801980194,0.16529613271056798,1.0,-0.0,0,0
209,0.0,0.20198019801980194,0.16529613271056798,1.0,-0.0,0,0
210,0.0,0.20198019801980194,0.16529613271056798,1.0,-0.0,0,0
211,0.0,0.05742574257425742,0.11021718851545144,1.0,-0.0,0,0
212,0.6,0.1188118811881188,0.1621103836665028,0.0014973837397847896,2.8246668872224596,0,0
213,0.6,0.1782178217821782,0.18433931283543808,0.01106657613268139,1.955986723898553,0,0
214,0.6,0.23564356435643566,0.21135309408516964,0.042360882711092035,1.373034998692924,0,0
215,0.6,0.27128712871287125,0.2208608870273059,0.06833254784363749,1.1653723858951448,0,0
216,0.6,0.2554455445544554,0.21455699121713326,0.05414928184813149,1.2664072988071162,0,0
217,0.0,0.30495049504950494,0.2364658255608424,1.0,-0.0,0,0
218,0.0,0.22772277227722773,0.20494810349204928,1.0,-0.0,0,0
219,0.0,0.17821782178217818,0.17777723316802727,1.0,-0.0,0,0
220,0.0,0.21782178217821782,0.1972062495766079,1.0,-0.0,0,0
221,0.0,0.2613861386138614,0.22819580658832372,1.0,-0.0,0,0
222,0.0,0.15247524752475244,0.1760929431716096,1.0,-0.0,0,0
223,0.0,0.15247524752475244,0.1760929431716096,1.0,-0.0,0,0
224,0.0,0.16435643564356436,0.16978971176416646,1.0,-0.0,0,0
225,0.0,0.08712871287128712,0.12401163019288061,1.0,-0.0,0,0
226,0.0,0.08316831683168316,0.11694909354640316,1.0,-0.0,0,0
227,0.0,0.08316831683168316,0.11694909354640316,1.0,-0.0,0,0
228,0.0,0.12475247524752475,0.15376846462033406,1.0,-0.0,0,0
229,0.0,0.2693069306930693,0.2293954923972211,1.0,-0.0,0,0
230,0.2,0.35049504950495053,0.24112925845368355,1.0,-0.0,0,0
231,0.2,0.3623762376237625,0.24488893629259323,1.0,-0.0,0,0
232,0.2,0.3861386138613862,0.2536972948611411,1.0,-0.0,0,0
233,0.2,0.3445544554455446,0.23566852351385092,1.0,-0.0,0,0
234,0.2,0.1801980198019802,0.18775368421597713,0.4580022839268249,0.3391323562879562,0,0
235,0.0,0.09900990099009901,0.14521752172118105,1.0,-0.0,0,0
236,0.0,0.023762376237623766,0.06471340450838889,1.0,-0.0,0,0
237,0.0,0.0,0.0,1.0,-0.0,0,0
238,0.0,0.0,0.0,1.0,-0.0,0,0
239,0.0,0.031683168316831684,0.07826167463512675,1.0,-0.0,0,0
240,0.0,0.031683168316831684,0.07826167463512675,1.0,-0.0,0,0
241,0.0,0.1603960396039604,0.18243632168365972,1.0,-0.0,0,0
242,0.0,0.20396039603960395,0.19494644711665693,1.0,-0.0,0,0
243,0.0,0.20396039603960395,0.19494644711665693,1.0,-0.0,0,0
