,foreground,bg_means,bg_stdev,pvals,minus_logs,regs,active
2,0.0,0.1485148514851485,0.1558203213695525,1.0,-0.0,0,0
3,0.0,0.13663366336633662,0.15137833547418925,1.0,-0.0,0,0
4,0.0,0.2316831683168317,0.22468049617236202,1.0,-0.0,0,0
5,1.0,0.29504950495049503,0.24307283577120234,0.001864851823104673,2.729355670538707,0,0
6,1.0,0.29504950495049503,0.23813476408557305,0.001536694803329417,2.8134123773871718,0,0
7,1.0,0.29504950495049503,0.23813476408557305,0.001536694803329417,2.8134123773871718,0,0
8,1.4,0.491089108910891,0.2765054239709315,0.0005060599803321849,3.2957980057224456,0,0
9,1.4,0.39009900990099017,0.24271767835318117,1.5856371769265372e-05,4.799796180249837,0,0
10,0.4,0.21782178217821782,0.1972062495766079,0.17779643639182957,0.7500769479264011,0,0
11,0.4,0.2079207920792079,0.18651741527630283,0.1515474523840582,0.819451360021171,0,0
12,0.4,0.2079207920792079,0.18651741527630283,0.1515474523840582,0.819451360021171,0,0
13,0.0,0.08910891089108909,0.13636075485692528,1.0,-0.0,0,0
14,0.0,0.08910891089108909,0.13636075485692528,1.0,-0.0,0,0
15,0.0,0.08910891089108909,0.13636075485692528,1.0,-0.0,0,0
16,0.0,0.08910891089108909,0.13636075485692528,1.0,-0.0,0,0
17,0.0,0.16435643564356434,0.18539984001180873,1.0,-0.0,0,0
18,0.0,0.07326732673267328,0.12498799079651089,1.0,-0.0,0,0
19,0.0,0.07326732673267328,0.12498799079651089,1.0,-0.0,0,0
20,0.0,0.07326732673267328,0.12498799079651089,1.0,-0.0,0,0
21,0.0,0.07326732673267328,0.12498799079651089,1.0,-0.0,0,0
22,0.0,0.0,0.0,1.0,-0.0,0,0
23,0.2,0.05544554455445545,0.10575073206193022,0.08582272375636786,1.066397706377696,0,0
24,0.2,0.2831683168316832,0.22029202352749908,1.0,-0.0,0,0
25,0.8,0.5326732673267328,0.30865691514294996,0.19321857000178932,0.7139511364001208,0,0
26,1.2,0.7227722772277227,0.3570731372843129,0.09069319047101422,1.0424253199066447,0,0
27,1.2,1.00990099009901,0.425314083243149,0.3274514381396404,0.48485309784553693,0,0
28,1.0,0.9544554455445544,0.4154264783400182,0.4563501204317673,0.3407018305225855,0,0
29,1.0,0.7247524752475246,0.3721508106402696,0.22976746865046416,0.6387114603548969,0,0
30,0.4,0.47722772277227726,0.30045549187489407,1.0,-0.0,0,0
31,0.0,0.3217821782178218,0.24999166734471379,1.0,-0.0,0,0
32,0.0,0.03564356435643565,0.07653920035678292,1.0,-0.0,0,0
33,0.2,0.05544554455445545,0.08952597667688963,0.05319163734110216,1.2741566410525873,0,0
34,0.2,0.05544554455445545,0.08952597667688963,0.05319163734110216,1.2741566410525873,0,0
35,0.2,0.05544554455445545,0.08952597667688963,0.05319163734110216,1.2741566410525873,0,0
36,0.2,0.019801980198019802,0.059735061897023205,0.001278047474114718,2.8934530136556162,0,0
37,0.2,0.019801980198019802,0.059735061897023205,0.001278047474114718,2.8934530136556162,0,0
38,0.0,0.0,0.0,1.0,-0.0,0,0
39,0.0,0.09900990099009899,0.13386490123687583,1.0,-0.0,0,0
40,0.0,0.4732673267326733,0.2724625831733365,1.0,-0.0,0,0
41,0.0,0.4732673267326733,0.2724625831733365,1.0,-0.0,0,0
42,0.0,0.4732673267326733,0.2724625831733365,1.0,-0.0,0,0
43,0.0,0.4732673267326733,0.2724625831733365,1.0,-0.0,0,0
44,0.0,0.3742574257425743,0.21920353819619254,1.0,-0.0,0,0
45,0.0,0.0,0.0,1.0,-0.0,0,0
46,0.0,0.0,0.0,1.0,-0.0,0,0
47,0.0,0.04950495049504951,0.09078727434730813,1.0,-0.0,0,0
48,0.0,0.04950495049504951,0.09078727434730813,1.0,-0.0,0,0
49,0.0,0.07722772277227723,0.1124710639300034,1.0,-0.0,0,0
50,0.0,0.16633663366336632,0.15937826461670404,1.0,-0.0,0,0
51,0.0,0.16633663366336632,0.15937826461670404,1.0,-0.0,0,0
52,0.0,0.11485148514851483,0.14169143619800648,1.0,-0.0,0,0
53,0.0,0.17821782178217818,0.16863104044391106,1.0,-0.0,0,0
54,0.0,0.15049504950495046,0.15261662469701143,1.0,-0.0,0,0
55,0.0,0.0613861386138614,0.0964419458367202,1.0,-0.0,0,0
56,0.0,0.0613861386138614,0.0964419458367202,1.0,-0.0,0,0
57,0.0,0.0613861386138614,0.0964419458367202,1.0,-0.0,0,0
58,0.0,0.0,0.0,1.0,-0.0,0,0
59,0.0,0.0,0.0,1.0,-0.0,0,0
60,0.0,0.0,0.0,1.0,-0.0,0,0
61,0.0,0.0,0.0,1.0,-0.0,0,0
62,0.0,0.07722772277227724,0.11593886073904514,1.0,-0.0,0,0
63,0.0,0.07722772277227724,0.11593886073904514,1.0,-0.0,0,0
64,0.0,0.15445544554455443,0.16858452795083376,1.0,-0.0,0,0
65,0.0,0.19801980198019795,0.18773279832857556,1.0,-0.0,0,0
66,0.0,0.2435643564356436,0.22089639235460345,1.0,-0.0,0,0
67,0.0,0.16633663366336632,0.18894036343566833,1.0,-0.0,0,0
68,0.0,0.16633663366336632,0.18894036343566833,1.0,-0.0,0,0
69,0.0,0.08910891089108909,0.12734998170941406,1.0,-0.0,0,0
70,0.0,0.04554455445544555,0.09283729243351321,1.0,-0.0,0,0
71,0.0,0.0,0.0,1.0,-0.0,0,0
72,0.0,0.03960396039603961,0.08452453849668534,1.0,-0.0,0,0
73,0.0,0.03960396039603961,0.08452453849668534,1.0,-0.0,0,0
74,0.0,0.03960396039603961,0.08452453849668534,1.0,-0.0,0,0
75,0.0,0.08316831683168316,0.10996786833199856,1.0,-0.0,0,0
76,0.0,0.08316831683168316,0.10996786833199856,1.0,-0.0,0,0
77,0.0,0.04356435643564357,0.09164702150816742,1.0,-0.0,0,0
78,0.0,0.04356435643564357,0.09164702150816742,1.0,-0.0,0,0
79,0.0,0.04356435643564357,0.09164702150816742,1.0,-0.0,0,0
80,0.0,0.0,0.0,1.0,-0.0,0,0
81,0.0,0.0,0.0,1.0,-0.0,0,0
82,0.0,0.023762376237623766,0.06471340450838887,1.0,-0.0,0,0
83,0.0,0.19207920792079206,0.16867754011126218,1.0,-0.0,0,0
84,0.0,0.19207920792079206,0.16867754011126218,1.0,-0.0,0,0
85,0.0,0.19207920792079206,0.16867754011126218,1.0,-0.0,0,0
86,0.0,0.19207920792079206,0.16867754011126218,1.0,-0.0,0,0
87,0.0,0.16831683168316833,0.1658644878524509,1.0,-0.0,0,0
88,0.0,0.0,0.0,1.0,-0.0,0,0
89,0.0,0.0,0.0,1.0,-0.0,0,0
90,0.0,0.0,0.0,1.0,-0.0,0,0
91,0.0,0.0,0.0,1.0,-0.0,0,0
92,0.0,0.015841584158415842,0.054012600780142014,1.0,-0.0,0,0
93,0.0,0.015841584158415842,0.054012600780142014,1.0,-0.0,0,0
94,0.0,0.1089108910891089,0.12435895816322837,1.0,-0.0,0,0
95,0.0,0.1089108910891089,0.12435895816322837,1.0,-0.0,0,0
96,0.0,0.1089108910891089,0.12435895816322837,1.0,-0.0,0,0
97,0.0,0.09306930693069305,0.12126186845461277,1.0,-0.0,0,0
98,0.0,0.1465346534653465,0.15127468716660816,1.0,-0.0,0,0
99,0.0,0.051485148514851496,0.096075322540263,1.0,-0.0,0,0
100,0.0,0.1900990099009901,0.18535753542711383,1.0,-0.0,0,0
101,0.0,0.1900990099009901,0.18535753542711383,1.0,-0.0,0,0
102,0.0,0.24950495049504953,0.22232959316135717,1.0,-0.0,0,0
103,0.0,0.19801980198019797,0.20776042849273668,1.0,-0.0,0,0
104,0.0,0.19801980198019797,0.20776042849273668,1.0,-0.0,0,0
105,0.0,0.07524752475247526,0.11553229422427586,1.0,-0.0,0,0
106,0.0,0.07524752475247526,0.11553229422427586,1.0,-0.0,0,0
107,0.0,0.17227722772277224,0.17126137275595765,1.0,-0.0,0,0
108,0.0,0.17227722772277224,0.17126137275595765,1.0,-0.0,0,0
109,0.0,0.2693069306930693,0.21142729211943195,1.0,-0.0,0,0
110,0.0,0.27128712871287125,0.19817815450608794,1.0,-0.0,0,0
111,0.0,0.27128712871287125,0.19817815450608794,1.0,-0.0,0,0
112,0.0,0.20198019801980197,0.1999901967992491,1.0,-0.0,0,0
113,0.0,0.20198019801980197,0.1999901967992491,1.0,-0.0,0,0
114,0.0,0.10297029702970298,0.15824247939807562,1.0,-0.0,0,0
115,0.0,0.08514851485148514,0.14169143619800648,1.0,-0.0,0,0
116,0.6,0.5920792079207922,0.30819923102326685,0.48974821896540743,0.3100271347000501,0,0
117,0.6,0.504950495049505,0.2864519165925704,0.37001386922997687,0.4317819969677089,0,0
118,1.2,0.7089108910891089,0.3487173129295844,0.07952515236819276,1.0994954901224923,0,0
119,1.2,0.7089108910891089,0.3487173129295844,0.07952515236819276,1.0994954901224923,0,0
120,1.6,0.8970297029702969,0.3740216135928046,0.030088733254019798,1.5215960958215535,0,0
121,1.0,0.504950495049505,0.3051947074089719,0.05239336460269097,1.2807237110870258,0,0
122,1.0,0.504950495049505,0.3051947074089719,0.05239336460269097,1.2807237110870258,0,0
123,0.4,0.300990099009901,0.269394278205186,0.35661265938301867,0.44780324387910714,0,0
124,0.4,0.300990099009901,0.269394278205186,0.35661265938301867,0.44780324387910714,0,0
125,0.2,0.22178217821782176,0.18433931283543808,1.0,-0.0,0,0
126,0.2,0.10693069306930691,0.13661931335176508,0.24786267822600483,0.6057888619402982,0,0
127,0.2,0.10693069306930691,0.13661931335176508,0.24786267822600483,0.6057888619402982,0,0
128,0.2,0.10693069306930691,0.13661931335176508,0.24786267822600483,0.6057888619402982,0,0
129,0.2,0.10693069306930691,0.13661931335176508,0.24786267822600483,0.6057888619402982,0,0
130,0.0,0.0,0.0,1.0,-0.0,0,0
131,0.0,0.0,0.0,1.0,-0.0,0,0
132,0.4,0.17623762376237626,0.18516704518908453,0.11343995250555301,0.9452339639891166,0,0
133,0.4,0.17623762376237626,0.18516704518908453,0.11343995250555301,0.9452339639891166,0,0
134,0.4,0.41980198019801984,0.26476958111759685,1.0,-0.0,0,0
135,0.4,0.41980198019801984,0.26476958111759685,1.0,-0.0,0,0
136,0.4,0.41980198019801984,0.26476958111759685,1.0,-0.0,0,0
137,0.0,0.2435643564356436,0.20020575633120588,1.0,-0.0,0,0
138,0.0,0.2435643564356436,0.20020575633120588,1.0,-0.0,0,0
139,0.0,0.0,0.0,1.0,-0.0,0,0
140,0.0,0.0,0.0,1.0,-0.0,0,0
141,0.0,0.0,0.0,1.0,-0.0,0,0
142,0.0,0.1188118811881188,0.15202453637757812,1.0,-0.0,0,0
143,0.0,0.1188118811881188,0.15202453637757812,1.0,-0.0,0,0
144,0.0,0.1188118811881188,0.15202453637757812,1.0,-0.0,0,0
145,0.0,0.1504950495049505,0.17212921831366915,1.0,-0.0,0,0
146,0.0,0.1504950495049505,0.17212921831366915,1.0,-0.0,0,0
147,0.0,0.0297029702970297,0.07112192077650681,1.0,-0.0,0,0
148,0.2,0.29504950495049503,0.2446967157478308,1.0,-0.0,0,0
149,0.2,0.29504950495049503,0.2446967157478308,1.0,-0.0,0,0
150,0.2,0.2653465346534653,0.22179985785260758,1.0,-0.0,0,0
151,0.2,0.2653465346534653,0.22179985785260758,1.0,-0.0,0,0
152,0.2,0.2653465346534653,0.22179985785260758,1.0,-0.0,0,0
153,0.0,0.0,0.0,1.0,-0.0,0,0
154,0.0,0.0,0.0,1.0,-0.0,0,0
155,0.0,0.0,0.0,1.0,-0.0,0,0
156,0.0,0.0,0.0,1.0,-0.0,0,0
157,0.0,0.19801980198019797,0.189830668692386,1.0,-0.0,0,0
158,0.0,0.19801980198019797,0.189830668692386,1.0,-0.0,0,0
159,0.0,0.19801980198019797,0.189830668692386,1.0,-0.0,0,0
160,0.0,0.19801980198019797,0.189830668692386,1.0,-0.0,0,0
161,0.0,0.19801980198019797,0.189830668692386,1.0,-0.0,0,0
162,0.0,0.011881188118811883,0.047276579747775535,1.0,-0.0,0,0
163,0.0,0.039603960396039604,0.07970143286137865,1.0,-0.0,0,0
164,0.2,0.1188118811881188,0.16453527190369102,0.3108512183040145,0.5074474261833147,0,0
165,0.4,0.14059405940594058,0.17244784995704743,0.06625756195872426,1.1787645486435094,0,0
166,0.4,0.14059405940594058,0.17244784995704743,0.06625756195872426,1.1787645486435094,0,0
167,0.4,0.12871287128712872,0.1702279390125739,0.055505003781494255,1.2556678634226317,0,0
168,0.4,0.10099009900990098,0.14246420394934614,0.017915401223169414,1.7467734611759458,0,0
169,0.2,0.021782178217821784,0.06230547612891991,0.002115616449879084,2.6745630648030154,0,0
170,0.0,0.0,0.0,1.0,-0.0,0,0
171,0.0,0.3524752475247525,0.2373926268617142,1.0,-0.0,0,0
172,0.0,0.3524752475247525,0.2373926268617142,1.0,-0.0,0,0
173,0.0,0.394059405940594,0.2476910332573279,1.0,-0.0,0,0
174,0.2,0.5683168316831684,0.28802182709824486,1.0,-0.0,0,0
175,0.2,0.5683168316831684,0.28802182709824486,1.0,-0.0,0,0
176,0.2,0.2158415841584158,0.19229343978313213,1.0,-0.0,0,0
177,0.2,0.2158415841584158,0.19229343978313213,1.0,-0.0,0,0
178,0.2,0.17425742574257425,0.18166090995928266,0.44365582780520557,0.35295380927178643,0,0
179,0.0,0.0,0.0,1.0,-0.0,0,0
180,0.0,0.19801980198019795,0.17461709057464242,1.0,-0.0,0,0
181,0.0,0.19801980198019795,0.17461709057464242,1.0,-0.0,0,0
182,0.0,0.19801980198019795,0.17461709057464242,1.0,-0.0,0,0
183,0.2,0.21188118811881188,0.17535656953133036,1.0,-0.0,0,0
184,0.2,0.22376237623762374,0.1786353744371313,1.0,-0.0,0,0
185,0.6,0.14257425742574256,0.1550129567586608,0.0015843133058770136,2.8001589303483674,0,0
186,0.6,0.14257425742574256,0.1550129567586608,0.0015843133058770136,2.8001589303483674,0,0
187,0.6,0.3445544554455447,0.2487494455040349,0.15222929135381158,0.8175017743106483,0,0
188,0.4,0.3306930693069308,0.23282278743285656,0.38297330586127976,0.41683149632163763,0,0
189,0.4,0.31881188118811893,0.23067394643047065,0.36243394083707053,0.44077113873243107,0,0
190,1.0,0.35841584158415846,0.26894267736720445,0.008526116369447027,2.0692487441421106,0,0
