,foreground,bg_means,bg_stdev,pvals,minus_logs,regs,active
2,0.0,0.061386138613861385,0.10046456153636296,1.0,-0.0,0,0
3,0.0,0.061386138613861385,0.10046456153636296,1.0,-0.0,0,0
4,0.0,0.061386138613861385,0.10046456153636296,1.0,-0.0,0,0
5,0.0,0.033663366336633666,0.07994704648786674,1.0,-0.0,0,0
6,0.0,0.009900990099009901,0.04338396495090425,1.0,-0.0,0,0
7,0.0,0.021782178217821784,0.06230547612891991,1.0,-0.0,0,0
8,0.0,0.02970297029702971,0.07648795214189294,1.0,-0.0,0,0
9,0.0,0.02970297029702971,0.07648795214189294,1.0,-0.0,0,0
10,0.2,0.06336633663366338,0.10874875419996817,0.10448261079208833,0.9809559838634979,0,0
11,0.2,0.05346534653465348,0.10489443673781407,0.08121090620767592,1.0903856433234342,0,0
12,0.2,0.04950495049504951,0.09912864166957489,0.06448460512601864,1.190543955238279,0,0
13,0.2,0.041584158415841586,0.09467748980500532,0.04714244196908596,1.326587924861529,0,0
14,0.2,0.041584158415841586,0.09467748980500532,0.04714244196908596,1.326587924861529,0,0
15,0.0,0.007920792079207921,0.03900537743285587,1.0,-0.0,0,0
16,0.0,0.007920792079207921,0.03900537743285587,1.0,-0.0,0,0
17,0.0,0.0,0.0,1.0,-0.0,0,0
18,0.0,0.0,0.0,1.0,-0.0,0,0
19,0.0,0.0,0.0,1.0,-0.0,0,0
20,0.0,0.0,0.0,1.0,-0.0,0,0
21,0.0,0.0,0.0,1.0,-0.0,0,0
22,0.0,0.0,0.0,1.0,-0.0,0,0
23,0.0,0.0,0.0,1.0,-0.0,0,0
24,0.0,0.011881188118811881,0.047276579747775535,1.0,-0.0,0,0
25,0.0,0.011881188118811881,0.047276579747775535,1.0,-0.0,0,0
26,0.0,0.011881188118811881,0.047276579747775535,1.0,-0.0,0,0
27,0.0,0.011881188118811881,0.047276579747775535,1.0,-0.0,0,0
28,0.0,0.011881188118811881,0.047276579747775535,1.0,-0.0,0,0
29,0.4,0.11089108910891088,0.16038381569359672,0.0357250166497392,1.4470275601328444,0,0
30,0.4,0.11089108910891088,0.16038381569359672,0.0357250166497392,1.4470275601328444,0,0
31,0.4,0.11089108910891088,0.16038381569359672,0.0357250166497392,1.4470275601328444,0,0
32,0.4,0.11089108910891088,0.16038381569359672,0.0357250166497392,1.4470275601328444,0,0
33,0.4,0.11089108910891088,0.16038381569359672,0.0357250166497392,1.4470275601328444,0,0
34,0.0,0.0,0.0,1.0,-0.0,0,0
35,0.0,0.0,0.0,1.0,-0.0,0,0
36,0.0,0.007920792079207921,0.03900537743285587,1.0,-0.0,0,0
37,0.0,0.015841584158415842,0.05401260078014202,1.0,-0.0,0,0
38,0.0,0.031683168316831684,0.07826167463512675,1.0,-0.0,0,0
39,0.0,0.031683168316831684,0.07826167463512675,1.0,-0.0,0,0
40,0.0,0.031683168316831684,0.07826167463512675,1.0,-0.0,0,0
41,0.0,0.023762376237623766,0.06471340450838887,1.0,-0.0,0,0
42,0.0,0.015841584158415842,0.054012600780142014,1.0,-0.0,0,0
43,0.0,0.0,0.0,1.0,-0.0,0,0
44,0.0,0.0,0.0,1.0,-0.0,0,0
45,0.0,0.0,0.0,1.0,-0.0,0,0
46,0.0,0.0,0.0,1.0,-0.0,0,0
47,0.0,0.0,0.0,1.0,-0.0,0,0
48,0.0,0.0,0.0,1.0,-0.0,0,0
49,0.0,0.0,0.0,1.0,-0.0,0,0
50,0.0,0.0,0.0,1.0,-0.0,0,0
51,0.0,0.0,0.0,1.0,-0.0,0,0
52,0.0,0.0,0.0,1.0,-0.0,0,0
53,0.0,0.0,0.0,1.0,-0.0,0,0
54,0.0,0.0,0.0,1.0,-0.0,0,0
55,0.0,0.0,0.0,1.0,-0.0,0,0
56,0.0,0.0,0.0,1.0,-0.0,0,0
57,0.0,0.0,0.0,1.0,-0.0,0,0
58,0.0,0.0,0.0,1.0,-0.0,0,0
59,0.0,0.0,0.0,1.0,-0.0,0,0
60,0.0,0.011881188118811883,0.04727657974777555,1.0,-0.0,0,0
61,0.0,0.033663366336633666,0.07482947971362845,1.0,-0.0,0,0
62,0.0,0.033663366336633666,0.07482947971362845,1.0,-0.0,0,0
63,0.0,0.033663366336633666,0.07482947971362845,1.0,-0.0,0,0
64,0.0,0.033663366336633666,0.07482947971362845,1.0,-0.0,0,0
65,0.0,0.021782178217821784,0.06230547612891991,1.0,-0.0,0,0
66,0.0,0.0,0.0,1.0,-0.0,0,0
67,0.0,0.0,0.0,1.0,-0.0,0,0
68,0.0,0.0,0.0,1.0,-0.0,0,0
69,0.0,0.0,0.0,1.0,-0.0,0,0
70,0.0,0.009900990099009901,0.04338396495090425,1.0,-0.0,0,0
71,0.0,0.009900990099009901,0.04338396495090425,1.0,-0.0,0,0
72,0.0,0.009900990099009901,0.04338396495090425,1.0,-0.0,0,0
73,0.0,0.009900990099009901,0.04338396495090425,1.0,-0.0,0,0
74,0.0,0.009900990099009901,0.04338396495090425,1.0,-0.0,0,0
75,0.0,0.0,0.0,1.0,-0.0,0,0
76,0.0,0.0,0.0,1.0,-0.0,0,0
77,0.0,0.0,0.0,1.0,-0.0,0,0
78,0.2,0.05346534653465347,0.09287951999650358,0.05731896239780438,1.2417016799108866,0,0
79,0.4,0.11386138613861384,0.1235046822139618,0.010256660113016878,1.9889940359712144,0,0
80,0.4,0.11386138613861384,0.1235046822139618,0.010256660113016878,1.9889940359712144,0,0
81,0.4,0.13663366336633662,0.14331490790275034,0.033055096672573205,1.4807615683682807,0,0
82,0.4,0.15445544554455443,0.14591788853022206,0.04621093439009186,1.3352552499111123,0,0
83,0.4,0.11683168316831682,0.14146987009498416,0.02266303813730279,1.6446818703851787,0,0
84,0.2,0.05742574257425742,0.09048443294095733,0.05755010791628536,1.2399538576570686,0,0
85,0.2,0.05742574257425742,0.09048443294095733,0.05755010791628536,1.2399538576570686,0,0
86,0.4,0.06534653465346535,0.0938037170877387,0.00018013790389148236,3.744394895070995,0,0
87,0.4,0.047524752475247525,0.08512548617902845,1.731579495797054e-05,4.761557565452389,0,0
88,0.2,0.0297029702970297,0.07112192077650681,0.008322928729312118,2.079723824290396,0,0
89,0.2,0.0297029702970297,0.07112192077650681,0.008322928729312118,2.079723824290396,0,0
90,0.4,0.061386138613861385,0.09644194583672018,0.00022315831590622603,3.6513869247101036,0,0
91,0.2,0.041584158415841586,0.09039772047931348,0.03984979219979861,1.3995739389282478,0,0
92,0.2,0.041584158415841586,0.09039772047931348,0.03984979219979861,1.3995739389282478,0,0
93,0.2,0.04752475247524753,0.09397077637785879,0.05233944412570533,1.2811708941229774,0,0
94,0.2,0.04752475247524753,0.09397077637785879,0.05233944412570533,1.2811708941229774,0,6
95,0.0,0.015841584158415842,0.054012600780142014,1.0,-0.0,0,0
96,0.0,0.0059405940594059415,0.033953323167291584,1.0,-0.0,0,0
97,0.0,0.039603960396039604,0.08452453849668534,1.0,-0.0,0,4
98,0.0,0.033663366336633666,0.07482947971362845,1.0,-0.0,0,0
99,0.0,0.04752475247524753,0.08965727859541997,1.0,-0.0,0,0
100,0.0,0.04752475247524753,0.08965727859541997,1.0,-0.0,0,0
101,0.0,0.04752475247524753,0.08965727859541997,1.0,-0.0,0,0
102,0.0,0.02772277227722773,0.06910862719451544,1.0,-0.0,0,0
103,0.0,0.02772277227722773,0.06910862719451544,1.0,-0.0,0,0
104,0.0,0.013861386138613863,0.05079507064705211,1.0,-0.0,0,0
105,0.0,0.013861386138613863,0.05079507064705211,1.0,-0.0,0,0
106,0.0,0.049504950495049514,0.1068206254198905,1.0,-0.0,0,0
107,0.0,0.03564356435643564,0.08626938974571075,1.0,-0.0,0,0
108,0.0,0.03564356435643564,0.08626938974571075,1.0,-0.0,0,0
109,0.0,0.04752475247524753,0.09397077637785879,1.0,-0.0,0,0
110,0.0,0.04752475247524753,0.09397077637785879,1.0,-0.0,0,0
111,0.0,0.011881188118811883,0.047276579747775535,1.0,-0.0,0,0
112,0.0,0.011881188118811883,0.047276579747775535,1.0,-0.0,0,0
113,0.0,0.011881188118811883,0.047276579747775535,1.0,-0.0,0,0
114,0.0,0.0,0.0,1.0,-0.0,0,0
115,0.0,0.009900990099009901,0.04338396495090424,1.0,-0.0,0,0
116,0.0,0.009900990099009901,0.04338396495090424,1.0,-0.0,0,0
117,0.0,0.009900990099009901,0.04338396495090424,1.0,-0.0,0,0
118,0.0,0.02772277227722773,0.07461957893630405,1.0,-0.0,0,0
119,0.0,0.041584158415841586,0.08590499787518362,1.0,-0.0,0,0
120,0.0,0.03168316831683169,0.0730260947112308,1.0,-0.0,0,0
121,0.0,0.03168316831683169,0.0730260947112308,1.0,-0.0,0,0
122,0.0,0.07524752475247526,0.12219602867755655,1.0,-0.0,0,0
123,0.0,0.0712871287128713,0.11110305060677654,1.0,-0.0,0,0
124,0.0,0.057425742574257435,0.10277971700879983,1.0,-0.0,0,0
125,0.0,0.057425742574257435,0.10277971700879983,1.0,-0.0,0,0
126,0.0,0.057425742574257435,0.10277971700879983,1.0,-0.0,0,0
127,0.0,0.013861386138613863,0.05079507064705211,1.0,-0.0,0,0
128,0.0,0.02772277227722773,0.06910862719451544,1.0,-0.0,0,0
129,0.0,0.02772277227722773,0.06910862719451544,1.0,-0.0,0,0
130,0.0,0.02772277227722773,0.06910862719451544,1.0,-0.0,0,0
131,0.0,0.02772277227722773,0.06910862719451544,1.0,-0.0,0,0
132,0.0,0.02772277227722773,0.06910862719451544,1.0,-0.0,0,0
133,0.0,0.04356435643564357,0.08255312311158745,1.0,-0.0,0,0
134,0.0,0.04356435643564357,0.08255312311158745,1.0,-0.0,0,0
135,0.0,0.047524752475247525,0.08512548617902845,1.0,-0.0,0,0
136,0.0,0.047524752475247525,0.08512548617902845,1.0,-0.0,0,0
137,0.0,0.047524752475247525,0.08512548617902845,1.0,-0.0,0,0
138,0.0,0.057425742574257435,0.09885135821266285,1.0,-0.0,0,0
139,0.0,0.07326732673267328,0.1115960618107356,1.0,-0.0,0,0
140,0.0,0.06930693069306931,0.11057238501634628,1.0,-0.0,0,0
141,0.0,0.16633663366336632,0.18894036343566833,1.0,-0.0,0,0
142,0.0,0.16633663366336632,0.18894036343566833,1.0,-0.0,0,0
143,0.0,0.11089108910891088,0.14752142995793407,1.0,-0.0,0,0
144,0.0,0.09504950495049505,0.13078304733432375,1.0,-0.0,0,0
145,0.0,0.09504950495049505,0.13078304733432375,1.0,-0.0,0,0
146,0.2,0.025742574257425748,0.0669763743575753,0.0046371400013480064,2.3337497919853587,0,0
147,0.2,0.025742574257425748,0.0669763743575753,0.0046371400013480064,2.3337497919853587,0,0
148,0.2,0.025742574257425748,0.0669763743575753,0.0046371400013480064,2.3337497919853587,0,0
149,0.2,0.025742574257425748,0.0669763743575753,0.0046371400013480064,2.3337497919853587,0,0
150,0.2,0.025742574257425748,0.0669763743575753,0.0046371400013480064,2.3337497919853587,0,0
151,0.0,0.01386138613861386,0.050795070647052104,1.0,-0.0,0,0
152,0.0,0.01386138613861386,0.050795070647052104,1.0,-0.0,0,0
153,0.0,0.021782178217821784,0.062305476128919915,1.0,-0.0,0,0
154,0.0,0.021782178217821784,0.062305476128919915,1.0,-0.0,0,0
155,0.0,0.021782178217821784,0.062305476128919915,1.0,-0.0,0,0
156,0.0,0.007920792079207921,0.03900537743285587,1.0,-0.0,0,0
157,0.0,0.007920792079207921,0.03900537743285587,1.0,-0.0,0,0
158,0.0,0.0,0.0,1.0,-0.0,0,0
159,0.0,0.0,0.0,1.0,-0.0,0,0
160,0.0,0.0,0.0,1.0,-0.0,0,0
161,0.0,0.0,0.0,1.0,-0.0,0,0
162,0.0,0.0059405940594059415,0.03395332316729158,1.0,-0.0,0,0
163,0.0,0.0059405940594059415,0.03395332316729158,1.0,-0.0,0,0
164,0.0,0.017821782178217824,0.056980176514606566,1.0,-0.0,0,0
165,0.0,0.021782178217821784,0.06836703565002801,1.0,-0.0,0,0
166,0.0,0.021782178217821784,0.06836703565002801,1.0,-0.0,0,0
167,0.0,0.02772277227722773,0.06910862719451544,1.0,-0.0,0,0
168,0.0,0.049504950495049514,0.09504950495049506,1.0,-0.0,0,4
169,0.0,0.03762376237623763,0.08307396817189318,1.0,-0.0,0,0
170,0.0,0.05544554455445545,0.1094316980566186,1.0,-0.0,0,0
171,0.0,0.06732673267326733,0.12032045569079852,1.0,-0.0,0,0
172,0.0,0.05544554455445544,0.1094316980566186,1.0,-0.0,0,0
173,0.0,0.04356435643564357,0.08721867542790195,1.0,-0.0,0,0
174,0.0,0.05544554455445544,0.1019369320889802,1.0,-0.0,0,0
175,0.2,0.05544554455445545,0.1094316980566186,0.09325802196181344,1.0303138003353092,0,0
176,0.2,0.05544554455445545,0.10943169805661862,0.0932580219618135,1.030313800335309,0,0
177,0.2,0.05544554455445545,0.10943169805661862,0.0932580219618135,1.030313800335309,0,0
178,0.2,0.0594059405940594,0.11096178792967841,0.10256882529016816,0.9889846183837064,0,0
179,0.2,0.047524752475247525,0.09809478080396702,0.06004850186537825,1.2214978232271956,0,0
180,0.0,0.039603960396039604,0.08908690597387718,1.0,-0.0,0,0
181,0.0,0.027722772277227727,0.07461957893630407,1.0,-0.0,0,0
182,0.0,0.027722772277227727,0.07461957893630407,1.0,-0.0,0,0
183,0.0,0.021782178217821784,0.06230547612891991,1.0,-0.0,0,0
184,0.0,0.021782178217821784,0.06230547612891991,1.0,-0.0,0,0
185,0.0,0.025742574257425748,0.0669763743575753,1.0,-0.0,0,0
186,0.0,0.04554455445544555,0.08387254884969257,1.0,-0.0,0,0
187,0.0,0.04554455445544555,0.08387254884969257,1.0,-0.0,0,0
188,0.0,0.03762376237623763,0.07816140339006158,1.0,-0.0,0,0
189,0.0,0.03762376237623763,0.07816140339006158,1.0,-0.0,0,0
190,0.0,0.019801980198019802,0.059735061897023205,1.0,-0.0,0,0
191,0.0,0.017821782178217824,0.06950466841498709,1.0,-0.0,0,0
192,0.0,0.017821782178217824,0.06950466841498709,1.0,-0.0,0,0
193,0.0,0.017821782178217824,0.06950466841498709,1.0,-0.0,0,0
194,0.0,0.017821782178217824,0.06950466841498709,1.0,-0.0,0,0
195,0.0,0.017821782178217824,0.06950466841498709,1.0,-0.0,0,0
196,0.0,0.0,0.0,1.0,-0.0,0,0
197,0.0,0.007920792079207921,0.03900537743285587,1.0,-0.0,0,0
198,0.0,0.007920792079207921,0.03900537743285587,1.0,-0.0,0,0
199,0.0,0.007920792079207921,0.03900537743285587,1.0,-0.0,0,0
200,0.0,0.03762376237623763,0.09211646217515253,1.0,-0.0,0,0
201,0.0,0.05742574257425742,0.11021718851545144,1.0,-0.0,0,0
202,0.0,0.06732673267326733,0.1135467024699521,1.0,-0.0,0,0
203,0.0,0.06732673267326733,0.1135467024699521,1.0,-0.0,0,0
204,0.0,0.06732673267326733,0.1135467024699521,1.0,-0.0,0,0
205,0.0,0.03762376237623763,0.08307396817189318,1.0,-0.0,0,0
206,0.0,0.017821782178217824,0.0635517090529949,1.0,-0.0,0,0
207,0.0,0.0,0.0,1.0,-0.0,0,0
208,0.0,0.0,0.0,1.0,-0.0,0,0
209,0.0,0.0,0.0,1.0,-0.0,0,0
210,0.0,0.0,0.0,1.0,-0.0,0,0
211,0.0,0.01386138613861386,0.05079507064705211,1.0,-0.0,0,0
212,0.0,0.01386138613861386,0.05079507064705211,1.0,-0.0,0,0
213,0.0,0.019801980198019806,0.05973506189702319,1.0,-0.0,0,0
214,0.0,0.05940594059405942,0.11096178792967841,1.0,-0.0,0,0
215,0.0,0.05940594059405942,0.11096178792967841,1.0,-0.0,0,0
216,0.0,0.04554455445544554,0.09283729243351323,1.0,-0.0,0,0
217,0.0,0.04554455445544554,0.09283729243351323,1.0,-0.0,0,0
218,0.0,0.039603960396039604,0.08452453849668534,1.0,-0.0,0,0
219,0.0,0.0,0.0,1.0,-0.0,0,0
220,0.0,0.0,0.0,1.0,-0.0,0,0
221,0.0,0.0059405940594059415,0.03395332316729157,1.0,-0.0,0,0
222,0.0,0.0059405940594059415,0.03395332316729157,1.0,-0.0,0,0
223,0.0,0.0059405940594059415,0.03395332316729157,1.0,-0.0,0,0
224,0.0,0.039603960396039604,0.08908690597387718,1.0,-0.0,0,0
225,0.0,0.039603960396039604,0.08908690597387718,1.0,-0.0,0,0
226,0.0,0.033663366336633666,0.07994704648786673,1.0,-0.0,0,0
227,0.0,0.033663366336633666,0.07994704648786673,1.0,-0.0,0,0
228,0.0,0.04752475247524753,0.09809478080396702,1.0,-0.0,0,0
229,0.0,0.013861386138613863,0.05079507064705211,1.0,-0.0,0,0
230,0.0,0.039603960396039604,0.08452453849668534,1.0,-0.0,0,0
231,0.0,0.039603960396039604,0.08452453849668534,1.0,-0.0,0,0
232,0.0,0.039603960396039604,0.08452453849668534,1.0,-0.0,0,0
233,0.0,0.025742574257425748,0.0669763743575753,1.0,-0.0,0,0
234,0.0,0.041584158415841586,0.0987719913927915,1.0,-0.0,0,0
235,0.0,0.015841584158415842,0.05401260078014202,1.0,-0.0,0,0
236,0.0,0.015841584158415842,0.05401260078014202,1.0,-0.0,0,0
237,0.0,0.015841584158415842,0.05401260078014202,1.0,-0.0,0,0
238,0.0,0.08316831683168316,0.11351216354824961,1.0,-0.0,0,0
239,0.0,0.08712871287128712,0.127165103825761,1.0,-0.0,0,0
240,0.0,0.13465346534653463,0.1352926008121879,1.0,-0.0,0,0
241,0.0,0.13465346534653463,0.1352926008121879,1.0,-0.0,0,0
242,0.0,0.1564356435643564,0.1505211024869694,1.0,-0.0,0,0
243,0.0,0.19801980198019797,0.1856112183041662,1.0,-0.0,0,0
244,0.0,0.2099009900990099,0.19166025556535227,1.0,-0.0,0,0
245,0.0,0.1881188118811881,0.1884208102236084,1.0,-0.0,0,0
246,0.0,0.1881188118811881,0.1884208102236084,1.0,-0.0,0,0
247,0.0,0.16633663366336635,0.18036114909680317,1.0,-0.0,0,0
248,0.0,0.05544554455445545,0.10575073206193021,1.0,-0.0,0,0
249,0.0,0.023762376237623766,0.06471340450838889,1.0,-0.0,0,0
250,0.0,0.017821782178217824,0.05698017651460656,1.0,-0.0,0,0
251,0.0,0.017821782178217824,0.05698017651460656,1.0,-0.0,0,0
252,0.0,0.017821782178217824,0.05698017651460656,1.0,-0.0,0,0
253,0.0,0.04554455445544555,0.10100951085035129,1.0,-0.0,0,0
254,0.0,0.04554455445544555,0.10100951085035129,1.0,-0.0,0,0
255,0.0,0.027722772277227727,0.07975061610139514,1.0,-0.0,0,0
256,0.0,0.027722772277227727,0.07975061610139514,1.0,-0.0,0,0
257,0.0,0.027722772277227727,0.07975061610139514,1.0,-0.0,0,0
258,0.0,0.0,0.0,1.0,-0.0,0,0
259,0.0,0.0,0.0,1.0,-0.0,0,0
260,0.0,0.0,0.0,1.0,-0.0,0,0
261,0.0,0.0,0.0,1.0,-0.0,0,0
262,0.0,0.0,0.0,1.0,-0.0,0,0
263,0.0,0.019801980198019802,0.0597350618970232,1.0,-0.0,0,0
264,0.0,0.019801980198019802,0.0597350618970232,1.0,-0.0,0,0
265,0.0,0.0712871287128713,0.1213265242141813,1.0,-0.0,0,0
266,0.0,0.0712871287128713,0.1213265242141813,1.0,-0.0,0,0
267,0.2,0.11089108910891088,0.14481192315867106,0.26916432342576346,0.5699825045005109,0,0
268,0.2,0.09108910891089109,0.13650445892763632,0.21247705206165507,0.6726879677367636,0,0
269,0.2,0.09108910891089109,0.13650445892763632,0.21247705206165507,0.6726879677367636,0,0
270,0.2,0.039603960396039604,0.07970143286137867,0.022085672454221338,1.6558893730090938,0,0
271,0.2,0.039603960396039604,0.07970143286137867,0.022085672454221338,1.6558893730090938,0,0
272,0.0,0.0,0.0,1.0,-0.0,0,0
273,0.0,0.0,0.0,1.0,-0.0,0,0
274,0.0,0.019801980198019802,0.059735061897023205,1.0,-0.0,0,0
275,0.0,0.019801980198019802,0.059735061897023205,1.0,-0.0,0,0
276,0.0,0.019801980198019802,0.059735061897023205,1.0,-0.0,0,0
277,0.0,0.019801980198019802,0.059735061897023205,1.0,-0.0,0,0
278,0.0,0.019801980198019802,0.059735061897023205,1.0,-0.0,0,0
279,0.0,0.0,0.0,1.0,-0.0,0,0
280,0.0,0.011881188118811881,0.047276579747775535,1.0,-0.0,0,0
281,0.0,0.011881188118811881,0.047276579747775535,1.0,-0.0,0,0
282,0.0,0.021782178217821784,0.06230547612891991,1.0,-0.0,0,0
283,0.0,0.05940594059405942,0.0996808946427978,1.0,-0.0,0,0
284,0.0,0.07920792079207921,0.11285391563386142,1.0,-0.0,0,0
285,0.0,0.06732673267326733,0.11000352009767247,1.0,-0.0,0,0
286,0.0,0.06732673267326733,0.11000352009767247,1.0,-0.0,0,0
287,0.0,0.057425742574257435,0.10277971700879983,1.0,-0.0,0,0
288,0.0,0.051485148514851496,0.096075322540263,1.0,-0.0,0,0
289,0.0,0.031683168316831684,0.07826167463512675,1.0,-0.0,0,0
290,0.0,0.031683168316831684,0.07826167463512675,1.0,-0.0,0,0
291,0.0,0.031683168316831684,0.07826167463512675,1.0,-0.0,0,0
292,0.0,0.031683168316831684,0.07826167463512675,1.0,-0.0,0,0
293,0.0,0.04554455445544555,0.08387254884969257,1.0,-0.0,0,0
294,0.0,0.04554455445544555,0.08387254884969257,1.0,-0.0,0,0
295,0.0,0.04554455445544555,0.08387254884969257,1.0,-0.0,0,0
296,0.0,0.04554455445544555,0.08387254884969257,1.0,-0.0,0,0
297,0.0,0.04554455445544555,0.08387254884969257,1.0,-0.0,0,0
298,0.0,0.0,0.0,1.0,-0.0,0,0
299,0.0,0.0,0.0,1.0,-0.0,0,0
300,0.0,0.0,0.0,1.0,-0.0,0,0
301,0.0,0.0,0.0,1.0,-0.0,0,0
302,0.0,0.02772277227722773,0.07461957893630405,1.0,-0.0,0,0
303,0.0,0.02772277227722773,0.07461957893630405,1.0,-0.0,0,0
304,0.0,0.02772277227722773,0.07461957893630405,1.0,-0.0,0,0
305,0.0,0.03762376237623762,0.09211646217515253,1.0,-0.0,0,0
306,0.0,0.03762376237623762,0.09211646217515253,1.0,-0.0,0,0
307,0.0,0.033663366336633666,0.08475617647141663,1.0,-0.0,0,0
308,0.0,0.033663366336633666,0.08475617647141663,1.0,-0.0,0,0
309,0.0,0.08118811881188118,0.12951766673875514,1.0,-0.0,0,0
310,0.2,0.10099009900990097,0.14521752172118102,0.2476814172531363,0.6061065759218802,0,0
311,0.2,0.15049504950495046,0.16266576457752752,0.38043618913126476,0.41971817734855865,0,0
