,foreground,bg_means,bg_stdev,pvals,minus_logs,regs,active
2,0.0,0.10495049504950495,0.14513649268759365,1.0,-0.0,0,0
3,0.0,0.10495049504950495,0.14513649268759365,1.0,-0.0,0,0
4,0.0,0.10495049504950495,0.14513649268759365,1.0,-0.0,0,0
5,0.2,0.18217821782178217,0.18042635951740818,0.4606580884611949,0.3366212988782729,0,0
6,0.2,0.16633663366336632,0.17591471140208167,0.42412104966371267,0.37251017242136986,0,0
7,0.2,0.07524752475247526,0.10845991237726066,0.12502717670865526,0.9029955756978825,0,0
8,1.0,0.40198019801980206,0.29850458908849536,0.02256795674729524,1.646507759200661,0,0
9,1.0,0.40198019801980206,0.29850458908849536,0.02256795674729524,1.646507759200661,0,0
10,0.8,0.3247524752475248,0.28122995086965824,0.04552455393240531,1.34175430090139,0,0
11,0.8,0.3247524752475248,0.28122995086965824,0.04552455393240531,1.34175430090139,0,0
12,0.8,0.3247524752475248,0.28122995086965824,0.04552455393240531,1.34175430090139,0,0
13,0.0,0.0,0.0,1.0,-0.0,0,0
14,0.0,0.0,0.0,1.0,-0.0,0,0
15,0.0,0.0,0.0,1.0,-0.0,0,0
16,0.0,0.0,0.0,1.0,-0.0,0,0
17,0.0,0.0,0.0,1.0,-0.0,0,0
18,0.0,0.0,0.0,1.0,-0.0,0,0
19,2.4,0.5544554455445545,0.2936707769639725,1.645614364872123e-10,9.783671930259937,0,0
20,3.0,0.7762376237623763,0.35408465588746924,1.6894632756181776e-10,9.772251244178946,0,0
21,3.2,0.801980198019802,0.35207453025660107,4.842298518055362e-12,11.314948440679512,0,0
22,5.2,1.0891089108910892,0.4150393015146688,1.0000019833462029e-17,16.999999138644544,0,0
23,5.2,1.0891089108910892,0.4150393015146688,1.0000019833462029e-17,16.999999138644544,0,0
24,2.8,0.5366336633663366,0.296421820216463,1.1246237504342506e-14,13.948992749055655,0,0
25,2.2,0.31386138613861386,0.21846888577901466,1.2976623418700423e-17,16.886838298398192,0,0
26,2.0,0.2871287128712871,0.2095083194248961,1.571107729342966e-16,15.80379403478491,0,0
27,0.0,0.0,0.0,1.0,-0.0,0,0
28,0.2,0.16237623762376235,0.16818865241652334,0.4114954635871043,0.3856349481794096,0,0
29,1.8,0.6277227722772277,0.2828842998562942,1.706375297280437e-05,4.767925444673284,0,0
30,1.8,0.6277227722772277,0.2828842998562942,1.706375297280437e-05,4.767925444673284,0,0
31,2.0,0.7999999999999999,0.35038875157134075,0.00030766290658166716,3.5119248613670293,0,0
32,2.0,0.7999999999999999,0.35038875157134075,0.00030766290658166716,3.5119248613670293,0,0
33,1.8,0.6376237623762376,0.35789579908083,0.0005814920286648845,3.235456234384514,0,0
34,0.2,0.17227722772277224,0.1758255277657276,0.4373576109602965,0.3591633114175648,0,0
35,0.2,0.3188118811881188,0.24075494763209415,1.0,-0.0,0,0
36,0.0,0.14851485148514848,0.16567525277902487,1.0,-0.0,0,0
37,0.2,0.3584158415841584,0.2915534788613796,1.0,-0.0,0,0
38,0.2,0.3584158415841584,0.2915534788613796,1.0,-0.0,0,0
39,0.2,0.3584158415841584,0.2915534788613796,1.0,-0.0,0,0
40,0.2,0.2099009900990099,0.218684161461838,1.0,-0.0,0,0
41,0.2,0.3445544554455446,0.27877925101589013,1.0,-0.0,0,0
42,0.0,0.15247524752475247,0.1715359035858037,1.0,-0.0,0,0
43,0.0,0.15247524752475247,0.1715359035858037,1.0,-0.0,0,0
44,0.0,0.15247524752475247,0.1715359035858037,1.0,-0.0,0,0
45,0.0,0.15247524752475247,0.1715359035858037,1.0,-0.0,0,0
46,0.0,0.017821782178217824,0.05698017651460656,1.0,-0.0,0,0
47,0.0,0.0,0.0,1.0,-0.0,0,0
48,0.0,0.2792079207920792,0.22877929685601872,1.0,-0.0,0,0
49,0.0,0.5267326732673268,0.31050616266230446,1.0,-0.0,0,0
50,0.0,0.5267326732673268,0.31050616266230446,1.0,-0.0,0,0
51,0.0,0.5267326732673268,0.31050616266230446,1.0,-0.0,0,0
52,0.0,0.5267326732673268,0.31050616266230446,1.0,-0.0,0,0
53,0.0,0.25544554455445545,0.21455699121713326,1.0,-0.0,0,0
54,0.0,0.007920792079207921,0.03900537743285587,1.0,-0.0,0,0
55,0.0,0.049504950495049514,0.09504950495049506,1.0,-0.0,0,0
56,0.0,0.07722772277227724,0.10889288780093087,1.0,-0.0,0,0
57,0.0,0.07722772277227724,0.10889288780093087,1.0,-0.0,0,0
58,0.0,0.6930693069306932,0.3599387807525311,1.0,-0.0,0,0
59,0.0,0.6930693069306932,0.3599387807525311,1.0,-0.0,0,0
60,0.0,0.6574257425742575,0.3585853764567192,1.0,-0.0,0,0
61,0.0,0.6297029702970297,0.3485598530802079,1.0,-0.0,0,0
62,0.0,0.6297029702970297,0.3485598530802079,1.0,-0.0,0,0
63,0.0,0.0059405940594059415,0.033953323167291584,1.0,-0.0,0,0
64,0.0,0.0059405940594059415,0.033953323167291584,1.0,-0.0,0,0
65,0.0,0.0,0.0,1.0,-0.0,0,0
66,0.0,0.34257425742574266,0.2790885216229365,1.0,-0.0,0,0
67,0.0,0.34257425742574266,0.2790885216229365,1.0,-0.0,0,0
68,0.0,0.3623762376237625,0.2824403854206009,1.0,-0.0,0,0
69,0.0,0.3623762376237625,0.2824403854206009,1.0,-0.0,0,0
70,0.0,0.6435643564356436,0.3442356554052886,1.0,-0.0,0,0
71,0.0,0.6198019801980198,0.36749615798630153,1.0,-0.0,0,0
72,0.0,0.6772277227722773,0.37545515298729787,1.0,-0.0,0,0
73,0.2,0.7841584158415842,0.3957028271059845,1.0,-0.0,0,0
74,0.2,0.7841584158415842,0.3957028271059845,1.0,-0.0,0,0
75,0.6,0.5544554455445545,0.3352329624365859,0.44596620968595135,0.3506980460028143,0,0
76,0.6,0.33861386138613864,0.259080742424038,0.15651168861742326,0.8054532228939615,0,0
77,0.6,0.2811881188118812,0.23067394643047068,0.0834722162419529,1.078458055543048,0,0
78,0.4,0.1564356435643564,0.160701335170483,0.06480600256107845,1.188384766376,0,0
79,0.4,0.1564356435643564,0.160701335170483,0.06480600256107845,1.188384766376,0,0
80,0.0,0.10297029702970295,0.1308429983103508,1.0,-0.0,0,0
81,0.0,0.0,0.0,1.0,-0.0,0,0
82,0.0,0.0,0.0,1.0,-0.0,0,0
83,0.0,0.017821782178217824,0.05698017651460656,1.0,-0.0,0,0
84,0.0,0.017821782178217824,0.05698017651460656,1.0,-0.0,0,0
85,0.0,0.017821782178217824,0.05698017651460656,1.0,-0.0,0,0
86,0.0,0.017821782178217824,0.05698017651460656,1.0,-0.0,0,0
87,0.0,0.017821782178217824,0.05698017651460656,1.0,-0.0,0,0
88,0.0,0.0,0.0,1.0,-0.0,0,0
89,0.0,0.0,0.0,1.0,-0.0,0,0
90,0.0,0.0,0.0,1.0,-0.0,0,0
91,0.0,0.0,0.0,1.0,-0.0,0,0
92,0.0,0.0,0.0,1.0,-0.0,0,0
93,0.0,0.0,0.0,1.0,-0.0,0,0
94,0.0,0.011881188118811883,0.047276579747775535,1.0,-0.0,0,0
95,0.0,0.011881188118811883,0.047276579747775535,1.0,-0.0,0,0
96,0.2,0.1801980198019802,0.17235687245139755,0.4542663876843878,0.34268939654051206,0,0
97,0.2,0.18415841584158413,0.17504323271769956,0.4639445574865058,0.33353391560099993,0,0
98,0.2,0.25346534653465347,0.2159777933375997,1.0,-0.0,0,0
99,0.2,0.24158415841584152,0.21307151531852703,1.0,-0.0,0,0
100,0.2,0.27524752475247527,0.20843877016935872,1.0,-0.0,0,0
101,0.0,0.10693069306930691,0.13368903310588712,1.0,-0.0,0,0
102,0.8,0.4534653465346534,0.2923324963172889,0.11792715660275944,0.9283861728129034,0,0
103,0.8,0.3841584158415842,0.2665261205289702,0.05935297530812963,1.226557505394904,0,0
104,0.8,0.3841584158415842,0.2665261205289702,0.05935297530812963,1.226557505394904,0,0
105,0.8,0.3504950495049505,0.2616110643405466,0.04287839117108281,1.3677615180594298,0,0
106,1.0,0.6831683168316832,0.3650767739494872,0.19273837325600174,0.7150318108544826,0,0
107,0.8,0.6435643564356435,0.3204006902206871,0.3126863790404392,0.5048910366861252,0,0
108,1.4,0.9237623762376237,0.40860751577863713,0.1219055757148559,0.9139764301747565,0,0
109,1.4,0.9237623762376237,0.40860751577863713,0.1219055757148559,0.9139764301747565,0,0
110,1.4,0.9237623762376237,0.40860751577863713,0.1219055757148559,0.9139764301747565,0,0
111,1.2,0.5900990099009901,0.31763511991743026,0.02742068724210295,1.5619216647283878,0,0
112,0.6,0.2792079207920792,0.21814557392349168,0.07070760228184376,1.1505338895756982,0,0
113,0.0,0.015841584158415842,0.05401260078014202,1.0,-0.0,0,0
114,0.0,0.015841584158415842,0.05401260078014202,1.0,-0.0,0,0
115,0.0,0.049504950495049514,0.09912864166957489,1.0,-0.0,0,0
116,0.0,0.08316831683168316,0.12670172889541695,1.0,-0.0,0,0
117,0.0,0.08316831683168316,0.12670172889541695,1.0,-0.0,0,0
118,0.0,0.09108910891089106,0.13937555924568534,1.0,-0.0,0,0
119,0.0,0.09108910891089106,0.13937555924568534,1.0,-0.0,0,0
120,0.0,0.057425742574257435,0.10277971700879983,1.0,-0.0,0,0
121,0.0,0.06336633663366337,0.10120342446875752,1.0,-0.0,0,0
122,0.0,0.09306930693069305,0.12448501897427097,1.0,-0.0,0,0
123,0.0,0.06930693069306931,0.11409790329416186,1.0,-0.0,0,0
124,0.0,0.06930693069306931,0.11409790329416186,1.0,-0.0,0,0
125,0.0,0.06930693069306931,0.11409790329416186,1.0,-0.0,0,0
126,0.0,0.02970297029702971,0.07112192077650681,1.0,-0.0,0,0
127,0.0,0.0,0.0,1.0,-0.0,0,0
128,0.0,0.0,0.0,1.0,-0.0,0,0
129,0.0,0.0,0.0,1.0,-0.0,0,0
130,0.0,0.0,0.0,1.0,-0.0,0,0
131,0.0,0.0,0.0,1.0,-0.0,0,0
132,0.0,0.0,0.0,1.0,-0.0,0,0
133,0.0,0.08514851485148514,0.13886822488939993,1.0,-0.0,0,0
134,0.0,0.08514851485148514,0.13886822488939993,1.0,-0.0,0,0
135,0.0,0.08514851485148514,0.13886822488939993,1.0,-0.0,0,0
136,0.2,0.21188118811881188,0.2121493629977959,1.0,-0.0,0,0
137,0.2,0.21188118811881188,0.2121493629977959,1.0,-0.0,0,0
138,0.2,0.1267326732673267,0.139937106883602,0.30028769329745186,0.5224624661444331,0,0
139,0.2,0.1485148514851485,0.1558203213695525,0.3705437450570302,0.4311605134190579,0,0
140,0.2,0.1485148514851485,0.1558203213695525,0.3705437450570302,0.4311605134190579,0,0
141,0.0,0.021782178217821784,0.06230547612891991,1.0,-0.0,0,0
142,0.0,0.0297029702970297,0.07112192077650681,1.0,-0.0,0,0
143,0.0,0.06336633663366337,0.10874875419996817,1.0,-0.0,0,0
144,0.0,0.041584158415841586,0.09877199139279148,1.0,-0.0,0,0
145,0.4,0.5425742574257426,0.3607875145074294,1.0,-0.0,0,0
146,0.4,0.5425742574257426,0.3607875145074294,1.0,-0.0,0,0
147,0.4,0.5346534653465347,0.3538852651691406,1.0,-0.0,0,0
148,0.8,0.9207920792079208,0.3970975967232736,1.0,-0.0,0,0
149,0.8,0.9207920792079208,0.3970975967232736,1.0,-0.0,0,0
150,0.4,0.4396039603960396,0.25017981965484964,1.0,-0.0,0,0
151,0.4,0.4396039603960396,0.25017981965484964,1.0,-0.0,0,0
152,0.4,0.45544554455445546,0.26117603316907007,1.0,-0.0,0,0
153,0.0,0.08712871287128712,0.127165103825761,1.0,-0.0,0,0
154,0.0,0.09900990099009901,0.14246420394934614,1.0,-0.0,0,0
155,0.0,0.07722772277227724,0.11930590361498669,1.0,-0.0,0,0
156,0.0,0.07722772277227724,0.11930590361498669,1.0,-0.0,0,0
157,0.0,0.061386138613861385,0.10806149425459212,1.0,-0.0,0,0
158,0.0,0.011881188118811883,0.047276579747775535,1.0,-0.0,0,0
159,0.0,0.039603960396039604,0.09757374253271225,1.0,-0.0,0,0
160,0.0,0.039603960396039604,0.09757374253271225,1.0,-0.0,0,0
161,0.2,0.2198019801980198,0.2039315561653939,1.0,-0.0,0,0
162,0.2,0.2198019801980198,0.2039315561653939,1.0,-0.0,0,0
163,0.2,0.24950495049504953,0.2258641326353881,1.0,-0.0,0,0
164,0.2,0.2099009900990099,0.19574936009912708,1.0,-0.0,0,0
165,0.2,0.28118811881188116,0.212813715447571,1.0,-0.0,0,0
166,0.0,0.10099009900990097,0.12467387119760154,1.0,-0.0,0,0
167,0.0,0.10099009900990097,0.12467387119760154,1.0,-0.0,0,0
168,0.0,0.0712871287128713,0.10372911567294095,1.0,-0.0,0,0
169,0.0,0.0712871287128713,0.10372911567294095,1.0,-0.0,0,0
170,0.0,0.0,0.0,1.0,-0.0,0,0
171,0.0,0.0,0.0,1.0,-0.0,0,0
172,0.0,0.0,0.0,1.0,-0.0,0,0
173,0.0,0.0,0.0,1.0,-0.0,0,0
174,0.0,0.0,0.0,1.0,-0.0,0,0
175,0.0,0.0,0.0,1.0,-0.0,0,32
176,0.0,0.0,0.0,1.0,-0.0,0,0
177,0.0,0.0,0.0,1.0,-0.0,0,0
178,0.0,0.04752475247524753,0.08512548617902843,1.0,-0.0,0,0
179,0.0,0.04752475247524753,0.08512548617902843,1.0,-0.0,0,0
180,0.0,0.04752475247524753,0.08512548617902843,1.0,-0.0,0,0
181,0.0,0.1584158415841584,0.17192407185067915,1.0,-0.0,0,0
182,0.0,0.1584158415841584,0.17192407185067915,1.0,-0.0,0,0
183,0.0,0.1782178217821782,0.1732644978552662,1.0,-0.0,0,0
184,0.0,0.1782178217821782,0.1732644978552662,1.0,-0.0,0,0
185,0.0,0.20198019801980194,0.18129359046727286,1.0,-0.0,0,0
186,0.0,0.10297029702970295,0.14789308791950764,1.0,-0.0,0,0
187,0.0,0.12475247524752472,0.15376846462033406,1.0,-0.0,0,0
188,0.0,0.057425742574257435,0.09885135821266286,1.0,-0.0,0,0
189,0.0,0.09504950495049502,0.12771893462651168,1.0,-0.0,0,0
190,0.0,0.0712871287128713,0.11110305060677654,1.0,-0.0,0,0
191,0.0,0.35247524752475257,0.28996212091501333,1.0,-0.0,0,0
192,0.0,0.32871287128712884,0.28085323804342804,1.0,-0.0,0,0
193,0.0,0.3643564356435644,0.28755857205023916,1.0,-0.0,0,0
194,0.0,0.3247524752475249,0.2755394135771999,1.0,-0.0,0,0
195,0.0,0.3247524752475249,0.2755394135771999,1.0,-0.0,0,0
196,0.2,0.09900990099009899,0.1147490154015875,0.18940377200808534,0.7226113761987174,0,0
197,0.2,0.16237623762376235,0.16581719933036293,0.4102511265466175,0.3869502177037349,0,0
198,0.2,0.14653465346534655,0.1662423117767553,0.37387372660140206,0.4272750531473219,0,0
199,0.2,0.16633663366336635,0.1847005753086894,0.42768968511888783,0.3688712237903435,0,0
200,0.2,0.16633663366336635,0.1847005753086894,0.42768968511888783,0.3688712237903435,0,0
201,0.0,0.11683168316831682,0.14696218071508493,1.0,-0.0,0,0
202,0.0,0.05544554455445545,0.09384550979067556,1.0,-0.0,0,0
203,0.0,0.1603960396039604,0.17123847531982936,1.0,-0.0,0,0
204,0.0,0.1405940594059406,0.16055486574752068,1.0,-0.0,0,0
205,0.0,0.1405940594059406,0.16055486574752068,1.0,-0.0,0,0
206,0.0,0.12079207920792076,0.15176638618898788,1.0,-0.0,0,0
207,0.0,0.12079207920792076,0.15176638618898788,1.0,-0.0,0,0
208,0.0,0.0,0.0,1.0,-0.0,0,0
209,0.0,0.0,0.0,1.0,-0.0,0,0
210,0.0,0.0,0.0,1.0,-0.0,0,0
211,0.0,0.0,0.0,1.0,-0.0,0,0
212,0.2,0.2732673267326733,0.2264189969940339,1.0,-0.0,0,0
213,0.2,0.2732673267326733,0.2264189969940339,1.0,-0.0,0,0
214,0.2,0.2732673267326733,0.2264189969940339,1.0,-0.0,0,0
215,0.2,0.2732673267326733,0.2264189969940339,1.0,-0.0,0,0
216,0.2,0.2732673267326733,0.2264189969940339,1.0,-0.0,0,0
217,0.0,0.049504950495049514,0.09504950495049506,1.0,-0.0,0,32
218,0.0,0.049504950495049514,0.09504950495049506,1.0,-0.0,0,0
219,0.0,0.049504950495049514,0.09504950495049506,1.0,-0.0,0,0
220,0.2,0.3742574257425743,0.25742574257425743,1.0,-0.0,0,0
221,0.2,0.3742574257425743,0.25742574257425743,1.0,-0.0,0,0
222,0.2,0.3247524752475247,0.2402168742038931,1.0,-0.0,0,0
223,0.4,0.7207920792079208,0.33428417142304795,1.0,-0.0,0,0
224,0.4,0.7643564356435643,0.3428431383418479,1.0,-0.0,0,0
225,0.2,0.5861386138613861,0.34152532137842,1.0,-0.0,0,0
226,0.2,0.6356435643564357,0.35083610413344435,1.0,-0.0,0,0
227,0.2,0.6356435643564357,0.35083610413344435,1.0,-0.0,0,0
228,0.0,0.24158415841584158,0.18307998940714804,1.0,-0.0,0,0
229,0.0,0.19999999999999998,0.1665015683926963,1.0,-0.0,0,0
230,0.0,0.0891089108910891,0.12734998170941406,1.0,-0.0,0,0
231,0.2,0.23366336633663365,0.20112418099951873,1.0,-0.0,0,0
232,0.2,0.26534653465346536,0.21637684561818193,1.0,-0.0,0,0
233,0.2,0.2613861386138614,0.2120014463941426,1.0,-0.0,0,0
234,0.4,0.30891089108910885,0.22954928282989867,0.3457511246479096,0.4612363985575185,0,0
235,0.4,0.27326732673267323,0.20819406840872393,0.2713537822354082,0.5664641206755522,0,0
236,0.2,0.0792079207920792,0.13520562388207177,0.18582273897469348,0.7309011428343797,0,0
237,0.2,0.06930693069306931,0.11409790329416186,0.12601207675801535,0.8995878309298326,0,0
238,0.2,0.06930693069306931,0.11409790329416186,0.12601207675801535,0.8995878309298326,0,0
239,0.4,0.3722772277227722,0.2814808126627195,0.4607719910953755,0.33651392820121695,0,0
240,0.4,0.3722772277227722,0.2814808126627195,0.4607719910953755,0.33651392820121695,0,0
241,0.6,0.4178217821782178,0.29261404296341975,0.2667773955652736,0.5738509715964182,0,0
242,0.6,0.4811881188118812,0.30724353268000426,0.349488185591186,0.4565675009462803,0,0
243,0.6,0.4811881188118812,0.30724353268000426,0.349488185591186,0.4565675009462803,0,0
244,0.2,0.1306930693069307,0.16988206407546308,0.34164753662611314,0.4664217063141692,0,0
245,0.2,0.1306930693069307,0.16988206407546308,0.34164753662611314,0.4664217063141692,0,0
246,0.0,0.38019801980198026,0.23123422696229703,1.0,-0.0,0,0
247,0.0,0.29306930693069305,0.19813857823919193,1.0,-0.0,0,0
248,0.0,0.29306930693069305,0.19813857823919193,1.0,-0.0,0,0
249,0.0,0.32871287128712867,0.21356782198356852,1.0,-0.0,0,0
250,0.0,0.3544554455445545,0.2318777214780903,1.0,-0.0,0,0
251,0.0,0.0594059405940594,0.10357779667819421,1.0,-0.0,0,0
252,0.0,0.08712871287128712,0.127165103825761,1.0,-0.0,0,0
253,0.0,0.08712871287128712,0.127165103825761,1.0,-0.0,0,0
254,0.0,0.05346534653465347,0.09704990696905226,1.0,-0.0,0,0
255,0.0,0.05544554455445544,0.09797478714338996,1.0,-0.0,0,0
256,0.0,0.05544554455445544,0.09797478714338996,1.0,-0.0,0,0
257,0.0,0.02772277227722772,0.07461957893630405,1.0,-0.0,0,0
258,0.4,0.6158415841584158,0.3420186646714314,1.0,-0.0,0,0
259,0.4,0.6158415841584158,0.3420186646714314,1.0,-0.0,0,0
260,0.4,0.5881188118811882,0.3375177673982208,1.0,-0.0,0,0
261,0.4,0.5881188118811882,0.3375177673982208,1.0,-0.0,0,0
262,0.6,1.203960396039604,0.4675448391858776,1.0,-0.0,0,0
263,0.2,0.6158415841584158,0.37515216009141256,1.0,-0.0,0,0
264,0.2,0.6158415841584158,0.37515216009141256,1.0,-0.0,0,0
265,0.2,0.6158415841584158,0.37515216009141256,1.0,-0.0,0,0
266,0.2,0.6673267326732674,0.3830851599584793,1.0,-0.0,0,0
267,0.2,0.5049504950495048,0.31161547694242014,1.0,-0.0,0,0
268,0.2,0.5049504950495048,0.31161547694242014,1.0,-0.0,0,0
269,0.2,0.5049504950495048,0.31161547694242014,1.0,-0.0,0,0
270,0.2,0.5049504950495048,0.31161547694242014,1.0,-0.0,0,0
271,0.2,0.5128712871287128,0.3176844958107671,1.0,-0.0,0,0
272,0.0,0.15445544554455448,0.18854563356305173,1.0,-0.0,0,0
273,0.0,0.15445544554455448,0.18854563356305173,1.0,-0.0,0,0
274,0.0,0.15445544554455448,0.18854563356305173,1.0,-0.0,0,0
275,0.0,0.15445544554455448,0.18854563356305173,1.0,-0.0,0,0
276,0.0,0.0910891089108911,0.14494724878689189,1.0,-0.0,0,0
277,0.0,0.02772277227722773,0.06910862719451544,1.0,-0.0,0,0
278,0.0,0.13465346534653466,0.17144444215376922,1.0,-0.0,0,0
279,0.0,0.14158415841584154,0.17870121461668875,1.0,-0.0,0,0
280,0.0,0.14158415841584154,0.17870121461668875,1.0,-0.0,0,0
281,0.0,0.14158415841584154,0.17870121461668875,1.0,-0.0,0,0
282,0.0,0.11287128712871286,0.1744373508558039,1.0,-0.0,0,0
283,0.2,0.22376237623762374,0.19353333422369293,1.0,-0.0,0,0
284,0.2,0.2178217821782178,0.19108654387033375,1.0,-0.0,0,0
285,0.2,0.710891089108911,0.34866108543233415,1.0,-0.0,0,0
286,0.2,0.710891089108911,0.34866108543233415,1.0,-0.0,0,0
287,0.8,1.3603960396039603,0.48503938962651866,1.0,-0.0,0,0
288,0.6,1.166336633663366,0.44058404705499815,1.0,-0.0,0,0
289,0.6,1.166336633663366,0.44058404705499815,1.0,-0.0,0,0
290,0.6,0.6732673267326733,0.3772991798436295,1.0,-0.0,0,0
291,0.6,0.6732673267326733,0.3772991798436295,1.0,-0.0,0,0
292,0.0,0.023762376237623766,0.06471340450838887,1.0,-0.0,0,0
293,0.0,0.0,0.0,1.0,-0.0,0,0
294,0.0,0.0,0.0,1.0,-0.0,0,0
295,0.2,0.5346534653465347,0.308440871161464,1.0,-0.0,0,0
296,0.2,0.7425742574257426,0.34622333965444657,1.0,-0.0,0,0
297,0.2,0.7425742574257426,0.34622333965444657,1.0,-0.0,0,0
298,0.2,0.7425742574257426,0.34622333965444657,1.0,-0.0,0,0
299,0.2,0.8693069306930694,0.3684977730785448,1.0,-0.0,0,0
300,0.0,0.33663366336633666,0.22852205833136874,1.0,-0.0,0,0
301,0.0,0.29504950495049503,0.2364658255608424,1.0,-0.0,0,0
302,0.0,0.29504950495049503,0.2364658255608424,1.0,-0.0,0,0
303,0.0,0.29504950495049503,0.2364658255608424,1.0,-0.0,0,0
304,0.0,0.17227722772277226,0.18245781385805057,1.0,-0.0,0,0
305,0.0,0.17227722772277226,0.18245781385805057,1.0,-0.0,0,0
306,0.0,0.0039603960396039604,0.027863855998951064,1.0,-0.0,0,0
307,0.0,0.0039603960396039604,0.027863855998951064,1.0,-0.0,0,0
308,0.0,0.0039603960396039604,0.027863855998951064,1.0,-0.0,0,0
309,0.0,0.0,0.0,1.0,-0.0,0,0
310,0.0,0.0039603960396039604,0.027863855998951064,1.0,-0.0,0,0
311,0.0,0.0039603960396039604,0.027863855998951064,1.0,-0.0,0,0
312,0.0,0.0039603960396039604,0.027863855998951064,1.0,-0.0,0,0
313,0.0,0.021782178217821784,0.062305476128919915,1.0,-0.0,0,0
314,0.0,0.021782178217821784,0.062305476128919915,1.0,-0.0,0,0
315,0.0,0.017821782178217824,0.05698017651460656,1.0,-0.0,0,0
316,0.0,0.16435643564356434,0.17210643633774864,1.0,-0.0,0,0
317,0.0,0.16435643564356434,0.17210643633774864,1.0,-0.0,0,0
318,0.0,0.16831683168316833,0.17962044309621492,1.0,-0.0,0,0
319,0.0,0.16831683168316833,0.17962044309621492,1.0,-0.0,0,0
320,0.2,0.20198019801980197,0.18346510608951241,1.0,-0.0,0,0
321,0.2,0.05544554455445545,0.09384550979067555,0.06173814835066573,1.2094464000101814,0,0
322,0.2,0.6178217821782178,0.30584926061477735,1.0,-0.0,0,0
323,0.2,0.596039603960396,0.3017837374248331,1.0,-0.0,0,0
324,0.2,0.596039603960396,0.3017837374248331,1.0,-0.0,0,0
325,0.0,0.8821782178217821,0.3713491697340528,1.0,-0.0,0,0
326,0.0,0.8910891089108911,0.3760395518224772,1.0,-0.0,0,0
327,0.0,0.32772277227722774,0.23635801501874565,1.0,-0.0,0,0
328,0.0,0.4752475247524754,0.2840324694150159,1.0,-0.0,0,0
329,0.0,0.503960396039604,0.29312950947084027,1.0,-0.0,0,0
330,0.0,0.194059405940594,0.18764923153239024,1.0,-0.0,0,0
331,0.2,0.23762376237623759,0.22987361363851808,1.0,-0.0,0,0
332,0.2,0.25346534653465347,0.24192477205484933,1.0,-0.0,0,0
333,0.2,0.10495049504950495,0.15049504950495052,0.2638310233953919,0.5786741379130496,0,0
334,0.2,0.3465346534653466,0.20660593209144543,1.0,-0.0,0,0
335,0.2,0.34158415841584167,0.21492219487073483,1.0,-0.0,0,0
336,0.0,0.2891089108910891,0.1999509791899301,1.0,-0.0,0,0
337,0.0,0.2871287128712871,0.2095083194248961,1.0,-0.0,0,0
338,0.2,0.3465346534653465,0.21780377963410028,1.0,-0.0,0,0
339,0.4,0.09900990099009899,0.14521752172118102,0.019100827976240048,1.7189478066937127,0,0
340,0.4,0.09702970297029702,0.14789308791950764,0.020251774707576567,1.693536912600649,0,0
341,0.8,0.3584158415841584,0.2733247177501563,0.05309011734291574,1.2749863147544453,0,0
342,1.0,0.3999999999999999,0.29517573218556964,0.021042056100496698,1.6769118258552003,0,0
343,2.4,0.8079207920792079,0.4183141953165503,7.063298746117045e-05,4.150992424635667,0,0
344,2.2,0.7861386138613861,0.40419329337578064,0.0002343952517203826,3.6300511903182957,0,0
345,2.4,0.8099009900990098,0.40136029849368576,3.719738795726831e-05,4.429487555698028,0,0
346,2.0,0.5504950495049505,0.301029179328476,7.353942168411546e-07,6.133479789756591,0,0
347,1.8,0.5069306930693069,0.2663495156809564,6.025908651961859e-07,6.219977456175704,0,0
348,0.2,0.041584158415841586,0.08590499787518362,0.03258561123651815,1.4869741281544258,0,0
349,0.2,0.08514851485148514,0.12379009590564582,0.17675768599419261,0.7526216925958915,0,0
350,0.0,0.12079207920792079,0.1618683193480064,1.0,-0.0,0,0
351,0.0,0.1287128712871287,0.1630990913423683,1.0,-0.0,0,0
