,foreground,bg_means,bg_stdev,pvals,minus_logs,regs,active
2,0.0,0.0712871287128713,0.1213265242141813,1.0,-0.0,0,0
3,0.0,0.04752475247524753,0.10586191211583096,1.0,-0.0,0,0
4,0.0,0.04752475247524753,0.10586191211583096,1.0,-0.0,0,0
5,0.0,0.033663366336633666,0.08930671115865095,1.0,-0.0,0,0
6,0.0,0.0019801980198019802,0.0198019801980198,1.0,-0.0,0,0
7,0.0,0.0019801980198019802,0.0198019801980198,1.0,-0.0,0,0
8,0.0,0.0019801980198019802,0.0198019801980198,1.0,-0.0,0,0
9,0.0,0.007920792079207921,0.03900537743285587,1.0,-0.0,0,0
10,0.0,0.0059405940594059415,0.033953323167291584,1.0,-0.0,0,0
11,0.0,0.03564356435643565,0.07653920035678292,1.0,-0.0,0,0
12,0.0,0.0891089108910891,0.13636075485692528,1.0,-0.0,0,0
13,0.0,0.0891089108910891,0.13636075485692528,1.0,-0.0,0,0
14,0.0,0.08316831683168317,0.12978985828256584,1.0,-0.0,0,0
15,0.0,0.08316831683168317,0.12978985828256584,1.0,-0.0,0,0
16,0.0,0.05346534653465347,0.10104832334394513,1.0,-0.0,0,0
17,0.0,0.025742574257425745,0.0669763743575753,1.0,-0.0,0,0
18,0.0,0.025742574257425745,0.0669763743575753,1.0,-0.0,0,0
19,0.0,0.025742574257425745,0.0669763743575753,1.0,-0.0,0,0
20,0.0,0.0891089108910891,0.12097048989545554,1.0,-0.0,0,0
21,0.0,0.0891089108910891,0.12097048989545554,1.0,-0.0,0,0
22,0.0,0.06534653465346535,0.11641139371642828,1.0,-0.0,0,0
23,0.0,0.10297029702970295,0.14243667729389656,1.0,-0.0,0,0
24,0.0,0.10297029702970295,0.14243667729389656,1.0,-0.0,0,0
25,0.0,0.039603960396039604,0.09342674148186494,1.0,-0.0,1,0
26,0.0,0.039603960396039604,0.09342674148186494,1.0,-0.0,0,0
27,0.0,0.03762376237623763,0.09211646217515253,1.0,-0.0,0,0
28,0.0,0.0,0.0,1.0,-0.0,0,0
29,0.0,0.0,0.0,1.0,-0.0,0,0
30,0.0,0.0,0.0,1.0,-0.0,0,0
31,0.0,0.0,0.0,1.0,-0.0,0,0
32,0.0,0.0,0.0,1.0,-0.0,0,0
33,0.0,0.03564356435643565,0.08154954567118415,1.0,-0.0,0,0
34,0.0,0.03564356435643565,0.08154954567118415,1.0,-0.0,0,0
35,0.0,0.05346534653465347,0.10489443673781407,1.0,-0.0,0,0
36,0.0,0.05346534653465347,0.10489443673781407,1.0,-0.0,0,0
37,0.0,0.10297029702970298,0.1396285351588451,1.0,-0.0,0,0
38,0.0,0.06732673267326733,0.10634234916512914,1.0,-0.0,0,0
39,0.0,0.06732673267326733,0.10634234916512914,1.0,-0.0,0,0
40,0.0,0.04950495049504951,0.09078727434730813,1.0,-0.0,0,0
41,0.0,0.04950495049504951,0.09078727434730813,1.0,-0.0,0,0
42,0.0,0.0,0.0,1.0,-0.0,0,0
43,0.0,0.0,0.0,1.0,-0.0,0,0
44,0.0,0.0,0.0,1.0,-0.0,0,0
45,0.0,0.007920792079207921,0.03900537743285587,1.0,-0.0,0,0
46,0.0,0.033663366336633666,0.07994704648786674,1.0,-0.0,0,0
47,0.0,0.033663366336633666,0.07994704648786674,1.0,-0.0,0,0
48,0.0,0.08316831683168316,0.12028786177019754,1.0,-0.0,0,0
49,0.0,0.08316831683168316,0.12028786177019754,1.0,-0.0,0,0
50,0.0,0.08514851485148514,0.12054836637801523,1.0,-0.0,0,0
51,0.0,0.07920792079207921,0.12293186689242579,1.0,-0.0,0,0
52,0.0,0.09108910891089109,0.14218869759220787,1.0,-0.0,0,0
53,0.0,0.041584158415841586,0.09039772047931348,1.0,-0.0,0,0
54,0.0,0.041584158415841586,0.09039772047931348,1.0,-0.0,0,0
55,0.0,0.06930693069306931,0.11409790329416186,1.0,-0.0,0,0
56,0.0,0.04950495049504951,0.09504950495049506,1.0,-0.0,0,0
57,0.0,0.03762376237623763,0.08771182015980238,1.0,-0.0,0,0
58,0.0,0.03762376237623763,0.08771182015980238,1.0,-0.0,0,0
59,0.0,0.03762376237623763,0.08771182015980238,1.0,-0.0,0,0
60,0.0,0.0,0.0,1.0,-0.0,0,0
61,0.0,0.0,0.0,1.0,-0.0,0,0
62,0.0,0.0,0.0,1.0,-0.0,0,0
63,0.0,0.0,0.0,1.0,-0.0,0,0
64,0.0,0.0,0.0,1.0,-0.0,0,0
65,0.0,0.0,0.0,1.0,-0.0,0,0
66,0.0,0.0039603960396039604,0.027863855998951064,1.0,-0.0,0,0
67,0.0,0.0039603960396039604,0.027863855998951064,1.0,-0.0,0,0
68,0.0,0.0039603960396039604,0.027863855998951064,1.0,-0.0,0,0
69,0.0,0.01386138613861386,0.05079507064705211,1.0,-0.0,0,0
70,0.0,0.033663366336633666,0.07482947971362847,1.0,-0.0,0,0
71,0.0,0.03564356435643565,0.07653920035678292,1.0,-0.0,0,0
72,0.0,0.03564356435643565,0.07653920035678292,1.0,-0.0,0,0
73,0.0,0.03564356435643565,0.07653920035678292,1.0,-0.0,0,0
74,0.0,0.025742574257425748,0.06697637435757531,1.0,-0.0,0,0
75,0.0,0.0059405940594059415,0.033953323167291584,1.0,-0.0,0,0
76,0.0,0.011881188118811881,0.047276579747775535,1.0,-0.0,0,0
77,0.0,0.011881188118811881,0.047276579747775535,1.0,-0.0,0,0
78,0.0,0.011881188118811881,0.047276579747775535,1.0,-0.0,0,0
79,0.0,0.0297029702970297,0.07112192077650681,1.0,-0.0,0,0
80,0.0,0.0297029702970297,0.07112192077650681,1.0,-0.0,0,0
81,0.0,0.05148514851485149,0.096075322540263,1.0,-0.0,0,0
82,0.0,0.05148514851485149,0.096075322540263,1.0,-0.0,0,0
83,0.0,0.05148514851485149,0.096075322540263,1.0,-0.0,0,0
84,0.0,0.033663366336633666,0.07482947971362847,1.0,-0.0,0,0
85,0.0,0.041584158415841586,0.08116396646304633,1.0,-0.0,0,0
86,0.0,0.015841584158415842,0.05401260078014202,1.0,-0.0,0,0
87,0.0,0.015841584158415842,0.05401260078014202,1.0,-0.0,0,0
88,0.0,0.03564356435643565,0.08626938974571076,1.0,-0.0,0,0
89,0.0,0.03564356435643565,0.08626938974571076,1.0,-0.0,0,0
90,0.0,0.05544554455445544,0.11299281281336322,1.0,-0.0,0,0
91,0.0,0.04752475247524753,0.10953914206684617,1.0,-0.0,0,0
92,0.0,0.04752475247524753,0.10953914206684617,1.0,-0.0,0,0
93,0.0,0.03564356435643565,0.09908907725304397,1.0,-0.0,0,0
94,0.0,0.03564356435643565,0.09908907725304397,1.0,-0.0,0,0
95,0.0,0.05544554455445545,0.10575073206193021,1.0,-0.0,0,0
96,0.0,0.07524752475247526,0.1345369326848557,1.0,-0.0,0,0
97,0.0,0.08316831683168317,0.13864214704328154,1.0,-0.0,0,0
98,0.0,0.07524752475247526,0.12851469892742934,1.0,-0.0,0,0
99,0.0,0.07722772277227723,0.12888031758632065,1.0,-0.0,0,0
100,0.0,0.03762376237623763,0.07816140339006158,1.0,-0.0,0,0
101,0.0,0.017821782178217824,0.05698017651460656,1.0,-0.0,0,0
102,0.0,0.019801980198019802,0.059735061897023205,1.0,-0.0,0,0
103,0.0,0.09108910891089106,0.11781762202489916,1.0,-0.0,0,0
104,0.0,0.08910891089108908,0.11765109526742928,1.0,-0.0,0,0
105,0.0,0.08118811881188118,0.11664694237642095,1.0,-0.0,0,0
106,0.0,0.13465346534653466,0.14653465346534655,1.0,-0.0,0,0
107,0.0,0.12475247524752475,0.13744913773527348,1.0,-0.0,0,0
108,0.0,0.07722772277227723,0.10889288780093087,1.0,-0.0,0,0
109,0.0,0.07722772277227723,0.10889288780093087,1.0,-0.0,0,0
110,0.0,0.07722772277227723,0.10889288780093087,1.0,-0.0,0,0
111,0.0,0.06534653465346535,0.1164113937164283,1.0,-0.0,0,0
112,0.0,0.06534653465346535,0.1164113937164283,1.0,-0.0,0,0
113,0.0,0.039603960396039604,0.09342674148186496,1.0,-0.0,0,0
114,0.0,0.039603960396039604,0.09342674148186496,1.0,-0.0,0,0
115,0.0,0.06336633663366337,0.11233152161332939,1.0,-0.0,0,0
116,0.0,0.023762376237623766,0.07056843438101174,1.0,-0.0,0,0
117,0.0,0.023762376237623766,0.07056843438101174,1.0,-0.0,1,0
118,0.0,0.023762376237623766,0.07056843438101174,1.0,-0.0,0,0
119,0.0,0.023762376237623766,0.07056843438101174,1.0,-0.0,0,0
120,0.0,0.0,0.0,1.0,-0.0,0,0
121,0.0,0.0,0.0,1.0,-0.0,0,0
122,0.0,0.0,0.0,1.0,-0.0,0,0
123,0.0,0.0,0.0,1.0,-0.0,0,0
124,0.0,0.0,0.0,1.0,-0.0,0,0
125,0.0,0.0,0.0,1.0,-0.0,0,0
126,0.0,0.0,0.0,1.0,-0.0,0,0
127,0.0,0.0,0.0,1.0,-0.0,0,0
128,0.0,0.011881188118811883,0.04727657974777555,1.0,-0.0,0,0
129,0.0,0.011881188118811883,0.04727657974777555,1.0,-0.0,0,0
130,0.0,0.011881188118811883,0.04727657974777555,1.0,-0.0,0,0
131,0.0,0.011881188118811883,0.04727657974777555,1.0,-0.0,0,0
132,0.0,0.011881188118811883,0.04727657974777555,1.0,-0.0,0,0
133,0.0,0.0,0.0,1.0,-0.0,0,0
134,0.0,0.0,0.0,1.0,-0.0,0,0
135,0.0,0.0019801980198019802,0.019801980198019802,1.0,-0.0,0,0
136,0.0,0.0019801980198019802,0.019801980198019802,1.0,-0.0,0,0
137,0.0,0.009900990099009901,0.04338396495090424,1.0,-0.0,0,0
138,0.0,0.027722772277227727,0.06910862719451544,1.0,-0.0,0,0
139,0.0,0.027722772277227727,0.06910862719451544,1.0,-0.0,0,0
140,0.0,0.025742574257425748,0.0669763743575753,1.0,-0.0,0,0
141,0.2,0.06930693069306931,0.11057238501634628,0.11860911207080789,0.9258819452883051,0,0
142,0.2,0.07920792079207922,0.11631029826208643,0.14951099756241426,0.8253268608177715,0,0
143,0.4,0.07920792079207921,0.10928827506175547,0.0016662149175581617,2.778268981626877,1,0
144,0.4,0.07920792079207921,0.10928827506175547,0.0016662149175581617,2.778268981626877,0,0
145,0.4,0.07920792079207921,0.10928827506175547,0.0016662149175581617,2.778268981626877,0,0
146,0.2,0.03564356435643565,0.07653920035678292,0.015882722457572503,1.7990750531077893,0,0
147,0.2,0.07722772277227724,0.12258049537063101,0.15827697765574333,0.80058225130445,0,0
148,0.0,0.0594059405940594,0.10733330877518932,1.0,-0.0,0,0
149,0.0,0.08514851485148514,0.12694907267187808,1.0,-0.0,1,0
150,0.2,0.10891089108910891,0.13937555924568534,0.2567003926389666,0.5905734670480496,0,0
151,0.4,0.1277227722772277,0.1476675500000171,0.032602296627120664,1.4867518055347007,1,0
152,0.4,0.09900990099009899,0.13679141417164786,0.01389074833225229,1.8572743570115984,0,0
153,0.4,0.09900990099009899,0.13679141417164786,0.01389074833225229,1.8572743570115984,0,0
154,0.4,0.08910891089108909,0.13636075485692528,0.01130633060330483,1.9466783196815078,0,0
155,0.2,0.06534653465346535,0.11641139371642828,0.12369676173807938,0.9076416696327345,0,0
156,0.0,0.047524752475247525,0.10586191211583096,1.0,-0.0,0,0
157,0.0,0.023762376237623766,0.07056843438101175,1.0,-0.0,0,0
158,0.0,0.039603960396039604,0.08452453849668534,1.0,-0.0,0,0
159,0.0,0.023762376237623766,0.06471340450838889,1.0,-0.0,0,0
160,0.0,0.023762376237623766,0.06471340450838889,1.0,-0.0,0,0
161,0.0,0.023762376237623766,0.06471340450838889,1.0,-0.0,0,0
162,0.0,0.015841584158415842,0.05401260078014202,1.0,-0.0,0,0
163,0.0,0.011881188118811881,0.047276579747775535,1.0,-0.0,0,0
164,0.0,0.011881188118811881,0.047276579747775535,1.0,-0.0,0,0
165,0.0,0.011881188118811881,0.047276579747775535,1.0,-0.0,0,0
166,0.0,0.08316831683168316,0.1135121635482496,1.0,-0.0,0,0
167,0.0,0.08316831683168316,0.1135121635482496,1.0,-0.0,0,0
168,0.0,0.07326732673267326,0.10425700262248065,1.0,-0.0,0,0
169,0.2,0.10495049504950495,0.1367053908443026,0.2434376750920733,0.6136122082817695,0,0
170,0.2,0.15049504950495052,0.17212921831366917,0.3868251663882406,0.41248527898407106,0,0
171,0.4,0.09900990099009903,0.14791959918402456,0.02093437820294829,1.6791399340819848,0,0
172,0.4,0.09900990099009903,0.14791959918402456,0.02093437820294829,1.6791399340819848,0,0
173,0.4,0.09702970297029703,0.1451905170679078,0.018457242818042053,1.7338331742929192,0,0
174,0.2,0.0712871287128713,0.1213265242141813,0.1443722417000341,0.8405163000860171,0,0
175,0.2,0.02772277227722772,0.07461957893630407,0.010478998804251384,1.9796802091996195,0,0
176,0.0,0.021782178217821784,0.06230547612891991,1.0,-0.0,0,0
177,0.2,0.06732673267326733,0.11000352009767247,0.11389293410569636,0.9435032186258506,0,0
178,0.2,0.07326732673267328,0.11509022642946842,0.13541366575877595,0.8683375050442039,0,0
179,0.2,0.08118811881188118,0.11664694237642094,0.1542060090621744,0.8118987024738039,0,0
180,0.2,0.08118811881188118,0.11664694237642094,0.1542060090621744,0.8118987024738039,0,0
181,0.2,0.06534653465346536,0.10939585993610405,0.10918337986089162,0.9618434658808062,0,0
182,0.0,0.019801980198019802,0.0597350618970232,1.0,-0.0,0,0
183,0.0,0.01386138613861386,0.05079507064705211,1.0,-0.0,0,0
184,0.0,0.0,0.0,1.0,-0.0,0,0
185,0.0,0.0,0.0,1.0,-0.0,0,0
186,0.0,0.0,0.0,1.0,-0.0,0,0
187,0.0,0.0,0.0,1.0,-0.0,0,0
188,0.0,0.0,0.0,1.0,-0.0,0,0
189,0.0,0.0,0.0,1.0,-0.0,0,0
190,0.0,0.009900990099009901,0.04338396495090424,1.0,-0.0,0,0
191,0.0,0.009900990099009901,0.04338396495090424,1.0,-0.0,0,0
192,0.0,0.009900990099009901,0.04338396495090424,1.0,-0.0,0,0
193,0.0,0.009900990099009901,0.04338396495090424,1.0,-0.0,0,0
194,0.0,0.009900990099009901,0.04338396495090424,1.0,-0.0,0,0
195,0.0,0.0,0.0,1.0,-0.0,0,0
196,0.0,0.0,0.0,1.0,-0.0,0,0
197,0.0,0.0,0.0,1.0,-0.0,0,0
198,0.0,0.007920792079207921,0.03900537743285587,1.0,-0.0,0,0
199,0.0,0.007920792079207921,0.03900537743285587,1.0,-0.0,0,0
200,0.0,0.007920792079207921,0.03900537743285587,1.0,-0.0,0,0
201,0.0,0.033663366336633666,0.07482947971362847,1.0,-0.0,0,0
202,0.0,0.039603960396039604,0.07970143286137865,1.0,-0.0,0,0
203,0.0,0.031683168316831684,0.0730260947112308,1.0,-0.0,0,0
204,0.0,0.05544554455445545,0.09797478714338996,1.0,-0.0,0,0
205,0.0,0.06336633663366337,0.10504385908811757,1.0,-0.0,0,0
206,0.0,0.03762376237623763,0.08307396817189318,1.0,-0.0,0,0
207,0.0,0.06732673267326733,0.10634234916512914,1.0,-0.0,0,0
208,0.0,0.07524752475247524,0.1189108498693262,1.0,-0.0,0,0
209,0.0,0.05148514851485149,0.10773441987117181,1.0,-0.0,0,0
210,0.0,0.0613861386138614,0.11515834731523734,1.0,-0.0,0,0
211,0.0,0.0613861386138614,0.11515834731523734,1.0,-0.0,0,0
212,0.0,0.025742574257425748,0.06697637435757531,1.0,-0.0,0,0
213,0.0,0.017821782178217824,0.056980176514606566,1.0,-0.0,0,0
214,0.0,0.03564356435643565,0.07653920035678292,1.0,-0.0,0,0
215,0.0,0.017821782178217824,0.05698017651460656,1.0,-0.0,0,0
216,0.2,0.039603960396039604,0.08908690597387718,0.0358952311958159,1.4449632450960652,0,0
217,0.2,0.06732673267326733,0.10634234916512914,0.10608783743468066,0.9743344034481476,0,0
218,0.2,0.06732673267326733,0.10634234916512914,0.10608783743468066,0.9743344034481476,0,0
219,0.2,0.06732673267326733,0.12032045569079852,0.13508613344131226,0.8693892289128149,1,0
220,0.2,0.06732673267326733,0.12032045569079852,0.13508613344131226,0.8693892289128149,0,0
221,0.0,0.04554455445544555,0.09700949476369022,1.0,-0.0,0,0
222,0.0,0.021782178217821784,0.06230547612891991,1.0,-0.0,0,0
223,0.0,0.02970297029702971,0.07112192077650681,1.0,-0.0,0,0
224,0.0,0.013861386138613863,0.058070805143030424,1.0,-0.0,0,0
225,0.0,0.03762376237623763,0.09211646217515253,1.0,-0.0,0,0
226,0.0,0.03762376237623763,0.09211646217515253,1.0,-0.0,0,0
227,0.0,0.033663366336633666,0.08475617647141663,1.0,-0.0,0,0
228,0.0,0.025742574257425745,0.07791016068477624,1.0,-0.0,0,0
229,0.0,0.05544554455445545,0.1019369320889802,1.0,-0.0,0,0
230,0.0,0.031683168316831684,0.07826167463512675,1.0,-0.0,0,0
231,0.0,0.031683168316831684,0.07826167463512675,1.0,-0.0,0,0
232,0.0,0.031683168316831684,0.07826167463512675,1.0,-0.0,0,0
233,0.0,0.031683168316831684,0.07826167463512675,1.0,-0.0,0,0
234,0.0,0.0,0.0,1.0,-0.0,0,0
235,0.0,0.0,0.0,1.0,-0.0,0,0
236,0.0,0.0,0.0,1.0,-0.0,0,0
237,0.0,0.0,0.0,1.0,-0.0,0,0
238,0.0,0.0,0.0,1.0,-0.0,0,0
239,0.0,0.0,0.0,1.0,-0.0,0,0
240,0.0,0.025742574257425748,0.0669763743575753,1.0,-0.0,0,0
241,0.4,0.07920792079207921,0.11631029826208643,0.0029071769637802735,2.5365285313344548,0,0
242,0.4,0.09306930693069305,0.12762679639066946,0.00808827064841771,2.0921443248814775,0,0
243,0.6,0.15841584158415842,0.18090385101871284,0.00732356749010339,2.135277311859134,0,0
244,0.6,0.17029702970297028,0.1896033141162111,0.011715707291757254,1.9312314873798755,0,0
245,0.6,0.17029702970297028,0.1697666158364579,0.005684632670363483,2.245297593313678,0,0
246,0.2,0.13465346534653463,0.15443005630372467,0.33609419630453163,0.4735389868898758,0,0
247,0.2,0.13069306930693064,0.13912212332871524,0.30918094124488193,0.5097872850230735,0,0
248,0.0,0.06534653465346536,0.09793475658517417,1.0,-0.0,0,0
249,0.0,0.05346534653465347,0.09287951999650357,1.0,-0.0,0,0
250,0.0,0.027722772277227727,0.06910862719451544,1.0,-0.0,0,0
251,0.0,0.009900990099009901,0.04338396495090424,1.0,-0.0,0,0
252,0.0,0.0,0.0,1.0,-0.0,0,0
253,0.0,0.0,0.0,1.0,-0.0,0,0
254,0.0,0.01386138613861386,0.05079507064705211,1.0,-0.0,0,0
255,0.0,0.01386138613861386,0.05079507064705211,1.0,-0.0,0,0
256,0.0,0.01386138613861386,0.05079507064705211,1.0,-0.0,0,0
257,0.0,0.01386138613861386,0.05079507064705211,1.0,-0.0,0,0
258,0.0,0.01386138613861386,0.05079507064705211,1.0,-0.0,0,0
259,0.0,0.0,0.0,1.0,-0.0,0,0
260,0.0,0.011881188118811883,0.047276579747775535,1.0,-0.0,0,0
261,0.0,0.011881188118811883,0.047276579747775535,1.0,-0.0,0,0
262,0.2,0.08514851485148514,0.10660014917778038,0.1406497874212685,0.851860919892949,0,0
263,0.2,0.13069306930693067,0.13330718954223236,0.30156527079660467,0.5206186746386289,0,0
264,0.2,0.17227722772277224,0.16174715133989812,0.43195630312246536,0.36456018437174004,0,0
265,0.2,0.1603960396039604,0.15674865288842216,0.40026586048382273,0.3976514502040848,1,0
266,0.2,0.1603960396039604,0.15674865288842216,0.40026586048382273,0.3976514502040848,0,0
267,0.0,0.1108910891089109,0.16038381569359675,1.0,-0.0,0,0
268,0.0,0.07722772277227724,0.13191745702927898,1.0,-0.0,0,0
269,0.2,0.04356435643564357,0.09164702150816742,0.043916930442951946,1.3573680223438191,0,0
270,0.2,0.04356435643564357,0.09164702150816742,0.043916930442951946,1.3573680223438191,0,0
271,0.2,0.04356435643564357,0.09164702150816742,0.043916930442951946,1.3573680223438191,0,0
272,0.2,0.017821782178217824,0.056980176514606566,0.0006937928196726553,3.15877019915046,0,0
273,0.2,0.023762376237623766,0.06471340450838887,0.003231121245907738,2.4906467450338194,0,0
274,0.0,0.015841584158415842,0.05401260078014202,1.0,-0.0,0,0
275,0.0,0.04554455445544555,0.08846854615322249,1.0,-0.0,0,0
276,0.0,0.04554455445544555,0.08846854615322249,1.0,-0.0,0,0
277,0.0,0.04554455445544555,0.08846854615322249,1.0,-0.0,0,0
278,0.0,0.03762376237623763,0.07816140339006158,1.0,-0.0,0,0
279,0.2,0.057425742574257435,0.09885135821266286,0.07460753442729876,1.127217312004932,0,0
280,0.4,0.04554455445544555,0.09283729243351321,6.726114370462065e-05,4.172235752240195,0,0
281,0.4,0.04554455445544555,0.09283729243351321,6.726114370462065e-05,4.172235752240195,0,0
282,0.4,0.04554455445544555,0.09283729243351321,6.726114370462065e-05,4.172235752240195,0,0
283,0.4,0.041584158415841586,0.08590499787518362,1.5081313231807476e-05,4.821560839865747,0,0
284,0.2,0.025742574257425748,0.06697637435757531,0.004637140001348011,2.3337497919853583,0,0
285,0.0,0.007920792079207921,0.03900537743285587,1.0,-0.0,0,0
286,0.0,0.007920792079207921,0.03900537743285587,1.0,-0.0,0,0
287,0.0,0.007920792079207921,0.03900537743285587,1.0,-0.0,0,0
288,0.0,0.0039603960396039604,0.027863855998951064,1.0,-0.0,0,0
289,0.0,0.0,0.0,1.0,-0.0,0,0
290,0.0,0.0,0.0,1.0,-0.0,0,0
291,0.0,0.0,0.0,1.0,-0.0,0,0
292,0.0,0.0,0.0,1.0,-0.0,0,0
293,0.0,0.0,0.0,1.0,-0.0,0,0
294,0.0,0.0,0.0,1.0,-0.0,0,0
295,0.0,0.0,0.0,1.0,-0.0,0,0
296,0.0,0.0039603960396039604,0.02786385599895107,1.0,-0.0,0,0
297,0.0,0.0039603960396039604,0.02786385599895107,1.0,-0.0,0,0
298,0.0,0.0039603960396039604,0.02786385599895107,1.0,-0.0,0,0
299,0.0,0.0039603960396039604,0.02786385599895107,1.0,-0.0,0,0
300,0.0,0.0039603960396039604,0.02786385599895107,1.0,-0.0,0,0
301,0.0,0.0039603960396039604,0.02786385599895106,1.0,-0.0,0,0
302,0.0,0.0039603960396039604,0.02786385599895106,1.0,-0.0,0,0
303,0.0,0.0039603960396039604,0.02786385599895106,1.0,-0.0,0,0
304,0.0,0.0039603960396039604,0.02786385599895106,1.0,-0.0,0,0
305,0.0,0.009900990099009901,0.04338396495090424,1.0,-0.0,0,0
306,0.0,0.0059405940594059415,0.03395332316729158,1.0,-0.0,0,0
307,0.0,0.0059405940594059415,0.03395332316729158,1.0,-0.0,0,0
308,0.0,0.0059405940594059415,0.03395332316729158,1.0,-0.0,0,0
309,0.0,0.0059405940594059415,0.03395332316729158,1.0,-0.0,0,0
310,0.0,0.0,0.0,1.0,-0.0,0,0
311,0.0,0.0,0.0,1.0,-0.0,0,0
312,0.0,0.0,0.0,1.0,-0.0,0,0
313,0.0,0.0,0.0,1.0,-0.0,0,0
314,0.0,0.0,0.0,1.0,-0.0,0,0
315,0.0,0.0,0.0,1.0,-0.0,0,0
316,0.0,0.0,0.0,1.0,-0.0,0,0
317,0.0,0.0,0.0,1.0,-0.0,0,0
318,0.0,0.0,0.0,1.0,-0.0,0,0
319,0.0,0.0,0.0,1.0,-0.0,0,0
320,0.0,0.0,0.0,1.0,-0.0,0,0
321,0.0,0.0,0.0,1.0,-0.0,0,0
322,0.0,0.0039603960396039604,0.027863855998951064,1.0,-0.0,0,0
323,0.0,0.0039603960396039604,0.027863855998951064,1.0,-0.0,0,0
324,0.0,0.013861386138613863,0.05079507064705211,1.0,-0.0,0,0
325,0.0,0.013861386138613863,0.05079507064705211,1.0,-0.0,0,0
326,0.0,0.013861386138613863,0.05079507064705211,1.0,-0.0,0,0
327,0.0,0.009900990099009901,0.04338396495090424,1.0,-0.0,0,0
328,0.0,0.009900990099009901,0.04338396495090424,1.0,-0.0,0,0
329,0.0,0.0,0.0,1.0,-0.0,0,0
330,0.0,0.0,0.0,1.0,-0.0,0,0
331,0.0,0.0019801980198019802,0.019801980198019802,1.0,-0.0,0,0
332,0.0,0.0019801980198019802,0.019801980198019802,1.0,-0.0,0,0
333,0.0,0.0059405940594059415,0.03395332316729158,1.0,-0.0,0,0
334,0.0,0.009900990099009901,0.04338396495090424,1.0,-0.0,0,0
335,0.0,0.009900990099009901,0.04338396495090424,1.0,-0.0,0,0
336,0.0,0.011881188118811881,0.047276579747775535,1.0,-0.0,0,0
337,0.0,0.04752475247524753,0.09397077637785879,1.0,-0.0,0,0
338,0.0,0.04356435643564357,0.09164702150816742,1.0,-0.0,0,0
339,0.0,0.039603960396039604,0.08452453849668534,1.0,-0.0,0,0
340,0.0,0.039603960396039604,0.08452453849668534,1.0,-0.0,0,0
341,0.0,0.03564356435643565,0.08154954567118416,1.0,-0.0,0,0
342,0.0,0.0019801980198019802,0.0198019801980198,1.0,-0.0,0,0
343,0.0,0.0039603960396039604,0.02786385599895107,1.0,-0.0,0,0
344,0.0,0.0059405940594059415,0.033953323167291584,1.0,-0.0,0,0
345,0.0,0.0059405940594059415,0.033953323167291584,1.0,-0.0,0,0
346,0.0,0.0059405940594059415,0.033953323167291584,1.0,-0.0,0,0
347,0.0,0.0039603960396039604,0.02786385599895107,1.0,-0.0,0,0
348,0.0,0.0019801980198019802,0.0198019801980198,1.0,-0.0,0,0
349,0.0,0.0,0.0,1.0,-0.0,0,0
350,0.0,0.0,0.0,1.0,-0.0,0,0
351,0.0,0.0,0.0,1.0,-0.0,0,0
352,0.0,0.0,0.0,1.0,-0.0,0,0
353,0.0,0.007920792079207921,0.03900537743285587,1.0,-0.0,0,0
354,0.0,0.007920792079207921,0.03900537743285587,1.0,-0.0,0,0
355,0.0,0.007920792079207921,0.03900537743285587,1.0,-0.0,0,0
356,0.0,0.007920792079207921,0.03900537743285587,1.0,-0.0,0,0
357,0.0,0.011881188118811883,0.04727657974777554,1.0,-0.0,0,0
358,0.0,0.0039603960396039604,0.027863855998951068,1.0,-0.0,0,0
359,0.0,0.0039603960396039604,0.027863855998951068,1.0,-0.0,0,0
360,0.0,0.0039603960396039604,0.027863855998951068,1.0,-0.0,0,0
361,0.0,0.0039603960396039604,0.027863855998951068,1.0,-0.0,0,0
362,0.0,0.0,0.0,1.0,-0.0,0,0
363,0.0,0.0,0.0,1.0,-0.0,0,0
364,0.0,0.0,0.0,1.0,-0.0,0,0
365,0.0,0.0,0.0,1.0,-0.0,0,0
366,0.0,0.0,0.0,1.0,-0.0,0,0
367,0.0,0.0,0.0,1.0,-0.0,0,0
368,0.0,0.0,0.0,1.0,-0.0,0,0
369,0.0,0.0,0.0,1.0,-0.0,0,0
370,0.0,0.0,0.0,1.0,-0.0,0,0
371,0.0,0.0,0.0,1.0,-0.0,0,0
372,0.0,0.0,0.0,1.0,-0.0,0,0
373,0.0,0.0059405940594059415,0.03395332316729158,1.0,-0.0,0,0
374,0.0,0.011881188118811881,0.047276579747775535,1.0,-0.0,0,0
375,0.0,0.011881188118811881,0.047276579747775535,1.0,-0.0,0,0
376,0.0,0.011881188118811881,0.047276579747775535,1.0,-0.0,0,0
377,0.0,0.011881188118811881,0.047276579747775535,1.0,-0.0,0,0
378,0.0,0.0059405940594059415,0.03395332316729158,1.0,-0.0,0,0
379,0.0,0.0,0.0,1.0,-0.0,0,0
380,0.0,0.0,0.0,1.0,-0.0,0,0
381,0.0,0.0,0.0,1.0,-0.0,0,0
382,0.0,0.007920792079207921,0.03900537743285587,1.0,-0.0,0,0
383,0.0,0.007920792079207921,0.03900537743285587,1.0,-0.0,0,0
384,0.0,0.007920792079207921,0.03900537743285587,1.0,-0.0,0,0
385,0.0,0.007920792079207921,0.03900537743285587,1.0,-0.0,0,0
386,0.0,0.007920792079207921,0.03900537743285587,1.0,-0.0,0,0
387,0.0,0.0,0.0,1.0,-0.0,0,0
388,0.0,0.0,0.0,1.0,-0.0,0,0
389,0.0,0.0,0.0,1.0,-0.0,0,0
390,0.0,0.0,0.0,1.0,-0.0,0,0
391,0.2,0.007920792079207921,0.03900537743285587,4.2303541670263104e-07,6.3736232717865695,0,0
392,0.2,0.007920792079207921,0.03900537743285587,4.2303541670263104e-07,6.3736232717865695,0,0
393,0.2,0.007920792079207921,0.03900537743285587,4.2303541670263104e-07,6.3736232717865695,0,0
394,0.2,0.021782178217821784,0.06836703565002801,0.0045699030283054085,2.3400930154046975,0,0
395,0.2,0.023762376237623766,0.07056843438101175,0.00625538335613176,2.203746069767374,0,0
396,0.0,0.015841584158415842,0.05401260078014202,1.0,-0.0,0,0
397,0.0,0.025742574257425745,0.06697637435757531,1.0,-0.0,0,0
398,0.0,0.025742574257425745,0.06697637435757531,1.0,-0.0,0,0
399,0.0,0.011881188118811883,0.047276579747775535,1.0,-0.0,0,0
400,0.0,0.009900990099009901,0.04338396495090424,1.0,-0.0,0,0
401,0.0,0.009900990099009901,0.04338396495090424,1.0,-0.0,0,0
402,0.0,0.0,0.0,1.0,-0.0,0,0
403,0.0,0.0019801980198019802,0.0198019801980198,1.0,-0.0,0,0
404,0.0,0.0019801980198019802,0.0198019801980198,1.0,-0.0,0,0
405,0.0,0.0019801980198019802,0.0198019801980198,1.0,-0.0,0,0
406,0.0,0.0019801980198019802,0.0198019801980198,1.0,-0.0,0,0
407,0.0,0.0019801980198019802,0.0198019801980198,1.0,-0.0,0,0
408,0.0,0.0,0.0,1.0,-0.0,0,0
409,0.0,0.0,0.0,1.0,-0.0,0,0
410,0.0,0.0,0.0,1.0,-0.0,0,0
411,0.0,0.0,0.0,1.0,-0.0,0,0
412,0.0,0.0,0.0,1.0,-0.0,0,0
413,0.0,0.0,0.0,1.0,-0.0,0,0
414,0.0,0.0,0.0,1.0,-0.0,0,0
415,0.0,0.0,0.0,1.0,-0.0,0,0
416,0.0,0.0,0.0,1.0,-0.0,0,0
417,0.0,0.0,0.0,1.0,-0.0,0,0
418,0.0,0.0,0.0,1.0,-0.0,0,0
419,0.0,0.0059405940594059415,0.03395332316729158,1.0,-0.0,0,0
420,0.0,0.0059405940594059415,0.03395332316729158,1.0,-0.0,0,0
421,0.0,0.0059405940594059415,0.03395332316729158,1.0,-0.0,0,0
422,0.0,0.0059405940594059415,0.03395332316729158,1.0,-0.0,0,0
423,0.0,0.0059405940594059415,0.03395332316729158,1.0,-0.0,0,0
424,0.0,0.0,0.0,1.0,-0.0,0,0
425,0.0,0.0,0.0,1.0,-0.0,0,0
426,0.0,0.0,0.0,1.0,-0.0,0,0
427,0.0,0.0,0.0,1.0,-0.0,0,0
428,0.0,0.0,0.0,1.0,-0.0,0,0
429,0.0,0.0,0.0,1.0,-0.0,0,0
430,0.0,0.0,0.0,1.0,-0.0,0,0
431,0.0,0.0,0.0,1.0,-0.0,0,0
432,0.0,0.0,0.0,1.0,-0.0,0,0
433,0.0,0.0,0.0,1.0,-0.0,0,0
434,0.0,0.0,0.0,1.0,-0.0,0,0
435,0.0,0.0,0.0,1.0,-0.0,0,0
436,0.0,0.0,0.0,1.0,-0.0,0,0
437,0.0,0.0,0.0,1.0,-0.0,0,0
438,0.0,0.0,0.0,1.0,-0.0,0,0
439,0.0,0.0019801980198019802,0.0198019801980198,1.0,-0.0,0,0
440,0.0,0.009900990099009901,0.04338396495090424,1.0,-0.0,1,0
441,0.0,0.009900990099009901,0.04338396495090424,1.0,-0.0,1,0
442,0.0,0.015841584158415842,0.05401260078014202,1.0,-0.0,1,0
443,0.0,0.015841584158415842,0.05401260078014202,1.0,-0.0,1,0
444,0.0,0.013861386138613863,0.05079507064705211,1.0,-0.0,1,0
445,0.0,0.0059405940594059415,0.03395332316729158,1.0,-0.0,0,0
446,0.0,0.0059405940594059415,0.03395332316729158,1.0,-0.0,0,0
447,0.0,0.0,0.0,1.0,-0.0,0,0
448,0.0,0.009900990099009901,0.04338396495090424,1.0,-0.0,0,0
449,0.0,0.009900990099009901,0.04338396495090424,1.0,-0.0,0,0
450,0.0,0.009900990099009901,0.04338396495090424,1.0,-0.0,0,0
451,0.0,0.009900990099009901,0.04338396495090424,1.0,-0.0,0,0
452,0.0,0.009900990099009901,0.04338396495090424,1.0,-0.0,1,0
453,0.0,0.0,0.0,1.0,-0.0,1,0
454,0.0,0.0,0.0,1.0,-0.0,0,0
455,0.0,0.0,0.0,1.0,-0.0,1,0
456,0.0,0.0,0.0,1.0,-0.0,0,0
457,0.0,0.0,0.0,1.0,-0.0,0,0
458,0.0,0.0,0.0,1.0,-0.0,0,0
459,0.0,0.0,0.0,1.0,-0.0,0,0
460,0.0,0.0,0.0,1.0,-0.0,0,0
461,0.0,0.0,0.0,1.0,-0.0,0,0
462,0.0,0.0,0.0,1.0,-0.0,0,0
463,0.0,0.0059405940594059415,0.03395332316729158,1.0,-0.0,0,0
464,0.0,0.0059405940594059415,0.03395332316729158,1.0,-0.0,0,0
465,0.0,0.0059405940594059415,0.03395332316729158,1.0,-0.0,0,0
466,0.0,0.0059405940594059415,0.03395332316729158,1.0,-0.0,0,0
467,0.0,0.0059405940594059415,0.03395332316729158,1.0,-0.0,0,0
468,0.0,0.0,0.0,1.0,-0.0,0,0
469,0.0,0.0,0.0,1.0,-0.0,0,0
470,0.0,0.0,0.0,1.0,-0.0,0,0
471,0.0,0.0,0.0,1.0,-0.0,0,0
472,0.0,0.0,0.0,1.0,-0.0,0,0
473,0.0,0.0,0.0,1.0,-0.0,0,0
474,0.0,0.0,0.0,1.0,-0.0,0,0
475,0.0,0.0039603960396039604,0.02786385599895106,1.0,-0.0,0,0
476,0.0,0.0039603960396039604,0.02786385599895106,1.0,-0.0,0,0
477,0.0,0.0039603960396039604,0.02786385599895106,1.0,-0.0,0,0
478,0.0,0.013861386138613863,0.05079507064705211,1.0,-0.0,0,0
479,0.0,0.013861386138613863,0.05079507064705211,1.0,-0.0,0,0
480,0.0,0.011881188118811883,0.04727657974777555,1.0,-0.0,0,0
481,0.0,0.011881188118811883,0.04727657974777555,1.0,-0.0,0,0
482,0.0,0.017821782178217824,0.056980176514606566,1.0,-0.0,0,0
483,0.0,0.011881188118811883,0.047276579747775535,1.0,-0.0,0,0
484,0.0,0.011881188118811883,0.047276579747775535,1.0,-0.0,0,0
485,0.0,0.009900990099009901,0.04338396495090424,1.0,-0.0,0,0
486,0.0,0.009900990099009901,0.04338396495090424,1.0,-0.0,0,0
487,0.0,0.0039603960396039604,0.027863855998951064,1.0,-0.0,0,0
488,0.0,0.0,0.0,1.0,-0.0,0,0
489,0.0,0.0,0.0,1.0,-0.0,0,0
490,0.0,0.0,0.0,1.0,-0.0,0,0
491,0.0,0.0,0.0,1.0,-0.0,0,0
492,0.0,0.0,0.0,1.0,-0.0,0,0
493,0.0,0.0,0.0,1.0,-0.0,0,0
494,0.0,0.0,0.0,1.0,-0.0,0,0
495,0.0,0.0,0.0,1.0,-0.0,0,0
496,0.0,0.0,0.0,1.0,-0.0,0,0
497,0.0,0.0,0.0,1.0,-0.0,0,0
498,0.0,0.0,0.0,1.0,-0.0,0,0
499,0.0,0.0,0.0,1.0,-0.0,0,0
500,0.0,0.0,0.0,1.0,-0.0,0,0
501,0.0,0.0,0.0,1.0,-0.0,0,0
502,0.0,0.0,0.0,1.0,-0.0,0,0
503,0.0,0.0,0.0,1.0,-0.0,0,0
504,0.0,0.0,0.0,1.0,-0.0,0,0
505,0.0,0.0,0.0,1.0,-0.0,0,0
506,0.0,0.0,0.0,1.0,-0.0,0,0
507,0.0,0.031683168316831684,0.07302609471123078,1.0,-0.0,0,0
508,0.0,0.04158415841584158,0.08590499787518362,1.0,-0.0,0,0
509,0.0,0.04158415841584158,0.08590499787518362,1.0,-0.0,0,0
510,0.0,0.04950495049504951,0.09912864166957489,1.0,-0.0,0,0
511,0.0,0.04950495049504951,0.09912864166957489,1.0,-0.0,0,0
512,0.0,0.017821782178217824,0.0635517090529949,1.0,-0.0,0,0
513,0.0,0.011881188118811883,0.04727657974777554,1.0,-0.0,1,0
514,0.0,0.011881188118811883,0.04727657974777554,1.0,-0.0,0,0
515,0.0,0.0039603960396039604,0.027863855998951068,1.0,-0.0,1,0
516,0.0,0.0039603960396039604,0.027863855998951068,1.0,-0.0,1,0
517,0.0,0.0039603960396039604,0.027863855998951068,1.0,-0.0,1,0
518,0.0,0.0,0.0,1.0,-0.0,0,0
519,0.0,0.0,0.0,1.0,-0.0,0,0
520,0.0,0.0,0.0,1.0,-0.0,0,0
521,0.0,0.013861386138613863,0.05079507064705211,1.0,-0.0,0,0
522,0.0,0.013861386138613863,0.05079507064705211,1.0,-0.0,0,0
523,0.0,0.015841584158415842,0.05401260078014202,1.0,-0.0,0,0
524,0.0,0.021782178217821784,0.06836703565002801,1.0,-0.0,0,0
525,0.0,0.02772277227722772,0.07461957893630407,1.0,-0.0,0,0
526,0.0,0.013861386138613863,0.05079507064705211,1.0,-0.0,0,0
527,0.0,0.013861386138613863,0.05079507064705211,1.0,-0.0,0,0
528,0.0,0.011881188118811883,0.047276579747775535,1.0,-0.0,0,0
529,0.0,0.0059405940594059415,0.033953323167291584,1.0,-0.0,0,0
530,0.0,0.0,0.0,1.0,-0.0,0,0
531,0.0,0.0059405940594059415,0.033953323167291584,1.0,-0.0,0,0
532,0.0,0.011881188118811881,0.047276579747775535,1.0,-0.0,0,0
533,0.0,0.011881188118811881,0.047276579747775535,1.0,-0.0,0,0
534,0.0,0.011881188118811881,0.047276579747775535,1.0,-0.0,0,0
535,0.0,0.011881188118811881,0.047276579747775535,1.0,-0.0,0,0
536,0.0,0.0059405940594059415,0.03395332316729158,1.0,-0.0,0,0
537,0.0,0.0,0.0,1.0,-0.0,0,0
538,0.0,0.0,0.0,1.0,-0.0,0,0
539,0.0,0.0,0.0,1.0,-0.0,0,0
540,0.0,0.0,0.0,1.0,-0.0,0,0
541,0.0,0.0,0.0,1.0,-0.0,0,0
542,0.0,0.0019801980198019802,0.0198019801980198,1.0,-0.0,0,0
543,0.0,0.0019801980198019802,0.0198019801980198,1.0,-0.0,0,0
544,0.0,0.0019801980198019802,0.0198019801980198,1.0,-0.0,0,0
545,0.0,0.0019801980198019802,0.0198019801980198,1.0,-0.0,0,0
546,0.0,0.0019801980198019802,0.0198019801980198,1.0,-0.0,0,0
547,0.0,0.0,0.0,1.0,-0.0,0,0
548,0.0,0.0,0.0,1.0,-0.0,0,0
549,0.0,0.0,0.0,1.0,-0.0,0,0
550,0.0,0.007920792079207921,0.03900537743285587,1.0,-0.0,0,0
551,0.0,0.007920792079207921,0.03900537743285587,1.0,-0.0,0,0
552,0.0,0.007920792079207921,0.03900537743285587,1.0,-0.0,0,0
553,0.0,0.017821782178217824,0.05698017651460656,1.0,-0.0,0,0
554,0.0,0.017821782178217824,0.05698017651460656,1.0,-0.0,0,0
555,0.0,0.009900990099009901,0.04338396495090425,1.0,-0.0,0,0
556,0.0,0.009900990099009901,0.04338396495090425,1.0,-0.0,0,0
557,0.0,0.009900990099009901,0.04338396495090425,1.0,-0.0,0,0
558,0.0,0.0,0.0,1.0,-0.0,0,0
559,0.0,0.0,0.0,1.0,-0.0,0,0
560,0.0,0.0019801980198019802,0.019801980198019802,1.0,-0.0,0,0
561,0.0,0.0039603960396039604,0.027863855998951064,1.0,-0.0,0,0
562,0.0,0.0039603960396039604,0.027863855998951064,1.0,-0.0,0,0
563,0.0,0.0039603960396039604,0.027863855998951064,1.0,-0.0,0,0
564,0.0,0.0039603960396039604,0.027863855998951064,1.0,-0.0,0,0
565,0.0,0.0019801980198019802,0.0198019801980198,1.0,-0.0,0,0
566,0.0,0.0,0.0,1.0,-0.0,0,0
567,0.0,0.0,0.0,1.0,-0.0,0,0
568,0.0,0.0,0.0,1.0,-0.0,0,0
569,0.0,0.0,0.0,1.0,-0.0,0,0
570,0.0,0.0,0.0,1.0,-0.0,0,0
571,0.0,0.0,0.0,1.0,-0.0,0,0
572,0.0,0.0,0.0,1.0,-0.0,0,0
573,0.0,0.0,0.0,1.0,-0.0,0,0
574,0.0,0.0,0.0,1.0,-0.0,0,0
575,0.0,0.0,0.0,1.0,-0.0,0,0
576,0.0,0.0,0.0,1.0,-0.0,0,0
577,0.0,0.0039603960396039604,0.02786385599895106,1.0,-0.0,0,0
578,0.0,0.0039603960396039604,0.02786385599895106,1.0,-0.0,0,0
579,0.0,0.0039603960396039604,0.02786385599895106,1.0,-0.0,0,0
580,0.0,0.0039603960396039604,0.02786385599895106,1.0,-0.0,1,0
581,0.0,0.011881188118811881,0.04727657974777554,1.0,-0.0,0,0
582,0.0,0.007920792079207921,0.03900537743285587,1.0,-0.0,0,0
583,0.0,0.007920792079207921,0.03900537743285587,1.0,-0.0,0,0
584,0.0,0.01386138613861386,0.05079507064705212,1.0,-0.0,0,0
585,0.0,0.01386138613861386,0.05079507064705212,1.0,-0.0,0,0
586,0.0,0.0059405940594059415,0.03395332316729158,1.0,-0.0,0,0
587,0.0,0.0059405940594059415,0.03395332316729158,1.0,-0.0,0,0
588,0.0,0.031683168316831684,0.0730260947112308,1.0,-0.0,0,0
589,0.0,0.041584158415841586,0.08116396646304633,1.0,-0.0,0,0
590,0.0,0.041584158415841586,0.08116396646304633,1.0,-0.0,0,0
591,0.0,0.05148514851485149,0.09186070102766894,1.0,-0.0,0,0
592,0.2,0.0712871287128713,0.10747934055534188,0.11554433714027447,0.9372513345552421,0,0
593,0.2,0.0891089108910891,0.14752142995793407,0.22611731458954903,0.6456661809417341,0,0
594,0.2,0.10099009900990098,0.14521752172118102,0.2476814172531363,0.6061065759218802,0,0
595,0.2,0.10099009900990098,0.14521752172118102,0.2476814172531363,0.6061065759218802,1,0
596,0.2,0.09306930693069307,0.13948804962658476,0.2216614908264738,0.6543097501612729,0,0
597,0.0,0.07326732673267328,0.1115960618107356,1.0,-0.0,0,0
598,0.0,0.02970297029702971,0.07112192077650681,1.0,-0.0,0,0
599,0.0,0.0019801980198019802,0.019801980198019802,1.0,-0.0,0,0
600,0.0,0.0019801980198019802,0.019801980198019802,1.0,-0.0,0,0
601,0.0,0.0,0.0,1.0,-0.0,0,0
602,0.0,0.0,0.0,1.0,-0.0,0,0
603,0.0,0.0,0.0,1.0,-0.0,0,0
604,0.0,0.0,0.0,1.0,-0.0,0,0
605,0.0,0.0,0.0,1.0,-0.0,0,0
606,0.0,0.0,0.0,1.0,-0.0,0,0
607,0.0,0.0,0.0,1.0,-0.0,0,0
608,0.0,0.0,0.0,1.0,-0.0,0,0
609,0.0,0.0,0.0,1.0,-0.0,0,0
610,0.0,0.0,0.0,1.0,-0.0,0,0
611,0.0,0.0,0.0,1.0,-0.0,0,0
612,0.0,0.0,0.0,1.0,-0.0,0,0
613,0.0,0.0,0.0,1.0,-0.0,0,0
614,0.0,0.0,0.0,1.0,-0.0,0,0
615,0.0,0.0,0.0,1.0,-0.0,0,0
616,0.0,0.0,0.0,1.0,-0.0,0,0
617,0.0,0.0019801980198019802,0.0198019801980198,1.0,-0.0,0,0
618,0.0,0.0019801980198019802,0.0198019801980198,1.0,-0.0,0,0
619,0.0,0.0019801980198019802,0.0198019801980198,1.0,-0.0,0,0
620,0.0,0.0019801980198019802,0.0198019801980198,1.0,-0.0,0,0
621,0.0,0.0019801980198019802,0.0198019801980198,1.0,-0.0,0,0
622,0.0,0.0,0.0,1.0,-0.0,0,0
623,0.0,0.0,0.0,1.0,-0.0,0,0
624,0.0,0.0,0.0,1.0,-0.0,0,0
625,0.0,0.0,0.0,1.0,-0.0,0,0
626,0.0,0.0,0.0,1.0,-0.0,0,0
627,0.0,0.0,0.0,1.0,-0.0,0,0
628,0.0,0.031683168316831684,0.07826167463512675,1.0,-0.0,0,0
629,0.0,0.031683168316831684,0.07826167463512675,1.0,-0.0,0,0
630,0.2,0.04356435643564357,0.08721867542790195,0.036438310127516485,1.438441772185106,0,0
631,0.2,0.04356435643564357,0.08721867542790195,0.036438310127516485,1.438441772185106,0,0
632,0.2,0.04356435643564357,0.08721867542790195,0.036438310127516485,1.438441772185106,0,0
633,0.2,0.011881188118811883,0.047276579747775535,3.4586556520905853e-05,4.461092674713385,0,0
634,0.2,0.011881188118811883,0.047276579747775535,3.4586556520905853e-05,4.461092674713385,0,0
635,0.0,0.0,0.0,1.0,-0.0,0,0
636,0.0,0.0019801980198019802,0.019801980198019802,1.0,-0.0,0,0
637,0.0,0.0019801980198019802,0.019801980198019802,1.0,-0.0,0,0
638,0.0,0.0019801980198019802,0.019801980198019802,1.0,-0.0,0,0
639,0.0,0.0019801980198019802,0.019801980198019802,1.0,-0.0,0,0
640,0.0,0.0019801980198019802,0.019801980198019802,1.0,-0.0,0,0
641,0.0,0.007920792079207921,0.03900537743285587,1.0,-0.0,0,0
642,0.0,0.009900990099009901,0.04338396495090424,1.0,-0.0,0,0
643,0.0,0.009900990099009901,0.04338396495090424,1.0,-0.0,0,0
644,0.0,0.009900990099009901,0.04338396495090424,1.0,-0.0,0,0
645,0.0,0.019801980198019802,0.059735061897023205,1.0,-0.0,0,0
646,0.0,0.013861386138613863,0.05079507064705211,1.0,-0.0,0,0
647,0.0,0.011881188118811883,0.047276579747775535,1.0,-0.0,0,0
648,0.2,0.025742574257425748,0.07264925278354115,0.008228653963589664,2.084671200510098,0,0
649,0.2,0.025742574257425748,0.07264925278354115,0.008228653963589664,2.084671200510098,0,0
650,0.2,0.033663366336633666,0.07994704648786674,0.018735949469970602,1.7273242935431963,0,0
651,0.2,0.03168316831683169,0.07826167463512675,0.015750221703151112,1.8027133286186672,1,0
652,0.4,0.03564356435643565,0.08154954567118416,3.949284449990814e-06,5.403481584771323,0,0
653,0.2,0.031683168316831684,0.0730260947112308,0.01058647624307391,1.9752485727397298,0,0
654,0.2,0.05742574257425742,0.09885135821266286,0.07460753442729876,1.127217312004932,0,0
655,0.2,0.041584158415841586,0.09039772047931348,0.03984979219979861,1.3995739389282478,1,0
656,0.2,0.041584158415841586,0.09039772047931348,0.03984979219979861,1.3995739389282478,0,0
657,0.0,0.03762376237623763,0.08307396817189318,1.0,-0.0,0,0
658,0.0,0.03564356435643565,0.08154954567118416,1.0,-0.0,0,0
659,0.0,0.009900990099009901,0.04338396495090424,1.0,-0.0,0,0
660,0.0,0.007920792079207921,0.03900537743285587,1.0,-0.0,0,0
661,0.0,0.007920792079207921,0.03900537743285587,1.0,-0.0,0,0
662,0.0,0.007920792079207921,0.03900537743285587,1.0,-0.0,0,0
663,0.0,0.0,0.0,1.0,-0.0,0,0
664,0.0,0.0,0.0,1.0,-0.0,0,0
665,0.0,0.0,0.0,1.0,-0.0,0,0
666,0.0,0.0,0.0,1.0,-0.0,0,0
667,0.0,0.0,0.0,1.0,-0.0,0,0
668,0.0,0.0059405940594059415,0.03395332316729158,1.0,-0.0,0,0
669,0.0,0.0059405940594059415,0.03395332316729158,1.0,-0.0,0,0
670,0.0,0.0059405940594059415,0.03395332316729158,1.0,-0.0,0,0
671,0.0,0.011881188118811883,0.04727657974777554,1.0,-0.0,0,0
672,0.0,0.021782178217821784,0.06230547612891991,1.0,-0.0,0,0
673,0.0,0.015841584158415842,0.05401260078014202,1.0,-0.0,0,0
674,0.0,0.015841584158415842,0.05401260078014202,1.0,-0.0,0,0
675,0.0,0.017821782178217824,0.05698017651460656,1.0,-0.0,0,0
676,0.0,0.011881188118811881,0.047276579747775535,1.0,-0.0,0,0
677,0.0,0.0019801980198019802,0.0198019801980198,1.0,-0.0,0,0
678,0.0,0.007920792079207921,0.03900537743285587,1.0,-0.0,0,0
679,0.0,0.011881188118811883,0.047276579747775535,1.0,-0.0,0,0
680,0.0,0.021782178217821784,0.06230547612891991,1.0,-0.0,0,0
681,0.0,0.031683168316831684,0.0730260947112308,1.0,-0.0,0,0
682,0.0,0.04752475247524753,0.10205226714237721,1.0,-0.0,0,0
683,0.0,0.04752475247524753,0.09809478080396702,1.0,-0.0,0,0
684,0.0,0.04356435643564357,0.09587103712404124,1.0,-0.0,0,0
685,0.0,0.031683168316831684,0.07826167463512676,1.0,-0.0,0,0
686,0.0,0.021782178217821784,0.06230547612891991,1.0,-0.0,0,0
687,0.0,0.0059405940594059415,0.03395332316729158,1.0,-0.0,0,0
688,0.0,0.0,0.0,1.0,-0.0,0,0
689,0.0,0.0297029702970297,0.07112192077650681,1.0,-0.0,0,0
690,0.0,0.0297029702970297,0.07112192077650681,1.0,-0.0,0,0
691,0.0,0.07722772277227723,0.11930590361498669,1.0,-0.0,0,0
692,0.0,0.08514851485148514,0.12379009590564582,1.0,-0.0,0,0
693,0.0,0.08514851485148514,0.12379009590564582,1.0,-0.0,0,0
694,0.0,0.06732673267326733,0.1135467024699521,1.0,-0.0,0,0
695,0.0,0.06732673267326733,0.1135467024699521,1.0,-0.0,0,0
696,0.0,0.019801980198019802,0.06603299802191315,1.0,-0.0,0,0
697,0.0,0.033663366336633666,0.07994704648786674,1.0,-0.0,0,0
698,0.0,0.033663366336633666,0.07994704648786674,1.0,-0.0,0,0
699,0.0,0.03762376237623763,0.07816140339006158,1.0,-0.0,0,0
700,0.0,0.03762376237623763,0.07816140339006158,1.0,-0.0,0,0
701,0.0,0.05346534653465348,0.09287951999650355,1.0,-0.0,0,0
702,0.0,0.031683168316831684,0.07826167463512675,1.0,-0.0,0,0
703,0.0,0.05940594059405942,0.10357779667819422,1.0,-0.0,0,0
704,0.0,0.04356435643564357,0.09164702150816742,1.0,-0.0,0,0
705,0.0,0.04356435643564357,0.09164702150816742,1.0,-0.0,0,0
706,0.0,0.04554455445544555,0.09283729243351321,1.0,-0.0,0,0
707,0.0,0.04554455445544555,0.09283729243351321,1.0,-0.0,0,0
708,0.0,0.017821782178217824,0.05698017651460656,1.0,-0.0,0,0
709,0.0,0.017821782178217824,0.05698017651460656,1.0,-0.0,0,0
710,0.0,0.017821782178217824,0.05698017651460656,1.0,-0.0,0,0
711,0.0,0.0,0.0,1.0,-0.0,0,0
712,0.0,0.0,0.0,1.0,-0.0,0,0
713,0.0,0.0,0.0,1.0,-0.0,0,0
714,0.0,0.0019801980198019802,0.019801980198019802,1.0,-0.0,0,0
715,0.0,0.0019801980198019802,0.019801980198019802,1.0,-0.0,0,0
716,0.0,0.0019801980198019802,0.019801980198019802,1.0,-0.0,0,0
717,0.0,0.0019801980198019802,0.019801980198019802,1.0,-0.0,0,0
718,0.0,0.0019801980198019802,0.019801980198019802,1.0,-0.0,0,0
719,0.0,0.0,0.0,1.0,-0.0,0,0
720,0.0,0.0,0.0,1.0,-0.0,0,0
721,0.0,0.0,0.0,1.0,-0.0,0,0
722,0.0,0.0,0.0,1.0,-0.0,0,0
723,0.0,0.0,0.0,1.0,-0.0,0,0
724,0.0,0.023762376237623766,0.06471340450838889,1.0,-0.0,0,0
725,0.0,0.041584158415841586,0.08116396646304633,1.0,-0.0,0,0
726,0.0,0.061386138613861385,0.10046456153636295,1.0,-0.0,0,0
727,0.0,0.07326732673267328,0.10798889666879984,1.0,-0.0,0,0
728,0.0,0.08910891089108909,0.11423528793549272,1.0,-0.0,0,0
729,0.0,0.09900990099009899,0.12781100644043505,1.0,-0.0,0,0
730,0.0,0.10099009900990097,0.12467387119760155,1.0,-0.0,0,0
731,0.0,0.09504950495049502,0.12135883917659061,1.0,-0.0,0,0
732,0.0,0.12673267326732668,0.1427391785420998,1.0,-0.0,0,0
733,0.0,0.13366336633663364,0.16184409300358452,1.0,-0.0,0,0
734,0.0,0.11089108910891086,0.15018206119491914,1.0,-0.0,0,0
735,0.0,0.097029702970297,0.1367627457412436,1.0,-0.0,0,0
736,0.0,0.08316831683168316,0.12978985828256587,1.0,-0.0,0,0
737,0.0,0.041584158415841586,0.09039772047931348,1.0,-0.0,0,0
738,0.0,0.03564356435643565,0.07653920035678292,1.0,-0.0,0,0
739,0.0,0.03762376237623762,0.08307396817189318,1.0,-0.0,0,0
740,0.0,0.039603960396039604,0.0890869059738772,1.0,-0.0,1,0
741,0.0,0.04554455445544555,0.10100951085035129,1.0,-0.0,0,0
742,0.0,0.08316831683168316,0.13280619910579974,1.0,-0.0,0,0
743,0.0,0.06534653465346535,0.1197651526735639,1.0,-0.0,0,0
744,0.0,0.07326732673267328,0.12498799079651088,1.0,-0.0,0,0
745,0.0,0.06534653465346536,0.11295810453031022,1.0,-0.0,0,0
746,0.0,0.06732673267326733,0.12032045569079852,1.0,-0.0,0,0
747,0.0,0.0297029702970297,0.07112192077650681,1.0,-0.0,0,0
748,0.0,0.0297029702970297,0.07112192077650681,1.0,-0.0,0,0
749,0.0,0.0297029702970297,0.07112192077650681,1.0,-0.0,0,0
750,0.0,0.07326732673267328,0.11509022642946842,1.0,-0.0,0,0
751,0.0,0.12871287128712872,0.1423540653909816,1.0,-0.0,0,0
752,0.0,0.1603960396039604,0.15420136502124182,1.0,-0.0,0,0
753,0.0,0.16237623762376235,0.1534110411742302,1.0,-0.0,0,0
754,0.0,0.14455445544554454,0.14656141045515514,1.0,-0.0,0,0
755,0.0,0.10891089108910891,0.1335716590419014,1.0,-0.0,0,0
756,0.0,0.047524752475247525,0.08965727859542,1.0,-0.0,0,0
757,0.0,0.015841584158415842,0.05401260078014202,1.0,-0.0,0,0
758,0.0,0.013861386138613863,0.05079507064705211,1.0,-0.0,0,0
759,0.0,0.05544554455445545,0.1019369320889802,1.0,-0.0,0,0
