,foreground,bg_means,bg_stdev,pvals,minus_logs,regs,active
2,0.0,0.15841584158415842,0.17870121461668875,1.0,-0.0,0,0
3,0.0,0.15049504950495046,0.1788985897681621,1.0,-0.0,0,0
4,0.0,0.12277227722772276,0.15407416763506465,1.0,-0.0,0,0
5,0.0,0.1089108910891089,0.1529246303073887,1.0,-0.0,0,0
6,0.0,0.08514851485148513,0.13598641357140118,1.0,-0.0,0,0
7,0.0,0.021782178217821784,0.06230547612891992,1.0,-0.0,0,0
8,0.0,0.009900990099009901,0.04338396495090424,1.0,-0.0,0,0
9,0.0,0.033663366336633666,0.07994704648786674,1.0,-0.0,0,0
10,0.0,0.03762376237623763,0.08771182015980238,1.0,-0.0,0,0
11,0.0,0.06534653465346535,0.10571364605971598,1.0,-0.0,0,0
12,0.2,0.09702970297029702,0.14789308791950767,0.2431367018376649,0.614149478826451,0,0
13,0.2,0.09702970297029702,0.14789308791950767,0.2431367018376649,0.614149478826451,0,0
14,0.2,0.07326732673267328,0.13707776871189528,0.17760490887982688,0.7505450347851276,0,0
15,0.2,0.07920792079207921,0.1409422546477168,0.19571348850130194,0.7083792418953204,0,0
16,0.4,0.10099009900990098,0.1396566153069739,0.016135550208832835,1.7922162209272032,0,0
17,0.2,0.06930693069306931,0.11751770396006173,0.13304459555834885,0.8760027623516582,0,0
18,0.2,0.06930693069306931,0.11751770396006173,0.13304459555834885,0.8760027623516582,0,0
19,0.2,0.06930693069306931,0.11751770396006173,0.13304459555834885,0.8760027623516582,0,0
20,0.4,0.0594059405940594,0.10357779667819421,0.0005039858459677199,3.297581660190253,0,0
21,0.2,0.009900990099009901,0.04338396495090424,5.885669548817485e-06,5.230204125035219,0,0
22,0.2,0.009900990099009901,0.04338396495090424,5.885669548817485e-06,5.230204125035219,0,0
23,0.2,0.06534653465346535,0.10939585993610405,0.10918337986089162,0.9618434658808062,0,0
24,0.2,0.06534653465346535,0.10939585993610405,0.10918337986089162,0.9618434658808062,0,0
25,0.0,0.08514851485148513,0.13304219431477882,1.0,-0.0,0,0
26,0.0,0.09306930693069305,0.14776046024695155,1.0,-0.0,0,0
27,0.0,0.15247524752475244,0.17832779885020877,1.0,-0.0,0,0
28,0.0,0.11287128712871286,0.15002532217723416,1.0,-0.0,0,0
29,0.0,0.12673267326732673,0.15599637537608815,1.0,-0.0,0,0
30,0.0,0.09702970297029702,0.12464241569787099,1.0,-0.0,0,0
31,0.0,0.27722772277227725,0.20866439401694245,1.0,-0.0,0,0
32,0.0,0.22772277227722773,0.19094284660479482,1.0,-0.0,0,0
33,0.0,0.22772277227722773,0.1930058286100785,1.0,-0.0,0,0
34,0.0,0.21386138613861383,0.19550883243085124,1.0,-0.0,0,0
35,0.0,0.22772277227722768,0.2010461805385672,1.0,-0.0,0,0
36,0.0,0.05346534653465348,0.10104832334394512,1.0,-0.0,0,0
37,0.0,0.10099009900990098,0.1308729634998678,1.0,-0.0,0,0
38,0.0,0.08316831683168316,0.12028786177019754,1.0,-0.0,0,0
39,0.0,0.08316831683168316,0.12028786177019754,1.0,-0.0,0,0
40,0.0,0.06930693069306931,0.11751770396006173,1.0,-0.0,0,0
41,0.0,0.07920792079207921,0.11285391563386142,1.0,-0.0,0,0
42,0.0,0.023762376237623763,0.06471340450838887,1.0,-0.0,0,0
43,0.0,0.04356435643564357,0.09164702150816742,1.0,-0.0,0,0
44,0.0,0.14257425742574256,0.1550129567586608,1.0,-0.0,0,0
45,0.0,0.16435643564356434,0.1697897117641665,1.0,-0.0,0,0
46,0.0,0.14059405940594058,0.15297590428378585,1.0,-0.0,0,0
47,0.0,0.18811881188118812,0.17760069168141515,1.0,-0.0,0,0
48,0.0,0.23366336633663365,0.18894036343566833,1.0,-0.0,0,0
49,0.0,0.13564356435643563,0.15643564356435644,1.0,-0.0,0,0
50,0.0,0.11485148514851483,0.1550382505430763,1.0,-0.0,0,0
51,0.0,0.11485148514851483,0.1550382505430763,1.0,-0.0,0,0
52,0.0,0.06732673267326733,0.11000352009767247,1.0,-0.0,0,0
53,0.0,0.0019801980198019802,0.019801980198019802,1.0,-0.0,0,0
54,0.0,0.0019801980198019802,0.019801980198019802,1.0,-0.0,0,0
55,0.0,0.0,0.0,1.0,-0.0,0,0
56,0.0,0.0059405940594059415,0.03395332316729158,1.0,-0.0,0,0
57,0.0,0.0059405940594059415,0.03395332316729158,1.0,-0.0,0,0
58,0.0,0.0059405940594059415,0.03395332316729158,1.0,-0.0,0,0
59,0.0,0.011881188118811883,0.04727657974777553,1.0,-0.0,0,0
60,0.0,0.015841584158415842,0.05401260078014202,1.0,-0.0,0,0
61,0.0,0.017821782178217824,0.05698017651460656,1.0,-0.0,0,0
62,0.0,0.027722772277227727,0.06910862719451544,1.0,-0.0,0,0
63,0.0,0.027722772277227727,0.06910862719451544,1.0,-0.0,0,0
64,0.0,0.021782178217821784,0.062305476128919915,1.0,-0.0,0,0
65,0.0,0.017821782178217824,0.05698017651460656,1.0,-0.0,0,0
66,0.0,0.009900990099009901,0.04338396495090425,1.0,-0.0,0,0
67,0.0,0.0019801980198019802,0.0198019801980198,1.0,-0.0,0,0
68,0.0,0.0019801980198019802,0.0198019801980198,1.0,-0.0,0,0
69,0.0,0.019801980198019806,0.06603299802191315,1.0,-0.0,0,0
70,0.0,0.02772277227722773,0.07461957893630405,1.0,-0.0,0,0
71,0.0,0.02772277227722773,0.07461957893630405,1.0,-0.0,0,0
72,0.0,0.025742574257425748,0.07264925278354116,1.0,-0.0,0,0
73,0.0,0.025742574257425748,0.07264925278354116,1.0,-0.0,0,0
74,0.0,0.007920792079207921,0.03900537743285587,1.0,-0.0,0,0
75,0.0,0.0,0.0,1.0,-0.0,0,0
76,0.0,0.0,0.0,1.0,-0.0,0,0
77,0.0,0.0,0.0,1.0,-0.0,0,0
78,0.0,0.0,0.0,1.0,-0.0,0,0
79,0.0,0.0,0.0,1.0,-0.0,0,0
80,0.0,0.0,0.0,1.0,-0.0,0,0
81,0.0,0.0,0.0,1.0,-0.0,0,0
82,0.0,0.0,0.0,1.0,-0.0,0,0
83,0.0,0.0,0.0,1.0,-0.0,0,0
84,0.0,0.023762376237623766,0.06471340450838887,1.0,-0.0,0,0
85,0.0,0.039603960396039604,0.0890869059738772,1.0,-0.0,0,0
86,0.0,0.039603960396039604,0.0890869059738772,1.0,-0.0,0,0
87,0.0,0.06930693069306931,0.11409790329416186,1.0,-0.0,0,0
88,0.0,0.06930693069306931,0.11409790329416186,1.0,-0.0,0,0
89,0.0,0.05148514851485149,0.10011267057239238,1.0,-0.0,0,0
90,0.2,0.08316831683168316,0.12978985828256584,0.1840174638895371,0.7351409589961647,0,0
91,0.2,0.14257425742574256,0.16491614109827338,0.36384057185536844,0.43908887440266103,0,0
92,0.2,0.15445544554455445,0.15384494732320814,0.38359903179808014,0.41612249765695747,0,0
93,0.4,0.2871287128712871,0.2205588609776743,0.3044125336936098,0.5165374701606262,0,0
94,0.4,0.2811881188118812,0.2109445383855172,0.28663657443697954,0.5426683950178001,0,0
95,0.2,0.23366336633663368,0.20308376446837878,1.0,-0.0,0,0
96,0.2,0.19603960396039596,0.1908401394559487,0.49172157370365216,0.3082807371340545,0,0
97,0.2,0.1603960396039604,0.16890984643276136,0.4073108215803858,0.390074051268743,0,0
98,0.0,0.06930693069306931,0.09924724028627063,1.0,-0.0,0,0
99,0.0,0.08118811881188118,0.10964648079134362,1.0,-0.0,0,0
100,0.0,0.08118811881188118,0.10964648079134362,1.0,-0.0,0,0
101,0.0,0.21584158415841584,0.2003623812378767,1.0,-0.0,0,0
102,0.0,0.2099009900990099,0.19574936009912708,1.0,-0.0,0,0
103,0.0,0.16633663366336632,0.1713529319032391,1.0,-0.0,0,0
104,0.0,0.15445544554455443,0.15891011998209012,1.0,-0.0,0,0
105,0.0,0.17029702970297025,0.16503498246348225,1.0,-0.0,0,0
106,0.0,0.02772277227722773,0.07975061610139514,1.0,-0.0,0,0
107,0.0,0.02772277227722773,0.07975061610139514,1.0,-0.0,0,0
108,0.0,0.03564356435643565,0.09500824186847648,1.0,-0.0,0,0
109,0.0,0.03564356435643565,0.09500824186847648,1.0,-0.0,0,0
110,0.0,0.019801980198019802,0.06603299802191315,1.0,-0.0,0,0
111,0.0,0.021782178217821784,0.06230547612891991,1.0,-0.0,0,0
112,0.0,0.09306930693069305,0.1336890331058871,1.0,-0.0,0,0
113,0.0,0.16831683168316833,0.16345931947317974,1.0,-0.0,0,0
114,0.0,0.19801980198019803,0.179095747399525,1.0,-0.0,0,0
115,0.0,0.20198019801980197,0.179095747399525,1.0,-0.0,0,0
116,0.0,0.18811881188118812,0.17308335353197749,1.0,-0.0,0,0
117,0.0,0.12079207920792079,0.14913402284168503,1.0,-0.0,0,0
118,0.0,0.061386138613861385,0.11166631429601336,1.0,-0.0,0,0
119,0.0,0.14455445544554454,0.1492391578726081,1.0,-0.0,0,0
120,0.0,0.14059405940594058,0.1503647168837198,1.0,-0.0,0,0
121,0.0,0.3524752475247526,0.2271624617774255,1.0,-0.0,0,0
122,0.0,0.3643564356435644,0.23445076259706396,1.0,-0.0,0,0
123,0.0,0.3544554455445545,0.22843624778486715,1.0,-0.0,0,0
124,0.0,0.24158415841584158,0.18945849187904937,1.0,-0.0,0,0
125,0.0,0.24158415841584158,0.18945849187904937,1.0,-0.0,0,0
126,0.0,0.02970297029702971,0.07112192077650681,1.0,-0.0,0,0
127,0.0,0.011881188118811881,0.047276579747775535,1.0,-0.0,0,0
128,0.0,0.039603960396039604,0.0890869059738772,1.0,-0.0,0,0
129,0.0,0.08118811881188118,0.11999411807954949,1.0,-0.0,0,0
130,0.0,0.2851485148514851,0.2762500440800507,1.0,-0.0,0,0
131,0.0,0.34851485148514855,0.2851485148514851,1.0,-0.0,0,0
132,0.0,0.4772277227722772,0.29379092320590944,1.0,-0.0,0,0
133,0.0,0.44752475247524753,0.28164792972434227,1.0,-0.0,0,0
134,0.0,0.4118811881188119,0.26223983003730444,1.0,-0.0,0,0
135,0.0,0.20792079207920788,0.2027939344870037,1.0,-0.0,0,0
136,0.0,0.2376237623762376,0.20238747522615821,1.0,-0.0,0,0
137,0.0,0.18415841584158413,0.18170407519927864,1.0,-0.0,0,0
138,0.0,0.40594059405940597,0.28347971522876514,1.0,-0.0,0,0
139,0.0,0.39999999999999997,0.2800282871142814,1.0,-0.0,0,0
140,0.0,0.39999999999999997,0.2800282871142814,1.0,-0.0,0,0
141,0.0,0.30693069306930687,0.2430244357768744,1.0,-0.0,0,0
142,0.0,0.23168316831683167,0.219328720728719,1.0,-0.0,0,0
143,0.2,0.1603960396039604,0.16890984643276133,0.4073108215803858,0.390074051268743,0,0
144,0.2,0.1881188118811881,0.19257871154715578,0.47540276887348865,0.3229382931526948,0,0
145,0.2,0.20792079207920788,0.1886288032334235,1.0,-0.0,0,0
146,0.2,0.20792079207920788,0.1886288032334235,1.0,-0.0,0,0
147,0.2,0.20792079207920788,0.1886288032334235,1.0,-0.0,0,0
148,0.2,0.10693069306930691,0.14505541839059358,0.2605625477598812,0.584088007925498,0,0
149,0.4,0.23960396039603957,0.2234203993278152,0.23640597579977513,0.6263415496855963,0,0
150,0.4,0.2673267326732673,0.23926823710088263,0.2896197398964465,0.5381718408314629,0,0
151,0.4,0.2673267326732673,0.23926823710088263,0.2896197398964465,0.5381718408314629,0,0
152,0.4,0.27524752475247527,0.23689657708892167,0.29923168245375503,0.5239924255589496,0,0
153,0.2,0.24158415841584158,0.2035658974399429,1.0,-0.0,0,0
154,0.0,0.08514851485148514,0.1172170185104851,1.0,-0.0,0,0
155,0.0,0.04554455445544554,0.08387254884969257,1.0,-0.0,0,0
156,0.0,0.04554455445544554,0.08387254884969257,1.0,-0.0,0,0
157,0.0,0.03762376237623763,0.07816140339006158,1.0,-0.0,0,0
158,0.0,0.011881188118811883,0.047276579747775535,1.0,-0.0,0,0
159,0.0,0.007920792079207921,0.03900537743285587,1.0,-0.0,0,0
160,0.0,0.0,0.0,1.0,-0.0,0,0
161,0.0,0.0,0.0,1.0,-0.0,0,0
162,0.0,0.0,0.0,1.0,-0.0,0,0
163,0.0,0.0,0.0,1.0,-0.0,0,0
164,0.0,0.025742574257425748,0.06697637435757531,1.0,-0.0,0,0
165,0.0,0.06534653465346535,0.10571364605971598,1.0,-0.0,0,0
166,0.0,0.0712871287128713,0.11461224656227946,1.0,-0.0,0,0
167,0.0,0.07920792079207921,0.11631029826208643,1.0,-0.0,0,0
168,0.0,0.10297029702970295,0.13084299831035082,1.0,-0.0,0,0
169,0.0,0.07722772277227724,0.10889288780093088,1.0,-0.0,0,0
170,0.0,0.03762376237623763,0.08307396817189318,1.0,-0.0,0,0
171,0.0,0.031683168316831684,0.0730260947112308,1.0,-0.0,0,0
172,0.0,0.023762376237623766,0.06471340450838887,1.0,-0.0,0,0
173,0.0,0.0,0.0,1.0,-0.0,0,0
174,0.0,0.0,0.0,1.0,-0.0,0,0
175,0.0,0.0,0.0,1.0,-0.0,0,0
176,0.0,0.0,0.0,1.0,-0.0,0,0
177,0.0,0.05940594059405942,0.0996808946427978,1.0,-0.0,0,0
178,0.0,0.07326732673267326,0.1115960618107356,1.0,-0.0,0,0
179,0.0,0.10099009900990098,0.13679141417164786,1.0,-0.0,0,0
180,0.0,0.1287128712871287,0.15564406822280066,1.0,-0.0,0,0
181,0.0,0.17821782178217818,0.17999117711932416,1.0,-0.0,0,0
182,0.0,0.15049504950495046,0.16746435256923542,1.0,-0.0,0,0
183,0.0,0.14455445544554454,0.17602612740628582,1.0,-0.0,0,0
184,0.0,0.13663366336633662,0.17560237051402267,1.0,-0.0,0,0
185,0.0,0.1089108910891089,0.1503125521928582,1.0,-0.0,0,0
186,0.0,0.061386138613861385,0.11166631429601334,1.0,-0.0,0,0
187,0.0,0.02970297029702971,0.07648795214189293,1.0,-0.0,0,0
188,0.0,0.019801980198019802,0.0597350618970232,1.0,-0.0,0,0
189,0.0,0.0,0.0,1.0,-0.0,0,0
190,0.0,0.0,0.0,1.0,-0.0,0,0
191,0.0,0.0,0.0,1.0,-0.0,0,0
192,0.0,0.0,0.0,1.0,-0.0,0,0
193,0.0,0.0,0.0,1.0,-0.0,0,0
194,0.0,0.0,0.0,1.0,-0.0,0,0
195,0.0,0.0,0.0,1.0,-0.0,0,0
196,0.0,0.0039603960396039604,0.027863855998951064,1.0,-0.0,0,0
197,0.0,0.0039603960396039604,0.027863855998951064,1.0,-0.0,0,0
198,0.0,0.0039603960396039604,0.027863855998951064,1.0,-0.0,0,0
199,0.0,0.02772277227722772,0.07461957893630407,1.0,-0.0,0,0
200,0.0,0.02772277227722772,0.07461957893630407,1.0,-0.0,0,0
201,0.0,0.023762376237623766,0.06471340450838887,1.0,-0.0,0,0
202,0.0,0.031683168316831684,0.07826167463512675,1.0,-0.0,0,0
203,0.0,0.031683168316831684,0.07826167463512675,1.0,-0.0,0,0
204,0.0,0.007920792079207921,0.03900537743285587,1.0,-0.0,0,0
205,0.0,0.007920792079207921,0.03900537743285587,1.0,-0.0,0,0
206,0.0,0.007920792079207921,0.03900537743285587,1.0,-0.0,0,0
207,0.0,0.0,0.0,1.0,-0.0,0,0
208,0.0,0.0,0.0,1.0,-0.0,0,0
209,0.0,0.0,0.0,1.0,-0.0,0,0
210,0.0,0.011881188118811881,0.047276579747775535,1.0,-0.0,0,0
211,0.0,0.031683168316831684,0.0730260947112308,1.0,-0.0,0,0
212,0.0,0.031683168316831684,0.0730260947112308,1.0,-0.0,0,0
213,0.0,0.031683168316831684,0.0730260947112308,1.0,-0.0,0,0
214,0.0,0.031683168316831684,0.0730260947112308,1.0,-0.0,0,0
215,0.0,0.019801980198019802,0.059735061897023205,1.0,-0.0,0,0
216,0.0,0.0,0.0,1.0,-0.0,0,0
217,0.0,0.0,0.0,1.0,-0.0,0,0
218,0.0,0.0,0.0,1.0,-0.0,0,0
219,0.0,0.0,0.0,1.0,-0.0,0,0
220,0.0,0.013861386138613863,0.05079507064705211,1.0,-0.0,0,0
221,0.0,0.013861386138613863,0.05079507064705211,1.0,-0.0,0,0
222,0.0,0.03762376237623763,0.07816140339006158,1.0,-0.0,0,0
223,0.0,0.03762376237623763,0.07816140339006158,1.0,-0.0,0,0
224,0.0,0.03762376237623763,0.07816140339006158,1.0,-0.0,0,0
225,0.0,0.023762376237623766,0.06471340450838889,1.0,-0.0,0,0
226,0.0,0.023762376237623766,0.06471340450838889,1.0,-0.0,0,0
227,0.0,0.0,0.0,1.0,-0.0,0,0
228,0.0,0.0,0.0,1.0,-0.0,0,0
229,0.0,0.0,0.0,1.0,-0.0,0,0
230,0.0,0.0,0.0,1.0,-0.0,0,0
231,0.0,0.0,0.0,1.0,-0.0,0,0
232,0.0,0.0,0.0,1.0,-0.0,0,0
233,0.0,0.0,0.0,1.0,-0.0,0,0
234,0.0,0.0,0.0,1.0,-0.0,0,0
235,0.0,0.0,0.0,1.0,-0.0,0,0
236,0.0,0.0,0.0,1.0,-0.0,0,0
237,0.0,0.0,0.0,1.0,-0.0,0,0
238,0.0,0.0,0.0,1.0,-0.0,0,0
239,0.0,0.0,0.0,1.0,-0.0,0,0
240,0.0,0.0039603960396039604,0.027863855998951068,1.0,-0.0,0,0
241,0.0,0.0039603960396039604,0.027863855998951068,1.0,-0.0,0,0
242,0.0,0.017821782178217824,0.05698017651460656,1.0,-0.0,0,0
243,0.0,0.017821782178217824,0.05698017651460656,1.0,-0.0,0,0
244,0.0,0.019801980198019802,0.0597350618970232,1.0,-0.0,0,0
245,0.0,0.025742574257425748,0.07264925278354115,1.0,-0.0,0,0
246,0.0,0.041584158415841586,0.08590499787518362,1.0,-0.0,0,0
247,0.0,0.05346534653465347,0.10104832334394513,1.0,-0.0,0,0
248,0.0,0.09108910891089109,0.13057300215314485,1.0,-0.0,0,0
249,0.0,0.0891089108910891,0.13042276277287218,1.0,-0.0,0,0
250,0.0,0.09900990099009899,0.14521752172118105,1.0,-0.0,0,0
251,0.0,0.1306930693069307,0.16028599085028164,1.0,-0.0,0,0
252,0.0,0.12079207920792079,0.1594028657227573,1.0,-0.0,0,0
253,0.0,0.0891089108910891,0.1363607548569253,1.0,-0.0,0,0
254,0.0,0.11287128712871287,0.15264231556912292,1.0,-0.0,0,0
255,0.0,0.10297029702970298,0.1367627457412436,1.0,-0.0,0,0
256,0.0,0.05544554455445545,0.1019369320889802,1.0,-0.0,0,0
257,0.0,0.05346534653465348,0.09704990696905225,1.0,-0.0,0,0
258,0.0,0.04752475247524753,0.09397077637785879,1.0,-0.0,0,0
259,0.0,0.023762376237623766,0.06471340450838887,1.0,-0.0,0,0
260,0.0,0.049504950495049514,0.08631483056516186,1.0,-0.0,0,0
261,0.0,0.09702970297029703,0.12778032320714203,1.0,-0.0,0,0
262,0.0,0.08316831683168317,0.12353642740976016,1.0,-0.0,0,0
263,0.0,0.09306930693069307,0.13069306930693073,1.0,-0.0,0,0
264,0.0,0.09702970297029702,0.13383560593042218,1.0,-0.0,0,0
265,0.0,0.06930693069306931,0.11751770396006173,1.0,-0.0,0,0
266,0.0,0.021782178217821784,0.06230547612891991,1.0,-0.0,0,0
267,0.2,0.04554455445544555,0.09283729243351321,0.04808399917069303,1.3179994190099724,0,0
268,0.2,0.03564356435643565,0.08154954567118416,0.021930426384501912,1.6589529244266183,0,0
269,0.2,0.031683168316831684,0.07826167463512675,0.015750221703151112,1.8027133286186672,0,0
270,0.2,0.027722772277227727,0.07461957893630405,0.010478998804251368,1.9796802091996202,0,0
271,0.2,0.027722772277227727,0.07461957893630405,0.010478998804251368,1.9796802091996202,0,0
272,0.0,0.007920792079207921,0.03900537743285587,1.0,-0.0,0,0
273,0.0,0.007920792079207921,0.03900537743285587,1.0,-0.0,0,0
274,0.2,0.0297029702970297,0.08150144802873932,0.018331504659791168,1.7368018864493864,0,0
275,0.4,0.031683168316831684,0.07826167463512675,1.2617472219627355e-06,5.899027642796046,0,0
276,0.4,0.06336633663366337,0.11233152161332939,0.001364205599377552,2.86512017224089,0,0
277,0.4,0.06732673267326734,0.11698261772468857,0.0022290647018759187,2.65187732530179,0,0
278,0.4,0.06732673267326734,0.11698261772468857,0.0022290647018759187,2.65187732530179,0,0
279,0.2,0.05346534653465348,0.09704990696905226,0.06553578757099196,1.183521477104809,0,0
280,0.0,0.04752475247524753,0.09397077637785879,1.0,-0.0,0,0
281,0.0,0.023762376237623766,0.06471340450838889,1.0,-0.0,0,0
282,0.0,0.025742574257425748,0.07264925278354116,1.0,-0.0,0,0
283,0.0,0.02772277227722773,0.07461957893630405,1.0,-0.0,0,0
284,0.0,0.019801980198019802,0.06603299802191316,1.0,-0.0,0,0
285,0.0,0.019801980198019802,0.06603299802191316,1.0,-0.0,0,0
286,0.0,0.011881188118811883,0.047276579747775535,1.0,-0.0,0,0
287,0.0,0.0019801980198019802,0.019801980198019802,1.0,-0.0,0,0
288,0.0,0.0,0.0,1.0,-0.0,0,0
289,0.0,0.0,0.0,1.0,-0.0,0,0
290,0.0,0.0,0.0,1.0,-0.0,0,0
291,0.0,0.0059405940594059415,0.03395332316729157,1.0,-0.0,0,0
292,0.0,0.0059405940594059415,0.03395332316729157,1.0,-0.0,0,0
293,0.0,0.0059405940594059415,0.03395332316729157,1.0,-0.0,0,0
294,0.0,0.0059405940594059415,0.03395332316729157,1.0,-0.0,0,0
295,0.0,0.0059405940594059415,0.03395332316729157,1.0,-0.0,0,0
296,0.0,0.0,0.0,1.0,-0.0,0,0
297,0.0,0.0,0.0,1.0,-0.0,0,0
298,0.2,0.0039603960396039604,0.027863855998951068,9.91868616164111e-13,12.003545851085573,0,0
299,0.2,0.0039603960396039604,0.027863855998951068,9.91868616164111e-13,12.003545851085573,0,0
300,0.2,0.0039603960396039604,0.027863855998951068,9.91868616164111e-13,12.003545851085573,0,0
301,0.2,0.0039603960396039604,0.027863855998951068,9.91868616164111e-13,12.003545851085573,0,0
302,0.2,0.0039603960396039604,0.027863855998951068,9.91868616164111e-13,12.003545851085573,0,0
303,0.0,0.0,0.0,1.0,-0.0,0,0
304,0.0,0.0,0.0,1.0,-0.0,0,0
305,0.0,0.0,0.0,1.0,-0.0,0,0
306,0.0,0.0,0.0,1.0,-0.0,0,0
307,0.0,0.0,0.0,1.0,-0.0,0,0
308,0.0,0.0,0.0,1.0,-0.0,0,0
309,0.0,0.0,0.0,1.0,-0.0,0,0
310,0.0,0.0,0.0,1.0,-0.0,0,0
311,0.0,0.0,0.0,1.0,-0.0,0,0
312,0.0,0.0,0.0,1.0,-0.0,0,0
313,0.0,0.0,0.0,1.0,-0.0,0,0
314,0.0,0.0019801980198019802,0.019801980198019802,1.0,-0.0,0,0
315,0.0,0.0019801980198019802,0.019801980198019802,1.0,-0.0,0,0
316,0.0,0.0019801980198019802,0.019801980198019802,1.0,-0.0,0,0
317,0.0,0.015841584158415842,0.054012600780142014,1.0,-0.0,0,0
318,0.0,0.021782178217821784,0.06836703565002801,1.0,-0.0,0,0
319,0.0,0.04158415841584159,0.09039772047931348,1.0,-0.0,0,0
320,0.2,0.12277227722772276,0.15407416763506465,0.30810205630421117,0.5113054031481944,0,0
321,0.2,0.12277227722772276,0.15407416763506465,0.30810205630421117,0.5113054031481944,0,0
322,0.2,0.1089108910891089,0.14218869759220787,0.26088437726569524,0.5835519273024177,0,0
323,0.2,0.10297029702970295,0.14243667729389656,0.24786839117861242,0.6057788520621764,0,0
324,0.2,0.08118811881188118,0.12325042629382525,0.1675260743172871,0.775917588323708,0,0
325,0.0,0.0,0.0,1.0,-0.0,0,0
326,0.0,0.0,0.0,1.0,-0.0,0,0
327,0.0,0.0,0.0,1.0,-0.0,0,0
328,0.0,0.0,0.0,1.0,-0.0,0,0
329,0.0,0.0,0.0,1.0,-0.0,0,0
330,0.0,0.023762376237623766,0.06471340450838889,1.0,-0.0,0,0
331,0.0,0.04752475247524753,0.09397077637785879,1.0,-0.0,0,0
332,0.0,0.06336633663366337,0.10874875419996817,1.0,-0.0,0,0
333,0.0,0.06336633663366337,0.10874875419996817,1.0,-0.0,0,0
334,0.0,0.07326732673267328,0.1115960618107356,1.0,-0.0,0,0
335,0.0,0.04950495049504951,0.09504950495049506,1.0,-0.0,0,0
336,0.0,0.025742574257425748,0.07264925278354116,1.0,-0.0,0,0
337,0.0,0.009900990099009901,0.04338396495090425,1.0,-0.0,0,0
338,0.0,0.009900990099009901,0.04338396495090425,1.0,-0.0,0,0
339,0.0,0.0,0.0,1.0,-0.0,0,0
340,0.0,0.0,0.0,1.0,-0.0,0,0
341,0.0,0.0,0.0,1.0,-0.0,0,0
342,0.0,0.009900990099009901,0.04338396495090425,1.0,-0.0,0,0
343,0.0,0.009900990099009901,0.04338396495090425,1.0,-0.0,0,0
344,0.0,0.019801980198019802,0.059735061897023205,1.0,-0.0,0,0
345,0.6,0.057425742574257435,0.09885135821266286,2.0234923797983527e-08,7.693898426764264,0,0
346,0.6,0.0613861386138614,0.10806149425459212,3.108886802095977e-07,6.507395090796974,0,0
347,0.6,0.07722772277227724,0.11930590361498672,5.885669548817543e-06,5.230204125035215,0,0
348,0.8,0.09504950495049502,0.13670539084430264,1.2566113914807947e-07,6.9007990076195815,0,0
349,0.8,0.08514851485148514,0.13598641357140118,7.329733396313729e-08,7.134911821622922,0,0
350,0.2,0.057425742574257435,0.09476028605152792,0.06621628156331662,1.1790352111084907,0,0
351,0.2,0.08910891089108909,0.11765109526742927,0.17295763001760878,0.7620602743466307,0,0
352,0.2,0.08514851485148513,0.12379009590564582,0.17675768599419256,0.7526216925958916,0,0
353,0.0,0.06732673267326733,0.11000352009767247,1.0,-0.0,0,0
354,0.0,0.06732673267326733,0.11000352009767247,1.0,-0.0,0,0
355,0.0,0.057425742574257435,0.10277971700879983,1.0,-0.0,0,0
356,0.0,0.021782178217821784,0.06230547612891991,1.0,-0.0,0,0
357,0.0,0.0,0.0,1.0,-0.0,0,0
358,0.0,0.0,0.0,1.0,-0.0,0,0
359,0.0,0.0,0.0,1.0,-0.0,0,0
360,0.0,0.0,0.0,1.0,-0.0,0,0
361,0.0,0.0,0.0,1.0,-0.0,0,0
362,0.0,0.015841584158415842,0.05401260078014202,1.0,-0.0,0,0
363,0.0,0.015841584158415842,0.05401260078014202,1.0,-0.0,0,0
364,0.0,0.015841584158415842,0.05401260078014202,1.0,-0.0,0,0
365,0.0,0.015841584158415842,0.05401260078014202,1.0,-0.0,0,0
366,0.0,0.015841584158415842,0.05401260078014202,1.0,-0.0,0,0
367,0.0,0.0,0.0,1.0,-0.0,0,0
368,0.0,0.0,0.0,1.0,-0.0,0,0
369,0.0,0.0,0.0,1.0,-0.0,0,0
370,0.0,0.0,0.0,1.0,-0.0,0,0
371,0.0,0.0,0.0,1.0,-0.0,0,0
372,0.0,0.0,0.0,1.0,-0.0,0,0
373,0.0,0.0,0.0,1.0,-0.0,0,0
374,0.0,0.0,0.0,1.0,-0.0,0,0
375,0.0,0.0,0.0,1.0,-0.0,0,0
376,0.0,0.0,0.0,1.0,-0.0,0,0
377,0.0,0.0,0.0,1.0,-0.0,0,0
378,0.0,0.0,0.0,1.0,-0.0,0,0
379,0.0,0.0,0.0,1.0,-0.0,0,0
380,0.0,0.0,0.0,1.0,-0.0,0,0
381,0.0,0.0,0.0,1.0,-0.0,0,0
382,0.0,0.0,0.0,1.0,-0.0,0,0
383,0.0,0.0,0.0,1.0,-0.0,0,0
384,0.0,0.0,0.0,1.0,-0.0,0,0
385,0.0,0.0,0.0,1.0,-0.0,0,0
386,0.0,0.0,0.0,1.0,-0.0,0,0
387,0.0,0.0,0.0,1.0,-0.0,0,0
388,0.0,0.0,0.0,1.0,-0.0,0,0
389,0.0,0.0,0.0,1.0,-0.0,0,0
390,0.0,0.0,0.0,1.0,-0.0,0,0
391,0.0,0.0039603960396039604,0.027863855998951068,1.0,-0.0,0,0
392,0.0,0.0039603960396039604,0.027863855998951068,1.0,-0.0,0,0
393,0.0,0.0039603960396039604,0.027863855998951068,1.0,-0.0,0,0
394,0.0,0.0039603960396039604,0.027863855998951068,1.0,-0.0,0,0
395,0.0,0.0039603960396039604,0.027863855998951068,1.0,-0.0,0,0
396,0.0,0.0,0.0,1.0,-0.0,0,0
397,0.0,0.0,0.0,1.0,-0.0,0,0
398,0.2,0.025742574257425745,0.0669763743575753,0.0046371400013480064,2.3337497919853587,0,0
399,0.2,0.025742574257425745,0.0669763743575753,0.0046371400013480064,2.3337497919853587,0,0
400,0.2,0.025742574257425745,0.0669763743575753,0.0046371400013480064,2.3337497919853587,0,0
401,0.2,0.025742574257425745,0.0669763743575753,0.0046371400013480064,2.3337497919853587,0,0
402,0.2,0.025742574257425745,0.0669763743575753,0.0046371400013480064,2.3337497919853587,0,0
403,0.0,0.0019801980198019802,0.0198019801980198,1.0,-0.0,0,0
404,0.0,0.0019801980198019802,0.0198019801980198,1.0,-0.0,0,0
405,0.0,0.013861386138613863,0.05079507064705211,1.0,-0.0,0,0
406,0.0,0.013861386138613863,0.05079507064705211,1.0,-0.0,0,0
407,0.0,0.013861386138613863,0.05079507064705211,1.0,-0.0,0,0
408,0.0,0.05148514851485149,0.1001126705723924,1.0,-0.0,0,0
409,0.0,0.06732673267326733,0.1135467024699521,1.0,-0.0,0,0
410,0.0,0.06336633663366337,0.10504385908811757,1.0,-0.0,0,0
411,0.0,0.06336633663366337,0.10504385908811757,1.0,-0.0,0,0
412,0.0,0.06336633663366337,0.10504385908811757,1.0,-0.0,0,0
413,0.0,0.023762376237623766,0.07056843438101175,1.0,-0.0,0,0
414,0.0,0.049504950495049514,0.10304643034659554,1.0,-0.0,0,0
415,0.0,0.041584158415841586,0.09467748980500532,1.0,-0.0,0,0
416,0.0,0.049504950495049514,0.09912864166957489,1.0,-0.0,0,0
417,0.0,0.049504950495049514,0.09912864166957489,1.0,-0.0,0,0
418,0.0,0.049504950495049514,0.09912864166957489,1.0,-0.0,0,0
419,0.0,0.007920792079207921,0.03900537743285587,1.0,-0.0,0,0
420,0.0,0.007920792079207921,0.03900537743285587,1.0,-0.0,0,0
421,0.0,0.0,0.0,1.0,-0.0,0,0
422,0.0,0.0,0.0,1.0,-0.0,0,0
423,0.0,0.021782178217821784,0.06230547612891991,1.0,-0.0,0,0
424,0.0,0.021782178217821784,0.06230547612891991,1.0,-0.0,0,0
425,0.0,0.021782178217821784,0.06230547612891991,1.0,-0.0,0,0
426,0.2,0.05148514851485149,0.096075322540263,0.0610744044260142,1.2141407594058027,0,0
427,0.2,0.05148514851485149,0.096075322540263,0.0610744044260142,1.2141407594058027,0,0
428,0.2,0.0297029702970297,0.07648795214189293,0.012991839772286904,1.8863293442020952,0,0
429,0.4,0.05346534653465347,0.10104832334394513,0.0003024637961133197,3.5193266014715943,0,0
430,0.4,0.05346534653465347,0.10104832334394513,0.0003024637961133197,3.5193266014715943,0,0
431,0.2,0.023762376237623766,0.07056843438101175,0.00625538335613176,2.203746069767374,0,0
432,0.6,0.03564356435643565,0.09074407316744237,2.4983231272021695e-10,9.602351391708346,0,0
433,0.6,0.03564356435643565,0.09074407316744237,2.4983231272021695e-10,9.602351391708346,0,0
434,0.4,0.015841584158415842,0.06090517425437506,1.418038973562859e-10,9.848311832784342,0,0
435,0.4,0.015841584158415842,0.06090517425437506,1.418038973562859e-10,9.848311832784342,0,0
436,0.8,0.039603960396039604,0.10155153588085614,3.5032894603975354e-14,13.455523977481114,0,0
437,0.4,0.02772277227722772,0.07975061610139514,1.5206040801793987e-06,5.81798384852175,0,0
438,0.4,0.02772277227722772,0.07975061610139514,1.5206040801793987e-06,5.81798384852175,0,0
439,0.4,0.03564356435643565,0.09908907725304397,0.00011796899810998677,3.9282321089544565,0,0
440,0.4,0.03564356435643565,0.09908907725304397,0.00011796899810998677,3.9282321089544565,0,0
441,0.0,0.011881188118811883,0.05501958015623684,1.0,-0.0,0,0
442,0.0,0.011881188118811883,0.05501958015623684,1.0,-0.0,0,0
443,0.0,0.011881188118811883,0.05501958015623684,1.0,-0.0,0,0
444,0.0,0.0039603960396039604,0.027863855998951064,1.0,-0.0,0,0
445,0.0,0.021782178217821784,0.06836703565002801,1.0,-0.0,0,0
446,0.0,0.05346534653465347,0.10104832334394513,1.0,-0.0,0,0
447,0.0,0.05346534653465347,0.10104832334394513,1.0,-0.0,0,0
448,0.0,0.05346534653465347,0.10104832334394513,1.0,-0.0,0,0
449,0.0,0.05148514851485149,0.096075322540263,1.0,-0.0,0,0
450,0.0,0.033663366336633666,0.07482947971362845,1.0,-0.0,0,0
451,0.0,0.021782178217821784,0.07393328595086918,1.0,-0.0,0,0
452,0.0,0.021782178217821784,0.07393328595086918,1.0,-0.0,0,0
453,0.0,0.021782178217821784,0.07393328595086918,1.0,-0.0,0,0
454,0.2,0.03960396039603961,0.09757374253271223,0.050104184963067615,1.3001259980756423,0,0
455,0.2,0.03960396039603961,0.09757374253271223,0.050104184963067615,1.3001259980756423,0,0
456,0.2,0.019801980198019802,0.06603299802191315,0.003177215148072976,2.4979533755231182,0,0
457,0.2,0.019801980198019802,0.06603299802191315,0.003177215148072976,2.4979533755231182,0,0
458,0.2,0.04950495049504951,0.09504950495049506,0.056672754609762926,1.2466256777282645,0,0
459,0.0,0.06930693069306931,0.11057238501634631,1.0,-0.0,0,0
460,0.0,0.06930693069306931,0.11057238501634631,1.0,-0.0,0,0
461,0.0,0.06930693069306931,0.11057238501634631,1.0,-0.0,0,0
462,0.0,0.06930693069306931,0.11057238501634631,1.0,-0.0,0,0
463,0.0,0.039603960396039604,0.08452453849668534,1.0,-0.0,0,0
464,0.0,0.031683168316831684,0.0730260947112308,1.0,-0.0,0,0
465,0.0,0.039603960396039604,0.08452453849668534,1.0,-0.0,0,0
466,0.0,0.04356435643564357,0.08721867542790195,1.0,-0.0,0,0
467,0.0,0.07722772277227724,0.122580495370631,1.0,-0.0,0,0
468,0.0,0.19603960396039602,0.1823503276549915,1.0,-0.0,0,0
469,0.0,0.16435643564356434,0.16744093589393824,1.0,-0.0,0,0
470,0.0,0.16237623762376235,0.1634113349368535,1.0,-0.0,0,0
471,0.0,0.18019801980198016,0.16531985318607367,1.0,-0.0,0,0
472,0.2,0.2792079207920792,0.2270415985277005,1.0,-0.0,0,0
473,0.2,0.398019801980198,0.2735828283432958,1.0,-0.0,0,0
474,0.2,0.398019801980198,0.2735828283432958,1.0,-0.0,0,0
475,0.2,0.5663366336633663,0.30839001528788484,1.0,-0.0,0,0
476,0.4,0.6673267326732673,0.35295328580228785,1.0,-0.0,0,0
477,0.2,0.5643564356435643,0.33935995621806214,1.0,-0.0,0,0
478,0.6,0.3603960396039604,0.2453848091035195,0.1644228124574884,0.7840379274462735,0,0
479,0.6,0.3603960396039604,0.2453848091035195,0.1644228124574884,0.7840379274462735,0,0
480,0.6,0.1861386138613861,0.17178717143997088,0.007994821245712531,2.097191242095174,0,0
481,0.4,0.061386138613861385,0.10806149425459212,0.0008635882888169143,3.0636932557966734,0,0
482,0.4,0.031683168316831684,0.0730260947112308,2.283873330835405e-07,6.641327986785526,0,0
483,0.0,0.0,0.0,1.0,-0.0,0,0
484,0.0,0.0,0.0,1.0,-0.0,0,0
485,0.2,0.19999999999999996,0.2068145962637134,0.4999999999999999,0.3010299956639813,0,0
486,0.2,0.2059405940594059,0.20768492042973294,1.0,-0.0,0,0
487,0.2,0.22376237623762374,0.20736370442096458,1.0,-0.0,0,0
488,0.2,0.24158415841584158,0.21492219487073477,1.0,-0.0,0,0
489,0.2,0.24158415841584158,0.21492219487073477,1.0,-0.0,0,0
490,0.0,0.04158415841584159,0.09039772047931348,1.0,-0.0,0,0
491,0.0,0.10891089108910891,0.1449472487868919,1.0,-0.0,0,0
492,0.0,0.16831683168316827,0.15602150973142348,1.0,-0.0,0,0
493,0.0,0.15247524752475244,0.1519471373722842,1.0,-0.0,0,0
494,0.0,0.17425742574257425,0.16084767121704766,1.0,-0.0,0,0
495,0.0,0.22574257425742572,0.17272049494935862,1.0,-0.0,0,0
496,0.0,0.18415841584158413,0.17045813240916707,1.0,-0.0,0,0
497,0.0,0.14455445544554454,0.14105349559214359,1.0,-0.0,0,0
498,0.0,0.15049504950495046,0.1390375420320155,1.0,-0.0,0,0
499,0.0,0.1287128712871287,0.1337476815110359,1.0,-0.0,0,0
500,0.0,0.08514851485148514,0.11378818137472192,1.0,-0.0,0,0
501,0.0,0.09900990099009899,0.12467387119760155,1.0,-0.0,0,0
502,0.0,0.08514851485148513,0.1172170185104851,1.0,-0.0,0,0
503,0.0,0.08316831683168316,0.11694909354640316,1.0,-0.0,0,0
504,0.0,0.08316831683168316,0.11694909354640316,1.0,-0.0,0,0
505,0.0,0.07326732673267328,0.1115960618107356,1.0,-0.0,0,0
506,0.0,0.031683168316831684,0.07826167463512676,1.0,-0.0,0,0
507,0.0,0.009900990099009901,0.04338396495090425,1.0,-0.0,0,0
508,0.0,0.0039603960396039604,0.027863855998951068,1.0,-0.0,0,0
509,0.0,0.0297029702970297,0.07112192077650681,1.0,-0.0,0,0
510,0.0,0.04554455445544555,0.09283729243351321,1.0,-0.0,0,0
511,0.0,0.05148514851485149,0.10399339410297731,1.0,-0.0,0,0
512,0.0,0.061386138613861385,0.11854756076907538,1.0,-0.0,0,0
513,0.0,0.06534653465346535,0.11976515267356391,1.0,-0.0,0,0
514,0.0,0.0891089108910891,0.13042276277287215,1.0,-0.0,0,0
515,0.0,0.09702970297029703,0.13084299831035082,1.0,-0.0,0,0
516,0.0,0.08712871287128714,0.12401163019288061,1.0,-0.0,0,0
517,0.0,0.20990099009900987,0.19574936009912708,1.0,-0.0,0,0
518,0.0,0.22772277227722773,0.21066552339846717,1.0,-0.0,0,0
519,0.0,0.18613861386138614,0.19752413211148517,1.0,-0.0,0,0
520,0.0,0.18613861386138614,0.18295143702892827,1.0,-0.0,0,0
521,0.0,0.18613861386138614,0.18295143702892827,1.0,-0.0,0,0
522,0.0,0.1188118811881188,0.13838736799727644,1.0,-0.0,0,0
523,0.0,0.09702970297029702,0.13383560593042218,1.0,-0.0,0,0
524,0.0,0.1485148514851485,0.15834156674616873,1.0,-0.0,0,0
525,0.0,0.13465346534653466,0.14921288105967925,1.0,-0.0,0,0
526,0.0,0.13465346534653466,0.14921288105967925,1.0,-0.0,0,0
527,0.0,0.06732673267326733,0.10255055347504201,1.0,-0.0,0,0
528,0.0,0.10495049504950493,0.13078304733432372,1.0,-0.0,0,0
529,0.0,0.04950495049504951,0.10304643034659552,1.0,-0.0,0,0
530,0.0,0.039603960396039604,0.08908690597387718,1.0,-0.0,0,0
531,0.0,0.04356435643564357,0.09164702150816742,1.0,-0.0,0,0
532,0.0,0.0594059405940594,0.10357779667819421,1.0,-0.0,0,0
533,0.0,0.06534653465346535,0.10571364605971598,1.0,-0.0,0,0
534,0.0,0.0871287128712871,0.11402914890208293,1.0,-0.0,0,0
535,0.0,0.08910891089108909,0.11423528793549273,1.0,-0.0,0,0
536,0.0,0.1069306930693069,0.12448501897427097,1.0,-0.0,0,0
537,0.0,0.10297029702970295,0.13084299831035082,1.0,-0.0,0,0
538,0.0,0.05940594059405942,0.0996808946427978,1.0,-0.0,0,0
539,0.0,0.04554455445544555,0.08846854615322249,1.0,-0.0,0,0
540,0.0,0.12871287128712872,0.15307840071356585,1.0,-0.0,0,0
541,0.0,0.1306930693069307,0.1474150698648297,1.0,-0.0,0,0
542,0.0,0.12475247524752475,0.14852805221860732,1.0,-0.0,0,0
543,0.0,0.12475247524752475,0.14852805221860732,1.0,-0.0,0,0
544,0.0,0.12772277227722773,0.15032559506261184,1.0,-0.0,0,0
545,0.0,0.06336633663366337,0.10874875419996817,1.0,-0.0,0,0
546,0.0,0.04158415841584158,0.09039772047931349,1.0,-0.0,0,0
547,0.0,0.05544554455445545,0.10575073206193022,1.0,-0.0,0,0
548,0.0,0.08316831683168317,0.12670172889541698,1.0,-0.0,0,0
549,0.0,0.08514851485148514,0.12054836637801526,1.0,-0.0,0,0
550,0.0,0.07524752475247526,0.11205191564986228,1.0,-0.0,0,0
551,0.0,0.19999999999999996,0.19498667128857303,1.0,-0.0,0,0
552,0.0,0.17821782178217818,0.1799911771193242,1.0,-0.0,0,0
553,0.0,0.22574257425742575,0.20808103207694087,1.0,-0.0,0,0
554,0.0,0.22772277227722765,0.20687146814606538,1.0,-0.0,0,0
555,0.0,0.2396039603960396,0.2087583319832626,1.0,-0.0,0,0
556,0.0,0.16237623762376235,0.17052712983454243,1.0,-0.0,0,0
557,0.2,0.19405940594059404,0.18552669588707663,0.4872279878104105,0.3122677725046822,0,0
558,0.2,0.15247524752475247,0.16203780234042603,0.3846486317957774,0.41493580801916446,0,0
559,0.2,0.16633663366336635,0.18683249644342295,0.4285058667124957,0.36804322773513054,0,0
560,0.2,0.1405940594059406,0.17013577444760863,0.3634816548837339,0.43951750332988115,0,0
561,0.2,0.09504950495049505,0.13957235791450376,0.22604258799392601,0.6458097290460244,0,0
562,0.0,0.06336633663366338,0.11580349716604711,1.0,-0.0,0,0
563,0.0,0.0297029702970297,0.07112192077650681,1.0,-0.0,0,0
564,0.0,0.0,0.0,1.0,-0.0,0,0
565,0.0,0.0,0.0,1.0,-0.0,0,0
566,0.0,0.0,0.0,1.0,-0.0,0,0
567,0.0,0.0,0.0,1.0,-0.0,0,0
568,0.0,0.0,0.0,1.0,-0.0,0,0
569,0.0,0.0,0.0,1.0,-0.0,0,0
570,0.0,0.0,0.0,1.0,-0.0,0,0
571,0.0,0.017821782178217824,0.056980176514606566,1.0,-0.0,0,0
572,0.0,0.017821782178217824,0.056980176514606566,1.0,-0.0,0,0
573,0.0,0.03762376237623763,0.08771182015980238,1.0,-0.0,0,0
574,0.0,0.06534653465346535,0.10571364605971598,1.0,-0.0,0,0
575,0.0,0.07524752475247526,0.10845991237726066,1.0,-0.0,0,0
576,0.0,0.057425742574257435,0.09476028605152792,1.0,-0.0,0,0
577,0.0,0.057425742574257435,0.09476028605152792,1.0,-0.0,0,0
578,0.4,0.15247524752475247,0.16685445095398732,0.0689738517569684,1.1613155207112393,0,0
579,0.4,0.13267326732673265,0.16235208707144264,0.04982154761008673,1.3025827860712573,0,0
580,0.4,0.12277227722772276,0.15148191286261609,0.033617160855553524,1.4734389677803268,0,0
581,0.4,0.14257425742574256,0.14981608173764543,0.04287292037666871,1.367816932624782,0,0
582,0.4,0.23366336633663368,0.20502461949377873,0.20859648119129975,0.6806930219501921,0,0
583,0.2,0.1207920792079208,0.1517663861889879,0.3008675846233133,0.521624600487126,0,0
584,0.2,0.14653465346534653,0.1662423117767553,0.37387372660140195,0.42727505314732206,0,0
585,0.4,0.19999999999999998,0.19700731252448173,0.15500745616653283,0.8096474109000384,0,0
586,0.4,0.18217821782178217,0.19108654387033375,0.12716155040000254,0.8956441856482595,0,0
587,0.4,0.0891089108910891,0.13042276277287215,0.008569364695932549,2.0670513740252336,0,0
588,0.2,0.08712871287128714,0.13024224675172555,0.19307354504257346,0.7142772292196833,0,0
589,0.4,0.07722772277227724,0.1257698574906964,0.0051384230534958115,2.2891701425307063,0,0
590,0.2,0.023762376237623766,0.07056843438101175,0.00625538335613176,2.203746069767374,0,0
591,0.2,0.031683168316831684,0.08316831683168317,0.021494876961718305,1.6676650364739216,0,0
592,0.2,0.031683168316831684,0.08316831683168317,0.021494876961718305,1.6676650364739216,0,0
593,0.4,0.06336633663366337,0.11917436454123627,0.0023661313934760144,2.625961142262117,0,0
594,0.4,0.07920792079207921,0.13520562388207177,0.008831121861723287,2.053984122310577,0,0
595,0.4,0.09306930693069307,0.14505541839059363,0.01717433061606678,1.7651201809300554,0,0
596,0.4,0.08514851485148514,0.13598641357140118,0.010297829212359208,1.9872543151447362,0,0
597,0.4,0.15346534653465346,0.18645433514983514,0.0930465566578403,1.0312996940234802,0,0
598,0.2,0.1920792079207921,0.19071681786668523,0.4834360141647527,0.31566099941777814,0,0
599,0.0,0.15247524752475247,0.1644637607354148,1.0,-0.0,0,0
600,0.0,0.19801980198019797,0.18129359046727286,1.0,-0.0,0,0
601,0.0,0.2376237623762376,0.19235460506266758,1.0,-0.0,0,0
602,0.0,0.21386138613861383,0.2034502897273873,1.0,-0.0,0,0
603,0.4,0.24950495049504953,0.1958094458508156,0.2210716055225288,0.6554670347020757,0,0
604,0.4,0.2613861386138614,0.20244559079813162,0.2467676138135505,0.6077118384191472,0,0
605,0.4,0.201980198019802,0.189830668692386,0.1484419259212758,0.8284434196455619,0,0
606,0.4,0.18415841584158413,0.1772913210740546,0.11171838492705922,0.9518753513664505,0,0
607,0.4,0.14059405940594058,0.15554326246855826,0.04768353513207034,1.32163155462188,0,0
608,0.2,0.0712871287128713,0.11461224656227947,0.13071259900090526,0.8836825500410104,0,0
609,0.2,0.05940594059405942,0.0996808946427978,0.07920469585235769,1.1012490693914336,0,0
610,0.2,0.05940594059405942,0.0996808946427978,0.07920469585235769,1.1012490693914336,0,0
611,0.2,0.04554455445544555,0.09700949476369022,0.05567344326657021,1.2543519178087963,0,0
612,0.2,0.06732673267326733,0.1135467024699521,0.12131331785204298,0.9160915193958917,0,0
613,0.0,0.03564356435643565,0.08154954567118415,1.0,-0.0,0,0
614,0.0,0.03564356435643565,0.08154954567118415,1.0,-0.0,0,0
615,0.0,0.03564356435643565,0.08154954567118415,1.0,-0.0,0,0
616,0.0,0.027722772277227727,0.06910862719451544,1.0,-0.0,0,0
617,0.0,0.0059405940594059415,0.03395332316729158,1.0,-0.0,0,0
618,0.0,0.0,0.0,1.0,-0.0,0,0
619,0.0,0.0,0.0,1.0,-0.0,0,0
620,0.0,0.0,0.0,1.0,-0.0,0,0
621,0.0,0.0,0.0,1.0,-0.0,0,0
622,0.0,0.0,0.0,1.0,-0.0,0,0
623,0.0,0.0,0.0,1.0,-0.0,0,0
624,0.0,0.0,0.0,1.0,-0.0,0,0
625,0.0,0.0,0.0,1.0,-0.0,0,0
626,0.0,0.0,0.0,1.0,-0.0,0,0
627,0.0,0.0,0.0,1.0,-0.0,0,0
628,0.0,0.0,0.0,1.0,-0.0,0,0
629,0.0,0.0,0.0,1.0,-0.0,0,0
630,0.0,0.0,0.0,1.0,-0.0,0,0
631,0.0,0.0,0.0,1.0,-0.0,0,0
632,0.0,0.0,0.0,1.0,-0.0,0,0
633,0.0,0.0,0.0,1.0,-0.0,0,0
634,0.0,0.0,0.0,1.0,-0.0,0,0
635,0.0,0.007920792079207921,0.03900537743285587,1.0,-0.0,0,0
636,0.0,0.025742574257425745,0.07264925278354116,1.0,-0.0,0,0
637,0.0,0.04356435643564357,0.09164702150816742,1.0,-0.0,0,0
638,0.0,0.04356435643564357,0.09164702150816742,1.0,-0.0,0,0
639,0.0,0.04950495049504951,0.09912864166957489,1.0,-0.0,0,0
640,0.0,0.049504950495049514,0.10304643034659555,1.0,-0.0,0,0
641,0.0,0.039603960396039604,0.09342674148186496,1.0,-0.0,0,0
642,0.0,0.021782178217821784,0.06836703565002801,1.0,-0.0,0,0
643,0.2,0.05544554455445546,0.10575073206193022,0.08582272375636792,1.0663977063776957,0,0
644,0.4,0.07722772277227724,0.11593886073904515,0.002684759588187431,2.5710945979339663,0,0
645,0.4,0.1465346534653465,0.15127468716660813,0.04691509970755802,1.3286873563414041,0,0
646,0.4,0.18613861386138614,0.17407731466008644,0.10962168539118868,0.9601035251021118,0,0
647,0.6,0.295049504950495,0.22793790956873936,0.09046997837449917,1.0434955134949173,0,0
648,0.4,0.27326732673267323,0.22816143716172793,0.28929284653220116,0.5386623052044253,0,0
649,0.2,0.2455445544554455,0.21959672871521846,1.0,-0.0,0,0
650,0.2,0.1762376237623762,0.1808388127814792,0.447729102622859,0.3489846753334784,0,0
651,0.2,0.1277227722772277,0.1476675500000171,0.312258348046925,0.5054859421860101,0,0
652,0.0,0.017821782178217824,0.05698017651460657,1.0,-0.0,0,0
653,0.0,0.009900990099009901,0.04338396495090424,1.0,-0.0,0,0
654,0.0,0.009900990099009901,0.04338396495090424,1.0,-0.0,0,0
655,0.0,0.0059405940594059415,0.03395332316729158,1.0,-0.0,0,0
656,0.0,0.019801980198019802,0.0597350618970232,1.0,-0.0,0,0
657,0.0,0.019801980198019802,0.0597350618970232,1.0,-0.0,0,0
658,0.0,0.015841584158415842,0.054012600780142014,1.0,-0.0,0,0
659,0.0,0.015841584158415842,0.054012600780142014,1.0,-0.0,0,0
660,0.0,0.013861386138613863,0.05079507064705211,1.0,-0.0,0,0
661,0.0,0.0,0.0,1.0,-0.0,0,0
662,0.0,0.009900990099009901,0.04338396495090424,1.0,-0.0,0,0
663,0.0,0.025742574257425745,0.0669763743575753,1.0,-0.0,0,0
664,0.0,0.03564356435643565,0.08626938974571076,1.0,-0.0,0,0
665,0.0,0.041584158415841586,0.09039772047931348,1.0,-0.0,0,0
666,0.0,0.05148514851485149,0.096075322540263,1.0,-0.0,0,0
667,0.0,0.05940594059405942,0.11096178792967841,1.0,-0.0,0,0
668,0.0,0.043564356435643575,0.09164702150816742,1.0,-0.0,0,0
669,0.0,0.033663366336633666,0.08475617647141663,1.0,-0.0,0,0
670,0.0,0.027722772277227727,0.07461957893630405,1.0,-0.0,0,0
671,0.0,0.03168316831683169,0.07826167463512676,1.0,-0.0,0,0
672,0.0,0.01386138613861386,0.05079507064705211,1.0,-0.0,0,0
673,0.0,0.019801980198019802,0.059735061897023205,1.0,-0.0,0,0
674,0.0,0.019801980198019802,0.059735061897023205,1.0,-0.0,0,0
675,0.0,0.019801980198019802,0.059735061897023205,1.0,-0.0,0,0
676,0.0,0.011881188118811883,0.047276579747775535,1.0,-0.0,0,0
677,0.0,0.05544554455445544,0.09797478714338996,1.0,-0.0,0,0
678,0.0,0.04950495049504951,0.09504950495049506,1.0,-0.0,0,0
679,0.0,0.06534653465346535,0.10939585993610405,1.0,-0.0,0,0
680,0.0,0.06534653465346535,0.10939585993610405,1.0,-0.0,0,0
681,0.0,0.0594059405940594,0.09968089464279778,1.0,-0.0,0,0
682,0.0,0.015841584158415842,0.05401260078014202,1.0,-0.0,0,0
683,0.2,0.033663366336633666,0.07994704648786674,0.018735949469970602,1.7273242935431963,0,0
684,0.2,0.017821782178217824,0.05698017651460656,0.0006937928196726553,3.15877019915046,0,0
685,0.2,0.017821782178217824,0.05698017651460656,0.0006937928196726553,3.15877019915046,0,0
686,0.2,0.017821782178217824,0.05698017651460656,0.0006937928196726553,3.15877019915046,0,0
687,0.2,0.017821782178217824,0.05698017651460656,0.0006937928196726553,3.15877019915046,0,0
688,0.0,0.0,0.0,1.0,-0.0,0,0
689,0.0,0.0,0.0,1.0,-0.0,0,0
690,0.0,0.0,0.0,1.0,-0.0,0,0
691,0.0,0.0,0.0,1.0,-0.0,0,0
692,0.0,0.0,0.0,1.0,-0.0,0,0
693,0.0,0.0,0.0,1.0,-0.0,0,0
694,0.0,0.0059405940594059415,0.03395332316729158,1.0,-0.0,0,0
695,0.2,0.11287128712871287,0.14464936528910635,0.2734725071303193,0.5630863278378737,0,0
696,0.2,0.20396039603960398,0.17571398456617043,1.0,-0.0,0,0
697,0.2,0.2079207920792079,0.1755800391893932,1.0,-0.0,0,0
698,0.2,0.2079207920792079,0.1755800391893932,1.0,-0.0,0,0
699,0.2,0.21584158415841584,0.19229343978313213,1.0,-0.0,0,0
700,0.0,0.10693069306930691,0.15041686348382532,1.0,-0.0,0,0
701,0.0,0.025742574257425745,0.07264925278354116,1.0,-0.0,0,0
702,0.2,0.13663366336633664,0.18005652153139493,0.36244736881697714,0.4407550486567192,0,0
703,0.2,0.15247524752475247,0.19118911865031774,0.40184494165729173,0.39594149411264895,0,0
704,0.4,0.23168316831683164,0.2366978660987554,0.2385098534372213,0.6224936744644642,0,0
705,0.4,0.2732673267326733,0.2695397944898781,0.3191126110326281,0.4960560325546593,0,0
706,0.4,0.27128712871287125,0.2573038553787055,0.30845415537758103,0.5108093747297837,0,0
707,0.2,0.15643564356435644,0.19620954730162493,0.4121453626552587,0.38494958235324495,0,0
708,0.2,0.1881188118811881,0.196648718676233,0.4759112281451914,0.3224740487965886,0,0
709,0.0,0.10495049504950493,0.13957235791450373,1.0,-0.0,0,0
710,0.4,0.1821782178217822,0.18042635951740818,0.11366574254798124,0.9443704065888407,0,0
711,0.4,0.1861386138613861,0.187230838076401,0.1266784310982938,0.8972973239674209,0,0
712,0.4,0.20396039603960395,0.20094863738570085,0.16463862369044924,0.783468273085418,0,0
713,0.4,0.18415841584158413,0.19434208548729184,0.1333644493931604,0.8749599237179717,0,0
714,0.4,0.17227722772277226,0.1846156359731749,0.10869525909647894,0.9637893978929125,0,0
715,0.0,0.06732673267326733,0.12032045569079852,1.0,-0.0,0,0
716,0.0,0.057425742574257435,0.11021718851545144,1.0,-0.0,0,0
717,0.0,0.039603960396039604,0.07970143286137865,1.0,-0.0,0,0
718,0.0,0.017821782178217824,0.056980176514606566,1.0,-0.0,0,0
719,0.0,0.0594059405940594,0.09968089464279778,1.0,-0.0,0,0
720,0.0,0.08514851485148514,0.1172170185104851,1.0,-0.0,0,0
721,0.0,0.08514851485148514,0.1172170185104851,1.0,-0.0,0,0
722,0.0,0.11485148514851483,0.14445948324625327,1.0,-0.0,0,0
723,0.0,0.12475247524752472,0.14852805221860732,1.0,-0.0,0,0
724,0.0,0.08316831683168317,0.13280619910579972,1.0,-0.0,0,0
725,0.0,0.04356435643564357,0.09587103712404124,1.0,-0.0,0,0
726,0.0,0.04356435643564357,0.09587103712404124,1.0,-0.0,0,0
727,0.0,0.013861386138613863,0.05807080514303042,1.0,-0.0,0,0
728,0.0,0.011881188118811883,0.047276579747775535,1.0,-0.0,0,0
729,0.0,0.011881188118811883,0.047276579747775535,1.0,-0.0,0,0
730,0.0,0.011881188118811883,0.047276579747775535,1.0,-0.0,0,0
731,0.0,0.011881188118811883,0.047276579747775535,1.0,-0.0,0,0
732,0.0,0.011881188118811883,0.047276579747775535,1.0,-0.0,0,0
733,0.0,0.0,0.0,1.0,-0.0,0,0
734,0.0,0.0,0.0,1.0,-0.0,0,0
735,0.0,0.0,0.0,1.0,-0.0,0,0
736,0.0,0.0,0.0,1.0,-0.0,0,0
737,0.0,0.0,0.0,1.0,-0.0,0,0
738,0.0,0.0,0.0,1.0,-0.0,0,0
739,0.0,0.023762376237623766,0.06471340450838887,1.0,-0.0,0,0
740,0.0,0.03762376237623763,0.08307396817189319,1.0,-0.0,0,0
741,0.0,0.07920792079207921,0.1322440226302099,1.0,-0.0,0,0
742,0.0,0.09702970297029702,0.1396285351588451,1.0,-0.0,0,0
743,0.0,0.09702970297029702,0.1396285351588451,1.0,-0.0,0,0
744,0.0,0.13465346534653466,0.1737391031211394,1.0,-0.0,0,0
745,0.0,0.12079207920792079,0.1618683193480064,1.0,-0.0,0,0
746,0.0,0.07920792079207921,0.1352056238820718,1.0,-0.0,0,0
747,0.0,0.07326732673267328,0.11848138852793338,1.0,-0.0,0,0
748,0.0,0.07326732673267328,0.11848138852793338,1.0,-0.0,0,0
749,0.0,0.011881188118811881,0.047276579747775535,1.0,-0.0,0,0
750,0.0,0.011881188118811881,0.047276579747775535,1.0,-0.0,0,0
751,0.0,0.011881188118811881,0.047276579747775535,1.0,-0.0,0,0
752,0.0,0.0,0.0,1.0,-0.0,0,0
753,0.0,0.0,0.0,1.0,-0.0,0,0
754,0.0,0.0039603960396039604,0.027863855998951064,1.0,-0.0,0,0
755,0.0,0.011881188118811881,0.047276579747775535,1.0,-0.0,0,0
756,0.0,0.011881188118811881,0.047276579747775535,1.0,-0.0,0,0
757,0.0,0.011881188118811881,0.047276579747775535,1.0,-0.0,0,0
758,0.0,0.03762376237623762,0.07816140339006157,1.0,-0.0,0,0
759,0.0,0.04950495049504951,0.09078727434730813,1.0,-0.0,0,0
760,0.0,0.04752475247524753,0.09397077637785879,1.0,-0.0,0,0
761,0.0,0.04752475247524753,0.09397077637785879,1.0,-0.0,0,0
762,0.0,0.1881188118811881,0.17535656953133033,1.0,-0.0,0,0
763,0.0,0.1900990099009901,0.17660435755646176,1.0,-0.0,0,0
764,0.0,0.2613861386138614,0.22819580658832372,1.0,-0.0,0,0
765,0.0,0.3405940594059407,0.24942635883073955,1.0,-0.0,0,0
766,0.0,0.3405940594059407,0.24942635883073955,1.0,-0.0,0,0
767,0.0,0.19999999999999996,0.1711926712598098,1.0,-0.0,0,0
768,0.0,0.19207920792079203,0.1614802616861395,1.0,-0.0,0,0
769,0.0,0.10297029702970295,0.13383560593042215,1.0,-0.0,0,0
770,0.0,0.08910891089108909,0.13042276277287215,1.0,-0.0,0,0
771,0.0,0.11485148514851483,0.15757201001249715,1.0,-0.0,0,0
772,0.0,0.11485148514851483,0.15757201001249715,1.0,-0.0,0,0
773,0.2,0.1188118811881188,0.164535271903691,0.3108512183040145,0.5074474261833147,0,0
774,0.2,0.1188118811881188,0.164535271903691,0.3108512183040145,0.5074474261833147,0,0
775,0.2,0.09900990099009901,0.1531808285609007,0.2548558070613311,0.5937054662700563,0,0
776,0.2,0.07524752475247526,0.12539516989297084,0.1598986177526046,0.7961552905064926,0,0
777,0.2,0.10099009900990098,0.1396566153069739,0.2391769893682686,0.621280605081162,0,0
778,0.0,0.07920792079207921,0.12293186689242577,1.0,-0.0,0,0
779,0.0,0.07920792079207921,0.12293186689242577,1.0,-0.0,0,0
780,0.0,0.0297029702970297,0.07112192077650681,1.0,-0.0,0,0
781,0.0,0.02772277227722772,0.06910862719451544,1.0,-0.0,0,0
782,0.0,0.009900990099009901,0.04338396495090424,1.0,-0.0,0,0
783,0.0,0.017821782178217824,0.05698017651460656,1.0,-0.0,0,0
784,0.0,0.02772277227722773,0.07461957893630407,1.0,-0.0,0,0
785,0.0,0.02772277227722773,0.07461957893630407,1.0,-0.0,0,0
786,0.0,0.02970297029702971,0.07648795214189293,1.0,-0.0,0,0
787,0.0,0.021782178217821784,0.06836703565002801,1.0,-0.0,0,0
788,0.0,0.021782178217821784,0.06836703565002801,1.0,-0.0,0,0
789,0.0,0.033663366336633666,0.08930671115865095,1.0,-0.0,0,0
790,0.0,0.04554455445544555,0.10485704788018795,1.0,-0.0,0,0
791,0.0,0.07722772277227723,0.1434243086117372,1.0,-0.0,0,0
792,0.0,0.10099009900990098,0.16075012865427646,1.0,-0.0,0,0
793,0.0,0.10495049504950495,0.15049504950495052,1.0,-0.0,0,0
794,0.0,0.1782178217821782,0.18858722298311487,1.0,-0.0,0,0
795,0.0,0.16633663366336635,0.1847005753086894,1.0,-0.0,0,0
796,0.0,0.14653465346534653,0.1638426898490107,1.0,-0.0,0,0
797,0.0,0.1217821782178218,0.13759170507754626,1.0,-0.0,0,0
798,0.0,0.10693069306930694,0.13368903310588712,1.0,-0.0,0,0
799,0.0,0.013861386138613863,0.05079507064705211,1.0,-0.0,0,0
800,0.0,0.013861386138613863,0.05079507064705211,1.0,-0.0,0,0
801,0.0,0.0,0.0,1.0,-0.0,0,0
802,0.0,0.0,0.0,1.0,-0.0,0,0
803,0.0,0.0,0.0,1.0,-0.0,0,0
804,0.0,0.021782178217821784,0.06230547612891991,1.0,-0.0,0,0
805,0.0,0.041584158415841586,0.08116396646304633,1.0,-0.0,0,0
806,0.0,0.0712871287128713,0.1213265242141813,1.0,-0.0,0,0
807,0.0,0.10495049504950495,0.1367053908443026,1.0,-0.0,0,0
808,0.0,0.14653465346534653,0.1638426898490107,1.0,-0.0,0,0
809,0.0,0.12277227722772276,0.15148191286261609,1.0,-0.0,0,0
810,0.0,0.10891089108910891,0.14765427233510692,1.0,-0.0,0,0
811,0.0,0.07920792079207921,0.1292145592164392,1.0,-0.0,0,0
812,0.0,0.04554455445544555,0.09283729243351323,1.0,-0.0,0,0
813,0.0,0.0059405940594059415,0.03395332316729158,1.0,-0.0,0,0
814,0.0,0.1188118811881188,0.1467218499235066,1.0,-0.0,0,0
815,0.0,0.1386138613861386,0.15348770198080078,1.0,-0.0,0,0
816,0.2,0.16633663366336632,0.1781518029535443,0.42506251997560723,0.3715471874002857,0,0
817,0.2,0.16633663366336632,0.1781518029535443,0.42506251997560723,0.3715471874002857,0,0
818,0.2,0.16633663366336632,0.1781518029535443,0.42506251997560723,0.3715471874002857,0,0
819,0.2,0.05148514851485149,0.10399339410297728,0.07662893002971194,1.1156072384578781,0,0
820,0.2,0.027722772277227727,0.06910862719451545,0.006336173555908638,2.198172935373564,0,0
821,0.0,0.0,0.0,1.0,-0.0,0,0
822,0.0,0.0,0.0,1.0,-0.0,0,0
823,0.0,0.0,0.0,1.0,-0.0,0,0
824,0.0,0.0,0.0,1.0,-0.0,0,0
825,0.0,0.0,0.0,1.0,-0.0,0,0
826,0.0,0.0,0.0,1.0,-0.0,0,0
827,0.0,0.0,0.0,1.0,-0.0,0,0
828,0.0,0.04752475247524753,0.09809478080396702,1.0,-0.0,0,0
829,0.0,0.04752475247524753,0.09809478080396702,1.0,-0.0,0,0
830,0.0,0.04752475247524753,0.09809478080396702,1.0,-0.0,0,0
831,0.4,0.061386138613861385,0.1080614942545921,0.0008635882888169143,3.0636932557966734,0,0
832,0.6,0.10297029702970295,0.1367627457412436,0.00013939642667284264,3.855748358922062,0,0
833,0.6,0.07524752475247526,0.10845991237726066,6.550488652518869e-07,6.183726301355275,0,0
834,0.8,0.09108910891089109,0.11781762202489916,8.882902210241038e-10,9.051445118909442,0,0
835,0.8,0.09108910891089109,0.11781762202489916,8.882902210241038e-10,9.051445118909442,0,0
836,0.4,0.10099009900990098,0.12145573247679728,0.006910471688883394,2.160492307924242,0,0
837,0.2,0.0594059405940594,0.10357779667819421,0.08733081746926054,1.0588324745635311,0,0
838,0.2,0.039603960396039604,0.08908690597387718,0.0358952311958159,1.4449632450960652,0,0
839,0.0,0.023762376237623763,0.06471340450838887,1.0,-0.0,0,0
840,0.0,0.023762376237623763,0.06471340450838887,1.0,-0.0,0,0
841,0.0,0.0019801980198019802,0.019801980198019802,1.0,-0.0,0,0
842,0.2,0.015841584158415842,0.05401260078014202,0.00032535620257014524,3.4876409094885674,0,0
843,0.2,0.02772277227722772,0.06910862719451544,0.0063361735559086295,2.1981729353735644,0,0
844,0.4,0.03762376237623763,0.08771182015980238,1.802478650994888e-05,4.74412987046985,0,0
845,0.4,0.03762376237623763,0.08771182015980238,1.802478650994888e-05,4.74412987046985,0,0
846,0.4,0.03564356435643565,0.08626938974571075,1.2028311753886926e-05,4.919795324233125,0,0
847,0.2,0.021782178217821784,0.06230547612891991,0.002115616449879084,2.6745630648030154,0,0
848,0.2,0.009900990099009901,0.04338396495090424,5.885669548817485e-06,5.230204125035219,0,0
849,0.0,0.0,0.0,1.0,-0.0,0,0
850,0.0,0.0,0.0,1.0,-0.0,0,0
851,0.0,0.039603960396039604,0.08452453849668534,1.0,-0.0,0,0
852,0.0,0.061386138613861385,0.10806149425459212,1.0,-0.0,0,0
853,0.2,0.21188118811881188,0.17535656953133033,1.0,-0.0,0,0
854,0.2,0.2198019801980198,0.18131521809520154,1.0,-0.0,0,0
855,0.2,0.2198019801980198,0.18131521809520154,1.0,-0.0,0,0
856,0.2,0.18019801980198016,0.16045714518719123,0.4508913084240619,0.3459281362610722,0,0
857,0.2,0.1584158415841584,0.1599921574393993,0.39746516006351823,0.400700933561704,0,0
858,0.0,0.007920792079207921,0.03900537743285587,1.0,-0.0,0,0
859,0.0,0.0,0.0,1.0,-0.0,0,0
860,0.0,0.0,0.0,1.0,-0.0,0,0
861,0.0,0.0,0.0,1.0,-0.0,0,0
862,0.0,0.0,0.0,1.0,-0.0,0,0
863,0.0,0.02970297029702971,0.07648795214189294,1.0,-0.0,0,0
864,0.0,0.07920792079207921,0.12293186689242579,1.0,-0.0,0,0
865,0.0,0.08712871287128712,0.13324834725751067,1.0,-0.0,0,0
866,0.0,0.11881188118811878,0.1467218499235066,1.0,-0.0,0,0
867,0.0,0.13564356435643563,0.16141954340548717,1.0,-0.0,0,0
868,0.0,0.11485148514851484,0.15246238855382302,1.0,-0.0,0,0
869,0.2,0.07326732673267326,0.12498799079651088,0.15530120578607598,0.808825172319051,0,0
870,0.2,0.06534653465346535,0.11641139371642828,0.12369676173807938,0.9076416696327345,0,0
871,0.2,0.049504950495049514,0.09504950495049506,0.056672754609762954,1.2466256777282643,0,0
872,0.2,0.033663366336633666,0.07482947971362845,0.01311209067436901,1.882328056139666,0,0
873,0.2,0.023762376237623766,0.06471340450838887,0.003231121245907738,2.4906467450338194,0,0
874,0.0,0.0871287128712871,0.11402914890208293,1.0,-0.0,0,0
875,0.0,0.11485148514851484,0.13886822488939993,1.0,-0.0,0,0
876,0.0,0.11089108910891088,0.13923481846532235,1.0,-0.0,0,0
877,0.0,0.2633663366336633,0.21235258009432886,1.0,-0.0,0,0
878,0.0,0.26732673267326734,0.2148492038022787,1.0,-0.0,0,0
879,0.2,0.2435643564356436,0.22268204993487845,1.0,-0.0,0,0
880,0.2,0.27326732673267323,0.24328245781188634,1.0,-0.0,0,0
881,0.2,0.27326732673267323,0.23668129931895565,1.0,-0.0,0,0
882,0.2,0.12079207920792079,0.15435386352400063,0.30392039930749537,0.5172401488527573,0,0
883,0.2,0.1168316831683168,0.15483578457286823,0.2955858499300149,0.5293163600079369,0,0
884,0.0,0.06930693069306931,0.11409790329416189,1.0,-0.0,0,0
885,0.0,0.011881188118811883,0.047276579747775535,1.0,-0.0,0,0
886,0.0,0.0,0.0,1.0,-0.0,0,0
887,0.0,0.0,0.0,1.0,-0.0,0,0
888,0.0,0.0,0.0,1.0,-0.0,0,0
889,0.0,0.0,0.0,1.0,-0.0,0,0
890,0.0,0.0,0.0,1.0,-0.0,0,0
891,0.0,0.0,0.0,1.0,-0.0,0,0
892,0.0,0.09306930693069305,0.15302716108009234,1.0,-0.0,0,0
893,0.0,0.09306930693069305,0.15302716108009234,1.0,-0.0,0,0
894,0.0,0.15445544554455445,0.17091758912506996,1.0,-0.0,0,0
895,0.0,0.15445544554455445,0.17091758912506996,1.0,-0.0,0,0
896,0.0,0.15445544554455445,0.17091758912506996,1.0,-0.0,0,0
897,0.0,0.0594059405940594,0.10357779667819421,1.0,-0.0,0,0
898,0.0,0.0594059405940594,0.10357779667819421,1.0,-0.0,0,0
899,0.0,0.01386138613861386,0.05079507064705211,1.0,-0.0,0,0
900,0.0,0.01386138613861386,0.05079507064705211,1.0,-0.0,0,0
901,0.0,0.01386138613861386,0.05079507064705211,1.0,-0.0,0,0
902,0.0,0.01386138613861386,0.05079507064705211,1.0,-0.0,0,0
903,0.0,0.01386138613861386,0.05079507064705211,1.0,-0.0,0,0
904,0.0,0.0,0.0,1.0,-0.0,0,0
905,0.0,0.0,0.0,1.0,-0.0,0,0
906,0.0,0.0039603960396039604,0.027863855998951068,1.0,-0.0,0,0
907,0.0,0.0039603960396039604,0.027863855998951068,1.0,-0.0,0,0
908,0.0,0.007920792079207921,0.03900537743285587,1.0,-0.0,0,0
909,0.0,0.007920792079207921,0.03900537743285587,1.0,-0.0,0,0
910,0.0,0.007920792079207921,0.03900537743285587,1.0,-0.0,0,0
911,0.0,0.0039603960396039604,0.027863855998951068,1.0,-0.0,0,0
912,0.0,0.0059405940594059415,0.033953323167291584,1.0,-0.0,0,0
913,0.0,0.011881188118811883,0.047276579747775535,1.0,-0.0,0,0
914,0.0,0.039603960396039604,0.08908690597387718,1.0,-0.0,0,0
915,0.0,0.039603960396039604,0.08908690597387718,1.0,-0.0,0,0
916,0.2,0.061386138613861385,0.10806149425459212,0.09979311443423107,1.000899423305625,0,0
917,0.2,0.05940594059405942,0.10733330877518932,0.0951177364230414,1.0217384934469724,0,0
918,0.2,0.057425742574257435,0.11375371577303026,0.10503752039332916,0.9786555391292131,0,0
919,0.4,0.19207920792079206,0.19278221864351283,0.1403993610530102,0.8526348686434166,0,0
920,0.6,0.2455445544554455,0.210386138380886,0.046015013746148074,1.3371004438998293,0,0
921,0.6,0.33267326732673275,0.2474059120655126,0.13995561570043552,0.8540096708399703,0,0
922,0.6,0.33267326732673275,0.2474059120655126,0.13995561570043552,0.8540096708399703,0,0
923,0.6,0.3247524752475247,0.24672345547996075,0.13229423326833434,0.8784590863818502,0,0
924,0.8,0.31881188118811876,0.2071555933563884,0.010094027694410874,1.9959355080515777,0,0
925,0.6,0.2653465346534653,0.18902335942624512,0.03832739844579169,1.4164906584127845,0,0
926,0.6,0.3445544554455445,0.2218175360782645,0.12474230514710023,0.9039862347644797,0,0
927,0.8,0.4297029702970297,0.2705127344435523,0.08551980550493855,1.0679332955007284,0,0
928,0.8,0.4297029702970297,0.2705127344435523,0.08551980550493855,1.0679332955007284,0,0
929,0.4,0.27128712871287125,0.2208608870273059,0.28002137039755537,0.5528088233307291,0,0
930,0.4,0.27128712871287125,0.2208608870273059,0.28002137039755537,0.5528088233307291,0,0
931,0.2,0.08514851485148513,0.11025275966000045,0.14877290133204435,0.8274761674038911,0,0
932,0.0,0.0,0.0,1.0,-0.0,0,0
933,0.0,0.0,0.0,1.0,-0.0,0,0
934,0.2,0.12871287128712872,0.16788529421169618,0.33555756099259215,0.47423297094286104,0,0
935,0.2,0.12871287128712872,0.16788529421169618,0.33555756099259215,0.47423297094286104,0,0
936,0.2,0.17821782178217818,0.18647536422960084,0.45350532886441747,0.3434176054444277,0,0
937,0.2,0.17821782178217818,0.18647536422960084,0.45350532886441747,0.3434176054444277,0,0
938,0.2,0.17821782178217818,0.18647536422960084,0.45350532886441747,0.3434176054444277,0,0
939,0.0,0.04752475247524753,0.08965727859541997,1.0,-0.0,0,0
940,0.0,0.04752475247524753,0.08965727859541997,1.0,-0.0,0,0
941,0.0,0.0,0.0,1.0,-0.0,0,0
942,0.0,0.033663366336633666,0.07994704648786674,1.0,-0.0,0,0
943,0.0,0.04554455445544555,0.10100951085035129,1.0,-0.0,0,0
944,0.0,0.06930693069306931,0.11057238501634628,1.0,-0.0,0,0
945,0.0,0.06930693069306931,0.11057238501634628,1.0,-0.0,0,0
946,0.0,0.07524752475247526,0.11553229422427584,1.0,-0.0,0,0
947,0.2,0.17029702970297028,0.17436990069505995,0.43236957057761016,0.3641448785375444,0,0
948,0.4,0.19999999999999998,0.175758610340748,0.12757603915605886,0.8942308854852141,0,0
949,0.4,0.1762376237623762,0.1623762376237624,0.08409411391159989,1.0752344011720383,0,0
950,0.4,0.1801980198019802,0.16531985318607365,0.09183232414123806,1.0370044241884804,0,0
951,0.4,0.18019801980198016,0.1629066439699258,0.08862815178171941,1.052428307215703,0,0
952,0.2,0.05148514851485149,0.08744317689433512,0.04471467951449677,1.3495498776386112,0,0
953,0.2,0.02772277227722773,0.07975061610139512,0.015378620884094632,1.8130826092213645,0,0
954,0.2,0.07722772277227723,0.11930590361498669,0.15172703225002876,0.8189370368062708,0,0
955,0.4,0.12871287128712872,0.16065252686710352,0.04564252183810404,1.3406303679760896,0,0
