,foreground,bg_means,bg_stdev,pvals,minus_logs,regs,active
2,0.0,0.7980198019801977,0.34981754735799736,1.0,-0.0,0,0
3,0.0,0.7128712871287127,0.3299154906301752,1.0,-0.0,0,0
4,0.0,0.6772277227722773,0.3329678092604826,1.0,-0.0,1,0
5,0.0,0.7465346534653464,0.35139449395699945,1.0,-0.0,0,0
6,0.0,0.8574257425742572,0.3427745079461364,1.0,-0.0,0,0
7,0.0,0.41782178217821786,0.2686217258613767,1.0,-0.0,0,0
8,0.2,0.5405940594059406,0.29857026233177975,1.0,-0.0,0,0
9,0.2,0.5405940594059406,0.29857026233177975,1.0,-0.0,0,0
10,0.2,0.4693069306930693,0.2705852016243758,1.0,-0.0,0,0
11,0.2,0.3603960396039604,0.25175786257921295,1.0,-0.0,0,0
12,0.2,0.3722772277227723,0.2421515816411786,1.0,-0.0,0,0
13,0.0,0.4178217821782178,0.2626581709619205,1.0,-0.0,0,0
14,0.0,0.47722772277227726,0.27571013194151983,1.0,-0.0,0,0
15,0.0,0.5485148514851486,0.28375622691685,1.0,-0.0,0,0
16,0.0,0.7118811881188118,0.33575307071953675,1.0,-0.0,0,0
17,0.0,0.4910891089108912,0.29721446398881135,1.0,-0.0,0,0
18,0.0,0.3247524752475248,0.23182698422031253,1.0,-0.0,0,0
19,0.0,0.5089108910891089,0.25411426832535927,1.0,-0.0,0,0
20,0.0,0.4910891089108911,0.24458451733298237,1.0,-0.0,0,0
21,0.0,0.3287128712871287,0.2098262523397957,1.0,-0.0,0,0
22,0.0,0.297029702970297,0.21176086154922535,1.0,-0.0,0,0
23,0.0,0.5900990099009901,0.27629262378756286,1.0,-0.0,0,0
24,0.0,0.3465346534653465,0.22845341247270629,1.0,-0.0,0,0
25,0.0,0.2910891089108911,0.21159414256664313,1.0,-0.0,0,0
26,0.0,0.5366336633663367,0.34461135298964257,1.0,-0.0,0,0
27,0.0,0.7306930693069307,0.37277194850944706,1.0,-0.0,0,0
28,0.0,0.43960396039603966,0.2670258666302982,1.0,-0.0,0,0
29,0.0,0.43960396039603966,0.2670258666302982,1.0,-0.0,0,0
30,0.0,0.4673267326732674,0.2790042090924522,1.0,-0.0,0,0
31,0.0,0.2217821782178218,0.19478546736408614,1.0,-0.0,0,0
32,0.0,0.039603960396039604,0.0890869059738772,1.0,-0.0,0,0
33,0.0,0.05742574257425742,0.11021718851545144,1.0,-0.0,0,0
34,0.0,0.09306930693069305,0.13661931335176508,1.0,-0.0,0,0
35,0.0,0.06534653465346535,0.10189845806153354,1.0,-0.0,0,0
36,0.0,0.06534653465346535,0.10189845806153354,1.0,-0.0,0,0
37,0.0,0.11485148514851484,0.14445948324625327,1.0,-0.0,0,0
38,0.0,0.3485148514851486,0.2892851761597369,1.0,-0.0,0,0
39,0.0,0.45940594059405937,0.32156123412414317,1.0,-0.0,0,0
40,0.0,0.5267326732673268,0.3254520357077506,1.0,-0.0,0,0
41,0.0,0.5801980198019802,0.32396669000639955,1.0,-0.0,0,0
42,0.0,0.517821782178218,0.3097095540056335,1.0,-0.0,0,0
43,0.0,0.49702970297029697,0.2892309521337387,1.0,-0.0,0,0
44,0.0,0.35049504950495053,0.23106458844855168,1.0,-0.0,0,0
45,0.0,0.3168316831683168,0.20732588158354634,1.0,-0.0,0,0
46,0.0,0.2613861386138614,0.20047976961699593,1.0,-0.0,0,0
47,0.0,0.2613861386138614,0.20047976961699593,1.0,-0.0,0,0
48,0.0,0.031683168316831684,0.0730260947112308,1.0,-0.0,0,0
49,0.0,0.5148514851485149,0.28886467372373015,1.0,-0.0,0,0
50,0.0,0.7702970297029704,0.36520563974028114,1.0,-0.0,0,0
51,0.0,0.7702970297029704,0.36520563974028114,1.0,-0.0,0,0
52,0.0,0.7702970297029704,0.36520563974028114,1.0,-0.0,0,0
53,0.0,0.7702970297029704,0.36520563974028114,1.0,-0.0,0,0
54,0.2,0.8633663366336632,0.3559182162921139,1.0,-0.0,0,0
55,0.2,0.5920792079207922,0.28551956057103955,1.0,-0.0,0,0
56,0.2,0.6435643564356435,0.2864656050697049,1.0,-0.0,0,0
57,0.2,0.6435643564356435,0.2864656050697049,1.0,-0.0,0,0
58,0.2,0.6435643564356435,0.2864656050697049,1.0,-0.0,0,0
59,0.0,0.06534653465346535,0.1129581045303102,1.0,-0.0,0,0
60,0.0,0.05148514851485149,0.096075322540263,1.0,-0.0,0,0
61,0.0,0.0,0.0,1.0,-0.0,0,0
62,0.0,0.0,0.0,1.0,-0.0,0,0
63,0.0,0.0,0.0,1.0,-0.0,0,0
64,0.0,0.011881188118811883,0.047276579747775535,1.0,-0.0,0,0
65,0.0,0.011881188118811883,0.047276579747775535,1.0,-0.0,0,0
66,0.2,0.06930693069306931,0.11057238501634628,0.11860911207080789,0.9258819452883051,0,0
67,0.2,0.06930693069306931,0.11057238501634628,0.11860911207080789,0.9258819452883051,0,0
68,0.2,0.4217821782178218,0.2668495925215527,1.0,-0.0,0,0
69,0.2,0.40990099009900993,0.26457698368537164,1.0,-0.0,0,0
70,0.2,0.40990099009900993,0.26457698368537164,1.0,-0.0,0,0
71,0.0,0.3524752475247525,0.2597005356159208,1.0,-0.0,0,0
72,0.0,0.3524752475247525,0.2597005356159208,1.0,-0.0,0,0
73,0.0,0.0,0.0,1.0,-0.0,0,0
74,0.0,0.0,0.0,1.0,-0.0,0,0
75,0.0,0.0,0.0,1.0,-0.0,0,0
76,0.0,0.0,0.0,1.0,-0.0,0,0
77,0.0,0.0,0.0,1.0,-0.0,0,0
78,0.0,0.15049504950495046,0.14185738367185993,1.0,-0.0,0,0
79,0.0,0.15049504950495046,0.14185738367185993,1.0,-0.0,0,0
80,4.0,1.5425742574257426,0.49419331902105135,3.3030422337997507e-07,6.4810858732389764,0,0
81,4.0,1.5425742574257426,0.49419331902105135,3.3030422337997507e-07,6.4810858732389764,0,0
82,9.0,3.0514851485148506,0.6390918466021098,1.0006527702926816e-17,16.999716597952098,1,0
83,9.0,2.9019801980198023,0.6302569329948537,1.0000191699526107e-17,16.99999167467516,0,0
84,9.2,2.934653465346535,0.6268632651392652,1.0000008033973832e-17,16.99999965108909,1,0
85,5.2,1.5396039603960396,0.4838130741075365,1.9295556487869584e-14,13.714542691768619,0,0
86,5.2,1.6118811881188118,0.480776420055889,4.2240854532475087e-14,13.37426730460813,0,0
87,1.8,0.4772277227722772,0.3030802880651035,6.372773471765084e-06,5.195671518788441,0,0
88,1.8,0.607920792079208,0.3399718009030655,0.00022710080279687985,3.643781330555083,0,0
89,1.8,0.8712871287128712,0.41514321366744256,0.01264021823413875,1.8982454278681873,0,0
90,1.8,0.8712871287128712,0.41514321366744256,0.01264021823413875,1.8982454278681873,0,0
91,1.8,0.7999999999999999,0.3765397432115523,0.003956470121001591,2.402692109687042,0,0
92,0.2,0.45940594059405937,0.31534303742406944,1.0,-0.0,0,0
93,0.2,0.32871287128712884,0.27226102562054993,1.0,-0.0,0,0
94,0.0,0.033663366336633666,0.07482947971362847,1.0,-0.0,0,0
95,0.0,0.033663366336633666,0.07482947971362847,1.0,-0.0,0,0
96,0.0,0.09504950495049505,0.13078304733432375,1.0,-0.0,0,0
97,0.0,0.061386138613861385,0.10046456153636296,1.0,-0.0,0,0
98,0.0,0.061386138613861385,0.10046456153636296,1.0,-0.0,0,0
99,0.0,0.19603960396039602,0.18016537621852308,1.0,-0.0,0,0
100,0.0,0.19603960396039602,0.18016537621852308,1.0,-0.0,0,0
101,0.0,0.35841584158415846,0.23431692455984224,1.0,-0.0,0,0
102,0.0,0.3722772277227723,0.24860753271573963,1.0,-0.0,0,0
103,0.0,0.3722772277227723,0.24860753271573963,1.0,-0.0,0,0
104,0.0,0.3366336633663367,0.216050403120568,1.0,-0.0,0,0
105,0.0,0.3366336633663367,0.216050403120568,1.0,-0.0,0,0
106,0.0,0.11089108910891086,0.12420120222231067,1.0,-0.0,0,0
107,0.0,0.09702970297029703,0.12142344330103677,1.0,-0.0,0,0
108,0.0,0.09702970297029703,0.12142344330103677,1.0,-0.0,0,0
109,0.0,0.0,0.0,1.0,-0.0,0,0
110,0.0,0.0,0.0,1.0,-0.0,0,0
111,0.0,0.0,0.0,1.0,-0.0,0,0
112,0.0,0.0,0.0,1.0,-0.0,0,0
113,0.0,0.0,0.0,1.0,-0.0,0,0
114,0.0,0.1762376237623762,0.1623762376237624,1.0,-0.0,0,0
115,0.0,0.2099009900990099,0.18320845158368915,1.0,-0.0,0,0
116,0.0,0.2792079207920791,0.1971664782240654,1.0,-0.0,0,0
117,0.0,0.3227722772277228,0.22685154046130196,1.0,-0.0,0,0
118,0.0,0.3722772277227722,0.23041882309368486,1.0,-0.0,0,0
119,0.0,0.2099009900990099,0.17434741150934763,1.0,-0.0,0,0
120,0.0,0.1762376237623762,0.16953548350894254,1.0,-0.0,0,0
121,0.0,0.10495049504950495,0.13957235791450373,1.0,-0.0,0,0
122,0.0,0.13267326732673265,0.13867042693078493,1.0,-0.0,0,0
123,0.0,0.08118811881188118,0.10597297552680916,1.0,-0.0,0,0
124,0.0,0.12277227722772277,0.15662352422404113,1.0,-0.0,0,0
125,0.0,0.14059405940594058,0.17920518569106955,1.0,-0.0,0,0
126,0.0,0.14059405940594058,0.17920518569106955,1.0,-0.0,0,0
127,0.0,0.34257425742574266,0.25225577725614545,1.0,-0.0,0,0
128,0.0,0.34257425742574266,0.25225577725614545,1.0,-0.0,0,0
129,0.0,0.6851485148514851,0.3009510136165091,1.0,-0.0,0,0
130,0.0,0.6673267326732673,0.2968844529345972,1.0,-0.0,0,0
