,foreground,bg_means,bg_stdev,pvals,minus_logs,regs,active
2,0.0,0.0712871287128713,0.12454800153280308,1.0,-0.0,0,0
3,0.0,0.22376237623762374,0.18939639130642918,1.0,-0.0,0,0
4,0.0,0.25346534653465347,0.1947653355395929,1.0,-0.0,0,0
5,0.0,0.301980198019802,0.20776042849273663,1.0,-0.0,0,0
6,0.0,0.26732673267326734,0.1975638314651393,1.0,-0.0,0,0
7,0.0,0.22970297029702968,0.19778203547221818,1.0,-0.0,0,0
8,0.0,0.07722772277227723,0.11593886073904515,1.0,-0.0,0,0
9,0.0,0.04752475247524753,0.08965727859541997,1.0,-0.0,0,0
10,0.0,0.009900990099009901,0.04338396495090425,1.0,-0.0,0,0
11,0.0,0.023762376237623766,0.06471340450838889,1.0,-0.0,0,0
12,0.0,0.023762376237623766,0.06471340450838889,1.0,-0.0,0,0
13,0.0,0.06336633663366337,0.10120342446875752,1.0,-0.0,0,0
14,0.0,0.06336633663366337,0.10120342446875752,1.0,-0.0,0,0
15,0.0,0.05346534653465347,0.09287951999650357,1.0,-0.0,0,0
16,0.0,0.1287128712871287,0.17929268822835956,1.0,-0.0,0,0
17,0.0,0.1287128712871287,0.17929268822835956,1.0,-0.0,0,0
18,0.0,0.0891089108910891,0.14752142995793407,1.0,-0.0,0,0
19,0.0,0.0891089108910891,0.14752142995793407,1.0,-0.0,0,0
20,0.0,0.18217821782178217,0.21452043665664705,1.0,-0.0,0,0
21,0.0,0.11881188118811879,0.14399729871443837,1.0,-0.0,0,0
22,0.0,0.15247524752475247,0.16203780234042603,1.0,-0.0,0,0
23,0.2,0.2396039603960396,0.1990468415545198,1.0,-0.0,0,0
24,0.2,0.26534653465346536,0.2070230501177842,1.0,-0.0,0,0
25,0.2,0.20990099009900987,0.17206086333646306,1.0,-0.0,0,0
26,0.4,0.22970297029702968,0.18960331411621106,0.1845460269995221,0.7338953000795796,0,0
27,0.4,0.22574257425742567,0.20229057883757837,0.19450300768848705,0.7110736785932154,0,0
28,0.2,0.14059405940594058,0.1747293340075705,0.36693264496681266,0.4354136485649502,0,0
29,0.2,0.14653465346534653,0.1686077858012515,0.37558427272808503,0.4252926017371617,0,0
30,0.2,0.1089108910891089,0.14218869759220787,0.26088437726569524,0.5835519273024177,0,0
31,0.0,0.09900990099009899,0.1308729634998678,1.0,-0.0,0,0
32,0.0,0.0712871287128713,0.1213265242141813,1.0,-0.0,0,0
33,0.0,0.06732673267326733,0.11698261772468857,1.0,-0.0,0,0
34,0.0,0.03762376237623763,0.08771182015980238,1.0,-0.0,0,0
35,0.0,0.04356435643564357,0.09164702150816742,1.0,-0.0,0,0
36,0.0,0.0059405940594059415,0.033953323167291584,1.0,-0.0,0,0
37,0.0,0.0059405940594059415,0.033953323167291584,1.0,-0.0,0,0
38,0.0,0.0059405940594059415,0.033953323167291584,1.0,-0.0,0,0
39,0.0,0.0059405940594059415,0.033953323167291584,1.0,-0.0,0,0
40,0.0,0.0,0.0,1.0,-0.0,0,0
41,0.0,0.009900990099009901,0.04338396495090424,1.0,-0.0,0,0
42,0.0,0.009900990099009901,0.04338396495090424,1.0,-0.0,0,0
43,0.0,0.033663366336633666,0.07994704648786674,1.0,-0.0,0,0
44,0.0,0.05940594059405942,0.0996808946427978,1.0,-0.0,0,0
45,0.0,0.07920792079207921,0.11631029826208643,1.0,-0.0,0,0
46,0.0,0.06930693069306931,0.10693069306930696,1.0,-0.0,0,0
47,0.0,0.07722772277227723,0.11247106393000339,1.0,-0.0,0,0
48,0.0,0.057425742574257435,0.10277971700879983,1.0,-0.0,0,0
49,0.0,0.05544554455445545,0.11299281281336322,1.0,-0.0,0,0
50,0.2,0.06732673267326733,0.10634234916512914,0.10608783743468066,0.9743344034481476,0,0
51,0.2,0.13663366336633662,0.14873910461951623,0.335045403516397,0.4748963357676366,0,0
52,0.2,0.1287128712871287,0.1366767043701972,0.30098319630588943,0.5214577501049552,0,0
53,0.2,0.12475247524752472,0.13744913773527348,0.29203232189931416,0.5345690785321504,0,0
54,0.2,0.09900990099009901,0.12145573247679728,0.20284641041846635,0.6928326731913328,0,0
55,0.0,0.13267326732673265,0.15486110729518537,1.0,-0.0,0,0
56,0.0,0.06336633663366337,0.10874875419996817,1.0,-0.0,0,0
57,0.0,0.06336633663366337,0.10874875419996817,1.0,-0.0,0,0
58,0.0,0.06336633663366337,0.10874875419996817,1.0,-0.0,0,0
59,0.0,0.06336633663366337,0.10874875419996817,1.0,-0.0,0,0
60,0.0,0.0,0.0,1.0,-0.0,0,0
61,0.0,0.0,0.0,1.0,-0.0,0,0
62,0.0,0.0,0.0,1.0,-0.0,0,0
63,0.0,0.0,0.0,1.0,-0.0,0,0
64,0.0,0.0,0.0,1.0,-0.0,0,0
65,0.0,0.0,0.0,1.0,-0.0,0,0
66,0.0,0.0,0.0,1.0,-0.0,0,0
67,0.0,0.025742574257425748,0.0669763743575753,1.0,-0.0,0,0
68,0.0,0.025742574257425748,0.0669763743575753,1.0,-0.0,0,0
69,0.0,0.025742574257425748,0.0669763743575753,1.0,-0.0,0,0
70,0.0,0.025742574257425748,0.0669763743575753,1.0,-0.0,0,0
71,0.0,0.039603960396039604,0.07970143286137867,1.0,-0.0,0,0
72,0.0,0.013861386138613863,0.05079507064705211,1.0,-0.0,0,0
73,0.0,0.023762376237623766,0.06471340450838889,1.0,-0.0,0,0
74,0.0,0.023762376237623766,0.06471340450838889,1.0,-0.0,0,0
75,0.0,0.023762376237623766,0.06471340450838889,1.0,-0.0,0,0
76,0.0,0.019801980198019806,0.059735061897023184,1.0,-0.0,0,0
77,0.0,0.03762376237623763,0.08307396817189319,1.0,-0.0,0,0
78,0.0,0.027722772277227727,0.06910862719451544,1.0,-0.0,0,0
79,0.0,0.05148514851485149,0.096075322540263,1.0,-0.0,0,0
80,0.0,0.05940594059405942,0.10357779667819421,1.0,-0.0,0,0
81,0.0,0.049504950495049514,0.09504950495049506,1.0,-0.0,0,0
82,0.0,0.031683168316831684,0.0730260947112308,1.0,-0.0,0,0
83,0.0,0.031683168316831684,0.0730260947112308,1.0,-0.0,0,0
84,0.0,0.05940594059405942,0.0996808946427978,1.0,-0.0,0,0
85,0.0,0.0712871287128713,0.10372911567294095,1.0,-0.0,0,0
86,0.0,0.07524752475247526,0.10845991237726066,1.0,-0.0,0,0
87,0.0,0.08514851485148514,0.11378818137472192,1.0,-0.0,0,0
88,0.0,0.08514851485148514,0.11378818137472192,1.0,-0.0,0,0
89,0.0,0.04356435643564357,0.09164702150816742,1.0,-0.0,0,0
90,0.0,0.023762376237623766,0.06471340450838889,1.0,-0.0,0,0
91,0.0,0.019801980198019802,0.0597350618970232,1.0,-0.0,0,0
92,0.0,0.015841584158415842,0.05401260078014202,1.0,-0.0,0,0
93,0.0,0.015841584158415842,0.05401260078014202,1.0,-0.0,0,0
94,0.0,0.0059405940594059415,0.03395332316729158,1.0,-0.0,0,0
95,0.0,0.017821782178217824,0.05698017651460656,1.0,-0.0,0,0
96,0.0,0.017821782178217824,0.05698017651460656,1.0,-0.0,0,0
97,0.0,0.011881188118811881,0.047276579747775535,1.0,-0.0,0,0
98,0.0,0.02772277227722772,0.07975061610139514,1.0,-0.0,0,0
99,0.0,0.02772277227722772,0.07975061610139514,1.0,-0.0,0,0
100,0.0,0.06930693069306931,0.11409790329416189,1.0,-0.0,0,0
101,0.0,0.08910891089108909,0.13042276277287215,1.0,-0.0,0,0
102,0.0,0.11881188118811879,0.1467218499235066,1.0,-0.0,0,0
103,0.0,0.10297029702970295,0.1396285351588451,1.0,-0.0,0,0
104,0.0,0.10297029702970295,0.1396285351588451,1.0,-0.0,0,0
105,0.0,0.057425742574257435,0.11021718851545144,1.0,-0.0,0,0
106,0.0,0.03762376237623763,0.08771182015980238,1.0,-0.0,0,0
107,0.0,0.007920792079207921,0.03900537743285587,1.0,-0.0,0,0
108,0.0,0.007920792079207921,0.03900537743285587,1.0,-0.0,0,0
109,0.2,0.033663366336633666,0.08475617647141662,0.024850340762334614,1.6046676515911364,0,0
110,0.2,0.03564356435643565,0.08626938974571076,0.028380055950301422,1.5469867526811094,0,0
111,0.2,0.03564356435643565,0.08626938974571076,0.028380055950301422,1.5469867526811094,0,0
112,0.2,0.06930693069306933,0.11409790329416186,0.12601207675801535,0.8995878309298326,0,0
113,0.4,0.08712871287128712,0.127165103825761,0.0069399841190152176,2.1586415233537832,0,0
114,0.2,0.08910891089108909,0.11423528793549273,0.1658425340284312,0.7803040749629364,0,0
115,0.8,0.13663366336633662,0.1460521894224616,2.7863971499148966e-06,5.554956982770631,0,0
116,1.0,0.1584158415841584,0.15749733722889644,4.5588988609771675e-08,7.341140042500109,0,0
117,1.0,0.12277227722772276,0.14884451859775158,1.8895354715846042e-09,8.72364495081293,0,0
118,0.8,0.12277227722772276,0.15148191286261606,3.898496486440327e-06,5.4091028528554554,0,0
119,1.2,0.16633663366336632,0.16184409300358454,8.470498933914813e-11,10.072091007867135,0,0
120,0.6,0.1089108910891089,0.13937555924568532,0.0002129474348917748,3.671727586954671,0,0
121,0.8,0.12970297029702968,0.14994689122885188,3.906783837014265e-06,5.408180617694847,0,0
122,0.8,0.12970297029702968,0.14994689122885188,3.906783837014265e-06,5.408180617694847,0,0
123,0.8,0.15643564356435644,0.15821769786485684,2.3751169978427316e-05,4.624314992242908,0,0
124,0.4,0.08514851485148514,0.12694907267187808,0.006566538571338243,2.1826635003809467,0,0
125,0.4,0.08514851485148514,0.12694907267187808,0.006566538571338243,2.1826635003809467,0,0
126,0.0,0.04356435643564357,0.0916470215081674,1.0,-0.0,0,0
127,0.0,0.05544554455445545,0.10943169805661863,1.0,-0.0,0,0
128,0.0,0.011881188118811883,0.047276579747775535,1.0,-0.0,0,0
129,0.0,0.03762376237623762,0.09631989312487374,1.0,-0.0,0,0
130,0.2,0.11683168316831684,0.15986956746090622,0.3014530083910827,0.5207803776764616,0,0
131,0.4,0.12277227722772277,0.166430902094659,0.04788433455359343,1.31980654357259,0,0
132,0.4,0.17029702970297028,0.20174709904079258,0.1274415054632766,0.8946891068669063,0,0
133,0.4,0.17029702970297028,0.20174709904079258,0.1274415054632766,0.8946891068669063,0,0
134,0.4,0.14257425742574256,0.1956692170619505,0.09415131733676547,1.0261735990877239,0,0
135,0.2,0.06336633663366337,0.11917436454123627,0.1257937221997103,0.9003410320390386,0,0
136,0.0,0.057425742574257435,0.10656335878870264,1.0,-0.0,0,0
137,0.0,0.05148514851485149,0.11134982906542217,1.0,-0.0,0,0
138,0.0,0.0594059405940594,0.11447531431916541,1.0,-0.0,0,0
139,0.0,0.0594059405940594,0.11447531431916541,1.0,-0.0,0,0
140,0.0,0.0594059405940594,0.11447531431916541,1.0,-0.0,0,0
141,0.0,0.0594059405940594,0.11447531431916541,1.0,-0.0,0,0
142,0.0,0.007920792079207921,0.03900537743285587,1.0,-0.0,0,0
143,0.0,0.0059405940594059415,0.033953323167291584,1.0,-0.0,0,0
144,0.0,0.0059405940594059415,0.033953323167291584,1.0,-0.0,0,0
145,0.0,0.0059405940594059415,0.033953323167291584,1.0,-0.0,0,0
146,0.0,0.023762376237623766,0.06471340450838887,1.0,-0.0,0,0
147,0.0,0.03564356435643565,0.07653920035678292,1.0,-0.0,0,0
148,0.0,0.0297029702970297,0.07112192077650681,1.0,-0.0,0,0
149,0.0,0.03564356435643565,0.07653920035678292,1.0,-0.0,0,0
150,0.0,0.03564356435643565,0.07653920035678292,1.0,-0.0,0,0
151,0.0,0.017821782178217824,0.05698017651460656,1.0,-0.0,0,0
152,0.0,0.05346534653465347,0.08851285797476045,1.0,-0.0,0,0
153,0.0,0.10891089108910891,0.14218869759220787,1.0,-0.0,0,0
154,0.2,0.14059405940594058,0.15036471688371983,0.3463922966247934,0.46043177476827185,0,0
155,0.2,0.14059405940594058,0.15036471688371983,0.3463922966247934,0.46043177476827185,0,0
156,0.2,0.17425742574257427,0.16569891898195668,0.4382697331013682,0.35825852067831926,0,0
157,0.4,0.1801980198019802,0.17235687245139755,0.10110640329962751,0.9952213386757506,0,0
158,0.4,0.16831683168316827,0.17287933929280913,0.09009930530166001,1.0452785575760843,0,0
159,0.2,0.29108910891089107,0.22607236636059533,1.0,-0.0,0,0
160,0.2,0.29108910891089107,0.22607236636059533,1.0,-0.0,0,0
161,0.2,0.2574257425742574,0.20360441875686258,1.0,-0.0,0,0
162,0.0,0.2693069306930693,0.22766249740403607,1.0,-0.0,0,0
163,0.0,0.2396039603960396,0.2198465747287386,1.0,-0.0,0,0
164,0.0,0.07920792079207922,0.12293186689242579,1.0,-0.0,0,0
165,0.0,0.09306930693069307,0.13368903310588715,1.0,-0.0,0,0
166,0.0,0.12079207920792076,0.15689867556071532,1.0,-0.0,0,0
167,0.0,0.05544554455445545,0.11979788880993404,1.0,-0.0,0,0
168,0.2,0.10495049504950495,0.15049504950495052,0.2638310233953919,0.5786741379130496,0,0
169,0.2,0.11485148514851484,0.16493991622145585,0.3028435410109832,0.5187816844514036,0,0
170,0.4,0.1386138613861386,0.172902019429252,0.06529762496247604,1.185102614811438,0,0
171,0.6,0.12277227722772277,0.1687937332366423,0.002347237962980786,2.6294428793955844,0,0
172,0.6,0.14059405940594058,0.17920518569106958,0.005180015205755303,2.2856689653964795,0,0
173,0.4,0.07722772277227724,0.12888031758632065,0.006132370515258439,2.212371613134205,0,0
174,0.8,0.0891089108910891,0.13923481846532232,1.6478687406112235e-07,6.7830773845676235,0,0
175,0.6,0.08712871287128714,0.13024224675172555,4.111161508553373e-05,4.386035461459565,0,0
176,0.4,0.07524752475247526,0.12851469892742934,0.005752606458396676,2.2401353354813236,0,0
177,0.4,0.09108910891089109,0.1243589581632284,0.006495315309207856,2.187399761646339,0,0
178,0.4,0.09108910891089109,0.1243589581632284,0.006495315309207856,2.187399761646339,0,0
179,0.0,0.06930693069306931,0.09924724028627063,1.0,-0.0,0,0
180,0.0,0.033663366336633666,0.07482947971362845,1.0,-0.0,0,0
181,0.0,0.033663366336633666,0.07482947971362845,1.0,-0.0,0,0
182,0.0,0.025742574257425745,0.06697637435757531,1.0,-0.0,0,0
183,0.0,0.025742574257425745,0.06697637435757531,1.0,-0.0,0,0
184,0.0,0.04356435643564357,0.09587103712404123,1.0,-0.0,0,0
185,0.0,0.08712871287128714,0.14188502271424044,1.0,-0.0,0,0
186,0.0,0.12475247524752475,0.16614793634378636,1.0,-0.0,0,0
187,0.0,0.1287128712871287,0.17253877949142152,1.0,-0.0,0,0
188,0.0,0.1287128712871287,0.17253877949142152,1.0,-0.0,0,0
189,0.0,0.12277227722772274,0.16403403904105138,1.0,-0.0,0,0
190,0.0,0.07920792079207921,0.12293186689242579,1.0,-0.0,0,0
191,0.0,0.08316831683168316,0.12670172889541698,1.0,-0.0,0,0
192,0.0,0.05346534653465347,0.09704990696905226,1.0,-0.0,0,0
193,0.2,0.14059405940594058,0.17244784995704746,0.36524025761990064,0.43742135956436157,0,0
194,0.2,0.12871287128712872,0.1702279390125739,0.33769045275463827,0.4714812176429128,0,0
195,0.2,0.16237623762376235,0.1795767770099744,0.41702369169657333,0.3798392714511536,0,0
196,0.6,0.1603960396039604,0.18025241263723205,0.0073675657275085625,2.1326759810339313,0,0
197,0.8,0.1861386138613861,0.19347254159325522,0.0007547251489382527,3.122211178214333,0,0
198,0.6,0.09702970297029703,0.14243667729389659,0.00020685093202017107,3.6843425179383726,0,0
199,0.6,0.09702970297029703,0.14243667729389659,0.00020685093202017107,3.6843425179383726,0,0
200,0.6,0.0891089108910891,0.13342479626077636,6.431772623724405e-05,4.19166931718362,0,0
201,0.2,0.14059405940594058,0.17244784995704746,0.36524025761990064,0.43742135956436157,0,0
202,0.2,0.16633663366336632,0.1847005753086894,0.4276896851188877,0.3688712237903436,0,0
203,0.2,0.16633663366336632,0.1847005753086894,0.4276896851188877,0.3688712237903436,0,0
204,0.2,0.17227722772277226,0.1846156359731749,0.44031729348685367,0.35623425726492464,0,0
205,0.2,0.1485148514851485,0.17497601611385763,0.38428680982864105,0.4153445219029317,0,0
206,0.2,0.06732673267326733,0.11000352009767247,0.11389293410569636,0.9435032186258506,0,0
207,0.0,0.04950495049504951,0.09504950495049506,1.0,-0.0,0,0
208,0.0,0.04950495049504951,0.09504950495049506,1.0,-0.0,0,0
209,0.0,0.04356435643564357,0.08721867542790195,1.0,-0.0,0,0
210,0.0,0.04752475247524753,0.08965727859541997,1.0,-0.0,0,0
211,0.0,0.039603960396039604,0.09342674148186494,1.0,-0.0,0,0
212,0.0,0.007920792079207921,0.03900537743285587,1.0,-0.0,0,0
213,0.0,0.007920792079207921,0.03900537743285587,1.0,-0.0,0,0
214,0.0,0.023762376237623766,0.06471340450838887,1.0,-0.0,0,0
215,0.0,0.0297029702970297,0.07112192077650681,1.0,-0.0,0,0
216,0.2,0.05742574257425742,0.10277971700879983,0.08269301175340939,1.0825311903890302,0,0
217,0.2,0.05742574257425742,0.10277971700879983,0.08269301175340939,1.0825311903890302,0,0
218,0.2,0.05742574257425742,0.10277971700879983,0.08269301175340939,1.0825311903890302,0,0
219,0.2,0.041584158415841586,0.08590499787518362,0.03258561123651815,1.4869741281544258,0,0
220,0.2,0.031683168316831684,0.0730260947112308,0.01058647624307391,1.9752485727397298,0,0
221,0.0,0.0,0.0,1.0,-0.0,0,0
222,0.0,0.0,0.0,1.0,-0.0,0,0
223,0.0,0.0,0.0,1.0,-0.0,0,0
224,0.0,0.03762376237623763,0.07816140339006158,1.0,-0.0,0,0
225,0.0,0.09504950495049505,0.12135883917659061,1.0,-0.0,0,0
226,0.0,0.09900990099009899,0.12467387119760154,1.0,-0.0,0,0
227,0.0,0.1762376237623762,0.1623762376237624,1.0,-0.0,0,0
228,0.0,0.22178217821782176,0.2027552591868547,1.0,-0.0,0,0
229,0.0,0.1841584158415841,0.19229343978313213,1.0,-0.0,0,0
230,0.2,0.1415841584158416,0.17421241542909124,0.3686941608930998,0.43333374037594663,0,0
231,0.2,0.13762376237623763,0.17052712983454246,0.3572628193184977,0.4470121788857675,0,0
232,0.2,0.0712871287128713,0.12768822926854262,0.1567213356257638,0.8048718758110013,0,0
233,0.2,0.025742574257425745,0.07264925278354116,0.008228653963589683,2.084671200510097,0,0
234,0.2,0.025742574257425745,0.07264925278354116,0.008228653963589683,2.084671200510097,0,0
235,0.0,0.04950495049504951,0.1104659459879711,1.0,-0.0,0,0
236,0.0,0.061386138613861385,0.11854756076907538,1.0,-0.0,0,0
237,0.0,0.09306930693069305,0.13661931335176508,1.0,-0.0,0,0
238,0.0,0.09306930693069305,0.13661931335176508,1.0,-0.0,0,0
239,0.0,0.09306930693069305,0.13661931335176508,1.0,-0.0,0,0
240,0.0,0.05346534653465347,0.10104832334394513,1.0,-0.0,0,0
241,0.0,0.04158415841584159,0.09039772047931348,1.0,-0.0,0,0
242,0.0,0.0,0.0,1.0,-0.0,0,0
243,0.0,0.0,0.0,1.0,-0.0,0,0
244,0.0,0.0,0.0,1.0,-0.0,0,0
245,0.0,0.0,0.0,1.0,-0.0,0,0
246,0.0,0.0,0.0,1.0,-0.0,0,0
247,0.0,0.0,0.0,1.0,-0.0,0,0
248,0.0,0.0,0.0,1.0,-0.0,0,0
249,0.0,0.0,0.0,1.0,-0.0,0,0
250,0.0,0.0,0.0,1.0,-0.0,0,0
251,0.0,0.0,0.0,1.0,-0.0,0,0
252,0.0,0.0,0.0,1.0,-0.0,0,0
253,0.0,0.027722772277227727,0.06910862719451544,1.0,-0.0,0,0
254,0.0,0.043564356435643575,0.0916470215081674,1.0,-0.0,0,0
255,0.0,0.1089108910891089,0.14494724878689189,1.0,-0.0,0,0
256,0.2,0.16831683168316827,0.16345931947317976,0.4231548609860677,0.37350066580797614,0,0
257,0.2,0.1742574257425742,0.16569891898195668,0.43826973310136796,0.3582585206783195,0,0
258,0.2,0.1465346534653465,0.15127468716660816,0.36188222209096055,0.44143275161808027,0,0
259,0.2,0.13663366336633662,0.14873910461951623,0.335045403516397,0.4748963357676366,0,0
260,0.2,0.06930693069306931,0.10316052497133552,0.10259725727169978,0.9888642490457182,0,0
261,0.0,0.017821782178217824,0.05698017651460656,1.0,-0.0,0,0
262,0.0,0.011881188118811883,0.04727657974777554,1.0,-0.0,0,0
263,0.0,0.011881188118811883,0.04727657974777554,1.0,-0.0,0,0
264,0.0,0.04554455445544555,0.08846854615322249,1.0,-0.0,0,0
265,0.0,0.0613861386138614,0.10046456153636296,1.0,-0.0,0,0
266,0.0,0.05544554455445545,0.09384550979067555,1.0,-0.0,0,0
267,0.0,0.05544554455445545,0.09384550979067555,1.0,-0.0,0,0
268,0.0,0.06930693069306931,0.10316052497133553,1.0,-0.0,0,4
269,0.0,0.0297029702970297,0.07112192077650681,1.0,-0.0,0,0
270,0.0,0.05148514851485149,0.09186070102766893,1.0,-0.0,0,0
271,0.0,0.05148514851485149,0.09186070102766893,1.0,-0.0,0,0
272,0.0,0.05148514851485149,0.09186070102766893,1.0,-0.0,0,0
273,0.0,0.05544554455445546,0.09797478714338996,1.0,-0.0,0,0
274,0.0,0.06732673267326733,0.102550553475042,1.0,-0.0,0,0
275,0.0,0.0297029702970297,0.07112192077650681,1.0,-0.0,0,0
276,0.0,0.049504950495049514,0.09912864166957489,1.0,-0.0,0,0
277,0.0,0.2455445544554455,0.2122602328057286,1.0,-0.0,0,0
278,0.0,0.2792079207920792,0.2287792968560187,1.0,-0.0,0,0
279,0.0,0.3455445544554456,0.2638349140585579,1.0,-0.0,0,0
280,0.0,0.3455445544554456,0.2638349140585579,1.0,-0.0,0,0
281,0.0,0.3623762376237625,0.2738979665295324,1.0,-0.0,0,0
282,0.0,0.16831683168316827,0.1964691763138608,1.0,-0.0,0,0
283,0.0,0.11485148514851484,0.1550382505430763,1.0,-0.0,0,0
284,0.0,0.03762376237623763,0.07816140339006158,1.0,-0.0,0,0
285,0.0,0.04554455445544555,0.08846854615322249,1.0,-0.0,0,0
286,0.0,0.025742574257425745,0.0669763743575753,1.0,-0.0,0,0
287,0.0,0.025742574257425745,0.0669763743575753,1.0,-0.0,0,0
288,0.0,0.025742574257425745,0.0669763743575753,1.0,-0.0,0,0
289,0.0,0.025742574257425745,0.0669763743575753,1.0,-0.0,0,0
290,0.0,0.027722772277227727,0.06910862719451544,1.0,-0.0,0,0
291,0.0,0.009900990099009901,0.04338396495090424,1.0,-0.0,0,0
292,0.0,0.009900990099009901,0.04338396495090424,1.0,-0.0,0,0
293,0.0,0.009900990099009901,0.04338396495090424,1.0,-0.0,0,0
294,0.0,0.009900990099009901,0.04338396495090424,1.0,-0.0,0,0
295,0.0,0.0,0.0,1.0,-0.0,0,0
296,0.0,0.0,0.0,1.0,-0.0,0,0
297,0.0,0.0,0.0,1.0,-0.0,0,0
298,0.0,0.0,0.0,1.0,-0.0,0,0
299,0.0,0.0039603960396039604,0.027863855998951068,1.0,-0.0,0,0
300,0.0,0.0039603960396039604,0.027863855998951068,1.0,-0.0,0,0
301,0.0,0.0039603960396039604,0.027863855998951068,1.0,-0.0,0,0
302,0.0,0.0039603960396039604,0.027863855998951068,1.0,-0.0,0,0
303,0.0,0.0039603960396039604,0.027863855998951068,1.0,-0.0,0,0
304,0.0,0.0,0.0,1.0,-0.0,0,0
305,0.0,0.025742574257425745,0.06697637435757531,1.0,-0.0,0,0
306,0.0,0.025742574257425745,0.06697637435757531,1.0,-0.0,0,0
307,0.0,0.025742574257425745,0.06697637435757531,1.0,-0.0,0,0
308,0.0,0.025742574257425745,0.06697637435757531,1.0,-0.0,0,0
309,0.0,0.057425742574257435,0.11375371577303027,1.0,-0.0,0,0
310,0.0,0.031683168316831684,0.08316831683168316,1.0,-0.0,0,0
311,0.0,0.031683168316831684,0.08316831683168316,1.0,-0.0,0,0
312,0.2,0.07326732673267328,0.11509022642946842,0.13541366575877595,0.8683375050442039,0,0
313,0.2,0.07326732673267328,0.11509022642946842,0.13541366575877595,0.8683375050442039,0,0
314,0.2,0.041584158415841586,0.08590499787518362,0.03258561123651815,1.4869741281544258,0,0
315,0.2,0.041584158415841586,0.08590499787518362,0.03258561123651815,1.4869741281544258,0,0
316,0.2,0.0712871287128713,0.11110305060677654,0.12333004940280475,0.9089310945328979,0,0
317,0.0,0.029702970297029712,0.07112192077650681,1.0,-0.0,0,0
318,0.0,0.029702970297029712,0.07112192077650681,1.0,-0.0,0,0
319,0.0,0.029702970297029712,0.07112192077650681,1.0,-0.0,0,0
320,0.0,0.06732673267326733,0.10634234916512914,1.0,-0.0,0,0
321,0.0,0.06534653465346535,0.10939585993610405,1.0,-0.0,0,0
322,0.0,0.06534653465346535,0.10939585993610405,1.0,-0.0,0,0
323,0.0,0.06534653465346535,0.10939585993610405,1.0,-0.0,0,0
324,0.0,0.08712871287128712,0.12077584698595571,1.0,-0.0,0,0
325,0.0,0.07326732673267328,0.10425700262248065,1.0,-0.0,0,0
326,0.0,0.04554455445544555,0.08387254884969257,1.0,-0.0,0,0
327,0.0,0.04554455445544555,0.08387254884969257,1.0,-0.0,0,0
328,0.0,0.06534653465346535,0.09793475658517416,1.0,-0.0,0,0
329,0.0,0.09900990099009901,0.12467387119760155,1.0,-0.0,0,0
330,0.0,0.09504950495049505,0.13078304733432375,1.0,-0.0,0,0
331,0.0,0.100990099009901,0.1367914141716479,1.0,-0.0,0,0
332,0.0,0.100990099009901,0.1367914141716479,1.0,-0.0,0,0
333,0.0,0.0811881188118812,0.12642288870900886,1.0,-0.0,0,0
334,0.0,0.027722772277227727,0.07461957893630405,1.0,-0.0,0,0
335,0.0,0.007920792079207921,0.03900537743285587,1.0,-0.0,0,0
336,0.0,0.0019801980198019802,0.0198019801980198,1.0,-0.0,0,0
337,0.0,0.0019801980198019802,0.0198019801980198,1.0,-0.0,0,0
338,0.0,0.0019801980198019802,0.0198019801980198,1.0,-0.0,0,0
339,0.0,0.0,0.0,1.0,-0.0,0,0
340,0.0,0.0059405940594059415,0.033953323167291584,1.0,-0.0,0,0
341,0.0,0.0059405940594059415,0.033953323167291584,1.0,-0.0,0,0
342,0.0,0.031683168316831684,0.07826167463512676,1.0,-0.0,0,0
343,0.0,0.09504950495049505,0.13670539084430264,1.0,-0.0,0,0
344,0.0,0.09504950495049505,0.13670539084430264,1.0,-0.0,0,0
345,0.0,0.11089108910891088,0.14752142995793407,1.0,-0.0,0,0
346,0.0,0.12079207920792079,0.15689867556071532,1.0,-0.0,0,0
347,0.0,0.09504950495049502,0.12771893462651168,1.0,-0.0,0,0
348,0.0,0.031683168316831684,0.07826167463512676,1.0,-0.0,0,0
349,0.0,0.031683168316831684,0.07826167463512676,1.0,-0.0,0,0
350,0.0,0.009900990099009901,0.04338396495090424,1.0,-0.0,0,0
351,0.0,0.0,0.0,1.0,-0.0,0,0
352,0.0,0.0,0.0,1.0,-0.0,0,0
353,0.0,0.0,0.0,1.0,-0.0,0,0
354,0.0,0.0,0.0,1.0,-0.0,0,0
355,0.0,0.0594059405940594,0.10733330877518932,1.0,-0.0,0,0
356,0.0,0.061386138613861385,0.11515834731523734,1.0,-0.0,0,0
357,0.0,0.061386138613861385,0.11515834731523734,1.0,-0.0,0,0
358,0.0,0.06336633663366337,0.11917436454123627,1.0,-0.0,0,0
359,0.0,0.06336633663366337,0.11917436454123627,1.0,-0.0,0,0
360,0.0,0.015841584158415842,0.05401260078014202,1.0,-0.0,0,0
361,0.0,0.12871287128712872,0.1630990913423683,1.0,-0.0,0,0
362,0.0,0.1485148514851485,0.16567525277902487,1.0,-0.0,0,0
363,0.0,0.18019801980198016,0.17235687245139755,1.0,-0.0,0,0
364,0.0,0.22970297029702966,0.19977440467551033,1.0,-0.0,0,0
365,0.0,0.21782178217821774,0.18900261384538627,1.0,-0.0,0,0
366,0.0,0.19405940594059404,0.16278624882823453,1.0,-0.0,0,0
367,0.0,0.22772277227722765,0.1909428466047948,1.0,-0.0,0,0
368,0.0,0.194059405940594,0.17452724385370855,1.0,-0.0,0,0
369,0.2,0.20198019801980197,0.17461709057464242,1.0,-0.0,0,0
370,0.2,0.22574257425742572,0.18382808657861666,1.0,-0.0,0,0
371,0.2,0.13465346534653463,0.14921288105967925,0.33071429276543235,0.480547035400709,0,0
372,0.2,0.08118811881188118,0.11664694237642095,0.1542060090621744,0.8118987024738039,0,0
373,0.2,0.19801980198019797,0.16767495548527964,0.4952887039774808,0.30514157683521054,0,0
374,0.0,0.14059405940594058,0.1450013436754282,1.0,-0.0,0,0
375,0.0,0.13267326732673262,0.14698885988036148,1.0,-0.0,0,0
376,0.0,0.13267326732673262,0.14698885988036148,1.0,-0.0,0,0
377,0.0,0.13267326732673262,0.14698885988036148,1.0,-0.0,0,0
378,0.0,0.015841584158415842,0.05401260078014202,1.0,-0.0,0,0
379,0.0,0.021782178217821784,0.06230547612891991,1.0,-0.0,0,0
380,0.2,0.04356435643564357,0.09164702150816742,0.043916930442951946,1.3573680223438191,0,0
381,0.2,0.04356435643564357,0.09164702150816742,0.043916930442951946,1.3573680223438191,0,0
382,0.2,0.04356435643564357,0.09164702150816742,0.043916930442951946,1.3573680223438191,0,0
383,0.2,0.04356435643564357,0.09164702150816742,0.043916930442951946,1.3573680223438191,0,0
384,0.2,0.03762376237623763,0.08771182015980238,0.03206701867154286,1.4939414153345645,0,0
385,0.0,0.0,0.0,1.0,-0.0,0,0
386,0.0,0.0,0.0,1.0,-0.0,0,0
387,0.0,0.0,0.0,1.0,-0.0,0,0
388,0.0,0.09504950495049502,0.13957235791450373,1.0,-0.0,0,0
389,0.0,0.09504950495049502,0.13957235791450373,1.0,-0.0,0,4
390,0.0,0.11287128712871287,0.15521519162190436,1.0,-0.0,0,0
391,0.0,0.1603960396039604,0.18243632168365972,1.0,-0.0,0,0
392,0.0,0.18415841584158413,0.19229343978313213,1.0,-0.0,0,0
393,0.0,0.08712871287128712,0.13024224675172555,1.0,-0.0,0,0
394,0.2,0.10495049504950495,0.14784005112815915,0.26013761214092834,0.584796850555697,0,0
395,0.2,0.10495049504950493,0.1367053908443026,0.2434376750920733,0.6136122082817695,0,0
396,0.4,0.0792079207920792,0.10928827506175548,0.0016662149175581617,2.778268981626877,0,0
397,0.4,0.09306930693069307,0.13661931335176508,0.012332392890224012,1.9089526478006824,0,0
398,0.4,0.09306930693069307,0.13661931335176508,0.012332392890224012,1.9089526478006824,0,0
399,0.2,0.09108910891089109,0.13357165904190144,0.20742906007312073,0.6831304005732743,0,0
400,0.2,0.07326732673267328,0.11848138852793338,0.14239023387273103,0.8465197966586488,0,0
401,0.0,0.10495049504950495,0.1367053908443026,1.0,-0.0,0,0
402,0.0,0.09504950495049505,0.13078304733432375,1.0,-0.0,0,0
403,0.0,0.11287128712871286,0.15002532217723416,1.0,-0.0,0,0
404,0.0,0.09702970297029703,0.13962853515884507,1.0,-0.0,0,0
405,0.0,0.09702970297029703,0.13962853515884507,1.0,-0.0,0,0
406,0.0,0.04554455445544554,0.08387254884969257,1.0,-0.0,0,0
407,0.0,0.017821782178217824,0.05698017651460656,1.0,-0.0,0,0
408,0.0,0.0,0.0,1.0,-0.0,0,0
409,0.0,0.0,0.0,1.0,-0.0,0,0
410,0.0,0.007920792079207921,0.03900537743285587,1.0,-0.0,0,0
411,0.0,0.007920792079207921,0.03900537743285587,1.0,-0.0,0,0
412,0.0,0.08118811881188118,0.11999411807954946,1.0,-0.0,0,0
413,0.0,0.08118811881188118,0.11999411807954946,1.0,-0.0,0,0
414,0.0,0.08118811881188118,0.11999411807954946,1.0,-0.0,0,0
415,0.0,0.07326732673267328,0.11848138852793338,1.0,-0.0,0,0
416,0.0,0.07326732673267328,0.11848138852793338,1.0,-0.0,0,0
417,0.0,0.0,0.0,1.0,-0.0,0,0
418,0.0,0.0,0.0,1.0,-0.0,0,0
419,0.0,0.05148514851485149,0.096075322540263,1.0,-0.0,0,0
420,0.0,0.05148514851485149,0.096075322540263,1.0,-0.0,0,0
421,0.0,0.11287128712871286,0.14464936528910635,1.0,-0.0,0,0
422,0.0,0.17623762376237626,0.18516704518908453,1.0,-0.0,0,0
423,0.0,0.20198019801980197,0.20391232731653072,1.0,-0.0,0,0
424,0.0,0.1485148514851485,0.19016088102057818,1.0,-0.0,0,0
425,0.0,0.27326732673267323,0.27100512914254316,1.0,-0.0,0,0
426,0.0,0.21188118811881182,0.22483751171861005,1.0,-0.0,0,0
427,0.0,0.1574257425742574,0.19768288169074608,1.0,-0.0,0,0
428,0.0,0.17227722772277224,0.1689330594949795,1.0,-0.0,0,0
429,0.0,0.1841584158415841,0.17276589394999792,1.0,-0.0,0,0
430,0.0,0.06930693069306931,0.10316052497133552,1.0,-0.0,0,0
431,0.0,0.06930693069306931,0.10316052497133552,1.0,-0.0,0,0
432,0.0,0.07326732673267328,0.10425700262248065,1.0,-0.0,0,0
433,0.0,0.033663366336633666,0.07994704648786674,1.0,-0.0,0,0
434,0.0,0.05346534653465347,0.10489443673781407,1.0,-0.0,0,0
435,0.0,0.04356435643564357,0.09587103712404123,1.0,-0.0,0,0
436,0.0,0.097029702970297,0.12142344330103677,1.0,-0.0,0,0
437,0.0,0.08514851485148513,0.10660014917778038,1.0,-0.0,0,0
438,0.0,0.08514851485148513,0.10660014917778038,1.0,-0.0,0,0
439,0.0,0.05346534653465347,0.08851285797476045,1.0,-0.0,0,0
440,0.0,0.05346534653465347,0.08851285797476045,1.0,-0.0,0,0
441,0.0,0.0,0.0,1.0,-0.0,0,0
442,0.0,0.0,0.0,1.0,-0.0,0,0
443,0.0,0.0,0.0,1.0,-0.0,0,0
444,0.0,0.019801980198019802,0.059735061897023205,1.0,-0.0,0,0
445,0.2,0.08514851485148514,0.130031327995105,0.1885478753020174,0.7245783571846862,0,0
446,0.4,0.11287128712871286,0.1390657415135005,0.01947580746214322,1.710504527540709,0,0
447,0.4,0.16633663366336632,0.16902587986434298,0.08342265157333552,1.078716010302143,0,0
448,0.4,0.16633663366336632,0.16902587986434298,0.08342265157333552,1.078716010302143,0,0
449,0.4,0.14653465346534655,0.15893479355105833,0.05538120151727918,1.2566376262960464,0,0
450,0.2,0.11287128712871287,0.1390657415135005,0.26548402751583466,0.5759616025312937,0,0
451,0.0,0.08514851485148514,0.12054836637801526,1.0,-0.0,0,0
452,0.0,0.039603960396039604,0.08452453849668534,1.0,-0.0,0,0
453,0.0,0.08118811881188118,0.11664694237642095,1.0,-0.0,0,0
454,0.0,0.08118811881188118,0.11664694237642095,1.0,-0.0,0,0
455,0.0,0.06336633663366337,0.10120342446875752,1.0,-0.0,0,0
456,0.0,0.06336633663366337,0.10120342446875752,1.0,-0.0,0,0
457,0.0,0.057425742574257435,0.09048443294095733,1.0,-0.0,0,0
458,0.0,0.027722772277227727,0.06910862719451545,1.0,-0.0,0,0
459,0.0,0.027722772277227727,0.06910862719451545,1.0,-0.0,0,0
460,0.0,0.011881188118811883,0.047276579747775535,1.0,-0.0,0,0
461,0.0,0.011881188118811883,0.047276579747775535,1.0,-0.0,0,0
462,0.0,0.011881188118811883,0.047276579747775535,1.0,-0.0,0,0
463,0.2,0.017821782178217824,0.0635517090529949,0.0020744436267099344,2.6830983626867595,0,0
464,0.2,0.017821782178217824,0.0635517090529949,0.0020744436267099344,2.6830983626867595,0,0
465,0.2,0.017821782178217824,0.0635517090529949,0.0020744436267099344,2.6830983626867595,0,0
466,0.2,0.017821782178217824,0.0635517090529949,0.0020744436267099344,2.6830983626867595,0,0
467,0.2,0.017821782178217824,0.0635517090529949,0.0020744436267099344,2.6830983626867595,0,0
468,0.0,0.027722772277227727,0.07975061610139514,1.0,-0.0,0,0
469,0.2,0.05346534653465347,0.09704990696905226,0.0655357875709919,1.1835214771048093,0,0
470,0.2,0.05346534653465347,0.09704990696905226,0.0655357875709919,1.1835214771048093,0,0
471,0.2,0.05346534653465347,0.09704990696905226,0.0655357875709919,1.1835214771048093,0,0
472,0.2,0.05346534653465347,0.09704990696905226,0.0655357875709919,1.1835214771048093,0,0
473,0.2,0.025742574257425745,0.06697637435757531,0.004637140001348011,2.3337497919853583,0,0
474,0.0,0.0,0.0,1.0,-0.0,0,0
475,0.0,0.0,0.0,1.0,-0.0,0,0
476,0.0,0.0,0.0,1.0,-0.0,0,0
477,0.0,0.0,0.0,1.0,-0.0,0,0
478,0.0,0.0,0.0,1.0,-0.0,0,0
479,0.0,0.0,0.0,1.0,-0.0,0,0
480,0.0,0.0,0.0,1.0,-0.0,0,0
481,0.0,0.0,0.0,1.0,-0.0,0,0
482,0.0,0.0,0.0,1.0,-0.0,0,0
483,0.0,0.0,0.0,1.0,-0.0,0,0
484,0.0,0.007920792079207921,0.03900537743285587,1.0,-0.0,0,0
485,0.0,0.007920792079207921,0.03900537743285587,1.0,-0.0,0,0
486,0.0,0.007920792079207921,0.03900537743285587,1.0,-0.0,0,0
487,0.0,0.007920792079207921,0.03900537743285587,1.0,-0.0,0,0
488,0.0,0.007920792079207921,0.03900537743285587,1.0,-0.0,0,0
489,0.0,0.011881188118811881,0.047276579747775535,1.0,-0.0,0,0
490,0.0,0.011881188118811881,0.047276579747775535,1.0,-0.0,0,0
491,0.0,0.011881188118811881,0.047276579747775535,1.0,-0.0,0,0
492,0.0,0.011881188118811881,0.047276579747775535,1.0,-0.0,0,0
493,0.0,0.011881188118811881,0.047276579747775535,1.0,-0.0,0,0
494,0.0,0.0,0.0,1.0,-0.0,0,0
495,0.0,0.0,0.0,1.0,-0.0,0,0
496,0.0,0.015841584158415842,0.054012600780142014,1.0,-0.0,0,0
497,0.0,0.015841584158415842,0.054012600780142014,1.0,-0.0,0,0
498,0.0,0.015841584158415842,0.054012600780142014,1.0,-0.0,0,0
499,0.0,0.015841584158415842,0.054012600780142014,1.0,-0.0,0,0
500,0.0,0.015841584158415842,0.054012600780142014,1.0,-0.0,0,0
501,0.0,0.0,0.0,1.0,-0.0,0,0
502,0.2,0.017821782178217824,0.056980176514606566,0.0006937928196726553,3.15877019915046,0,0
503,0.4,0.023762376237623763,0.06471340450838887,3.0515923326657054e-09,8.515473484969863,0,0
504,0.4,0.023762376237623763,0.06471340450838887,3.0515923326657054e-09,8.515473484969863,0,0
505,0.4,0.023762376237623763,0.06471340450838887,3.0515923326657054e-09,8.515473484969863,0,0
506,0.4,0.023762376237623763,0.06471340450838887,3.0515923326657054e-09,8.515473484969863,0,0
507,0.2,0.015841584158415842,0.05401260078014202,0.00032535620257014524,3.4876409094885674,0,0
508,0.0,0.009900990099009901,0.04338396495090424,1.0,-0.0,0,0
509,0.0,0.027722772277227727,0.07461957893630407,1.0,-0.0,0,0
510,0.0,0.027722772277227727,0.07461957893630407,1.0,-0.0,0,0
511,0.0,0.027722772277227727,0.07461957893630407,1.0,-0.0,0,0
512,0.0,0.04554455445544555,0.08846854615322249,1.0,-0.0,0,0
513,0.0,0.04554455445544555,0.08846854615322249,1.0,-0.0,0,0
514,0.0,0.02772277227722773,0.06910862719451545,1.0,-0.0,0,0
515,0.0,0.02772277227722773,0.06910862719451545,1.0,-0.0,0,0
516,0.0,0.02772277227722773,0.06910862719451545,1.0,-0.0,0,0
517,0.0,0.0,0.0,1.0,-0.0,0,0
518,0.2,0.009900990099009901,0.04338396495090424,5.885669548817485e-06,5.230204125035219,0,0
519,0.2,0.009900990099009901,0.04338396495090424,5.885669548817485e-06,5.230204125035219,0,0
520,0.2,0.009900990099009901,0.04338396495090424,5.885669548817485e-06,5.230204125035219,0,0
521,0.2,0.05346534653465347,0.10104832334394513,0.0735091372710952,1.1336586742521857,0,0
522,0.2,0.06732673267326733,0.11000352009767247,0.11389293410569636,0.9435032186258506,0,0
523,0.0,0.057425742574257435,0.10277971700879983,1.0,-0.0,0,0
524,0.0,0.057425742574257435,0.10277971700879983,1.0,-0.0,0,0
525,0.0,0.057425742574257435,0.10277971700879983,1.0,-0.0,0,0
526,0.0,0.013861386138613863,0.05079507064705211,1.0,-0.0,0,0
527,0.0,0.09900990099009901,0.1396566153069739,1.0,-0.0,0,0
528,0.0,0.10693069306930694,0.14505541839059363,1.0,-0.0,0,0
529,0.0,0.1425742574257426,0.16249693654596944,1.0,-0.0,0,0
530,0.0,0.16039603960396043,0.17353585980361697,1.0,-0.0,0,0
531,0.0,0.1722772277227723,0.18674852677785872,1.0,-0.0,0,0
532,0.0,0.09504950495049505,0.13957235791450376,1.0,-0.0,0,0
533,0.0,0.08712871287128712,0.13024224675172555,1.0,-0.0,0,0
534,0.0,0.05346534653465347,0.10489443673781407,1.0,-0.0,0,0
535,0.0,0.03564356435643565,0.08626938974571076,1.0,-0.0,0,0
536,0.0,0.03564356435643565,0.09074407316744237,1.0,-0.0,0,0
537,0.0,0.011881188118811883,0.047276579747775535,1.0,-0.0,0,0
538,0.0,0.011881188118811883,0.047276579747775535,1.0,-0.0,0,0
539,0.0,0.07326732673267326,0.12811743461086583,1.0,-0.0,0,0
540,0.0,0.07326732673267326,0.12811743461086583,1.0,-0.0,0,0
541,0.0,0.11287128712871286,0.1626898685658909,1.0,-0.0,0,0
542,0.0,0.13267326732673265,0.1851458675090028,1.0,-0.0,0,0
543,0.0,0.13267326732673265,0.1851458675090028,1.0,-0.0,0,0
544,0.0,0.10297029702970295,0.14789308791950764,1.0,-0.0,0,0
545,0.0,0.18217821782178212,0.17371653227296086,1.0,-0.0,0,0
546,0.0,0.13069306930693067,0.13624568246946198,1.0,-0.0,0,0
547,0.0,0.10891089108910891,0.13650445892763632,1.0,-0.0,0,0
548,0.0,0.12673267326732673,0.15851482056387725,1.0,-0.0,0,0
549,0.0,0.11683168316831682,0.15986956746090622,1.0,-0.0,0,0
550,0.0,0.039603960396039604,0.08452453849668534,1.0,-0.0,0,0
551,0.0,0.20000000000000004,0.21981089982793922,1.0,-0.0,0,0
552,0.0,0.20000000000000004,0.21981089982793922,1.0,-0.0,0,0
553,0.0,0.21782178217821782,0.21998921647917402,1.0,-0.0,0,0
554,0.0,0.19603960396039605,0.20485241829915377,1.0,-0.0,0,0
555,0.0,0.35841584158415846,0.27906042027648026,1.0,-0.0,0,0
556,0.0,0.19801980198019803,0.18129359046727286,1.0,-0.0,0,0
557,0.0,0.21386138613861388,0.1914145896807061,1.0,-0.0,0,0
558,0.0,0.1782178217821782,0.18217821782178217,1.0,-0.0,0,0
559,0.0,0.1861386138613861,0.187230838076401,1.0,-0.0,0,0
560,0.0,0.03762376237623763,0.07816140339006158,1.0,-0.0,0,0
561,0.0,0.12673267326732673,0.17285665618055598,1.0,-0.0,0,0
562,0.0,0.1108910891089109,0.16762817770351135,1.0,-0.0,0,0
