,foreground,bg_means,bg_stdev,pvals,minus_logs,regs,active
2,0.0,0.0039603960396039604,0.027863855998951068,1.0,-0.0,0,0
3,0.0,0.0039603960396039604,0.027863855998951068,1.0,-0.0,0,0
4,0.0,0.0,0.0,1.0,-0.0,0,0
5,0.0,0.0019801980198019802,0.019801980198019802,1.0,-0.0,0,0
6,0.0,0.0019801980198019802,0.019801980198019802,1.0,-0.0,0,0
7,0.0,0.009900990099009901,0.04338396495090424,1.0,-0.0,0,0
8,0.0,0.013861386138613863,0.05079507064705211,1.0,-0.0,0,0
9,0.0,0.07920792079207921,0.1292145592164392,1.0,-0.0,0,0
10,0.0,0.13663366336633664,0.1756023705140227,1.0,-0.0,0,0
11,0.0,0.13663366336633664,0.1756023705140227,1.0,-0.0,0,0
12,0.0,0.12871287128712872,0.1702279390125739,1.0,-0.0,0,0
13,0.0,0.15247524752475247,0.19118911865031774,1.0,-0.0,0,0
14,0.0,0.09702970297029703,0.1451905170679078,1.0,-0.0,0,0
15,0.0,0.03762376237623762,0.09211646217515253,1.0,-0.0,0,0
16,0.0,0.03762376237623762,0.09211646217515253,1.0,-0.0,0,0
17,0.0,0.03762376237623762,0.09211646217515253,1.0,-0.0,0,0
18,0.0,0.009900990099009901,0.04338396495090424,1.0,-0.0,0,0
19,0.0,0.0,0.0,1.0,-0.0,0,0
20,0.0,0.0,0.0,1.0,-0.0,0,0
21,0.0,0.011881188118811881,0.047276579747775535,1.0,-0.0,0,0
22,0.0,0.011881188118811881,0.047276579747775535,1.0,-0.0,0,0
23,0.0,0.011881188118811881,0.047276579747775535,1.0,-0.0,0,0
24,0.0,0.011881188118811881,0.047276579747775535,1.0,-0.0,0,0
25,0.0,0.011881188118811881,0.047276579747775535,1.0,-0.0,0,0
26,0.0,0.0,0.0,1.0,-0.0,0,0
27,0.0,0.0,0.0,1.0,-0.0,0,0
28,0.0,0.01386138613861386,0.05079507064705211,1.0,-0.0,0,0
29,0.0,0.01386138613861386,0.05079507064705211,1.0,-0.0,0,0
30,0.0,0.049504950495049514,0.09504950495049506,1.0,-0.0,0,0
31,0.0,0.049504950495049514,0.09504950495049506,1.0,-0.0,0,0
32,0.0,0.049504950495049514,0.09504950495049506,1.0,-0.0,0,0
33,0.0,0.05742574257425742,0.10277971700879983,1.0,-0.0,0,0
34,0.0,0.05742574257425742,0.10277971700879983,1.0,-0.0,0,0
35,0.0,0.021782178217821784,0.06836703565002801,1.0,-0.0,0,0
36,0.0,0.021782178217821784,0.06836703565002801,1.0,-0.0,0,0
37,0.0,0.021782178217821784,0.06836703565002801,1.0,-0.0,0,0
38,0.0,0.05346534653465347,0.09704990696905226,1.0,-0.0,0,0
39,0.0,0.05346534653465347,0.09704990696905226,1.0,-0.0,0,0
40,0.0,0.05346534653465347,0.09704990696905226,1.0,-0.0,0,0
41,0.0,0.05346534653465347,0.09704990696905226,1.0,-0.0,0,0
42,0.0,0.05346534653465347,0.09704990696905226,1.0,-0.0,0,0
43,0.0,0.0,0.0,1.0,-0.0,0,0
44,0.0,0.013861386138613863,0.05079507064705211,1.0,-0.0,0,0
45,0.0,0.04752475247524753,0.09397077637785879,1.0,-0.0,0,0
46,0.0,0.04752475247524753,0.09397077637785879,1.0,-0.0,0,0
47,0.0,0.10099009900990098,0.14246420394934614,1.0,-0.0,0,0
48,0.0,0.10099009900990098,0.14246420394934614,1.0,-0.0,0,0
49,0.0,0.08712871287128712,0.1332483472575107,1.0,-0.0,0,0
50,0.0,0.10495049504950496,0.14513649268759365,1.0,-0.0,0,0
51,0.0,0.10495049504950496,0.14513649268759365,1.0,-0.0,0,0
52,0.0,0.061386138613861385,0.11166631429601336,1.0,-0.0,0,0
53,0.0,0.061386138613861385,0.11166631429601336,1.0,-0.0,0,0
54,0.0,0.061386138613861385,0.11166631429601336,1.0,-0.0,0,0
55,0.0,0.09702970297029703,0.12778032320714203,1.0,-0.0,0,0
56,0.0,0.19009900990099005,0.19776220869301223,1.0,-0.0,0,0
57,0.0,0.2712871287128712,0.2347683221430326,1.0,-0.0,0,0
58,0.0,0.2712871287128712,0.2347683221430326,1.0,-0.0,0,0
59,0.0,0.2712871287128712,0.2347683221430326,1.0,-0.0,0,0
60,0.0,0.192079207920792,0.20857041374193394,1.0,-0.0,0,0
61,0.0,0.09900990099009901,0.15057319492752777,1.0,-0.0,0,0
62,0.0,0.007920792079207921,0.03900537743285587,1.0,-0.0,0,0
63,0.0,0.033663366336633666,0.07994704648786674,1.0,-0.0,0,0
64,0.0,0.06138613861386138,0.12505072003047088,1.0,-0.0,0,0
65,0.0,0.06930693069306931,0.1333071895422324,1.0,-0.0,0,0
66,0.0,0.06930693069306931,0.1333071895422324,1.0,-0.0,0,0
67,0.0,0.06930693069306931,0.1333071895422324,1.0,-0.0,0,0
68,0.0,0.04356435643564357,0.09587103712404124,1.0,-0.0,0,0
69,0.0,0.031683168316831684,0.0730260947112308,1.0,-0.0,0,0
70,0.0,0.015841584158415842,0.054012600780142014,1.0,-0.0,0,0
71,0.0,0.015841584158415842,0.054012600780142014,1.0,-0.0,0,0
72,0.0,0.019801980198019802,0.059735061897023205,1.0,-0.0,0,0
73,0.0,0.019801980198019802,0.059735061897023205,1.0,-0.0,0,0
74,0.0,0.0039603960396039604,0.027863855998951064,1.0,-0.0,0,0
75,0.0,0.007920792079207921,0.03900537743285587,1.0,-0.0,0,0
76,0.0,0.013861386138613863,0.05079507064705211,1.0,-0.0,0,0
77,0.0,0.017821782178217824,0.05698017651460656,1.0,-0.0,0,0
78,0.0,0.05148514851485149,0.1001126705723924,1.0,-0.0,0,0
79,0.0,0.05148514851485149,0.1001126705723924,1.0,-0.0,0,0
80,0.0,0.05940594059405942,0.10357779667819421,1.0,-0.0,0,0
81,0.0,0.06336633663366338,0.10874875419996817,1.0,-0.0,0,0
82,0.0,0.05544554455445545,0.09797478714338996,1.0,-0.0,0,0
83,0.0,0.021782178217821784,0.06230547612891991,1.0,-0.0,0,0
84,0.0,0.021782178217821784,0.06230547612891991,1.0,-0.0,0,0
85,0.0,0.009900990099009901,0.04338396495090425,1.0,-0.0,0,0
86,0.0,0.0,0.0,1.0,-0.0,0,0
87,0.0,0.009900990099009901,0.04338396495090424,1.0,-0.0,0,0
88,0.0,0.009900990099009901,0.04338396495090424,1.0,-0.0,0,0
89,0.0,0.023762376237623766,0.06471340450838889,1.0,-0.0,0,0
90,0.0,0.023762376237623766,0.06471340450838889,1.0,-0.0,0,0
91,0.0,0.023762376237623766,0.06471340450838889,1.0,-0.0,0,0
92,0.0,0.01386138613861386,0.05079507064705211,1.0,-0.0,0,0
93,0.0,0.01386138613861386,0.05079507064705211,1.0,-0.0,0,0
94,0.0,0.0,0.0,1.0,-0.0,0,0
95,0.0,0.021782178217821784,0.06230547612891991,1.0,-0.0,0,0
96,0.0,0.021782178217821784,0.06230547612891991,1.0,-0.0,0,0
97,0.0,0.021782178217821784,0.06230547612891991,1.0,-0.0,0,0
98,0.0,0.03564356435643564,0.07653920035678292,1.0,-0.0,0,0
99,0.0,0.04554455445544555,0.08846854615322249,1.0,-0.0,0,0
100,0.0,0.05940594059405942,0.09562531855564071,1.0,-0.0,0,0
101,0.0,0.05940594059405942,0.09562531855564071,1.0,-0.0,0,0
102,0.0,0.06534653465346535,0.10189845806153354,1.0,-0.0,0,0
103,0.0,0.08316831683168316,0.10630546955619442,1.0,-0.0,0,0
104,0.0,0.07326732673267328,0.10425700262248064,1.0,-0.0,0,0
105,0.0,0.03762376237623763,0.07816140339006157,1.0,-0.0,0,0
106,0.0,0.03762376237623763,0.07816140339006157,1.0,-0.0,0,0
107,0.0,0.031683168316831684,0.0730260947112308,1.0,-0.0,0,0
108,0.0,0.0,0.0,1.0,-0.0,0,0
109,0.0,0.021782178217821784,0.06230547612891991,1.0,-0.0,0,0
110,0.0,0.07326732673267328,0.12498799079651088,1.0,-0.0,0,0
111,0.0,0.08712871287128712,0.14464936528910635,1.0,-0.0,0,0
112,0.0,0.08712871287128712,0.14464936528910635,1.0,-0.0,0,0
113,0.0,0.08712871287128712,0.14464936528910635,1.0,-0.0,0,0
114,0.0,0.06534653465346535,0.12302752132284413,1.0,-0.0,0,0
115,0.0,0.01386138613861386,0.05079507064705211,1.0,-0.0,0,0
116,0.0,0.0,0.0,1.0,-0.0,0,0
117,0.0,0.015841584158415842,0.05401260078014202,1.0,-0.0,0,0
118,0.0,0.043564356435643575,0.08255312311158747,1.0,-0.0,0,0
119,0.0,0.043564356435643575,0.08255312311158747,1.0,-0.0,0,0
120,0.0,0.043564356435643575,0.08255312311158747,1.0,-0.0,0,0
121,0.0,0.05148514851485149,0.096075322540263,1.0,-0.0,0,0
122,0.0,0.03564356435643565,0.08626938974571076,1.0,-0.0,0,0
123,0.0,0.007920792079207921,0.03900537743285587,1.0,-0.0,0,0
124,0.0,0.007920792079207921,0.03900537743285587,1.0,-0.0,0,0
125,0.0,0.03762376237623763,0.08307396817189318,1.0,-0.0,0,0
126,0.0,0.13069306930693067,0.16988206407546308,1.0,-0.0,0,0
127,0.0,0.13861386138613857,0.17059609935397896,1.0,-0.0,0,0
128,0.0,0.15247524752475242,0.17382935720677029,1.0,-0.0,0,19
129,0.0,0.22970297029702963,0.20755271521986346,1.0,-0.0,0,0
130,0.0,0.19999999999999996,0.1929448697744442,1.0,-0.0,0,0
131,0.0,0.09702970297029702,0.127780323207142,1.0,-0.0,0,0
132,0.0,0.08910891089108909,0.12420120222231065,1.0,-0.0,0,0
133,0.0,0.07722772277227724,0.10889288780093088,1.0,-0.0,0,0
134,0.0,0.0,0.0,1.0,-0.0,0,0
135,0.0,0.021782178217821784,0.06230547612891991,1.0,-0.0,0,0
136,0.0,0.021782178217821784,0.06230547612891991,1.0,-0.0,0,0
137,0.0,0.05346534653465347,0.09287951999650358,1.0,-0.0,0,0
138,0.0,0.05346534653465347,0.09287951999650358,1.0,-0.0,0,0
139,0.0,0.09702970297029703,0.12464241569787102,1.0,-0.0,0,0
140,0.0,0.07524752475247526,0.10845991237726064,1.0,-0.0,0,0
141,0.2,0.10693069306930694,0.12762679639066948,0.23293044793121265,0.6327737381539629,0,0
142,0.2,0.09702970297029702,0.13084299831035082,0.21564796322227764,0.6662546393752193,0,0
143,0.2,0.10297029702970295,0.13084299831035082,0.2291728857470876,0.6398367665781117,0,0
144,0.2,0.0594059405940594,0.10733330877518932,0.0951177364230414,1.0217384934469724,0,0
145,0.4,0.09306930693069305,0.1306930693069307,0.009424983049455386,2.0257194221868495,0,0
146,0.2,0.061386138613861385,0.10046456153636296,0.08383506191077846,1.0765743106091494,0,0
147,0.2,0.039603960396039604,0.08908690597387718,0.0358952311958159,1.4449632450960652,0,0
148,0.2,0.033663366336633666,0.07994704648786674,0.018735949469970602,1.7273242935431963,0,0
149,0.2,0.033663366336633666,0.07994704648786674,0.018735949469970602,1.7273242935431963,0,0
150,0.0,0.0,0.0,1.0,-0.0,0,0
151,0.0,0.0,0.0,1.0,-0.0,0,0
152,0.0,0.0,0.0,1.0,-0.0,0,0
153,0.0,0.0,0.0,1.0,-0.0,0,0
154,0.0,0.0,0.0,1.0,-0.0,0,0
155,0.0,0.0,0.0,1.0,-0.0,0,0
156,0.0,0.0,0.0,1.0,-0.0,0,0
157,0.2,0.05940594059405942,0.0996808946427978,0.07920469585235769,1.1012490693914336,0,0
158,0.2,0.05940594059405942,0.0996808946427978,0.07920469585235769,1.1012490693914336,0,0
159,0.2,0.06336633663366337,0.10120342446875752,0.08849366552547523,1.0530878154692966,0,0
160,0.2,0.06336633663366337,0.10120342446875752,0.08849366552547523,1.0530878154692966,0,0
161,0.2,0.06336633663366337,0.10120342446875752,0.08849366552547523,1.0530878154692966,0,0
162,0.0,0.025742574257425745,0.06697637435757531,1.0,-0.0,0,0
163,0.0,0.025742574257425745,0.06697637435757531,1.0,-0.0,0,0
164,0.0,0.021782178217821784,0.06230547612891991,1.0,-0.0,0,0
165,0.0,0.057425742574257435,0.10656335878870264,1.0,-0.0,0,0
166,0.0,0.057425742574257435,0.10656335878870264,1.0,-0.0,0,0
167,0.0,0.08910891089108913,0.13342479626077636,1.0,-0.0,0,0
168,0.0,0.08910891089108913,0.13342479626077636,1.0,-0.0,0,0
169,0.0,0.08910891089108913,0.13342479626077636,1.0,-0.0,0,0
170,0.0,0.05346534653465347,0.10860442931328386,1.0,-0.0,0,0
171,0.0,0.11683168316831682,0.149632756335149,1.0,-0.0,0,0
172,0.0,0.06336633663366337,0.10874875419996817,1.0,-0.0,0,0
173,0.0,0.06336633663366337,0.10874875419996817,1.0,-0.0,0,0
174,0.0,0.06336633663366337,0.10874875419996817,1.0,-0.0,0,0
175,0.0,0.06336633663366337,0.10874875419996817,1.0,-0.0,0,0
176,0.0,0.07524752475247524,0.11553229422427584,1.0,-0.0,0,0
177,0.0,0.07524752475247524,0.11553229422427584,1.0,-0.0,0,0
178,0.0,0.11683168316831682,0.149632756335149,1.0,-0.0,0,0
179,0.0,0.11683168316831682,0.149632756335149,1.0,-0.0,0,0
180,0.0,0.11683168316831682,0.149632756335149,1.0,-0.0,0,0
181,0.0,0.041584158415841586,0.0987719913927915,1.0,-0.0,0,0
182,0.0,0.041584158415841586,0.0987719913927915,1.0,-0.0,0,0
183,0.0,0.0,0.0,1.0,-0.0,0,0
184,0.0,0.05148514851485149,0.10011267057239238,1.0,-0.0,0,0
185,0.0,0.05148514851485149,0.10011267057239238,1.0,-0.0,0,0
186,0.2,0.06534653465346535,0.10571364605971598,0.10137482685028305,0.9940698745616096,0,0
187,0.2,0.13069306930693067,0.1474150698648297,0.31912456754770585,0.49603976070871886,0,0
188,0.2,0.13069306930693067,0.1474150698648297,0.31912456754770585,0.49603976070871886,0,0
189,0.2,0.07722772277227724,0.12576985749069639,0.16449106805243702,0.783857679482127,0,0
190,0.2,0.07722772277227724,0.12576985749069639,0.16449106805243702,0.783857679482127,0,0
191,0.0,0.07326732673267328,0.10798889666879986,1.0,-0.0,0,0
192,0.0,0.009900990099009901,0.04338396495090424,1.0,-0.0,0,0
193,0.0,0.009900990099009901,0.04338396495090424,1.0,-0.0,0,0
194,0.0,0.009900990099009901,0.04338396495090424,1.0,-0.0,0,0
195,0.0,0.009900990099009901,0.04338396495090424,1.0,-0.0,0,0
196,0.0,0.015841584158415842,0.05401260078014202,1.0,-0.0,0,0
197,0.0,0.023762376237623766,0.06471340450838889,1.0,-0.0,0,0
198,0.0,0.0297029702970297,0.07648795214189293,1.0,-0.0,0,0
199,0.2,0.0811881188118812,0.12642288870900886,0.17366078882092117,0.7602982306092326,0,0
200,0.2,0.0811881188118812,0.12642288870900886,0.17366078882092117,0.7602982306092326,0,0
201,0.2,0.06534653465346535,0.1164113937164283,0.12369676173807938,0.9076416696327345,0,0
202,0.2,0.057425742574257435,0.10656335878870263,0.09045971579075375,1.0435447810683365,0,0
203,0.2,0.05148514851485149,0.10399339410297728,0.07662893002971194,1.1156072384578781,0,0
204,0.0,0.0,0.0,1.0,-0.0,0,0
205,0.0,0.0059405940594059415,0.033953323167291584,1.0,-0.0,0,0
206,0.0,0.0059405940594059415,0.033953323167291584,1.0,-0.0,0,0
207,0.0,0.0059405940594059415,0.033953323167291584,1.0,-0.0,0,0
208,0.0,0.033663366336633666,0.07994704648786674,1.0,-0.0,0,0
209,0.0,0.033663366336633666,0.07994704648786674,1.0,-0.0,0,0
210,0.0,0.027722772277227727,0.06910862719451544,1.0,-0.0,0,0
211,0.0,0.027722772277227727,0.06910862719451544,1.0,-0.0,0,0
212,0.0,0.027722772277227727,0.06910862719451544,1.0,-0.0,0,0
213,0.0,0.06930693069306931,0.12407485305204392,1.0,-0.0,0,0
214,0.2,0.08514851485148517,0.14169143619800648,0.20880499211361336,0.6802591224251479,0,0
215,0.2,0.08514851485148517,0.14169143619800648,0.20880499211361336,0.6802591224251479,0,0
216,0.4,0.13366336633663364,0.16427291209470207,0.05247603033301083,1.2800390255697978,0,0
217,0.4,0.15247524752475242,0.17609294317160962,0.07991428773876198,1.0973755669767247,0,0
218,0.4,0.10495049504950495,0.1337769960717191,0.01370837689907432,1.8630139635551264,0,0
219,0.2,0.10099009900990098,0.12781100644043505,0.2192706971082659,0.6590194026794771,0,0
220,0.2,0.16633663366336635,0.16902587986434298,0.42106839575071353,0.37564735431983987,0,0
221,0.0,0.11683168316831682,0.14696218071508493,1.0,-0.0,0,0
222,0.0,0.11089108910891086,0.13923481846532232,1.0,-0.0,0,0
223,0.0,0.17029702970297025,0.1853786889262329,1.0,-0.0,0,0
224,0.0,0.1742574257425742,0.18382808657861666,1.0,-0.0,0,0
225,0.0,0.1089108910891089,0.14765427233510695,1.0,-0.0,0,0
226,0.0,0.12277227722772276,0.16160162980675777,1.0,-0.0,0,0
227,0.0,0.1277227722772277,0.1529374504130664,1.0,-0.0,0,0
228,0.0,0.06534653465346535,0.10571364605971598,1.0,-0.0,0,0
229,0.0,0.09108910891089109,0.15292463030738873,1.0,-0.0,0,0
230,0.0,0.10495049504950496,0.1631231312999523,1.0,-0.0,0,0
231,0.0,0.09108910891089109,0.15801930568918818,1.0,-0.0,0,0
232,0.0,0.07524752475247524,0.1430958555654627,1.0,-0.0,0,0
233,0.2,0.06336633663366337,0.11917436454123627,0.1257937221997103,0.9003410320390386,0,0
234,0.2,0.04554455445544555,0.09283729243351321,0.04808399917069303,1.3179994190099724,0,0
235,0.2,0.03168316831683169,0.07826167463512676,0.01575022170315114,1.8027133286186665,0,0
236,0.4,0.039603960396039604,0.0890869059738772,2.6112086633964888e-05,4.583158422033521,0,0
237,0.6,0.07524752475247526,0.12219602867755656,8.760307589782653e-06,5.057480644722322,0,0
238,0.4,0.06732673267326733,0.11698261772468856,0.0022290647018759187,2.65187732530179,0,0
239,0.4,0.04356435643564357,0.09164702150816742,5.028297628426176e-05,4.29857902403349,0,0
240,0.4,0.04356435643564357,0.09164702150816742,5.028297628426176e-05,4.29857902403349,0,0
241,0.2,0.03564356435643565,0.08626938974571076,0.028380055950301422,1.5469867526811094,0,0
242,0.0,0.0,0.0,1.0,-0.0,0,0
243,0.0,0.017821782178217824,0.0635517090529949,1.0,-0.0,0,0
244,0.2,0.09306930693069305,0.12448501897427097,0.19517455309290543,0.7095768064016368,0,0
245,0.2,0.09306930693069305,0.12448501897427097,0.19517455309290543,0.7095768064016368,0,0
246,0.4,0.15643564356435644,0.14786657190173835,0.049759486892841584,1.3031241066282597,0,0
247,0.4,0.15643564356435644,0.14786657190173835,0.049759486892841584,1.3031241066282597,0,0
248,0.6,0.15247524752475247,0.1466416521312762,0.0011372709449679538,2.944136056080559,0,0
249,0.4,0.13465346534653463,0.14102569358229589,0.02994874323394093,1.523621397582397,0,0
250,0.6,0.14059405940594058,0.1450013436754282,0.0007666990780198025,3.115375058996476,0,0
251,0.6,0.08514851485148513,0.1269490726718781,2.5005561044647134e-05,4.601963396830736,0,0
252,0.6,0.08514851485148513,0.1269490726718781,2.5005561044647134e-05,4.601963396830736,0,0
253,0.4,0.11287128712871286,0.15264231556912292,0.02998216442242227,1.5231370184929314,0,0
254,0.4,0.05544554455445545,0.10575073206193021,0.0005606549752454359,3.2513043195704925,0,0
255,0.2,0.07326732673267326,0.11848138852793338,0.14239023387273103,0.8465197966586488,0,0
256,0.0,0.09306930693069305,0.1306930693069307,1.0,-0.0,0,0
257,0.0,0.1306930693069307,0.1447035715361989,1.0,-0.0,0,0
258,0.2,0.10099009900990098,0.1147490154015875,0.19411305575528004,0.7119452536286819,0,0
259,0.2,0.10099009900990098,0.1147490154015875,0.19411305575528004,0.7119452536286819,0,0
260,0.2,0.07722772277227724,0.10889288780093088,0.12977421193735644,0.886811599723601,0,0
261,0.2,0.049504950495049514,0.09078727434730813,0.04869237040212954,1.3125390829709087,0,0
262,0.2,0.03564356435643565,0.07653920035678292,0.015882722457572503,1.7990750531077893,0,0
263,0.0,0.031683168316831684,0.07826167463512675,1.0,-0.0,0,0
264,0.0,0.03762376237623763,0.08307396817189319,1.0,-0.0,0,0
265,0.0,0.04554455445544555,0.09283729243351321,1.0,-0.0,0,0
266,0.0,0.05544554455445544,0.09797478714338996,1.0,-0.0,0,0
267,0.0,0.04554455445544555,0.09283729243351321,1.0,-0.0,0,0
268,0.2,0.041584158415841586,0.09467748980500532,0.04714244196908596,1.326587924861529,0,0
269,0.2,0.03762376237623763,0.08771182015980238,0.03206701867154286,1.4939414153345645,0,0
270,0.2,0.07524752475247526,0.1189108498693262,0.1470600443380226,0.8325053074261874,0,0
271,0.2,0.07326732673267328,0.12177815335858848,0.1490109298067544,0.8267818753416016,0,0
272,0.2,0.06534653465346535,0.11295810453031022,0.11661777127180524,0.9332352628086957,0,0
273,0.0,0.0594059405940594,0.10733330877518932,1.0,-0.0,0,0
274,0.0,0.07524752475247524,0.12219602867755656,1.0,-0.0,0,0
275,0.0,0.033663366336633666,0.07482947971362845,1.0,-0.0,0,0
276,0.0,0.05940594059405942,0.0996808946427978,1.0,-0.0,0,0
277,0.0,0.06930693069306931,0.12084076279122662,1.0,-0.0,0,0
278,0.0,0.07722772277227723,0.12888031758632065,1.0,-0.0,0,0
279,0.0,0.05940594059405942,0.11096178792967841,1.0,-0.0,0,0
280,0.0,0.05544554455445545,0.09797478714338996,1.0,-0.0,0,0
281,0.0,0.021782178217821784,0.06230547612891991,1.0,-0.0,0,0
282,0.0,0.007920792079207921,0.03900537743285587,1.0,-0.0,0,0
283,0.0,0.0,0.0,1.0,-0.0,0,0
284,0.0,0.007920792079207921,0.03900537743285587,1.0,-0.0,0,0
285,0.0,0.007920792079207921,0.03900537743285587,1.0,-0.0,0,0
286,0.0,0.007920792079207921,0.03900537743285587,1.0,-0.0,0,0
287,0.0,0.007920792079207921,0.03900537743285587,1.0,-0.0,0,0
288,0.0,0.015841584158415842,0.05401260078014202,1.0,-0.0,0,0
289,0.0,0.025742574257425745,0.06697637435757531,1.0,-0.0,0,0
290,0.0,0.039603960396039604,0.08452453849668534,1.0,-0.0,0,0
291,0.0,0.05346534653465346,0.10860442931328386,1.0,-0.0,0,0
292,0.0,0.09702970297029702,0.14243667729389659,1.0,-0.0,0,0
293,0.0,0.08910891089108909,0.13923481846532235,1.0,-0.0,0,0
294,0.0,0.08910891089108909,0.13636075485692528,1.0,-0.0,0,0
295,0.0,0.08712871287128714,0.127165103825761,1.0,-0.0,0,0
296,0.0,0.1168316831683168,0.13864214704328154,1.0,-0.0,0,0
297,0.0,0.09900990099009901,0.1396566153069739,1.0,-0.0,0,0
298,0.0,0.09900990099009901,0.1396566153069739,1.0,-0.0,0,0
299,0.0,0.08118811881188118,0.12951766673875514,1.0,-0.0,0,0
300,0.0,0.11980198019801978,0.13202145188739237,1.0,-0.0,0,0
301,0.0,0.09900990099009899,0.13679141417164786,1.0,-0.0,0,0
302,0.0,0.09504950495049505,0.13957235791450376,1.0,-0.0,0,0
303,0.0,0.09504950495049505,0.13957235791450376,1.0,-0.0,0,0
304,0.0,0.09504950495049505,0.13957235791450376,1.0,-0.0,0,0
305,0.0,0.05544554455445545,0.1019369320889802,1.0,-0.0,0,0
306,0.0,0.04356435643564357,0.08255312311158745,1.0,-0.0,0,0
307,0.0,0.03762376237623763,0.08307396817189318,1.0,-0.0,0,0
308,0.6,0.10693069306930691,0.16060370373062668,0.001069938313696878,2.9706412604393857,0,0
309,0.6,0.10693069306930691,0.16060370373062668,0.001069938313696878,2.9706412604393857,0,0
310,0.6,0.13465346534653463,0.1594766462708981,0.0017616455954310591,2.75408145768894,0,0
311,1.0,0.22376237623762377,0.2111489150505556,0.00011834066222205192,3.926866004785403,0,0
312,1.0,0.21584158415841584,0.2137513468279388,0.00012196296067114281,3.9137720416079573,0,0
313,0.6,0.1623762376237624,0.1609695163002105,0.003277200986795042,2.484496923042601,0,0
314,0.8,0.20396039603960398,0.18235032765499148,0.0005403072582408903,3.267359198307937,0,0
315,0.8,0.26732673267326734,0.2148492038022787,0.006582229691085504,2.1816269667954473,0,0
316,0.4,0.16633663366336632,0.18036114909680317,0.09756864661429522,1.0106897191160233,0,0
317,0.4,0.17227722772277226,0.19300582861007848,0.11902494631501422,0.9243620057374958,0,0
318,0.2,0.21782178217821782,0.20890854486974947,1.0,-0.0,0,0
319,0.0,0.17623762376237626,0.18729365667842907,1.0,-0.0,0,0
320,0.0,0.07524752475247526,0.1253951698929708,1.0,-0.0,0,0
321,0.2,0.07722772277227724,0.12576985749069639,0.16449106805243702,0.783857679482127,0,0
322,0.2,0.09504950495049506,0.15566925946165186,0.2500955960002679,0.6018939558089693,0,0
323,0.2,0.04356435643564357,0.08255312311158745,0.029048226759887566,1.5368803738382273,0,0
324,0.2,0.04356435643564357,0.08255312311158745,0.029048226759887566,1.5368803738382273,0,0
325,0.2,0.11089108910891086,0.13923481846532232,0.26108950498360856,0.5832105851640819,0,0
326,0.0,0.1089108910891089,0.13650445892763632,1.0,-0.0,0,0
327,0.0,0.15643564356435644,0.18370005771578798,1.0,-0.0,0,0
328,0.0,0.18613861386138608,0.2110931955839434,1.0,-0.0,0,0
329,0.2,0.2712871287128713,0.24948923414276183,1.0,-0.0,0,0
330,0.2,0.23366336633663365,0.23219879999125886,1.0,-0.0,0,0
331,0.4,0.27524752475247527,0.25306279915399527,0.3110167428924407,0.5072162310693804,0,0
332,0.4,0.2079207920792079,0.1927822186435128,0.15953924716104378,0.7971324616427927,0,0
333,0.4,0.21188118811881188,0.18200594523684843,0.150664854299841,0.8219880440607955,0,0
334,0.4,0.16435643564356434,0.1697897117641665,0.082590544144463,1.0830696725459352,0,0
335,0.4,0.13465346534653463,0.14921288105967925,0.03767660056897984,1.423928289019682,0,0
336,0.2,0.1386138613861386,0.16348330645980427,0.3536485143955463,0.45142816195922864,0,0
337,0.2,0.15049504950495046,0.1602125830191587,0.3786625146087016,0.42174768538449225,0,0
338,0.2,0.11089108910891086,0.13636075485692528,0.2567237116992276,0.5905340168581737,0,0
339,0.0,0.100990099009901,0.13386490123687583,1.0,-0.0,0,0
340,0.0,0.100990099009901,0.13386490123687583,1.0,-0.0,0,0
341,0.0,0.05544554455445545,0.1019369320889802,1.0,-0.0,0,0
342,0.0,0.06336633663366337,0.11233152161332939,1.0,-0.0,0,0
343,0.0,0.06336633663366337,0.1224524739306163,1.0,-0.0,0,0
344,0.0,0.03564356435643565,0.09074407316744236,1.0,-0.0,0,0
345,0.0,0.03564356435643565,0.09074407316744236,1.0,-0.0,0,0
346,0.0,0.03564356435643565,0.09074407316744236,1.0,-0.0,0,0
347,0.0,0.01386138613861386,0.05079507064705211,1.0,-0.0,0,0
348,0.0,0.007920792079207921,0.03900537743285587,1.0,-0.0,0,0
349,0.0,0.013861386138613863,0.05079507064705211,1.0,-0.0,0,0
350,0.0,0.013861386138613863,0.05079507064705211,1.0,-0.0,0,0
351,0.0,0.013861386138613863,0.05079507064705211,1.0,-0.0,0,0
352,0.0,0.0059405940594059415,0.033953323167291584,1.0,-0.0,0,0
353,0.0,0.0059405940594059415,0.033953323167291584,1.0,-0.0,0,0
354,0.0,0.01386138613861386,0.05079507064705211,1.0,-0.0,0,0
355,0.0,0.017821782178217824,0.05698017651460656,1.0,-0.0,0,0
356,0.0,0.031683168316831684,0.07826167463512676,1.0,-0.0,0,0
357,0.2,0.07920792079207921,0.11285391563386142,0.1422331097238646,0.8469992946288156,0,0
358,0.4,0.08712871287128712,0.12401163019288061,0.0058192617455998736,2.235132108159201,0,0
359,0.4,0.07326732673267328,0.11509022642946842,0.0022632803634886505,2.6452616445542345,0,0
360,0.4,0.06930693069306931,0.11409790329416186,0.001875794216145872,2.726814807585068,0,0
361,0.4,0.06336633663366337,0.11233152161332939,0.001364205599377552,2.86512017224089,0,0
362,0.2,0.015841584158415842,0.054012600780142014,0.00032535620257014524,3.4876409094885674,0,0
363,0.0,0.007920792079207921,0.03900537743285587,1.0,-0.0,0,0
364,0.0,0.007920792079207921,0.03900537743285587,1.0,-0.0,0,0
365,0.0,0.08712871287128712,0.12077584698595571,1.0,-0.0,0,0
366,0.0,0.07920792079207921,0.11285391563386142,1.0,-0.0,0,0
367,0.0,0.07920792079207921,0.11285391563386142,1.0,-0.0,0,0
368,0.0,0.15247524752475244,0.1519471373722842,1.0,-0.0,0,0
369,0.0,0.1584158415841584,0.15496235680407014,1.0,-0.0,0,0
370,0.0,0.07722772277227724,0.1193059036149867,1.0,-0.0,0,0
371,0.0,0.08514851485148514,0.12379009590564582,1.0,-0.0,0,0
372,0.0,0.09900990099009899,0.12467387119760154,1.0,-0.0,0,0
373,0.0,0.027722772277227727,0.06910862719451544,1.0,-0.0,0,0
374,0.0,0.021782178217821784,0.06230547612891991,1.0,-0.0,0,0
375,0.0,0.043564356435643575,0.0916470215081674,1.0,-0.0,0,0
376,0.0,0.03564356435643565,0.08154954567118415,1.0,-0.0,0,0
377,0.0,0.021782178217821784,0.06230547612891991,1.0,-0.0,0,0
378,0.0,0.04752475247524753,0.09809478080396702,1.0,-0.0,0,0
379,0.0,0.04752475247524753,0.09809478080396702,1.0,-0.0,0,0
380,0.0,0.06336633663366337,0.10120342446875752,1.0,-0.0,0,0
381,0.0,0.06336633663366337,0.10120342446875752,1.0,-0.0,0,0
382,0.2,0.11287128712871286,0.13618810981425267,0.2611619149353208,0.5830901556488499,0,0
383,0.2,0.09306930693069307,0.13069306930693073,0.2066266877468202,0.6848135860465707,0,0
384,0.2,0.09900990099009901,0.13386490123687583,0.22529911544679287,0.6472405133686278,0,0
385,0.2,0.0613861386138614,0.10806149425459212,0.09979311443423107,1.000899423305625,0,0
386,0.2,0.08514851485148517,0.130031327995105,0.1885478753020174,0.7245783571846862,0,0
387,0.0,0.03564356435643565,0.07653920035678292,1.0,-0.0,0,0
388,0.0,0.1584158415841584,0.1894584918790494,1.0,-0.0,0,0
389,0.0,0.15247524752475244,0.18271552276312517,1.0,-0.0,0,0
390,0.0,0.16237623762376235,0.1902845629074887,1.0,-0.0,0,0
391,0.0,0.13663366336633662,0.18224277805692735,1.0,-0.0,0,0
392,0.0,0.13663366336633662,0.18224277805692735,1.0,-0.0,0,0
393,0.0,0.009900990099009901,0.04338396495090425,1.0,-0.0,0,0
394,0.0,0.009900990099009901,0.04338396495090425,1.0,-0.0,0,0
395,0.0,0.023762376237623763,0.06471340450838889,1.0,-0.0,0,0
396,0.0,0.023762376237623763,0.06471340450838889,1.0,-0.0,0,0
397,0.0,0.023762376237623763,0.06471340450838889,1.0,-0.0,0,0
398,0.0,0.023762376237623763,0.06471340450838889,1.0,-0.0,0,0
399,0.0,0.025742574257425745,0.0669763743575753,1.0,-0.0,0,0
400,0.0,0.027722772277227727,0.07461957893630407,1.0,-0.0,0,0
401,0.0,0.027722772277227727,0.07461957893630407,1.0,-0.0,0,0
402,0.0,0.027722772277227727,0.07461957893630407,1.0,-0.0,0,0
403,0.0,0.04752475247524753,0.09397077637785879,1.0,-0.0,0,0
404,0.0,0.06336633663366337,0.10120342446875752,1.0,-0.0,0,1
405,0.0,0.03762376237623763,0.07816140339006158,1.0,-0.0,0,0
406,0.0,0.06534653465346535,0.09793475658517417,1.0,-0.0,0,0
407,0.0,0.06930693069306931,0.09924724028627063,1.0,-0.0,0,0
408,0.0,0.05148514851485149,0.096075322540263,1.0,-0.0,0,0
409,0.0,0.033663366336633666,0.07482947971362847,1.0,-0.0,0,0
410,0.0,0.033663366336633666,0.07482947971362847,1.0,-0.0,0,0
411,0.0,0.0059405940594059415,0.03395332316729158,1.0,-0.0,0,0
412,0.0,0.0019801980198019802,0.0198019801980198,1.0,-0.0,0,0
413,0.0,0.0,0.0,1.0,-0.0,0,0
414,0.0,0.0039603960396039604,0.027863855998951064,1.0,-0.0,0,0
415,0.0,0.01386138613861386,0.05079507064705211,1.0,-0.0,0,0
416,0.0,0.01386138613861386,0.05079507064705211,1.0,-0.0,0,0
417,0.0,0.023762376237623766,0.06471340450838889,1.0,-0.0,0,0
418,0.0,0.023762376237623766,0.06471340450838889,1.0,-0.0,0,0
419,0.0,0.05544554455445545,0.09797478714338996,1.0,-0.0,0,0
420,0.0,0.0712871287128713,0.12768822926854265,1.0,-0.0,0,0
421,0.0,0.09504950495049505,0.15310401409962543,1.0,-0.0,0,0
422,0.0,0.0891089108910891,0.15279637008998356,1.0,-0.0,0,0
423,0.0,0.0891089108910891,0.15279637008998356,1.0,-0.0,0,0
424,0.0,0.05346534653465347,0.12232431850677623,1.0,-0.0,0,0
425,0.0,0.06534653465346535,0.10939585993610405,1.0,-0.0,0,0
426,0.0,0.07326732673267328,0.12177815335858849,1.0,-0.0,0,0
427,0.0,0.06930693069306931,0.11751770396006173,1.0,-0.0,0,0
428,0.0,0.06930693069306931,0.11751770396006173,1.0,-0.0,0,0
429,0.0,0.06930693069306931,0.11751770396006173,1.0,-0.0,0,0
430,0.0,0.031683168316831684,0.0730260947112308,1.0,-0.0,0,0
431,0.0,0.021782178217821784,0.06230547612891991,1.0,-0.0,0,0
432,0.0,0.07722772277227724,0.1193059036149867,1.0,-0.0,0,0
433,0.0,0.09504950495049502,0.1337769960717191,1.0,-0.0,0,0
434,0.2,0.14653465346534653,0.1614073970084343,0.3702298251840074,0.4315285980329037,0,0
435,0.2,0.14653465346534653,0.1614073970084343,0.3702298251840074,0.4315285980329037,0,14
436,0.2,0.1485148514851485,0.16082329112274815,0.37443303447052767,0.4266258424783404,0,0
437,0.2,0.09108910891089109,0.12113245340338318,0.1842981552477096,0.7344790118766933,0,0
438,0.2,0.08712871287128714,0.11402914890208293,0.16112471949087526,0.7928378257202848,0,0
439,0.0,0.06732673267326733,0.1135467024699521,1.0,-0.0,0,2
440,0.0,0.06732673267326733,0.1135467024699521,1.0,-0.0,0,0
441,0.0,0.08316831683168317,0.12028786177019754,1.0,-0.0,0,0
442,0.0,0.08316831683168317,0.12028786177019754,1.0,-0.0,0,0
443,0.0,0.06930693069306931,0.11409790329416186,1.0,-0.0,0,0
444,0.0,0.08316831683168316,0.11351216354824961,1.0,-0.0,0,0
445,0.0,0.08316831683168316,0.11351216354824961,1.0,-0.0,0,0
446,0.0,0.04356435643564357,0.0916470215081674,1.0,-0.0,0,0
447,0.0,0.04356435643564357,0.0916470215081674,1.0,-0.0,0,0
448,0.0,0.04356435643564357,0.0916470215081674,1.0,-0.0,0,0
449,0.0,0.0,0.0,1.0,-0.0,0,0
450,0.0,0.0,0.0,1.0,-0.0,0,0
451,0.0,0.019801980198019802,0.0597350618970232,1.0,-0.0,0,1
452,0.0,0.05346534653465347,0.08851285797476045,1.0,-0.0,0,0
453,0.0,0.05346534653465347,0.08851285797476045,1.0,-0.0,0,0
454,0.0,0.08118811881188118,0.12325042629382527,1.0,-0.0,0,0
455,0.0,0.08118811881188118,0.12325042629382527,1.0,-0.0,0,0
456,0.0,0.08118811881188118,0.13254020222321994,1.0,-0.0,0,0
457,0.0,0.061386138613861385,0.1185475607690754,1.0,-0.0,0,0
458,0.0,0.061386138613861385,0.1185475607690754,1.0,-0.0,0,0
459,0.0,0.033663366336633666,0.08475617647141663,1.0,-0.0,0,0
460,0.0,0.06732673267326733,0.11698261772468857,1.0,-0.0,0,0
461,0.0,0.08118811881188118,0.11999411807954947,1.0,-0.0,0,0
462,0.0,0.06732673267326733,0.10634234916512914,1.0,-0.0,0,0
463,0.0,0.07326732673267328,0.10798889666879985,1.0,-0.0,0,0
464,0.0,0.07326732673267328,0.10798889666879985,1.0,-0.0,0,0
465,0.0,0.039603960396039604,0.07970143286137865,1.0,-0.0,0,0
466,0.0,0.017821782178217824,0.05698017651460656,1.0,-0.0,0,0
467,0.0,0.08712871287128712,0.15002532217723416,1.0,-0.0,0,0
468,0.0,0.08118811881188118,0.1439972987144384,1.0,-0.0,0,0
469,0.0,0.08118811881188118,0.1439972987144384,1.0,-0.0,0,0
470,0.0,0.10693069306930694,0.16783857505280866,1.0,-0.0,0,0
471,0.0,0.10297029702970295,0.16317120058972406,1.0,-0.0,0,0
472,0.0,0.033663366336633666,0.09363635974286645,1.0,-0.0,0,0
473,0.0,0.033663366336633666,0.09363635974286645,1.0,-0.0,0,0
474,0.0,0.039603960396039604,0.10537928471802038,1.0,-0.0,0,17
475,0.0,0.05544554455445545,0.1094316980566186,1.0,-0.0,0,0
476,0.0,0.04752475247524753,0.09397077637785879,1.0,-0.0,0,0
477,0.0,0.04752475247524753,0.09397077637785879,1.0,-0.0,0,1
478,0.0,0.04752475247524753,0.09397077637785879,1.0,-0.0,0,0
479,0.0,0.08316831683168316,0.11694909354640316,1.0,-0.0,0,0
