,foreground,bg_means,bg_stdev,pvals,minus_logs,regs,active
2,0.0,0.0,0.0,1.0,-0.0,0,0
3,0.0,0.0,0.0,1.0,-0.0,0,0
4,0.0,0.0,0.0,1.0,-0.0,0,0
5,0.0,0.0,0.0,1.0,-0.0,0,0
6,0.0,0.0,0.0,1.0,-0.0,0,0
7,0.0,0.0,0.0,1.0,-0.0,0,0
8,0.0,0.0,0.0,1.0,-0.0,0,0
9,0.0,0.0,0.0,1.0,-0.0,0,0
10,0.0,0.0,0.0,1.0,-0.0,0,0
11,0.0,0.11287128712871286,0.13618810981425267,1.0,-0.0,0,0
12,0.0,0.11287128712871286,0.13618810981425267,1.0,-0.0,0,0
13,0.0,0.11287128712871286,0.13618810981425267,1.0,-0.0,0,0
14,0.0,0.11287128712871286,0.13618810981425267,1.0,-0.0,0,0
15,0.0,0.11287128712871286,0.13618810981425267,1.0,-0.0,0,0
16,0.0,0.0,0.0,1.0,-0.0,0,0
17,0.0,0.0,0.0,1.0,-0.0,0,0
18,0.0,0.0,0.0,1.0,-0.0,0,0
19,0.0,0.0,0.0,1.0,-0.0,0,0
20,0.0,0.0,0.0,1.0,-0.0,0,0
21,0.0,0.0,0.0,1.0,-0.0,0,0
22,0.0,0.0,0.0,1.0,-0.0,0,0
23,0.0,0.0,0.0,1.0,-0.0,0,0
24,0.0,0.0,0.0,1.0,-0.0,0,0
25,0.0,0.0,0.0,1.0,-0.0,0,0
26,0.0,0.0,0.0,1.0,-0.0,0,0
27,0.0,0.0,0.0,1.0,-0.0,0,0
28,1.8,1.3702970297029702,0.14728201173692718,0.0017639524682425956,2.753513121618074,0,0
29,1.8,1.3702970297029702,0.14728201173692718,0.0017639524682425956,2.753513121618074,0,0
30,1.8,1.3702970297029702,0.14728201173692718,0.0017639524682425956,2.753513121618074,0,0
31,1.8,1.3702970297029702,0.14728201173692718,0.0017639524682425956,2.753513121618074,0,0
32,1.8,1.3702970297029702,0.14728201173692718,0.0017639524682425956,2.753513121618074,0,0
33,0.0,0.0,0.0,1.0,-0.0,0,0
34,0.0,0.0,0.0,1.0,-0.0,0,0
35,0.0,0.06336633663366337,0.10504385908811757,1.0,-0.0,0,0
36,0.0,0.06336633663366337,0.10504385908811757,1.0,-0.0,0,0
37,0.0,0.06336633663366337,0.10504385908811757,1.0,-0.0,0,0
38,0.0,0.06336633663366337,0.10504385908811757,1.0,-0.0,0,0
39,0.0,0.06336633663366337,0.10504385908811757,1.0,-0.0,0,0
40,0.0,0.0,0.0,1.0,-0.0,0,0
41,0.0,0.031683168316831684,0.0730260947112308,1.0,-0.0,0,0
42,0.0,0.031683168316831684,0.0730260947112308,1.0,-0.0,0,0
43,0.0,0.031683168316831684,0.0730260947112308,1.0,-0.0,0,0
44,0.0,0.031683168316831684,0.0730260947112308,1.0,-0.0,0,0
45,0.0,0.06732673267326733,0.09451167971312256,1.0,-0.0,0,0
46,0.0,0.03564356435643565,0.07653920035678292,1.0,-0.0,0,0
47,0.0,0.03564356435643565,0.07653920035678292,1.0,-0.0,0,0
48,0.0,0.03564356435643565,0.07653920035678292,1.0,-0.0,0,0
49,0.0,0.03564356435643565,0.07653920035678292,1.0,-0.0,0,0
50,0.0,0.19603960396039602,0.16405794199768695,1.0,-0.0,0,0
51,0.0,0.19603960396039602,0.16405794199768695,1.0,-0.0,0,0
52,0.0,0.3009900990099009,0.23483512206532423,1.0,-0.0,0,0
53,0.0,0.3009900990099009,0.23483512206532423,1.0,-0.0,0,0
54,0.0,0.4455445544554456,0.2546691709429351,1.0,-0.0,0,0
55,0.0,0.2495049504950495,0.1788985897681621,1.0,-0.0,1,0
56,0.0,0.2495049504950495,0.1788985897681621,1.0,-0.0,0,0
57,0.0,0.14455445544554454,0.15445544554455443,1.0,-0.0,0,0
58,0.0,0.14455445544554454,0.15445544554455443,1.0,-0.0,0,0
59,0.0,0.0,0.0,1.0,-0.0,0,0
60,0.0,0.0,0.0,1.0,-0.0,0,0
61,0.6,0.13663366336633662,0.1433149079027503,0.0006120505351321289,3.2132127180130214,0,0
62,0.6,0.13663366336633662,0.1433149079027503,0.0006120505351321289,3.2132127180130214,0,0
63,0.8,0.25940594059405936,0.19608960258498426,0.002917853865860432,2.53493646255897,0,0
64,0.8,0.30297029702970296,0.20414295396213658,0.007451782609210492,2.127739823260151,0,0
65,0.8,0.30297029702970296,0.20414295396213658,0.007451782609210492,2.127739823260151,0,0
66,0.2,0.16633663366336626,0.16666633990099655,0.4199659476212955,0.376785922363324,0,0
67,0.2,0.16633663366336626,0.16666633990099655,0.4199659476212955,0.376785922363324,0,0
68,0.0,0.041584158415841586,0.08116396646304633,1.0,-0.0,0,0
69,0.0,0.0,0.0,1.0,-0.0,0,0
70,0.0,0.12475247524752472,0.12851469892742934,1.0,-0.0,0,0
71,0.0,0.12475247524752472,0.12851469892742934,1.0,-0.0,1,0
72,0.0,0.12475247524752472,0.12851469892742934,1.0,-0.0,0,0
73,0.0,0.12475247524752472,0.12851469892742934,1.0,-0.0,0,0
74,0.0,0.12475247524752472,0.12851469892742934,1.0,-0.0,0,0
75,0.0,0.0,0.0,1.0,-0.0,0,0
76,0.0,0.0,0.0,1.0,-0.0,0,0
77,0.0,0.11089108910891088,0.14205074403533427,1.0,-0.0,0,0
78,0.0,0.11089108910891088,0.14205074403533427,1.0,-0.0,0,0
79,0.0,0.11089108910891088,0.14205074403533427,1.0,-0.0,0,0
