,foreground,bg_means,bg_stdev,pvals,minus_logs,regs,active
2,0.0,0.0,0.0,1.0,-0.0,0,0
3,0.0,0.023762376237623766,0.07056843438101175,1.0,-0.0,0,0
4,0.0,0.023762376237623766,0.07056843438101175,1.0,-0.0,0,0
5,0.0,0.023762376237623766,0.07056843438101175,1.0,-0.0,0,0
6,0.0,0.023762376237623766,0.07056843438101175,1.0,-0.0,0,0
7,0.0,0.023762376237623766,0.07056843438101175,1.0,-0.0,0,0
8,0.0,0.0,0.0,1.0,-0.0,0,0
9,0.0,0.0,0.0,1.0,-0.0,0,0
10,0.0,0.033663366336633666,0.07482947971362845,1.0,-0.0,0,0
11,0.0,0.033663366336633666,0.07482947971362845,1.0,-0.0,0,0
12,0.0,0.033663366336633666,0.07482947971362845,1.0,-0.0,0,0
13,0.0,0.033663366336633666,0.07482947971362845,1.0,-0.0,0,0
14,0.0,0.033663366336633666,0.07482947971362845,1.0,-0.0,0,0
15,0.0,0.0,0.0,1.0,-0.0,0,0
16,0.0,0.0,0.0,1.0,-0.0,0,0
17,0.0,0.0,0.0,1.0,-0.0,0,0
18,0.0,0.09306930693069305,0.12762679639066946,1.0,-0.0,0,0
19,0.0,0.09306930693069305,0.12762679639066946,1.0,-0.0,0,0
20,0.0,0.09306930693069305,0.12762679639066946,1.0,-0.0,0,0
21,0.0,0.09306930693069305,0.12762679639066946,1.0,-0.0,0,0
22,0.0,0.09306930693069305,0.12762679639066946,1.0,-0.0,0,0
23,0.0,0.0,0.0,1.0,-0.0,0,0
24,0.0,0.0297029702970297,0.07112192077650682,1.0,-0.0,0,0
25,0.0,0.0297029702970297,0.07112192077650682,1.0,-0.0,0,0
26,0.0,0.0297029702970297,0.07112192077650682,1.0,-0.0,0,0
27,0.0,0.0297029702970297,0.07112192077650682,1.0,-0.0,0,0
28,0.0,0.04950495049504951,0.08631483056516186,1.0,-0.0,0,0
29,0.0,0.019801980198019802,0.059735061897023205,1.0,-0.0,0,0
30,0.0,0.019801980198019802,0.059735061897023205,1.0,-0.0,0,0
31,0.0,0.019801980198019802,0.059735061897023205,1.0,-0.0,0,0
32,0.0,0.019801980198019802,0.059735061897023205,1.0,-0.0,0,0
33,0.0,0.0,0.0,1.0,-0.0,0,0
34,0.0,0.0,0.0,1.0,-0.0,0,0
35,0.0,0.015841584158415842,0.05401260078014202,1.0,-0.0,0,0
36,0.0,0.015841584158415842,0.05401260078014202,1.0,-0.0,0,0
37,0.0,0.039603960396039604,0.0890869059738772,1.0,-0.0,0,0
38,0.0,0.039603960396039604,0.0890869059738772,1.0,-0.0,0,0
39,0.0,0.039603960396039604,0.0890869059738772,1.0,-0.0,0,0
40,0.0,0.023762376237623766,0.06471340450838889,1.0,-0.0,0,0
41,0.0,0.023762376237623766,0.06471340450838889,1.0,-0.0,0,0
42,0.0,0.0,0.0,1.0,-0.0,0,0
43,0.0,0.0,0.0,1.0,-0.0,0,0
44,0.0,0.0,0.0,1.0,-0.0,0,0
45,0.0,0.0,0.0,1.0,-0.0,0,0
46,0.0,0.0,0.0,1.0,-0.0,0,0
47,0.0,0.011881188118811883,0.047276579747775535,1.0,-0.0,0,0
48,0.0,0.011881188118811883,0.047276579747775535,1.0,-0.0,0,0
49,0.0,0.011881188118811883,0.047276579747775535,1.0,-0.0,0,0
50,0.0,0.011881188118811883,0.047276579747775535,1.0,-0.0,0,0
51,0.0,0.03762376237623762,0.08307396817189318,1.0,-0.0,0,0
52,0.0,0.025742574257425745,0.06697637435757531,1.0,-0.0,0,0
53,0.0,0.025742574257425745,0.06697637435757531,1.0,-0.0,0,0
54,0.0,0.025742574257425745,0.06697637435757531,1.0,-0.0,0,0
55,0.0,0.025742574257425745,0.06697637435757531,1.0,-0.0,0,0
56,0.0,0.0,0.0,1.0,-0.0,0,0
57,0.0,0.0,0.0,1.0,-0.0,0,0
58,0.0,0.0,0.0,1.0,-0.0,0,0
59,0.0,0.023762376237623766,0.07056843438101175,1.0,-0.0,0,0
60,0.2,0.05544554455445545,0.10575073206193022,0.08582272375636786,1.066397706377696,0,0
61,0.2,0.06732673267326733,0.1135467024699521,0.12131331785204298,0.9160915193958917,0,0
62,0.2,0.08118811881188118,0.1264228887090089,0.17366078882092117,0.7602982306092326,0,0
63,0.2,0.11287128712871286,0.14464936528910635,0.27347250713031923,0.5630863278378737,0,0
64,0.2,0.1108910891089109,0.15018206119491914,0.27647706956305296,0.5583408823527498,0,0
65,0.0,0.10297029702970295,0.1367627457412436,1.0,-0.0,0,0
66,0.0,0.11287128712871287,0.14736186103080443,1.0,-0.0,0,0
67,0.0,0.1188118811881188,0.15714839508139802,1.0,-0.0,0,0
68,0.0,0.09108910891089109,0.14218869759220787,1.0,-0.0,0,0
69,0.0,0.06930693069306931,0.13330718954223236,1.0,-0.0,0,0
70,0.0,0.06534653465346535,0.1197651526735639,1.0,-0.0,0,0
71,0.0,0.043564356435643575,0.0916470215081674,1.0,-0.0,0,0
72,0.0,0.023762376237623766,0.07056843438101174,1.0,-0.0,0,0
73,0.0,0.019801980198019806,0.05973506189702319,1.0,-0.0,0,0
74,0.0,0.019801980198019806,0.05973506189702319,1.0,-0.0,0,0
75,0.0,0.017821782178217824,0.05698017651460656,1.0,-0.0,0,0
76,0.0,0.023762376237623766,0.06471340450838887,1.0,-0.0,0,0
77,0.0,0.023762376237623766,0.06471340450838887,1.0,-0.0,0,0
78,0.0,0.023762376237623766,0.06471340450838887,1.0,-0.0,0,0
79,0.0,0.0297029702970297,0.07648795214189293,1.0,-0.0,0,0
80,0.0,0.011881188118811883,0.04727657974777555,1.0,-0.0,0,0
81,0.0,0.007920792079207921,0.03900537743285587,1.0,-0.0,0,0
82,0.0,0.007920792079207921,0.03900537743285587,1.0,-0.0,0,0
83,0.0,0.019801980198019802,0.059735061897023205,1.0,-0.0,0,0
84,0.0,0.013861386138613863,0.05079507064705211,1.0,-0.0,0,0
85,0.0,0.013861386138613863,0.05079507064705211,1.0,-0.0,0,0
86,0.0,0.011881188118811883,0.047276579747775535,1.0,-0.0,0,0
87,0.0,0.025742574257425748,0.07264925278354116,1.0,-0.0,0,0
88,0.0,0.04554455445544555,0.08846854615322249,1.0,-0.0,0,0
89,0.0,0.10297029702970295,0.14243667729389656,1.0,-0.0,0,0
90,0.0,0.10891089108910891,0.14494724878689189,1.0,-0.0,0,0
91,0.0,0.11287128712871286,0.14464936528910635,1.0,-0.0,0,0
92,0.0,0.09900990099009901,0.13965661530697393,1.0,-0.0,0,0
93,0.0,0.18217821782178212,0.20118266149922803,1.0,-0.0,0,0
94,0.4,0.18217821782178212,0.19108654387033375,0.12716155040000254,0.8956441856482595,0,0
95,0.4,0.2039603960396039,0.19494644711665696,0.15730221395806027,0.803265164833787,0,0
96,0.6,0.20990099009900987,0.1977622086930122,0.024272514668706037,1.6148852277814172,0,0
97,0.6,0.3346534653465347,0.25346534653465347,0.14757861677851963,0.8309765645173679,0,0
98,0.6,0.35445544554455444,0.26081545863013006,0.17323730662450115,0.7613585770041312,0,0
99,0.2,0.29504950495049503,0.23309210248811343,1.0,-0.0,0,0
100,0.2,0.2673267326732673,0.2166847008498613,1.0,-0.0,0,0
101,0.0,0.26534653465346536,0.22000704019534495,1.0,-0.0,0,0
102,0.0,0.23168316831683167,0.21384305018572394,1.0,-0.0,0,0
103,0.0,0.13762376237623763,0.16341133493685353,1.0,-0.0,0,0
104,0.0,0.2613861386138614,0.21570528896865307,1.0,-0.0,0,0
105,0.2,0.27722772277227725,0.226851540461302,1.0,-0.0,0,0
106,0.2,0.27326732673267323,0.22989067100608046,1.0,-0.0,0,0
107,0.2,0.18415841584158413,0.17276589394999792,0.46347060926104344,0.33397780119684745,0,0
108,0.2,0.14455445544554454,0.16914183369554553,0.3715295404175921,0.4300066496549224,0,0
109,0.4,0.06534653465346535,0.11976515267356391,0.0026010332731580374,2.5848540921499543,0,0
110,0.2,0.04950495049504951,0.1068206254198905,0.07943864018522008,1.0999681986152665,0,0
111,0.2,0.05544554455445545,0.10943169805661862,0.0932580219618135,1.030313800335309,0,0
112,0.2,0.09900990099009899,0.1424642039493461,0.23919931221538082,0.6212400734356932,0,0
113,0.2,0.11287128712871286,0.15002532217723416,0.2807010934421309,0.5517558956129467,0,0
114,0.0,0.09702970297029702,0.13084299831035082,1.0,-0.0,0,0
115,0.0,0.09702970297029702,0.13084299831035082,1.0,-0.0,0,0
116,0.0,0.09108910891089106,0.13057300215314485,1.0,-0.0,0,0
117,0.0,0.07722772277227724,0.10889288780093087,1.0,-0.0,0,0
118,0.0,0.06336633663366337,0.10120342446875752,1.0,-0.0,0,0
119,0.0,0.15247524752475244,0.1715359035858037,1.0,-0.0,0,0
120,0.0,0.15247524752475244,0.1715359035858037,1.0,-0.0,0,0
121,0.0,0.1801980198019802,0.1791176404070512,1.0,-0.0,0,0
122,0.0,0.17425742574257425,0.17041211860554586,1.0,-0.0,0,0
123,0.0,0.17425742574257425,0.17041211860554586,1.0,-0.0,0,0
124,0.0,0.05544554455445545,0.1019369320889802,1.0,-0.0,0,0
125,0.6,0.18217821782178212,0.18476425418501982,0.01186793621247874,1.9256247965853057,0,0
126,0.6,0.15049504950495046,0.1602125830191587,0.002510540510304471,2.600232766418793,0,0
127,0.6,0.1584158415841584,0.16244866773856387,0.003280918990207588,2.4840044927289067,0,0
128,0.6,0.17623762376237617,0.16479721403218364,0.005064162859124187,2.29549233622892,0,0
129,0.6,0.17623762376237617,0.16479721403218364,0.005064162859124187,2.29549233622892,0,0
130,0.0,0.049504950495049514,0.09504950495049506,1.0,-0.0,0,0
131,0.0,0.049504950495049514,0.09504950495049506,1.0,-0.0,0,0
132,0.0,0.039603960396039604,0.07970143286137867,1.0,-0.0,0,0
133,0.0,0.05544554455445545,0.10575073206193021,1.0,-0.0,0,0
134,0.0,0.11287128712871287,0.15002532217723416,1.0,-0.0,0,0
135,0.0,0.11287128712871287,0.15002532217723416,1.0,-0.0,0,0
136,0.0,0.11287128712871287,0.15002532217723416,1.0,-0.0,0,0
137,0.0,0.09108910891089109,0.13650445892763635,1.0,-0.0,0,0
138,0.0,0.08910891089108909,0.12420120222231065,1.0,-0.0,0,0
139,1.2,0.1574257425742574,0.18312282014569337,6.23013761836707e-09,8.20550236004431,0,0
140,1.4,0.17029702970297025,0.1853786889262329,1.6394892342124087e-11,10.785291430801566,0,0
141,1.8,0.28118811881188116,0.21832525073010245,1.742332938175274e-12,11.758868853119129,0,0
142,2.0,0.3118811881188119,0.23262902465397495,1.9833549882384834e-13,12.702599547198943,0,0
143,2.0,0.2792079207920792,0.21632247274494804,9.074381091386918e-16,15.042182985879892,0,0
144,0.8,0.18019801980198016,0.17689276383467165,0.00022930995197537182,3.639577096625499,0,0
145,0.6,0.17029702970297028,0.18322985319016175,0.009509507040646537,2.0218419956888702,0,0
146,0.2,0.057425742574257435,0.11718356139020585,0.11186403193977286,0.951309531354654,0,0
147,0.0,0.02772277227722772,0.07461957893630407,1.0,-0.0,0,0
148,0.0,0.06930693069306931,0.11751770396006173,1.0,-0.0,0,0
149,0.0,0.04356435643564357,0.0916470215081674,1.0,-0.0,0,0
150,0.0,0.041584158415841586,0.09039772047931348,1.0,-0.0,0,0
151,0.0,0.0712871287128713,0.11801714396634724,1.0,-0.0,0,0
152,0.0,0.0712871287128713,0.11801714396634724,1.0,-0.0,0,0
153,0.0,0.12277227722772276,0.15148191286261609,1.0,-0.0,0,0
154,0.0,0.12277227722772276,0.15148191286261609,1.0,-0.0,0,0
155,0.0,0.12277227722772276,0.15148191286261609,1.0,-0.0,0,0
156,0.0,0.09306930693069305,0.11795067415315191,1.0,-0.0,0,0
157,0.0,0.17821782178217818,0.1589594632902137,1.0,-0.0,0,0
158,0.0,0.08316831683168316,0.12670172889541695,1.0,-0.0,0,0
159,0.0,0.08316831683168316,0.12670172889541695,1.0,-0.0,0,0
160,0.0,0.08316831683168316,0.12670172889541695,1.0,-0.0,0,0
161,0.0,0.08316831683168316,0.12670172889541695,1.0,-0.0,0,0
162,0.0,0.0,0.0,1.0,-0.0,0,0
163,0.0,0.0,0.0,1.0,-0.0,0,0
164,0.0,0.0,0.0,1.0,-0.0,0,0
165,0.0,0.007920792079207921,0.03900537743285587,1.0,-0.0,0,0
166,0.0,0.007920792079207921,0.03900537743285587,1.0,-0.0,0,0
167,0.0,0.007920792079207921,0.03900537743285587,1.0,-0.0,0,0
168,0.0,0.007920792079207921,0.03900537743285587,1.0,-0.0,0,0
169,0.0,0.1089108910891089,0.12435895816322835,1.0,-0.0,0,0
170,0.0,0.10099009900990098,0.11814997140733702,1.0,-0.0,0,0
171,0.2,0.1881188118811881,0.15369194385688914,0.4691903728460491,0.3286509076023981,0,0
172,0.2,0.1881188118811881,0.15369194385688914,0.4691903728460491,0.3286509076023981,0,0
173,0.2,0.1881188118811881,0.15369194385688914,0.4691903728460491,0.3286509076023981,0,0
174,0.2,0.08514851485148514,0.1172170185104851,0.16358768676286217,0.786249388758791,0,0
175,0.2,0.08514851485148514,0.1172170185104851,0.16358768676286217,0.786249388758791,0,0
176,0.0,0.0,0.0,1.0,-0.0,0,0
177,0.0,0.0,0.0,1.0,-0.0,0,0
178,0.0,0.0,0.0,1.0,-0.0,0,0
179,0.0,0.0,0.0,1.0,-0.0,0,0
180,0.0,0.0,0.0,1.0,-0.0,0,0
181,0.0,0.0,0.0,1.0,-0.0,0,0
182,0.0,0.0,0.0,1.0,-0.0,0,0
183,0.0,0.0,0.0,1.0,-0.0,0,0
184,0.0,0.0,0.0,1.0,-0.0,0,0
185,0.0,0.0,0.0,1.0,-0.0,0,0
186,0.0,0.0,0.0,1.0,-0.0,0,0
187,0.0,0.011881188118811881,0.04727657974777554,1.0,-0.0,0,0
188,0.0,0.011881188118811881,0.04727657974777554,1.0,-0.0,0,0
189,0.0,0.011881188118811881,0.04727657974777554,1.0,-0.0,0,0
190,0.0,0.011881188118811881,0.04727657974777554,1.0,-0.0,0,0
191,0.0,0.09108910891089109,0.12113245340338318,1.0,-0.0,0,0
192,0.0,0.08712871287128712,0.11745095149573799,1.0,-0.0,0,0
193,0.0,0.2099009900990099,0.18535753542711383,1.0,-0.0,0,0
194,0.0,0.2514851485148515,0.2003036612499294,1.0,-0.0,0,0
195,0.0,0.2514851485148515,0.2003036612499294,1.0,-0.0,0,0
196,0.0,0.17227722772277226,0.18245781385805057,1.0,-0.0,0,0
197,0.0,0.16435643564356434,0.17887666995067275,1.0,-0.0,0,0
198,0.0,0.041584158415841586,0.0946774898050053,1.0,-0.0,0,0
199,0.0,0.0059405940594059415,0.03395332316729158,1.0,-0.0,0,0
200,0.0,0.0059405940594059415,0.03395332316729158,1.0,-0.0,0,0
201,0.0,0.0059405940594059415,0.03395332316729158,1.0,-0.0,0,0
202,0.0,0.0059405940594059415,0.03395332316729158,1.0,-0.0,0,0
203,0.0,0.10495049504950495,0.1367053908443026,1.0,-0.0,0,0
204,0.0,0.09900990099009901,0.13386490123687583,1.0,-0.0,0,0
205,0.0,0.09900990099009901,0.13386490123687583,1.0,-0.0,0,0
206,0.0,0.13465346534653466,0.15184387732816487,1.0,-0.0,0,0
207,0.0,0.14455445544554454,0.16196518848854283,1.0,-0.0,0,0
208,0.0,0.04356435643564357,0.09164702150816742,1.0,-0.0,0,0
209,0.0,0.04356435643564357,0.09164702150816742,1.0,-0.0,0,0
210,0.0,0.06732673267326733,0.11000352009767247,1.0,-0.0,0,0
211,0.0,0.033663366336633666,0.07482947971362847,1.0,-0.0,0,0
212,0.0,0.023762376237623766,0.06471340450838887,1.0,-0.0,0,0
213,0.0,0.023762376237623766,0.06471340450838887,1.0,-0.0,0,0
214,0.0,0.023762376237623766,0.06471340450838887,1.0,-0.0,0,0
215,0.0,0.0,0.0,1.0,-0.0,0,0
216,0.0,0.0,0.0,1.0,-0.0,0,0
217,0.0,0.0,0.0,1.0,-0.0,0,0
218,0.0,0.0,0.0,1.0,-0.0,0,0
219,0.0,0.0,0.0,1.0,-0.0,0,0
220,0.0,0.0,0.0,1.0,-0.0,0,0
221,0.0,0.0,0.0,1.0,-0.0,0,0
222,0.0,0.0,0.0,1.0,-0.0,0,0
223,0.0,0.0,0.0,1.0,-0.0,0,0
224,0.0,0.0,0.0,1.0,-0.0,0,0
225,0.0,0.0,0.0,1.0,-0.0,0,0
226,0.0,0.0,0.0,1.0,-0.0,0,0
227,0.0,0.0,0.0,1.0,-0.0,0,0
228,0.0,0.0,0.0,1.0,-0.0,0,0
229,0.0,0.0,0.0,1.0,-0.0,0,0
230,0.0,0.0,0.0,1.0,-0.0,0,0
231,0.0,0.06336633663366337,0.10874875419996817,1.0,-0.0,0,0
232,0.0,0.06336633663366337,0.10874875419996817,1.0,-0.0,0,0
233,0.0,0.21188118811881182,0.17760069168141515,1.0,-0.0,0,0
234,0.0,0.21188118811881182,0.17760069168141515,1.0,-0.0,0,0
235,0.0,0.21188118811881182,0.17760069168141515,1.0,-0.0,0,0
236,0.0,0.1485148514851485,0.16082329112274815,1.0,-0.0,0,0
237,0.0,0.1603960396039604,0.16415351901831846,1.0,-0.0,0,0
238,0.0,0.03564356435643565,0.09074407316744237,1.0,-0.0,0,0
239,0.0,0.03564356435643565,0.09074407316744237,1.0,-0.0,0,0
240,0.0,0.03564356435643565,0.09074407316744237,1.0,-0.0,0,0
241,0.0,0.03564356435643565,0.09074407316744237,1.0,-0.0,0,0
242,0.0,0.041584158415841586,0.09467748980500532,1.0,-0.0,0,0
243,0.0,0.017821782178217824,0.05698017651460656,1.0,-0.0,0,0
244,0.0,0.05940594059405942,0.0996808946427978,1.0,-0.0,0,0
245,0.0,0.05940594059405942,0.0996808946427978,1.0,-0.0,0,0
246,0.0,0.07920792079207921,0.10928827506175545,1.0,-0.0,0,0
247,0.0,0.06732673267326733,0.09861306612268303,1.0,-0.0,0,0
248,0.0,0.06732673267326733,0.09861306612268303,1.0,-0.0,0,0
249,0.0,0.025742574257425748,0.06697637435757531,1.0,-0.0,0,0
250,0.0,0.025742574257425748,0.06697637435757531,1.0,-0.0,0,0
251,0.0,0.0059405940594059415,0.03395332316729157,1.0,-0.0,0,0
252,0.0,0.0,0.0,1.0,-0.0,0,0
253,0.0,0.16831683168316827,0.17287933929280913,1.0,-0.0,0,0
254,0.0,0.16831683168316827,0.17287933929280913,1.0,-0.0,0,0
255,0.0,0.16831683168316827,0.17287933929280913,1.0,-0.0,0,0
256,0.0,0.16831683168316827,0.17287933929280913,1.0,-0.0,0,0
257,0.0,0.16831683168316827,0.17287933929280913,1.0,-0.0,0,0
258,0.0,0.0,0.0,1.0,-0.0,0,0
259,0.0,0.0,0.0,1.0,-0.0,0,0
260,0.0,0.015841584158415842,0.05401260078014202,1.0,-0.0,0,0
261,0.0,0.033663366336633666,0.07994704648786674,1.0,-0.0,0,0
262,0.0,0.16435643564356434,0.16744093589393827,1.0,-0.0,0,0
263,0.0,0.16435643564356434,0.16744093589393827,1.0,-0.0,0,0
264,0.0,0.16435643564356434,0.16744093589393827,1.0,-0.0,0,0
265,0.0,0.3188118811881188,0.2391042985841359,1.0,-0.0,0,0
266,0.0,0.300990099009901,0.22798951231087927,1.0,-0.0,0,0
267,0.0,0.17227722772277226,0.1846156359731749,1.0,-0.0,0,0
268,0.0,0.17227722772277226,0.1846156359731749,1.0,-0.0,0,0
269,0.0,0.17227722772277226,0.1846156359731749,1.0,-0.0,0,0
270,0.0,0.0,0.0,1.0,-0.0,0,0
271,0.0,0.0,0.0,1.0,-0.0,0,0
272,0.0,0.10495049504950495,0.1395723579145037,1.0,-0.0,0,0
273,0.0,0.10495049504950495,0.1395723579145037,1.0,-0.0,0,0
274,0.0,0.13861386138613863,0.15604664003838054,1.0,-0.0,0,0
275,0.0,0.13861386138613863,0.15604664003838054,1.0,-0.0,0,0
276,0.0,0.17425742574257427,0.17041211860554586,1.0,-0.0,0,0
277,0.0,0.08316831683168316,0.12028786177019754,1.0,-0.0,0,0
278,0.0,0.09108910891089109,0.12750384183766536,1.0,-0.0,0,0
279,0.0,0.06930693069306931,0.12084076279122662,1.0,-0.0,0,0
280,0.0,0.06930693069306931,0.12084076279122662,1.0,-0.0,0,0
281,0.0,0.03762376237623763,0.08771182015980238,1.0,-0.0,0,0
282,0.0,0.041584158415841586,0.09467748980500532,1.0,-0.0,0,0
283,0.0,0.041584158415841586,0.0946774898050053,1.0,-0.0,0,0
284,0.0,0.031683168316831684,0.07826167463512675,1.0,-0.0,0,0
285,0.0,0.041584158415841586,0.09039772047931348,1.0,-0.0,0,0
286,0.0,0.03762376237623763,0.08771182015980238,1.0,-0.0,0,0
287,0.0,0.03564356435643565,0.08154954567118416,1.0,-0.0,0,0
288,0.0,0.027722772277227727,0.07461957893630407,1.0,-0.0,0,0
289,0.0,0.027722772277227727,0.07461957893630407,1.0,-0.0,0,0
290,0.0,0.18811881188118812,0.16844491341098408,1.0,-0.0,0,0
291,0.0,0.19801980198019803,0.17461709057464245,1.0,-0.0,0,0
292,0.0,0.1801980198019802,0.16531985318607365,1.0,-0.0,0,0
293,0.0,0.1801980198019802,0.16531985318607365,1.0,-0.0,0,0
294,0.0,0.1801980198019802,0.16531985318607365,1.0,-0.0,0,0
295,0.0,0.03762376237623762,0.08307396817189318,1.0,-0.0,0,0
296,0.0,0.02772277227722772,0.07461957893630407,1.0,-0.0,0,0
297,0.0,0.02772277227722772,0.07461957893630407,1.0,-0.0,0,0
298,0.0,0.02772277227722772,0.07461957893630407,1.0,-0.0,0,0
299,0.0,0.02772277227722772,0.07461957893630407,1.0,-0.0,0,0
300,0.0,0.0297029702970297,0.08622392497852371,1.0,-0.0,0,0
301,0.0,0.0297029702970297,0.08622392497852371,1.0,-0.0,0,0
302,0.0,0.0297029702970297,0.08622392497852371,1.0,-0.0,0,0
303,0.0,0.0297029702970297,0.08622392497852371,1.0,-0.0,0,0
304,0.0,0.0297029702970297,0.08622392497852371,1.0,-0.0,0,0
305,0.0,0.05148514851485149,0.09186070102766891,1.0,-0.0,0,0
306,0.0,0.05148514851485149,0.09186070102766891,1.0,-0.0,0,0
307,0.0,0.09504950495049505,0.1277189346265117,1.0,-0.0,0,0
308,0.0,0.09504950495049505,0.1277189346265117,1.0,-0.0,0,0
309,0.8,0.1762376237623762,0.15488642587743504,2.8219594558350895e-05,4.549449230210865,0,0
310,0.8,0.12277227722772276,0.1434243086117372,1.1685591011547359e-06,5.932349317797823,0,0
311,0.8,0.12277227722772276,0.1434243086117372,1.1685591011547359e-06,5.932349317797823,0,0
312,0.8,0.07920792079207921,0.11285391563386142,8.461464192274912e-11,10.072554479088135,0,0
313,0.8,0.07920792079207921,0.11285391563386142,8.461464192274912e-11,10.072554479088135,0,0
314,0.0,0.0,0.0,1.0,-0.0,0,0
315,0.0,0.0,0.0,1.0,-0.0,0,0
316,0.0,0.0,0.0,1.0,-0.0,0,0
317,0.0,0.0,0.0,1.0,-0.0,0,0
318,0.0,0.0,0.0,1.0,-0.0,0,0
319,0.0,0.0,0.0,1.0,-0.0,0,0
320,0.0,0.0,0.0,1.0,-0.0,0,0
321,0.0,0.0,0.0,1.0,-0.0,0,0
