,foreground,bg_means,bg_stdev,pvals,minus_logs,regs,active
2,0.4,0.13663366336633662,0.16393839236292437,0.05408250995571231,1.2669431611008033,0,0
3,0.4,0.13663366336633662,0.16393839236292437,0.05408250995571231,1.2669431611008033,0,0
4,0.6,0.16831683168316827,0.17740187251029735,0.0074796458123314764,2.1261189670275096,0,0
5,0.4,0.08316831683168317,0.10996786833199856,0.0019812632013890097,2.7030578266734797,0,0
6,0.2,0.11683168316831682,0.14696218071508493,0.2857252863524996,0.5440513233645132,0,0
7,0.2,0.11683168316831682,0.14696218071508493,0.2857252863524996,0.5440513233645132,0,0
8,0.2,0.11683168316831682,0.14696218071508493,0.2857252863524996,0.5440513233645132,0,0
9,0.0,0.1188118811881188,0.14122019271030048,1.0,-0.0,0,0
10,0.0,0.22574257425742572,0.19632941873972973,1.0,-0.0,0,0
11,0.0,0.13861386138613857,0.15856428688449584,1.0,-0.0,0,0
12,0.0,0.13861386138613857,0.15856428688449584,1.0,-0.0,0,0
13,0.0,0.1603960396039604,0.16890984643276136,1.0,-0.0,0,0
14,0.0,0.1277227722772277,0.14496077440151445,1.0,-0.0,0,0
15,0.0,0.021782178217821784,0.06230547612891991,1.0,-0.0,0,0
16,0.0,0.021782178217821784,0.06230547612891991,1.0,-0.0,0,0
17,0.0,0.021782178217821784,0.06230547612891991,1.0,-0.0,0,0
18,0.0,0.0,0.0,1.0,-0.0,0,0
19,0.0,0.0,0.0,1.0,-0.0,0,0
20,0.0,0.0,0.0,1.0,-0.0,0,0
21,0.2,0.025742574257425745,0.0669763743575753,0.0046371400013480064,2.3337497919853587,0,0
22,0.2,0.04554455445544555,0.08387254884969256,0.032770541076535604,1.484516387893982,0,0
23,0.2,0.04554455445544555,0.08387254884969256,0.032770541076535604,1.484516387893982,0,0
24,0.2,0.04554455445544555,0.08387254884969256,0.032770541076535604,1.484516387893982,0,0
25,0.2,0.04554455445544555,0.08387254884969256,0.032770541076535604,1.484516387893982,0,0
26,0.0,0.09108910891089109,0.12113245340338318,1.0,-0.0,0,0
27,0.0,0.0712871287128713,0.11110305060677654,1.0,-0.0,0,0
28,0.4,0.43366336633663377,0.2626133805956499,1.0,-0.0,0,0
29,0.4,0.43366336633663377,0.2626133805956499,1.0,-0.0,0,0
30,0.4,0.43366336633663377,0.2626133805956499,1.0,-0.0,1,0
31,0.4,0.36237623762376237,0.2528457774180177,0.44085524049718633,0.35570399233233146,0,0
32,0.4,0.36237623762376237,0.2528457774180177,0.44085524049718633,0.35570399233233146,0,0
33,0.0,0.0,0.0,1.0,-0.0,0,0
34,0.0,0.0,0.0,1.0,-0.0,0,0
35,0.0,0.0,0.0,1.0,-0.0,0,0
36,0.0,0.14851485148514848,0.14529850556708232,1.0,-0.0,0,0
37,0.0,0.14851485148514848,0.14529850556708232,1.0,-0.0,0,0
38,0.0,0.17821782178217818,0.1755353680172698,1.0,-0.0,0,3
39,0.0,0.17821782178217818,0.1755353680172698,1.0,-0.0,0,0
40,0.0,0.17821782178217818,0.1755353680172698,1.0,-0.0,0,0
41,0.0,0.0297029702970297,0.07112192077650681,1.0,-0.0,0,0
42,0.0,0.16831683168316827,0.16345931947317976,1.0,-0.0,0,0
43,0.0,0.1386138613861386,0.15604664003838054,1.0,-0.0,0,0
44,0.0,0.1386138613861386,0.15604664003838054,1.0,-0.0,0,0
45,0.0,0.1386138613861386,0.15604664003838054,1.0,-0.0,0,0
46,0.0,0.1386138613861386,0.15604664003838054,1.0,-0.0,0,0
47,0.0,0.0,0.0,1.0,-0.0,0,0
48,0.0,0.0,0.0,1.0,-0.0,0,0
49,0.0,0.0,0.0,1.0,-0.0,0,0
50,0.0,0.0,0.0,1.0,-0.0,0,0
51,0.0,0.0,0.0,1.0,-0.0,0,0
52,0.0,0.0,0.0,1.0,-0.0,0,0
53,0.0,0.0,0.0,1.0,-0.0,0,0
54,0.0,0.0,0.0,1.0,-0.0,0,0
55,0.0,0.0,0.0,1.0,-0.0,0,0
56,0.0,0.0,0.0,1.0,-0.0,0,0
57,0.0,0.023762376237623766,0.06471340450838887,1.0,-0.0,0,0
58,0.0,0.08118811881188118,0.11320083903331847,1.0,-0.0,0,0
59,0.0,0.08118811881188118,0.11320083903331847,1.0,-0.0,0,0
60,0.0,0.08118811881188118,0.11320083903331847,1.0,-0.0,0,0
61,0.0,0.08118811881188118,0.11320083903331847,1.0,-0.0,0,0
62,0.0,0.09900990099009901,0.12467387119760155,1.0,-0.0,0,0
63,0.0,0.12673267326732673,0.139937106883602,1.0,-0.0,0,25
64,0.0,0.12673267326732673,0.139937106883602,1.0,-0.0,0,0
65,0.0,0.12673267326732673,0.139937106883602,1.0,-0.0,0,0
66,0.0,0.12673267326732673,0.139937106883602,1.0,-0.0,0,0
67,0.0,0.08316831683168316,0.12028786177019754,1.0,-0.0,0,0
68,0.0,0.0,0.0,1.0,-0.0,0,0
69,0.0,0.0,0.0,1.0,-0.0,0,0
70,0.0,0.0,0.0,1.0,-0.0,0,0
71,0.0,0.0,0.0,1.0,-0.0,0,0
72,0.0,0.06732673267326733,0.102550553475042,1.0,-0.0,0,0
73,0.0,0.06732673267326733,0.102550553475042,1.0,-0.0,0,0
74,0.0,0.06732673267326733,0.102550553475042,1.0,-0.0,0,0
75,0.0,0.39801980198019804,0.2329238170698236,1.0,-0.0,0,0
76,0.0,0.4158415841584158,0.23828291416223882,1.0,-0.0,0,0
77,0.0,0.5425742574257426,0.2888510989370161,1.0,-0.0,0,0
78,0.0,0.5425742574257426,0.2888510989370161,1.0,-0.0,0,0
79,0.0,0.5425742574257426,0.2888510989370161,1.0,-0.0,0,0
80,0.0,0.23762376237623759,0.2174794790130442,1.0,-0.0,0,0
81,0.0,0.21980198019801975,0.21342088848011848,1.0,-0.0,0,0
82,0.0,0.023762376237623766,0.07056843438101176,1.0,-0.0,0,0
83,0.0,0.023762376237623766,0.07056843438101176,1.0,-0.0,0,0
84,0.0,0.023762376237623766,0.07056843438101176,1.0,-0.0,0,0
85,0.0,0.0,0.0,1.0,-0.0,0,0
86,0.0,0.0,0.0,1.0,-0.0,0,0
87,0.0,0.0,0.0,1.0,-0.0,0,0
88,0.0,0.0,0.0,1.0,-0.0,0,0
89,0.0,0.0,0.0,1.0,-0.0,0,0
90,0.0,0.0,0.0,1.0,-0.0,0,0
91,0.0,0.0,0.0,1.0,-0.0,0,0
92,0.2,0.60990099009901,0.26156609466864744,1.0,-0.0,0,0
93,0.2,0.60990099009901,0.26156609466864744,1.0,-0.0,0,0
94,0.2,0.6534653465346535,0.27125099130562796,1.0,-0.0,0,0
95,0.2,1.1346534653465348,0.3527643713527659,1.0,-0.0,0,0
96,0.2,1.1782178217821782,0.3603089874192113,1.0,-0.0,0,0
97,0.0,0.5900990099009901,0.30230302497644773,1.0,-0.0,0,0
98,0.0,0.8514851485148514,0.3277930587785437,1.0,-0.0,0,0
99,0.0,0.807920792079208,0.31203045304440297,1.0,-0.0,0,0
100,0.0,0.3287128712871287,0.2021354480027698,1.0,-0.0,0,0
101,0.0,0.2831683168316832,0.19349280792564133,1.0,-0.0,0,0
102,0.0,0.2613861386138614,0.20047976961699596,1.0,-0.0,0,0
103,0.0,0.0,0.0,1.0,-0.0,0,0
104,0.0,0.0,0.0,1.0,-0.0,0,0
105,0.2,0.015841584158415842,0.05401260078014202,0.00032535620257014524,3.4876409094885674,0,0
106,0.2,0.015841584158415842,0.05401260078014202,0.00032535620257014524,3.4876409094885674,0,0
107,0.2,0.015841584158415842,0.05401260078014202,0.00032535620257014524,3.4876409094885674,1,0
108,0.4,0.1485148514851485,0.16804870898437327,0.06726150598460054,1.172233413062421,0,0
109,0.6,0.17821782178217818,0.1755353680172698,0.008134307084461369,2.0896794362380904,0,0
110,0.4,0.16237623762376235,0.17283397009132112,0.08458630461026907,1.072699947997255,0,0
111,0.4,0.16237623762376235,0.17283397009132112,0.08458630461026907,1.072699947997255,0,0
112,0.4,0.16237623762376235,0.17283397009132112,0.08458630461026907,1.072699947997255,0,0
113,0.2,0.0297029702970297,0.08150144802873932,0.018331504659791168,1.7368018864493864,0,0
114,0.0,0.021782178217821784,0.06230547612891991,1.0,-0.0,0,0
115,0.0,0.021782178217821784,0.06230547612891991,1.0,-0.0,0,0
116,0.0,0.09108910891089109,0.11781762202489916,1.0,-0.0,0,0
117,1.8,0.4316831683168317,0.24492095838312467,1.156665142577591e-08,7.936792352180009,0,0
118,1.8,0.4316831683168317,0.24492095838312467,1.156665142577591e-08,7.936792352180009,0,0
119,1.8,0.4099009900990099,0.23610072967586346,1.957597085988026e-09,8.708276690131678,0,0
120,1.8,0.4099009900990099,0.23610072967586346,1.957597085988026e-09,8.708276690131678,0,0
121,1.8,0.34059405940594056,0.22257637150611512,2.7473117424290637e-11,10.56109205760344,0,0
122,0.0,0.0,0.0,1.0,-0.0,0,0
123,0.0,0.0,0.0,1.0,-0.0,0,0
124,0.0,0.097029702970297,0.1367627457412436,1.0,-0.0,0,0
125,0.0,0.097029702970297,0.1367627457412436,1.0,-0.0,0,0
126,0.0,0.11683168316831682,0.15483578457286823,1.0,-0.0,0,0
127,0.4,0.41980198019801984,0.23123422696229698,1.0,-0.0,0,0
128,0.4,0.41980198019801984,0.23123422696229698,1.0,-0.0,0,0
129,0.6,0.46732673267326735,0.25836841869782323,0.3037993379165982,0.5174131769494711,0,0
130,0.6,0.46732673267326735,0.25836841869782323,0.3037993379165982,0.5174131769494711,0,0
131,0.6,0.5405940594059405,0.2793834151090159,0.4158068844445514,0.38110832440443404,0,0
132,0.2,0.2752475247524752,0.21590515913566752,1.0,-0.0,0,0
133,0.4,0.3841584158415841,0.25591330264129997,0.47532037687007944,0.3230135672063104,0,0
134,0.2,0.23762376237623759,0.19440260619841396,1.0,-0.0,0,0
135,0.2,0.23762376237623759,0.19440260619841396,1.0,-0.0,0,0
136,0.2,0.14455445544554454,0.15445544554455448,0.35980713557990285,0.44393022811595895,0,0
137,0.2,0.1069306930693069,0.12762679639066946,0.23293044793121243,0.6327737381539633,0,0
138,0.0,0.0,0.0,1.0,-0.0,0,0
139,0.0,0.0,0.0,1.0,-0.0,0,0
140,0.0,0.0,0.0,1.0,-0.0,0,0
141,0.0,0.0,0.0,1.0,-0.0,0,0
142,0.0,0.0,0.0,1.0,-0.0,0,0
143,0.2,0.023762376237623766,0.06471340450838887,0.003231121245907738,2.4906467450338194,0,0
144,0.2,0.023762376237623766,0.06471340450838887,0.003231121245907738,2.4906467450338194,0,0
145,0.2,0.023762376237623766,0.06471340450838887,0.003231121245907738,2.4906467450338194,0,0
146,0.2,0.023762376237623766,0.06471340450838887,0.003231121245907738,2.4906467450338194,0,0
147,0.2,0.023762376237623766,0.06471340450838887,0.003231121245907738,2.4906467450338194,0,0
148,0.0,0.0,0.0,1.0,-0.0,0,0
149,0.0,0.0,0.0,1.0,-0.0,0,0
150,0.0,0.0,0.0,1.0,-0.0,0,0
151,0.0,0.0,0.0,1.0,-0.0,0,0
152,0.0,0.0,0.0,1.0,-0.0,0,0
153,0.0,0.017821782178217824,0.05698017651460656,1.0,-0.0,0,0
154,0.0,0.04752475247524753,0.09809478080396702,1.0,-0.0,0,0
155,0.0,0.04752475247524753,0.09809478080396702,1.0,-0.0,0,0
156,0.2,0.14653465346534653,0.1564231101634178,0.36625087925190963,0.4362213240336179,0,0
157,0.2,0.1801980198019802,0.18348647776016433,0.45702931768457766,0.3400559397545684,0,0
158,0.2,0.16237623762376235,0.16581719933036293,0.4102511265466175,0.3869502177037349,0,0
159,0.4,0.17623762376237626,0.1808388127814792,0.10797707685899917,0.9666684338678347,0,0
160,0.4,0.17623762376237626,0.1808388127814792,0.10797707685899917,0.9666684338678347,0,0
161,0.2,0.07722772277227724,0.10889288780093088,0.12977421193735644,0.886811599723601,0,0
162,0.2,0.04356435643564357,0.08255312311158745,0.029048226759887566,1.5368803738382273,0,0
163,0.2,0.04356435643564357,0.08255312311158745,0.029048226759887566,1.5368803738382273,0,0
164,0.0,0.0,0.0,1.0,-0.0,0,0
165,0.2,0.027722772277227727,0.06910862719451544,0.0063361735559086295,2.1981729353735644,0,0
166,0.2,0.027722772277227727,0.06910862719451544,0.0063361735559086295,2.1981729353735644,0,0
167,0.2,0.027722772277227727,0.06910862719451544,0.0063361735559086295,2.1981729353735644,0,0
168,0.2,0.027722772277227727,0.06910862719451544,0.0063361735559086295,2.1981729353735644,0,0
169,0.2,0.027722772277227727,0.06910862719451544,0.0063361735559086295,2.1981729353735644,0,0
170,0.0,0.0,0.0,1.0,-0.0,0,0
171,0.0,0.05346534653465348,0.08851285797476045,1.0,-0.0,0,0
172,0.0,0.05346534653465348,0.08851285797476045,1.0,-0.0,0,0
173,0.0,0.19207920792079206,0.1755800391893932,1.0,-0.0,0,0
