,foreground,bg_means,bg_stdev,pvals,minus_logs,regs,active
2,0.0,0.11287128712871286,0.1390657415135005,1.0,-0.0,0,0
3,0.2,0.3940594059405941,0.2706141830630734,1.0,-0.0,0,0
4,0.2,0.2871287128712871,0.22588149277780908,1.0,-0.0,0,0
5,0.2,0.28316831683168314,0.22029202352749913,1.0,-0.0,0,0
6,0.2,0.28316831683168314,0.22029202352749913,1.0,-0.0,0,0
7,0.2,0.28316831683168314,0.22029202352749913,1.0,-0.0,0,0
8,0.0,0.013861386138613863,0.05079507064705211,1.0,-0.0,0,0
9,0.0,0.009900990099009901,0.04338396495090425,1.0,-0.0,0,0
10,0.0,0.021782178217821784,0.06230547612891991,1.0,-0.0,0,0
11,0.0,0.021782178217821784,0.06230547612891991,1.0,-0.0,0,0
12,0.0,0.021782178217821784,0.06230547612891991,1.0,-0.0,0,0
13,0.6,1.081188118811881,0.43616530413606347,1.0,-0.0,0,0
14,0.6,1.081188118811881,0.43616530413606347,1.0,-0.0,0,0
15,0.6,1.0693069306930694,0.431837559819404,1.0,-0.0,0,0
16,0.6,1.0693069306930694,0.431837559819404,1.0,-0.0,0,0
17,0.8,1.6396039603960395,0.48176227815965683,1.0,-0.0,0,0
18,0.2,0.6693069306930692,0.31520622646053525,1.0,-0.0,0,0
19,0.2,0.6693069306930692,0.31520622646053525,1.0,-0.0,0,0
20,0.2,0.6693069306930692,0.31520622646053525,1.0,-0.0,0,0
21,0.2,0.8495049504950495,0.39542526609285034,1.0,-0.0,0,0
22,0.0,0.30297029702970296,0.23982478981707223,1.0,-0.0,0,0
23,0.0,0.20396039603960395,0.19896802672602726,1.0,-0.0,0,0
24,0.0,0.22970297029702968,0.20755271521986346,1.0,-0.0,0,0
25,0.0,0.3366336633663367,0.2403474268625546,1.0,-0.0,0,0
26,0.0,0.15643564356435644,0.1702740025877676,1.0,-0.0,0,0
27,0.2,0.19801980198019803,0.1999901967992491,0.4960499473561594,0.30447459212058803,0,0
28,0.6,0.22772277227722768,0.2106655233984672,0.038601695232510516,1.4133936224277663,0,0
29,0.6,0.22772277227722768,0.21439244661272866,0.041244018124012675,1.3846390309714645,0,0
30,0.6,0.1207920792079208,0.14913402284168503,0.0006561636919072731,3.1829878044903177,0,0
31,1.0,0.1900990099009901,0.18748198619476633,7.805456762629334e-06,5.107601677651504,0,0
32,0.8,0.12277227722772276,0.14342430861173722,1.1685591011547467e-06,5.932349317797819,0,0
33,4.2,0.7128712871287128,0.34170897418264734,1.000000094192854e-17,16.999999959092566,0,0
34,4.2,0.6970297029702971,0.33254358622817537,1.0000000030152161e-17,16.99999999869051,0,0
35,4.8,0.9722772277227723,0.3786685407303453,1.0000002535983012e-17,16.99999988986367,1,0
36,4.4,0.902970297029703,0.36218682492249293,1.0000233349899937e-17,16.99998986586085,0,0
37,4.4,0.902970297029703,0.36218682492249293,1.0000233349899937e-17,16.99998986586085,0,0
38,0.6,0.28712871287128716,0.21325546727829953,0.07117175440010363,1.147692328582332,0,0
39,0.6,0.29900990099009905,0.21913197321283034,0.08478973810962344,1.071656706140033,0,0
40,0.2,0.09306930693069305,0.12762679639066946,0.20106059762379253,0.6966730309011007,0,0
41,0.4,0.16633663366336632,0.1781518029535443,0.09482807665217026,1.0230630579171909,0,0
42,0.4,0.16633663366336632,0.1781518029535443,0.09482807665217026,1.0230630579171909,0,0
43,0.4,0.16237623762376235,0.17735766020493526,0.09015521603822475,1.0450091415862113,0,0
44,0.4,0.14059405940594055,0.16541470107292755,0.05841539420151273,1.2334726882341243,0,0
45,0.2,0.0712871287128713,0.12768822926854265,0.15672133562576385,0.8048718758110012,0,0
46,0.0,0.0,0.0,1.0,-0.0,0,0
47,0.0,0.0,0.0,1.0,-0.0,0,0
48,0.0,0.0,0.0,1.0,-0.0,0,0
49,0.0,0.0,0.0,1.0,-0.0,0,0
50,0.0,0.0,0.0,1.0,-0.0,0,0
51,0.0,0.0,0.0,1.0,-0.0,0,0
52,0.0,0.0,0.0,1.0,-0.0,0,0
53,0.0,0.0,0.0,1.0,-0.0,0,0
54,0.0,0.0,0.0,1.0,-0.0,0,0
55,0.0,0.03564356435643565,0.07653920035678292,1.0,-0.0,0,0
56,0.2,0.05346534653465348,0.10104832334394513,0.07350913727109526,1.1336586742521855,0,0
57,0.2,0.05346534653465348,0.10104832334394513,0.07350913727109526,1.1336586742521855,0,0
58,0.4,0.0712871287128713,0.11801714396634724,0.0026739305247560365,2.572849880958499,0,0
59,0.4,0.0712871287128713,0.11801714396634724,0.0026739305247560365,2.572849880958499,0,0
60,0.4,0.03564356435643565,0.08154954567118416,3.949284449990814e-06,5.403481584771323,0,0
61,0.2,0.017821782178217824,0.05698017651460656,0.0006937928196726553,3.15877019915046,0,0
62,0.2,0.027722772277227727,0.07461957893630405,0.010478998804251368,1.9796802091996202,0,0
63,0.2,0.05940594059405942,0.11447531431916541,0.10969336149637444,0.9598196545832711,0,0
64,0.2,0.05940594059405942,0.11447531431916541,0.10969336149637444,0.9598196545832711,0,0
65,0.2,0.05940594059405942,0.11447531431916541,0.10969336149637444,0.9598196545832711,0,0
66,0.6,0.20396039603960395,0.19290421984883258,0.020034468664446053,1.6982221710330803,0,0
67,0.6,0.19405940594059404,0.18764923153239024,0.015259259003662469,1.816466555400405,0,0
68,0.4,0.1485148514851485,0.16326729671147558,0.06174024088977673,1.2094316803787584,0,0
69,0.4,0.1485148514851485,0.16326729671147558,0.06174024088977673,1.2094316803787584,0,0
70,0.4,0.1485148514851485,0.16326729671147558,0.06174024088977673,1.2094316803787584,0,0
71,0.0,0.0039603960396039604,0.027863855998951064,1.0,-0.0,0,0
72,0.0,0.0039603960396039604,0.027863855998951064,1.0,-0.0,0,0
73,0.0,0.0,0.0,1.0,-0.0,0,0
74,0.0,0.0,0.0,1.0,-0.0,0,0
75,0.4,0.07326732673267328,0.11509022642946842,0.0022632803634886505,2.6452616445542345,0,0
76,0.4,0.07326732673267328,0.11509022642946842,0.0022632803634886505,2.6452616445542345,0,0
77,0.4,0.07326732673267328,0.11509022642946842,0.0022632803634886505,2.6452616445542345,0,0
78,0.4,0.07326732673267328,0.11509022642946842,0.0022632803634886505,2.6452616445542345,1,0
79,0.4,0.07326732673267328,0.11509022642946842,0.0022632803634886505,2.6452616445542345,0,0
80,0.0,0.0,0.0,1.0,-0.0,0,0
81,0.0,0.031683168316831684,0.0730260947112308,1.0,-0.0,0,0
82,0.0,0.031683168316831684,0.0730260947112308,1.0,-0.0,0,0
83,0.0,0.031683168316831684,0.0730260947112308,1.0,-0.0,0,0
84,0.0,0.031683168316831684,0.0730260947112308,1.0,-0.0,0,0
85,0.0,0.06534653465346536,0.1129581045303102,1.0,-0.0,0,0
86,0.0,0.033663366336633666,0.07994704648786674,1.0,-0.0,0,0
87,0.0,0.033663366336633666,0.07994704648786674,1.0,-0.0,0,0
88,0.0,0.03564356435643565,0.08154954567118415,1.0,-0.0,0,0
89,0.2,0.05544554455445545,0.1019369320889802,0.07808409030039497,1.1074374449781044,0,0
90,0.2,0.021782178217821784,0.06230547612891991,0.002115616449879084,2.6745630648030154,0,0
91,0.2,0.14059405940594058,0.13656189821438944,0.33177718779679244,0.4791534783314394,0,0
92,0.2,0.14059405940594058,0.13656189821438944,0.33177718779679244,0.4791534783314394,0,0
93,0.2,0.31386138613861386,0.24252373690922557,1.0,-0.0,0,0
94,0.0,0.29306930693069305,0.236416072958217,1.0,-0.0,0,0
95,0.0,0.3188118811881188,0.23576833372098557,1.0,-0.0,0,0
96,0.4,0.2495049504950495,0.20759049672836247,0.23423792596813686,0.6303427860135276,0,0
97,0.4,0.3069306930693069,0.21166825610396545,0.3300792978538227,0.4813817132031299,0,0
98,0.6,0.37821782178217817,0.24357240588807846,0.1812691582880478,0.7416760818654972,0,0
99,1.0,0.5306930693069307,0.29575966100987866,0.05628069775232123,1.2496405269426154,0,0
100,1.0,0.505940594059406,0.30501478041713714,0.05263886849173509,1.2786934547489113,0,0
101,0.6,0.499009900990099,0.31418448559895396,0.3739401296431481,0.4271979257326668,0,0
102,0.8,0.5801980198019802,0.3498287564051303,0.2648994353659663,0.5769189674019253,0,0
103,0.6,0.3346534653465346,0.25346534653465347,0.14757861677851958,0.830976564517368,0,0
104,0.2,0.19603960396039602,0.19084013945594866,0.49172157370365227,0.30828073713405446,0,0
105,0.2,0.2198019801980198,0.21155707606157345,1.0,-0.0,0,0
106,0.2,0.1900990099009901,0.19371559764587087,0.4796185514268563,0.3191040269357895,0,0
107,0.6,0.24158415841584158,0.21492219487073477,0.04769222352966831,1.3215524292089498,0,0
108,0.6,0.24158415841584158,0.21492219487073477,0.04769222352966831,1.3215524292089498,0,0
109,0.6,0.22772277227722768,0.20877711450451011,0.037282380398748774,1.4284963666764825,0,0
110,0.6,0.20396039603960395,0.2086831849930728,0.028861009650464235,1.539688479966178,0,0
111,0.6,0.19009900990099002,0.19166025556535224,0.016230577967279926,1.7896660147682741,0,0
112,0.0,0.19405940594059404,0.18764923153239027,1.0,-0.0,0,0
113,0.0,0.19405940594059404,0.18764923153239027,1.0,-0.0,0,0
114,0.2,0.28118811881188116,0.2201317658001291,1.0,-0.0,0,0
115,0.2,0.28118811881188116,0.2201317658001291,1.0,-0.0,0,0
116,2.4,0.5089108910891089,0.29587895902925515,8.217175858131851e-11,10.08527741846644,0,0
117,2.4,0.3386138613861386,0.2606048930908848,1.2968875811508989e-15,14.887097668481715,0,0
118,2.4,0.3386138613861386,0.2606048930908848,1.2968875811508989e-15,14.887097668481715,0,0
119,3.8,0.8217821782178217,0.4267315246590408,1.4850025622628794e-12,11.828272797002883,0,0
120,3.8,0.8316831683168316,0.4302729258352116,2.6243388629785973e-12,11.580980088191184,0,0
121,1.6,0.6039603960396039,0.3592954580206917,0.0027839232717031164,2.5553427385784095,0,0
122,1.6,0.5821782178217821,0.3505006432400308,0.0018426794939595272,2.734550197124622,0,0
123,2.4,0.6871287128712871,0.3641519012656298,1.277271190176916e-06,5.893716883556197,0,0
124,0.8,0.14059405940594058,0.1835719395616125,0.0001640216432801057,3.785098841361209,0,0
125,1.2,0.26930693069306927,0.24281459098565278,6.331115309846486e-05,4.198519776515807,1,0
126,1.2,0.26930693069306927,0.24281459098565278,6.331115309846486e-05,4.198519776515807,0,0
127,1.4,0.4000000000000001,0.25329511610290506,3.940932641647441e-05,4.404400988024736,0,0
128,0.6,0.30297029702970296,0.22970297029702968,0.09798764134016054,1.0088286961057922,0,0
129,2.0,1.1297029702970296,0.45414364074246477,0.027660439399509792,1.5581409251932035,0,0
130,1.6,0.9920792079207923,0.43319745305122204,0.08025860532587976,1.0955083913818604,0,0
131,4.2,1.5524752475247523,0.5019948442411941,6.673809457185276e-08,7.175626196973151,0,0
132,4.0,1.421782178217822,0.4683241579398898,1.8437544321791764e-08,7.734296922681208,0,0
133,4.0,1.433663366336634,0.4785036966083708,4.08680805152633e-08,7.388615759675381,0,0
134,2.6,0.6019801980198021,0.33830684941389644,1.75321271420473e-09,8.756165388526329,0,0
135,2.6,0.6138613861386139,0.33802856021181216,2.1058953922271196e-09,8.676563205660912,0,0
136,0.2,0.11683168316831682,0.13575553664160483,0.2700595283135281,0.5685404952167608,0,0
137,0.2,0.11683168316831682,0.13575553664160483,0.2700595283135281,0.5685404952167608,0,0
138,0.2,0.09504950495049505,0.12457948087149175,0.1997714008577719,0.6994666849722292,0,0
139,0.2,0.07524752475247526,0.11205191564986228,0.13278007588509982,0.8768670874855233,0,0
140,0.2,0.06336633663366338,0.10504385908811757,0.09667550266855758,1.014683561115634,0,0
141,0.0,0.0,0.0,1.0,-0.0,0,0
142,0.0,0.031683168316831684,0.07826167463512675,1.0,-0.0,0,0
143,0.0,0.07722772277227724,0.1257698574906964,1.0,-0.0,0,0
144,0.0,0.14059405940594058,0.18571681723078579,1.0,-0.0,0,0
145,0.0,0.14059405940594058,0.18571681723078579,1.0,-0.0,0,0
146,0.0,0.14059405940594058,0.18571681723078579,1.0,-0.0,0,0
147,0.0,0.9247524752475247,0.43768199961947585,1.0,-0.0,0,0
148,0.0,0.9227722772277228,0.4323276141586624,1.0,-0.0,0,0
149,0.0,0.8594059405940595,0.4410110386400017,1.0,-0.0,0,0
150,0.0,0.8594059405940595,0.4410110386400017,1.0,-0.0,0,0
151,0.0,0.8594059405940595,0.4410110386400017,1.0,-0.0,0,0
152,0.0,0.043564356435643575,0.09164702150816742,1.0,-0.0,0,0
153,0.0,0.015841584158415842,0.05401260078014202,1.0,-0.0,0,0
154,0.0,0.015841584158415842,0.05401260078014202,1.0,-0.0,0,0
155,0.0,0.02772277227722772,0.06910862719451544,1.0,-0.0,0,0
156,0.0,0.1188118811881188,0.15714839508139802,1.0,-0.0,0,0
157,0.0,0.1188118811881188,0.15714839508139802,1.0,-0.0,0,0
158,0.0,0.10297029702970295,0.15054715096038188,1.0,-0.0,0,0
159,0.0,0.11089108910891086,0.15018206119491914,1.0,-0.0,0,0
160,0.0,0.09900990099009899,0.13965661530697393,1.0,-0.0,0,0
161,0.0,0.007920792079207921,0.03900537743285587,1.0,-0.0,0,0
162,0.0,0.017821782178217824,0.05698017651460656,1.0,-0.0,0,0
163,0.0,0.017821782178217824,0.05698017651460656,1.0,-0.0,0,0
164,0.8,0.1603960396039604,0.1617229068443201,3.8277359184717416e-05,4.417058032521813,0,0
165,0.8,0.1603960396039604,0.1617229068443201,3.8277359184717416e-05,4.417058032521813,0,0
166,1.2,0.2099009900990099,0.18320845158368917,3.2545277739518715e-08,7.487512017862283,0,0
167,1.2,0.20396039603960398,0.17795359951414633,1.0892873569427454e-08,7.962857537074197,0,0
168,1.2,0.21386138613861388,0.18295143702892827,3.519631691181249e-08,7.453502780515186,0,0
169,0.4,0.06336633663366337,0.10504385908811757,0.0006760253672663784,3.1700370072283235,0,0
170,0.4,0.07920792079207921,0.11966689053257921,0.0036733214503492837,2.434941065119345,0,0
171,0.2,0.32574257425742575,0.24961493725397102,1.0,-0.0,0,0
172,0.2,0.3217821782178218,0.24519297730160963,1.0,-0.0,0,0
173,0.2,0.3168316831683169,0.24739006236422045,1.0,-0.0,0,0
174,0.2,0.3168316831683169,0.24739006236422045,1.0,-0.0,0,0
175,0.2,0.33663366336633666,0.2516176465490777,1.0,-0.0,0,0
176,0.0,0.03960396039603961,0.08452453849668534,1.0,-0.0,0,0
177,0.0,0.07524752475247526,0.12219602867755656,1.0,-0.0,0,0
178,0.0,0.10099009900990098,0.1308729634998678,1.0,-0.0,0,0
179,0.0,0.14059405940594058,0.15036471688371983,1.0,-0.0,0,0
180,0.0,0.10495049504950493,0.13078304733432372,1.0,-0.0,0,0
181,0.0,0.1188118811881188,0.14399729871443837,1.0,-0.0,0,0
182,0.0,0.08316831683168316,0.12028786177019754,1.0,-0.0,0,0
183,0.0,0.19999999999999998,0.19700731252448173,1.0,-0.0,0,0
184,0.0,0.17029702970297025,0.16503498246348225,1.0,-0.0,0,0
185,0.0,0.17029702970297025,0.16503498246348225,1.0,-0.0,0,0
186,0.0,0.1564356435643564,0.15569444662458046,1.0,-0.0,0,0
187,0.0,0.1564356435643564,0.15569444662458046,1.0,-0.0,0,0
188,0.0,0.007920792079207921,0.03900537743285587,1.0,-0.0,0,0
189,0.0,0.0,0.0,1.0,-0.0,0,0
190,0.0,0.1306930693069307,0.15526570917950622,1.0,-0.0,0,0
191,0.0,0.14257425742574256,0.15501295675866078,1.0,-0.0,0,0
192,0.0,0.1584158415841584,0.1672534844655737,1.0,-0.0,0,0
193,0.0,0.1584158415841584,0.1672534844655737,1.0,-0.0,0,0
194,0.0,0.17029702970297025,0.17436990069505995,1.0,-0.0,0,0
195,0.0,0.03762376237623763,0.08307396817189318,1.0,-0.0,0,0
196,0.0,0.027722772277227727,0.06910862719451545,1.0,-0.0,0,0
197,0.0,0.011881188118811883,0.047276579747775535,1.0,-0.0,0,0
198,0.0,0.011881188118811883,0.047276579747775535,1.0,-0.0,0,0
199,0.0,0.0,0.0,1.0,-0.0,0,0
200,0.0,0.0,0.0,1.0,-0.0,0,0
201,0.0,0.08118811881188118,0.11999411807954946,1.0,-0.0,0,0
202,0.0,0.08118811881188118,0.11999411807954946,1.0,-0.0,0,0
203,0.0,0.42772277227722766,0.27865263228870346,1.0,-0.0,0,0
204,0.0,0.42772277227722766,0.27865263228870346,1.0,-0.0,0,0
205,0.0,0.42772277227722766,0.27865263228870346,1.0,-0.0,0,0
206,0.0,0.3722772277227723,0.28007029240771714,1.0,-0.0,0,0
207,0.0,0.3722772277227723,0.28007029240771714,1.0,-0.0,0,0
208,0.0,0.025742574257425748,0.07791016068477624,1.0,-0.0,0,0
209,0.0,0.025742574257425748,0.07791016068477624,1.0,-0.0,0,0
210,0.0,0.025742574257425748,0.07791016068477624,1.0,-0.0,0,0
211,0.4,0.9782178217821781,0.4510941506511595,1.0,-0.0,0,0
212,0.4,0.9900990099009901,0.4610588224096704,1.0,-0.0,0,0
213,0.4,1.0178217821782178,0.48018066723776276,1.0,-0.0,0,0
214,0.4,1.0178217821782178,0.48018066723776276,1.0,-0.0,0,0
215,0.4,1.0178217821782178,0.48018066723776276,1.0,-0.0,0,0
216,0.0,0.039603960396039604,0.08908690597387718,1.0,-0.0,0,0
217,0.0,0.027722772277227727,0.07461957893630407,1.0,-0.0,0,0
218,0.0,0.0,0.0,1.0,-0.0,0,0
219,2.6,0.9465346534653465,0.37642517472330933,5.601514935870583e-06,5.251694501688032,0,0
220,2.6,0.9465346534653465,0.37642517472330933,5.601514935870583e-06,5.251694501688032,0,0
221,2.6,0.9465346534653465,0.37642517472330933,5.601514935870583e-06,5.251694501688032,0,0
222,3.0,1.1366336633663365,0.4048524415893242,2.0864314685961548e-06,5.6805958756536,0,0
223,3.0,1.1366336633663365,0.4048524415893242,2.0864314685961548e-06,5.6805958756536,0,0
224,0.4,0.18811881188118815,0.17308335353197749,0.11044651508670612,0.956847982848142,0,0
225,0.4,0.18811881188118815,0.17308335353197749,0.11044651508670612,0.956847982848142,0,0
226,0.4,0.2415841584158416,0.20742042574532268,0.22251028663842876,0.6526499068087088,0,0
227,0.0,0.10099009900990098,0.13679141417164786,1.0,-0.0,0,0
228,0.0,0.12871287128712872,0.1556440682228007,1.0,-0.0,0,0
229,0.0,0.12871287128712872,0.1556440682228007,1.0,-0.0,0,0
230,0.0,0.12871287128712872,0.1556440682228007,1.0,-0.0,0,0
231,0.0,0.10891089108910891,0.1503125521928582,1.0,-0.0,0,0
232,0.0,0.061386138613861385,0.11515834731523734,1.0,-0.0,0,0
233,0.0,0.07524752475247526,0.12219602867755656,1.0,-0.0,0,0
234,0.0,0.09504950495049505,0.14784005112815915,1.0,-0.0,0,0
235,0.0,0.09504950495049505,0.14784005112815915,1.0,-0.0,0,0
236,0.0,0.061386138613861385,0.11515834731523734,1.0,-0.0,0,0
237,0.0,0.07722772277227724,0.13191745702927898,1.0,-0.0,0,0
238,0.0,0.03564356435643565,0.08626938974571076,1.0,-0.0,0,0
239,0.0,0.015841584158415842,0.06090517425437505,1.0,-0.0,0,0
240,0.0,0.1603960396039604,0.18243632168365972,1.0,-0.0,0,0
241,0.0,0.1603960396039604,0.18243632168365972,1.0,-0.0,0,0
242,0.0,0.14455445544554454,0.17146731208545954,1.0,-0.0,0,0
243,0.0,0.18019801980198016,0.18775368421597716,1.0,-0.0,0,0
244,0.0,0.18019801980198016,0.18775368421597716,1.0,-0.0,0,0
245,0.0,0.10891089108910891,0.14765427233510695,1.0,-0.0,0,0
246,0.0,0.10891089108910891,0.14765427233510695,1.0,-0.0,0,0
247,0.0,0.10891089108910891,0.14765427233510695,1.0,-0.0,1,0
248,0.0,0.3267326732673268,0.24970917306073367,1.0,-0.0,0,0
249,0.0,0.3267326732673268,0.24970917306073367,1.0,-0.0,0,0
250,0.0,0.28118811881188116,0.21832525073010245,1.0,-0.0,0,0
251,0.0,0.28118811881188116,0.21832525073010245,1.0,-0.0,0,0
252,0.0,0.28118811881188116,0.21832525073010245,1.0,-0.0,0,0
253,0.0,0.027722772277227727,0.07461957893630405,1.0,-0.0,0,0
254,0.0,0.027722772277227727,0.07461957893630405,1.0,-0.0,0,0
255,0.0,0.0,0.0,1.0,-0.0,0,0
256,0.0,0.0,0.0,1.0,-0.0,0,0
257,0.0,0.0,0.0,1.0,-0.0,0,0
258,0.0,0.0,0.0,1.0,-0.0,0,0
259,0.0,0.0,0.0,1.0,-0.0,0,0
260,0.0,0.009900990099009901,0.04338396495090425,1.0,-0.0,0,0
261,0.0,0.009900990099009901,0.04338396495090425,1.0,-0.0,0,0
262,0.0,0.009900990099009901,0.04338396495090425,1.0,-0.0,0,0
263,0.0,0.017821782178217824,0.05698017651460656,1.0,-0.0,0,0
264,0.0,0.017821782178217824,0.05698017651460656,1.0,-0.0,0,0
265,0.0,0.1782178217821782,0.18647536422960084,1.0,-0.0,0,0
266,0.0,0.20396039603960395,0.20485241829915377,1.0,-0.0,0,0
267,0.0,0.2079207920792079,0.20666286139643167,1.0,-0.0,0,0
268,0.0,0.19999999999999998,0.2029485619852508,1.0,-0.0,0,0
269,0.0,0.19999999999999998,0.2029485619852508,1.0,-0.0,0,0
270,0.0,0.0297029702970297,0.08150144802873932,1.0,-0.0,0,0
271,0.0,0.0039603960396039604,0.027863855998951064,1.0,-0.0,0,0
272,0.0,0.0,0.0,1.0,-0.0,0,0
273,0.0,0.0,0.0,1.0,-0.0,0,0
274,0.0,0.023762376237623763,0.07056843438101175,1.0,-0.0,0,0
275,0.0,0.06930693069306931,0.12084076279122662,1.0,-0.0,0,0
276,0.2,0.09900990099009901,0.14521752172118105,0.2433897446954803,0.613697724856954,0,0
277,0.2,0.09900990099009901,0.14521752172118105,0.2433897446954803,0.613697724856954,0,0
278,0.2,0.09900990099009901,0.14521752172118105,0.2433897446954803,0.613697724856954,0,0
279,0.2,0.08118811881188118,0.1325402022232199,0.1850138558311309,0.7327957457285069,0,0
280,0.2,0.03564356435643565,0.07653920035678292,0.015882722457572503,1.7990750531077893,0,0
281,0.0,0.0059405940594059415,0.03395332316729158,1.0,-0.0,0,0
282,0.0,0.0059405940594059415,0.03395332316729158,1.0,-0.0,0,0
283,0.0,0.023762376237623763,0.08576795179290185,1.0,-0.0,0,0
284,0.0,0.017821782178217824,0.0635517090529949,1.0,-0.0,0,0
285,0.0,0.11881188118811879,0.13549532985786936,1.0,-0.0,0,0
286,0.0,0.11881188118811879,0.13549532985786936,1.0,-0.0,0,0
287,0.0,0.21386138613861383,0.18933427036517264,1.0,-0.0,0,0
288,0.0,0.20198019801980197,0.17687059543257513,1.0,-0.0,0,0
289,0.0,0.20198019801980197,0.17687059543257513,1.0,-0.0,0,0
290,0.0,0.19207920792079203,0.18003474269593195,1.0,-0.0,0,0
291,0.0,0.36039603960396044,0.2625387130041957,1.0,-0.0,0,0
292,0.0,0.29306930693069305,0.2510403800671759,1.0,-0.0,0,0
293,0.0,0.2871287128712871,0.2492219045156796,1.0,-0.0,0,0
294,0.2,1.0257425742574258,0.4500062629589549,1.0,-0.0,0,0
295,0.2,0.9346534653465346,0.4137334588394307,1.0,-0.0,0,0
296,0.2,0.7999999999999999,0.38176245789420643,1.0,-0.0,0,0
297,0.2,0.7722772277227724,0.36806123357349285,1.0,-0.0,0,0
298,0.2,0.7722772277227724,0.36806123357349285,1.0,-0.0,0,0
299,0.0,0.03762376237623763,0.08307396817189318,1.0,-0.0,0,0
300,0.0,0.03762376237623763,0.08307396817189318,1.0,-0.0,0,0
301,0.0,0.0039603960396039604,0.02786385599895106,1.0,-0.0,0,0
302,0.0,0.0039603960396039604,0.02786385599895106,1.0,-0.0,0,0
303,0.0,0.0039603960396039604,0.02786385599895106,1.0,-0.0,0,0
304,0.0,0.011881188118811883,0.047276579747775535,1.0,-0.0,0,0
305,0.6,0.5801980198019803,0.3576656445109113,0.4779240379744265,0.3206411253756117,0,0
306,0.6,0.6495049504950496,0.3564466444947016,1.0,-0.0,0,0
307,0.6,0.6495049504950496,0.3564466444947016,1.0,-0.0,0,0
308,0.6,0.6613861386138615,0.3612328441997682,1.0,-0.0,0,0
309,0.6,0.6673267326732674,0.3694011506173788,1.0,-0.0,0,0
310,0.0,0.09900990099009901,0.14246420394934614,1.0,-0.0,0,0
311,0.0,0.02970297029702971,0.07648795214189293,1.0,-0.0,0,0
312,0.0,0.02970297029702971,0.07648795214189293,1.0,-0.0,0,0
313,0.0,0.1188118811881188,0.15964866828313962,1.0,-0.0,0,0
314,0.0,0.16237623762376235,0.17511042352027043,1.0,-0.0,0,0
315,0.0,0.16237623762376235,0.17511042352027043,1.0,-0.0,0,0
316,0.0,0.3227722772277228,0.2501014400609417,1.0,-0.0,0,0
317,0.0,0.3227722772277228,0.2501014400609417,1.0,-0.0,0,0
318,0.0,0.22178217821782173,0.17777723316802727,1.0,-0.0,0,0
319,0.0,0.16237623762376235,0.16581719933036293,1.0,-0.0,0,0
320,0.0,0.16237623762376235,0.16581719933036293,1.0,-0.0,0,0
321,0.0,0.025742574257425748,0.0669763743575753,1.0,-0.0,0,0
322,0.0,0.031683168316831684,0.07826167463512675,1.0,-0.0,0,0
323,0.2,0.8099009900990101,0.3983890706121067,1.0,-0.0,0,0
324,0.4,1.4396039603960393,0.5493613227690973,1.0,-0.0,0,0
325,0.4,1.4415841584158415,0.5466852999439319,1.0,-0.0,0,0
326,1.4,2.342574257425743,0.6685800728355321,1.0,-0.0,0,0
327,1.4,2.4079207920792083,0.6794994034365739,1.0,-0.0,0,0
328,1.2,1.6297029702970298,0.506110103165142,1.0,-0.0,0,0
329,1.0,1.0,0.4019753206551885,1.0,-0.0,0,0
330,1.0,1.0138613861386139,0.40712216352554687,1.0,-0.0,0,0
331,0.0,0.09900990099009899,0.1396566153069739,1.0,-0.0,0,0
332,0.0,0.05148514851485149,0.09186070102766893,1.0,-0.0,0,0
333,0.0,0.15445544554455448,0.15639804034834157,1.0,-0.0,0,0
334,1.6,0.9861386138613861,0.40809378240992966,0.06626282001173786,1.1787300853650824,0,0
335,1.6,0.9702970297029702,0.4072473533650778,0.06102306440024549,1.2145059871442732,0,0
336,1.6,1.2732673267326735,0.4896737829258709,0.25230763663768646,0.5980696044193428,0,0
337,1.6,1.2653465346534656,0.489177050610949,0.2469512060345001,0.6073888485352356,0,0
338,1.8,1.2950495049504949,0.4951999771317039,0.1539377383532966,0.8126548983657209,0,0
339,0.2,0.4633663366336635,0.296421820216463,1.0,-0.0,0,0
340,0.2,0.9168316831683168,0.4344267434583423,1.0,-0.0,0,0
341,0.2,0.6019801980198021,0.3738957863012395,1.0,-0.0,0,0
342,0.2,0.5861386138613862,0.368306185303386,1.0,-0.0,0,0
343,0.0,0.4534653465346534,0.31577795069585207,1.0,-0.0,0,0
344,0.0,0.45742574257425744,0.3163362463004493,1.0,-0.0,0,0
345,0.2,0.05742574257425742,0.09885135821266286,0.07460753442729876,1.127217312004932,0,0
346,0.2,0.05742574257425742,0.09885135821266286,0.07460753442729876,1.127217312004932,0,0
347,0.2,0.05742574257425742,0.09885135821266286,0.07460753442729876,1.127217312004932,0,0
348,0.2,0.05742574257425742,0.09885135821266286,0.07460753442729876,1.127217312004932,0,0
349,0.2,0.05346534653465347,0.09287951999650357,0.05731896239780438,1.2417016799108866,0,0
350,0.0,0.1108910891089109,0.1527963700899836,1.0,-0.0,0,0
351,0.0,0.12277227722772277,0.15407416763506465,1.0,-0.0,0,0
352,0.0,0.12277227722772277,0.15407416763506465,1.0,-0.0,0,0
353,0.2,0.5623762376237624,0.29344369984701313,1.0,-0.0,0,0
354,0.2,0.5722772277227723,0.29387099341131323,1.0,-0.0,0,0
355,0.2,0.4831683168316832,0.28040610822667594,1.0,-0.0,0,0
356,0.2,1.291089108910891,0.4141313251081589,1.0,-0.0,0,0
357,0.2,1.291089108910891,0.4141313251081589,1.0,-0.0,0,0
358,0.0,0.891089108910891,0.36208937409413056,1.0,-0.0,0,0
359,0.0,1.0158415841584159,0.4142827927034427,1.0,-0.0,0,0
360,0.0,0.9910891089108912,0.41077058951209844,1.0,-0.0,0,0
361,0.6,0.47326732673267324,0.30536168754378196,0.33906187420465206,0.46972104169765727,0,0
362,0.6,0.5267326732673266,0.3230090852135237,0.4102789594505067,0.38692075461204495,0,0
363,1.6,1.3683168316831689,0.5202685317816551,0.32804621251091515,0.48406497206642984,0,0
364,1.6,1.2336633663366336,0.508205389936928,0.2355028546701623,0.6280038241614752,0,0
365,1.6,1.2336633663366336,0.508205389936928,0.2355028546701623,0.6280038241614752,1,0
366,1.0,0.9306930693069307,0.4400140803906899,0.4374211835153605,0.3591001886942255,0,0
367,1.0,0.8772277227722773,0.4193066384559516,0.384838158120551,0.41472187260203286,0,0
368,0.0,0.009900990099009901,0.04338396495090424,1.0,-0.0,0,0
369,0.0,0.009900990099009901,0.04338396495090424,1.0,-0.0,0,0
370,0.0,0.06930693069306931,0.1272267596372991,1.0,-0.0,0,0
371,0.0,0.07722772277227723,0.12888031758632065,1.0,-0.0,0,0
372,0.0,0.07722772277227723,0.12888031758632065,1.0,-0.0,0,0
373,0.0,0.06732673267326733,0.12356816445008076,1.0,-0.0,0,0
374,0.0,0.08118811881188118,0.12642288870900886,1.0,-0.0,0,0
375,0.0,0.021782178217821784,0.06230547612891991,1.0,-0.0,0,0
376,0.0,0.01386138613861386,0.05079507064705211,1.0,-0.0,0,0
377,0.0,0.01386138613861386,0.05079507064705211,1.0,-0.0,0,0
378,0.0,0.06732673267326733,0.11000352009767247,1.0,-0.0,0,0
379,0.0,0.05346534653465347,0.10104832334394513,1.0,-0.0,0,0
380,0.0,0.2851485148514851,0.2491117442266737,1.0,-0.0,0,0
381,0.0,0.2851485148514851,0.2491117442266737,1.0,-0.0,0,0
382,0.0,0.29306930693069305,0.2510403800671759,1.0,-0.0,0,0
383,0.0,0.2396039603960396,0.22518604318145743,1.0,-0.0,0,0
384,0.0,0.2396039603960396,0.22518604318145743,1.0,-0.0,0,0
385,0.0,0.007920792079207921,0.03900537743285587,1.0,-0.0,0,0
386,0.0,0.14455445544554454,0.16196518848854283,1.0,-0.0,0,0
387,0.0,0.14455445544554454,0.15950123220279025,1.0,-0.0,0,0
388,0.0,0.14455445544554454,0.15950123220279025,1.0,-0.0,0,0
389,0.0,0.2099009900990099,0.18748198619476633,1.0,-0.0,0,0
390,0.0,0.2198019801980198,0.18985132378941597,1.0,-0.0,0,0
391,0.0,0.08316831683168316,0.12670172889541698,1.0,-0.0,0,0
392,0.0,0.07524752475247524,0.12539516989297084,1.0,-0.0,0,0
393,0.0,0.10693069306930691,0.15041686348382532,1.0,-0.0,0,0
394,0.0,0.11089108910891088,0.13042276277287215,1.0,-0.0,0,0
395,0.0,0.10099009900990098,0.11814997140733702,1.0,-0.0,0,0
396,0.0,0.11089108910891088,0.12734998170941406,1.0,-0.0,0,0
397,0.0,0.11089108910891088,0.12734998170941406,1.0,-0.0,0,0
398,0.0,0.0891089108910891,0.11071414454252959,1.0,-0.0,0,0
399,0.0,0.019801980198019802,0.06603299802191315,1.0,-0.0,0,0
400,0.0,0.019801980198019802,0.06603299802191315,1.0,-0.0,0,0
401,0.0,0.009900990099009901,0.04338396495090424,1.0,-0.0,0,0
402,0.0,0.009900990099009901,0.04338396495090424,1.0,-0.0,0,0
403,0.0,0.0,0.0,1.0,-0.0,0,0
404,0.0,0.0,0.0,1.0,-0.0,0,0
405,0.0,0.0,0.0,1.0,-0.0,0,0
406,0.0,0.0,0.0,1.0,-0.0,0,0
407,0.0,0.4415841584158416,0.2874494623623613,1.0,-0.0,0,0
408,0.0,0.4415841584158416,0.2874494623623613,1.0,-0.0,0,0
409,0.0,0.8336633663366335,0.4175072721777922,1.0,-0.0,0,0
410,0.0,0.8336633663366335,0.4175072721777922,1.0,-0.0,0,0
411,0.0,0.8336633663366335,0.4175072721777922,1.0,-0.0,0,0
412,0.0,0.3920792079207921,0.2896509228233909,1.0,-0.0,0,0
413,0.0,0.3920792079207921,0.2896509228233909,1.0,-0.0,0,0
414,0.2,0.017821782178217824,0.0635517090529949,0.0020744436267099344,2.6830983626867595,0,0
415,0.2,0.017821782178217824,0.0635517090529949,0.0020744436267099344,2.6830983626867595,0,0
416,0.2,0.017821782178217824,0.0635517090529949,0.0020744436267099344,2.6830983626867595,0,0
417,0.2,0.017821782178217824,0.0635517090529949,0.0020744436267099344,2.6830983626867595,0,0
418,0.2,0.017821782178217824,0.0635517090529949,0.0020744436267099344,2.6830983626867595,0,0
419,1.6,0.5405940594059406,0.2891360356189145,0.00012413409338697928,3.906108923285004,0,0
420,1.6,0.5782178217821782,0.29234590944888045,0.00023692996890560807,3.6253800025648877,0,0
421,2.0,0.6851485148514849,0.32621020332788503,2.7806937128975926e-05,4.555846845053153,0,0
422,2.0,0.7049504950495048,0.3325200024129457,4.917001957830298e-05,4.30829961878433,0,0
423,2.0,0.7049504950495048,0.3325200024129457,4.917001957830298e-05,4.30829961878433,0,0
424,0.4,0.16633663366336632,0.18683249644342292,0.10552982558241471,0.9766247796530788,0,0
425,0.4,0.16435643564356434,0.18325125229717662,0.09923823994338583,1.0033209468348723,0,0
426,0.0,0.05544554455445545,0.11299281281336322,1.0,-0.0,0,0
427,0.0,0.03564356435643565,0.09500824186847648,1.0,-0.0,0,0
428,0.0,0.11683168316831684,0.1442421691205886,1.0,-0.0,0,0
429,0.0,0.11683168316831684,0.1442421691205886,1.0,-0.0,0,0
430,0.0,0.0811881188118812,0.10597297552680914,1.0,-0.0,0,0
431,0.0,0.0811881188118812,0.10597297552680914,1.0,-0.0,0,0
432,0.0,0.0811881188118812,0.10597297552680914,1.0,-0.0,1,0
433,0.0,0.025742574257425748,0.06697637435757531,1.0,-0.0,0,0
434,0.0,0.025742574257425748,0.06697637435757531,1.0,-0.0,0,0
435,0.0,0.039603960396039604,0.08452453849668534,1.0,-0.0,0,0
436,0.0,0.039603960396039604,0.08452453849668534,1.0,-0.0,0,0
437,0.0,0.04752475247524753,0.09809478080396702,1.0,-0.0,0,0
438,0.0,0.021782178217821784,0.06836703565002801,1.0,-0.0,0,0
439,0.0,0.0712871287128713,0.1307530615383697,1.0,-0.0,0,0
440,0.0,0.08712871287128712,0.1361881098142527,1.0,-0.0,0,0
441,0.0,0.08712871287128712,0.1361881098142527,1.0,-0.0,0,0
442,0.0,0.11089108910891088,0.1527963700899836,1.0,-0.0,0,0
443,0.2,0.3445544554455446,0.24229727569017703,1.0,-0.0,0,0
444,0.2,0.31881188118811893,0.2289506286383308,1.0,-0.0,0,0
445,0.2,0.3445544554455445,0.24065720558288065,1.0,-0.0,0,0
446,0.2,0.35841584158415846,0.25534574764063156,1.0,-0.0,0,0
447,0.2,0.35544554455445543,0.2649398390611219,1.0,-0.0,0,0
448,0.0,0.12277227722772276,0.15148191286261609,1.0,-0.0,0,0
449,0.0,0.10297029702970298,0.14243667729389659,1.0,-0.0,0,0
450,0.2,0.3247524752475247,0.2622846841948269,1.0,-0.0,0,0
451,0.2,0.3445544554455447,0.27012107572245436,1.0,-0.0,0,0
452,0.2,0.32772277227722774,0.25722002442767145,1.0,-0.0,0,0
453,0.2,0.32772277227722774,0.25722002442767145,1.0,-0.0,0,0
454,0.2,0.3207920792079208,0.2518512965637172,1.0,-0.0,0,0
455,0.0,0.09504950495049505,0.12135883917659061,1.0,-0.0,0,0
456,0.0,0.061386138613861385,0.09644194583672018,1.0,-0.0,0,0
457,0.0,0.047524752475247525,0.08965727859541998,1.0,-0.0,0,0
458,0.0,0.07524752475247524,0.10845991237726064,1.0,-0.0,0,0
459,0.0,0.09702970297029703,0.12464241569787099,1.0,-0.0,0,0
460,0.0,0.04950495049504951,0.09504950495049506,1.0,-0.0,0,0
461,0.0,0.04950495049504951,0.09504950495049506,1.0,-0.0,0,0
462,0.0,0.04950495049504951,0.09504950495049506,1.0,-0.0,0,0
463,0.0,0.8613861386138612,0.37941338176625705,1.0,-0.0,0,0
464,0.0,0.8594059405940593,0.3771120635561276,1.0,-0.0,0,0
465,0.0,0.8594059405940593,0.3771120635561276,1.0,-0.0,0,0
466,0.0,0.8594059405940593,0.3771120635561276,1.0,-0.0,0,0
467,0.0,0.998019801980198,0.37283505710421244,1.0,-0.0,0,0
468,0.0,0.19801980198019797,0.18346510608951241,1.0,-0.0,0,0
469,0.4,0.9623762376237625,0.38866399373933375,1.0,-0.0,0,0
470,0.4,0.9623762376237625,0.38866399373933375,1.0,-0.0,0,0
471,0.4,0.9623762376237625,0.38866399373933375,1.0,-0.0,1,0
472,0.4,0.8237623762376236,0.38102220897602196,1.0,-0.0,0,0
473,0.4,0.7841584158415843,0.38350459825746436,1.0,-0.0,0,0
474,0.2,0.03564356435643565,0.07653920035678292,0.015882722457572503,1.7990750531077893,0,0
475,0.2,0.4217821782178219,0.2593227891823523,1.0,-0.0,0,0
476,0.6,0.9386138613861386,0.3814953114772829,1.0,-0.0,0,0
477,0.6,0.9386138613861386,0.3814953114772829,1.0,-0.0,0,0
478,0.6,0.9465346534653466,0.38986272182454723,1.0,-0.0,0,0
479,0.4,0.9089108910891088,0.3874514367272087,1.0,-0.0,1,0
480,0.4,0.5227722772277228,0.31961647441362656,1.0,-0.0,0,0
481,1.0,0.7346534653465345,0.43061909003876403,0.26888199109968486,0.5704382845299344,0,0
482,1.2,0.7425742574257426,0.4299082413387573,0.143662572233483,0.8426563619260593,0,0
483,1.4,0.7603960396039605,0.422177103262326,0.06488450780924357,1.1878589854203154,0,0
484,1.4,0.7603960396039605,0.422177103262326,0.06488450780924357,1.1878589854203154,0,0
485,1.4,0.7603960396039605,0.422177103262326,0.06488450780924357,1.1878589854203154,0,0
486,0.4,0.033663366336633666,0.07994704648786674,2.3000965330509323e-06,5.638253936638243,0,0
487,0.2,0.025742574257425748,0.06697637435757531,0.004637140001348011,2.3337497919853583,0,0
488,0.0,0.0,0.0,1.0,-0.0,0,0
489,0.0,0.0,0.0,1.0,-0.0,0,0
490,0.0,0.07326732673267328,0.12811743461086583,1.0,-0.0,0,0
491,0.0,0.09108910891089109,0.13357165904190144,1.0,-0.0,0,0
492,0.4,0.17029702970297028,0.18105551605009843,0.10227617242225458,0.9902255333539378,0,0
493,0.6,0.19603960396039605,0.21244488724065505,0.02861937177234768,1.54333990372779,0,0
494,0.6,0.19603960396039605,0.21244488724065505,0.02861937177234768,1.54333990372779,0,0
495,0.6,0.12079207920792079,0.16904907699337068,0.0022932456722687274,2.639549417404617,0,0
496,0.6,0.10297029702970295,0.14789308791950764,0.0003886746975899797,3.4104137306697897,0,0
497,0.4,0.0594059405940594,0.10733330877518932,0.0007537462695981591,3.122774824234139,0,0
498,0.2,0.033663366336633666,0.07482947971362847,0.013112090674369026,1.8823280561396656,0,0
499,1.0,0.499009900990099,0.28371476734371986,0.038712763219992834,1.4121458287232607,0,0
500,1.0,0.499009900990099,0.28371476734371986,0.038712763219992834,1.4121458287232607,0,0
501,1.8,1.0396039603960396,0.41840792259144133,0.03458133012021466,1.4611583062396598,0,0
502,1.8,1.1663366336633665,0.47518151356738675,0.09118084491188912,1.0400963877989935,0,0
503,2.0,1.5504950495049505,0.5014086616873472,0.1849971035478818,0.7328350711808749,0,0
504,1.4,1.4633663366336631,0.49546912908543433,1.0,-0.0,0,0
505,2.0,1.5742574257425743,0.49043392896748295,0.19267153642506057,0.7151824394004931,0,0
506,1.2,1.0336633663366335,0.4259589595167922,0.34808372273568544,0.45831628493563326,0,0
507,1.2,1.1584158415841583,0.4344718716715695,0.46187466723461196,0.33547585715576506,0,0
508,1.0,1.2613861386138614,0.5263305246648731,1.0,-0.0,0,0
509,0.8,0.8811881188118812,0.45483385526853803,1.0,-0.0,0,0
510,0.2,0.7722772277227723,0.3879672365163536,1.0,-0.0,0,0
511,0.4,0.891089108910891,0.383340969621426,1.0,-0.0,0,0
512,0.2,0.6079207920792079,0.32447464570641465,1.0,-0.0,0,0
513,0.2,0.11881188118811879,0.14939672169394075,0.2934135277363957,0.5325198670236352,0,0
514,0.2,0.11881188118811879,0.14939672169394075,0.2934135277363957,0.5325198670236352,0,0
515,0.6,0.3544554455445545,0.23694622879808233,0.1500338808147097,0.8238106570153079,0,0
516,0.4,0.23366336633663365,0.20112418099951873,0.2041087576050739,0.6901383608010184,0,0
517,0.4,0.3069306930693069,0.21353109808647242,0.3314697614865124,0.47955608420803625,0,0
518,0.4,0.5564356435643564,0.3216343910433297,1.0,-0.0,0,0
519,0.4,0.596039603960396,0.3388743135909305,1.0,-0.0,0,0
520,0.0,0.36039603960396055,0.2952022994627204,1.0,-0.0,0,0
521,0.0,0.36039603960396055,0.2952022994627204,1.0,-0.0,0,0
522,0.0,0.41782178217821786,0.30455162289944415,1.0,-0.0,0,0
523,0.4,0.32673267326732675,0.28385294237131603,0.3981582287355556,0.39994430428152683,0,0
524,0.4,0.2871287128712871,0.27777880164065355,0.34224818609202556,0.46565884493922166,0,0
525,0.4,0.2871287128712871,0.27777880164065355,0.34224818609202556,0.46565884493922166,0,0
526,0.4,0.2871287128712871,0.27777880164065355,0.34224818609202556,0.46565884493922166,0,0
527,0.4,0.1603960396039604,0.20102667569442348,0.11664997000353207,0.9331153685487728,0,0
528,0.0,0.10099009900990098,0.12467387119760154,1.0,-0.0,0,0
529,0.0,0.10099009900990098,0.12467387119760154,1.0,-0.0,0,0
530,0.2,0.18613861386138614,0.17178717143997088,0.46784452431286105,0.3298984491723743,0,0
531,0.2,0.1900990099009901,0.17206086333646303,0.47705611430426054,0.3214305335398509,0,0
532,0.2,0.1900990099009901,0.17206086333646303,0.47705611430426054,0.3214305335398509,0,0
533,0.2,0.09504950495049505,0.1277189346265117,0.20561525732768132,0.6869446624035489,0,0
534,0.2,0.29108910891089107,0.20971409576037586,1.0,-0.0,0,0
535,0.0,0.23168316831683167,0.2004602096608913,1.0,-0.0,0,0
536,0.0,0.22772277227722773,0.19706701472672838,1.0,-0.0,0,0
537,0.0,0.5455445544554456,0.29901645786529285,1.0,-0.0,0,0
538,0.0,0.5623762376237624,0.30793193447096817,1.0,-0.0,0,0
539,0.0,0.3663366336633664,0.26261338059564987,1.0,-0.0,0,0
540,0.0,0.34059405940594073,0.24299216375817076,1.0,-0.0,0,0
541,0.0,0.34059405940594073,0.24299216375817076,1.0,-0.0,0,0
542,0.0,0.023762376237623763,0.06471340450838889,1.0,-0.0,0,0
543,0.0,0.023762376237623766,0.06471340450838887,1.0,-0.0,0,0
544,0.0,0.061386138613861385,0.11515834731523734,1.0,-0.0,0,0
545,0.0,0.09306930693069305,0.13368903310588712,1.0,-0.0,0,0
546,0.0,0.09306930693069305,0.13368903310588712,1.0,-0.0,0,0
547,0.0,0.09306930693069305,0.13368903310588712,1.0,-0.0,0,0
548,0.0,0.08316831683168317,0.11694909354640316,1.0,-0.0,0,0
549,0.0,0.04554455445544554,0.09283729243351323,1.0,-0.0,0,0
550,0.0,0.3702970297029704,0.2819818667210609,1.0,-0.0,0,0
551,0.0,0.7801980198019802,0.4014872849743549,1.0,-0.0,0,0
552,0.0,0.7801980198019802,0.4014872849743549,1.0,-0.0,0,0
553,0.0,0.7663366336633662,0.3940842820149543,1.0,-0.0,0,0
554,0.0,1.2851485148514852,0.5021510440222602,1.0,-0.0,0,0
555,0.0,1.8455445544554456,0.596279679291264,1.0,-0.0,0,0
556,0.0,1.4356435643564356,0.5335448719455325,1.0,-0.0,0,0
557,0.0,1.4356435643564356,0.5335448719455325,1.0,-0.0,0,0
558,0.0,2.0475247524752476,0.6108902867591053,1.0,-0.0,0,0
559,0.0,1.526732673267327,0.4864278948140718,1.0,-0.0,0,0
560,0.0,0.6118811881188119,0.2962762721651758,1.0,-0.0,0,0
561,0.0,0.8693069306930693,0.34057103306920694,1.0,-0.0,0,0
562,0.0,0.8693069306930693,0.34057103306920694,1.0,-0.0,0,0
563,0.0,0.504950495049505,0.24950495049504948,1.0,-0.0,0,0
564,0.0,0.8316831683168316,0.3432317847075444,1.0,-0.0,0,0
565,0.0,0.8316831683168316,0.3432317847075444,1.0,-0.0,0,0
566,0.0,0.6792079207920793,0.3482109385976311,1.0,-0.0,0,0
567,0.0,1.1306930693069308,0.47130376873860563,1.0,-0.0,0,0
568,0.0,0.9108910891089107,0.44184603521078136,1.0,-0.0,0,0
569,0.0,0.5841584158415841,0.3500304578734179,1.0,-0.0,0,0
570,0.0,0.6514851485148515,0.371940020019767,1.0,-0.0,0,0
571,0.0,0.5455445544554455,0.3182640887582486,1.0,-0.0,0,0
572,0.0,0.12079207920792076,0.1517663861889879,1.0,-0.0,0,0
573,0.0,0.09504950495049502,0.13078304733432372,1.0,-0.0,0,0
574,0.0,0.35049504950495053,0.2616110643405466,1.0,-0.0,0,0
575,0.0,0.300990099009901,0.24635764451480144,1.0,-0.0,0,0
576,0.0,0.3801980198019802,0.2509466441574794,1.0,-0.0,0,0
577,0.0,0.3524752475247525,0.25038349177146524,1.0,-0.0,0,0
578,0.0,0.6514851485148513,0.344292605634052,1.0,-0.0,0,0
579,0.0,0.4217821782178218,0.27416983982291465,1.0,-0.0,0,0
580,0.0,0.4435643564356436,0.28507974968424427,1.0,-0.0,0,0
581,0.0,0.36633663366336633,0.2611009545366598,1.0,-0.0,0,0
582,0.0,0.394059405940594,0.27925707031769015,1.0,-0.0,0,0
583,0.2,0.1603960396039604,0.17804171717219025,0.41198489933688043,0.3851187020611701,0,0
584,0.4,0.17425742574257425,0.19018150025414607,0.11761678295038604,0.9295307035770907,0,0
585,0.4,0.13366336633663362,0.16666633990099652,0.055018936468983974,1.259487808895731,0,0
586,0.4,0.2831683168316832,0.23759075678369337,0.3114533574627444,0.5066069830762947,0,0
587,0.4,0.25544554455445545,0.22002486246765698,0.2555932041024966,0.592450697696823,0,0
588,0.2,0.19009900990099005,0.19574936009912708,0.47983012556888893,0.31891248884502826,0,0
589,0.0,0.15247524752475247,0.1848703369027138,1.0,-0.0,0,0
590,0.0,0.14950495049504947,0.18542098868466733,1.0,-0.0,0,0
591,0.0,0.009900990099009901,0.04338396495090425,1.0,-0.0,0,0
592,0.0,0.009900990099009901,0.04338396495090425,1.0,-0.0,0,0
593,0.0,0.009900990099009901,0.04338396495090425,1.0,-0.0,0,0
594,0.0,0.009900990099009901,0.04338396495090425,1.0,-0.0,0,0
595,0.0,0.009900990099009901,0.04338396495090425,1.0,-0.0,0,0
596,0.0,0.0,0.0,1.0,-0.0,0,0
597,0.0,0.0,0.0,1.0,-0.0,0,0
598,0.0,0.0,0.0,1.0,-0.0,0,0
599,0.0,0.0,0.0,1.0,-0.0,0,0
600,0.0,0.14455445544554454,0.1518696989212991,1.0,-0.0,0,0
601,0.0,0.14455445544554454,0.1518696989212991,1.0,-0.0,0,0
602,0.0,0.1603960396039604,0.1617229068443201,1.0,-0.0,0,0
603,0.0,0.2158415841584158,0.18387074305594647,1.0,-0.0,0,0
604,0.0,0.22970297029702968,0.1916807135101792,1.0,-0.0,0,0
605,0.0,0.12079207920792079,0.16429678029854689,1.0,-0.0,0,0
606,0.4,0.3940594059405942,0.2971220978409207,0.49202416693678475,0.30801356530270363,0,0
607,0.4,0.37821782178217833,0.2841014880706686,0.4694428714105337,0.3284172514080106,0,0
608,0.4,0.4237623762376238,0.30995001668313915,1.0,-0.0,0,0
609,0.6,0.4772277227722773,0.3269666129196086,0.35364851439554645,0.45142816195922847,0,0
610,0.6,0.4930693069306931,0.34188105908763944,0.37722708874704464,0.423397128047785,0,0
611,0.4,0.2594059405940594,0.21717275042938927,0.2586918798820188,0.5872172032037439,0,0
612,0.4,0.35049504950495053,0.24276613950537687,0.4192078801815118,0.3775705621713223,0,0
613,0.6,0.5722772277227723,0.3400986496027607,0.4675166297287649,0.330202936511274,0,0
614,0.4,0.5069306930693069,0.32647454550074145,1.0,-0.0,0,0
615,0.6,0.48712871287128723,0.31518134535961945,0.36012848503201367,0.44354252594068877,0,0
616,0.4,0.4693069306930693,0.3238819532714594,1.0,-0.0,0,0
617,0.4,0.38019801980198026,0.30247160147532715,0.4739009954859013,0.32431237901197324,0,0
618,0.2,0.05544554455445544,0.10575073206193021,0.0858227237563678,1.0663977063776964,0,0
619,0.2,0.051485148514851496,0.10011267057239238,0.0689738517569684,1.1613155207112393,0,0
620,0.0,0.019801980198019802,0.06603299802191316,1.0,-0.0,0,0
621,0.0,0.061386138613861385,0.09644194583672018,1.0,-0.0,0,0
622,0.0,0.061386138613861385,0.09644194583672018,1.0,-0.0,0,0
623,0.0,0.061386138613861385,0.09644194583672018,1.0,-0.0,0,0
624,0.4,0.15049504950495046,0.15261662469701143,0.051040480566242226,1.2920852452139189,0,0
625,0.4,0.21386138613861383,0.187230838076401,0.16007092428401076,0.7956875473422975,0,0
626,0.4,0.19999999999999996,0.1779976637959939,0.1305892023408755,0.884092730852966,0,0
627,0.4,0.4792079207920792,0.2626283115665007,1.0,-0.0,0,0
628,1.0,0.7148514851485147,0.3439393622050724,0.20353346205076012,0.6913641801029882,0,0
629,0.6,0.6633663366336634,0.3469022095997568,1.0,-0.0,0,0
630,0.6,0.6376237623762376,0.32299694543769625,1.0,-0.0,0,0
631,0.8,0.6673267326732674,0.3047832896367513,0.33167103116498176,0.4792924590038976,0,0
632,0.8,0.38811881188118824,0.245065006010376,0.046410428814276254,1.3333844188506623,0,0
