,foreground,bg_means,bg_stdev,pvals,minus_logs,regs,active
2,0.0,0.16237623762376235,0.1634113349368535,1.0,-0.0,0,0
3,0.0,0.16237623762376235,0.1634113349368535,1.0,-0.0,0,0
4,0.0,0.12079207920792076,0.14372473118118065,1.0,-0.0,0,0
5,0.0,0.12079207920792076,0.14372473118118065,1.0,-0.0,0,0
6,0.0,0.37623762376237624,0.27182861332114405,1.0,-0.0,0,0
7,0.0,0.25346534653465347,0.2159777933375997,1.0,-0.0,0,0
8,0.0,0.27722772277227725,0.226851540461302,1.0,-0.0,0,0
9,0.0,0.28118811881188116,0.23744217484156183,1.0,-0.0,0,0
10,0.0,0.28118811881188116,0.23744217484156183,1.0,-0.0,0,0
11,0.0,0.041584158415841586,0.08590499787518362,1.0,-0.0,0,0
12,0.0,0.041584158415841586,0.08590499787518362,1.0,-0.0,0,0
13,0.0,0.017821782178217824,0.05698017651460656,1.0,-0.0,0,0
14,0.0,0.03762376237623763,0.07816140339006158,1.0,-0.0,0,0
15,0.0,0.0712871287128713,0.11110305060677654,1.0,-0.0,0,0
16,0.0,0.05742574257425742,0.10277971700879983,1.0,-0.0,0,0
17,0.0,0.2752475247524752,0.23521885347166926,1.0,-0.0,0,0
18,0.0,0.3207920792079208,0.25959482202160616,1.0,-0.0,0,0
19,0.0,0.297029702970297,0.2573495698421343,1.0,-0.0,0,0
20,0.0,0.2633663366336633,0.2386939596879867,1.0,-0.0,0,0
21,0.0,0.29900990099009905,0.249552093613183,1.0,-0.0,0,0
22,0.0,0.10495049504950495,0.11805036483793173,1.0,-0.0,0,0
23,0.0,0.05940594059405942,0.09138994660763826,1.0,-0.0,0,0
24,0.0,0.05940594059405942,0.09138994660763826,1.0,-0.0,0,0
25,0.0,0.2495049504950495,0.19172162285084565,1.0,-0.0,0,0
26,0.0,0.21386138613861383,0.18933427036517264,1.0,-0.0,0,0
27,0.0,0.1900990099009901,0.18103385739626768,1.0,-0.0,0,0
28,0.0,0.1900990099009901,0.18103385739626768,1.0,-0.0,0,0
29,0.0,0.1900990099009901,0.18103385739626768,1.0,-0.0,0,0
30,0.0,0.0,0.0,1.0,-0.0,0,0
31,0.0,0.0,0.0,1.0,-0.0,0,0
32,0.0,0.0,0.0,1.0,-0.0,0,0
33,0.0,0.0059405940594059415,0.03395332316729158,1.0,-0.0,0,0
34,0.0,0.0059405940594059415,0.03395332316729158,1.0,-0.0,0,0
35,0.0,0.2198019801980198,0.21155707606157345,1.0,-0.0,0,0
36,0.0,0.26534653465346536,0.23898947471101073,1.0,-0.0,0,0
37,0.0,0.26534653465346536,0.23898947471101073,1.0,-0.0,0,0
38,0.0,0.2594059405940594,0.2397103110674134,1.0,-0.0,0,0
39,0.0,0.27722772277227725,0.2485128791685373,1.0,-0.0,0,0
40,0.0,0.06534653465346535,0.11976515267356391,1.0,-0.0,0,0
41,0.0,0.019801980198019806,0.0597350618970232,1.0,-0.0,0,0
42,0.0,0.019801980198019806,0.0597350618970232,1.0,-0.0,0,0
43,0.0,0.019801980198019806,0.0597350618970232,1.0,-0.0,0,0
44,0.4,0.0891089108910891,0.13042276277287215,0.008569364695932549,2.0670513740252336,0,0
45,0.4,0.21584158415841584,0.198375917407813,0.17661807718687417,0.752964847639985,0,0
46,0.4,0.21584158415841584,0.198375917407813,0.17661807718687417,0.752964847639985,0,0
47,0.4,0.2891089108910891,0.2170463244339765,0.3047071175404298,0.5161174011352816,0,0
48,0.8,0.49306930693069306,0.28502472560542946,0.14077221736026024,0.8514830485866913,0,0
49,0.4,0.40594059405940597,0.2706141830630734,1.0,-0.0,0,0
50,0.4,0.33069306930693076,0.25552995765447184,0.3931077622160637,0.4054883806156238,0,0
51,0.8,0.42376237623762375,0.2674220585447911,0.07972767364605583,1.098390907892354,0,0
52,1.4,0.499009900990099,0.31165322487540176,0.0019200783317519523,2.716681053403899,0,0
53,1.0,0.30297029702970296,0.25111846659743764,0.0027541445333644663,2.5600132723595705,0,0
54,1.0,0.3069306930693069,0.2510403800671759,0.002883103305337026,2.540139795997492,0,0
55,2.0,0.4752475247524754,0.29363071729203927,1.0360220073094695e-07,6.984631019154926,0,0
56,1.6,0.3841584158415843,0.25436104116168573,8.76547833799913e-07,6.057224379183973,0,0
57,1.0,0.23366336633663365,0.21073996351506546,0.00013823279261647784,3.859388918155784,0,0
58,1.0,0.22574257425742572,0.20423897153668616,7.503949085272488e-05,4.124710121332114,0,0
59,1.0,0.22178217821782176,0.20079246977914245,5.315229571910986e-05,4.274477972973049,0,0
60,0.0,0.08910891089108909,0.12734998170941408,1.0,-0.0,0,0
61,0.0,0.15445544554455445,0.17549068547409524,1.0,-0.0,0,0
62,0.0,0.15445544554455445,0.17549068547409524,1.0,-0.0,0,0
63,0.0,0.15445544554455445,0.17549068547409524,1.0,-0.0,0,0
64,0.0,0.15445544554455445,0.17549068547409524,1.0,-0.0,0,0
65,0.0,0.1168316831683168,0.1442421691205886,1.0,-0.0,0,0
66,0.0,0.08712871287128712,0.12401163019288061,1.0,-0.0,0,0
67,0.0,0.14257425742574256,0.16249693654596944,1.0,-0.0,0,0
68,0.0,0.14257425742574256,0.16249693654596944,1.0,-0.0,0,0
69,0.0,0.14257425742574256,0.16249693654596944,1.0,-0.0,0,0
70,0.6,0.16831683168316833,0.16101822851688022,0.003670582341535971,2.4352650290305906,0,0
71,0.8,0.21584158415841584,0.18170407519927861,0.0006524750689940579,3.185436078020583,0,0
72,0.8,0.21188118811881188,0.17760069168141515,0.00046404109337993974,3.3334435585875353,0,0
73,1.2,0.41980198019801984,0.25094664415747936,0.0009385465235384663,3.027544194630009,0,0
74,1.2,0.41980198019801984,0.25094664415747936,0.0009385465235384663,3.027544194630009,0,0
75,0.8,0.4237623762376238,0.2537436590834272,0.0690708344749348,1.160705297060738,0,0
76,0.8,0.4079207920792079,0.2638943564191316,0.06867354849239185,1.163210511207096,0,0
77,0.8,0.3584158415841584,0.2291902779600837,0.027007629870241127,1.568513526861805,0,0
78,0.6,0.23168316831683167,0.20242622079466205,0.034416716838648255,1.4632305612852035,0,0
79,0.6,0.28316831683168314,0.20922738917817496,0.06497570353210551,1.1872490094266863,0,0
80,0.4,0.2415841584158416,0.21675707383145512,0.23243689149841484,0.6336949412444179,0,0
81,0.2,0.21386138613861388,0.21109319558394346,1.0,-0.0,0,0
82,0.2,0.2455445544554456,0.22317455428042612,1.0,-0.0,0,0
83,0.0,0.1633663366336634,0.19585950322971726,1.0,-0.0,0,0
84,0.0,0.1188118811881188,0.1621103836665028,1.0,-0.0,0,0
85,1.0,0.31287128712871287,0.2570446531831123,0.0037567051995268737,2.425192884053484,0,0
86,1.6,0.3524752475247525,0.26869470304924303,1.7176977822682967e-06,5.765053245067615,0,0
87,1.6,0.3188118811881188,0.2566782750614869,2.99690821367524e-07,6.523326557990218,0,0
88,1.6,0.3188118811881188,0.2566782750614869,2.99690821367524e-07,6.523326557990218,0,0
89,1.6,0.3108910891089109,0.25867177493557114,3.1210849960281817e-07,6.50569440409872,0,0
90,0.6,0.07524752475247524,0.10845991237726063,6.550488652518804e-07,6.1837263013552795,0,0
91,0.0,0.0,0.0,1.0,-0.0,0,0
92,0.0,0.0,0.0,1.0,-0.0,0,0
93,0.4,0.13366336633663364,0.16184409300358452,0.04991925454840424,1.301731908660805,0,0
94,2.0,0.47722772277227726,0.305682546818538,3.1538817950549955e-07,6.501154587708875,0,0
95,2.0,0.6732673267326733,0.3523305966397145,8.307803262437764e-05,4.080513796567527,0,0
96,2.0,0.8475247524752473,0.3756430946201857,0.001077461654361851,2.9675981769402107,0,0
97,2.6,1.003960396039604,0.3989890174619957,3.1643234272204604e-05,4.499719133430203,0,0
98,2.2,0.8693069306930692,0.37804671885249025,0.00021584093825826039,3.665866179794579,0,0
99,0.6,0.5267326732673266,0.2907454022550617,0.4005212159814973,0.397374473987605,0,0
100,0.6,0.40396039603960393,0.2713810634510875,0.23503117444232513,0.6288745292587228,0,0
101,0.6,0.3089108910891089,0.23801947249610644,0.11067175579458961,0.9559631999672158,0,0
102,1.0,0.2693069306930693,0.2259162090606204,0.0006095904784542116,3.2149618251118444,0,0
103,1.0,0.3564356435643564,0.24792838377646798,0.004718999935883483,2.3261500285577603,0,0
104,1.4,0.6118811881188119,0.3292015930308265,0.008332170623588082,2.079241845286453,0,0
105,1.4,0.5386138613861386,0.3040877599451448,0.002307911461222078,2.636780856105667,0,0
106,1.4,0.4594059405940595,0.29857026233177975,0.0008154381203862068,3.088608989859088,0,0
107,0.4,0.4712871287128713,0.3077663488393335,1.0,-0.0,0,0
108,0.4,0.4851485148514851,0.2762500440800507,1.0,-0.0,0,0
109,0.0,0.2910891089108911,0.24780182512412927,1.0,-0.0,0,0
110,0.0,0.504950495049505,0.33012935887143363,1.0,-0.0,0,0
111,0.0,0.7316831683168316,0.36935338013840446,1.0,-0.0,0,0
112,0.2,0.8435643564356434,0.36867862567087617,1.0,-0.0,0,0
113,0.2,0.7603960396039602,0.356017356324263,1.0,-0.0,0,0
114,0.2,0.697029702970297,0.33844590820558,1.0,-0.0,0,0
115,0.2,0.4831683168316832,0.31119994748233576,1.0,-0.0,0,0
116,0.2,0.25742574257425743,0.23265430721147748,1.0,-0.0,0,0
117,0.0,0.08316831683168316,0.11351216354824961,1.0,-0.0,0,0
118,0.0,0.12475247524752472,0.1345369326848557,1.0,-0.0,0,0
119,0.0,0.23168316831683167,0.20821290183120658,1.0,-0.0,0,0
120,0.0,0.23168316831683167,0.20821290183120658,1.0,-0.0,0,0
121,0.0,0.23168316831683167,0.20821290183120658,1.0,-0.0,0,0
122,0.0,0.16435643564356434,0.18539984001180873,1.0,-0.0,0,0
123,0.0,0.10693069306930691,0.1450554183905936,1.0,-0.0,0,0
124,0.2,0.013861386138613863,0.05079507064705211,0.00012391038159364294,3.90689230556944,0,0
125,0.2,0.08910891089108909,0.13042276277287215,0.19759489744115794,0.7042242745346299,0,0
126,0.2,0.08910891089108909,0.13042276277287215,0.19759489744115794,0.7042242745346299,0,0
127,0.2,0.08910891089108909,0.13042276277287215,0.19759489744115794,0.7042242745346299,0,0
128,0.2,0.08910891089108909,0.13042276277287215,0.19759489744115794,0.7042242745346299,0,0
129,0.0,0.07524752475247526,0.12219602867755655,1.0,-0.0,0,0
130,0.0,0.0,0.0,1.0,-0.0,0,0
131,0.0,0.0,0.0,1.0,-0.0,0,0
132,0.0,0.0,0.0,1.0,-0.0,0,0
133,0.0,0.0,0.0,1.0,-0.0,0,0
134,0.0,0.0,0.0,1.0,-0.0,0,0
135,0.0,0.0,0.0,1.0,-0.0,0,0
136,0.0,0.0,0.0,1.0,-0.0,0,0
137,0.0,0.041584158415841586,0.08116396646304633,1.0,-0.0,0,0
138,0.0,0.06930693069306931,0.11057238501634631,1.0,-0.0,0,0
139,0.0,0.2871287128712871,0.21325546727829953,1.0,-0.0,0,0
140,0.0,0.30693069306930687,0.22082537599129737,1.0,-0.0,0,0
141,0.0,0.42574257425742573,0.26945249414929195,1.0,-0.0,0,0
142,0.0,0.3841584158415841,0.24805487785805305,1.0,-0.0,0,0
143,0.0,0.39801980198019804,0.23629994281467406,1.0,-0.0,0,0
144,0.0,0.19405940594059404,0.16033491073265077,1.0,-0.0,0,0
145,0.0,0.17425742574257425,0.1506773257801727,1.0,-0.0,0,0
146,0.0,0.05544554455445544,0.09384550979067553,1.0,-0.0,0,0
147,0.0,0.05544554455445544,0.09384550979067553,1.0,-0.0,0,0
148,0.0,0.013861386138613863,0.05079507064705211,1.0,-0.0,0,0
149,0.0,0.0,0.0,1.0,-0.0,0,0
150,0.0,0.0,0.0,1.0,-0.0,0,0
151,0.0,0.0,0.0,1.0,-0.0,0,0
152,0.0,0.0,0.0,1.0,-0.0,0,0
153,0.0,0.0,0.0,1.0,-0.0,0,0
154,0.0,0.0,0.0,1.0,-0.0,0,0
155,0.0,0.0712871287128713,0.1337476815110359,1.0,-0.0,0,0
156,0.0,0.15544554455445544,0.1921608482211189,1.0,-0.0,0,0
157,0.0,0.15544554455445544,0.1921608482211189,1.0,-0.0,0,0
158,0.0,0.15544554455445544,0.1921608482211189,1.0,-0.0,0,0
159,0.0,0.1782178217821782,0.20662491026923688,1.0,-0.0,0,0
160,0.0,0.10495049504950495,0.13957235791450373,1.0,-0.0,0,0
161,0.0,0.021782178217821784,0.06230547612891991,1.0,-0.0,0,0
162,0.0,0.021782178217821784,0.06230547612891991,1.0,-0.0,0,0
163,0.0,0.13366336633663364,0.15937826461670404,1.0,-0.0,0,0
164,0.0,0.1108910891089109,0.15018206119491914,1.0,-0.0,0,0
165,0.0,0.1108910891089109,0.15018206119491914,1.0,-0.0,0,0
166,0.0,0.1108910891089109,0.15018206119491914,1.0,-0.0,0,0
167,0.0,0.1108910891089109,0.15018206119491914,1.0,-0.0,0,0
168,0.0,0.45148514851485155,0.31922364406157044,1.0,-0.0,0,0
169,0.0,0.613861386138614,0.344986641431803,1.0,-0.0,0,0
170,0.0,0.6217821782178218,0.3411117410474226,1.0,-0.0,0,0
171,0.0,0.6217821782178218,0.3411117410474226,1.0,-0.0,0,0
172,0.0,0.6217821782178218,0.3411117410474226,1.0,-0.0,0,0
173,0.2,0.201980198019802,0.17233412057057093,1.0,-0.0,0,0
174,0.2,0.03960396039603961,0.08452453849668534,0.028872622852877186,1.5395137620565469,0,0
175,0.2,0.03168316831683169,0.0730260947112308,0.01058647624307391,1.9752485727397298,0,0
176,0.2,0.10495049504950493,0.12457948087149173,0.22274280177626504,0.652196321856115,0,0
177,0.2,0.13861386138613857,0.15856428688449584,0.3493273088636949,0.45676746181379035,0,0
178,0.0,0.499009900990099,0.3191867914290353,1.0,-0.0,0,0
179,0.0,0.499009900990099,0.3191867914290353,1.0,-0.0,0,0
180,0.0,0.596039603960396,0.36258718093454567,1.0,-0.0,0,0
181,0.0,0.5207920792079208,0.34131859385553326,1.0,-0.0,0,0
182,0.0,0.4891089108910891,0.32878443691908527,1.0,-0.0,0,0
183,0.0,0.09504950495049506,0.13957235791450373,1.0,-0.0,0,0
184,0.0,0.09504950495049506,0.13957235791450373,1.0,-0.0,0,0
185,0.0,0.0,0.0,1.0,-0.0,0,0
186,0.0,0.0,0.0,1.0,-0.0,0,0
187,0.0,0.2554455445544554,0.21821746239930154,1.0,-0.0,0,0
188,0.0,0.2554455445544554,0.21821746239930154,1.0,-0.0,0,0
189,0.0,0.4792079207920792,0.2758665309666218,1.0,-0.0,0,0
190,0.0,0.4792079207920792,0.2758665309666218,1.0,-0.0,0,0
191,0.0,0.4792079207920792,0.2758665309666218,1.0,-0.0,0,0
192,0.0,0.22376237623762382,0.19556899208121012,1.0,-0.0,0,0
193,0.0,0.24356435643564361,0.2041237450273529,1.0,-0.0,0,0
194,0.0,0.019801980198019802,0.059735061897023205,1.0,-0.0,0,0
195,0.0,0.019801980198019802,0.059735061897023205,1.0,-0.0,0,0
196,0.0,0.023762376237623766,0.06471340450838887,1.0,-0.0,0,0
197,0.0,0.05346534653465347,0.09287951999650357,1.0,-0.0,0,0
198,0.0,0.033663366336633666,0.07482947971362847,1.0,-0.0,0,0
199,0.0,0.033663366336633666,0.07482947971362847,1.0,-0.0,0,0
200,0.0,0.033663366336633666,0.07482947971362847,1.0,-0.0,0,0
201,0.0,0.05148514851485149,0.096075322540263,1.0,-0.0,0,0
202,0.0,0.04356435643564357,0.08721867542790195,1.0,-0.0,0,0
203,0.0,0.04356435643564357,0.08721867542790195,1.0,-0.0,0,0
204,0.0,0.04356435643564357,0.08721867542790195,1.0,-0.0,0,0
205,0.0,0.05544554455445545,0.1019369320889802,1.0,-0.0,0,0
206,0.0,0.09306930693069305,0.11795067415315193,1.0,-0.0,0,0
207,0.0,0.0712871287128713,0.10747934055534188,1.0,-0.0,0,0
208,0.0,0.0712871287128713,0.10747934055534188,1.0,-0.0,0,0
209,0.0,0.0712871287128713,0.10747934055534188,1.0,-0.0,0,0
210,0.0,0.5227722772277227,0.3043841983768982,1.0,-0.0,0,0
211,0.0,0.46336633663366333,0.26837345498768184,1.0,-0.0,0,0
212,0.0,0.46336633663366333,0.26837345498768184,1.0,-0.0,0,0
213,0.0,0.46336633663366333,0.26837345498768184,1.0,-0.0,0,0
214,0.0,0.46336633663366333,0.26837345498768184,1.0,-0.0,0,0
215,0.0,0.0,0.0,1.0,-0.0,0,0
216,0.0,0.02772277227722772,0.07461957893630405,1.0,-0.0,0,0
217,0.0,0.02772277227722772,0.07461957893630405,1.0,-0.0,0,0
218,0.0,0.02772277227722772,0.07461957893630405,1.0,-0.0,0,0
219,0.0,0.02772277227722772,0.07461957893630405,1.0,-0.0,0,0
220,0.0,0.02772277227722772,0.07461957893630405,1.0,-0.0,0,0
221,0.0,0.0,0.0,1.0,-0.0,0,0
222,0.0,0.0,0.0,1.0,-0.0,0,0
223,0.0,0.0,0.0,1.0,-0.0,0,0
224,0.0,0.0,0.0,1.0,-0.0,0,0
225,0.0,0.4356435643564357,0.2491904351166633,1.0,-0.0,0,0
226,0.0,0.4356435643564357,0.2491904351166633,1.0,-0.0,0,0
227,0.0,0.8554455445544553,0.389077417917841,1.0,-0.0,0,0
228,0.0,0.9029702970297029,0.4006073224998588,1.0,-0.0,0,0
229,0.0,0.9029702970297029,0.4006073224998588,1.0,-0.0,0,0
230,0.0,0.4673267326732673,0.28601353941886865,1.0,-0.0,0,0
231,0.0,0.4990099009900989,0.2933234113812715,1.0,-0.0,0,0
