,foreground,bg_means,bg_stdev,pvals,minus_logs,regs,active
2,0.0,0.0,0.0,1.0,-0.0,0,0
3,0.0,0.0,0.0,1.0,-0.0,0,0
4,0.0,0.0,0.0,1.0,-0.0,0,0
5,0.0,0.0,0.0,1.0,-0.0,0,0
6,0.0,0.0,0.0,1.0,-0.0,0,0
7,0.0,0.0,0.0,1.0,-0.0,0,0
8,0.0,0.0,0.0,1.0,-0.0,0,0
9,0.0,0.0,0.0,1.0,-0.0,0,0
10,0.0,0.0,0.0,1.0,-0.0,0,0
11,0.0,0.0,0.0,1.0,-0.0,0,0
12,0.0,0.0,0.0,1.0,-0.0,0,0
13,0.0,0.0,0.0,1.0,-0.0,0,0
14,0.0,0.0,0.0,1.0,-0.0,0,0
15,0.0,0.0,0.0,1.0,-0.0,0,0
16,0.0,0.0,0.0,1.0,-0.0,0,0
17,0.0,0.0,0.0,1.0,-0.0,0,0
18,0.0,0.0,0.0,1.0,-0.0,0,0
19,0.0,0.0,0.0,1.0,-0.0,0,0
20,0.0,0.0,0.0,1.0,-0.0,0,0
21,0.0,0.0,0.0,1.0,-0.0,0,0
22,0.0,0.04356435643564357,0.08255312311158747,1.0,-0.0,0,0
23,0.0,0.04356435643564357,0.08255312311158747,1.0,-0.0,0,0
24,0.0,0.04356435643564357,0.08255312311158747,1.0,-0.0,0,0
25,0.0,0.04356435643564357,0.08255312311158747,1.0,-0.0,0,0
26,0.0,0.04356435643564357,0.08255312311158747,1.0,-0.0,0,0
27,0.0,0.0,0.0,1.0,-0.0,0,0
28,0.0,0.0,0.0,1.0,-0.0,0,0
29,0.0,0.0,0.0,1.0,-0.0,0,0
30,0.0,0.0,0.0,1.0,-0.0,0,0
31,0.0,0.0,0.0,1.0,-0.0,0,0
32,0.0,0.0,0.0,1.0,-0.0,0,0
33,0.0,0.041584158415841586,0.08116396646304633,1.0,-0.0,0,0
34,0.0,0.061386138613861385,0.09644194583672017,1.0,-0.0,0,0
35,0.0,0.07524752475247526,0.10845991237726064,1.0,-0.0,0,0
36,0.0,0.07524752475247526,0.10845991237726064,1.0,-0.0,0,0
37,0.0,0.07524752475247526,0.10845991237726064,1.0,-0.0,0,0
38,0.0,0.033663366336633666,0.07994704648786674,1.0,-0.0,0,0
39,0.0,0.039603960396039604,0.08452453849668534,1.0,-0.0,0,0
40,0.0,0.025742574257425745,0.0669763743575753,1.0,-0.0,0,0
41,0.0,0.025742574257425745,0.0669763743575753,1.0,-0.0,0,0
42,0.0,0.061386138613861385,0.09644194583672017,1.0,-0.0,0,0
43,0.0,0.061386138613861385,0.09644194583672017,1.0,-0.0,0,0
44,0.0,0.03564356435643565,0.07653920035678292,1.0,-0.0,0,0
45,0.0,0.07722772277227724,0.12258049537063101,1.0,-0.0,0,0
46,0.0,0.07722772277227724,0.12258049537063101,1.0,-0.0,0,0
47,0.0,0.041584158415841586,0.08590499787518362,1.0,-0.0,0,0
48,0.0,0.041584158415841586,0.08590499787518362,1.0,-0.0,0,0
49,0.0,0.08316831683168317,0.11351216354824961,1.0,-0.0,0,0
50,0.0,0.041584158415841586,0.08116396646304633,1.0,-0.0,0,0
51,0.0,0.08118811881188118,0.11664694237642095,1.0,-0.0,0,0
52,0.0,0.1277227722772277,0.1476675500000171,1.0,-0.0,0,0
53,0.0,0.1584158415841584,0.1672534844655737,1.0,-0.0,0,0
54,0.0,0.11485148514851483,0.15246238855382302,1.0,-0.0,0,0
55,0.2,0.17227722772277224,0.1802741651760957,0.4388911401731173,0.35764318610139884,0,0
56,0.2,0.1306930693069307,0.1602859908502817,0.3327270177988777,0.47791193251092207,0,0
57,0.2,0.20396039603960395,0.1866435115714563,1.0,-0.0,0,0
58,0.2,0.17425742574257425,0.18597001000988353,0.444952959252119,0.3516859005181785,0,0
59,0.2,0.2633663366336634,0.21787578088553286,1.0,-0.0,0,0
60,0.0,0.20792079207920788,0.18222126052003706,1.0,-0.0,0,0
61,0.0,0.20792079207920788,0.18222126052003706,1.0,-0.0,0,0
62,0.0,0.09900990099009901,0.12145573247679728,1.0,-0.0,0,0
63,0.0,0.09900990099009901,0.12145573247679728,1.0,-0.0,0,0
64,0.0,0.009900990099009901,0.04338396495090425,1.0,-0.0,0,0
65,0.2,0.0297029702970297,0.07112192077650681,0.008322928729312118,2.079723824290396,0,0
66,0.2,0.0297029702970297,0.07112192077650681,0.008322928729312118,2.079723824290396,0,0
67,0.4,0.03960396039603961,0.07970143286137865,3.065417257212339e-06,5.513510402003253,0,0
68,0.4,0.05148514851485149,0.096075322540263,0.000143080052081759,3.844420910437966,0,0
69,0.4,0.06336633663366337,0.10120342446875755,0.0004400246430833582,3.3565230006605686,0,0
70,0.2,0.04356435643564357,0.08721867542790195,0.036438310127516485,1.438441772185106,0,0
71,0.2,0.09108910891089109,0.12750384183766536,0.19650337127395107,0.7066299943312295,0,0
72,0.0,0.10297029702970295,0.127780323207142,1.0,-0.0,0,0
73,0.0,0.09108910891089109,0.12113245340338318,1.0,-0.0,0,0
74,0.0,0.07920792079207921,0.11285391563386142,1.0,-0.0,0,0
75,0.0,0.07920792079207921,0.11285391563386142,1.0,-0.0,0,0
76,0.0,0.031683168316831684,0.0730260947112308,1.0,-0.0,0,0
77,0.0,0.017821782178217824,0.05698017651460656,1.0,-0.0,0,0
78,0.0,0.017821782178217824,0.05698017651460656,1.0,-0.0,0,0
79,0.0,0.017821782178217824,0.05698017651460656,1.0,-0.0,0,0
80,0.0,0.041584158415841586,0.09039772047931348,1.0,-0.0,0,0
81,0.0,0.041584158415841586,0.09039772047931348,1.0,-0.0,0,0
82,0.0,0.033663366336633666,0.07994704648786674,1.0,-0.0,0,0
83,0.0,0.0712871287128713,0.11461224656227947,1.0,-0.0,0,0
84,0.0,0.07722772277227724,0.11593886073904515,1.0,-0.0,0,0
85,0.0,0.05346534653465348,0.10104832334394513,1.0,-0.0,0,0
86,0.0,0.05346534653465348,0.10104832334394513,1.0,-0.0,0,0
87,0.0,0.04356435643564357,0.08721867542790195,1.0,-0.0,0,0
88,0.0,0.049504950495049514,0.09504950495049506,1.0,-0.0,0,0
89,0.0,0.04356435643564357,0.09164702150816742,1.0,-0.0,0,0
90,0.0,0.04356435643564357,0.09164702150816742,1.0,-0.0,0,0
91,0.0,0.05742574257425742,0.10277971700879983,1.0,-0.0,0,0
92,0.0,0.05742574257425742,0.10277971700879983,1.0,-0.0,0,0
93,0.0,0.013861386138613863,0.05079507064705211,1.0,-0.0,0,0
94,0.0,0.013861386138613863,0.05079507064705211,1.0,-0.0,0,0
95,0.0,0.027722772277227727,0.06910862719451544,1.0,-0.0,0,0
96,0.0,0.013861386138613863,0.05079507064705211,1.0,-0.0,0,0
97,0.0,0.013861386138613863,0.05079507064705211,1.0,-0.0,0,0
98,0.0,0.013861386138613863,0.05079507064705211,1.0,-0.0,0,0
99,0.0,0.03762376237623762,0.08771182015980238,1.0,-0.0,0,0
100,0.0,0.023762376237623766,0.06471340450838889,1.0,-0.0,0,0
101,0.0,0.023762376237623766,0.06471340450838889,1.0,-0.0,0,0
102,0.0,0.023762376237623766,0.06471340450838889,1.0,-0.0,0,0
103,0.0,0.027722772277227727,0.07461957893630407,1.0,-0.0,0,0
104,0.0,0.013861386138613863,0.05079507064705211,1.0,-0.0,0,0
105,0.0,0.05940594059405942,0.09562531855564071,1.0,-0.0,0,0
106,0.0,0.05940594059405942,0.09562531855564071,1.0,-0.0,0,0
107,0.4,0.12772277227722773,0.1422024855871583,0.027764431791132353,1.55651121008988,0,0
108,0.4,0.12277227722772277,0.14342430861173722,0.026623023330564047,1.5747426272526066,0,0
109,0.4,0.12079207920792079,0.13810372890425895,0.021602325150882774,1.6654995013559455,0,0
110,0.4,0.07524752475247526,0.10845991237726064,0.0013757524682680058,2.8614596993387478,0,0
111,0.4,0.07524752475247526,0.10845991237726064,0.0013757524682680058,2.8614596993387478,0,0
112,0.0,0.06336633663366337,0.09304823860966917,1.0,-0.0,0,0
113,0.0,0.17425742574257427,0.1680720409815679,1.0,-0.0,0,0
114,0.4,0.21782178217821782,0.2031416808432818,0.18491182768531428,0.7330353087749508,0,0
115,0.4,0.31287128712871287,0.26313546047940717,0.37027792839200724,0.43147217469979293,0,0
116,0.4,0.31287128712871287,0.26313546047940717,0.37027792839200724,0.43147217469979293,0,0
117,0.4,0.25742574257425743,0.22574257425742578,0.2638310233953919,0.5786741379130496,0,0
118,0.4,0.14752475247524754,0.18162852929713905,0.08225474904093179,1.0848390183295946,0,0
119,0.0,0.11287128712871286,0.1744373508558039,1.0,-0.0,0,0
120,0.0,0.017821782178217824,0.056980176514606566,1.0,-0.0,0,0
121,0.0,0.061386138613861385,0.10046456153636296,1.0,-0.0,0,0
122,0.0,0.13267326732673265,0.14698885988036148,1.0,-0.0,0,0
123,0.0,0.13267326732673265,0.14698885988036148,1.0,-0.0,0,0
124,0.0,0.11287128712871283,0.14464936528910635,1.0,-0.0,0,0
125,0.0,0.18415841584158413,0.1881292336873445,1.0,-0.0,0,0
126,0.0,0.1485148514851485,0.1726977909735853,1.0,-0.0,0,0
127,0.0,0.11683168316831682,0.14146987009498416,1.0,-0.0,0,0
128,0.0,0.13267326732673265,0.1442693512878177,1.0,-0.0,0,0
129,0.0,0.13267326732673265,0.1442693512878177,1.0,-0.0,0,0
130,0.0,0.0613861386138614,0.10806149425459212,1.0,-0.0,0,0
131,0.0,0.05346534653465347,0.09704990696905225,1.0,-0.0,0,0
132,0.0,0.01386138613861386,0.05079507064705212,1.0,-0.0,0,0
133,0.0,0.0,0.0,1.0,-0.0,0,0
134,0.0,0.06732673267326733,0.11000352009767247,1.0,-0.0,0,0
135,0.0,0.06732673267326733,0.11000352009767247,1.0,-0.0,0,0
136,0.0,0.08514851485148514,0.12379009590564582,1.0,-0.0,0,0
137,0.0,0.1306930693069307,0.16028599085028167,1.0,-0.0,0,0
138,0.0,0.1306930693069307,0.16028599085028167,1.0,-0.0,0,0
139,0.0,0.08514851485148513,0.1269490726718781,1.0,-0.0,0,0
140,0.0,0.08514851485148513,0.1269490726718781,1.0,-0.0,0,0
141,0.0,0.08514851485148513,0.12694907267187808,1.0,-0.0,0,0
142,0.0,0.039603960396039604,0.08908690597387718,1.0,-0.0,0,0
143,0.0,0.09306930693069305,0.13661931335176508,1.0,-0.0,0,0
144,0.0,0.0712871287128713,0.11801714396634723,1.0,-0.0,0,0
145,0.2,0.09306930693069305,0.13661931335176508,0.21690432421099842,0.663731789791914,0,0
146,0.2,0.11485148514851483,0.15246238855382302,0.2882553734963719,0.5402225880815855,0,0
147,0.2,0.19405940594059404,0.18120705414231045,0.48692363439957537,0.31253914506755903,0,0
148,0.2,0.14059405940594058,0.15036471688371983,0.3463922966247934,0.46043177476827185,0,0
149,0.2,0.14059405940594058,0.15036471688371983,0.3463922966247934,0.46043177476827185,0,0
150,0.0,0.11683168316831682,0.14146987009498416,1.0,-0.0,0,0
151,0.0,0.07722772277227723,0.10889288780093088,1.0,-0.0,0,0
152,0.0,0.007920792079207921,0.03900537743285587,1.0,-0.0,0,0
153,0.0,0.007920792079207921,0.03900537743285587,1.0,-0.0,0,0
154,0.0,0.007920792079207921,0.03900537743285587,1.0,-0.0,0,0
155,0.0,0.007920792079207921,0.03900537743285587,1.0,-0.0,0,0
156,0.0,0.007920792079207921,0.03900537743285587,1.0,-0.0,0,0
157,0.0,0.0,0.0,1.0,-0.0,0,0
158,0.0,0.0,0.0,1.0,-0.0,0,0
159,0.0,0.025742574257425745,0.06697637435757531,1.0,-0.0,0,0
160,0.0,0.03564356435643565,0.07653920035678292,1.0,-0.0,0,0
161,0.0,0.0613861386138614,0.09644194583672018,1.0,-0.0,0,0
162,0.0,0.0613861386138614,0.09644194583672018,1.0,-0.0,0,0
163,0.0,0.0613861386138614,0.09644194583672018,1.0,-0.0,0,0
164,0.0,0.03564356435643565,0.08154954567118416,1.0,-0.0,0,0
165,0.0,0.04356435643564357,0.08255312311158747,1.0,-0.0,0,0
166,0.2,0.06336633663366337,0.10504385908811757,0.09667550266855758,1.014683561115634,0,0
167,0.2,0.06336633663366337,0.10504385908811757,0.09667550266855758,1.014683561115634,0,0
168,0.2,0.06336633663366337,0.10504385908811757,0.09667550266855758,1.014683561115634,0,0
169,0.2,0.07524752475247526,0.12219602867755656,0.15364596650640788,0.8134788362992571,0,0
170,0.2,0.05742574257425742,0.10656335878870264,0.0904597157907538,1.0435447810683363,0,0
171,0.0,0.011881188118811883,0.04727657974777555,1.0,-0.0,0,0
172,0.0,0.011881188118811883,0.04727657974777555,1.0,-0.0,0,0
173,0.0,0.011881188118811883,0.04727657974777555,1.0,-0.0,0,0
174,0.0,0.0,0.0,1.0,-0.0,0,0
175,0.4,0.10099009900990098,0.13386490123687583,0.012752424945647201,1.894407223827921,0,0
176,0.6,0.14653465346534655,0.17996939037626555,0.005873071532476468,2.2311347095315335,0,0
177,0.6,0.14653465346534655,0.17996939037626555,0.005873071532476468,2.2311347095315335,0,0
178,0.6,0.14653465346534655,0.17996939037626555,0.005873071532476468,2.2311347095315335,0,0
179,0.6,0.14653465346534655,0.17996939037626555,0.005873071532476468,2.2311347095315335,0,0
180,0.2,0.04554455445544555,0.10100951085035129,0.06311761613918085,1.1998494121615952,0,0
181,0.2,0.061386138613861385,0.12184253515180324,0.12763384181154186,0.8940341581904111,0,0
182,0.2,0.061386138613861385,0.12184253515180324,0.12763384181154186,0.8940341581904111,0,0
183,0.2,0.08514851485148517,0.1444594832462533,0.21329427657234534,0.671020798026413,0,0
184,0.2,0.08514851485148517,0.1444594832462533,0.21329427657234534,0.671020798026413,0,0
185,0.2,0.14653465346534653,0.17324186517306459,0.3788065276086202,0.4215825458251051,0,0
186,0.0,0.08316831683168316,0.12028786177019754,1.0,-0.0,0,0
187,0.0,0.08316831683168316,0.12028786177019754,1.0,-0.0,0,0
188,0.0,0.05940594059405942,0.11096178792967841,1.0,-0.0,0,0
189,0.0,0.05940594059405942,0.11096178792967841,1.0,-0.0,0,0
190,0.0,0.0,0.0,1.0,-0.0,0,0
191,0.0,0.0,0.0,1.0,-0.0,0,0
192,0.0,0.023762376237623766,0.06471340450838889,1.0,-0.0,0,0
193,0.0,0.023762376237623766,0.06471340450838889,1.0,-0.0,0,0
194,0.0,0.023762376237623766,0.06471340450838889,1.0,-0.0,0,0
195,0.0,0.023762376237623766,0.06471340450838889,1.0,-0.0,0,0
196,0.0,0.023762376237623766,0.06471340450838889,1.0,-0.0,0,0
197,0.0,0.0,0.0,1.0,-0.0,0,0
198,0.0,0.0,0.0,1.0,-0.0,0,0
199,0.0,0.0,0.0,1.0,-0.0,0,0
200,0.0,0.03762376237623763,0.07816140339006158,1.0,-0.0,0,0
201,0.0,0.03762376237623763,0.07816140339006158,1.0,-0.0,0,0
202,0.0,0.03762376237623763,0.07816140339006158,1.0,-0.0,0,0
203,0.0,0.03762376237623763,0.07816140339006158,1.0,-0.0,0,0
204,0.0,0.03762376237623763,0.07816140339006158,1.0,-0.0,0,0
205,0.0,0.0,0.0,1.0,-0.0,0,0
206,0.2,0.017821782178217824,0.05698017651460656,0.0006937928196726553,3.15877019915046,0,0
207,0.2,0.017821782178217824,0.05698017651460656,0.0006937928196726553,3.15877019915046,0,0
208,0.2,0.017821782178217824,0.05698017651460656,0.0006937928196726553,3.15877019915046,0,0
209,0.2,0.017821782178217824,0.05698017651460656,0.0006937928196726553,3.15877019915046,0,0
210,0.2,0.017821782178217824,0.05698017651460656,0.0006937928196726553,3.15877019915046,0,0
211,0.0,0.0,0.0,1.0,-0.0,0,0
212,0.0,0.0,0.0,1.0,-0.0,0,0
213,0.0,0.0,0.0,1.0,-0.0,0,0
214,0.0,0.0,0.0,1.0,-0.0,0,0
215,0.0,0.0,0.0,1.0,-0.0,0,0
216,0.0,0.02772277227722772,0.06910862719451542,1.0,-0.0,0,0
217,0.0,0.1762376237623762,0.1695354835089425,1.0,-0.0,0,0
218,0.0,0.1762376237623762,0.1695354835089425,1.0,-0.0,0,0
219,0.0,0.1762376237623762,0.1695354835089425,1.0,-0.0,0,0
220,0.0,0.1762376237623762,0.1695354835089425,1.0,-0.0,0,0
221,0.0,0.14851485148514848,0.16082329112274815,1.0,-0.0,0,0
222,0.0,0.0,0.0,1.0,-0.0,0,0
223,0.0,0.0,0.0,1.0,-0.0,0,0
224,0.0,0.0,0.0,1.0,-0.0,0,0
225,0.0,0.0,0.0,1.0,-0.0,0,0
226,0.0,0.0,0.0,1.0,-0.0,0,0
227,0.0,0.0,0.0,1.0,-0.0,0,0
228,0.0,0.0,0.0,1.0,-0.0,0,0
229,0.0,0.0059405940594059415,0.033953323167291584,1.0,-0.0,0,0
230,0.0,0.0059405940594059415,0.033953323167291584,1.0,-0.0,0,0
231,0.0,0.0059405940594059415,0.033953323167291584,1.0,-0.0,0,0
232,0.0,0.0059405940594059415,0.033953323167291584,1.0,-0.0,0,0
233,0.0,0.0059405940594059415,0.033953323167291584,1.0,-0.0,0,0
234,0.0,0.025742574257425745,0.0669763743575753,1.0,-0.0,0,0
235,0.0,0.025742574257425745,0.0669763743575753,1.0,-0.0,0,0
236,0.0,0.025742574257425745,0.0669763743575753,1.0,-0.0,0,0
237,0.0,0.025742574257425745,0.0669763743575753,1.0,-0.0,0,0
