,foreground,bg_means,bg_stdev,pvals,minus_logs,regs,active
2,0.0,0.07722772277227723,0.12888031758632065,1.0,-0.0,0,0
3,0.0,0.07722772277227723,0.12888031758632065,1.0,-0.0,0,0
4,0.0,0.06534653465346535,0.1164113937164283,1.0,-0.0,0,0
5,0.0,0.06534653465346535,0.1164113937164283,1.0,-0.0,0,0
6,0.0,0.0,0.0,1.0,-0.0,0,0
7,0.0,0.0,0.0,1.0,-0.0,0,0
8,0.0,0.04554455445544555,0.08387254884969257,1.0,-0.0,0,0
9,0.0,0.04554455445544555,0.08387254884969257,1.0,-0.0,0,0
10,0.0,0.12079207920792079,0.14094225464771679,1.0,-0.0,0,0
11,0.0,0.12079207920792079,0.14094225464771679,1.0,-0.0,0,0
12,0.0,0.12079207920792079,0.14094225464771679,1.0,-0.0,0,0
13,0.0,0.07524752475247524,0.11205191564986228,1.0,-0.0,0,0
14,0.0,0.07524752475247524,0.11205191564986228,1.0,-0.0,0,0
15,0.0,0.0,0.0,1.0,-0.0,0,0
16,0.0,0.0,0.0,1.0,-0.0,0,0
17,0.0,0.0,0.0,1.0,-0.0,0,0
18,0.0,0.09504950495049506,0.1423816080178024,1.0,-0.0,0,0
19,0.0,0.09504950495049506,0.1423816080178024,1.0,-0.0,0,0
20,0.0,0.09504950495049506,0.1423816080178024,1.0,-0.0,0,0
21,0.0,0.09504950495049506,0.1423816080178024,1.0,-0.0,0,0
22,0.0,0.09504950495049506,0.1423816080178024,1.0,-0.0,0,0
23,0.0,0.0,0.0,1.0,-0.0,0,0
24,0.0,0.0,0.0,1.0,-0.0,0,0
25,0.0,0.04554455445544555,0.09283729243351321,1.0,-0.0,0,0
26,0.0,0.05346534653465347,0.10860442931328386,1.0,-0.0,0,0
27,0.0,0.05346534653465347,0.10860442931328386,1.0,-0.0,0,0
28,0.0,0.05346534653465347,0.10860442931328386,1.0,-0.0,0,0
29,0.0,0.0693069306930693,0.12407485305204391,1.0,-0.0,0,0
30,0.0,0.023762376237623763,0.07056843438101174,1.0,-0.0,0,0
31,0.0,0.043564356435643575,0.09164702150816742,1.0,-0.0,0,0
32,0.0,0.043564356435643575,0.09164702150816742,1.0,-0.0,0,0
33,0.0,0.043564356435643575,0.09164702150816742,1.0,-0.0,0,0
34,0.0,0.027722772277227727,0.06910862719451544,1.0,-0.0,0,0
35,0.0,0.027722772277227727,0.06910862719451544,1.0,-0.0,0,0
36,0.0,0.0,0.0,1.0,-0.0,0,0
37,0.0,0.0,0.0,1.0,-0.0,0,0
38,0.0,0.0,0.0,1.0,-0.0,0,0
39,0.0,0.0,0.0,1.0,-0.0,0,0
40,0.0,0.0,0.0,1.0,-0.0,0,0
41,0.0,0.0,0.0,1.0,-0.0,0,0
42,0.0,0.0,0.0,1.0,-0.0,0,0
43,0.0,0.023762376237623766,0.06471340450838889,1.0,-0.0,0,0
44,0.0,0.023762376237623766,0.06471340450838889,1.0,-0.0,0,0
45,0.0,0.08316831683168316,0.12028786177019754,1.0,-0.0,0,0
46,0.0,0.08316831683168316,0.12028786177019754,1.0,-0.0,0,0
47,0.0,0.10099009900990098,0.1308729634998678,1.0,-0.0,0,0
48,0.0,0.15445544554455443,0.1613831014717559,1.0,-0.0,0,0
49,0.0,0.1881188118811881,0.17535656953133036,1.0,-0.0,0,0
50,0.0,0.14455445544554454,0.17146731208545954,1.0,-0.0,0,0
51,0.0,0.16237623762376235,0.18819175240422528,1.0,-0.0,0,0
52,0.0,0.14257425742574256,0.1809471968564066,1.0,-0.0,0,0
53,0.0,0.06732673267326733,0.12982006655907935,1.0,-0.0,0,0
54,0.0,0.033663366336633666,0.08930671115865095,1.0,-0.0,0,0
55,0.0,0.017821782178217824,0.05698017651460656,1.0,-0.0,0,0
56,0.0,0.0,0.0,1.0,-0.0,0,0
57,0.2,0.13465346534653466,0.16911864928947465,0.3496022204259941,0.4564258176975477,0,0
58,0.2,0.15049504950495046,0.17212921831366915,0.38682516638824044,0.4124852789840712,0,0
59,0.2,0.15049504950495046,0.17212921831366915,0.38682516638824044,0.4124852789840712,0,0
60,0.2,0.15049504950495046,0.17212921831366915,0.38682516638824044,0.4124852789840712,0,0
61,0.4,0.16831683168316827,0.18611754673281874,0.10659864155188249,0.9722483297398453,0,0
62,0.2,0.031683168316831684,0.0730260947112308,0.01058647624307391,1.9752485727397298,0,0
63,0.2,0.039603960396039604,0.07970143286137867,0.022085672454221338,1.6558893730090938,0,0
64,0.2,0.10297029702970295,0.127780323207142,0.2238222754810133,0.6500966933346087,0,0
65,0.2,0.10297029702970295,0.127780323207142,0.2238222754810133,0.6500966933346087,0,0
66,0.0,0.08514851485148513,0.1172170185104851,1.0,-0.0,0,0
67,0.0,0.08514851485148513,0.1172170185104851,1.0,-0.0,0,0
68,0.0,0.06336633663366337,0.10120342446875752,1.0,-0.0,0,0
69,0.0,0.0,0.0,1.0,-0.0,0,0
70,0.0,0.0,0.0,1.0,-0.0,0,0
71,0.0,0.009900990099009901,0.04338396495090424,1.0,-0.0,0,0
72,0.0,0.019801980198019802,0.059735061897023205,1.0,-0.0,0,0
73,0.0,0.05148514851485149,0.096075322540263,1.0,-0.0,0,0
74,0.0,0.09306930693069307,0.11103244173367277,1.0,-0.0,0,0
75,0.0,0.09306930693069307,0.11103244173367277,1.0,-0.0,0,0
76,0.0,0.08316831683168316,0.10630546955619442,1.0,-0.0,0,0
77,0.0,0.3603960396039604,0.2685049211049634,1.0,-0.0,0,0
78,0.0,0.3287128712871287,0.26188072020770864,1.0,-0.0,0,0
79,0.0,0.2851485148514851,0.23096274553383492,1.0,-0.0,0,0
80,0.0,0.3148514851485148,0.2442957705075823,1.0,-0.0,0,0
81,0.0,0.3148514851485148,0.2442957705075823,1.0,-0.0,0,0
82,0.0,0.02970297029702971,0.07112192077650681,1.0,-0.0,0,0
83,0.0,0.18217821782178217,0.1782178217821782,1.0,-0.0,0,0
84,0.0,0.1920792079207921,0.1822212605200371,1.0,-0.0,0,0
85,0.0,0.18217821782178212,0.18042635951740818,1.0,-0.0,0,0
86,0.0,0.18217821782178212,0.18042635951740818,1.0,-0.0,0,0
87,0.0,0.18217821782178212,0.18042635951740818,1.0,-0.0,0,0
88,0.0,0.0297029702970297,0.07648795214189293,1.0,-0.0,0,0
89,0.0,0.019801980198019802,0.0597350618970232,1.0,-0.0,0,0
90,0.0,0.0,0.0,1.0,-0.0,0,0
91,0.0,0.0,0.0,1.0,-0.0,0,0
92,0.0,0.025742574257425748,0.06697637435757531,1.0,-0.0,0,0
93,0.0,0.025742574257425748,0.06697637435757531,1.0,-0.0,0,0
94,0.0,0.03762376237623763,0.07816140339006158,1.0,-0.0,0,0
95,0.0,0.03762376237623763,0.07816140339006158,1.0,-0.0,0,0
96,0.0,0.03762376237623763,0.07816140339006158,1.0,-0.0,0,0
97,0.0,0.011881188118811883,0.047276579747775535,1.0,-0.0,0,0
98,0.0,0.011881188118811883,0.047276579747775535,1.0,-0.0,0,0
99,0.0,0.06930693069306931,0.09924724028627065,1.0,-0.0,0,0
100,0.0,0.06930693069306931,0.09924724028627065,1.0,-0.0,0,0
101,0.0,0.20792079207920788,0.18222126052003706,1.0,-0.0,0,0
102,0.0,0.22574257425742567,0.1880875429979268,1.0,-0.0,0,0
103,0.0,0.22574257425742567,0.1880875429979268,1.0,-0.0,0,0
104,0.0,0.1564356435643564,0.16555687101844338,1.0,-0.0,0,0
105,0.0,0.17029702970297028,0.1674175159433525,1.0,-0.0,0,0
106,0.0,0.05544554455445545,0.10575073206193022,1.0,-0.0,0,0
107,0.0,0.03762376237623763,0.08771182015980238,1.0,-0.0,0,0
108,0.0,0.11485148514851484,0.15246238855382305,1.0,-0.0,0,0
109,0.0,0.14653465346534653,0.1709405295438197,1.0,-0.0,0,0
110,0.0,0.1306930693069307,0.16273806583211367,1.0,-0.0,0,0
111,0.0,0.10693069306930691,0.15302716108009237,1.0,-0.0,0,0
112,0.0,0.1603960396039604,0.2068525125893164,1.0,-0.0,0,0
113,0.0,0.1504950495049505,0.19172162285084565,1.0,-0.0,0,0
114,0.0,0.1207920792079208,0.1618683193480064,1.0,-0.0,0,0
115,0.0,0.1207920792079208,0.1618683193480064,1.0,-0.0,0,0
116,0.0,0.1207920792079208,0.1618683193480064,1.0,-0.0,0,0
117,0.0,0.10891089108910887,0.14494724878689189,1.0,-0.0,0,0
118,0.0,0.041584158415841586,0.09467748980500532,1.0,-0.0,0,0
119,0.0,0.1168316831683168,0.1548357845728682,1.0,-0.0,0,0
120,0.0,0.1168316831683168,0.1548357845728682,1.0,-0.0,0,0
121,0.0,0.1168316831683168,0.1548357845728682,1.0,-0.0,0,0
122,0.0,0.07524752475247526,0.11205191564986228,1.0,-0.0,0,0
123,0.0,0.1069306930693069,0.12126186845461277,1.0,-0.0,0,0
124,0.0,0.08316831683168317,0.13280619910579972,1.0,-0.0,0,0
125,0.0,0.08316831683168317,0.13280619910579972,1.0,-0.0,0,0
126,0.0,0.08316831683168317,0.13280619910579972,1.0,-0.0,0,0
127,0.0,0.08316831683168317,0.13280619910579972,1.0,-0.0,0,0
128,0.0,0.061386138613861385,0.11166631429601336,1.0,-0.0,0,0
129,0.0,0.009900990099009901,0.04338396495090424,1.0,-0.0,0,0
130,0.0,0.009900990099009901,0.04338396495090424,1.0,-0.0,0,0
131,0.0,0.03564356435643565,0.09074407316744236,1.0,-0.0,0,0
132,0.0,0.03564356435643565,0.09074407316744236,1.0,-0.0,0,0
133,0.0,0.025742574257425745,0.07264925278354115,1.0,-0.0,0,0
134,0.0,0.025742574257425745,0.07264925278354115,1.0,-0.0,0,0
135,0.0,0.025742574257425745,0.07264925278354115,1.0,-0.0,0,0
136,0.4,0.10297029702970298,0.13383560593042218,0.013231041946804118,1.8784059537014401,0,0
137,0.4,0.10297029702970298,0.13383560593042218,0.013231041946804118,1.8784059537014401,0,0
138,0.4,0.17029702970297025,0.17885474744676658,0.09951868122866765,1.0020953876663927,0,0
139,0.4,0.17029702970297025,0.17885474744676658,0.09951868122866765,1.0020953876663927,0,0
140,2.2,0.4118811881188118,0.34101976619140695,7.880237108298986e-08,7.103460714835744,0,0
141,1.8,0.3069306930693069,0.30515616055597206,4.970467769320904e-07,6.303602738012061,0,0
142,2.2,0.3564356435643566,0.3141595235772565,2.202190062246815e-09,8.657145201520974,0,0
143,2.2,0.30495049504950494,0.2822737375240469,9.499440627174458e-12,11.02230196730945,0,0
144,2.2,0.30495049504950494,0.2822737375240469,9.499440627174458e-12,11.02230196730945,0,0
145,0.4,0.09108910891089109,0.13057300215314485,0.008995341606131295,2.0459823392844374,0,0
146,0.4,0.09108910891089109,0.13057300215314485,0.008995341606131295,2.0459823392844374,0,0
147,0.0,0.06336633663366337,0.10120342446875752,1.0,-0.0,0,0
148,0.0,0.04950495049504951,0.09078727434730813,1.0,-0.0,0,0
149,0.0,0.14257425742574256,0.14981608173764543,1.0,-0.0,0,0
150,0.0,0.3564356435643564,0.26640839697175667,1.0,-0.0,0,0
151,0.0,0.506930693069307,0.3090251121657019,1.0,-0.0,0,0
152,0.0,0.4851485148514853,0.31383483661953804,1.0,-0.0,0,0
153,0.0,0.4851485148514853,0.31383483661953804,1.0,-0.0,0,0
154,0.0,0.3940594059405941,0.2820791905445365,1.0,-0.0,0,0
155,0.0,0.15247524752475247,0.16203780234042603,1.0,-0.0,0,0
156,0.0,0.0,0.0,1.0,-0.0,0,0
157,0.0,0.047524752475247525,0.0939707763778588,1.0,-0.0,0,0
158,0.0,0.047524752475247525,0.0939707763778588,1.0,-0.0,0,0
159,0.0,0.047524752475247525,0.0939707763778588,1.0,-0.0,0,0
160,0.0,0.047524752475247525,0.0939707763778588,1.0,-0.0,0,0
161,0.0,0.047524752475247525,0.0939707763778588,1.0,-0.0,0,0
162,0.0,0.0,0.0,1.0,-0.0,0,0
163,0.0,0.0,0.0,1.0,-0.0,0,0
164,0.0,0.02970297029702971,0.07648795214189293,1.0,-0.0,0,0
165,0.0,0.02970297029702971,0.07648795214189293,1.0,-0.0,0,0
166,0.0,0.04356435643564357,0.09587103712404123,1.0,-0.0,0,0
167,0.0,0.12673267326732673,0.16099387425091363,1.0,-0.0,0,0
168,0.0,0.12673267326732673,0.16099387425091363,1.0,-0.0,0,0
169,0.0,0.18217821782178217,0.16909546170462725,1.0,-0.0,0,0
170,0.0,0.18217821782178217,0.16909546170462725,1.0,-0.0,0,0
171,0.0,0.18415841584158413,0.1772913210740546,1.0,-0.0,0,0
172,0.0,0.1762376237623762,0.18301572450512466,1.0,-0.0,0,0
173,0.0,0.19009900990099005,0.19166025556535227,1.0,-0.0,0,0
174,0.0,0.10495049504950496,0.14238160801780242,1.0,-0.0,0,0
175,0.0,0.10495049504950496,0.14238160801780242,1.0,-0.0,0,0
176,0.0,0.0891089108910891,0.13042276277287215,1.0,-0.0,0,0
177,0.0,0.01386138613861386,0.05079507064705211,1.0,-0.0,0,0
178,0.0,0.0,0.0,1.0,-0.0,0,0
179,0.0,0.0,0.0,1.0,-0.0,0,0
180,0.0,0.0,0.0,1.0,-0.0,0,0
181,0.4,0.11683168316831682,0.15225649732072147,0.031456131410889966,1.5022946895389184,0,0
182,0.4,0.3227722772277228,0.21428268001455503,0.3592735860462602,0.44457471114502095,0,0
183,0.4,0.3227722772277228,0.21428268001455503,0.3592735860462602,0.44457471114502095,0,0
184,0.4,0.3227722772277228,0.21428268001455503,0.3592735860462602,0.44457471114502095,0,0
185,0.4,0.3663366336633664,0.2144655931336603,0.43763663035120837,0.35888633454113944,0,0
186,0.0,0.2554455445544554,0.1848066945793283,1.0,-0.0,0,0
187,0.0,0.07920792079207921,0.10560230990870005,1.0,-0.0,0,0
188,0.0,0.07920792079207921,0.10560230990870005,1.0,-0.0,0,0
189,0.0,0.11881188118811878,0.11999411807954946,1.0,-0.0,0,0
190,0.0,0.07326732673267328,0.10798889666879985,1.0,-0.0,0,0
191,0.0,0.06534653465346535,0.10189845806153354,1.0,-0.0,0,0
192,0.0,0.03762376237623763,0.08307396817189318,1.0,-0.0,0,0
193,0.0,0.03762376237623763,0.08307396817189318,1.0,-0.0,0,0
194,0.0,0.0,0.0,1.0,-0.0,0,0
195,0.0,0.0,0.0,1.0,-0.0,0,0
196,0.0,0.0,0.0,1.0,-0.0,0,0
197,0.0,0.24158415841584158,0.21492219487073477,1.0,-0.0,0,0
198,0.0,0.24158415841584158,0.21492219487073477,1.0,-0.0,0,0
199,0.0,0.31287128712871287,0.23949756249886503,1.0,-0.0,0,0
200,0.0,0.31287128712871287,0.23949756249886503,1.0,-0.0,0,0
201,0.0,0.3544554455445545,0.2653317566447851,1.0,-0.0,0,0
202,0.0,0.14257425742574253,0.1550129567586608,1.0,-0.0,0,0
203,0.0,0.14257425742574253,0.1550129567586608,1.0,-0.0,0,0
204,0.0,0.1188118811881188,0.14399729871443837,1.0,-0.0,0,0
205,0.0,0.2613861386138614,0.21753356269084298,1.0,-0.0,0,0
206,0.0,0.22178217821782173,0.19478546736408614,1.0,-0.0,0,0
207,0.0,0.20990099009900987,0.19975477565019395,1.0,-0.0,0,0
208,0.0,0.2831683168316832,0.22736950644605666,1.0,-0.0,0,0
209,0.0,0.23366336633663368,0.1910249725641211,1.0,-0.0,0,0
210,0.0,0.09108910891089109,0.12435895816322838,1.0,-0.0,0,0
211,0.0,0.09108910891089109,0.12435895816322838,1.0,-0.0,0,0
212,0.2,0.11287128712871286,0.15521519162190436,0.2872824121562718,0.5416909613289329,0,0
213,0.2,0.039603960396039604,0.0890869059738772,0.03589523119581593,1.4449632450960648,0,0
214,0.2,0.08514851485148514,0.11721701851048508,0.163587686762862,0.7862493887587915,0,0
215,0.2,0.08514851485148514,0.11721701851048508,0.163587686762862,0.7862493887587915,0,0
216,0.6,0.12079207920792079,0.1322440226302099,0.00014522937216165276,3.837945540125636,0,0
217,0.8,0.1168316831683168,0.13864214704328154,4.163017168823878e-07,6.38059179802264,0,0
218,1.0,0.18217821782178217,0.19108654387033375,9.35095759571625e-06,5.029143912417271,0,0
219,1.0,0.13465346534653466,0.17600384984783346,4.402244071158892e-07,6.3563258827688065,0,0
220,1.2,0.16831683168316833,0.19444294287406302,5.607761348812759e-08,7.251210477049085,0,0
221,0.8,0.1603960396039604,0.17804171717219025,0.0001637988473681756,3.785689158640327,0,0
222,0.4,0.1207920792079208,0.14645435316515326,0.02829591495260535,1.5482762585251435,0,0
223,0.2,0.057425742574257435,0.09476028605152792,0.06621628156331662,1.1790352111084907,0,0
224,0.2,0.057425742574257435,0.09476028605152792,0.06621628156331662,1.1790352111084907,0,0
225,0.0,0.025742574257425745,0.06697637435757531,1.0,-0.0,0,0
226,0.0,0.0,0.0,1.0,-0.0,0,0
227,0.0,0.031683168316831684,0.0730260947112308,1.0,-0.0,0,0
228,0.0,0.10693069306930691,0.1422989641443302,1.0,-0.0,0,0
229,0.0,0.15643564356435644,0.17486393102381254,1.0,-0.0,0,0
230,0.2,0.16237623762376235,0.17735766020493526,0.41600086820248383,0.38090576299067447,0,0
231,0.2,0.16237623762376235,0.17735766020493526,0.41600086820248383,0.38090576299067447,0,0
232,0.2,0.12871287128712872,0.15816812315022463,0.32610116939510964,0.48664764381614456,0,0
233,0.2,0.08712871287128714,0.13024224675172555,0.19307354504257346,0.7142772292196833,0,0
234,0.2,0.0712871287128713,0.1213265242141813,0.1443722417000341,0.8405163000860171,0,0
235,0.0,0.06534653465346535,0.1164113937164283,1.0,-0.0,0,0
236,0.0,0.08118811881188118,0.12951766673875514,1.0,-0.0,0,0
237,0.0,0.08118811881188118,0.12951766673875514,1.0,-0.0,0,0
238,0.0,0.04752475247524753,0.09809478080396702,1.0,-0.0,0,0
239,0.0,0.015841584158415842,0.054012600780142014,1.0,-0.0,0,0
240,0.0,0.08514851485148514,0.12379009590564582,1.0,-0.0,0,0
241,0.0,0.06930693069306931,0.11409790329416186,1.0,-0.0,0,0
242,0.0,0.06930693069306931,0.11409790329416186,1.0,-0.0,0,0
243,0.4,0.11683168316831682,0.16713622056244903,0.04511015789575445,1.3457256527707253,0,0
244,0.4,0.13267326732673268,0.18081712817047954,0.06964542392576087,1.1571074137565946,0,0
