,foreground,bg_means,bg_stdev,pvals,minus_logs,regs,active
2,0.0,0.013861386138613863,0.05079507064705211,1.0,-0.0,0,0
3,0.0,0.013861386138613863,0.05079507064705211,1.0,-0.0,0,0
4,0.0,0.0,0.0,1.0,-0.0,0,0
5,0.0,0.0,0.0,1.0,-0.0,0,0
6,0.0,0.0,0.0,1.0,-0.0,0,0
7,0.0,0.0,0.0,1.0,-0.0,0,0
8,0.0,0.0,0.0,1.0,-0.0,0,0
9,0.0,0.0,0.0,1.0,-0.0,0,0
10,0.0,0.0,0.0,1.0,-0.0,0,0
11,0.0,0.02772277227722773,0.06910862719451544,1.0,-0.0,0,0
12,0.0,0.02772277227722773,0.06910862719451544,1.0,-0.0,0,0
13,0.0,0.05544554455445545,0.09797478714338996,1.0,-0.0,0,0
14,0.0,0.05544554455445545,0.09797478714338996,1.0,-0.0,0,0
15,0.0,0.16435643564356434,0.1551646576171068,1.0,-0.0,0,0
16,0.0,0.13663366336633662,0.1405243168254271,1.0,-0.0,0,0
17,0.0,0.13663366336633662,0.1405243168254271,1.0,-0.0,0,0
18,0.0,0.1069306930693069,0.11795067415315191,1.0,-0.0,0,0
19,0.0,0.1069306930693069,0.11795067415315191,1.0,-0.0,0,0
20,0.0,0.0,0.0,1.0,-0.0,0,0
21,0.0,0.0,0.0,1.0,-0.0,0,0
22,0.0,0.0,0.0,1.0,-0.0,0,0
23,0.0,0.0,0.0,1.0,-0.0,0,0
24,0.0,0.0,0.0,1.0,-0.0,0,0
25,0.0,0.0,0.0,1.0,-0.0,0,0
26,0.0,0.0,0.0,1.0,-0.0,0,0
27,0.0,0.0,0.0,1.0,-0.0,0,0
28,0.0,0.0,0.0,1.0,-0.0,0,0
29,0.0,0.0,0.0,1.0,-0.0,0,0
30,0.0,0.0,0.0,1.0,-0.0,0,0
31,0.0,0.0,0.0,1.0,-0.0,0,0
32,0.0,0.0,0.0,1.0,-0.0,0,0
33,0.0,0.0,0.0,1.0,-0.0,0,0
34,0.0,0.0,0.0,1.0,-0.0,0,0
35,0.0,0.0,0.0,1.0,-0.0,0,0
36,0.0,0.0,0.0,1.0,-0.0,0,0
37,0.0,0.0,0.0,1.0,-0.0,0,0
38,0.0,0.0,0.0,1.0,-0.0,0,0
39,0.0,0.0,0.0,1.0,-0.0,0,0
40,0.0,0.0,0.0,1.0,-0.0,0,0
41,0.0,0.0,0.0,1.0,-0.0,0,0
42,0.0,0.0,0.0,1.0,-0.0,0,0
43,0.0,0.0,0.0,1.0,-0.0,0,0
44,0.0,0.0,0.0,1.0,-0.0,0,0
45,0.0,0.0,0.0,1.0,-0.0,0,0
46,0.0,0.0,0.0,1.0,-0.0,0,0
47,0.0,0.0,0.0,1.0,-0.0,0,0
48,0.0,0.0,0.0,1.0,-0.0,0,0
49,0.0,0.0,0.0,1.0,-0.0,0,0
50,0.0,0.0,0.0,1.0,-0.0,0,0
51,0.0,0.0,0.0,1.0,-0.0,0,0
52,0.0,0.0,0.0,1.0,-0.0,0,0
53,0.0,0.0,0.0,1.0,-0.0,0,0
54,0.0,0.0,0.0,1.0,-0.0,0,0
55,0.0,0.0,0.0,1.0,-0.0,0,0
56,0.0,0.0,0.0,1.0,-0.0,0,0
57,0.0,0.0,0.0,1.0,-0.0,0,0
58,0.0,0.0,0.0,1.0,-0.0,0,0
59,0.0,0.0,0.0,1.0,-0.0,0,0
60,0.0,0.0,0.0,1.0,-0.0,0,0
61,0.0,0.0,0.0,1.0,-0.0,0,0
62,0.0,0.0,0.0,1.0,-0.0,0,0
63,0.0,0.0,0.0,1.0,-0.0,0,0
64,0.0,0.0,0.0,1.0,-0.0,0,0
65,0.0,0.0,0.0,1.0,-0.0,0,0
66,0.0,0.0,0.0,1.0,-0.0,0,0
67,0.0,0.0,0.0,1.0,-0.0,0,0
68,0.0,0.0,0.0,1.0,-0.0,0,0
69,0.0,0.0,0.0,1.0,-0.0,0,0
70,0.0,0.017821782178217824,0.056980176514606566,1.0,-0.0,0,0
71,0.0,0.017821782178217824,0.056980176514606566,1.0,-0.0,0,0
72,0.0,0.017821782178217824,0.056980176514606566,1.0,-0.0,0,0
73,0.0,0.017821782178217824,0.056980176514606566,1.0,-0.0,0,0
74,0.0,0.017821782178217824,0.056980176514606566,1.0,-0.0,0,0
75,0.0,0.0,0.0,1.0,-0.0,0,0
76,0.0,0.0,0.0,1.0,-0.0,0,0
77,0.0,0.0,0.0,1.0,-0.0,0,0
78,0.0,0.0,0.0,1.0,-0.0,0,0
79,0.0,0.0,0.0,1.0,-0.0,0,0
80,0.0,0.0,0.0,1.0,-0.0,0,0
81,0.0,0.0,0.0,1.0,-0.0,0,0
82,0.0,0.0,0.0,1.0,-0.0,0,0
83,0.0,0.0,0.0,1.0,-0.0,0,0
84,0.0,0.0,0.0,1.0,-0.0,0,0
85,0.0,0.0,0.0,1.0,-0.0,0,0
86,0.0,0.0,0.0,1.0,-0.0,0,0
87,0.0,0.0,0.0,1.0,-0.0,0,0
88,0.0,0.0,0.0,1.0,-0.0,0,0
89,0.0,0.0,0.0,1.0,-0.0,0,0
90,0.0,0.0,0.0,1.0,-0.0,0,0
91,0.0,0.0,0.0,1.0,-0.0,0,0
92,0.0,0.0,0.0,1.0,-0.0,0,0
93,0.0,0.0,0.0,1.0,-0.0,0,0
94,0.0,0.0,0.0,1.0,-0.0,0,0
95,0.0,0.0,0.0,1.0,-0.0,0,0
96,0.0,0.0,0.0,1.0,-0.0,0,0
97,0.0,0.0,0.0,1.0,-0.0,0,0
98,0.0,0.0,0.0,1.0,-0.0,0,0
99,0.0,0.0,0.0,1.0,-0.0,0,0
100,0.0,0.0,0.0,1.0,-0.0,0,0
101,0.0,0.0,0.0,1.0,-0.0,0,0
102,0.0,0.0,0.0,1.0,-0.0,0,0
103,0.0,0.0,0.0,1.0,-0.0,0,0
104,0.0,0.0,0.0,1.0,-0.0,0,0
105,0.0,0.0,0.0,1.0,-0.0,0,0
106,0.0,0.0,0.0,1.0,-0.0,0,0
107,0.0,0.0,0.0,1.0,-0.0,0,0
108,0.0,0.0,0.0,1.0,-0.0,0,0
109,0.0,0.0,0.0,1.0,-0.0,0,0
110,0.0,0.0,0.0,1.0,-0.0,0,0
111,0.0,0.0,0.0,1.0,-0.0,0,0
112,0.0,0.0,0.0,1.0,-0.0,0,0
113,0.0,0.0,0.0,1.0,-0.0,0,0
114,0.0,0.0,0.0,1.0,-0.0,0,0
115,0.0,0.0,0.0,1.0,-0.0,0,0
116,0.0,0.0,0.0,1.0,-0.0,0,0
117,0.0,0.0,0.0,1.0,-0.0,0,0
118,0.0,0.0,0.0,1.0,-0.0,0,0
119,0.0,0.0,0.0,1.0,-0.0,0,0
120,0.0,0.0,0.0,1.0,-0.0,0,0
121,0.0,0.0,0.0,1.0,-0.0,0,0
122,0.0,0.0,0.0,1.0,-0.0,0,0
123,0.0,0.0,0.0,1.0,-0.0,0,0
124,0.0,0.0,0.0,1.0,-0.0,0,0
125,0.0,0.0,0.0,1.0,-0.0,0,0
126,0.0,0.0,0.0,1.0,-0.0,0,0
127,0.0,0.0,0.0,1.0,-0.0,0,0
128,0.0,0.0,0.0,1.0,-0.0,0,0
129,0.0,0.0,0.0,1.0,-0.0,0,0
130,0.0,0.0,0.0,1.0,-0.0,0,0
131,0.0,0.0,0.0,1.0,-0.0,0,0
132,0.0,0.0,0.0,1.0,-0.0,0,0
133,0.0,0.0,0.0,1.0,-0.0,0,0
134,0.0,0.0,0.0,1.0,-0.0,0,0
135,0.0,0.0,0.0,1.0,-0.0,0,0
136,0.0,0.0,0.0,1.0,-0.0,0,0
137,0.0,0.0,0.0,1.0,-0.0,0,0
138,0.0,0.0,0.0,1.0,-0.0,0,0
139,0.0,0.0,0.0,1.0,-0.0,0,0
140,0.0,0.0,0.0,1.0,-0.0,0,0
141,0.0,0.0,0.0,1.0,-0.0,0,0
142,0.0,0.0,0.0,1.0,-0.0,0,0
143,0.0,0.0,0.0,1.0,-0.0,0,0
144,0.0,0.0,0.0,1.0,-0.0,0,0
145,0.0,0.0,0.0,1.0,-0.0,0,0
146,0.0,0.0,0.0,1.0,-0.0,0,0
147,0.0,0.0,0.0,1.0,-0.0,0,0
148,0.0,0.0,0.0,1.0,-0.0,0,0
149,0.0,0.0,0.0,1.0,-0.0,0,0
150,0.0,0.0,0.0,1.0,-0.0,0,0
151,0.0,0.0,0.0,1.0,-0.0,0,0
152,0.0,0.0,0.0,1.0,-0.0,0,0
153,0.0,0.0,0.0,1.0,-0.0,0,0
154,0.0,0.0,0.0,1.0,-0.0,0,0
155,0.0,0.0,0.0,1.0,-0.0,0,0
156,0.0,0.0,0.0,1.0,-0.0,0,0
157,0.0,0.0,0.0,1.0,-0.0,0,0
158,0.0,0.0,0.0,1.0,-0.0,0,0
159,0.0,0.0,0.0,1.0,-0.0,0,0
160,0.0,0.0,0.0,1.0,-0.0,0,0
161,0.0,0.0,0.0,1.0,-0.0,0,0
162,0.0,0.0,0.0,1.0,-0.0,0,0
163,0.0,0.0,0.0,1.0,-0.0,0,0
164,0.0,0.0,0.0,1.0,-0.0,0,0
165,0.0,0.0,0.0,1.0,-0.0,0,0
166,0.0,0.0,0.0,1.0,-0.0,0,0
167,0.0,0.0,0.0,1.0,-0.0,0,0
168,0.0,0.0,0.0,1.0,-0.0,0,0
169,0.0,0.0,0.0,1.0,-0.0,0,0
170,0.0,0.0,0.0,1.0,-0.0,0,0
171,0.0,0.0,0.0,1.0,-0.0,0,0
172,0.0,0.0,0.0,1.0,-0.0,0,0
173,0.0,0.019801980198019802,0.059735061897023205,1.0,-0.0,0,0
174,0.0,0.039603960396039604,0.08452453849668534,1.0,-0.0,0,0
175,0.0,0.039603960396039604,0.08452453849668534,1.0,-0.0,0,0
176,0.0,0.039603960396039604,0.08452453849668534,1.0,-0.0,0,0
177,0.0,0.039603960396039604,0.08452453849668534,1.0,-0.0,0,0
178,0.0,0.019801980198019802,0.06603299802191315,1.0,-0.0,0,0
179,0.0,0.0,0.0,1.0,-0.0,0,0
180,0.0,0.0,0.0,1.0,-0.0,0,0
181,0.0,0.0,0.0,1.0,-0.0,0,0
182,0.0,0.0,0.0,1.0,-0.0,0,0
183,0.0,0.0,0.0,1.0,-0.0,0,0
184,0.0,0.015841584158415842,0.05401260078014202,1.0,-0.0,0,0
185,0.0,0.015841584158415842,0.05401260078014202,1.0,-0.0,0,0
186,0.0,0.015841584158415842,0.05401260078014202,1.0,-0.0,0,0
187,0.0,0.015841584158415842,0.05401260078014202,1.0,-0.0,0,0
188,0.0,0.015841584158415842,0.05401260078014202,1.0,-0.0,0,0
189,0.0,0.0,0.0,1.0,-0.0,0,0
190,0.0,0.0,0.0,1.0,-0.0,0,0
191,0.4,0.13069306930693064,0.10693069306930696,0.005892484309412802,2.22970156524734,0,0
192,0.4,0.13069306930693064,0.10693069306930696,0.005892484309412802,2.22970156524734,0,0
193,0.4,0.13069306930693064,0.10693069306930696,0.005892484309412802,2.22970156524734,0,0
194,0.4,0.13069306930693064,0.10693069306930696,0.005892484309412802,2.22970156524734,0,0
195,0.4,0.15247524752475244,0.11989604358986615,0.019485415604898262,1.7102903266950495,0,0
196,0.0,0.021782178217821784,0.06230547612891991,1.0,-0.0,0,0
197,0.0,0.021782178217821784,0.06230547612891991,1.0,-0.0,0,0
198,0.0,0.049504950495049514,0.09078727434730813,1.0,-0.0,0,0
199,0.0,0.049504950495049514,0.09078727434730813,1.0,-0.0,0,0
200,0.0,0.027722772277227727,0.06910862719451544,1.0,-0.0,0,0
201,0.0,0.041584158415841586,0.08116396646304633,1.0,-0.0,0,0
202,0.0,0.05544554455445545,0.09384550979067553,1.0,-0.0,0,0
203,0.0,0.027722772277227727,0.07461957893630407,1.0,-0.0,0,0
204,0.0,0.04950495049504951,0.10304643034659554,1.0,-0.0,0,0
205,0.0,0.04950495049504951,0.10304643034659554,1.0,-0.0,0,0
206,0.0,0.03564356435643565,0.09074407316744237,1.0,-0.0,0,0
207,0.0,0.021782178217821784,0.06836703565002801,1.0,-0.0,0,0
208,0.0,0.021782178217821784,0.06836703565002801,1.0,-0.0,0,0
209,0.0,0.0,0.0,1.0,-0.0,0,0
210,0.0,0.015841584158415842,0.054012600780142014,1.0,-0.0,0,0
211,0.0,0.015841584158415842,0.054012600780142014,1.0,-0.0,0,0
212,0.0,0.015841584158415842,0.054012600780142014,1.0,-0.0,0,0
213,0.0,0.015841584158415842,0.054012600780142014,1.0,-0.0,0,0
214,0.0,0.015841584158415842,0.054012600780142014,1.0,-0.0,0,0
215,0.0,0.0,0.0,1.0,-0.0,0,0
216,0.0,0.0,0.0,1.0,-0.0,0,0
217,0.0,0.0,0.0,1.0,-0.0,0,0
218,0.0,0.0,0.0,1.0,-0.0,0,0
219,0.0,0.015841584158415842,0.05401260078014202,1.0,-0.0,0,0
220,0.0,0.015841584158415842,0.05401260078014202,1.0,-0.0,0,0
221,0.0,0.015841584158415842,0.05401260078014202,1.0,-0.0,0,0
222,0.0,0.015841584158415842,0.05401260078014202,1.0,-0.0,0,0
223,0.0,0.015841584158415842,0.05401260078014202,1.0,-0.0,0,0
224,0.0,0.0,0.0,1.0,-0.0,0,0
225,0.0,0.0,0.0,1.0,-0.0,0,0
226,0.0,0.0,0.0,1.0,-0.0,0,0
227,0.0,0.0,0.0,1.0,-0.0,0,0
228,0.0,0.0,0.0,1.0,-0.0,0,0
229,0.0,0.015841584158415842,0.05401260078014202,1.0,-0.0,0,0
230,0.0,0.015841584158415842,0.05401260078014202,1.0,-0.0,0,0
231,0.0,0.015841584158415842,0.05401260078014202,1.0,-0.0,0,0
232,0.0,0.015841584158415842,0.05401260078014202,1.0,-0.0,0,0
233,0.0,0.015841584158415842,0.05401260078014202,1.0,-0.0,0,0
234,0.0,0.0039603960396039604,0.027863855998951064,1.0,-0.0,0,0
235,0.0,0.0039603960396039604,0.027863855998951064,1.0,-0.0,0,0
236,0.0,0.0039603960396039604,0.027863855998951064,1.0,-0.0,0,0
237,0.0,0.0039603960396039604,0.027863855998951064,1.0,-0.0,0,0
238,0.2,0.0297029702970297,0.07648795214189293,0.012991839772286904,1.8863293442020952,0,0
239,0.4,0.04356435643564357,0.08255312311158745,7.884896149188503e-06,5.103204022326377,0,0
240,0.4,0.06534653465346535,0.10571364605971598,0.0007736575764547356,3.1114512170453996,0,0
241,0.6,0.08712871287128712,0.1361881098142527,8.297392246778447e-05,4.081058378802864,0,0
242,0.6,0.08712871287128712,0.1361881098142527,8.297392246778447e-05,4.081058378802864,0,0
243,0.4,0.0613861386138614,0.11515834731523734,0.0016388402660386626,2.7854633740430548,0,0
244,0.2,0.04356435643564357,0.09164702150816742,0.043916930442951946,1.3573680223438191,0,0
245,0.2,0.02970297029702971,0.07648795214189293,0.012991839772286904,1.8863293442020952,0,0
246,0.0,0.007920792079207921,0.03900537743285587,1.0,-0.0,0,0
247,0.0,0.025742574257425745,0.0669763743575753,1.0,-0.0,0,0
248,0.0,0.025742574257425745,0.0669763743575753,1.0,-0.0,0,0
249,0.0,0.025742574257425745,0.0669763743575753,1.0,-0.0,0,0
250,0.0,0.017821782178217824,0.05698017651460656,1.0,-0.0,0,0
251,0.0,0.017821782178217824,0.05698017651460656,1.0,-0.0,0,0
252,0.0,0.0,0.0,1.0,-0.0,0,0
253,0.0,0.023762376237623766,0.07597356868614212,1.0,-0.0,0,0
254,0.0,0.023762376237623766,0.07597356868614212,1.0,-0.0,0,0
255,0.0,0.023762376237623766,0.07597356868614212,1.0,-0.0,0,0
256,0.0,0.023762376237623766,0.07597356868614212,1.0,-0.0,0,0
257,0.0,0.04158415841584158,0.0987719913927915,1.0,-0.0,0,0
258,0.0,0.033663366336633666,0.07482947971362845,1.0,-0.0,0,0
259,0.0,0.033663366336633666,0.07482947971362845,1.0,-0.0,0,0
260,0.0,0.033663366336633666,0.07482947971362845,1.0,-0.0,0,0
261,0.0,0.033663366336633666,0.07482947971362845,1.0,-0.0,0,0
262,0.0,0.015841584158415842,0.054012600780142014,1.0,-0.0,0,0
263,0.0,0.0,0.0,1.0,-0.0,0,0
264,0.0,0.0,0.0,1.0,-0.0,0,0
265,0.0,0.0,0.0,1.0,-0.0,0,0
266,0.0,0.0,0.0,1.0,-0.0,0,0
267,0.0,0.0,0.0,1.0,-0.0,0,0
268,0.0,0.0,0.0,1.0,-0.0,0,0
269,0.0,0.0,0.0,1.0,-0.0,0,0
270,0.0,0.0,0.0,1.0,-0.0,0,0
271,0.0,0.0,0.0,1.0,-0.0,0,0
272,0.0,0.0,0.0,1.0,-0.0,0,0
273,0.0,0.019801980198019802,0.059735061897023205,1.0,-0.0,0,0
274,0.0,0.019801980198019802,0.059735061897023205,1.0,-0.0,0,0
275,0.0,0.019801980198019802,0.059735061897023205,1.0,-0.0,0,0
276,0.0,0.03564356435643565,0.08154954567118415,1.0,-0.0,0,0
277,0.0,0.03564356435643565,0.08154954567118415,1.0,-0.0,0,0
278,0.0,0.015841584158415842,0.05401260078014202,1.0,-0.0,0,0
279,0.0,0.06732673267326733,0.10634234916512914,1.0,-0.0,0,0
280,0.0,0.06732673267326733,0.10634234916512914,1.0,-0.0,0,0
281,0.0,0.05148514851485149,0.096075322540263,1.0,-0.0,0,0
282,0.0,0.05148514851485149,0.096075322540263,1.0,-0.0,0,0
283,0.0,0.05148514851485149,0.096075322540263,1.0,-0.0,0,0
284,0.0,0.0,0.0,1.0,-0.0,0,0
285,0.0,0.0,0.0,1.0,-0.0,0,0
286,0.0,0.0,0.0,1.0,-0.0,0,0
287,0.0,0.0,0.0,1.0,-0.0,0,0
288,0.0,0.0,0.0,1.0,-0.0,0,0
289,0.0,0.0,0.0,1.0,-0.0,0,0
290,0.0,0.0,0.0,1.0,-0.0,0,0
291,0.0,0.0,0.0,1.0,-0.0,0,0
292,0.0,0.0,0.0,1.0,-0.0,0,0
293,0.0,0.01386138613861386,0.05079507064705211,1.0,-0.0,0,0
294,0.0,0.01386138613861386,0.05079507064705211,1.0,-0.0,0,0
295,0.0,0.01386138613861386,0.05079507064705211,1.0,-0.0,0,0
296,0.0,0.01386138613861386,0.05079507064705211,1.0,-0.0,0,0
297,0.0,0.03366336633663367,0.07482947971362847,1.0,-0.0,0,0
298,0.0,0.019801980198019802,0.059735061897023205,1.0,-0.0,0,0
299,0.0,0.019801980198019802,0.059735061897023205,1.0,-0.0,0,0
300,0.0,0.019801980198019802,0.059735061897023205,1.0,-0.0,0,0
301,0.0,0.019801980198019802,0.059735061897023205,1.0,-0.0,0,0
302,0.0,0.0,0.0,1.0,-0.0,0,0
303,0.0,0.0,0.0,1.0,-0.0,0,0
304,0.0,0.0,0.0,1.0,-0.0,0,0
305,0.0,0.0,0.0,1.0,-0.0,0,0
306,0.0,0.0,0.0,1.0,-0.0,0,0
307,0.0,0.0,0.0,1.0,-0.0,0,0
308,0.0,0.0,0.0,1.0,-0.0,0,0
309,0.0,0.0,0.0,1.0,-0.0,0,0
310,0.0,0.0,0.0,1.0,-0.0,0,0
311,0.0,0.0,0.0,1.0,-0.0,0,0
312,0.0,0.025742574257425745,0.0669763743575753,1.0,-0.0,0,0
313,0.0,0.025742574257425745,0.0669763743575753,1.0,-0.0,0,0
314,0.0,0.025742574257425745,0.0669763743575753,1.0,-0.0,0,0
315,0.0,0.04554455445544554,0.09283729243351323,1.0,-0.0,0,0
316,0.0,0.04554455445544554,0.09283729243351323,1.0,-0.0,0,0
317,0.0,0.019801980198019802,0.059735061897023205,1.0,-0.0,0,0
318,0.0,0.019801980198019802,0.059735061897023205,1.0,-0.0,0,0
319,0.0,0.019801980198019802,0.059735061897023205,1.0,-0.0,0,0
320,0.0,0.011881188118811883,0.047276579747775535,1.0,-0.0,0,0
321,0.0,0.011881188118811883,0.047276579747775535,1.0,-0.0,0,0
322,0.0,0.011881188118811883,0.047276579747775535,1.0,-0.0,0,0
323,0.0,0.011881188118811883,0.047276579747775535,1.0,-0.0,0,0
324,0.0,0.011881188118811883,0.047276579747775535,1.0,-0.0,0,0
325,0.0,0.0,0.0,1.0,-0.0,0,0
326,0.0,0.0,0.0,1.0,-0.0,0,0
327,0.0,0.0,0.0,1.0,-0.0,0,0
328,0.0,0.0,0.0,1.0,-0.0,0,0
329,0.0,0.0,0.0,1.0,-0.0,0,0
330,0.0,0.0,0.0,1.0,-0.0,0,0
331,0.0,0.015841584158415842,0.054012600780142014,1.0,-0.0,0,0
332,0.0,0.015841584158415842,0.054012600780142014,1.0,-0.0,0,0
333,0.0,0.015841584158415842,0.054012600780142014,1.0,-0.0,0,0
334,0.0,0.015841584158415842,0.054012600780142014,1.0,-0.0,0,0
335,0.0,0.015841584158415842,0.054012600780142014,1.0,-0.0,0,0
336,0.0,0.0,0.0,1.0,-0.0,0,0
337,0.0,0.0,0.0,1.0,-0.0,0,0
338,0.0,0.0,0.0,1.0,-0.0,0,0
339,0.0,0.0,0.0,1.0,-0.0,0,0
340,0.0,0.011881188118811881,0.047276579747775535,1.0,-0.0,0,0
341,0.0,0.011881188118811881,0.047276579747775535,1.0,-0.0,0,0
342,0.0,0.011881188118811881,0.047276579747775535,1.0,-0.0,0,0
343,0.0,0.011881188118811881,0.047276579747775535,1.0,-0.0,0,0
344,0.0,0.011881188118811881,0.047276579747775535,1.0,-0.0,0,0
345,0.0,0.0,0.0,1.0,-0.0,0,0
346,0.0,0.0,0.0,1.0,-0.0,0,0
347,0.0,0.0,0.0,1.0,-0.0,0,0
348,0.0,0.0,0.0,1.0,-0.0,0,0
349,0.0,0.0,0.0,1.0,-0.0,0,0
350,0.0,0.0,0.0,1.0,-0.0,0,0
351,0.0,0.0,0.0,1.0,-0.0,0,0
352,0.0,0.0,0.0,1.0,-0.0,0,0
353,0.0,0.0,0.0,1.0,-0.0,0,0
354,0.0,0.0,0.0,1.0,-0.0,0,0
355,0.0,0.0,0.0,1.0,-0.0,0,0
356,0.0,0.0,0.0,1.0,-0.0,0,0
357,0.0,0.0,0.0,1.0,-0.0,0,0
358,0.0,0.0,0.0,1.0,-0.0,0,0
359,0.0,0.0,0.0,1.0,-0.0,0,0
360,0.0,0.0,0.0,1.0,-0.0,0,0
361,0.0,0.0,0.0,1.0,-0.0,0,0
362,0.0,0.0,0.0,1.0,-0.0,0,0
363,0.0,0.0,0.0,1.0,-0.0,0,0
364,0.0,0.0,0.0,1.0,-0.0,0,0
365,0.0,0.0,0.0,1.0,-0.0,0,0
366,0.0,0.0,0.0,1.0,-0.0,0,0
367,0.0,0.0,0.0,1.0,-0.0,0,0
368,0.0,0.0,0.0,1.0,-0.0,0,0
369,0.0,0.0,0.0,1.0,-0.0,0,0
370,0.0,0.0,0.0,1.0,-0.0,0,0
371,0.0,0.0,0.0,1.0,-0.0,0,0
372,0.0,0.0,0.0,1.0,-0.0,0,0
373,0.0,0.0,0.0,1.0,-0.0,0,0
374,0.0,0.0,0.0,1.0,-0.0,0,0
375,0.0,0.0,0.0,1.0,-0.0,0,0
376,0.0,0.011881188118811883,0.047276579747775535,1.0,-0.0,0,0
377,0.0,0.011881188118811883,0.047276579747775535,1.0,-0.0,0,0
378,0.0,0.011881188118811883,0.047276579747775535,1.0,-0.0,0,0
379,0.0,0.011881188118811883,0.047276579747775535,1.0,-0.0,0,0
380,0.0,0.011881188118811883,0.047276579747775535,1.0,-0.0,0,0
381,0.0,0.0,0.0,1.0,-0.0,0,0
382,0.0,0.0,0.0,1.0,-0.0,0,0
383,0.0,0.0,0.0,1.0,-0.0,0,0
384,0.0,0.0,0.0,1.0,-0.0,0,0
385,0.0,0.021782178217821784,0.06230547612891991,1.0,-0.0,0,0
386,0.0,0.021782178217821784,0.06230547612891991,1.0,-0.0,0,0
387,0.0,0.021782178217821784,0.06230547612891991,1.0,-0.0,0,0
388,0.0,0.021782178217821784,0.06230547612891991,1.0,-0.0,0,0
389,0.0,0.049504950495049514,0.08631483056516186,1.0,-0.0,0,0
390,0.0,0.027722772277227727,0.06910862719451544,1.0,-0.0,0,0
391,0.0,0.027722772277227727,0.06910862719451544,1.0,-0.0,0,0
392,0.0,0.027722772277227727,0.06910862719451544,1.0,-0.0,0,0
393,0.0,0.027722772277227727,0.06910862719451544,1.0,-0.0,0,0
394,0.0,0.0,0.0,1.0,-0.0,0,0
395,0.0,0.0,0.0,1.0,-0.0,0,0
396,0.0,0.0,0.0,1.0,-0.0,0,0
397,0.0,0.0,0.0,1.0,-0.0,0,0
398,0.0,0.023762376237623766,0.06471340450838889,1.0,-0.0,0,0
399,0.0,0.023762376237623766,0.06471340450838889,1.0,-0.0,0,0
400,0.0,0.023762376237623766,0.06471340450838889,1.0,-0.0,0,0
401,0.0,0.023762376237623766,0.06471340450838889,1.0,-0.0,0,0
402,0.0,0.023762376237623766,0.06471340450838889,1.0,-0.0,0,0
403,0.0,0.0,0.0,1.0,-0.0,0,0
