,foreground,bg_means,bg_stdev,pvals,minus_logs,regs,active
2,0.0,0.013861386138613863,0.05079507064705211,1.0,-0.0,0,0
3,0.0,0.02772277227722772,0.06910862719451544,1.0,-0.0,0,0
4,0.0,0.02772277227722772,0.06910862719451544,1.0,-0.0,0,0
5,0.0,0.02772277227722772,0.06910862719451544,1.0,-0.0,0,0
6,0.0,0.013861386138613863,0.05079507064705211,1.0,-0.0,0,0
7,0.0,0.013861386138613863,0.05079507064705211,1.0,-0.0,0,0
8,0.0,0.0,0.0,1.0,-0.0,0,0
9,0.0,0.0,0.0,1.0,-0.0,0,0
10,0.0,0.0,0.0,1.0,-0.0,0,0
11,0.0,0.0,0.0,1.0,-0.0,0,0
12,0.0,0.0,0.0,1.0,-0.0,0,0
13,0.0,0.0,0.0,1.0,-0.0,0,0
14,0.0,0.0,0.0,1.0,-0.0,0,0
15,0.0,0.041584158415841586,0.0946774898050053,1.0,-0.0,0,0
16,0.0,0.041584158415841586,0.0946774898050053,1.0,-0.0,0,0
17,0.0,0.041584158415841586,0.0946774898050053,1.0,-0.0,0,0
18,0.0,0.05544554455445545,0.10575073206193021,1.0,-0.0,0,0
19,0.0,0.09504950495049502,0.12457948087149172,1.0,-0.0,0,0
20,0.0,0.05346534653465347,0.09704990696905226,1.0,-0.0,0,0
21,0.0,0.05346534653465347,0.09704990696905226,1.0,-0.0,0,0
22,0.0,0.05346534653465347,0.09704990696905226,1.0,-0.0,0,0
23,0.0,0.039603960396039604,0.08452453849668534,1.0,-0.0,0,0
24,0.0,0.0,0.0,1.0,-0.0,0,0
25,0.0,0.0,0.0,1.0,-0.0,0,0
26,0.0,0.0,0.0,1.0,-0.0,0,0
27,0.0,0.0,0.0,1.0,-0.0,0,0
28,0.0,0.019801980198019802,0.0597350618970232,1.0,-0.0,0,0
29,0.0,0.019801980198019802,0.0597350618970232,1.0,-0.0,0,0
30,0.0,0.019801980198019802,0.0597350618970232,1.0,-0.0,0,0
31,0.0,0.06336633663366337,0.10874875419996817,1.0,-0.0,0,0
32,0.0,0.06336633663366337,0.10874875419996817,1.0,-0.0,0,0
33,0.0,0.04356435643564357,0.08721867542790196,1.0,-0.0,0,0
34,0.6,0.33267326732673275,0.253728205284023,0.1460342219594135,0.8355453588282099,0,0
35,0.6,0.33267326732673275,0.253728205284023,0.1460342219594135,0.8355453588282099,0,0
36,0.6,0.2891089108910891,0.24450434408621793,0.10177263964823015,0.9923689611631148,0,0
37,0.6,0.2891089108910891,0.24450434408621793,0.10177263964823015,0.9923689611631148,0,0
38,0.6,0.3287128712871287,0.2722610256205499,0.15952234835080453,0.7971784656755421,0,0
39,0.0,0.039603960396039604,0.09342674148186494,1.0,-0.0,0,0
40,0.0,0.039603960396039604,0.09342674148186494,1.0,-0.0,0,0
41,0.0,0.039603960396039604,0.09342674148186494,1.0,-0.0,0,0
42,0.0,0.039603960396039604,0.09342674148186494,1.0,-0.0,0,0
43,0.0,0.0,0.0,1.0,-0.0,0,0
44,0.2,0.021782178217821784,0.06230547612891991,0.002115616449879084,2.6745630648030154,0,0
45,0.2,0.021782178217821784,0.06230547612891991,0.002115616449879084,2.6745630648030154,0,0
46,0.2,0.021782178217821784,0.06230547612891991,0.002115616449879084,2.6745630648030154,0,0
47,0.2,0.021782178217821784,0.06230547612891991,0.002115616449879084,2.6745630648030154,0,0
48,0.2,0.021782178217821784,0.06230547612891991,0.002115616449879084,2.6745630648030154,0,0
49,0.0,0.0,0.0,1.0,-0.0,0,0
50,0.0,0.0,0.0,1.0,-0.0,0,0
51,0.0,0.0,0.0,1.0,-0.0,0,0
52,0.0,0.0,0.0,1.0,-0.0,0,0
53,0.2,0.35247524752475257,0.2858352566458001,1.0,-0.0,0,0
54,0.2,0.35247524752475257,0.2858352566458001,1.0,-0.0,0,0
55,0.2,0.35247524752475257,0.2858352566458001,1.0,-0.0,0,0
56,0.2,0.35247524752475257,0.2858352566458001,1.0,-0.0,0,0
57,0.2,0.40594059405940597,0.31016500947817693,1.0,-0.0,0,0
58,0.0,0.05346534653465348,0.10489443673781408,1.0,-0.0,0,0
59,0.2,0.3405940594059405,0.24783347084613097,1.0,-0.0,0,0
60,0.2,0.3405940594059405,0.24783347084613097,1.0,-0.0,0,0
61,0.2,0.3524752475247524,0.24559245779931643,1.0,-0.0,0,0
62,0.2,0.29702970297029707,0.2297029702970297,1.0,-0.0,0,0
63,0.2,0.29702970297029707,0.2297029702970297,1.0,-0.0,0,0
64,0.0,0.011881188118811883,0.047276579747775535,1.0,-0.0,0,0
65,0.2,0.2910891089108911,0.2525509496292024,1.0,-0.0,0,0
66,0.2,0.27920792079207923,0.24868638315151845,1.0,-0.0,0,0
67,0.2,0.27920792079207923,0.24868638315151845,1.0,-0.0,0,0
68,0.2,0.5722772277227722,0.3031579047691115,1.0,-0.0,0,0
69,0.2,0.5722772277227722,0.3031579047691115,1.0,-0.0,0,0
70,0.4,0.3544554455445545,0.25310927960239055,0.4285997264949641,0.36794811043316766,0,0
71,0.4,0.3544554455445545,0.25310927960239055,0.4285997264949641,0.36794811043316766,0,0
72,0.4,0.3544554455445545,0.25310927960239055,0.4285997264949641,0.36794811043316766,0,0
73,0.4,0.061386138613861385,0.10806149425459212,0.0008635882888169143,3.0636932557966734,0,0
74,0.4,0.36237623762376237,0.24163284690347092,0.43813225602717065,0.35839477216095517,0,0
75,0.0,0.299009900990099,0.20990099009900987,1.0,-0.0,0,0
76,0.0,0.299009900990099,0.20990099009900987,1.0,-0.0,0,0
77,0.0,0.299009900990099,0.20990099009900987,1.0,-0.0,0,0
78,0.0,0.299009900990099,0.20990099009900987,1.0,-0.0,0,0
79,0.0,0.0,0.0,1.0,-0.0,0,0
80,0.0,0.0,0.0,1.0,-0.0,0,0
81,0.0,0.0,0.0,1.0,-0.0,0,0
82,0.0,0.0,0.0,1.0,-0.0,0,0
83,0.0,0.0,0.0,1.0,-0.0,0,0
84,0.0,0.0,0.0,1.0,-0.0,0,0
85,0.0,0.08514851485148513,0.12054836637801526,1.0,-0.0,0,0
86,0.0,0.08514851485148513,0.12054836637801526,1.0,-0.0,0,0
87,0.0,0.08514851485148513,0.12054836637801526,1.0,-0.0,0,0
88,0.0,0.08514851485148513,0.12054836637801526,1.0,-0.0,0,0
89,0.0,0.08514851485148513,0.12054836637801526,1.0,-0.0,0,0
90,0.0,0.0,0.0,1.0,-0.0,0,0
91,0.0,0.0,0.0,1.0,-0.0,0,0
92,0.0,0.0,0.0,1.0,-0.0,0,0
93,0.0,0.0,0.0,1.0,-0.0,0,0
94,0.0,0.0297029702970297,0.07112192077650681,1.0,-0.0,0,0
95,0.0,0.0297029702970297,0.07112192077650681,1.0,-0.0,0,0
96,0.0,0.0297029702970297,0.07112192077650681,1.0,-0.0,0,0
97,0.0,0.0297029702970297,0.07112192077650681,1.0,-0.0,0,0
98,0.0,0.0297029702970297,0.07112192077650681,1.0,-0.0,0,0
99,0.0,0.0,0.0,1.0,-0.0,0,0
100,0.0,0.0,0.0,1.0,-0.0,0,0
101,0.0,0.0,0.0,1.0,-0.0,0,0
102,0.0,0.0,0.0,1.0,-0.0,0,0
103,0.0,0.0,0.0,1.0,-0.0,0,0
104,0.0,0.0,0.0,1.0,-0.0,0,0
105,0.0,0.0,0.0,1.0,-0.0,0,0
106,0.0,0.0,0.0,1.0,-0.0,0,0
107,0.0,0.0,0.0,1.0,-0.0,0,0
108,0.0,0.0,0.0,1.0,-0.0,0,0
109,0.0,0.0,0.0,1.0,-0.0,0,0
110,0.0,0.0,0.0,1.0,-0.0,0,0
111,0.0,0.0,0.0,1.0,-0.0,0,0
112,0.0,0.0,0.0,1.0,-0.0,0,0
113,0.0,0.08712871287128712,0.11402914890208296,1.0,-0.0,0,0
114,0.0,0.08712871287128712,0.11402914890208296,1.0,-0.0,0,0
115,0.0,0.08712871287128712,0.11402914890208296,1.0,-0.0,0,0
116,0.0,0.08712871287128712,0.11402914890208296,1.0,-0.0,0,0
117,0.0,0.16831683168316827,0.1534621526336441,1.0,-0.0,0,0
118,0.0,0.07920792079207921,0.11966689053257921,1.0,-0.0,0,0
119,0.0,0.07920792079207921,0.11966689053257921,1.0,-0.0,0,0
120,0.0,0.07920792079207921,0.11966689053257921,1.0,-0.0,0,0
121,0.0,0.07920792079207921,0.11966689053257921,1.0,-0.0,0,0
122,0.0,0.0,0.0,1.0,-0.0,0,0
123,0.0,0.0,0.0,1.0,-0.0,0,0
124,0.0,0.0,0.0,1.0,-0.0,0,0
125,0.0,0.0,0.0,1.0,-0.0,0,0
126,0.0,0.0,0.0,1.0,-0.0,0,0
127,0.0,0.0,0.0,1.0,-0.0,0,0
128,0.0,0.0,0.0,1.0,-0.0,0,0
129,0.0,0.0,0.0,1.0,-0.0,0,0
130,0.0,0.023762376237623766,0.07056843438101175,1.0,-0.0,0,0
131,0.0,0.023762376237623766,0.07056843438101175,1.0,-0.0,0,0
132,0.0,0.023762376237623766,0.07056843438101175,1.0,-0.0,0,0
133,0.0,0.023762376237623766,0.07056843438101175,1.0,-0.0,0,0
134,0.0,0.023762376237623766,0.07056843438101175,1.0,-0.0,0,0
135,0.0,0.0,0.0,1.0,-0.0,0,0
136,0.0,0.061386138613861385,0.10046456153636296,1.0,-0.0,0,0
137,0.0,0.10099009900990098,0.12781100644043505,1.0,-0.0,0,0
138,0.0,0.10099009900990098,0.12781100644043505,1.0,-0.0,0,0
139,0.0,0.20198019801980194,0.17909574739952497,1.0,-0.0,0,0
140,0.0,0.20198019801980194,0.17909574739952497,1.0,-0.0,0,0
141,0.0,0.14059405940594058,0.15806892707703052,1.0,-0.0,0,0
142,0.0,0.09900990099009901,0.1308729634998678,1.0,-0.0,0,0
143,0.0,0.09900990099009901,0.1308729634998678,1.0,-0.0,0,0
144,0.0,0.0,0.0,1.0,-0.0,0,0
145,0.0,0.0,0.0,1.0,-0.0,0,0
146,0.0,0.0,0.0,1.0,-0.0,0,0
147,0.0,0.0,0.0,1.0,-0.0,0,0
148,0.0,0.0,0.0,1.0,-0.0,0,0
149,0.0,0.0,0.0,1.0,-0.0,0,0
150,0.0,0.0,0.0,1.0,-0.0,0,0
151,0.0,0.0,0.0,1.0,-0.0,0,0
152,0.0,0.0,0.0,1.0,-0.0,0,0
153,0.0,0.0,0.0,1.0,-0.0,0,0
154,0.0,0.05544554455445545,0.09797478714338996,1.0,-0.0,0,0
155,0.0,0.05544554455445545,0.09797478714338996,1.0,-0.0,0,0
156,0.0,0.061386138613861385,0.10046456153636296,1.0,-0.0,0,0
157,1.0,0.41584158415841593,0.29205067825087716,0.02273958553515835,1.6432174552786292,0,0
158,1.0,0.41584158415841593,0.29205067825087716,0.02273958553515835,1.6432174552786292,0,0
159,1.0,0.3603960396039604,0.2685049211049634,0.008607251408634314,2.0651355115704173,0,0
160,1.0,0.3603960396039604,0.2685049211049634,0.008607251408634314,2.0651355115704173,0,0
161,1.6,0.7069306930693067,0.354394596248327,0.005867980467681345,2.2315113404307194,0,0
162,0.6,0.35445544554455455,0.2668202021814095,0.17871787058963684,0.7478320187846423,0,0
163,0.6,0.35445544554455455,0.2668202021814095,0.17871787058963684,0.7478320187846423,0,0
164,0.6,0.35445544554455455,0.2668202021814095,0.17871787058963684,0.7478320187846423,0,0
165,0.6,0.35445544554455455,0.2668202021814095,0.17871787058963684,0.7478320187846423,0,0
166,0.0,0.0,0.0,1.0,-0.0,0,0
167,0.0,0.019801980198019802,0.059735061897023205,1.0,-0.0,0,0
168,0.0,0.019801980198019802,0.059735061897023205,1.0,-0.0,0,0
169,0.0,0.025742574257425745,0.0669763743575753,1.0,-0.0,0,0
170,0.0,0.025742574257425745,0.0669763743575753,1.0,-0.0,0,0
171,0.2,0.0712871287128713,0.1213265242141813,0.1443722417000341,0.8405163000860171,0,0
172,0.2,0.09504950495049505,0.1277189346265117,0.20561525732768132,0.6869446624035489,0,0
173,0.2,0.09504950495049505,0.1277189346265117,0.20561525732768132,0.6869446624035489,0,0
174,0.2,0.08910891089108909,0.12097048989545554,0.17965547706514468,0.7455595381425463,0,0
175,0.2,0.08910891089108909,0.12097048989545554,0.17965547706514468,0.7455595381425463,0,0
176,0.0,0.04356435643564357,0.08255312311158745,1.0,-0.0,0,0
177,0.0,0.0,0.0,1.0,-0.0,0,0
178,0.0,0.013861386138613863,0.05079507064705211,1.0,-0.0,0,0
179,0.0,0.013861386138613863,0.05079507064705211,1.0,-0.0,0,0
180,0.0,0.11683168316831682,0.13575553664160483,1.0,-0.0,0,0
181,0.0,0.16435643564356434,0.1473086329774043,1.0,-0.0,0,0
182,0.4,0.1881188118811881,0.1587619980421976,0.09100630412732776,1.0409285224823976,0,0
183,0.4,0.17425742574257425,0.15067732578017268,0.0670425398944766,1.1736495408983514,0,0
184,0.4,0.19603960396039602,0.17344545299372824,0.1198106361896666,0.9215046257410466,0,0
185,0.4,0.09108910891089109,0.13357165904190144,0.010369628165199637,1.9842368162915016,0,0
186,0.4,0.06534653465346535,0.1129581045303102,0.001525097508658427,2.816702388370638,0,0
187,0.0,0.041584158415841586,0.08116396646304633,1.0,-0.0,0,0
188,0.0,0.06336633663366337,0.10120342446875752,1.0,-0.0,0,0
189,0.0,0.04158415841584158,0.08590499787518362,1.0,-0.0,0,0
190,0.0,0.04158415841584158,0.08590499787518362,1.0,-0.0,0,0
191,0.0,0.021782178217821784,0.06230547612891991,1.0,-0.0,0,0
192,0.0,0.021782178217821784,0.06230547612891991,1.0,-0.0,0,0
193,0.0,0.0,0.0,1.0,-0.0,0,0
194,0.0,0.0,0.0,1.0,-0.0,0,0
195,0.0,0.0,0.0,1.0,-0.0,0,0
196,0.0,0.19405940594059404,0.18764923153239027,1.0,-0.0,0,0
197,0.0,0.19405940594059404,0.18764923153239027,1.0,-0.0,0,0
198,0.0,0.19405940594059404,0.18764923153239027,1.0,-0.0,0,0
199,0.0,0.19405940594059404,0.18764923153239027,1.0,-0.0,0,0
200,0.0,0.19405940594059404,0.18764923153239027,1.0,-0.0,0,0
201,0.0,0.0,0.0,1.0,-0.0,0,0
202,0.0,0.0,0.0,1.0,-0.0,0,0
203,0.0,0.0,0.0,1.0,-0.0,0,0
204,0.0,0.0,0.0,1.0,-0.0,0,0
205,0.0,0.0,0.0,1.0,-0.0,0,0
206,0.0,0.0,0.0,1.0,-0.0,0,0
207,0.0,0.0,0.0,1.0,-0.0,0,0
208,0.0,0.0,0.0,1.0,-0.0,0,0
209,0.0,0.0,0.0,1.0,-0.0,0,0
210,0.0,0.0,0.0,1.0,-0.0,0,0
211,0.0,0.0,0.0,1.0,-0.0,0,0
212,0.0,0.0,0.0,1.0,-0.0,0,0
213,0.0,0.0,0.0,1.0,-0.0,0,0
214,0.0,0.0,0.0,1.0,-0.0,0,0
215,0.0,0.0,0.0,1.0,-0.0,0,0
216,0.0,0.0,0.0,1.0,-0.0,0,0
217,0.0,0.0,0.0,1.0,-0.0,0,0
218,0.0,0.043564356435643575,0.08255312311158747,1.0,-0.0,0,0
219,0.0,0.043564356435643575,0.08255312311158747,1.0,-0.0,0,0
220,0.0,0.07524752475247524,0.10845991237726064,1.0,-0.0,0,0
221,0.0,0.07524752475247524,0.10845991237726064,1.0,-0.0,0,0
222,0.0,0.12574257425742574,0.14257425742574256,1.0,-0.0,0,0
223,0.0,0.08118811881188118,0.12325042629382527,1.0,-0.0,0,0
224,0.0,0.15049504950495046,0.17212921831366915,1.0,-0.0,0,0
225,0.0,0.1168316831683168,0.1442421691205886,1.0,-0.0,0,0
226,0.0,0.1168316831683168,0.1442421691205886,1.0,-0.0,0,0
227,0.0,0.13762376237623758,0.1584900816139702,1.0,-0.0,0,0
228,0.0,0.15049504950495046,0.1650824950547828,1.0,-0.0,0,0
229,0.0,0.08118811881188118,0.11320083903331847,1.0,-0.0,0,0
230,0.0,0.08118811881188118,0.11320083903331847,1.0,-0.0,0,0
231,0.0,0.08118811881188118,0.11320083903331847,1.0,-0.0,0,0
232,0.0,0.011881188118811881,0.047276579747775535,1.0,-0.0,0,0
233,0.2,0.03564356435643565,0.09074407316744237,0.03505429232785738,1.4552587959521424,0,0
234,0.2,0.03564356435643565,0.09074407316744237,0.03505429232785738,1.4552587959521424,0,0
235,0.4,0.10297029702970295,0.13676274574124359,0.014933066394861737,1.8258510039542,0,0
