,foreground,bg_means,bg_stdev,pvals,minus_logs,regs,active
2,0.4,0.594059405940594,0.2691467199632457,1.0,-0.0,0,0
3,0.4,0.594059405940594,0.2691467199632457,1.0,-0.0,0,0
4,0.4,0.6891089108910892,0.2764345087780617,1.0,-0.0,0,0
5,0.4,0.6574257425742575,0.2674953630220718,1.0,-0.0,0,0
6,0.4,0.8792079207920789,0.3605048252744642,1.0,-0.0,0,0
7,0.2,0.6792079207920793,0.36050482527446415,1.0,-0.0,0,0
8,0.2,0.6792079207920793,0.36050482527446415,1.0,-0.0,0,0
9,0.4,0.7504950495049503,0.35644664449470165,1.0,-0.0,0,0
10,0.6,1.4237623762376237,0.38412779300218536,1.0,-0.0,0,0
11,0.4,0.8396039603960395,0.32459547037852493,1.0,-0.0,0,0
12,0.4,0.8396039603960395,0.32459547037852493,1.0,-0.0,0,0
13,0.6,1.4336633663366338,0.42222354074701357,1.0,-0.0,0,0
14,0.4,1.2673267326732671,0.4012625892392511,1.0,-0.0,0,0
15,0.2,0.594059405940594,0.3063104560422893,1.0,-0.0,0,0
16,0.2,0.594059405940594,0.3063104560422893,1.0,-0.0,0,0
17,0.2,0.594059405940594,0.3063104560422893,1.0,-0.0,0,0
18,0.0,0.0,0.0,1.0,-0.0,0,0
19,0.2,0.03564356435643565,0.07653920035678292,0.015882722457572503,1.7990750531077893,0,0
20,0.2,0.03564356435643565,0.07653920035678292,0.015882722457572503,1.7990750531077893,0,0
21,1.2,0.8435643564356436,0.33372065201455764,0.1427453965919016,0.8454378884549443,0,0
22,1.2,0.8435643564356436,0.33372065201455764,0.1427453965919016,0.8454378884549443,0,0
23,1.2,0.8435643564356436,0.33372065201455764,0.1427453965919016,0.8454378884549443,0,0
24,1.0,0.807920792079208,0.3352797467452969,0.2833587863498983,0.5476633162707103,0,0
25,1.0,0.807920792079208,0.3352797467452969,0.2833587863498983,0.5476633162707103,0,0
26,0.0,0.0,0.0,1.0,-0.0,0,0
27,0.2,0.40792079207920795,0.23867753145852455,1.0,-0.0,0,0
28,0.2,0.40792079207920795,0.23867753145852455,1.0,-0.0,0,0
29,0.2,0.40792079207920795,0.23867753145852455,1.0,-0.0,0,0
30,0.2,0.40792079207920795,0.23867753145852455,1.0,-0.0,0,0
31,0.2,0.40792079207920795,0.23867753145852455,1.0,-0.0,0,0
32,0.2,0.31287128712871287,0.1978415038881365,1.0,-0.0,0,0
33,0.2,0.31287128712871287,0.1978415038881365,1.0,-0.0,0,0
34,0.2,0.4356435643564357,0.2075716068337213,1.0,-0.0,0,0
35,0.2,0.607920792079208,0.2910150104382293,1.0,-0.0,0,0
36,0.2,0.607920792079208,0.2910150104382293,1.0,-0.0,0,0
37,0.0,0.2930693069306931,0.21720885862656772,1.0,-0.0,0,0
38,0.0,0.2930693069306931,0.21720885862656772,1.0,-0.0,0,0
39,0.2,0.30297029702970296,0.2381676942888814,1.0,-0.0,0,0
40,0.2,0.13267326732673265,0.13867042693078493,0.31365512751484126,0.5035476083874488,0,0
41,0.2,0.17029702970297025,0.15767151871203472,0.42528737591810895,0.37131750854032636,0,0
42,0.2,0.17029702970297025,0.15767151871203472,0.42528737591810895,0.37131750854032636,0,0
43,0.2,0.2138613861386138,0.18295143702892827,1.0,-0.0,0,0
44,0.0,0.08118811881188118,0.12325042629382527,1.0,-0.0,0,0
45,0.0,0.08118811881188118,0.12325042629382527,1.0,-0.0,0,0
46,0.0,0.04356435643564357,0.08255312311158745,1.0,-0.0,0,0
47,0.0,0.04356435643564357,0.08255312311158745,1.0,-0.0,0,0
48,0.0,0.0,0.0,1.0,-0.0,0,0
49,0.0,0.0,0.0,1.0,-0.0,0,0
50,0.0,0.0,0.0,1.0,-0.0,0,0
51,0.0,0.1485148514851485,0.1726977909735853,1.0,-0.0,0,0
52,0.0,0.1485148514851485,0.1726977909735853,1.0,-0.0,0,0
53,0.0,0.1485148514851485,0.1726977909735853,1.0,-0.0,0,0
54,0.0,0.1485148514851485,0.1726977909735853,1.0,-0.0,0,0
55,0.0,0.1485148514851485,0.1726977909735853,1.0,-0.0,0,0
56,0.0,0.0,0.0,1.0,-0.0,0,0
57,0.0,0.0891089108910891,0.12420120222231065,1.0,-0.0,0,0
58,0.0,0.0891089108910891,0.12420120222231065,1.0,-0.0,0,0
59,0.0,0.14851485148514854,0.1816393234925723,1.0,-0.0,0,0
60,0.0,0.14851485148514854,0.1816393234925723,1.0,-0.0,0,0
61,0.0,0.14851485148514854,0.1816393234925723,1.0,-0.0,0,0
62,0.0,0.05940594059405942,0.11096178792967841,1.0,-0.0,0,0
63,0.0,0.05940594059405942,0.11096178792967841,1.0,-0.0,0,0
64,2.0,0.8495049504950495,0.3641411331159633,0.0007902664893933765,3.102226433574,0,0
65,3.0,1.4297029702970299,0.46020756282602143,0.00032226370958947365,3.4917885980322487,0,0
66,5.0,2.146534653465346,0.5808093288867782,4.486669076990732e-07,6.348075961520376,0,0
67,5.0,2.146534653465346,0.5808093288867782,4.486669076990732e-07,6.348075961520376,0,0
68,5.0,2.146534653465346,0.5808093288867782,4.486669076990732e-07,6.348075961520376,0,0
69,3.2,1.3386138613861385,0.4613733903818213,2.7365609677948134e-05,4.562794871774387,0,0
70,2.2,0.7603960396039601,0.3389205952510195,1.0802948042021829e-05,4.966457712691564,0,0
71,0.2,0.04356435643564357,0.08255312311158745,0.029048226759887566,1.5368803738382273,0,0
72,0.2,0.04356435643564357,0.08255312311158745,0.029048226759887566,1.5368803738382273,0,0
73,0.2,0.04356435643564357,0.08255312311158745,0.029048226759887566,1.5368803738382273,0,0
74,0.4,0.2792079207920792,0.2235256787176184,0.29446245092959555,0.5309700774261777,0,0
75,0.6,0.3287128712871287,0.24142179254064428,0.13056887463445527,0.8841603390299608,0,0
76,1.0,0.5346534653465347,0.2815922350570538,0.04921077530692104,1.3079397926805065,0,0
77,1.0,0.5702970297029702,0.29836005706954755,0.07490312886318572,1.125500040516357,0,0
78,2.2,1.1782178217821782,0.4502153413021043,0.011617723287091167,1.9348789718364245,0,0
79,2.0,1.1425742574257425,0.424344931304073,0.02166128121470225,1.6643158594364886,0,0
80,2.2,1.3425742574257424,0.461024802205056,0.03145510008067391,1.5023089286822724,0,0
81,2.0,1.2772277227722773,0.424935915522276,0.044481153252697234,1.3518239614262268,0,0
82,2.2,1.346534653465346,0.4322550485731302,0.024165382064004547,1.6168063341076702,0,0
83,1.0,0.7386138613861383,0.3374248129025448,0.21927324540310794,0.6590143554753961,0,0
84,0.8,0.5168316831683168,0.2873812477710302,0.16222847869231505,0.7898729044203805,0,0
85,0.8,0.6059405940594059,0.254006229820778,0.22243520919737636,0.6527964673154634,0,0
86,1.0,0.7326732673267325,0.27326732673267323,0.16397265899750324,0.7852285607108727,0,0
87,0.8,0.6257425742574257,0.27091830098979097,0.26004384444787193,0.5849534220428212,0,0
88,0.8,0.701980198019802,0.2735828283432957,0.36006614483998645,0.44361771117629833,0,0
89,0.8,0.677227722772277,0.268431892322068,0.323703120494893,0.48985311398271975,0,0
90,0.4,0.34257425742574255,0.23265430721147748,0.40252042839902336,0.39521207376608714,0,0
91,0.0,0.07524752475247526,0.10474480123119365,1.0,-0.0,0,0
92,0.4,0.3841584158415841,0.21742538188215138,0.4709588157128614,0.32701706928442137,0,0
93,0.4,0.36435643564356424,0.22584677115854657,0.43729857440780845,0.3592219384516932,0,0
94,0.4,0.42376237623762364,0.2376237623762376,1.0,-0.0,0,0
95,0.4,0.5801980198019803,0.28770853030788013,1.0,-0.0,0,0
96,0.4,0.7702970297029703,0.3151440200249942,1.0,-0.0,0,0
97,0.0,0.46138613861386135,0.25445351927459825,1.0,-0.0,0,0
98,0.4,0.8297029702970297,0.3176474646103059,1.0,-0.0,0,0
99,0.4,0.8435643564356434,0.3141595235772565,1.0,-0.0,0,0
100,0.4,0.6871287128712871,0.2690884378664249,1.0,-0.0,0,0
101,0.8,0.6435643564356435,0.29194324742941963,0.2960336512654896,0.5286589182375695,0,0
102,0.8,0.6712871287128711,0.2999460788714691,0.3339179370512685,0.47636025134647597,0,0
103,0.4,0.28118811881188116,0.19125063711128137,0.2672220053906723,0.5731277811282496,0,0
104,0.4,0.20792079207920788,0.16631305820670148,0.12406044826817493,0.9063666539300153,0,0
105,0.4,0.20792079207920788,0.16631305820670148,0.12406044826817493,0.9063666539300153,0,0
106,0.0,0.0613861386138614,0.10433219700847123,1.0,-0.0,0,0
107,0.0,0.033663366336633666,0.07482947971362845,1.0,-0.0,0,0
108,0.0,0.0,0.0,1.0,-0.0,0,0
109,0.2,0.996039603960396,0.38277796269973025,1.0,-0.0,0,0
110,0.2,1.281188118811881,0.4504591433846553,1.0,-0.0,0,0
111,0.2,1.281188118811881,0.4504591433846553,1.0,-0.0,0,0
112,0.2,1.3386138613861382,0.4681901739846564,1.0,-0.0,0,0
113,0.2,1.4138613861386138,0.4703126625854099,1.0,-0.0,0,0
114,0.0,0.788118811881188,0.37635224934455647,1.0,-0.0,0,0
115,0.0,0.501980198019802,0.29043504344236204,1.0,-0.0,0,0
116,0.0,0.501980198019802,0.29043504344236204,1.0,-0.0,0,0
117,0.0,0.4891089108910891,0.2917685879776934,1.0,-0.0,0,0
118,0.0,0.6257425742574257,0.28654772220055025,1.0,-0.0,0,0
119,0.0,0.44950495049504957,0.2734538035002621,1.0,-0.0,0,0
120,0.0,0.44950495049504957,0.2734538035002621,1.0,-0.0,0,0
121,0.0,0.44950495049504957,0.2734538035002621,1.0,-0.0,0,0
