,foreground,bg_means,bg_stdev,pvals,minus_logs,regs,active
2,0.0,0.32871287128712884,0.22965175256917233,1.0,-0.0,0,0
3,0.0,0.32871287128712884,0.22965175256917233,1.0,-0.0,0,0
4,0.0,0.6495049504950496,0.32506625748864,1.0,-0.0,0,0
5,0.0,0.6495049504950496,0.32506625748864,1.0,-0.0,0,0
6,0.0,0.31881188118811876,0.24075494763209415,1.0,-0.0,0,0
7,0.0,0.31881188118811876,0.24075494763209415,1.0,-0.0,0,0
8,0.0,0.31881188118811876,0.24075494763209415,1.0,-0.0,0,0
9,0.0,0.041584158415841586,0.09467748980500532,1.0,-0.0,0,0
10,0.0,0.041584158415841586,0.09467748980500532,1.0,-0.0,0,0
11,0.0,0.2633663366336633,0.23024858382176047,1.0,-0.0,0,0
12,0.0,0.2633663366336633,0.23024858382176047,1.0,-0.0,0,0
13,0.0,0.2633663366336633,0.23024858382176047,1.0,-0.0,0,0
14,0.0,0.22178217821782176,0.19067569294591244,1.0,-0.0,0,0
15,0.0,0.22178217821782176,0.19067569294591244,1.0,-0.0,0,0
16,0.0,0.0,0.0,1.0,-0.0,0,0
17,0.0,0.1603960396039604,0.14356094226052957,1.0,-0.0,0,0
18,0.0,0.1603960396039604,0.14356094226052957,1.0,-0.0,0,0
19,0.0,0.1603960396039604,0.14356094226052957,1.0,-0.0,0,0
20,0.0,0.1603960396039604,0.14356094226052957,1.0,-0.0,0,0
21,0.0,0.1603960396039604,0.14356094226052957,1.0,-0.0,0,0
22,0.0,0.0,0.0,1.0,-0.0,0,0
23,0.0,0.0,0.0,1.0,-0.0,0,0
24,0.0,0.0,0.0,1.0,-0.0,0,0
25,0.0,0.0,0.0,1.0,-0.0,0,0
26,0.0,0.011881188118811881,0.047276579747775535,1.0,-0.0,0,0
27,0.0,0.011881188118811881,0.047276579747775535,1.0,-0.0,0,0
28,0.0,0.011881188118811881,0.047276579747775535,1.0,-0.0,0,0
29,0.0,0.011881188118811881,0.047276579747775535,1.0,-0.0,0,0
30,0.0,0.017821782178217824,0.05698017651460656,1.0,-0.0,0,0
31,0.2,0.06336633663366337,0.10504385908811757,0.09667550266855758,1.014683561115634,0,0
32,0.2,0.06336633663366337,0.10504385908811757,0.09667550266855758,1.014683561115634,0,0
33,0.4,0.20396039603960395,0.20677667298545127,0.1715458713681942,0.7656197297418076,0,0
34,0.4,0.20396039603960395,0.20677667298545127,0.1715458713681942,0.7656197297418076,0,0
35,0.4,0.19801980198019797,0.20584537021649224,0.16324140859499997,0.7871696663957259,0,0
36,0.2,0.20198019801980197,0.2019607833806434,1.0,-0.0,0,0
37,0.2,0.46138613861386124,0.29077237432267894,1.0,-0.0,0,0
38,0.0,0.3217821782178218,0.23697932415808703,1.0,-0.0,0,0
39,0.0,0.35643564356435653,0.24792838377646798,1.0,-0.0,0,0
40,0.0,0.3742574257425743,0.2527682244985423,1.0,-0.0,0,0
41,0.0,0.3108910891089109,0.23626675228949948,1.0,-0.0,0,0
42,0.0,0.05148514851485149,0.096075322540263,1.0,-0.0,0,0
43,0.0,0.11089108910891088,0.13923481846532235,1.0,-0.0,0,0
44,0.0,0.07722772277227723,0.1124710639300034,1.0,-0.0,0,0
45,0.0,0.0594059405940594,0.09968089464279778,1.0,-0.0,0,0
46,0.0,0.21188118811881188,0.19051110448801098,1.0,-0.0,0,0
47,0.0,0.21188118811881188,0.19051110448801098,1.0,-0.0,0,0
48,0.0,0.15247524752475247,0.16203780234042603,1.0,-0.0,0,0
49,0.0,0.15247524752475247,0.16203780234042603,1.0,-0.0,0,0
50,0.0,0.15247524752475247,0.16203780234042603,1.0,-0.0,0,0
51,0.0,0.06534653465346535,0.10189845806153354,1.0,-0.0,0,0
52,0.0,0.06534653465346535,0.10189845806153354,1.0,-0.0,0,0
53,0.0,0.06534653465346535,0.10189845806153354,1.0,-0.0,0,0
54,0.0,0.06534653465346535,0.10189845806153354,1.0,-0.0,0,0
55,0.0,0.06534653465346535,0.10189845806153354,1.0,-0.0,0,0
56,0.0,0.0,0.0,1.0,-0.0,0,0
57,0.0,0.0,0.0,1.0,-0.0,0,0
58,0.0,0.0,0.0,1.0,-0.0,0,0
59,0.0,0.0,0.0,1.0,-0.0,0,0
60,1.2,0.23168316831683167,0.2024262207946621,8.611114228779276e-07,6.0649406496959495,0,0
61,1.2,0.23168316831683167,0.2024262207946621,8.611114228779276e-07,6.0649406496959495,0,0
62,1.4,0.29504950495049503,0.23979208717973227,2.033269782481898e-06,5.69180499358533,0,0
63,1.4,0.29504950495049503,0.23979208717973227,2.033269782481898e-06,5.69180499358533,0,0
64,1.4,0.48910891089108915,0.2931228209103102,0.0009432551110329361,3.0253708328935853,0,0
65,0.2,0.25742574257425743,0.21495868111068375,1.0,-0.0,0,0
66,0.2,0.27524752475247527,0.22133972839316557,1.0,-0.0,0,0
67,0.2,0.5336633663366337,0.3160013873019968,1.0,-0.0,0,0
68,0.2,0.5336633663366337,0.3160013873019968,1.0,-0.0,0,0
69,0.2,0.33861386138613864,0.2449369678584749,1.0,-0.0,0,0
70,0.2,0.33861386138613864,0.2449369678584749,1.0,-0.0,0,0
71,0.2,0.45148514851485155,0.2766897184112248,1.0,-0.0,0,0
72,0.0,0.13069306930693067,0.14741506986482966,1.0,-0.0,0,0
73,0.0,0.13069306930693067,0.14741506986482966,1.0,-0.0,0,0
74,0.0,0.13069306930693067,0.14741506986482966,1.0,-0.0,0,0
75,0.0,0.13069306930693067,0.14741506986482966,1.0,-0.0,0,0
76,0.0,0.0,0.0,1.0,-0.0,0,0
77,0.0,0.0,0.0,1.0,-0.0,0,0
78,0.0,0.0,0.0,1.0,-0.0,0,0
79,0.0,0.0,0.0,1.0,-0.0,0,0
80,0.0,0.0,0.0,1.0,-0.0,0,0
81,0.0,0.0,0.0,1.0,-0.0,0,0
82,0.0,0.0,0.0,1.0,-0.0,0,0
83,0.0,0.0,0.0,1.0,-0.0,0,0
84,0.0,0.0,0.0,1.0,-0.0,0,0
85,0.0,0.0,0.0,1.0,-0.0,0,0
86,0.0,0.0,0.0,1.0,-0.0,0,0
87,0.0,0.0,0.0,1.0,-0.0,0,0
88,0.0,0.0,0.0,1.0,-0.0,0,0
89,0.0,0.0,0.0,1.0,-0.0,0,0
90,0.0,0.0,0.0,1.0,-0.0,0,0
91,0.0,0.0,0.0,1.0,-0.0,0,0
92,0.0,0.0,0.0,1.0,-0.0,0,0
93,0.0,0.0,0.0,1.0,-0.0,0,0
94,0.0,0.0,0.0,1.0,-0.0,0,0
95,0.0,0.0,0.0,1.0,-0.0,0,0
96,0.0,0.08118811881188118,0.12325042629382525,1.0,-0.0,0,0
97,0.0,0.16633663366336632,0.1781518029535443,1.0,-0.0,0,0
98,0.0,0.16633663366336632,0.1781518029535443,1.0,-0.0,0,0
99,0.0,0.16633663366336632,0.1781518029535443,1.0,-0.0,0,0
100,0.0,0.16633663366336632,0.1781518029535443,1.0,-0.0,0,0
101,0.0,0.08316831683168317,0.12670172889541695,1.0,-0.0,0,0
102,0.0,0.11089108910891088,0.13636075485692528,1.0,-0.0,0,0
103,0.0,0.11089108910891088,0.13636075485692528,1.0,-0.0,0,0
104,0.0,0.11089108910891088,0.13636075485692528,1.0,-0.0,0,0
105,0.0,0.11089108910891088,0.13636075485692528,1.0,-0.0,0,0
106,0.0,0.11089108910891088,0.13636075485692528,1.0,-0.0,0,0
107,0.0,0.0,0.0,1.0,-0.0,0,0
108,0.0,0.0,0.0,1.0,-0.0,0,0
109,0.0,0.0,0.0,1.0,-0.0,0,0
110,0.0,0.0,0.0,1.0,-0.0,0,0
111,0.0,0.0,0.0,1.0,-0.0,0,0
112,0.0,0.0,0.0,1.0,-0.0,0,0
113,0.0,0.0,0.0,1.0,-0.0,0,0
114,0.0,0.0,0.0,1.0,-0.0,0,0
115,0.0,0.0,0.0,1.0,-0.0,0,0
116,0.0,0.0,0.0,1.0,-0.0,0,0
117,0.0,0.0,0.0,1.0,-0.0,0,0
118,0.0,0.0,0.0,1.0,-0.0,0,0
119,0.0,0.0,0.0,1.0,-0.0,0,0
120,0.0,0.0,0.0,1.0,-0.0,0,0
121,0.0,0.0,0.0,1.0,-0.0,0,0
122,0.0,0.0,0.0,1.0,-0.0,0,0
123,0.0,0.0,0.0,1.0,-0.0,0,0
124,0.0,0.0,0.0,1.0,-0.0,0,0
125,0.0,0.0,0.0,1.0,-0.0,0,0
126,0.0,0.0,0.0,1.0,-0.0,0,0
127,0.8,0.10099009900990098,0.1308729634998678,4.618373404559132e-08,7.335510956437554,0,0
128,0.8,0.10099009900990098,0.1308729634998678,4.618373404559132e-08,7.335510956437554,0,0
129,0.8,0.29108910891089107,0.21530499200983352,0.009047354638357829,2.043478385867314,0,0
130,0.8,0.29108910891089107,0.21530499200983352,0.009047354638357829,2.043478385867314,0,0
131,0.8,0.29108910891089107,0.21530499200983352,0.009047354638357829,2.043478385867314,0,0
132,0.0,0.20198019801980197,0.2019607833806434,1.0,-0.0,0,0
133,0.0,0.20198019801980197,0.2019607833806434,1.0,-0.0,0,0
134,0.0,0.011881188118811883,0.047276579747775535,1.0,-0.0,0,0
135,0.0,0.011881188118811883,0.047276579747775535,1.0,-0.0,0,0
136,0.0,0.011881188118811883,0.047276579747775535,1.0,-0.0,0,0
137,0.0,0.017821782178217824,0.05698017651460656,1.0,-0.0,0,0
138,0.0,0.017821782178217824,0.05698017651460656,1.0,-0.0,0,0
139,0.4,0.38613861386138615,0.2845979282886603,0.4805771339286884,0.31823689696291574,0,0
140,0.4,0.42772277227722777,0.28979979838638564,1.0,-0.0,0,0
141,0.4,0.42772277227722777,0.28979979838638564,1.0,-0.0,0,0
142,0.4,0.4099009900990099,0.2889053942568447,1.0,-0.0,0,0
143,0.4,0.4099009900990099,0.2889053942568447,1.0,-0.0,0,0
144,0.0,0.04158415841584159,0.08590499787518362,1.0,-0.0,0,0
145,0.0,0.0,0.0,1.0,-0.0,0,0
146,0.0,0.17227722772277226,0.17806373977319878,1.0,-0.0,0,0
147,0.0,0.17227722772277226,0.17806373977319878,1.0,-0.0,0,0
148,0.0,0.3287128712871287,0.25730385537870554,1.0,-0.0,0,0
149,0.0,0.3287128712871287,0.25730385537870554,1.0,-0.0,0,0
150,0.2,0.4079207920792078,0.26835884366577156,1.0,-0.0,0,0
151,0.2,0.2356435643564356,0.2075716068337213,1.0,-0.0,0,0
152,0.4,0.3564356435643564,0.22621108235239334,0.4236428706421445,0.37300009780620447,0,0
153,1.2,0.36831683168316837,0.24653266530670753,0.00037106668260825326,3.4305480383997082,0,0
154,1.2,0.36831683168316837,0.24653266530670753,0.00037106668260825326,3.4305480383997082,0,0
155,1.0,0.2891089108910891,0.22598562562672644,0.0008283477328248835,3.081787312074415,0,0
156,1.0,0.2891089108910891,0.22598562562672644,0.0008283477328248835,3.081787312074415,0,0
157,0.8,0.17029702970297025,0.1697666158364579,0.00010394635665845673,3.983190728178181,0,0
158,0.0,0.0,0.0,1.0,-0.0,0,0
159,0.0,0.049504950495049514,0.1068206254198905,1.0,-0.0,0,0
160,0.6,0.2079207920792079,0.19884974591102086,0.024319874337452283,1.6140386734244692,0,0
161,0.6,0.2079207920792079,0.19884974591102086,0.024319874337452283,1.6140386734244692,0,0
162,0.6,0.2079207920792079,0.19884974591102086,0.024319874337452283,1.6140386734244692,0,0
163,0.6,0.2217821782178218,0.20469922895763287,0.03232462484127123,1.4904665068284257,0,0
164,0.6,0.18217821782178217,0.16909546170462725,0.006738250916900835,2.1714528209303667,0,0
165,0.0,0.023762376237623766,0.06471340450838887,1.0,-0.0,0,0
166,0.0,0.023762376237623766,0.06471340450838887,1.0,-0.0,0,0
167,0.0,0.023762376237623766,0.06471340450838887,1.0,-0.0,0,0
168,0.0,0.09702970297029703,0.13084299831035082,1.0,-0.0,0,0
169,0.0,0.09900990099009901,0.12781100644043505,1.0,-0.0,0,0
170,0.0,0.09900990099009901,0.12781100644043505,1.0,-0.0,0,0
171,0.0,0.09900990099009901,0.12781100644043505,1.0,-0.0,0,0
172,0.0,0.12178217821782177,0.13759170507754623,1.0,-0.0,0,0
173,0.0,0.06534653465346535,0.10189845806153354,1.0,-0.0,0,0
174,0.0,0.05346534653465348,0.09704990696905226,1.0,-0.0,0,0
175,0.0,0.05346534653465348,0.09704990696905226,1.0,-0.0,0,0
176,0.0,0.06534653465346535,0.1197651526735639,1.0,-0.0,0,0
177,0.0,0.043564356435643575,0.09991664009142863,1.0,-0.0,0,0
178,0.0,0.03762376237623763,0.07816140339006158,1.0,-0.0,0,0
179,0.0,0.049504950495049514,0.09504950495049506,1.0,-0.0,0,0
180,0.2,0.1069306930693069,0.13661931335176505,0.24786267822600472,0.6057888619402984,0,0
181,0.2,0.09504950495049502,0.12771893462651168,0.20561525732768127,0.686944662403549,0,0
182,0.2,0.13069306930693064,0.13624568246946198,0.30548447192889977,0.5150108604688454,0,0
183,0.2,0.11386138613861384,0.1235046822139618,0.24275991787690404,0.6148230180987456,0,0
184,0.2,0.10099009900990097,0.1147490154015875,0.19411305575527987,0.7119452536286823,0,0
185,0.0,0.04356435643564357,0.08255312311158745,1.0,-0.0,0,0
186,0.0,0.04356435643564357,0.08255312311158745,1.0,-0.0,0,0
187,0.2,0.025742574257425745,0.07264925278354115,0.008228653963589664,2.084671200510098,0,0
188,0.2,0.015841584158415842,0.05401260078014202,0.00032535620257014524,3.4876409094885674,0,0
189,0.2,0.015841584158415842,0.05401260078014202,0.00032535620257014524,3.4876409094885674,0,0
190,0.2,0.015841584158415842,0.05401260078014202,0.00032535620257014524,3.4876409094885674,0,0
191,0.2,0.015841584158415842,0.05401260078014202,0.00032535620257014524,3.4876409094885674,0,0
192,0.0,0.0,0.0,1.0,-0.0,0,0
193,0.0,0.0,0.0,1.0,-0.0,0,0
194,0.0,0.0,0.0,1.0,-0.0,0,0
195,0.0,0.0,0.0,1.0,-0.0,0,0
196,0.0,0.0,0.0,1.0,-0.0,0,0
197,0.0,0.0,0.0,1.0,-0.0,0,0
198,0.0,0.0,0.0,1.0,-0.0,0,0
199,0.0,0.0,0.0,1.0,-0.0,0,0
200,0.0,0.0,0.0,1.0,-0.0,0,0
201,0.0,0.023762376237623766,0.06471340450838889,1.0,-0.0,0,0
202,0.0,0.023762376237623766,0.06471340450838889,1.0,-0.0,0,0
203,0.0,0.023762376237623766,0.06471340450838889,1.0,-0.0,0,0
204,0.0,0.023762376237623766,0.06471340450838889,1.0,-0.0,0,0
205,0.0,0.023762376237623766,0.06471340450838889,1.0,-0.0,0,0
206,0.2,0.015841584158415842,0.05401260078014202,0.00032535620257014524,3.4876409094885674,0,0
207,0.2,0.015841584158415842,0.05401260078014202,0.00032535620257014524,3.4876409094885674,0,0
208,0.2,0.025742574257425745,0.0669763743575753,0.0046371400013480064,2.3337497919853587,0,0
209,0.2,0.025742574257425745,0.0669763743575753,0.0046371400013480064,2.3337497919853587,0,0
210,0.2,0.025742574257425745,0.0669763743575753,0.0046371400013480064,2.3337497919853587,0,0
211,0.0,0.009900990099009901,0.04338396495090424,1.0,-0.0,0,0
212,0.0,0.009900990099009901,0.04338396495090424,1.0,-0.0,0,0
213,0.0,0.0,0.0,1.0,-0.0,0,0
214,0.0,0.0,0.0,1.0,-0.0,0,0
215,0.0,0.0,0.0,1.0,-0.0,0,0
216,0.0,0.0,0.0,1.0,-0.0,0,0
217,0.2,0.09702970297029702,0.13962853515884507,0.23042168355485143,0.6374766545668978,0,0
218,0.4,0.1287128712871287,0.15564406822280066,0.04066707799273189,1.3907570313628574,0,0
219,0.6,0.19207920792079203,0.18003474269593198,0.011732143676406395,1.9306226271193407,0,0
220,0.6,0.2079207920792079,0.18438185104134305,0.01673280922876211,1.7764311403209303,0,0
221,0.8,0.601980198019802,0.31653451410198946,0.2657930117255256,0.5754564417865895,0,0
222,0.6,0.6514851485148515,0.32414819413291723,1.0,-0.0,0,0
223,0.4,0.6198019801980199,0.31403468370601395,1.0,-0.0,0,0
224,0.2,0.5702970297029704,0.3274699153154712,1.0,-0.0,0,0
225,0.2,0.5534653465346534,0.3219877485018272,1.0,-0.0,0,0
226,0.0,0.17029702970297025,0.17436990069505995,1.0,-0.0,0,0
227,0.0,0.12475247524752475,0.14583724862987696,1.0,-0.0,0,0
228,0.0,0.12475247524752475,0.14583724862987696,1.0,-0.0,0,0
229,0.0,0.11881188118811879,0.14399729871443837,1.0,-0.0,0,0
230,0.0,0.20792079207920788,0.20666286139643164,1.0,-0.0,0,0
231,0.0,0.19801980198019797,0.20391232731653072,1.0,-0.0,0,0
232,0.2,0.1386138613861386,0.17059609935397896,0.359485940722585,0.4443180899431228,0,0
233,0.2,0.1584158415841584,0.17647108799335678,0.40685489180701,0.3905604579109162,0,0
234,0.2,0.20198019801980197,0.20584537021649227,1.0,-0.0,0,0
235,0.2,0.16237623762376235,0.17957677700997438,0.41702369169657333,0.3798392714511536,0,0
236,0.4,0.1782178217821782,0.20079246977914245,0.1346807077447187,0.8706946100681908,0,0
237,0.2,0.1306930693069307,0.16988206407546308,0.34164753662611314,0.4664217063141692,0,0
238,0.2,0.11287128712871286,0.16023705603282304,0.29330716027366566,0.5326773348053848,0,0
239,0.8,0.1603960396039604,0.16890984643276136,7.634325832721575e-05,4.117229308320219,0,0
240,0.8,0.11089108910891086,0.14752142995793407,1.496889634696618e-06,5.824810218901558,0,0
241,0.6,0.09504950495049502,0.14238160801780242,0.00019522295539775884,3.7094691169130525,0,0
242,0.6,0.21386138613861388,0.20345028972738727,0.0288512902588206,1.5398347599863758,0,0
243,0.6,0.2396039603960396,0.23040180482687977,0.0588845208069165,1.2299988548164817,0,0
244,0.0,0.14356435643564355,0.17822882254276906,1.0,-0.0,0,0
245,0.0,0.14356435643564355,0.17822882254276906,1.0,-0.0,0,0
246,0.0,0.14356435643564355,0.17822882254276906,1.0,-0.0,0,0
247,0.0,0.025742574257425738,0.0669763743575753,1.0,-0.0,0,0
248,0.0,0.011881188118811881,0.047276579747775535,1.0,-0.0,0,0
249,0.0,0.09306930693069307,0.13069306930693073,1.0,-0.0,0,0
250,0.6,0.40792079207920795,0.2653908637421199,0.23460664190591207,0.6296596968144594,0,0
251,0.6,0.40792079207920795,0.2653908637421199,0.23460664190591207,0.6296596968144594,0,0
252,0.6,0.40792079207920795,0.2653908637421199,0.23460664190591207,0.6296596968144594,0,0
253,0.6,0.39603960396039606,0.27283650930138353,0.22736419832146976,0.6432779200155956,0,0
254,0.6,0.31287128712871287,0.24114551965736072,0.11688834136671196,0.9322288039160472,0,0
255,0.0,0.0,0.0,1.0,-0.0,0,0
256,0.0,0.0,0.0,1.0,-0.0,0,0
257,0.0,0.0,0.0,1.0,-0.0,0,0
258,0.0,0.0,0.0,1.0,-0.0,0,0
259,0.0,0.0,0.0,1.0,-0.0,0,0
260,0.0,0.0,0.0,1.0,-0.0,0,0
261,0.0,0.0,0.0,1.0,-0.0,0,0
262,0.0,0.34059405940594073,0.2330079749715724,1.0,-0.0,0,0
263,0.0,0.7306930693069306,0.3287367282288655,1.0,-0.0,0,0
264,0.0,0.7306930693069306,0.3287367282288655,1.0,-0.0,0,0
265,0.0,0.7306930693069306,0.3287367282288655,1.0,-0.0,0,0
266,0.0,0.7306930693069306,0.3287367282288655,1.0,-0.0,0,0
267,0.0,0.3900990099009901,0.26606965160267754,1.0,-0.0,0,0
268,0.0,0.11287128712871287,0.13024224675172555,1.0,-0.0,0,0
269,0.0,0.11287128712871287,0.13024224675172555,1.0,-0.0,0,0
270,0.0,0.11287128712871287,0.13024224675172555,1.0,-0.0,0,0
271,0.0,0.2594059405940594,0.21534141339079438,1.0,-0.0,0,0
272,0.0,0.2594059405940594,0.21534141339079438,1.0,-0.0,0,0
273,0.0,0.14653465346534653,0.15893479355105833,1.0,-0.0,0,0
274,0.0,0.14653465346534653,0.15893479355105833,1.0,-0.0,0,0
275,0.0,0.14653465346534653,0.15893479355105833,1.0,-0.0,0,0
276,0.0,0.0,0.0,1.0,-0.0,0,0
