,foreground,bg_means,bg_stdev,pvals,minus_logs,regs,active
2,0.8,0.10297029702970298,0.15571962971356437,3.7994514595493593e-06,5.4202790995113235,0,0
3,0.8,0.10297029702970298,0.15571962971356437,3.7994514595493593e-06,5.4202790995113235,0,0
4,0.8,0.10297029702970298,0.15571962971356437,3.7994514595493593e-06,5.4202790995113235,0,0
5,0.2,0.019801980198019802,0.0597350618970232,0.0012780474741147156,2.893453013655617,0,0
6,0.0,0.0,0.0,1.0,-0.0,0,0
7,0.0,0.0,0.0,1.0,-0.0,0,0
8,0.0,0.0,0.0,1.0,-0.0,0,0
9,0.0,0.0,0.0,1.0,-0.0,0,0
10,0.0,0.0,0.0,1.0,-0.0,0,0
11,0.0,0.0,0.0,1.0,-0.0,0,0
12,0.0,0.0,0.0,1.0,-0.0,0,0
13,0.0,0.0,0.0,1.0,-0.0,0,0
14,0.0,0.0,0.0,1.0,-0.0,0,0
15,0.0,0.0,0.0,1.0,-0.0,0,0
16,0.0,0.0,0.0,1.0,-0.0,0,0
17,0.0,0.0,0.0,1.0,-0.0,0,0
18,0.0,0.0,0.0,1.0,-0.0,0,0
19,0.0,0.0,0.0,1.0,-0.0,0,0
20,0.0,0.0,0.0,1.0,-0.0,0,0
21,0.0,0.0,0.0,1.0,-0.0,0,0
22,0.0,0.0,0.0,1.0,-0.0,0,0
23,0.0,0.007920792079207921,0.03900537743285587,1.0,-0.0,0,0
24,0.0,0.025742574257425748,0.06697637435757531,1.0,-0.0,0,0
25,0.0,0.025742574257425748,0.06697637435757531,1.0,-0.0,0,0
26,0.0,0.0297029702970297,0.07648795214189293,1.0,-0.0,0,0
27,0.0,0.0297029702970297,0.07648795214189293,1.0,-0.0,0,0
28,0.2,0.14059405940594058,0.15806892707703052,0.3535242386351092,0.4515808043717551,0,0
29,0.2,0.29306930693069305,0.236416072958217,1.0,-0.0,0,0
30,0.2,0.29306930693069305,0.236416072958217,1.0,-0.0,0,0
31,0.2,0.32079207920792085,0.24868638315151842,1.0,-0.0,0,0
32,0.2,0.32079207920792085,0.24868638315151842,1.0,-0.0,0,0
33,0.0,0.20396039603960395,0.19696750100290228,1.0,-0.0,0,0
34,0.0,0.031683168316831684,0.0730260947112308,1.0,-0.0,0,0
35,0.0,0.031683168316831684,0.0730260947112308,1.0,-0.0,0,0
36,0.0,0.007920792079207921,0.03900537743285587,1.0,-0.0,0,0
37,0.0,0.007920792079207921,0.03900537743285587,1.0,-0.0,0,0
38,0.0,0.007920792079207921,0.03900537743285587,1.0,-0.0,0,0
39,0.0,0.19603960396039602,0.1823503276549915,1.0,-0.0,0,0
40,0.0,0.19603960396039602,0.1823503276549915,1.0,-0.0,0,0
41,0.0,0.1881188118811881,0.17981680926331076,1.0,-0.0,0,0
42,0.0,0.1881188118811881,0.17981680926331076,1.0,-0.0,0,0
43,0.0,0.1881188118811881,0.17981680926331076,1.0,-0.0,0,0
44,0.0,0.0,0.0,1.0,-0.0,0,0
45,0.0,0.08514851485148514,0.1269490726718781,1.0,-0.0,0,0
46,0.0,0.08514851485148514,0.1269490726718781,1.0,-0.0,0,0
47,0.0,0.08514851485148514,0.1269490726718781,1.0,-0.0,0,0
48,0.0,0.08514851485148514,0.1269490726718781,1.0,-0.0,0,0
49,0.0,0.13267326732673265,0.1573977184098032,1.0,-0.0,0,0
50,0.2,0.12079207920792079,0.14645435316515326,0.2943099975322995,0.5311949849293931,0,0
51,0.2,0.12079207920792079,0.14645435316515326,0.2943099975322995,0.5311949849293931,0,0
52,0.2,0.12079207920792079,0.14645435316515326,0.2943099975322995,0.5311949849293931,0,0
53,0.2,0.12079207920792079,0.14645435316515326,0.2943099975322995,0.5311949849293931,0,0
54,0.2,0.17029702970297028,0.18322985319016175,0.43561052085572183,0.3609016397188167,0,0
55,0.0,0.5207920792079208,0.2758665309666218,1.0,-0.0,0,0
56,0.0,0.5207920792079208,0.2758665309666218,1.0,-0.0,0,0
57,0.0,0.5207920792079208,0.2758665309666218,1.0,-0.0,0,0
58,0.0,0.5207920792079208,0.2758665309666218,1.0,-0.0,0,0
59,0.0,0.42574257425742573,0.2527682244985423,1.0,-0.0,0,0
60,0.0,0.0,0.0,1.0,-0.0,0,0
61,0.0,0.0,0.0,1.0,-0.0,0,0
62,0.0,0.0,0.0,1.0,-0.0,0,0
63,0.0,0.0,0.0,1.0,-0.0,0,0
64,0.0,0.0,0.0,1.0,-0.0,0,0
65,0.0,0.0,0.0,1.0,-0.0,0,0
66,0.0,0.023762376237623766,0.07056843438101175,1.0,-0.0,0,0
67,0.0,0.031683168316831684,0.07826167463512675,1.0,-0.0,0,0
68,0.0,0.031683168316831684,0.07826167463512675,1.0,-0.0,0,0
69,0.0,0.07722772277227724,0.10889288780093088,1.0,-0.0,0,0
70,0.2,0.30495049504950494,0.2542222609161115,1.0,-0.0,0,0
71,0.2,0.28118811881188116,0.24564035180135768,1.0,-0.0,1,0
72,0.2,0.29504950495049503,0.24791256747816615,1.0,-0.0,0,0
73,0.2,0.29504950495049503,0.24791256747816615,1.0,-0.0,0,0
74,0.2,0.2495049504950495,0.24112925845368352,1.0,-0.0,0,0
75,0.0,0.021782178217821784,0.06836703565002801,1.0,-0.0,0,0
76,0.0,0.021782178217821784,0.06836703565002801,1.0,-0.0,0,0
77,0.0,0.0,0.0,1.0,-0.0,0,0
78,0.0,0.0,0.0,1.0,-0.0,0,0
79,0.0,0.22376237623762374,0.19353333422369293,1.0,-0.0,0,0
80,0.2,0.299009900990099,0.23314256442682219,1.0,-0.0,0,0
81,0.2,0.299009900990099,0.23314256442682219,1.0,-0.0,0,0
82,0.2,0.299009900990099,0.23314256442682219,1.0,-0.0,0,0
83,0.2,0.299009900990099,0.23314256442682219,1.0,-0.0,0,0
84,0.2,0.07524752475247526,0.12219602867755656,0.15364596650640788,0.8134788362992571,0,0
85,0.0,0.0,0.0,1.0,-0.0,0,0
86,0.0,0.0,0.0,1.0,-0.0,0,0
87,0.0,0.09900990099009901,0.1557448087305797,1.0,-0.0,0,0
88,0.0,0.09900990099009901,0.1557448087305797,1.0,-0.0,0,0
89,0.0,0.10693069306930691,0.15811853289249214,1.0,-0.0,0,0
90,0.0,0.17029702970297025,0.20370069017874276,1.0,-0.0,0,0
91,0.0,0.17029702970297025,0.20370069017874276,1.0,-0.0,0,0
92,0.2,0.15049504950495046,0.16981280455064035,0.3853242993915721,0.4141736025652086,0,0
93,0.2,0.15049504950495046,0.16981280455064035,0.3853242993915721,0.4141736025652086,0,0
94,0.2,0.14257425742574253,0.1550129567586608,0.35552074633585173,0.44913505103467577,0,0
95,0.2,0.12277227722772274,0.16643090209465897,0.3213157277048744,0.49306801615943974,0,0
96,0.2,0.12277227722772274,0.16643090209465897,0.3213157277048744,0.49306801615943974,0,0
97,0.0,0.04356435643564357,0.09164702150816742,1.0,-0.0,0,0
98,0.2,0.0594059405940594,0.09968089464279778,0.07920469585235763,1.1012490693914339,0,0
99,0.2,0.06336633663366337,0.10120342446875752,0.08849366552547523,1.0530878154692966,0,0
100,0.2,0.019801980198019802,0.059735061897023205,0.001278047474114718,2.8934530136556162,0,0
101,0.2,0.019801980198019802,0.059735061897023205,0.001278047474114718,2.8934530136556162,0,0
102,0.2,0.019801980198019802,0.059735061897023205,0.001278047474114718,2.8934530136556162,0,0
103,0.2,0.0712871287128713,0.11461224656227946,0.1307125990009052,0.8836825500410105,0,0
104,0.2,0.12871287128712872,0.17481907686608508,0.34171884740482605,0.4663310671532992,0,0
105,0.2,0.12871287128712872,0.17481907686608508,0.34171884740482605,0.4663310671532992,0,0
106,0.2,0.12871287128712872,0.17481907686608508,0.34171884740482605,0.4663310671532992,0,0
107,0.2,0.12871287128712872,0.17481907686608508,0.34171884740482605,0.4663310671532992,0,0
108,0.2,0.27326732673267323,0.23668129931895568,1.0,-0.0,0,0
109,0.2,0.21188118811881182,0.22128657496552862,1.0,-0.0,0,0
110,0.2,0.21188118811881182,0.22128657496552862,1.0,-0.0,0,0
111,0.2,0.21188118811881182,0.22128657496552862,1.0,-0.0,0,0
112,0.2,0.21188118811881182,0.22128657496552862,1.0,-0.0,0,0
113,0.0,0.0,0.0,1.0,-0.0,0,0
114,0.0,0.0,0.0,1.0,-0.0,0,0
115,0.0,0.0,0.0,1.0,-0.0,0,0
116,0.0,0.0,0.0,1.0,-0.0,0,0
117,0.0,0.0,0.0,1.0,-0.0,0,0
118,0.0,0.05148514851485149,0.08744317689433512,1.0,-0.0,0,0
119,0.0,0.05148514851485149,0.08744317689433512,1.0,-0.0,0,0
120,0.0,0.05148514851485149,0.08744317689433512,1.0,-0.0,0,0
121,0.0,0.05148514851485149,0.08744317689433512,1.0,-0.0,0,0
122,0.0,0.05148514851485149,0.08744317689433512,1.0,-0.0,0,0
123,0.0,0.0,0.0,1.0,-0.0,0,0
124,0.2,0.12475247524752472,0.13744913773527348,0.29203232189931416,0.5345690785321504,0,0
125,0.2,0.12475247524752472,0.13744913773527348,0.29203232189931416,0.5345690785321504,0,0
126,0.2,0.12475247524752472,0.13744913773527348,0.29203232189931416,0.5345690785321504,0,0
127,0.2,0.12475247524752472,0.13744913773527348,0.29203232189931416,0.5345690785321504,0,0
128,0.2,0.14059405940594058,0.15036471688371983,0.3463922966247934,0.46043177476827185,0,0
129,0.2,0.05346534653465347,0.09704990696905226,0.0655357875709919,1.1835214771048093,0,0
130,0.2,0.05346534653465347,0.09704990696905226,0.0655357875709919,1.1835214771048093,0,0
131,0.2,0.05346534653465347,0.09704990696905226,0.0655357875709919,1.1835214771048093,0,0
132,0.2,0.05346534653465347,0.09704990696905226,0.0655357875709919,1.1835214771048093,0,0
133,0.2,0.03762376237623763,0.07816140339006158,0.01888012292982573,1.723995182306426,0,0
134,0.0,0.0,0.0,1.0,-0.0,0,0
135,0.0,0.0,0.0,1.0,-0.0,0,0
136,0.0,0.05544554455445545,0.10575073206193022,1.0,-0.0,0,0
137,0.0,0.05544554455445545,0.10575073206193022,1.0,-0.0,0,0
138,0.0,0.0712871287128713,0.11801714396634726,1.0,-0.0,0,0
139,0.0,0.0712871287128713,0.11801714396634726,1.0,-0.0,0,0
140,0.0,0.0712871287128713,0.11801714396634726,1.0,-0.0,0,0
141,0.0,0.015841584158415842,0.06090517425437505,1.0,-0.0,0,0
142,0.0,0.015841584158415842,0.06090517425437505,1.0,-0.0,0,0
143,0.0,0.0,0.0,1.0,-0.0,0,0
144,0.0,0.0,0.0,1.0,-0.0,0,0
145,0.0,0.0,0.0,1.0,-0.0,0,0
146,0.0,0.09306930693069307,0.13368903310588715,1.0,-0.0,0,0
147,0.0,0.09306930693069307,0.13368903310588715,1.0,-0.0,0,0
148,0.0,0.18217821782178217,0.1868954489346046,1.0,-0.0,0,0
149,0.0,0.34653465346534645,0.24838661833012254,1.0,-0.0,0,0
150,0.0,0.34653465346534645,0.24838661833012254,1.0,-0.0,0,0
151,0.0,0.2514851485148515,0.21369630592401923,1.0,-0.0,0,0
152,0.0,0.2514851485148515,0.21369630592401923,1.0,-0.0,0,0
153,0.0,0.16435643564356434,0.16264165701687977,1.0,-0.0,0,0
154,0.2,0.043564356435643575,0.08255312311158745,0.029048226759887566,1.5368803738382273,0,0
155,0.2,0.043564356435643575,0.08255312311158745,0.029048226759887566,1.5368803738382273,0,0
156,0.2,0.043564356435643575,0.08255312311158745,0.029048226759887566,1.5368803738382273,0,0
157,0.2,0.043564356435643575,0.08255312311158745,0.029048226759887566,1.5368803738382273,0,0
158,0.2,0.043564356435643575,0.08255312311158745,0.029048226759887566,1.5368803738382273,0,0
159,0.0,0.0,0.0,1.0,-0.0,0,0
160,0.0,0.0,0.0,1.0,-0.0,0,0
161,0.4,0.13663366336633662,0.18440311646451985,0.07661574149144973,1.1156819909350628,0,0
162,0.4,0.13663366336633662,0.18440311646451985,0.07661574149144973,1.1156819909350628,0,0
163,0.4,0.13663366336633662,0.18440311646451985,0.07661574149144973,1.1156819909350628,0,0
164,0.4,0.13663366336633662,0.18440311646451985,0.07661574149144973,1.1156819909350628,0,0
165,0.4,0.13663366336633662,0.18440311646451985,0.07661574149144973,1.1156819909350628,0,0
166,0.0,0.0,0.0,1.0,-0.0,0,0
167,0.0,0.2514851485148515,0.23148845164452572,1.0,-0.0,0,0
168,0.2,0.6534653465346534,0.37325550838763466,1.0,-0.0,0,0
169,0.2,0.7009900990099008,0.3729717557604593,1.0,-0.0,0,0
170,0.2,0.7009900990099008,0.3729717557604593,1.0,-0.0,0,0
171,0.2,0.7009900990099008,0.3729717557604593,1.0,-0.0,0,0
172,0.2,0.4495049504950495,0.3062464426550273,1.0,-0.0,0,0
173,0.0,0.10099009900990098,0.1308729634998678,1.0,-0.0,0,0
174,0.0,0.05346534653465347,0.09287951999650357,1.0,-0.0,0,0
175,0.0,0.05346534653465347,0.09287951999650357,1.0,-0.0,0,0
176,0.0,0.05346534653465347,0.09287951999650357,1.0,-0.0,0,0
177,0.0,0.05346534653465347,0.09287951999650357,1.0,-0.0,0,0
178,0.0,0.0,0.0,1.0,-0.0,0,0
179,0.0,0.20990099009900987,0.20172766196776312,1.0,-0.0,0,0
180,0.0,0.20990099009900987,0.20172766196776312,1.0,-0.0,0,0
181,0.0,0.27128712871287125,0.22792070605842626,1.0,-0.0,0,0
182,0.0,0.27128712871287125,0.22792070605842626,1.0,-0.0,0,0
183,0.0,0.27128712871287125,0.22792070605842626,1.0,-0.0,0,0
184,0.0,0.061386138613861385,0.09644194583672018,1.0,-0.0,0,0
185,0.0,0.061386138613861385,0.09644194583672018,1.0,-0.0,0,0
186,0.0,0.0297029702970297,0.07112192077650681,1.0,-0.0,0,0
187,0.0,0.0297029702970297,0.07112192077650681,1.0,-0.0,0,0
188,0.0,0.0297029702970297,0.07112192077650681,1.0,-0.0,0,0
189,0.0,0.0297029702970297,0.07112192077650681,1.0,-0.0,0,0
190,0.0,0.04356435643564357,0.08255312311158745,1.0,-0.0,0,0
191,0.0,0.0712871287128713,0.10372911567294095,1.0,-0.0,0,0
192,0.0,0.0712871287128713,0.10372911567294095,1.0,-0.0,0,0
193,0.0,0.23366336633663365,0.18036114909680317,1.0,-0.0,0,0
194,0.0,0.23366336633663365,0.18036114909680317,1.0,-0.0,0,0
195,0.0,0.2198019801980198,0.1813152180952015,1.0,-0.0,0,0
196,0.0,0.16237623762376235,0.17052712983454243,1.0,-0.0,0,0
197,0.4,0.33069306930693076,0.24117803877552588,0.38691515326084935,0.41238426110662185,0,0
198,0.6,0.19405940594059404,0.1767818940250744,0.01082996003075269,1.9653731461868296,0,0
199,0.6,0.19405940594059404,0.1767818940250744,0.01082996003075269,1.9653731461868296,0,0
200,0.8,0.2198019801980198,0.19397856469320326,0.0013901365899781613,2.856942525386623,1,0
201,0.8,0.2198019801980198,0.19397856469320326,0.0013901365899781613,2.856942525386623,0,0
202,0.4,0.049504950495049514,0.10304643034659552,0.0003352925125692628,3.474576144710637,0,0
203,0.2,0.025742574257425748,0.07264925278354116,0.008228653963589683,2.084671200510097,0,0
204,0.2,0.025742574257425748,0.07264925278354116,0.008228653963589683,2.084671200510097,0,0
205,0.0,0.0,0.0,1.0,-0.0,0,0
206,0.0,0.0,0.0,1.0,-0.0,0,0
207,0.0,0.0,0.0,1.0,-0.0,0,0
208,0.0,0.0,0.0,1.0,-0.0,0,0
209,0.0,0.0,0.0,1.0,-0.0,0,0
210,0.8,0.1801980198019802,0.19600959866383083,0.0007831784351187243,3.106139279373815,0,0
211,0.8,0.1801980198019802,0.19600959866383083,0.0007831784351187243,3.106139279373815,0,0
212,0.8,0.1801980198019802,0.19600959866383083,0.0007831784351187243,3.106139279373815,0,0
213,0.8,0.4336633663366337,0.28848433824117725,0.10206607125667717,0.9911186018390709,0,0
214,1.0,0.6237623762376239,0.3507131390626607,0.14168518533295155,0.8486755574060744,0,0
215,0.2,0.4435643564356436,0.2864656050697049,1.0,-0.0,0,0
216,0.2,0.4435643564356436,0.2864656050697049,1.0,-0.0,0,0
217,0.4,0.4693069306930693,0.29709570223851967,1.0,-0.0,0,0
218,0.4,0.2158415841584158,0.19434208548729182,0.1716667522487898,0.7653138091668138,0,0
219,0.2,0.025742574257425748,0.06697637435757531,0.004637140001348011,2.3337497919853583,0,0
220,0.2,0.025742574257425748,0.06697637435757531,0.004637140001348011,2.3337497919853583,0,0
221,0.2,0.1108910891089109,0.16038381569359675,0.2892428843293221,0.5387373163330749,0,0
222,0.0,0.08514851485148517,0.13304219431477882,1.0,-0.0,0,0
223,0.0,0.08514851485148517,0.13304219431477882,1.0,-0.0,0,0
224,0.0,0.08514851485148517,0.13304219431477882,1.0,-0.0,0,0
225,0.0,0.08514851485148517,0.13304219431477882,1.0,-0.0,0,0
226,0.0,0.0,0.0,1.0,-0.0,0,0
227,0.0,0.0,0.0,1.0,-0.0,0,0
228,0.0,0.05940594059405942,0.10733330877518932,1.0,-0.0,0,0
229,0.0,0.05940594059405942,0.10733330877518932,1.0,-0.0,0,0
230,0.0,0.05940594059405942,0.10733330877518932,1.0,-0.0,0,0
231,0.0,0.05940594059405942,0.10733330877518932,1.0,-0.0,0,0
232,0.0,0.05940594059405942,0.10733330877518932,1.0,-0.0,0,0
233,0.0,0.0,0.0,1.0,-0.0,0,0
234,0.0,0.0,0.0,1.0,-0.0,0,0
235,0.0,0.0,0.0,1.0,-0.0,0,0
236,0.0,0.0,0.0,1.0,-0.0,0,0
237,0.0,0.0,0.0,1.0,-0.0,0,0
238,0.0,0.14851485148514848,0.1558203213695525,1.0,-0.0,0,0
239,0.0,0.14851485148514848,0.1558203213695525,1.0,-0.0,0,0
240,0.0,0.14851485148514848,0.1558203213695525,1.0,-0.0,0,0
241,0.0,0.14851485148514848,0.1558203213695525,1.0,-0.0,0,0
242,0.0,0.14851485148514848,0.1558203213695525,1.0,-0.0,0,0
243,0.0,0.0,0.0,1.0,-0.0,0,0
244,0.0,0.0,0.0,1.0,-0.0,0,0
245,0.0,0.0,0.0,1.0,-0.0,0,0
246,0.0,0.031683168316831684,0.08316831683168317,1.0,-0.0,0,0
247,0.0,0.0594059405940594,0.1178841668604928,1.0,-0.0,0,0
248,0.0,0.0594059405940594,0.1178841668604928,1.0,-0.0,0,0
249,0.0,0.0594059405940594,0.1178841668604928,1.0,-0.0,0,0
250,0.2,0.2396039603960396,0.22693795022349614,1.0,-0.0,0,0
251,0.6,0.6435643564356436,0.38445431086850607,1.0,-0.0,0,0
252,0.6,0.6158415841584159,0.3751521600914125,1.0,-0.0,0,0
253,0.6,0.6158415841584159,0.3751521600914125,1.0,-0.0,0,0
254,0.6,0.6158415841584159,0.3751521600914125,1.0,-0.0,0,0
255,0.4,0.43564356435643564,0.2970429039970794,1.0,-0.0,0,0
256,0.0,0.0,0.0,1.0,-0.0,0,0
257,0.0,0.0,0.0,1.0,-0.0,0,0
258,0.4,0.14059405940594058,0.14770737583343774,0.03952583397853927,1.403118957867441,0,0
259,0.4,0.14059405940594058,0.14770737583343774,0.03952583397853927,1.403118957867441,0,0
260,0.4,0.14059405940594058,0.14770737583343774,0.03952583397853927,1.403118957867441,0,0
261,0.4,0.14059405940594058,0.14770737583343774,0.03952583397853927,1.403118957867441,0,0
262,0.4,0.15445544554455443,0.1613831014717559,0.06406707702960031,1.1933650896318775,0,0
263,0.0,0.08712871287128712,0.13324834725751067,1.0,-0.0,0,0
264,0.0,0.08712871287128712,0.13324834725751067,1.0,-0.0,0,0
265,0.0,0.08712871287128712,0.13324834725751067,1.0,-0.0,0,0
266,0.0,0.08712871287128712,0.13324834725751067,1.0,-0.0,0,0
267,0.0,0.07326732673267328,0.10798889666879985,1.0,-0.0,0,0
268,0.0,0.0,0.0,1.0,-0.0,0,0
269,0.0,0.0,0.0,1.0,-0.0,0,0
270,0.0,0.0,0.0,1.0,-0.0,0,0
271,0.0,0.0,0.0,1.0,-0.0,0,0
272,0.0,0.0,0.0,1.0,-0.0,0,0
273,0.0,0.0,0.0,1.0,-0.0,0,0
274,0.4,0.10693069306930694,0.15041686348382535,0.025684716422834295,1.5903252248268591,0,0
275,0.4,0.10693069306930694,0.15041686348382535,0.025684716422834295,1.5903252248268591,0,0
276,0.4,0.10693069306930694,0.15041686348382535,0.025684716422834295,1.5903252248268591,0,0
277,0.4,0.10693069306930694,0.15041686348382535,0.025684716422834295,1.5903252248268591,0,0
278,0.4,0.10693069306930694,0.15041686348382535,0.025684716422834295,1.5903252248268591,0,0
279,0.0,0.10495049504950495,0.13957235791450373,1.0,-0.0,0,0
280,0.0,0.10495049504950495,0.13957235791450373,1.0,-0.0,0,0
281,0.0,0.10495049504950495,0.13957235791450373,1.0,-0.0,0,0
282,0.0,0.10495049504950495,0.13957235791450373,1.0,-0.0,0,0
283,0.0,0.13663366336633662,0.15397233406965347,1.0,-0.0,0,0
284,0.0,0.0297029702970297,0.07112192077650681,1.0,-0.0,0,0
285,0.0,0.0297029702970297,0.07112192077650681,1.0,-0.0,0,0
286,0.0,0.0297029702970297,0.07112192077650681,1.0,-0.0,0,0
287,0.0,0.0297029702970297,0.07112192077650681,1.0,-0.0,0,0
288,0.0,0.0891089108910891,0.13042276277287215,1.0,-0.0,0,0
289,0.0,0.0891089108910891,0.13042276277287215,1.0,-0.0,0,0
290,0.0,0.0891089108910891,0.13042276277287215,1.0,-0.0,0,0
291,0.0,0.0891089108910891,0.13042276277287215,1.0,-0.0,0,0
292,0.0,0.0891089108910891,0.13042276277287215,1.0,-0.0,0,0
293,0.0,0.14158415841584157,0.17647108799335676,1.0,-0.0,0,0
294,0.0,0.20198019801980197,0.19598959258073065,1.0,-0.0,0,0
295,0.2,0.27326732673267323,0.24651675946035362,1.0,-0.0,0,0
296,0.2,0.27326732673267323,0.24651675946035362,1.0,-0.0,0,0
297,0.4,0.35841584158415846,0.27187188549992036,0.4392168896664705,0.35732096785688167,0,0
298,0.4,0.2158415841584158,0.1922934397831321,0.16910835492850557,0.771834935218871,0,0
299,0.4,0.15643564356435644,0.1725842262930766,0.07908129974601254,1.1019262014235855,0,0
300,0.2,0.19999999999999998,0.2029485619852508,0.49999999999999994,0.30102999566398125,0,0
301,0.4,0.23366336633663365,0.21073996351506546,0.21496892496052245,0.6676243154033076,0,0
302,0.2,0.1504950495049505,0.1473352494078279,0.36843464837398976,0.4336395345825325,0,0
303,0.2,0.1504950495049505,0.1473352494078279,0.36843464837398976,0.4336395345825325,0,0
304,0.2,0.1504950495049505,0.1473352494078279,0.36843464837398976,0.4336395345825325,0,0
305,0.2,0.033663366336633666,0.07482947971362845,0.01311209067436901,1.882328056139666,0,0
306,0.0,0.0,0.0,1.0,-0.0,0,0
307,0.0,0.0,0.0,1.0,-0.0,0,0
308,0.0,0.0,0.0,1.0,-0.0,0,0
309,0.0,0.0,0.0,1.0,-0.0,0,0
310,0.0,0.0,0.0,1.0,-0.0,0,0
311,0.0,0.0,0.0,1.0,-0.0,0,0
312,0.0,0.0,0.0,1.0,-0.0,0,0
313,0.0,0.0,0.0,1.0,-0.0,0,0
314,0.0,0.0,0.0,1.0,-0.0,0,0
315,0.2,0.3603960396039604,0.2772135781398656,1.0,-0.0,0,0
316,0.2,0.3821782178217822,0.27300891785527265,1.0,-0.0,0,0
317,0.2,0.3821782178217822,0.27300891785527265,1.0,-0.0,0,0
318,0.2,0.41584158415841593,0.27957983796316616,1.0,-0.0,0,0
319,0.2,0.4297029702970297,0.2861643073188138,1.0,-0.0,0,0
320,0.0,0.08118811881188118,0.1264228887090089,1.0,-0.0,0,0
321,0.0,0.0594059405940594,0.1073333087751893,1.0,-0.0,0,0
322,0.0,0.0891089108910891,0.13923481846532235,1.0,-0.0,0,0
323,0.0,0.05544554455445544,0.1019369320889802,1.0,-0.0,0,0
324,0.0,0.05346534653465347,0.10489443673781407,1.0,-0.0,0,0
325,0.0,0.07722772277227723,0.1193059036149867,1.0,-0.0,0,0
326,0.0,0.1841584158415841,0.17045813240916707,1.0,-0.0,0,0
327,0.0,0.15445544554455443,0.14860723199440565,1.0,-0.0,0,0
328,0.2,0.3049504950495049,0.2098449392750725,1.0,-0.0,0,0
329,0.2,0.291089108910891,0.20201902170070257,1.0,-0.0,0,0
330,0.2,0.2554455445544554,0.19724601290992394,1.0,-0.0,0,0
331,0.2,0.1504950495049505,0.1602125830191587,0.3786625146087017,0.42174768538449214,0,0
332,0.2,0.1504950495049505,0.1602125830191587,0.3786625146087017,0.42174768538449214,0,0
333,0.0,0.0,0.0,1.0,-0.0,0,0
334,0.0,0.0,0.0,1.0,-0.0,0,0
335,0.0,0.0,0.0,1.0,-0.0,0,0
336,0.0,0.0,0.0,1.0,-0.0,0,0
337,0.0,0.0,0.0,1.0,-0.0,0,0
338,0.0,0.0,0.0,1.0,-0.0,0,0
339,0.0,0.0,0.0,1.0,-0.0,0,0
340,0.0,0.0,0.0,1.0,-0.0,0,0
341,0.0,0.0,0.0,1.0,-0.0,0,0
342,0.0,0.0,0.0,1.0,-0.0,0,0
343,0.0,0.0,0.0,1.0,-0.0,0,0
344,0.0,0.013861386138613863,0.05079507064705211,1.0,-0.0,0,0
345,0.0,0.013861386138613863,0.05079507064705211,1.0,-0.0,0,0
346,0.0,0.013861386138613863,0.05079507064705211,1.0,-0.0,0,0
347,0.0,0.19801980198019797,0.17461709057464242,1.0,-0.0,0,0
348,0.0,0.19801980198019797,0.17461709057464242,1.0,-0.0,0,0
349,0.6,0.3445544554455446,0.24715219487320772,0.15067197360861212,0.8219675229944772,0,0
350,0.6,0.3445544554455446,0.24715219487320772,0.15067197360861212,0.8219675229944772,0,0
351,0.6,0.3445544554455446,0.24715219487320772,0.15067197360861212,0.8219675229944772,0,0
352,0.6,0.1623762376237624,0.1584900816139702,0.0028794170976594938,2.540695420883794,0,0
353,0.6,0.1801980198019802,0.1676983394830901,0.006151777306239564,2.210999394341512,0,0
354,0.0,0.017821782178217824,0.0635517090529949,1.0,-0.0,0,0
355,0.0,0.017821782178217824,0.0635517090529949,1.0,-0.0,0,0
356,0.0,0.017821782178217824,0.0635517090529949,1.0,-0.0,0,0
357,0.2,0.10495049504950493,0.1337769960717191,0.2386948661603236,0.6221569216812192,0,0
358,0.2,0.08712871287128712,0.12401163019288061,0.18136723570535113,0.7414411662151199,0,0
359,0.4,0.3663366336633664,0.26561239821159943,0.44957361285295006,0.34719918704900266,0,0
360,0.4,0.3663366336633664,0.26561239821159943,0.44957361285295006,0.34719918704900266,0,0
361,0.4,0.3762376237623763,0.2599118338143335,0.4635775454565117,0.333877608343699,0,0
362,0.2,0.2871287128712871,0.23448421017018475,1.0,-0.0,0,0
363,0.2,0.3148514851485148,0.24103166819331384,1.0,-0.0,0,0
364,0.0,0.09306930693069305,0.1422989641443302,1.0,-0.0,0,0
365,0.4,0.2217821782178218,0.2141545478747845,0.20265013089258033,0.693253111409547,0,0
366,0.4,0.2118811881188119,0.20454592488897794,0.1788674279696526,0.7474687379175725,0,0
367,0.4,0.2118811881188119,0.20454592488897794,0.1788674279696526,0.7474687379175725,0,0
368,0.4,0.18415841584158413,0.1860121753000773,0.1229505895917218,0.9102693843240651,0,0
369,0.4,0.1287128712871287,0.1423540653909816,0.02834320804472759,1.547550995398624,0,0
370,0.0,0.0,0.0,1.0,-0.0,0,0
371,0.0,0.0,0.0,1.0,-0.0,0,0
372,0.2,0.3188118811881188,0.2289506286383308,1.0,-0.0,0,0
373,0.2,0.3188118811881188,0.2289506286383308,1.0,-0.0,0,0
374,0.4,0.506930693069307,0.28779029278676505,1.0,-0.0,0,0
375,0.4,0.506930693069307,0.28779029278676505,1.0,-0.0,0,0
376,0.4,0.506930693069307,0.28779029278676505,1.0,-0.0,0,0
377,0.2,0.18811881188118812,0.18630706513012396,0.47457585697814497,0.3236943593505994,0,0
378,0.2,0.18811881188118812,0.18630706513012396,0.47457585697814497,0.3236943593505994,0,0
379,0.0,0.0,0.0,1.0,-0.0,0,0
380,0.0,0.0,0.0,1.0,-0.0,0,0
381,0.0,0.03564356435643565,0.08154954567118416,1.0,-0.0,0,0
382,0.0,0.07326732673267328,0.11509022642946842,1.0,-0.0,0,0
383,0.0,0.07326732673267328,0.11509022642946842,1.0,-0.0,0,0
384,0.0,0.07326732673267328,0.11509022642946842,1.0,-0.0,0,0
385,0.0,0.07326732673267328,0.11509022642946842,1.0,-0.0,0,0
386,0.4,0.4653465346534655,0.28578037803213396,1.0,-0.0,0,0
387,0.4,0.42772277227722777,0.271453298822872,1.0,-0.0,0,0
388,0.4,0.42772277227722777,0.271453298822872,1.0,-0.0,0,0
389,0.6,0.7762376237623761,0.3912783099178579,1.0,-0.0,0,0
390,1.2,0.9168316831683168,0.3982807872981451,0.23854937068368892,0.6224217248143897,0,0
391,0.8,0.4891089108910891,0.27355416141511485,0.12787614100808004,0.8932104781571856,0,0
392,0.8,0.4891089108910891,0.27355416141511485,0.12787614100808004,0.8932104781571856,0,0
393,0.8,0.4891089108910891,0.27355416141511485,0.12787614100808004,0.8932104781571856,0,0
394,0.6,0.14257425742574256,0.16004116713803365,0.002130423323856096,2.671534091890862,0,0
395,0.4,0.46138613861386135,0.30278257304629547,1.0,-0.0,0,0
396,0.4,0.46138613861386135,0.30278257304629547,1.0,-0.0,0,0
397,0.4,0.46138613861386135,0.30278257304629547,1.0,-0.0,0,0
398,0.4,0.46138613861386135,0.30278257304629547,1.0,-0.0,0,0
399,0.4,0.46138613861386135,0.30278257304629547,1.0,-0.0,0,0
400,0.0,0.0,0.0,1.0,-0.0,0,0
401,0.0,0.0,0.0,1.0,-0.0,0,0
402,0.0,0.0,0.0,1.0,-0.0,0,0
