,foreground,bg_means,bg_stdev,pvals,minus_logs,regs,active
2,0.0,0.06732673267326733,0.09451167971312256,1.0,-0.0,0,0
3,0.0,0.0,0.0,1.0,-0.0,0,0
4,0.0,0.0,0.0,1.0,-0.0,0,0
5,0.0,0.0,0.0,1.0,-0.0,0,0
6,0.0,0.0,0.0,1.0,-0.0,0,0
7,0.2,0.04356435643564357,0.08255312311158745,0.029048226759887566,1.5368803738382273,0,0
8,0.2,0.04356435643564357,0.08255312311158745,0.029048226759887566,1.5368803738382273,0,0
9,0.2,0.04356435643564357,0.08255312311158745,0.029048226759887566,1.5368803738382273,0,0
10,0.2,0.04356435643564357,0.08255312311158745,0.029048226759887566,1.5368803738382273,0,0
11,0.2,0.04356435643564357,0.08255312311158745,0.029048226759887566,1.5368803738382273,0,0
12,0.0,0.03564356435643565,0.07653920035678292,1.0,-0.0,0,0
13,0.0,0.03564356435643565,0.07653920035678292,1.0,-0.0,0,0
14,0.0,0.03564356435643565,0.07653920035678292,1.0,-0.0,0,0
15,0.0,0.03564356435643565,0.07653920035678292,1.0,-0.0,0,0
16,0.0,0.11089108910891088,0.13342479626077636,1.0,-0.0,0,0
17,0.0,0.07524752475247526,0.12219602867755656,1.0,-0.0,0,0
18,0.0,0.07524752475247526,0.12219602867755656,1.0,-0.0,0,0
19,0.0,0.07524752475247526,0.12219602867755656,1.0,-0.0,0,0
20,0.0,0.07524752475247526,0.12219602867755656,1.0,-0.0,0,0
21,0.0,0.0,0.0,1.0,-0.0,0,0
22,0.0,0.06930693069306931,0.10693069306930696,1.0,-0.0,0,0
23,0.0,0.19603960396039605,0.1711468549412428,1.0,-0.0,0,0
24,0.0,0.19603960396039605,0.1711468549412428,1.0,-0.0,0,0
25,0.0,0.19603960396039605,0.1711468549412428,1.0,-0.0,0,0
26,0.0,0.19603960396039605,0.1711468549412428,1.0,-0.0,0,0
27,0.0,0.23564356435643566,0.18107717211333596,1.0,-0.0,0,0
28,0.0,0.10891089108910891,0.13650445892763632,1.0,-0.0,0,0
29,0.0,0.1900990099009901,0.16013914153786715,1.0,-0.0,0,0
30,0.0,0.1900990099009901,0.16013914153786715,1.0,-0.0,0,0
31,0.0,0.2435643564356436,0.18370005771578798,1.0,-0.0,0,0
32,0.0,0.13465346534653463,0.13233294611171187,1.0,-0.0,0,0
33,0.0,0.13465346534653463,0.13233294611171187,1.0,-0.0,0,0
34,0.0,0.05346534653465347,0.08851285797476045,1.0,-0.0,0,0
35,0.0,0.05346534653465347,0.08851285797476045,1.0,-0.0,0,0
36,0.0,0.0,0.0,1.0,-0.0,0,0
37,0.0,0.0,0.0,1.0,-0.0,0,0
38,0.0,0.0,0.0,1.0,-0.0,0,0
39,0.0,0.0,0.0,1.0,-0.0,0,0
40,0.0,0.03762376237623763,0.07816140339006158,1.0,-0.0,0,0
41,0.0,0.03762376237623763,0.07816140339006158,1.0,-0.0,0,0
42,0.0,0.03762376237623763,0.07816140339006158,1.0,-0.0,0,0
43,0.0,0.03762376237623763,0.07816140339006158,1.0,-0.0,0,0
44,0.2,0.1267326732673267,0.12498799079651089,0.27887226360249195,0.5545946781448374,0,0
45,0.4,0.2871287128712871,0.1240116301928806,0.18136723570535107,0.7414411662151201,0,0
46,0.4,0.2871287128712871,0.1240116301928806,0.18136723570535107,0.7414411662151201,0,0
47,0.4,0.2871287128712871,0.1240116301928806,0.18136723570535107,0.7414411662151201,0,0
48,0.4,0.2871287128712871,0.1240116301928806,0.18136723570535107,0.7414411662151201,0,0
49,0.2,0.19999999999999996,5.551115123125783e-17,0.15865525393145707,0.7995455414919704,0,0
50,0.0,0.0,0.0,1.0,-0.0,0,0
51,0.0,0.0,0.0,1.0,-0.0,0,0
52,0.0,0.0,0.0,1.0,-0.0,0,0
53,0.0,0.0,0.0,1.0,-0.0,0,0
54,0.0,0.0,0.0,1.0,-0.0,0,0
55,0.0,0.0,0.0,1.0,-0.0,0,0
56,0.0,0.0,0.0,1.0,-0.0,0,0
57,0.2,0.14059405940594058,0.15036471688371983,0.3463922966247934,0.46043177476827185,0,0
58,0.6,0.3247524752475248,0.20069480331595924,0.08511376121736876,1.0700002173818426,0,0
59,0.6,0.3247524752475248,0.20069480331595924,0.08511376121736876,1.0700002173818426,0,0
60,0.6,0.3247524752475248,0.20069480331595924,0.08511376121736876,1.0700002173818426,0,0
61,0.6,0.3623762376237625,0.21006905283763708,0.12899182127863723,0.8894378252523857,0,0
62,0.4,0.22178217821782173,0.19478546736408614,0.1801104781897736,0.7444610207305669,0,0
63,0.0,0.03762376237623763,0.07816140339006158,1.0,-0.0,0,0
64,0.0,0.03762376237623763,0.07816140339006158,1.0,-0.0,0,0
65,0.0,0.03762376237623763,0.07816140339006158,1.0,-0.0,0,0
66,0.2,0.04752475247524753,0.08512548617902843,0.03663203844700429,1.4361389136681444,0,0
67,0.2,0.04752475247524753,0.08512548617902843,0.03663203844700429,1.4361389136681444,0,0
68,0.2,0.04752475247524753,0.08512548617902843,0.03663203844700429,1.4361389136681444,0,0
