,foreground,bg_means,bg_stdev,pvals,minus_logs,regs,active
2,1.2,1.8792079207920795,0.45474763574370436,1.0,-0.0,0,0
3,1.2,1.928712871287129,0.464659277632305,1.0,-0.0,0,0
4,4.6,3.823762376237624,0.7405040449346989,0.14726039526619228,0.83191403815447,0,0
5,6.2,5.300990099009902,0.8750100479768139,0.15210946543470572,0.8178437599236202,0,0
6,9.8,6.914851485148515,0.9420208043165083,0.0010966659704457924,2.959925632482436,0,0
7,9.2,6.35049504950495,0.9374099309738316,0.0011838180241227428,2.926715051999359,0,0
8,11.0,7.081188118811881,0.9602715036128671,2.242681693955653e-05,4.649232361891094,0,0
9,14.4,9.320792079207921,1.0390701128139532,5.087474591147849e-07,6.293497746799026,0,0
10,13.8,8.37227722772277,0.933864409336804,3.084512044361976e-09,8.510813529589322,0,0
11,11.6,6.9504950495049505,0.9164744936441195,1.9553826671541406e-07,6.7087682387945975,1,0
12,12.4,7.435643564356434,1.0109875730955509,4.5444698255228936e-07,6.342516775870032,0,0
13,10.6,6.653465346534652,0.9757012564655455,2.6181819417197465e-05,4.5820001769069725,0,0
14,3.4,1.897029702970297,0.551228231746315,0.0031996792255255106,2.4948935584198004,0,0
15,2.4,1.3663366336633664,0.4667726199735634,0.013397539987920941,1.872974938034491,0,0
16,1.0,0.6158415841584158,0.3040103806419848,0.10318037989452906,0.9864028774532712,0,0
17,0.2,0.13267326732673265,0.1135467024699521,0.27660961945851165,0.5581327208098334,0,0
18,0.2,0.26732673267326734,0.1851458675090028,1.0,-0.0,0,0
19,0.2,0.31287128712871287,0.20375843119851977,1.0,-0.0,0,0
20,0.2,0.31287128712871287,0.20375843119851977,1.0,-0.0,0,0
21,0.0,0.18019801980198016,0.15287333913361412,1.0,-0.0,0,0
22,0.0,0.21782178217821782,0.16909546170462728,1.0,-0.0,0,0
23,0.4,0.5504950495049505,0.26161106434054654,1.0,-0.0,0,0
24,0.4,0.7801980198019802,0.29984147692273583,1.0,-0.0,0,0
25,0.4,0.7801980198019802,0.29984147692273583,1.0,-0.0,0,0
26,0.4,0.7801980198019802,0.29984147692273583,1.0,-0.0,0,0
27,2.6,3.227722772277228,0.626813221170309,1.0,-0.0,0,0
28,2.4,3.194059405940594,0.6358625205072128,1.0,-0.0,0,0
29,2.4,2.946534653465346,0.6100745541902435,1.0,-0.0,0,0
30,2.4,2.946534653465346,0.6100745541902435,1.0,-0.0,0,0
31,2.4,2.946534653465346,0.6100745541902435,1.0,-0.0,0,0
32,0.2,0.46138613861386135,0.2636267602478039,1.0,-0.0,0,0
33,0.6,0.5287128712871287,0.2603640382398986,0.3921199660995038,0.40658104358075436,0,0
34,1.4,0.6900990099009899,0.3274579409150534,0.015082576238499852,1.8215244707603653,0,0
35,1.4,0.6900990099009899,0.3274579409150534,0.015082576238499852,1.8215244707603653,0,0
36,1.4,0.6900990099009899,0.3274579409150534,0.015082576238499852,1.8215244707603653,0,0
37,1.4,0.6900990099009899,0.3274579409150534,0.015082576238499852,1.8215244707603653,0,0
38,0.8,0.19009900990099005,0.18103385739626768,0.0003772228340550246,3.4234020264226426,0,0
39,0.0,0.0,0.0,1.0,-0.0,0,0
40,0.0,0.0,0.0,1.0,-0.0,0,0
41,0.0,0.0,0.0,1.0,-0.0,0,0
42,0.0,0.0,0.0,1.0,-0.0,0,0
43,0.0,0.0,0.0,1.0,-0.0,0,0
44,0.0,0.0,0.0,1.0,-0.0,0,0
45,0.0,0.07326732673267328,0.10425700262248065,1.0,-0.0,0,0
46,1.0,0.821782178217822,0.32688265384592435,0.2928065142636107,0.5334192654645029,0,0
47,1.2,1.105940594059406,0.3463592200912535,0.3929778526951571,0.4056319247475093,0,0
48,1.2,1.105940594059406,0.3463592200912535,0.3929778526951571,0.4056319247475093,0,0
49,1.6,2.2257425742574255,0.5454861516599474,1.0,-0.0,0,0
50,1.6,2.152475247524752,0.5392686759240328,1.0,-0.0,0,0
51,0.6,1.403960396039604,0.417422736570235,1.0,-0.0,0,0
52,3.4,3.1009900990099,0.6086009031441794,0.3116046549102589,0.506396063237152,0,0
53,3.6,3.4871287128712876,0.6289490473997683,0.428788204540966,0.36775717008121245,0,0
54,3.2,2.3663366336633667,0.5136314562177735,0.05228648045514538,1.2816105907263282,0,0
55,3.2,2.3663366336633667,0.5136314562177735,0.05228648045514538,1.2816105907263282,0,0
56,3.2,2.3663366336633667,0.5136314562177735,0.05228648045514538,1.2816105907263282,0,0
57,0.2,0.3841584158415843,0.23828291416223882,1.0,-0.0,0,0
58,0.6,0.8118811881188119,0.38364771606534126,1.0,-0.0,0,0
59,0.6,0.8495049504950495,0.387329972247482,1.0,-0.0,0,0
60,0.6,0.8495049504950495,0.387329972247482,1.0,-0.0,0,0
61,0.8,1.3900990099009902,0.5045348706894242,1.0,-0.0,0,0
62,0.8,1.3900990099009902,0.5045348706894242,1.0,-0.0,0,0
63,0.2,0.5782178217821782,0.26980152602377977,1.0,-0.0,0,0
64,0.2,0.5405940594059405,0.26632007015373355,1.0,-0.0,0,0
65,0.2,0.5405940594059405,0.26632007015373355,1.0,-0.0,0,0
66,0.0,0.0,0.0,1.0,-0.0,0,0
67,0.0,0.0,0.0,1.0,-0.0,0,0
68,0.6,0.6594059405940593,0.2891360356189145,1.0,-0.0,0,0
69,1.0,1.1861386138613863,0.3809913340586392,1.0,-0.0,0,0
70,1.0,1.1861386138613863,0.3809913340586392,1.0,-0.0,0,0
71,1.0,1.1861386138613863,0.3809913340586392,1.0,-0.0,0,0
72,1.0,1.1861386138613863,0.3809913340586392,1.0,-0.0,0,0
73,0.4,0.5247524752475248,0.27697300886979587,1.0,-0.0,0,0
74,0.2,0.023762376237623766,0.06471340450838889,0.0032311212459077425,2.490646745033819,0,0
75,0.2,0.023762376237623766,0.06471340450838889,0.0032311212459077425,2.490646745033819,0,0
76,0.2,0.023762376237623766,0.06471340450838889,0.0032311212459077425,2.490646745033819,0,0
77,0.2,0.023762376237623766,0.06471340450838889,0.0032311212459077425,2.490646745033819,0,0
78,0.2,0.023762376237623766,0.06471340450838889,0.0032311212459077425,2.490646745033819,0,0
79,0.0,0.0,0.0,1.0,-0.0,0,0
80,0.6,1.0851485148514852,0.4354094780627808,1.0,-0.0,0,0
81,1.2,1.9980198019801982,0.5475381804165096,1.0,-0.0,0,0
82,1.8,4.003960396039604,0.7213739355335552,1.0,-0.0,0,0
83,2.0,4.413861386138614,0.7652126738572369,1.0,-0.0,0,0
84,2.6,5.2108910891089115,0.8868568359912203,1.0,-0.0,1,0
85,4.0,7.542574257425741,1.034584771986534,1.0,-0.0,0,0
86,3.4,6.631683168316831,0.9337384344526685,1.0,-0.0,0,0
87,2.8,4.625742574257426,0.7716067157762412,1.0,-0.0,0,0
88,2.6,4.215841584158415,0.7385740439988246,1.0,-0.0,0,0
89,2.0,3.417821782178218,0.7059010167623581,1.0,-0.0,0,0
90,0.0,0.0,0.0,1.0,-0.0,0,0
91,0.0,0.041584158415841586,0.08116396646304633,1.0,-0.0,0,0
92,1.2,0.8495049504950495,0.3311018994165916,0.14489747561226568,0.8389391806931676,0,0
93,1.8,1.107920792079208,0.42628563108631723,0.052240157841500934,1.2819955195279804,0,0
94,1.8,1.1683168316831682,0.43576056034744387,0.07358355608354535,1.1332192277831956,0,0
95,1.8,1.1683168316831682,0.43576056034744387,0.07358355608354535,1.1332192277831956,0,0
96,1.8,1.1257425742574259,0.4491253249309855,0.06664314421365874,1.1762445211686603,0,0
97,1.0,0.5584158415841585,0.3022251887244663,0.07199266769905643,1.1427117332908845,0,0
98,0.4,0.29900990099009894,0.20416216108961588,0.3104213771353772,0.508048378740344,0,0
99,0.4,0.2396039603960396,0.18883656715060818,0.19783194012654953,0.7037035898830485,0,0
100,1.4,1.0841584158415838,0.38812386337387544,0.2078898178903706,0.6821667811943436,0,0
101,1.4,1.0841584158415838,0.38812386337387544,0.2078898178903706,0.6821667811943436,0,0
102,1.0,0.8435643564356434,0.33726208088782206,0.32138119140776966,0.492979543586489,0,0
103,1.0,0.8435643564356434,0.33726208088782206,0.32138119140776966,0.492979543586489,0,0
104,1.0,0.8435643564356434,0.33726208088782206,0.32138119140776966,0.492979543586489,0,0
105,0.0,0.0,0.0,1.0,-0.0,0,0
106,0.0,0.0,0.0,1.0,-0.0,0,0
107,0.0,0.019801980198019806,0.05973506189702319,1.0,-0.0,0,0
108,0.0,0.2099009900990099,0.17434741150934766,1.0,-0.0,0,0
109,0.0,0.2099009900990099,0.17434741150934766,1.0,-0.0,0,0
110,0.4,1.1782178217821782,0.39691981393259407,1.0,-0.0,0,0
111,0.8,1.736633663366337,0.4938678967708238,1.0,-0.0,0,0
112,1.2,2.4455445544554455,0.6165256777955296,1.0,-0.0,0,0
113,6.4,5.7306930693069305,0.9263729521027744,0.23499274240196627,0.6289455504237963,1,0
114,7.2,6.295049504950495,0.9567246350189954,0.17210388544945449,0.7642093248484433,0,0
115,8.0,6.844554455445545,0.918293213114649,0.1041500667094102,0.9823404475451412,0,0
116,7.6,7.049504950495049,0.9681690142090391,0.28481586384649166,0.5454358247643964,0,0
117,7.2,6.319801980198018,0.8665419841491285,0.15487202717305004,0.8100270169821843,0,0
118,2.0,2.845544554455446,0.6910352045702842,1.0,-0.0,0,0
119,1.2,2.279207920792079,0.6455202570899682,1.0,-0.0,0,0
120,0.0,0.9069306930693068,0.3430375165645979,1.0,-0.0,0,0
121,0.0,0.39801980198019804,0.24453641653917763,1.0,-0.0,0,0
122,0.0,0.39801980198019804,0.24453641653917763,1.0,-0.0,0,0
123,0.4,0.6712871287128712,0.3064768282757663,1.0,-0.0,0,0
124,0.4,0.7287128712871288,0.3141345595720061,1.0,-0.0,0,0
125,0.4,0.8574257425742574,0.33458901482605546,1.0,-0.0,0,0
126,0.4,0.603960396039604,0.29109584420038404,1.0,-0.0,0,0
127,0.4,0.603960396039604,0.29109584420038404,1.0,-0.0,0,0
128,0.0,0.3297029702970297,0.23443403702097015,1.0,-0.0,0,0
129,0.0,0.2732673267326733,0.21382471266048456,1.0,-0.0,0,0
130,0.4,0.879207920792079,0.37239307234869534,1.0,-0.0,0,0
131,1.0,1.4000000000000004,0.4581495281008263,1.0,-0.0,0,0
132,1.0,1.4000000000000004,0.4581495281008263,1.0,-0.0,0,0
133,1.0,1.556435643564357,0.4887680698002571,1.0,-0.0,0,0
134,1.2,1.9128712871287128,0.5100307438484669,1.0,-0.0,0,0
135,1.4,1.8831683168316833,0.39927392193674643,1.0,-0.0,0,0
136,1.6,2.9722772277227723,0.5923804657600524,1.0,-0.0,0,0
137,1.6,2.9722772277227723,0.5923804657600524,1.0,-0.0,0,0
138,1.6,2.8138613861386137,0.5925326916611332,1.0,-0.0,0,0
139,1.4,2.4574257425742574,0.5638177036078916,1.0,-0.0,0,0
140,0.8,1.607920792079208,0.4649461095817603,1.0,-0.0,0,0
141,0.0,0.0,0.0,1.0,-0.0,0,0
142,0.0,0.0,0.0,1.0,-0.0,0,0
143,0.6,0.8138613861386139,0.3617968641174317,1.0,-0.0,0,0
144,1.0,0.9702970297029703,0.38422985964222284,0.46919037284604914,0.32865090760239807,0,0
145,1.6,1.3504950495049504,0.4159264411298447,0.27429390977410506,0.5617838350526445,0,0
146,1.6,1.3504950495049504,0.4159264411298447,0.27429390977410506,0.5617838350526445,0,0
147,1.6,1.3504950495049504,0.4159264411298447,0.27429390977410506,0.5617838350526445,0,0
148,1.6,1.9801980198019802,0.4516240884007424,1.0,-0.0,0,0
149,1.2,2.3643564356435642,0.6078014524718572,1.0,-0.0,0,0
150,0.6,1.9841584158415841,0.5840677895802964,1.0,-0.0,1,0
151,2.2,3.222772277227723,0.7319959405988739,1.0,-0.0,0,0
152,2.2,3.324752475247524,0.7471935532766791,1.0,-0.0,0,0
153,3.0,3.0356435643564352,0.7199538156826507,1.0,-0.0,0,0
154,3.0,2.493069306930693,0.6271509404658836,0.20945684614628646,0.6789054400534735,0,0
155,3.0,2.493069306930693,0.6271509404658836,0.20945684614628646,0.6789054400534735,0,0
156,1.4,1.2554455445544555,0.45303711025944465,0.3748334482849226,0.426161661761262,0,0
157,1.4,1.1544554455445546,0.43316124463816547,0.2854024775873274,0.5445422610817983,0,0
158,0.0,0.0,0.0,1.0,-0.0,0,0
159,0.0,0.0,0.0,1.0,-0.0,0,0
160,0.0,0.0,0.0,1.0,-0.0,0,0
161,0.0,0.0,0.0,1.0,-0.0,0,0
162,0.0,0.0,0.0,1.0,-0.0,0,0
163,0.2,0.041584158415841586,0.08116396646304633,0.025480968483881664,1.5937840693032386,0,0
164,0.2,0.041584158415841586,0.08116396646304633,0.025480968483881664,1.5937840693032386,0,0
165,0.2,0.14059405940594058,0.12442200453390104,0.3165189859687828,0.4996002342906283,0,0
166,0.2,0.14059405940594058,0.12442200453390104,0.3165189859687828,0.4996002342906283,0,0
167,0.2,0.14059405940594058,0.12442200453390104,0.3165189859687828,0.4996002342906283,0,0
168,0.0,0.097029702970297,0.09995587694355614,1.0,-0.0,0,0
169,0.0,0.097029702970297,0.09995587694355614,1.0,-0.0,0,0
170,0.0,0.0,0.0,1.0,-0.0,0,0
171,0.0,0.0,0.0,1.0,-0.0,0,0
172,0.0,0.0,0.0,1.0,-0.0,0,0
