,foreground,bg_means,bg_stdev,pvals,minus_logs,regs,active
2,0.6,0.16237623762376235,0.1609695163002105,0.0032772009867950355,2.484496923042602,0,0
3,0.6,0.27128712871287125,0.18792068774840867,0.04012730557396355,1.3965600008354477,0,0
4,0.6,0.3207920792079208,0.21262938131558207,0.09457123590681228,1.024240935337177,0,0
5,0.4,0.3069306930693069,0.20209664668789026,0.32257193714816434,0.49137341770286713,0,0
6,0.4,0.3742574257425743,0.22631506354949688,0.45471932618508004,0.3422565873010021,0,0
7,0.0,0.30297029702970296,0.2136228959919582,1.0,-0.0,0,0
8,0.0,0.3267326732673268,0.2512901715519256,1.0,-0.0,0,0
9,0.2,0.3108910891089109,0.2586717749355712,1.0,-0.0,0,0
10,0.2,0.3643564356435644,0.29030000133553935,1.0,-0.0,0,0
11,0.4,0.29108910891089107,0.22954928282989864,0.3175876064556686,0.49813645382975047,0,0
12,0.4,0.46930693069306945,0.26466589222342374,1.0,-0.0,0,0
13,0.4,0.46138613861386146,0.24654857012691103,1.0,-0.0,0,0
14,0.2,0.44950495049504957,0.2585656407366455,1.0,-0.0,0,0
15,0.2,0.48316831683168315,0.26291183890380593,1.0,-0.0,0,0
16,0.0,0.4336633663366337,0.23726044832871537,1.0,-0.0,0,0
17,0.0,0.2554455445544555,0.19924374222741015,1.0,-0.0,0,0
18,0.0,0.16237623762376233,0.15341104117423018,1.0,-0.0,0,0
19,0.0,0.14257425742574256,0.15243666735776418,1.0,-0.0,0,0
20,0.0,0.07326732673267328,0.10425700262248065,1.0,-0.0,0,0
21,0.0,0.05346534653465347,0.08851285797476045,1.0,-0.0,0,0
22,0.0,0.05346534653465347,0.08851285797476045,1.0,-0.0,0,0
23,0.0,0.021782178217821784,0.06230547612891991,1.0,-0.0,0,0
24,0.0,0.027722772277227727,0.07461957893630407,1.0,-0.0,0,0
25,0.0,0.019801980198019802,0.059735061897023205,1.0,-0.0,0,0
26,0.0,0.019801980198019802,0.059735061897023205,1.0,-0.0,0,0
27,0.0,0.06336633663366338,0.10504385908811757,1.0,-0.0,0,0
28,0.0,0.06336633663366338,0.10504385908811757,1.0,-0.0,0,0
29,0.0,0.057425742574257435,0.09885135821266286,1.0,-0.0,0,0
30,0.0,0.06732673267326733,0.11000352009767247,1.0,-0.0,0,0
31,0.0,0.11089108910891088,0.13636075485692528,1.0,-0.0,0,0
32,0.0,0.09306930693069305,0.11795067415315193,1.0,-0.0,0,0
33,0.0,0.19207920792079206,0.1822212605200371,1.0,-0.0,0,0
34,0.0,0.2732673267326733,0.2350020387983651,1.0,-0.0,0,0
35,0.0,0.25742574257425743,0.22574257425742572,1.0,-0.0,0,0
36,0.0,0.22574257425742572,0.22100287411174188,1.0,-0.0,0,0
37,0.0,0.2613861386138614,0.21012504387932376,1.0,-0.0,0,0
38,0.0,0.19999999999999996,0.16410573746614388,1.0,-0.0,0,0
39,0.0,0.12475247524752472,0.14583724862987696,1.0,-0.0,0,0
40,0.0,0.1801980198019802,0.18985132378941597,1.0,-0.0,0,0
41,0.0,0.31485148514851485,0.22043437703090285,1.0,-0.0,0,0
42,0.0,0.2772277227722772,0.19081959139242144,1.0,-0.0,0,0
43,0.0,0.4198019801980198,0.21891713789332606,1.0,-0.0,0,0
44,0.2,0.4475247524752475,0.23739262686171417,1.0,-0.0,0,0
45,0.2,0.403960396039604,0.2354354684784451,1.0,-0.0,0,0
46,0.2,0.25742574257425743,0.21124174816783506,1.0,-0.0,0,0
47,0.2,0.28316831683168314,0.2238587368089122,1.0,-0.0,0,0
48,0.2,0.16237623762376235,0.17511042352027043,0.41493926719196533,0.38201546438084427,0,0
49,0.0,0.12574257425742572,0.14257425742574256,1.0,-0.0,0,0
50,0.2,0.14257425742574256,0.14981608173764543,0.3507456053772941,0.45500776170330226,0,0
51,0.2,0.14257425742574256,0.14981608173764543,0.3507456053772941,0.45500776170330226,0,0
52,0.4,0.22376237623762374,0.2111489150505556,0.201954490858558,0.6947464849876519,0,0
53,0.4,0.17425742574257425,0.18166090995928266,0.10699674953007195,0.9706294156100769,0,0
54,0.4,0.17425742574257425,0.18166090995928266,0.10699674953007195,0.9706294156100769,0,0
55,0.2,0.14059405940594058,0.16055486574752068,0.3556897595366219,0.44892863816186535,0,0
56,0.2,0.16633663366336632,0.1713529319032391,0.42212650920440536,0.3745573736459046,0,0
57,0.0,0.031683168316831684,0.07826167463512675,1.0,-0.0,0,0
58,0.0,0.025742574257425748,0.06697637435757531,1.0,-0.0,0,0
59,0.2,0.04752475247524753,0.08965727859541997,0.044504787234598886,1.3515932708674616,0,0
60,0.2,0.04752475247524753,0.08965727859541997,0.044504787234598886,1.3515932708674616,0,0
61,0.2,0.02970297029702971,0.07648795214189293,0.012991839772286904,1.8863293442020952,0,0
62,0.2,0.02970297029702971,0.07648795214189293,0.012991839772286904,1.8863293442020952,0,0
63,0.2,0.057425742574257435,0.11021718851545144,0.09790604061927334,1.009190512214366,0,0
64,0.0,0.03564356435643565,0.07653920035678292,1.0,-0.0,0,0
65,0.0,0.06930693069306931,0.11751770396006171,1.0,-0.0,0,0
66,0.0,0.0811881188118812,0.13549532985786933,1.0,-0.0,0,0
67,0.0,0.16237623762376235,0.17511042352027043,1.0,-0.0,0,0
68,0.0,0.3425742574257426,0.23265430721147748,1.0,-0.0,0,0
69,0.0,0.6198019801980198,0.3024716014753271,1.0,-0.0,0,0
70,0.0,0.6376237623762376,0.3155543558795495,1.0,-0.0,0,0
71,0.0,0.6514851485148513,0.30785552140031713,1.0,-0.0,0,0
72,0.0,0.5722772277227722,0.28567058917751287,1.0,-0.0,0,0
73,0.0,0.4712871287128713,0.3012635547793499,1.0,-0.0,0,0
74,0.0,0.22376237623762377,0.20155264396038766,1.0,-0.0,0,0
75,1.0,0.504950495049505,0.3521858863432192,0.07991428773876193,1.0973755669767251,0,0
76,1.0,0.4712871287128713,0.3372388270469362,0.05846742471687799,1.2330860348762502,0,0
77,1.0,0.4712871287128713,0.3372388270469362,0.05846742471687799,1.2330860348762502,0,0
78,1.0,0.36435643564356435,0.3010161531193642,0.017357840418863145,1.7605043086821501,0,0
79,1.0,0.33267326732673275,0.28601353941886865,0.009818830697600547,2.0079402282839487,0,0
80,0.0,0.0019801980198019802,0.0198019801980198,1.0,-0.0,0,0
81,0.0,0.05346534653465348,0.10104832334394513,1.0,-0.0,0,0
82,0.0,0.08316831683168316,0.12353642740976017,1.0,-0.0,0,0
83,0.0,0.08910891089108909,0.12734998170941408,1.0,-0.0,0,0
84,0.0,0.08910891089108909,0.12734998170941408,1.0,-0.0,0,0
85,0.0,0.08910891089108909,0.12734998170941408,1.0,-0.0,0,0
86,0.0,0.03564356435643565,0.08154954567118416,1.0,-0.0,0,0
87,0.0,0.0059405940594059415,0.03395332316729158,1.0,-0.0,0,0
88,0.0,0.0,0.0,1.0,-0.0,0,0
89,0.0,0.0,0.0,1.0,-0.0,0,0
90,0.0,0.011881188118811881,0.047276579747775535,1.0,-0.0,0,0
91,0.0,0.08514851485148513,0.12379009590564581,1.0,-0.0,0,0
92,0.0,0.10495049504950493,0.13670539084430264,1.0,-0.0,0,0
93,0.0,0.19405940594059404,0.18337959449964716,1.0,-0.0,0,0
94,0.0,0.22970297029702968,0.20563572254648982,1.0,-0.0,0,0
95,0.0,0.2178217821782178,0.19920437766272148,1.0,-0.0,0,0
96,0.0,0.14455445544554454,0.15950123220279028,1.0,-0.0,0,0
97,0.0,0.12475247524752472,0.1345369326848557,1.0,-0.0,0,0
98,0.0,0.03564356435643565,0.08154954567118415,1.0,-0.0,0,0
99,0.0,0.0,0.0,1.0,-0.0,0,0
100,0.0,0.0,0.0,1.0,-0.0,0,0
101,0.0,0.0,0.0,1.0,-0.0,0,0
102,0.0,0.0,0.0,1.0,-0.0,0,0
103,0.0,0.18217821782178212,0.17598156946925847,1.0,-0.0,0,0
104,0.0,0.19207920792079203,0.18438185104134303,1.0,-0.0,0,0
105,0.0,0.2099009900990099,0.18535753542711386,1.0,-0.0,0,0
106,0.0,0.2099009900990099,0.18535753542711386,1.0,-0.0,0,0
107,0.0,0.22178217821782176,0.19067569294591247,1.0,-0.0,0,0
108,0.0,0.039603960396039604,0.09342674148186496,1.0,-0.0,0,0
109,0.0,0.0297029702970297,0.08150144802873932,1.0,-0.0,0,0
110,0.0,0.011881188118811883,0.04727657974777554,1.0,-0.0,0,0
111,0.0,0.011881188118811883,0.04727657974777554,1.0,-0.0,0,0
112,0.0,0.0,0.0,1.0,-0.0,0,0
113,0.0,0.0,0.0,1.0,-0.0,0,0
114,0.0,0.0,0.0,1.0,-0.0,0,0
115,0.0,0.0,0.0,1.0,-0.0,0,0
116,0.0,0.0,0.0,1.0,-0.0,0,0
117,0.0,0.0,0.0,1.0,-0.0,0,0
118,0.0,0.0,0.0,1.0,-0.0,0,0
119,0.0,0.0,0.0,1.0,-0.0,0,0
120,0.0,0.0,0.0,1.0,-0.0,0,0
121,0.0,0.0,0.0,1.0,-0.0,1,0
122,0.0,0.0,0.0,1.0,-0.0,0,0
123,0.0,0.0,0.0,1.0,-0.0,0,0
124,0.0,0.0,0.0,1.0,-0.0,0,0
125,0.0,0.0,0.0,1.0,-0.0,0,0
126,0.0,0.017821782178217824,0.056980176514606566,1.0,-0.0,0,0
127,0.0,0.017821782178217824,0.056980176514606566,1.0,-0.0,0,0
128,0.0,0.017821782178217824,0.056980176514606566,1.0,-0.0,0,0
129,0.0,0.017821782178217824,0.056980176514606566,1.0,-0.0,0,0
130,0.0,0.017821782178217824,0.056980176514606566,1.0,-0.0,0,0
131,0.0,0.0,0.0,1.0,-0.0,0,0
132,0.4,0.033663366336633666,0.08475617647141663,7.72261192771888e-06,5.112235788531411,0,0
133,0.4,0.033663366336633666,0.08475617647141663,7.72261192771888e-06,5.112235788531411,0,0
134,0.4,0.033663366336633666,0.08475617647141663,7.72261192771888e-06,5.112235788531411,0,0
135,0.4,0.12673267326732673,0.13707776871189528,0.023102246619962276,1.6363457842979243,0,0
136,0.4,0.16237623762376235,0.16341133493685353,0.07295306611684516,1.136956450588299,0,0
137,0.0,0.1485148514851485,0.14799910448360235,1.0,-0.0,0,0
138,0.0,0.1485148514851485,0.14799910448360235,1.0,-0.0,0,0
139,0.0,0.21188118811881188,0.19257871154715578,1.0,-0.0,0,0
140,0.0,0.17227722772277226,0.17582552776572763,1.0,-0.0,0,0
141,0.0,0.24554455445544554,0.1927008415952929,1.0,-0.0,0,0
142,0.0,0.29108910891089107,0.2115941425666431,1.0,-0.0,0,0
143,0.0,0.33267326732673275,0.22210019632174183,1.0,-0.0,0,0
144,0.0,0.35643564356435636,0.2557906947518137,1.0,-0.0,0,0
145,0.0,0.3267326732673268,0.24970917306073365,1.0,-0.0,0,0
146,0.0,0.23366336633663365,0.2144655931336603,1.0,-0.0,0,0
147,0.4,0.300990099009901,0.28371476734371986,0.3635533245796668,0.4394318795168779,0,0
148,0.4,0.29504950495049503,0.2649028357733171,0.34598432673540996,0.46094357452080303,0,0
149,0.4,0.2079207920792079,0.21046067731622056,0.18071048607671408,0.7430166459275988,0,0
150,0.4,0.18415841584158418,0.19434208548729184,0.13336444939316044,0.8749599237179716,0,0
151,0.6,0.21386138613861388,0.20345028972738727,0.0288512902588206,1.5398347599863758,0,0
152,0.2,0.13663366336633662,0.1565233492702535,0.34279891491999714,0.4649605614425486,0,0
153,0.2,0.12772277227722773,0.1422024855871583,0.30563207600720477,0.5148010686110489,0,0
154,0.2,0.12772277227722773,0.1422024855871583,0.30563207600720477,0.5148010686110489,0,0
155,0.2,0.12772277227722773,0.1422024855871583,0.30563207600720477,0.5148010686110489,0,0
156,0.0,0.08118811881188118,0.11664694237642095,1.0,-0.0,0,0
157,0.2,0.033663366336633666,0.07994704648786674,0.018735949469970602,1.7273242935431963,0,0
158,0.2,0.009900990099009901,0.04338396495090425,5.885669548817499e-06,5.230204125035218,0,0
159,0.2,0.009900990099009901,0.04338396495090425,5.885669548817499e-06,5.230204125035218,0,0
160,0.2,0.009900990099009901,0.04338396495090425,5.885669548817499e-06,5.230204125035218,0,0
161,0.2,0.009900990099009901,0.04338396495090425,5.885669548817499e-06,5.230204125035218,0,0
162,0.0,0.0,0.0,1.0,-0.0,0,0
163,0.0,0.033663366336633666,0.07994704648786674,1.0,-0.0,0,0
164,0.0,0.05346534653465347,0.10489443673781407,1.0,-0.0,0,0
165,0.0,0.09306930693069307,0.1422989641443302,1.0,-0.0,0,0
166,0.0,0.09306930693069307,0.1422989641443302,1.0,-0.0,0,0
167,0.2,0.1425742574257426,0.1765155223609232,0.3724657761443244,0.4289136260418608,0,0
168,0.2,0.11881188118811879,0.15460769343321298,0.2997487024529848,0.5232426881915103,0,0
169,0.2,0.09900990099009899,0.1396566153069739,0.2347995462554089,0.6293027466874662,0,0
170,0.2,0.08118811881188118,0.11999411807954947,0.1610510040644479,0.7930365632485749,0,0
171,0.2,0.08118811881188118,0.11999411807954947,0.1610510040644479,0.7930365632485749,0,0
172,0.0,0.031683168316831684,0.08316831683168317,1.0,-0.0,0,0
173,0.2,0.06930693069306931,0.11057238501634628,0.11860911207080789,0.9258819452883051,0,0
174,0.2,0.06930693069306931,0.11057238501634628,0.11860911207080789,0.9258819452883051,0,0
175,0.2,0.04752475247524753,0.09397077637785879,0.05233944412570533,1.2811708941229774,0,0
176,0.2,0.04752475247524753,0.09397077637785879,0.05233944412570533,1.2811708941229774,0,0
177,0.2,0.04752475247524753,0.09397077637785879,0.05233944412570533,1.2811708941229774,0,0
178,0.0,0.0,0.0,1.0,-0.0,0,0
179,0.0,0.013861386138613863,0.05079507064705211,1.0,-0.0,0,0
180,0.0,0.013861386138613863,0.05079507064705211,1.0,-0.0,0,0
181,0.6,0.0910891089108911,0.13057300215314485,4.859139356751261e-05,4.313440645493442,0,0
182,0.6,0.1188118811881188,0.14939672169394075,0.0006390000818454714,3.194499086215568,0,0
183,0.8,0.20198019801980197,0.19190560696373415,0.0009159324324131224,3.0381365626994636,0,0
184,0.8,0.2099009900990099,0.18958263199843847,0.0009271677840856685,3.0328416670324825,0,0
185,1.4,0.42970297029702975,0.2615810854182754,0.00010389407914672927,3.983409201886261,0,0
186,1.0,0.40594059405940597,0.2631950608109708,0.012000695767995301,1.920793573998923,0,0
187,1.0,0.4138613861386138,0.26138613861386134,0.012466983232904134,1.9042386246134684,0,0
188,0.8,0.3821782178217822,0.2656566829366486,0.05788389693066809,1.237442238463249,0,0
189,0.8,0.42376237623762375,0.29822860354196595,0.10355095486110917,0.9848458920481846,0,0
190,0.2,0.20396039603960395,0.19290421984883255,1.0,-0.0,0,0
191,0.0,0.15049504950495046,0.1650824950547828,1.0,-0.0,0,0
192,0.0,0.11287128712871287,0.1390657415135005,1.0,-0.0,0,0
193,0.0,0.0792079207920792,0.12293186689242577,1.0,-0.0,0,0
194,0.0,0.019801980198019802,0.06603299802191315,1.0,-0.0,0,0
195,0.0,0.031683168316831684,0.08780118525701133,1.0,-0.0,0,0
196,0.0,0.03564356435643565,0.09074407316744237,1.0,-0.0,0,0
197,0.0,0.04356435643564357,0.09587103712404124,1.0,-0.0,0,0
198,0.0,0.04950495049504951,0.09504950495049506,1.0,-0.0,0,0
199,0.0,0.05544554455445545,0.09797478714338996,1.0,-0.0,0,0
200,0.0,0.05148514851485149,0.09186070102766894,1.0,-0.0,0,0
201,0.0,0.047524752475247525,0.08965727859542,1.0,-0.0,0,0
202,0.0,0.12079207920792079,0.1517663861889879,1.0,-0.0,0,0
203,0.0,0.17821782178217818,0.1755353680172698,1.0,-0.0,0,0
204,0.0,0.2693069306930693,0.20764715610167653,1.0,-0.0,0,0
205,0.2,0.30099009900990104,0.22448843914088534,1.0,-0.0,0,0
206,0.4,0.41980198019801984,0.23631653632916477,1.0,-0.0,0,0
207,0.4,0.33861386138613864,0.21386138613861388,0.3870419807190021,0.4122419264389656,0,0
208,0.4,0.25940594059405936,0.20008820719317433,0.2411337063349267,0.617742078498063,0,0
209,0.4,0.1584158415841584,0.1852305637016803,0.09607675866365724,1.0173816571271428,0,0
210,0.2,0.11683168316831682,0.149632756335149,0.2891682393217907,0.5388494093192813,0,0
211,0.0,0.0,0.0,1.0,-0.0,0,0
212,0.0,0.0,0.0,1.0,-0.0,0,0
213,0.0,0.0,0.0,1.0,-0.0,0,0
214,0.0,0.013861386138613863,0.05079507064705211,1.0,-0.0,0,0
215,0.2,0.08712871287128712,0.127165103825761,0.18737894802554306,0.7272792035758483,0,0
216,0.4,0.17227722772277224,0.1665722047113908,0.08579518371166185,1.0665370914771453,0,0
217,0.8,0.2693069306930693,0.2276624974040361,0.009875314803836788,2.005449051105042,0,0
218,0.8,0.2693069306930693,0.2276624974040361,0.009875314803836788,2.005449051105042,0,0
219,0.8,0.2752475247524752,0.22838474598108224,0.010790327043004689,1.9669653921271146,0,0
220,0.6,0.201980198019802,0.193958349116608,0.02008050506071095,1.6972253681046423,0,0
221,0.4,0.11683168316831682,0.14696218071508493,0.027001606595058104,1.5686103945591476,0,0
222,0.0,0.09504950495049505,0.12457948087149175,1.0,-0.0,0,0
223,0.0,0.09504950495049505,0.12457948087149175,1.0,-0.0,0,0
224,0.0,0.07524752475247526,0.11205191564986228,1.0,-0.0,0,0
225,0.0,0.09504950495049506,0.13670539084430264,1.0,-0.0,0,0
226,0.0,0.1386138613861386,0.1774239745315019,1.0,-0.0,0,0
227,0.0,0.06336633663366337,0.1158034971660471,1.0,-0.0,0,0
228,0.0,0.06336633663366337,0.1158034971660471,1.0,-0.0,0,0
229,0.0,0.06336633663366337,0.1158034971660471,1.0,-0.0,0,0
230,0.0,0.04356435643564357,0.09991664009142864,1.0,-0.0,0,0
231,0.0,0.0,0.0,1.0,-0.0,0,0
232,0.0,0.0,0.0,1.0,-0.0,0,0
233,0.0,0.0,0.0,1.0,-0.0,0,0
234,0.0,0.0,0.0,1.0,-0.0,0,0
235,0.0,0.0,0.0,1.0,-0.0,0,0
236,0.0,0.0,0.0,1.0,-0.0,0,0
237,0.0,0.0,0.0,1.0,-0.0,0,0
238,0.0,0.039603960396039604,0.09757374253271223,1.0,-0.0,0,0
239,0.0,0.039603960396039604,0.09757374253271223,1.0,-0.0,0,0
240,0.0,0.05346534653465347,0.11566797518027905,1.0,-0.0,0,0
241,0.0,0.05346534653465347,0.11566797518027905,1.0,-0.0,0,0
242,0.2,0.06930693069306931,0.1391221233287152,0.17375948476358538,0.7600514798713086,0,0
243,0.2,0.02970297029702971,0.07648795214189293,0.012991839772286904,1.8863293442020952,0,0
244,0.2,0.02970297029702971,0.07648795214189293,0.012991839772286904,1.8863293442020952,0,0
245,0.2,0.019801980198019802,0.059735061897023205,0.001278047474114718,2.8934530136556162,0,0
246,0.2,0.05544554455445544,0.10193693208898019,0.07808409030039491,1.1074374449781046,0,0
247,0.0,0.039603960396039604,0.08908690597387718,1.0,-0.0,0,0
248,0.0,0.051485148514851496,0.09607532254026299,1.0,-0.0,0,0
249,0.0,0.051485148514851496,0.09607532254026299,1.0,-0.0,0,0
250,0.0,0.04752475247524753,0.09397077637785879,1.0,-0.0,0,0
251,0.0,0.011881188118811883,0.047276579747775535,1.0,-0.0,0,0
252,0.0,0.011881188118811883,0.047276579747775535,1.0,-0.0,0,0
253,0.0,0.0,0.0,1.0,-0.0,0,0
254,0.0,0.0019801980198019802,0.0198019801980198,1.0,-0.0,0,0
255,0.0,0.01386138613861386,0.05079507064705211,1.0,-0.0,0,0
256,0.0,0.033663366336633666,0.07482947971362847,1.0,-0.0,0,0
257,0.2,0.051485148514851496,0.08744317689433512,0.044714679514496807,1.349549877638611,0,0
258,0.2,0.051485148514851496,0.08744317689433512,0.044714679514496807,1.349549877638611,0,0
259,0.2,0.049504950495049514,0.08631483056516186,0.040617958542992716,1.3912819080063723,0,0
260,0.2,0.03762376237623763,0.07816140339006158,0.01888012292982573,1.723995182306426,0,0
261,0.2,0.017821782178217824,0.05698017651460656,0.0006937928196726553,3.15877019915046,0,0
262,0.0,0.0,0.0,1.0,-0.0,0,0
263,0.0,0.0,0.0,1.0,-0.0,0,0
264,0.0,0.007920792079207921,0.03900537743285587,1.0,-0.0,0,0
265,0.0,0.007920792079207921,0.03900537743285587,1.0,-0.0,0,0
266,0.0,0.007920792079207921,0.03900537743285587,1.0,-0.0,0,0
267,0.0,0.007920792079207921,0.03900537743285587,1.0,-0.0,0,0
268,0.0,0.007920792079207921,0.03900537743285587,1.0,-0.0,0,0
269,0.0,0.0,0.0,1.0,-0.0,0,0
270,0.0,0.0,0.0,1.0,-0.0,0,0
271,0.0,0.015841584158415842,0.054012600780142014,1.0,-0.0,0,0
272,0.0,0.015841584158415842,0.054012600780142014,1.0,-0.0,0,0
273,0.0,0.015841584158415842,0.054012600780142014,1.0,-0.0,0,0
274,0.0,0.033663366336633666,0.07482947971362847,1.0,-0.0,0,0
275,0.0,0.033663366336633666,0.07482947971362847,1.0,-0.0,0,0
276,0.0,0.017821782178217824,0.056980176514606566,1.0,-0.0,0,0
277,1.0,0.06930693069306931,0.10693069306930696,1.1606125133181703e-17,16.935312751335047,0,0
278,1.0,0.06930693069306931,0.10693069306930696,1.1606125133181703e-17,16.935312751335047,0,0
279,1.4,0.0712871287128713,0.1213265242141813,1.000000000032662e-17,16.999999999985814,0,0
280,1.4,0.0712871287128713,0.1213265242141813,1.000000000032662e-17,16.999999999985814,0,0
281,1.4,0.0712871287128713,0.1213265242141813,1.000000000032662e-17,16.999999999985814,0,0
282,0.4,0.019801980198019802,0.059735061897023205,9.78116791754024e-11,10.009609285308553,0,0
283,0.4,0.019801980198019802,0.059735061897023205,9.78116791754024e-11,10.009609285308553,0,0
284,0.0,0.0,0.0,1.0,-0.0,0,0
285,0.0,0.009900990099009901,0.04338396495090425,1.0,-0.0,0,0
286,0.0,0.05544554455445544,0.1019369320889802,1.0,-0.0,0,0
287,0.0,0.05544554455445544,0.1019369320889802,1.0,-0.0,0,0
288,0.0,0.20198019801980197,0.1856112183041662,1.0,-0.0,0,0
289,0.0,0.20198019801980197,0.1856112183041662,1.0,-0.0,0,0
290,0.0,0.2198019801980198,0.2039315561653939,1.0,-0.0,0,0
291,0.0,0.19801980198019797,0.19598959258073068,1.0,-0.0,0,0
292,0.0,0.19801980198019797,0.19598959258073068,1.0,-0.0,0,0
293,0.0,0.05148514851485149,0.10011267057239238,1.0,-0.0,0,0
294,0.0,0.057425742574257435,0.10656335878870264,1.0,-0.0,0,0
295,0.0,0.03564356435643564,0.08626938974571076,1.0,-0.0,0,0
296,0.0,0.011881188118811883,0.047276579747775535,1.0,-0.0,0,0
297,0.0,0.011881188118811883,0.047276579747775535,1.0,-0.0,0,0
298,0.0,0.011881188118811883,0.047276579747775535,1.0,-0.0,0,0
299,0.0,0.0059405940594059415,0.03395332316729158,1.0,-0.0,0,0
300,0.0,0.0,0.0,1.0,-0.0,0,0
301,0.0,0.0,0.0,1.0,-0.0,0,0
302,0.0,0.0,0.0,1.0,-0.0,0,0
303,0.0,0.0,0.0,1.0,-0.0,0,0
304,0.0,0.0,0.0,1.0,-0.0,0,0
305,0.0,0.0,0.0,1.0,-0.0,0,0
306,0.0,0.0,0.0,1.0,-0.0,0,0
307,0.0,0.0,0.0,1.0,-0.0,0,0
308,0.0,0.03960396039603961,0.07970143286137867,1.0,-0.0,0,0
309,0.0,0.03960396039603961,0.07970143286137867,1.0,-0.0,0,0
310,0.0,0.03960396039603961,0.07970143286137867,1.0,-0.0,0,0
311,0.0,0.03960396039603961,0.07970143286137867,1.0,-0.0,0,0
312,0.0,0.06534653465346535,0.0938037170877387,1.0,-0.0,0,0
313,0.0,0.025742574257425738,0.06697637435757531,1.0,-0.0,0,0
314,0.0,0.10495049504950495,0.13377699607171908,1.0,-0.0,0,0
315,0.0,0.20198019801980197,0.179095747399525,1.0,-0.0,0,0
316,0.0,0.20198019801980197,0.179095747399525,1.0,-0.0,0,0
317,0.0,0.19801980198019803,0.18129359046727286,1.0,-0.0,0,0
318,0.0,0.19801980198019803,0.18129359046727286,1.0,-0.0,0,0
319,0.0,0.15445544554455443,0.17549068547409524,1.0,-0.0,0,0
320,0.0,0.0712871287128713,0.11110305060677654,1.0,-0.0,0,0
321,0.0,0.09108910891089109,0.12113245340338318,1.0,-0.0,1,0
322,0.0,0.2059405940594059,0.1790081485938934,1.0,-0.0,0,0
323,0.0,0.24950495049504945,0.21137164603553107,1.0,-0.0,0,0
324,0.0,0.21386138613861383,0.19752413211148517,1.0,-0.0,0,0
325,0.0,0.19999999999999998,0.18668552474285427,1.0,-0.0,0,0
326,0.0,0.1801980198019802,0.17004355992893858,1.0,-0.0,0,0
327,0.0,0.04356435643564357,0.08721867542790195,1.0,-0.0,0,0
328,0.0,0.0,0.0,1.0,-0.0,0,0
329,0.0,0.02772277227722772,0.06910862719451544,1.0,-0.0,0,0
330,0.0,0.02772277227722772,0.06910862719451544,1.0,-0.0,0,0
331,0.0,0.02772277227722772,0.06910862719451544,1.0,-0.0,0,0
332,0.0,0.02772277227722772,0.06910862719451544,1.0,-0.0,0,0
333,0.0,0.02772277227722772,0.06910862719451544,1.0,-0.0,0,0
334,0.0,0.0,0.0,1.0,-0.0,0,0
335,0.0,0.0,0.0,1.0,-0.0,0,0
336,0.0,0.0,0.0,1.0,-0.0,0,0
337,0.0,0.0,0.0,1.0,-0.0,0,0
338,0.0,0.06732673267326733,0.10634234916512914,1.0,-0.0,0,0
339,0.0,0.08118811881188118,0.11664694237642095,1.0,-0.0,0,0
340,0.0,0.10891089108910891,0.13650445892763632,1.0,-0.0,0,0
341,0.0,0.19999999999999998,0.18668552474285427,1.0,-0.0,0,0
342,0.0,0.22970297029702966,0.20370069017874273,1.0,-0.0,0,0
343,0.0,0.16237623762376235,0.17052712983454243,1.0,-0.0,0,0
344,0.0,0.3326732673267327,0.2148492038022787,1.0,-0.0,0,0
345,0.0,0.33267326732673264,0.21113034352890042,1.0,-0.0,1,0
346,0.0,0.2415841584158416,0.18945849187904937,1.0,-0.0,0,0
347,0.0,0.43366336633663377,0.28012628966758046,1.0,-0.0,0,0
348,0.0,0.46336633663366333,0.2937375309431867,1.0,-0.0,0,0
349,0.0,0.35742574257425747,0.2847081307819632,1.0,-0.0,0,0
350,0.0,0.3287128712871287,0.26933604967792957,1.0,-0.0,0,0
351,0.0,0.3524752475247525,0.2858352566458001,1.0,-0.0,0,0
352,0.0,0.13069306930693067,0.1938370113824201,1.0,-0.0,0,0
353,0.0,0.10099009900990098,0.1557448087305797,1.0,-0.0,0,0
354,0.0,0.023762376237623766,0.0759735686861421,1.0,-0.0,0,0
355,0.0,0.03564356435643565,0.08626938974571075,1.0,-0.0,0,0
356,0.0,0.15643564356435644,0.18584345673901093,1.0,-0.0,0,0
357,0.0,0.20990099009900987,0.1977622086930122,1.0,-0.0,0,0
358,0.2,0.2495049504950495,0.19981365694127387,1.0,-0.0,0,0
359,0.2,0.2495049504950495,0.19981365694127387,1.0,-0.0,0,0
360,0.2,0.23762376237623759,0.20042108402186132,1.0,-0.0,0,0
361,0.2,0.09306930693069305,0.1306930693069307,0.20662668774682014,0.6848135860465708,0,0
362,0.2,0.039603960396039604,0.07970143286137865,0.02208567245422131,1.6558893730090944,0,0
363,0.0,0.0,0.0,1.0,-0.0,0,0
364,0.0,0.023762376237623766,0.06471340450838887,1.0,-0.0,0,0
365,0.0,0.023762376237623766,0.06471340450838887,1.0,-0.0,0,0
366,0.0,0.023762376237623766,0.06471340450838887,1.0,-0.0,0,0
367,0.0,0.023762376237623766,0.06471340450838887,1.0,-0.0,0,0
