,foreground,bg_means,bg_stdev,pvals,minus_logs,regs,active
2,0.0,0.504950495049505,0.25731909443556855,1.0,-0.0,0,0
3,0.0,0.504950495049505,0.25731909443556855,1.0,-0.0,0,0
4,0.0,0.504950495049505,0.25731909443556855,1.0,-0.0,0,0
5,0.0,0.6059405940594059,0.28067167746379423,1.0,-0.0,0,0
6,0.0,0.6059405940594059,0.28067167746379423,1.0,-0.0,0,0
7,0.0,0.10297029702970292,0.09995587694355614,1.0,-0.0,0,0
8,0.0,0.10297029702970292,0.09995587694355614,1.0,-0.0,0,0
9,0.0,0.26534653465346536,0.2012021512218699,1.0,-0.0,0,0
10,0.0,0.16435643564356434,0.16264165701687974,1.0,-0.0,0,0
11,0.0,0.29108910891089107,0.22254113421126812,1.0,-0.0,0,0
12,0.0,0.29108910891089107,0.22254113421126812,1.0,-0.0,0,0
13,0.0,0.29108910891089107,0.22254113421126812,1.0,-0.0,1,0
14,0.0,0.12673267326732673,0.1454872925680942,1.0,-0.0,0,0
15,0.0,0.12673267326732673,0.1454872925680942,1.0,-0.0,0,0
16,2.0,0.6039603960396039,0.26247896363769496,5.2263590593751414e-08,7.281800756845854,0,0
17,2.0,0.6039603960396039,0.26247896363769496,5.2263590593751414e-08,7.281800756845854,0,0
18,2.0,0.6039603960396039,0.26247896363769496,5.2263590593751414e-08,7.281800756845854,0,0
19,2.0,0.6039603960396039,0.26247896363769496,5.2263590593751414e-08,7.281800756845854,0,0
20,2.0,0.6039603960396039,0.26247896363769496,5.2263590593751414e-08,7.281800756845854,0,0
21,0.0,0.0,0.0,1.0,-0.0,0,0
22,0.0,0.0,0.0,1.0,-0.0,0,0
23,0.2,0.16237623762376235,0.1584900816139702,0.4061776082299849,0.39128402206908086,0,0
24,0.2,0.16237623762376235,0.1584900816139702,0.4061776082299849,0.39128402206908086,0,0
25,0.6,0.7504950495049503,0.3113763004317157,1.0,-0.0,0,0
26,0.6,0.7504950495049503,0.3113763004317157,1.0,-0.0,0,0
27,0.6,0.7504950495049503,0.3113763004317157,1.0,-0.0,1,0
28,0.4,0.5881188118811881,0.2740553997303477,1.0,-0.0,0,0
29,0.4,0.5881188118811881,0.2740553997303477,1.0,-0.0,0,0
30,0.2,0.2079207920792079,0.15900879128621567,1.0,-0.0,0,0
31,0.2,0.2079207920792079,0.15900879128621567,1.0,-0.0,0,0
32,0.2,0.39603960396039606,0.15409961551163345,1.0,-0.0,0,0
33,0.8,0.9544554455445544,0.23357944457034654,1.0,-0.0,0,0
34,0.8,0.9544554455445544,0.23357944457034654,1.0,-0.0,0,0
35,0.8,0.798019801980198,0.2735828283432957,0.49711247295467625,0.30354533992390426,0,0
36,0.8,0.798019801980198,0.2735828283432957,0.49711247295467625,0.30354533992390426,0,0
37,1.8,1.6495049504950494,0.28619171113092545,0.29949483389408504,0.5236106645289007,0,0
38,1.4,1.2099009900990099,0.2459594068154335,0.21979441071233718,0.6579833557144088,0,0
39,1.4,1.2099009900990099,0.2459594068154335,0.21979441071233718,0.6579833557144088,0,0
40,1.4,1.2554455445544555,0.25033650522144313,0.28182093568608724,0.5500267475104976,0,0
41,1.4,1.2554455445544555,0.25033650522144313,0.28182093568608724,0.5500267475104976,0,0
42,0.4,0.7326732673267325,0.2761506658971931,1.0,-0.0,1,0
43,0.6,0.9841584158415843,0.27815967822024357,1.0,-0.0,0,0
