,foreground,bg_means,bg_stdev,pvals,minus_logs,regs,active
2,0.0,0.0,0.0,1.0,-0.0,0,0
3,0.0,0.0,0.0,1.0,-0.0,0,0
4,0.0,0.0,0.0,1.0,-0.0,0,0
5,0.0,0.0,0.0,1.0,-0.0,0,0
6,0.2,0.031683168316831684,0.07826167463512675,0.015750221703151112,1.8027133286186672,0,0
7,0.2,0.031683168316831684,0.07826167463512675,0.015750221703151112,1.8027133286186672,0,0
8,0.2,0.031683168316831684,0.07826167463512675,0.015750221703151112,1.8027133286186672,0,0
9,0.2,0.031683168316831684,0.07826167463512675,0.015750221703151112,1.8027133286186672,0,0
10,0.2,0.12277227722772276,0.15148191286261609,0.3050906041718746,0.515571167051599,0,0
11,0.0,0.09108910891089109,0.1243589581632284,1.0,-0.0,0,0
12,0.0,0.1188118811881188,0.1467218499235066,1.0,-0.0,0,0
13,0.0,0.2217821782178218,0.19680817438350026,1.0,-0.0,0,0
14,0.0,0.2217821782178218,0.19680817438350026,1.0,-0.0,0,0
15,0.0,0.21188118811881188,0.2026004841572858,1.0,-0.0,0,0
16,0.0,0.21782178217821782,0.20508198776039438,1.0,-0.0,0,0
17,0.0,0.19603960396039605,0.20485241829915374,1.0,-0.0,0,0
18,0.0,0.09306930693069305,0.13948804962658473,1.0,-0.0,0,0
19,0.0,0.1584158415841584,0.19359410776396427,1.0,-0.0,0,0
20,0.0,0.07524752475247526,0.12539516989297084,1.0,-0.0,0,0
21,0.0,0.06930693069306931,0.11409790329416189,1.0,-0.0,0,0
22,0.0,0.06336633663366337,0.10874875419996817,1.0,-0.0,0,0
23,0.0,0.06336633663366337,0.10874875419996817,1.0,-0.0,0,0
24,0.0,0.0,0.0,1.0,-0.0,0,0
25,0.0,0.0,0.0,1.0,-0.0,0,0
26,0.0,0.0,0.0,1.0,-0.0,0,0
27,0.0,0.0,0.0,1.0,-0.0,0,0
28,0.0,0.0,0.0,1.0,-0.0,0,0
29,0.0,0.0059405940594059415,0.033953323167291584,1.0,-0.0,0,0
30,0.0,0.023762376237623763,0.07056843438101175,1.0,-0.0,0,0
31,0.0,0.033663366336633666,0.08930671115865095,1.0,-0.0,0,0
32,0.0,0.033663366336633666,0.08930671115865095,1.0,-0.0,0,0
33,0.0,0.033663366336633666,0.08930671115865095,1.0,-0.0,0,0
34,0.0,0.027722772277227727,0.07975061610139514,1.0,-0.0,0,0
35,0.0,0.009900990099009901,0.04338396495090424,1.0,-0.0,0,0
36,0.0,0.03762376237623762,0.08307396817189318,1.0,-0.0,0,0
37,0.0,0.03762376237623762,0.08307396817189318,1.0,-0.0,0,0
38,0.0,0.03762376237623762,0.08307396817189318,1.0,-0.0,0,0
39,0.0,0.03762376237623762,0.08307396817189318,1.0,-0.0,0,0
40,0.0,0.03762376237623762,0.08307396817189318,1.0,-0.0,0,0
41,0.0,0.0,0.0,1.0,-0.0,0,0
42,0.0,0.0,0.0,1.0,-0.0,0,0
43,0.0,0.027722772277227727,0.06910862719451544,1.0,-0.0,0,0
44,0.0,0.027722772277227727,0.06910862719451544,1.0,-0.0,0,0
45,0.0,0.11584158415841582,0.12953280349644583,1.0,-0.0,0,0
46,0.0,0.28118811881188116,0.2201317658001291,1.0,-0.0,0,0
47,0.0,0.28118811881188116,0.2201317658001291,1.0,-0.0,0,0
48,0.0,0.30099009900990104,0.23818415768324583,1.0,-0.0,0,0
49,0.0,0.30099009900990104,0.23818415768324583,1.0,-0.0,0,0
50,0.0,0.29306930693069305,0.24464863701355244,1.0,-0.0,0,0
51,0.0,0.20396039603960395,0.20485241829915377,1.0,-0.0,0,0
52,0.0,0.22970297029702966,0.22757636274944382,1.0,-0.0,0,0
53,0.0,0.27722772277227725,0.23709512153815074,1.0,-0.0,0,0
54,0.0,0.27722772277227725,0.23709512153815074,1.0,-0.0,0,0
55,0.0,0.21584158415841584,0.20811871767574247,1.0,-0.0,0,0
56,0.6,0.16633663366336632,0.1713529319032391,0.005689817255185174,2.2449016819949428,0,0
57,0.6,0.13861386138613863,0.16825858048513267,0.0030521509961748145,2.5153939847461957,0,0
58,5.8,0.2495049504950495,0.20567385619958475,1e-17,17.0,0,0
59,5.8,0.2514851485148515,0.20614993168538487,1e-17,17.0,0,0
60,5.8,0.23366336633663365,0.20502461949377873,1e-17,17.0,0,33
61,5.4,0.22178217821782176,0.19067569294591244,1e-17,17.0,0,0
62,5.4,0.22178217821782176,0.19067569294591244,1e-17,17.0,0,0
63,0.2,0.09702970297029702,0.13383560593042218,0.22083419262354137,0.6559336822197845,0,0
64,0.2,0.09504950495049505,0.13377699607171914,0.2163680383709739,0.6648068922914053,0,0
65,0.2,0.09504950495049505,0.13377699607171914,0.2163680383709739,0.6648068922914053,0,0
66,0.0,0.1584158415841584,0.16486858056632595,1.0,-0.0,0,0
67,0.0,0.19999999999999996,0.19088122894710324,1.0,-0.0,0,0
68,0.0,0.11683168316831682,0.14696218071508493,1.0,-0.0,0,0
69,0.0,0.12277227722772276,0.15148191286261606,1.0,-0.0,0,0
70,0.0,0.12277227722772276,0.15148191286261606,1.0,-0.0,0,0
71,0.2,0.1287128712871287,0.1423540653909816,0.30826530559421406,0.5110753511634094,0,0
72,0.2,0.08514851485148514,0.11378818137472192,0.15640470144165336,0.8057501964201678,0,0
73,0.4,0.1089108910891089,0.13057300215314482,0.01289628401027663,1.8895354111207345,0,0
74,0.4,0.10891089108910891,0.1335716590419014,0.014655697207166979,1.8339935162891456,0,0
75,0.6,0.12277227722772277,0.14615954128511632,0.0005470980511307624,3.261934832260848,0,0
76,0.4,0.04356435643564357,0.09991664009142864,0.00018031848874196016,3.743959741125929,0,0
77,0.4,0.04752475247524753,0.10953914206684617,0.000645885257424576,3.189844628279619,0,0
78,0.2,0.02772277227722773,0.08457091684777276,0.020821306446762437,1.6814920238735587,0,0
79,0.4,0.05940594059405942,0.11447531431916541,0.0014636917564018561,2.8345503731332737,0,0
80,0.2,0.06336633663366337,0.10120342446875752,0.08849366552547523,1.0530878154692966,0,0
81,0.2,0.08118811881188118,0.1264228887090089,0.17366078882092117,0.7602982306092326,0,0
82,0.2,0.07920792079207921,0.1261123431927973,0.16907845647801423,0.771911725511465,0,0
83,0.2,0.07524752475247524,0.12219602867755655,0.15364596650640783,0.8134788362992573,0,0
84,0.0,0.03762376237623762,0.10034740165797963,1.0,-0.0,0,0
85,0.0,0.019801980198019802,0.07710068251062092,1.0,-0.0,0,0
86,0.0,0.007920792079207921,0.03900537743285587,1.0,-0.0,0,0
87,0.0,0.0059405940594059415,0.03395332316729158,1.0,-0.0,0,0
88,0.0,0.0059405940594059415,0.03395332316729158,1.0,-0.0,0,0
89,0.0,0.015841584158415842,0.05401260078014202,1.0,-0.0,0,0
90,0.0,0.0594059405940594,0.09968089464279778,1.0,-0.0,0,0
91,0.0,0.06732673267326733,0.1135467024699521,1.0,-0.0,0,0
92,0.0,0.06732673267326733,0.1135467024699521,1.0,-0.0,0,0
93,0.0,0.06732673267326733,0.1135467024699521,1.0,-0.0,0,0
94,0.0,0.06534653465346535,0.1129581045303102,1.0,-0.0,0,0
95,0.0,0.023762376237623766,0.06471340450838887,1.0,-0.0,0,0
96,0.0,0.009900990099009901,0.04338396495090425,1.0,-0.0,0,0
97,0.0,0.009900990099009901,0.04338396495090425,1.0,-0.0,0,0
98,0.0,0.04752475247524753,0.09397077637785879,1.0,-0.0,0,0
99,0.0,0.15247524752475244,0.15957496727054085,1.0,-0.0,0,0
100,0.0,0.15049504950495046,0.16021258301915867,1.0,-0.0,0,0
101,0.0,0.15049504950495046,0.16021258301915867,1.0,-0.0,0,0
102,0.0,0.15049504950495046,0.16021258301915867,1.0,-0.0,0,0
103,0.0,0.11089108910891088,0.13923481846532232,1.0,-0.0,0,0
104,0.0,0.0,0.0,1.0,-0.0,0,0
105,0.0,0.0,0.0,1.0,-0.0,0,0
106,0.0,0.0,0.0,1.0,-0.0,0,0
107,0.0,0.0,0.0,1.0,-0.0,0,0
108,0.0,0.013861386138613863,0.05079507064705211,1.0,-0.0,0,0
109,0.0,0.013861386138613863,0.05079507064705211,1.0,-0.0,0,0
110,0.0,0.08118811881188118,0.1264228887090089,1.0,-0.0,0,0
111,0.0,0.11485148514851487,0.14984225277142665,1.0,-0.0,0,0
112,0.0,0.11485148514851487,0.14984225277142665,1.0,-0.0,0,0
113,0.0,0.10099009900990098,0.1396566153069739,1.0,-0.0,0,0
114,0.0,0.11089108910891088,0.1420507440353343,1.0,-0.0,0,0
115,0.0,0.05544554455445545,0.10943169805661862,1.0,-0.0,0,0
116,0.0,0.07722772277227723,0.13488622864100122,1.0,-0.0,0,0
117,0.0,0.10891089108910891,0.1529246303073887,1.0,-0.0,0,0
118,0.0,0.1485148514851485,0.16804870898437327,1.0,-0.0,0,0
119,0.0,0.1386138613861386,0.15604664003838054,1.0,-0.0,0,0
120,0.0,0.18415841584158413,0.17951125796479817,1.0,-0.0,0,0
121,0.0,0.12673267326732673,0.14818445096134422,1.0,-0.0,0,0
122,0.0,0.09504950495049505,0.13078304733432375,1.0,-0.0,0,0
123,0.0,0.17227722772277226,0.17355845414780538,1.0,-0.0,0,0
124,0.0,0.17227722772277226,0.17355845414780538,1.0,-0.0,0,0
125,0.0,0.11485148514851484,0.15246238855382305,1.0,-0.0,0,0
126,0.0,0.1603960396039604,0.17580322478754876,1.0,-0.0,0,0
127,0.0,0.1643564356435643,0.1766487584013007,1.0,-0.0,0,0
128,0.0,0.1376237623762376,0.16581719933036293,1.0,-0.0,0,0
129,0.0,0.20396039603960395,0.19896802672602726,1.0,-0.0,0,0
130,0.0,0.20198019801980197,0.197999999009802,1.0,-0.0,0,0
131,0.0,0.16831683168316827,0.18823342001292906,1.0,-0.0,0,0
132,0.0,0.2158415841584158,0.20427736592964435,1.0,-0.0,0,0
133,0.0,0.13564356435643563,0.16141954340548717,1.0,-0.0,0,0
134,0.0,0.06930693069306931,0.11409790329416189,1.0,-0.0,0,0
135,0.0,0.07920792079207921,0.1261123431927973,1.0,-0.0,0,0
136,0.0,0.06930693069306931,0.11057238501634631,1.0,-0.0,0,0
137,0.0,0.017821782178217824,0.05698017651460655,1.0,-0.0,0,0
138,0.0,0.03564356435643565,0.07653920035678292,1.0,-0.0,0,0
139,0.0,0.04950495049504951,0.09504950495049506,1.0,-0.0,0,0
140,0.0,0.039603960396039604,0.0890869059738772,1.0,-0.0,0,0
141,0.0,0.039603960396039604,0.0890869059738772,1.0,-0.0,0,0
142,0.0,0.039603960396039604,0.0890869059738772,1.0,-0.0,0,0
143,0.0,0.01386138613861386,0.05079507064705211,1.0,-0.0,0,0
144,0.0,0.0,0.0,1.0,-0.0,0,0
145,0.0,0.0,0.0,1.0,-0.0,0,0
146,0.0,0.0,0.0,1.0,-0.0,0,0
147,0.0,0.0,0.0,1.0,-0.0,0,0
148,0.0,0.007920792079207921,0.03900537743285587,1.0,-0.0,0,0
149,0.0,0.019801980198019802,0.059735061897023205,1.0,-0.0,0,0
150,0.0,0.019801980198019802,0.059735061897023205,1.0,-0.0,0,0
151,0.0,0.019801980198019802,0.059735061897023205,1.0,-0.0,0,0
152,0.0,0.019801980198019802,0.059735061897023205,1.0,-0.0,0,0
153,0.0,0.011881188118811883,0.04727657974777554,1.0,-0.0,0,0
154,0.0,0.01386138613861386,0.05079507064705211,1.0,-0.0,0,0
155,0.0,0.01386138613861386,0.05079507064705211,1.0,-0.0,0,0
156,0.0,0.01386138613861386,0.05079507064705211,1.0,-0.0,0,0
157,0.0,0.01386138613861386,0.05079507064705211,1.0,-0.0,0,0
158,0.0,0.01386138613861386,0.05079507064705211,1.0,-0.0,0,0
159,0.0,0.0,0.0,1.0,-0.0,0,0
160,0.0,0.0,0.0,1.0,-0.0,0,0
161,0.0,0.025742574257425748,0.0669763743575753,1.0,-0.0,0,0
162,0.0,0.025742574257425748,0.0669763743575753,1.0,-0.0,0,0
163,0.0,0.025742574257425748,0.0669763743575753,1.0,-0.0,0,0
164,0.0,0.025742574257425748,0.0669763743575753,1.0,-0.0,0,0
165,0.0,0.025742574257425748,0.0669763743575753,1.0,-0.0,0,0
166,0.0,0.015841584158415842,0.05401260078014202,1.0,-0.0,0,0
167,0.0,0.015841584158415842,0.05401260078014202,1.0,-0.0,0,0
168,0.0,0.015841584158415842,0.05401260078014202,1.0,-0.0,0,0
169,0.0,0.015841584158415842,0.05401260078014202,1.0,-0.0,0,0
170,0.0,0.015841584158415842,0.05401260078014202,1.0,-0.0,0,0
171,0.0,0.0039603960396039604,0.027863855998951064,1.0,-0.0,0,0
172,0.0,0.019801980198019806,0.05973506189702319,1.0,-0.0,0,0
173,0.0,0.019801980198019806,0.05973506189702319,1.0,-0.0,0,0
174,0.0,0.023762376237623766,0.06471340450838887,1.0,-0.0,0,0
175,0.0,0.023762376237623766,0.06471340450838887,1.0,-0.0,0,0
176,0.0,0.019801980198019802,0.059735061897023205,1.0,-0.0,0,0
177,0.0,0.0039603960396039604,0.027863855998951064,1.0,-0.0,0,0
178,0.0,0.017821782178217824,0.05698017651460656,1.0,-0.0,0,0
179,0.0,0.013861386138613863,0.050795070647052104,1.0,-0.0,0,0
180,0.0,0.013861386138613863,0.050795070647052104,1.0,-0.0,0,0
181,0.0,0.013861386138613863,0.050795070647052104,1.0,-0.0,0,0
182,0.0,0.04554455445544555,0.09283729243351321,1.0,-0.0,0,0
183,0.0,0.03762376237623762,0.08771182015980238,1.0,-0.0,0,0
184,0.0,0.03762376237623762,0.08771182015980238,1.0,-0.0,0,0
185,0.0,0.03762376237623762,0.08771182015980238,1.0,-0.0,0,0
186,0.0,0.07326732673267328,0.12811743461086583,1.0,-0.0,0,0
187,0.0,0.06534653465346535,0.13233294611171187,1.0,-0.0,0,0
188,0.0,0.09702970297029703,0.13383560593042218,1.0,-0.0,0,0
189,0.0,0.11683168316831684,0.1442421691205886,1.0,-0.0,0,0
190,0.0,0.11683168316831684,0.1442421691205886,1.0,-0.0,0,0
191,0.0,0.08118811881188118,0.12325042629382527,1.0,-0.0,0,0
192,0.0,0.11089108910891088,0.13042276277287215,1.0,-0.0,0,0
193,0.0,0.09108910891089109,0.13057300215314485,1.0,-0.0,0,0
194,0.0,0.0712871287128713,0.10747934055534188,1.0,-0.0,0,0
195,0.0,0.0712871287128713,0.10747934055534188,1.0,-0.0,0,0
196,0.0,0.0712871287128713,0.10747934055534188,1.0,-0.0,0,0
197,0.0,0.01782178217821782,0.06355170905299491,1.0,-0.0,0,0
198,0.0,0.0,0.0,1.0,-0.0,0,0
199,0.0,0.0,0.0,1.0,-0.0,0,0
200,0.0,0.02772277227722772,0.07461957893630407,1.0,-0.0,0,0
201,0.0,0.02772277227722772,0.07461957893630407,1.0,-0.0,0,0
202,0.0,0.031683168316831684,0.07826167463512675,1.0,-0.0,0,0
203,0.0,0.08316831683168317,0.13575553664160483,1.0,-0.0,0,0
204,0.0,0.08316831683168317,0.13575553664160483,1.0,-0.0,0,0
205,0.0,0.06930693069306931,0.11409790329416186,1.0,-0.0,0,0
206,0.0,0.06930693069306931,0.11409790329416186,1.0,-0.0,0,0
207,0.0,0.0712871287128713,0.11801714396634724,1.0,-0.0,0,0
208,0.0,0.019801980198019802,0.06603299802191315,1.0,-0.0,0,0
209,0.0,0.019801980198019802,0.06603299802191315,1.0,-0.0,0,0
210,0.0,0.0059405940594059415,0.03395332316729157,1.0,-0.0,0,0
211,0.0,0.007920792079207921,0.03900537743285587,1.0,-0.0,0,0
212,0.0,0.011881188118811883,0.04727657974777554,1.0,-0.0,0,0
213,0.0,0.011881188118811883,0.04727657974777554,1.0,-0.0,0,0
214,0.0,0.011881188118811883,0.04727657974777554,1.0,-0.0,0,0
215,0.0,0.011881188118811883,0.04727657974777554,1.0,-0.0,0,0
216,0.0,0.009900990099009901,0.04338396495090424,1.0,-0.0,0,0
217,0.0,0.0,0.0,1.0,-0.0,0,0
218,0.0,0.0,0.0,1.0,-0.0,0,0
219,0.0,0.0059405940594059415,0.03395332316729158,1.0,-0.0,0,0
220,0.0,0.0059405940594059415,0.03395332316729158,1.0,-0.0,0,0
221,0.0,0.0059405940594059415,0.03395332316729158,1.0,-0.0,0,0
222,0.0,0.0059405940594059415,0.03395332316729158,1.0,-0.0,0,0
223,0.0,0.02970297029702971,0.0815014480287393,1.0,-0.0,0,0
224,0.0,0.04356435643564357,0.09991664009142864,1.0,-0.0,0,0
225,0.0,0.051485148514851496,0.10773441987117183,1.0,-0.0,0,0
226,0.0,0.051485148514851496,0.10773441987117183,1.0,-0.0,0,0
227,0.0,0.09900990099009901,0.14246420394934614,1.0,-0.0,0,0
228,0.0,0.09108910891089109,0.1243589581632284,1.0,-0.0,0,0
229,0.0,0.07524752475247526,0.10474480123119365,1.0,-0.0,0,0
230,0.0,0.06732673267326733,0.10255055347504201,1.0,-0.0,0,0
231,0.0,0.07920792079207921,0.11285391563386142,1.0,-0.0,0,0
232,0.0,0.031683168316831684,0.0730260947112308,1.0,-0.0,0,0
233,0.0,0.043564356435643575,0.08255312311158747,1.0,-0.0,0,0
234,0.0,0.03960396039603961,0.07970143286137867,1.0,-0.0,0,0
235,0.0,0.04554455445544556,0.08846854615322249,1.0,-0.0,0,0
236,0.0,0.07920792079207921,0.12293186689242579,1.0,-0.0,0,0
237,0.0,0.07920792079207921,0.12293186689242579,1.0,-0.0,0,0
238,0.0,0.05544554455445545,0.10575073206193022,1.0,-0.0,0,0
239,0.0,0.07920792079207921,0.1322440226302099,1.0,-0.0,0,0
240,0.0,0.07326732673267328,0.12177815335858849,1.0,-0.0,0,0
241,0.0,0.02772277227722773,0.07461957893630405,1.0,-0.0,0,0
242,0.0,0.02772277227722773,0.07461957893630405,1.0,-0.0,0,0
243,0.0,0.039603960396039604,0.08452453849668534,1.0,-0.0,0,0
244,0.0,0.015841584158415842,0.05401260078014202,1.0,-0.0,0,0
245,0.0,0.06930693069306931,0.10693069306930696,1.0,-0.0,0,0
246,0.0,0.06930693069306931,0.10693069306930696,1.0,-0.0,0,0
247,0.0,0.06930693069306931,0.10693069306930696,1.0,-0.0,0,0
248,0.0,0.05346534653465348,0.08851285797476044,1.0,-0.0,0,0
249,0.0,0.13267326732673265,0.16477341831853243,1.0,-0.0,0,0
250,0.0,0.08712871287128714,0.13618810981425267,1.0,-0.0,0,0
251,0.0,0.10891089108910891,0.14494724878689189,1.0,-0.0,0,0
252,0.0,0.11683168316831682,0.14696218071508493,1.0,-0.0,0,0
253,0.0,0.11683168316831682,0.14696218071508493,1.0,-0.0,0,0
254,0.0,0.03762376237623763,0.08307396817189319,1.0,-0.0,0,0
255,0.0,0.02970297029702971,0.07112192077650681,1.0,-0.0,0,0
256,0.0,0.007920792079207921,0.03900537743285587,1.0,-0.0,0,0
257,0.0,0.007920792079207921,0.03900537743285587,1.0,-0.0,0,0
258,0.0,0.007920792079207921,0.03900537743285587,1.0,-0.0,0,0
259,0.0,0.06732673267326733,0.1135467024699521,1.0,-0.0,0,0
260,0.0,0.06732673267326733,0.1135467024699521,1.0,-0.0,0,0
261,0.0,0.06732673267326733,0.1135467024699521,1.0,-0.0,0,0
262,0.0,0.06534653465346535,0.10939585993610405,1.0,-0.0,0,0
263,0.0,0.06534653465346535,0.10939585993610405,1.0,-0.0,0,0
264,0.0,0.0059405940594059415,0.03395332316729158,1.0,-0.0,0,0
265,0.0,0.0059405940594059415,0.03395332316729158,1.0,-0.0,0,0
266,0.0,0.0059405940594059415,0.03395332316729158,1.0,-0.0,0,0
267,0.0,0.0,0.0,1.0,-0.0,0,0
268,0.0,0.0,0.0,1.0,-0.0,0,0
269,0.0,0.0,0.0,1.0,-0.0,0,0
270,0.0,0.0,0.0,1.0,-0.0,0,0
271,0.0,0.0,0.0,1.0,-0.0,0,0
272,0.0,0.0,0.0,1.0,-0.0,0,0
273,0.0,0.0,0.0,1.0,-0.0,0,0
274,0.0,0.0,0.0,1.0,-0.0,0,0
275,0.0,0.0,0.0,1.0,-0.0,0,0
276,0.0,0.013861386138613863,0.05079507064705211,1.0,-0.0,0,0
277,0.0,0.013861386138613863,0.05079507064705211,1.0,-0.0,0,0
278,0.0,0.013861386138613863,0.05079507064705211,1.0,-0.0,0,0
279,0.0,0.013861386138613863,0.05079507064705211,1.0,-0.0,0,0
280,0.0,0.013861386138613863,0.05079507064705211,1.0,-0.0,0,0
281,0.0,0.0,0.0,1.0,-0.0,0,0
282,0.0,0.0,0.0,1.0,-0.0,0,0
283,0.0,0.0,0.0,1.0,-0.0,0,0
284,0.0,0.0,0.0,1.0,-0.0,0,0
285,0.0,0.0,0.0,1.0,-0.0,0,0
286,0.0,0.0,0.0,1.0,-0.0,0,0
287,0.0,0.0,0.0,1.0,-0.0,0,0
288,0.0,0.0,0.0,1.0,-0.0,0,0
289,0.0,0.0297029702970297,0.07648795214189293,1.0,-0.0,0,0
290,0.0,0.06732673267326733,0.11698261772468856,1.0,-0.0,0,0
291,0.0,0.09306930693069305,0.13368903310588712,1.0,-0.0,0,0
292,0.0,0.09702970297029703,0.1396285351588451,1.0,-0.0,0,0
293,0.0,0.09702970297029703,0.1396285351588451,1.0,-0.0,0,0
294,0.0,0.06732673267326733,0.12356816445008077,1.0,-0.0,0,0
295,0.0,0.0297029702970297,0.07112192077650681,1.0,-0.0,0,0
296,0.0,0.0039603960396039604,0.027863855998951064,1.0,-0.0,0,0
297,0.0,0.13069306930693067,0.1500775867049221,1.0,-0.0,0,0
298,0.0,0.13069306930693067,0.1500775867049221,1.0,-0.0,0,0
299,0.0,0.1465346534653465,0.16384268984901074,1.0,-0.0,0,0
300,0.0,0.1465346534653465,0.16384268984901074,1.0,-0.0,0,0
301,0.0,0.1465346534653465,0.16384268984901074,1.0,-0.0,0,0
302,0.0,0.015841584158415842,0.054012600780142014,1.0,-0.0,0,0
303,0.0,0.021782178217821784,0.062305476128919915,1.0,-0.0,0,0
304,0.0,0.033663366336633666,0.08930671115865095,1.0,-0.0,0,0
305,0.0,0.033663366336633666,0.08930671115865095,1.0,-0.0,0,0
306,0.0,0.033663366336633666,0.08930671115865095,1.0,-0.0,0,0
307,0.0,0.041584158415841586,0.09877199139279148,1.0,-0.0,0,0
308,0.0,0.03564356435643565,0.08626938974571076,1.0,-0.0,0,0
309,0.0,0.009900990099009901,0.04338396495090424,1.0,-0.0,0,0
310,0.0,0.057425742574257435,0.10277971700879983,1.0,-0.0,0,0
311,0.0,0.057425742574257435,0.10277971700879983,1.0,-0.0,0,0
312,0.0,0.04752475247524753,0.09809478080396702,1.0,-0.0,0,0
313,0.0,0.14059405940594058,0.1899339217153552,1.0,-0.0,0,0
314,0.0,0.15247524752475247,0.19528808849012488,1.0,-0.0,0,0
315,0.0,0.10495049504950495,0.1581929124495149,1.0,-0.0,0,0
316,0.0,0.10495049504950495,0.1581929124495149,1.0,-0.0,0,0
317,0.0,0.10495049504950495,0.1581929124495149,1.0,-0.0,0,0
318,0.0,0.07920792079207921,0.11966689053257921,1.0,-0.0,0,0
319,0.0,0.09306930693069307,0.13069306930693073,1.0,-0.0,0,0
320,0.0,0.09306930693069307,0.13069306930693073,1.0,-0.0,0,0
321,0.0,0.09306930693069307,0.13069306930693073,1.0,-0.0,0,0
322,0.0,0.09306930693069307,0.13069306930693073,1.0,-0.0,0,0
323,0.0,0.025742574257425748,0.07264925278354116,1.0,-0.0,0,0
324,0.0,0.0,0.0,1.0,-0.0,0,0
325,0.0,0.0,0.0,1.0,-0.0,0,0
326,0.0,0.0,0.0,1.0,-0.0,0,0
327,0.0,0.0,0.0,1.0,-0.0,0,0
328,0.0,0.0,0.0,1.0,-0.0,0,0
329,0.0,0.07920792079207921,0.10560230990870005,1.0,-0.0,0,0
330,0.0,0.07920792079207921,0.10560230990870005,1.0,-0.0,0,0
331,0.0,0.07920792079207921,0.10560230990870005,1.0,-0.0,0,0
332,0.0,0.07920792079207921,0.10560230990870005,1.0,-0.0,0,0
333,0.0,0.07920792079207921,0.10560230990870005,1.0,-0.0,0,0
334,0.0,0.013861386138613863,0.05079507064705211,1.0,-0.0,0,0
335,0.0,0.013861386138613863,0.05079507064705211,1.0,-0.0,0,0
336,0.0,0.013861386138613863,0.05079507064705211,1.0,-0.0,0,0
337,0.0,0.017821782178217824,0.05698017651460657,1.0,-0.0,0,0
338,0.0,0.0297029702970297,0.07112192077650681,1.0,-0.0,0,0
339,0.0,0.023762376237623766,0.06471340450838889,1.0,-0.0,0,0
340,0.0,0.023762376237623766,0.06471340450838889,1.0,-0.0,0,0
341,0.0,0.031683168316831684,0.07826167463512675,1.0,-0.0,0,0
342,0.0,0.05940594059405942,0.0996808946427978,1.0,-0.0,0,0
343,0.0,0.05544554455445545,0.09384550979067553,1.0,-0.0,0,0
344,0.0,0.047524752475247525,0.08512548617902845,1.0,-0.0,0,0
345,0.0,0.057425742574257435,0.10277971700879983,1.0,-0.0,0,0
346,0.0,0.04950495049504951,0.09504950495049506,1.0,-0.0,0,0
347,0.0,0.017821782178217824,0.0635517090529949,1.0,-0.0,0,0
348,0.0,0.009900990099009901,0.04338396495090425,1.0,-0.0,0,0
349,0.0,0.009900990099009901,0.04338396495090425,1.0,-0.0,0,0
350,0.0,0.0,0.0,1.0,-0.0,0,0
351,0.0,0.013861386138613863,0.05079507064705211,1.0,-0.0,0,0
352,0.0,0.013861386138613863,0.05079507064705211,1.0,-0.0,0,0
353,0.0,0.033663366336633666,0.08475617647141663,1.0,-0.0,0,0
354,0.0,0.033663366336633666,0.08475617647141663,1.0,-0.0,0,0
355,0.0,0.033663366336633666,0.08475617647141663,1.0,-0.0,0,0
356,0.0,0.03762376237623763,0.08307396817189318,1.0,-0.0,0,0
357,0.0,0.03762376237623763,0.08307396817189318,1.0,-0.0,0,0
358,0.0,0.017821782178217824,0.05698017651460656,1.0,-0.0,0,0
359,0.0,0.017821782178217824,0.05698017651460656,1.0,-0.0,0,0
360,0.0,0.017821782178217824,0.05698017651460656,1.0,-0.0,0,0
361,0.0,0.03762376237623763,0.08307396817189318,1.0,-0.0,0,0
362,0.0,0.03762376237623763,0.08307396817189318,1.0,-0.0,0,0
363,0.0,0.039603960396039604,0.0890869059738772,1.0,-0.0,0,0
364,0.0,0.16831683168316833,0.18823342001292906,1.0,-0.0,0,0
365,0.0,0.1782178217821782,0.18858722298311487,1.0,-0.0,0,0
366,0.0,0.17029702970297023,0.15513938444198727,1.0,-0.0,0,0
367,0.0,0.17029702970297023,0.15513938444198727,1.0,-0.0,0,0
368,0.0,0.201980198019802,0.17002049848448067,1.0,-0.0,0,0
369,0.0,0.07326732673267326,0.11848138852793338,1.0,-0.0,0,0
370,0.0,0.06336633663366337,0.10874875419996817,1.0,-0.0,0,0
371,0.0,0.033663366336633666,0.07482947971362847,1.0,-0.0,0,0
372,0.0,0.11089108910891088,0.13923481846532232,1.0,-0.0,0,0
373,0.0,0.15643564356435644,0.16555687101844338,1.0,-0.0,0,0
374,0.0,0.2693069306930693,0.21697404793365954,1.0,-0.0,0,0
375,0.0,0.2693069306930693,0.21697404793365954,1.0,-0.0,0,0
376,0.0,0.2693069306930693,0.21697404793365954,1.0,-0.0,0,0
377,0.0,0.2376237623762376,0.20817523328239884,1.0,-0.0,0,0
378,0.0,0.19207920792079206,0.17782134115361303,1.0,-0.0,0,0
379,0.0,0.0891089108910891,0.1142352879354927,1.0,-0.0,0,0
380,0.0,0.0891089108910891,0.1142352879354927,1.0,-0.0,0,0
381,0.0,0.14455445544554454,0.15445544554455448,1.0,-0.0,0,0
382,0.0,0.11287128712871286,0.14736186103080443,1.0,-0.0,0,0
383,0.0,0.12475247524752472,0.15376846462033406,1.0,-0.0,0,0
384,0.0,0.14257425742574253,0.1550129567586608,1.0,-0.0,0,0
385,0.0,0.14257425742574253,0.1550129567586608,1.0,-0.0,0,0
386,0.0,0.08712871287128714,0.11745095149573798,1.0,-0.0,0,0
387,0.0,0.0712871287128713,0.10372911567294095,1.0,-0.0,0,0
388,0.0,0.05148514851485149,0.1001126705723924,1.0,-0.0,0,0
389,0.0,0.023762376237623766,0.07597356868614209,1.0,-0.0,0,0
390,0.0,0.057425742574257435,0.09885135821266286,1.0,-0.0,0,0
391,0.0,0.057425742574257435,0.09885135821266286,1.0,-0.0,0,0
392,0.0,0.09108910891089106,0.12750384183766536,1.0,-0.0,0,0
393,0.0,0.09702970297029702,0.13383560593042218,1.0,-0.0,0,0
394,0.0,0.09702970297029702,0.13383560593042218,1.0,-0.0,0,0
395,0.0,0.06336633663366338,0.09721138779115705,1.0,-0.0,0,0
396,0.0,0.07920792079207921,0.11285391563386142,1.0,-0.0,0,0
397,0.0,0.057425742574257435,0.10656335878870264,1.0,-0.0,0,0
398,0.0,0.02772277227722773,0.06910862719451545,1.0,-0.0,0,0
399,0.0,0.02772277227722773,0.06910862719451545,1.0,-0.0,0,0
400,0.0,0.02772277227722773,0.06910862719451545,1.0,-0.0,0,0
401,0.0,0.011881188118811881,0.047276579747775535,1.0,-0.0,0,0
402,0.0,0.01386138613861386,0.05079507064705212,1.0,-0.0,0,0
403,0.0,0.023762376237623766,0.06471340450838887,1.0,-0.0,0,0
404,0.0,0.03762376237623763,0.08307396817189318,1.0,-0.0,0,0
405,0.0,0.0712871287128713,0.1213265242141813,1.0,-0.0,0,0
406,0.0,0.0891089108910891,0.13342479626077636,1.0,-0.0,0,0
407,0.0,0.201980198019802,0.21153854037344386,1.0,-0.0,0,0
408,0.0,0.19801980198019803,0.1999901967992491,1.0,-0.0,0,0
409,0.0,0.18415841584158418,0.1881292336873445,1.0,-0.0,0,0
410,0.0,0.1504950495049505,0.16746435256923545,1.0,-0.0,0,0
411,0.0,0.13168316831683166,0.15474712241238045,1.0,-0.0,0,0
412,0.0,0.021782178217821784,0.06836703565002801,1.0,-0.0,0,0
413,0.0,0.031683168316831684,0.0730260947112308,1.0,-0.0,0,0
414,0.0,0.047524752475247525,0.08965727859542,1.0,-0.0,0,0
415,0.0,0.0712871287128713,0.11801714396634724,1.0,-0.0,0,0
416,0.0,0.07722772277227723,0.12576985749069639,1.0,-0.0,0,0
417,0.0,0.11089108910891088,0.14205074403533427,1.0,-0.0,0,0
418,0.0,0.09504950495049502,0.13377699607171908,1.0,-0.0,0,0
419,0.0,0.07920792079207921,0.11966689053257921,1.0,-0.0,0,0
420,0.0,0.0594059405940594,0.10357779667819421,1.0,-0.0,0,0
421,0.0,0.0594059405940594,0.0956253185556407,1.0,-0.0,0,0
422,0.0,0.011881188118811883,0.047276579747775535,1.0,-0.0,0,0
423,0.0,0.015841584158415842,0.05401260078014202,1.0,-0.0,0,0
424,0.0,0.015841584158415842,0.05401260078014202,1.0,-0.0,0,0
425,0.0,0.017821782178217824,0.05698017651460656,1.0,-0.0,0,0
426,0.0,0.015841584158415842,0.05401260078014202,1.0,-0.0,0,0
427,0.0,0.013861386138613863,0.05079507064705211,1.0,-0.0,0,0
428,0.0,0.023762376237623766,0.06471340450838887,1.0,-0.0,0,0
429,0.0,0.023762376237623766,0.06471340450838887,1.0,-0.0,0,0
430,0.0,0.017821782178217824,0.05698017651460657,1.0,-0.0,0,0
431,0.0,0.021782178217821784,0.068367035650028,1.0,-0.0,0,0
432,0.0,0.03564356435643565,0.08626938974571076,1.0,-0.0,0,0
433,0.0,0.041584158415841586,0.08116396646304633,1.0,-0.0,0,0
434,0.0,0.04554455445544555,0.08387254884969257,1.0,-0.0,0,0
435,0.0,0.04554455445544555,0.08387254884969257,1.0,-0.0,0,0
436,0.0,0.04356435643564357,0.08255312311158745,1.0,-0.0,0,0
437,0.0,0.041584158415841586,0.08590499787518362,1.0,-0.0,0,0
438,0.0,0.021782178217821784,0.06836703565002801,1.0,-0.0,0,0
439,0.0,0.017821782178217824,0.05698017651460656,1.0,-0.0,0,0
440,0.0,0.023762376237623766,0.06471340450838887,1.0,-0.0,0,0
441,0.0,0.017821782178217824,0.05698017651460656,1.0,-0.0,0,0
442,0.0,0.015841584158415842,0.06090517425437506,1.0,-0.0,0,0
443,0.0,0.015841584158415842,0.06090517425437506,1.0,-0.0,0,0
444,0.0,0.015841584158415842,0.06090517425437506,1.0,-0.0,0,0
445,0.0,0.009900990099009901,0.04338396495090424,1.0,-0.0,0,0
446,0.0,0.009900990099009901,0.04338396495090424,1.0,-0.0,0,0
447,0.0,0.0,0.0,1.0,-0.0,0,0
448,0.0,0.0,0.0,1.0,-0.0,0,0
449,0.0,0.0,0.0,1.0,-0.0,0,0
450,0.0,0.0,0.0,1.0,-0.0,0,0
451,0.0,0.027722772277227727,0.07461957893630407,1.0,-0.0,0,0
452,0.0,0.06534653465346535,0.11295810453031022,1.0,-0.0,0,0
453,0.0,0.06534653465346535,0.11295810453031022,1.0,-0.0,0,0
454,0.0,0.10495049504950493,0.1367053908443026,1.0,-0.0,0,0
455,0.0,0.10495049504950493,0.1367053908443026,1.0,-0.0,0,0
456,0.0,0.12673267326732673,0.14818445096134422,1.0,-0.0,0,0
457,0.0,0.08910891089108909,0.1107141445425296,1.0,-0.0,0,0
458,0.0,0.08910891089108909,0.1107141445425296,1.0,-0.0,0,0
459,0.0,0.06930693069306931,0.11057238501634628,1.0,-0.0,0,0
460,0.0,0.07722772277227723,0.1193059036149867,1.0,-0.0,0,0
461,0.0,0.027722772277227727,0.07461957893630405,1.0,-0.0,0,0
462,0.0,0.0297029702970297,0.07648795214189294,1.0,-0.0,0,0
463,0.0,0.033663366336633666,0.07994704648786674,1.0,-0.0,0,0
464,0.0,0.02772277227722773,0.06910862719451545,1.0,-0.0,0,0
465,0.0,0.019801980198019802,0.0597350618970232,1.0,-0.0,0,0
466,0.0,0.03564356435643565,0.07653920035678292,1.0,-0.0,0,0
467,0.0,0.05544554455445545,0.09384550979067555,1.0,-0.0,0,0
468,0.0,0.08514851485148514,0.12054836637801526,1.0,-0.0,0,0
469,0.0,0.0712871287128713,0.11461224656227946,1.0,-0.0,0,0
470,0.0,0.07524752475247526,0.12219602867755656,1.0,-0.0,0,0
471,0.0,0.0594059405940594,0.1109617879296784,1.0,-0.0,0,0
472,0.0,0.039603960396039604,0.0890869059738772,1.0,-0.0,0,0
473,0.0,0.019801980198019802,0.059735061897023205,1.0,-0.0,0,0
474,0.0,0.0297029702970297,0.08622392497852373,1.0,-0.0,0,0
475,0.0,0.04950495049504951,0.10304643034659552,1.0,-0.0,0,0
476,0.0,0.05148514851485149,0.10399339410297728,1.0,-0.0,0,0
477,0.0,0.0693069306930693,0.11409790329416186,1.0,-0.0,0,0
478,0.0,0.0594059405940594,0.10357779667819421,1.0,-0.0,0,0
479,0.0,0.04950495049504951,0.09912864166957489,1.0,-0.0,0,0
480,0.0,0.09702970297029702,0.13084299831035082,1.0,-0.0,0,0
481,0.0,0.09504950495049505,0.1277189346265117,1.0,-0.0,0,0
482,0.0,0.07524752475247526,0.11205191564986228,1.0,-0.0,0,0
483,0.0,0.1207920792079208,0.15689867556071532,1.0,-0.0,0,0
484,0.0,0.1207920792079208,0.15689867556071532,1.0,-0.0,0,0
485,0.0,0.06534653465346535,0.1164113937164283,1.0,-0.0,0,0
486,0.0,0.06534653465346535,0.1164113937164283,1.0,-0.0,0,0
487,0.0,0.06534653465346535,0.1164113937164283,1.0,-0.0,0,0
488,0.0,0.08514851485148514,0.13304219431477882,1.0,-0.0,0,0
489,0.0,0.14554455445544554,0.17773311423617327,1.0,-0.0,0,0
490,0.0,0.1287128712871287,0.16788529421169618,1.0,-0.0,0,0
491,0.0,0.13861386138613863,0.17290201942925207,1.0,-0.0,0,0
492,0.0,0.13861386138613863,0.17290201942925207,1.0,-0.0,0,0
493,0.0,0.15643564356435644,0.1725842262930766,1.0,-0.0,0,0
494,0.0,0.09504950495049505,0.13670539084430267,1.0,-0.0,0,0
495,0.0,0.09702970297029703,0.13962853515884507,1.0,-0.0,0,0
496,0.0,0.08712871287128714,0.13618810981425267,1.0,-0.0,0,0
497,0.0,0.08712871287128714,0.13618810981425267,1.0,-0.0,0,0
498,0.0,0.0019801980198019802,0.0198019801980198,1.0,-0.0,0,0
499,0.0,0.0019801980198019802,0.0198019801980198,1.0,-0.0,0,0
500,0.0,0.0,0.0,1.0,-0.0,0,0
501,0.0,0.015841584158415842,0.05401260078014202,1.0,-0.0,0,0
502,0.0,0.061386138613861385,0.10806149425459212,1.0,-0.0,0,0
503,0.0,0.10693069306930691,0.13661931335176508,1.0,-0.0,0,0
504,0.0,0.10693069306930691,0.13661931335176508,1.0,-0.0,0,0
505,0.0,0.11287128712871287,0.14188502271424047,1.0,-0.0,0,0
506,0.0,0.14653465346534653,0.15893479355105833,1.0,-0.0,0,0
507,0.0,0.10099009900990098,0.12467387119760154,1.0,-0.0,0,0
508,0.0,0.07524752475247526,0.12539516989297084,1.0,-0.0,0,0
509,0.0,0.07524752475247526,0.12539516989297084,1.0,-0.0,0,0
510,0.0,0.12673267326732673,0.16343532896604632,1.0,-0.0,0,0
511,0.0,0.07920792079207921,0.1261123431927973,1.0,-0.0,0,0
512,0.0,0.07722772277227724,0.12576985749069639,1.0,-0.0,0,0
513,0.0,0.057425742574257435,0.09885135821266286,1.0,-0.0,0,0
514,0.0,0.06930693069306931,0.10693069306930694,1.0,-0.0,0,0
515,0.0,0.017821782178217824,0.05698017651460657,1.0,-0.0,0,0
516,0.0,0.017821782178217824,0.05698017651460657,1.0,-0.0,0,0
517,0.0,0.017821782178217824,0.05698017651460657,1.0,-0.0,0,0
518,0.0,0.017821782178217824,0.05698017651460657,1.0,-0.0,0,0
519,0.0,0.019801980198019802,0.06603299802191315,1.0,-0.0,0,0
520,0.0,0.021782178217821784,0.06230547612891991,1.0,-0.0,0,0
521,0.0,0.021782178217821784,0.06230547612891991,1.0,-0.0,0,0
522,0.0,0.03762376237623763,0.08307396817189318,1.0,-0.0,0,0
523,0.0,0.03762376237623763,0.08307396817189318,1.0,-0.0,0,0
524,0.0,0.023762376237623763,0.06471340450838889,1.0,-0.0,0,0
525,0.0,0.015841584158415842,0.05401260078014202,1.0,-0.0,0,0
526,0.0,0.015841584158415842,0.05401260078014202,1.0,-0.0,0,0
527,0.0,0.0,0.0,1.0,-0.0,0,0
528,0.0,0.041584158415841586,0.08590499787518362,1.0,-0.0,0,0
529,0.0,0.041584158415841586,0.08590499787518362,1.0,-0.0,0,0
530,0.0,0.041584158415841586,0.08590499787518362,1.0,-0.0,0,0
531,0.0,0.041584158415841586,0.08590499787518362,1.0,-0.0,0,0
532,0.0,0.041584158415841586,0.08590499787518362,1.0,-0.0,0,0
533,0.0,0.0,0.0,1.0,-0.0,0,0
534,0.0,0.0,0.0,1.0,-0.0,0,0
535,0.0,0.0,0.0,1.0,-0.0,0,0
536,0.0,0.0039603960396039604,0.027863855998951068,1.0,-0.0,0,0
537,0.0,0.0039603960396039604,0.027863855998951068,1.0,-0.0,0,0
538,0.0,0.0594059405940594,0.0956253185556407,1.0,-0.0,0,0
539,0.0,0.0594059405940594,0.0956253185556407,1.0,-0.0,0,0
540,0.0,0.06336633663366338,0.09721138779115705,1.0,-0.0,0,0
