,foreground,bg_means,bg_stdev,pvals,minus_logs,regs,active
2,0.0,0.051485148514851496,0.09186070102766894,1.0,-0.0,0,0
3,0.2,0.05544554455445545,0.09797478714338996,0.07004915208881982,1.1545971172715026,0,0
4,0.2,0.12475247524752472,0.14583724862987696,0.30293796951493646,0.5186462898319877,0,0
5,0.2,0.08514851485148514,0.1172170185104851,0.16358768676286217,0.786249388758791,0,0
6,0.2,0.10693069306930694,0.12762679639066948,0.23293044793121265,0.6327737381539629,0,0
7,0.2,0.10693069306930694,0.12762679639066948,0.23293044793121265,0.6327737381539629,0,0
8,0.0,0.09504950495049505,0.12457948087149175,1.0,-0.0,0,0
9,0.0,0.02772277227722772,0.07975061610139514,1.0,-0.0,0,0
10,0.0,0.021782178217821784,0.06836703565002801,1.0,-0.0,0,0
11,0.0,0.0,0.0,1.0,-0.0,0,0
12,0.0,0.007920792079207921,0.03900537743285587,1.0,-0.0,0,0
13,0.0,0.025742574257425745,0.0669763743575753,1.0,-0.0,0,0
14,0.0,0.039603960396039604,0.07970143286137867,1.0,-0.0,0,0
15,0.0,0.039603960396039604,0.07970143286137867,1.0,-0.0,0,0
16,0.0,0.039603960396039604,0.07970143286137867,1.0,-0.0,0,0
17,0.0,0.031683168316831684,0.0730260947112308,1.0,-0.0,0,0
18,0.0,0.013861386138613863,0.05079507064705211,1.0,-0.0,0,0
19,0.0,0.01386138613861386,0.05079507064705211,1.0,-0.0,0,0
20,0.0,0.04554455445544555,0.08846854615322249,1.0,-0.0,0,0
21,0.0,0.04554455445544555,0.08846854615322249,1.0,-0.0,0,0
22,0.0,0.04554455445544555,0.08846854615322249,1.0,-0.0,0,0
23,0.0,0.057425742574257435,0.09476028605152792,1.0,-0.0,0,0
24,0.0,0.04356435643564356,0.08255312311158747,1.0,-0.0,0,0
25,0.0,0.011881188118811883,0.047276579747775535,1.0,-0.0,0,0
26,0.0,0.057425742574257435,0.10277971700879984,1.0,-0.0,0,0
27,0.0,0.1089108910891089,0.14494724878689189,1.0,-0.0,0,0
28,0.0,0.09702970297029702,0.1396285351588451,1.0,-0.0,0,0
29,0.0,0.10693069306930691,0.1422989641443302,1.0,-0.0,0,0
30,0.0,0.1881188118811881,0.19051110448801098,1.0,-0.0,0,0
31,0.0,0.14257425742574256,0.16249693654596944,1.0,-0.0,0,0
32,0.0,0.08910891089108909,0.13042276277287215,1.0,-0.0,0,0
33,0.0,0.11089108910891086,0.15018206119491914,1.0,-0.0,0,0
34,0.0,0.10099009900990097,0.14246420394934614,1.0,-0.0,0,0
35,0.0,0.021782178217821784,0.06836703565002801,1.0,-0.0,0,0
36,0.0,0.061386138613861385,0.11166631429601336,1.0,-0.0,0,0
37,0.0,0.061386138613861385,0.11166631429601336,1.0,-0.0,0,0
38,0.0,0.039603960396039604,0.0890869059738772,1.0,-0.0,0,0
39,0.0,0.06930693069306931,0.11409790329416186,1.0,-0.0,0,0
40,0.0,0.07920792079207921,0.12293186689242579,1.0,-0.0,0,0
41,0.0,0.039603960396039604,0.07970143286137867,1.0,-0.0,0,0
42,0.0,0.04752475247524753,0.08512548617902843,1.0,-0.0,0,0
43,0.0,0.04752475247524753,0.08512548617902843,1.0,-0.0,0,0
44,0.0,0.017821782178217824,0.05698017651460656,1.0,-0.0,0,0
45,0.0,0.015841584158415842,0.05401260078014202,1.0,-0.0,0,0
46,0.0,0.015841584158415842,0.05401260078014202,1.0,-0.0,0,0
47,0.0,0.04950495049504951,0.10304643034659552,1.0,-0.0,0,0
48,0.0,0.11287128712871286,0.15002532217723413,1.0,-0.0,0,0
49,0.0,0.12475247524752475,0.16614793634378636,1.0,-0.0,0,0
50,0.0,0.12871287128712872,0.15564406822280066,1.0,-0.0,0,0
51,0.0,0.12871287128712872,0.15564406822280066,1.0,-0.0,0,0
52,0.0,0.08712871287128714,0.127165103825761,1.0,-0.0,0,0
53,0.0,0.023762376237623766,0.06471340450838889,1.0,-0.0,0,0
54,0.0,0.011881188118811883,0.047276579747775535,1.0,-0.0,0,0
55,0.0,0.0,0.0,1.0,-0.0,0,0
56,0.0,0.0,0.0,1.0,-0.0,0,0
57,0.0,0.0,0.0,1.0,-0.0,0,0
58,0.0,0.0,0.0,1.0,-0.0,0,0
59,0.0,0.0,0.0,1.0,-0.0,0,0
60,0.0,0.0,0.0,1.0,-0.0,0,0
61,0.0,0.0039603960396039604,0.027863855998951068,1.0,-0.0,0,0
62,0.0,0.031683168316831684,0.0730260947112308,1.0,-0.0,0,0
63,0.2,0.07326732673267328,0.12498799079651088,0.15530120578607598,0.808825172319051,0,0
64,0.2,0.08118811881188118,0.13254020222321994,0.18501385583113095,0.7327957457285068,0,0
65,0.2,0.08118811881188118,0.13254020222321994,0.18501385583113095,0.7327957457285068,0,0
66,0.2,0.07722772277227724,0.12888031758632065,0.17039464501736856,0.7685440579023645,0,0
67,0.2,0.049504950495049514,0.09912864166957489,0.06448460512601868,1.1905439552382786,0,0
68,0.0,0.007920792079207921,0.03900537743285587,1.0,-0.0,0,0
69,0.0,0.0,0.0,1.0,-0.0,0,0
70,0.0,0.0,0.0,1.0,-0.0,0,0
71,0.0,0.0,0.0,1.0,-0.0,0,0
72,0.0,0.0,0.0,1.0,-0.0,0,0
73,0.0,0.0,0.0,1.0,-0.0,0,0
74,0.0,0.0,0.0,1.0,-0.0,0,0
75,0.0,0.0,0.0,1.0,-0.0,0,0
76,0.0,0.0,0.0,1.0,-0.0,0,0
77,0.0,0.0,0.0,1.0,-0.0,0,0
78,0.0,0.0,0.0,1.0,-0.0,0,0
79,0.0,0.0,0.0,1.0,-0.0,0,0
80,0.0,0.0,0.0,1.0,-0.0,0,0
81,0.0,0.0,0.0,1.0,-0.0,0,0
82,0.0,0.0,0.0,1.0,-0.0,0,0
83,0.0,0.0,0.0,1.0,-0.0,0,0
84,0.0,0.0,0.0,1.0,-0.0,0,0
85,0.0,0.0,0.0,1.0,-0.0,0,0
86,0.0,0.0,0.0,1.0,-0.0,0,0
87,0.0,0.0,0.0,1.0,-0.0,0,0
88,0.0,0.0,0.0,1.0,-0.0,0,0
89,0.0,0.0,0.0,1.0,-0.0,0,0
90,0.0,0.0,0.0,1.0,-0.0,0,0
91,0.0,0.0,0.0,1.0,-0.0,0,0
92,0.0,0.0,0.0,1.0,-0.0,0,0
93,0.0,0.0,0.0,1.0,-0.0,0,0
94,0.0,0.0,0.0,1.0,-0.0,0,0
95,0.0,0.0,0.0,1.0,-0.0,0,0
96,0.0,0.0,0.0,1.0,-0.0,0,0
97,0.0,0.0,0.0,1.0,-0.0,0,0
98,0.0,0.0,0.0,1.0,-0.0,0,0
99,0.0,0.0,0.0,1.0,-0.0,0,0
100,0.0,0.0,0.0,1.0,-0.0,0,0
101,0.0,0.0,0.0,1.0,-0.0,0,0
102,0.0,0.0,0.0,1.0,-0.0,0,0
103,0.0,0.0,0.0,1.0,-0.0,0,0
104,0.0,0.0,0.0,1.0,-0.0,0,0
105,0.0,0.0,0.0,1.0,-0.0,0,0
106,0.0,0.0,0.0,1.0,-0.0,0,0
107,0.0,0.0,0.0,1.0,-0.0,0,0
108,0.0,0.009900990099009901,0.04338396495090424,1.0,-0.0,0,0
109,0.0,0.013861386138613863,0.05079507064705211,1.0,-0.0,0,0
110,0.0,0.013861386138613863,0.05079507064705211,1.0,-0.0,0,0
111,0.0,0.013861386138613863,0.05079507064705211,1.0,-0.0,0,0
112,0.0,0.013861386138613863,0.05079507064705211,1.0,-0.0,0,0
113,0.0,0.0039603960396039604,0.02786385599895107,1.0,-0.0,0,0
114,0.0,0.025742574257425745,0.07264925278354116,1.0,-0.0,0,0
115,0.0,0.041584158415841586,0.09039772047931348,1.0,-0.0,0,0
116,0.0,0.041584158415841586,0.09039772047931348,1.0,-0.0,0,0
117,0.0,0.041584158415841586,0.09039772047931348,1.0,-0.0,0,0
118,0.0,0.04752475247524753,0.09809478080396702,1.0,-0.0,0,0
119,0.0,0.021782178217821784,0.06836703565002801,1.0,-0.0,0,0
120,0.0,0.0059405940594059415,0.033953323167291584,1.0,-0.0,0,0
121,0.0,0.017821782178217824,0.056980176514606566,1.0,-0.0,0,0
122,0.0,0.03960396039603961,0.07970143286137867,1.0,-0.0,0,0
123,0.0,0.033663366336633666,0.07482947971362848,1.0,-0.0,0,0
124,0.0,0.033663366336633666,0.07482947971362848,1.0,-0.0,0,0
125,0.0,0.033663366336633666,0.07482947971362848,1.0,-0.0,0,0
126,0.0,0.021782178217821784,0.06230547612891991,1.0,-0.0,0,0
127,0.0,0.0,0.0,1.0,-0.0,0,0
128,0.0,0.0,0.0,1.0,-0.0,0,0
129,0.0,0.0,0.0,1.0,-0.0,0,0
130,0.0,0.0,0.0,1.0,-0.0,0,0
131,0.0,0.007920792079207921,0.03900537743285587,1.0,-0.0,0,0
132,0.0,0.03762376237623763,0.08771182015980238,1.0,-0.0,0,0
133,0.0,0.03762376237623763,0.08771182015980238,1.0,-0.0,0,0
134,0.0,0.04356435643564357,0.09164702150816742,1.0,-0.0,0,0
135,0.0,0.08514851485148514,0.12379009590564582,1.0,-0.0,0,0
136,0.0,0.08514851485148514,0.1172170185104851,1.0,-0.0,0,0
137,0.0,0.06732673267326733,0.10634234916512914,1.0,-0.0,0,0
138,0.0,0.06732673267326733,0.10634234916512914,1.0,-0.0,0,0
139,0.0,0.061386138613861385,0.10046456153636296,1.0,-0.0,0,0
140,0.0,0.04554455445544554,0.09283729243351323,1.0,-0.0,0,0
141,0.0,0.07524752475247526,0.10845991237726066,1.0,-0.0,0,0
142,0.0,0.06336633663366338,0.09721138779115705,1.0,-0.0,0,0
143,0.0,0.08316831683168316,0.11694909354640316,1.0,-0.0,0,0
144,0.0,0.09702970297029702,0.1367627457412436,1.0,-0.0,0,0
145,0.0,0.0712871287128713,0.12454800153280307,1.0,-0.0,0,0
146,0.0,0.033663366336633666,0.08475617647141663,1.0,-0.0,0,0
147,0.0,0.03564356435643565,0.08626938974571076,1.0,-0.0,0,0
148,0.0,0.025742574257425748,0.06697637435757531,1.0,-0.0,0,0
149,0.0,0.011881188118811883,0.04727657974777554,1.0,-0.0,0,0
150,0.0,0.011881188118811883,0.04727657974777554,1.0,-0.0,0,0
151,0.0,0.011881188118811883,0.04727657974777554,1.0,-0.0,0,0
152,0.0,0.009900990099009901,0.04338396495090424,1.0,-0.0,0,0
153,0.0,0.0059405940594059415,0.033953323167291584,1.0,-0.0,0,0
154,0.0,0.0059405940594059415,0.033953323167291584,1.0,-0.0,0,0
155,0.2,0.021782178217821784,0.06230547612891991,0.002115616449879084,2.6745630648030154,0,0
156,0.2,0.02772277227722772,0.06910862719451542,0.006336173555908623,2.198172935373565,0,0
157,0.2,0.04950495049504951,0.08631483056516186,0.040617958542992695,1.3912819080063725,0,0
158,0.4,0.06336633663366337,0.10120342446875752,0.0004400246430833574,3.3565230006605695,0,0
159,0.4,0.06336633663366337,0.10120342446875752,0.0004400246430833574,3.3565230006605695,0,0
160,0.2,0.047524752475247525,0.0939707763778588,0.05233944412570533,1.2811708941229774,0,0
161,0.2,0.041584158415841586,0.08590499787518362,0.03258561123651815,1.4869741281544258,0,0
162,0.2,0.019801980198019802,0.059735061897023205,0.001278047474114718,2.8934530136556162,0,0
163,0.2,0.009900990099009901,0.04338396495090425,5.885669548817499e-06,5.230204125035218,0,0
164,0.2,0.009900990099009901,0.04338396495090425,5.885669548817499e-06,5.230204125035218,0,0
165,0.2,0.009900990099009901,0.04338396495090425,5.885669548817499e-06,5.230204125035218,0,0
166,0.2,0.009900990099009901,0.04338396495090425,5.885669548817499e-06,5.230204125035218,0,0
167,0.2,0.009900990099009901,0.04338396495090425,5.885669548817499e-06,5.230204125035218,0,0
168,0.2,0.015841584158415842,0.05401260078014202,0.00032535620257014524,3.4876409094885674,0,0
169,0.2,0.031683168316831684,0.08316831683168317,0.021494876961718305,1.6676650364739216,0,0
170,0.2,0.05544554455445545,0.09797478714338997,0.07004915208881986,1.1545971172715024,0,0
171,0.2,0.05544554455445545,0.09797478714338997,0.07004915208881986,1.1545971172715024,0,0
172,0.2,0.05544554455445545,0.09797478714338997,0.07004915208881986,1.1545971172715024,0,0
173,0.0,0.06336633663366337,0.10504385908811757,1.0,-0.0,0,0
174,0.0,0.04752475247524753,0.08965727859541997,1.0,-0.0,0,0
175,0.0,0.023762376237623766,0.06471340450838887,1.0,-0.0,0,0
176,0.0,0.033663366336633666,0.08475617647141663,1.0,-0.0,0,0
177,0.0,0.05148514851485149,0.10399339410297727,1.0,-0.0,0,0
178,0.0,0.02772277227722772,0.07461957893630407,1.0,-0.0,0,0
179,0.0,0.04950495049504951,0.10682062541989053,1.0,-0.0,0,0
180,0.0,0.04950495049504951,0.10682062541989053,1.0,-0.0,0,0
181,0.2,0.05940594059405942,0.10733330877518932,0.0951177364230414,1.0217384934469724,0,0
182,0.2,0.041584158415841586,0.08116396646304633,0.025480968483881664,1.5937840693032386,0,0
183,0.2,0.041584158415841586,0.08116396646304633,0.025480968483881664,1.5937840693032386,0,0
184,0.2,0.019801980198019806,0.0597350618970232,0.001278047474114718,2.8934530136556162,0,0
185,0.2,0.019801980198019806,0.0597350618970232,0.001278047474114718,2.8934530136556162,0,0
186,0.0,0.0059405940594059415,0.03395332316729158,1.0,-0.0,0,0
187,0.2,0.06336633663366337,0.1158034971660471,0.11902494631501422,0.9243620057374958,0,0
188,0.2,0.06336633663366337,0.1158034971660471,0.11902494631501422,0.9243620057374958,0,0
189,0.4,0.0811881188118812,0.1325402022232199,0.00807743987652534,2.092726265918236,0,0
190,0.4,0.0811881188118812,0.1325402022232199,0.00807743987652534,2.092726265918236,0,0
191,0.4,0.07524752475247526,0.1253951698929708,0.004801133296572487,2.318656236300723,0,0
192,0.2,0.017821782178217824,0.05698017651460657,0.0006937928196726566,3.1587701991504593,0,0
193,0.2,0.031683168316831684,0.07826167463512675,0.015750221703151112,1.8027133286186672,0,0
194,0.0,0.013861386138613863,0.05079507064705211,1.0,-0.0,0,0
195,0.0,0.013861386138613863,0.05079507064705211,1.0,-0.0,0,0
196,0.0,0.033663366336633666,0.07482947971362845,1.0,-0.0,0,0
197,0.2,0.08712871287128714,0.12401163019288061,0.18136723570535118,0.7414411662151198,0,0
198,0.2,0.07326732673267328,0.11509022642946842,0.13541366575877595,0.8683375050442039,0,0
199,0.4,0.1297029702970297,0.1445680178094573,0.030763606497921054,1.5119627524098507,0,0
200,0.6,0.14455445544554454,0.1492391578726081,0.0011374319672441588,2.944074570173313,0,0
201,0.6,0.12475247524752472,0.1345369326848557,0.0002058493578069071,3.686450483543112,0,0
202,0.4,0.06930693069306931,0.10316052497133553,0.0006738676536446158,3.171425389719414,0,0
203,0.4,0.07722772277227723,0.105193069190443,0.0010761148476254585,2.9681413764128264,0,0
204,0.2,0.021782178217821784,0.06230547612891991,0.002115616449879084,2.6745630648030154,0,0
205,0.0,0.007920792079207921,0.03900537743285587,1.0,-0.0,0,0
206,0.0,0.015841584158415842,0.05401260078014202,1.0,-0.0,0,0
207,0.0,0.015841584158415842,0.05401260078014202,1.0,-0.0,0,0
208,0.0,0.007920792079207921,0.03900537743285587,1.0,-0.0,0,0
209,0.0,0.007920792079207921,0.03900537743285587,1.0,-0.0,0,0
210,0.0,0.021782178217821784,0.06230547612891991,1.0,-0.0,0,0
211,0.0,0.041584158415841586,0.08116396646304633,1.0,-0.0,0,0
212,0.0,0.041584158415841586,0.08116396646304633,1.0,-0.0,0,0
213,0.0,0.041584158415841586,0.08116396646304633,1.0,-0.0,0,0
214,0.0,0.05544554455445545,0.09797478714338996,1.0,-0.0,0,0
215,0.0,0.041584158415841586,0.09039772047931348,1.0,-0.0,0,0
216,0.0,0.0396039603960396,0.0890869059738772,1.0,-0.0,0,0
217,0.0,0.04554455445544555,0.09700949476369022,1.0,-0.0,0,0
218,0.0,0.04554455445544555,0.09700949476369022,1.0,-0.0,0,0
219,0.0,0.031683168316831684,0.08316831683168316,1.0,-0.0,0,0
220,0.0,0.031683168316831684,0.08316831683168316,1.0,-0.0,0,0
221,0.0,0.0059405940594059415,0.03395332316729158,1.0,-0.0,0,0
222,0.0,0.015841584158415842,0.054012600780142014,1.0,-0.0,0,0
223,0.0,0.015841584158415842,0.054012600780142014,1.0,-0.0,0,0
224,0.0,0.015841584158415842,0.054012600780142014,1.0,-0.0,0,0
225,0.0,0.03564356435643565,0.07653920035678292,1.0,-0.0,0,0
226,0.0,0.03564356435643565,0.07653920035678292,1.0,-0.0,0,0
227,0.0,0.019801980198019802,0.059735061897023205,1.0,-0.0,0,0
228,0.0,0.019801980198019802,0.059735061897023205,1.0,-0.0,0,0
229,0.0,0.041584158415841586,0.08116396646304633,1.0,-0.0,0,0
230,0.0,0.021782178217821784,0.06230547612891991,1.0,-0.0,0,0
231,0.0,0.039603960396039604,0.08908690597387718,1.0,-0.0,0,0
232,0.0,0.04356435643564357,0.0916470215081674,1.0,-0.0,0,0
233,0.0,0.05148514851485149,0.10011267057239238,1.0,-0.0,0,0
234,0.0,0.04356435643564356,0.09164702150816742,1.0,-0.0,0,0
235,0.0,0.04356435643564356,0.09164702150816742,1.0,-0.0,0,0
236,0.0,0.09108910891089109,0.12750384183766536,1.0,-0.0,0,0
237,0.0,0.08712871287128712,0.11745095149573798,1.0,-0.0,0,0
238,0.0,0.09900990099009901,0.12145573247679728,1.0,-0.0,0,0
239,0.0,0.08514851485148514,0.11378818137472192,1.0,-0.0,0,0
240,0.0,0.16435643564356434,0.1551646576171068,1.0,-0.0,0,0
241,0.0,0.1188118811881188,0.14399729871443837,1.0,-0.0,0,0
242,0.0,0.13762376237623758,0.1609695163002105,1.0,-0.0,0,0
243,0.0,0.1188118811881188,0.14399729871443837,1.0,-0.0,0,0
244,0.0,0.1188118811881188,0.14399729871443837,1.0,-0.0,0,0
245,0.0,0.041584158415841586,0.09039772047931348,1.0,-0.0,0,0
246,0.0,0.019801980198019802,0.06603299802191315,1.0,-0.0,0,0
247,0.0,0.0019801980198019802,0.019801980198019802,1.0,-0.0,0,0
248,0.0,0.0,0.0,1.0,-0.0,0,0
249,0.0,0.0,0.0,1.0,-0.0,0,0
250,0.0,0.0,0.0,1.0,-0.0,0,0
251,0.0,0.0,0.0,1.0,-0.0,0,0
252,0.0,0.011881188118811883,0.047276579747775535,1.0,-0.0,0,0
253,0.0,0.011881188118811883,0.047276579747775535,1.0,-0.0,0,0
254,0.0,0.011881188118811883,0.047276579747775535,1.0,-0.0,0,0
255,0.2,0.019801980198019802,0.059735061897023205,0.001278047474114718,2.8934530136556162,0,0
256,0.2,0.04356435643564357,0.09991664009142864,0.05871393383087656,1.231258820937131,0,0
257,0.2,0.031683168316831684,0.09220155823225992,0.03396044515156099,1.469026625683695,0,0
258,0.2,0.041584158415841586,0.1027033859793263,0.061480952844597744,1.2112594103339027,0,0
259,0.2,0.041584158415841586,0.1027033859793263,0.061480952844597744,1.2112594103339027,0,0
260,0.0,0.039603960396039604,0.09342674148186496,1.0,-0.0,0,0
261,0.0,0.023762376237623763,0.06471340450838887,1.0,-0.0,0,0
262,0.0,0.023762376237623763,0.06471340450838887,1.0,-0.0,0,0
263,0.0,0.05148514851485149,0.10399339410297728,1.0,-0.0,0,0
264,0.0,0.05346534653465348,0.10489443673781405,1.0,-0.0,0,0
265,0.0,0.047524752475247525,0.09397077637785882,1.0,-0.0,0,0
266,0.0,0.039603960396039604,0.08908690597387718,1.0,-0.0,0,0
267,0.0,0.039603960396039604,0.08908690597387718,1.0,-0.0,0,0
268,0.0,0.009900990099009901,0.04338396495090424,1.0,-0.0,0,0
269,0.0,0.02772277227722772,0.06910862719451544,1.0,-0.0,0,0
270,0.0,0.02772277227722772,0.06910862719451544,1.0,-0.0,0,0
271,0.0,0.041584158415841586,0.08590499787518362,1.0,-0.0,0,0
272,0.0,0.041584158415841586,0.08590499787518362,1.0,-0.0,0,0
273,0.0,0.05544554455445545,0.10575073206193021,1.0,-0.0,0,0
274,0.0,0.03564356435643565,0.08154954567118416,1.0,-0.0,0,0
275,0.0,0.03564356435643565,0.08154954567118416,1.0,-0.0,0,0
276,0.0,0.027722772277227727,0.06910862719451544,1.0,-0.0,0,0
277,0.0,0.0297029702970297,0.07112192077650681,1.0,-0.0,0,0
278,0.0,0.007920792079207921,0.03900537743285587,1.0,-0.0,0,0
279,0.0,0.007920792079207921,0.03900537743285587,1.0,-0.0,0,0
280,0.0,0.007920792079207921,0.03900537743285587,1.0,-0.0,0,0
281,0.0,0.0019801980198019802,0.0198019801980198,1.0,-0.0,0,0
282,0.0,0.0,0.0,1.0,-0.0,0,0
283,0.0,0.0,0.0,1.0,-0.0,0,0
284,0.0,0.0,0.0,1.0,-0.0,0,0
285,0.0,0.0,0.0,1.0,-0.0,0,0
286,0.0,0.0,0.0,1.0,-0.0,0,0
287,0.0,0.017821782178217824,0.056980176514606566,1.0,-0.0,0,0
288,0.0,0.017821782178217824,0.056980176514606566,1.0,-0.0,0,0
289,0.0,0.017821782178217824,0.056980176514606566,1.0,-0.0,0,0
290,0.0,0.03564356435643565,0.08154954567118416,1.0,-0.0,0,0
291,0.0,0.05346534653465347,0.09287951999650357,1.0,-0.0,0,0
292,0.0,0.03564356435643565,0.07653920035678292,1.0,-0.0,0,0
293,0.0,0.03564356435643565,0.07653920035678292,1.0,-0.0,0,0
294,0.0,0.03564356435643565,0.07653920035678292,1.0,-0.0,0,0
295,0.0,0.017821782178217824,0.05698017651460656,1.0,-0.0,0,0
296,0.0,0.0,0.0,1.0,-0.0,0,0
297,0.0,0.031683168316831684,0.0730260947112308,1.0,-0.0,0,0
298,0.0,0.031683168316831684,0.0730260947112308,1.0,-0.0,0,0
299,0.0,0.031683168316831684,0.0730260947112308,1.0,-0.0,0,0
300,0.0,0.06534653465346535,0.10571364605971598,1.0,-0.0,0,0
301,0.0,0.06534653465346535,0.10571364605971598,1.0,-0.0,0,0
302,0.0,0.033663366336633666,0.07994704648786674,1.0,-0.0,0,0
303,0.0,0.033663366336633666,0.07994704648786674,1.0,-0.0,0,0
304,0.0,0.033663366336633666,0.07994704648786674,1.0,-0.0,0,0
305,0.0,0.0,0.0,1.0,-0.0,0,0
306,0.0,0.0,0.0,1.0,-0.0,0,0
307,0.0,0.0,0.0,1.0,-0.0,0,0
308,0.0,0.0,0.0,1.0,-0.0,0,0
309,0.0,0.0,0.0,1.0,-0.0,0,0
310,0.0,0.015841584158415842,0.05401260078014202,1.0,-0.0,0,0
311,0.0,0.02772277227722772,0.07975061610139514,1.0,-0.0,0,0
312,0.0,0.02772277227722772,0.07975061610139514,1.0,-0.0,0,0
313,0.0,0.04158415841584159,0.09039772047931348,1.0,-0.0,0,0
314,0.0,0.04158415841584159,0.09039772047931348,1.0,-0.0,0,0
315,0.0,0.041584158415841586,0.09877199139279148,1.0,-0.0,0,0
316,0.0,0.0297029702970297,0.08150144802873932,1.0,-0.0,0,0
317,0.0,0.03564356435643565,0.08626938974571076,1.0,-0.0,0,0
318,0.0,0.021782178217821784,0.06230547612891991,1.0,-0.0,0,0
319,0.0,0.02772277227722773,0.06910862719451542,1.0,-0.0,0,0
320,0.0,0.019801980198019802,0.059735061897023205,1.0,-0.0,0,0
321,0.0,0.019801980198019802,0.059735061897023205,1.0,-0.0,0,0
322,0.0,0.013861386138613863,0.05079507064705211,1.0,-0.0,0,0
323,0.0,0.017821782178217824,0.05698017651460656,1.0,-0.0,0,0
324,0.0,0.025742574257425748,0.06697637435757531,1.0,-0.0,0,0
325,0.0,0.017821782178217824,0.05698017651460656,1.0,-0.0,0,0
326,0.0,0.017821782178217824,0.05698017651460656,1.0,-0.0,0,0
327,0.0,0.033663366336633666,0.08930671115865095,1.0,-0.0,0,0
328,0.0,0.03564356435643565,0.09074407316744237,1.0,-0.0,0,0
329,0.0,0.023762376237623766,0.06471340450838889,1.0,-0.0,0,0
330,0.0,0.023762376237623766,0.06471340450838889,1.0,-0.0,0,0
331,0.0,0.039603960396039604,0.08452453849668534,1.0,-0.0,0,0
332,0.0,0.023762376237623766,0.06471340450838889,1.0,-0.0,0,0
333,0.0,0.017821782178217824,0.05698017651460656,1.0,-0.0,0,0
334,0.0,0.015841584158415842,0.05401260078014202,1.0,-0.0,0,0
335,0.0,0.015841584158415842,0.05401260078014202,1.0,-0.0,0,0
336,0.0,0.0,0.0,1.0,-0.0,0,0
337,0.0,0.061386138613861385,0.10433219700847123,1.0,-0.0,0,0
338,0.0,0.07326732673267328,0.11848138852793338,1.0,-0.0,0,0
339,0.0,0.08514851485148514,0.1269490726718781,1.0,-0.0,0,0
340,0.0,0.08514851485148514,0.1269490726718781,1.0,-0.0,0,0
341,0.0,0.08514851485148514,0.1269490726718781,1.0,-0.0,0,0
342,0.0,0.023762376237623766,0.06471340450838887,1.0,-0.0,0,0
343,0.0,0.011881188118811881,0.047276579747775535,1.0,-0.0,0,0
344,0.0,0.0,0.0,1.0,-0.0,0,0
345,0.0,0.0,0.0,1.0,-0.0,0,0
346,0.0,0.015841584158415842,0.054012600780142014,1.0,-0.0,0,0
347,0.0,0.015841584158415842,0.054012600780142014,1.0,-0.0,0,0
348,0.0,0.015841584158415842,0.054012600780142014,1.0,-0.0,0,0
349,0.0,0.015841584158415842,0.054012600780142014,1.0,-0.0,0,0
350,0.0,0.015841584158415842,0.054012600780142014,1.0,-0.0,0,0
351,0.0,0.015841584158415842,0.05401260078014202,1.0,-0.0,0,0
352,0.0,0.023762376237623766,0.06471340450838889,1.0,-0.0,0,0
353,0.0,0.023762376237623766,0.06471340450838889,1.0,-0.0,0,0
354,0.0,0.023762376237623766,0.06471340450838889,1.0,-0.0,0,0
355,0.0,0.023762376237623766,0.06471340450838889,1.0,-0.0,0,0
356,0.0,0.007920792079207921,0.03900537743285587,1.0,-0.0,0,0
357,0.0,0.009900990099009901,0.04338396495090424,1.0,-0.0,0,0
358,0.0,0.009900990099009901,0.04338396495090424,1.0,-0.0,0,0
359,0.0,0.013861386138613863,0.05079507064705212,1.0,-0.0,0,0
360,0.0,0.013861386138613863,0.05079507064705212,1.0,-0.0,0,0
361,0.0,0.013861386138613863,0.05079507064705212,1.0,-0.0,0,0
362,0.0,0.0039603960396039604,0.027863855998951064,1.0,-0.0,0,0
363,0.0,0.0039603960396039604,0.027863855998951064,1.0,-0.0,0,0
364,0.0,0.0039603960396039604,0.027863855998951064,1.0,-0.0,0,0
365,0.0,0.0039603960396039604,0.027863855998951064,1.0,-0.0,0,0
366,0.0,0.0039603960396039604,0.027863855998951064,1.0,-0.0,0,0
367,0.0,0.0039603960396039604,0.027863855998951064,1.0,-0.0,0,0
368,0.0,0.0039603960396039604,0.027863855998951064,1.0,-0.0,0,0
369,0.0,0.011881188118811883,0.04727657974777555,1.0,-0.0,0,0
370,0.0,0.011881188118811883,0.04727657974777555,1.0,-0.0,0,0
371,0.0,0.021782178217821784,0.06836703565002801,1.0,-0.0,0,0
372,0.0,0.05346534653465347,0.10104832334394513,1.0,-0.0,0,0
373,0.0,0.06534653465346535,0.1129581045303102,1.0,-0.0,0,0
374,0.0,0.061386138613861385,0.11166631429601336,1.0,-0.0,0,0
375,0.0,0.06930693069306931,0.12084076279122663,1.0,-0.0,0,0
376,0.0,0.06534653465346535,0.11295810453031022,1.0,-0.0,0,0
377,0.0,0.0594059405940594,0.11096178792967841,1.0,-0.0,0,0
378,0.0,0.04752475247524753,0.10586191211583096,1.0,-0.0,0,0
379,0.0,0.039603960396039604,0.09757374253271224,1.0,-0.0,0,0
380,0.0,0.031683168316831684,0.08316831683168317,1.0,-0.0,0,0
381,0.0,0.025742574257425748,0.07264925278354115,1.0,-0.0,0,0
382,0.0,0.0,0.0,1.0,-0.0,0,0
383,0.0,0.0,0.0,1.0,-0.0,0,0
384,0.0,0.011881188118811883,0.05501958015623685,1.0,-0.0,0,0
385,0.0,0.011881188118811883,0.05501958015623685,1.0,-0.0,0,0
386,0.0,0.011881188118811883,0.05501958015623685,1.0,-0.0,0,0
387,0.0,0.011881188118811883,0.05501958015623685,1.0,-0.0,0,0
388,0.0,0.011881188118811883,0.05501958015623685,1.0,-0.0,0,0
389,0.0,0.0,0.0,1.0,-0.0,0,0
390,0.0,0.007920792079207921,0.03900537743285587,1.0,-0.0,0,0
391,0.0,0.023762376237623763,0.06471340450838887,1.0,-0.0,0,0
392,0.0,0.023762376237623763,0.06471340450838887,1.0,-0.0,0,0
393,0.0,0.023762376237623763,0.06471340450838887,1.0,-0.0,0,0
394,0.0,0.05346534653465347,0.10489443673781407,1.0,-0.0,0,0
395,0.0,0.05544554455445545,0.10943169805661859,1.0,-0.0,0,0
396,0.0,0.10297029702970298,0.14519051706790778,1.0,-0.0,0,0
397,0.2,0.14455445544554454,0.16678393417224208,0.3697787604526882,0.4320580376957839,0,0
398,0.2,0.14455445544554454,0.16678393417224208,0.3697787604526882,0.4320580376957839,0,0
399,0.2,0.11287128712871286,0.14464936528910635,0.27347250713031923,0.5630863278378737,0,0
400,0.2,0.10297029702970295,0.1367627457412436,0.23901498454778186,0.6215748710082738,0,0
401,0.2,0.07722772277227724,0.12576985749069639,0.16449106805243702,0.783857679482127,0,0
402,0.0,0.04554455445544555,0.09700949476369022,1.0,-0.0,0,0
403,0.0,0.04554455445544555,0.09700949476369022,1.0,-0.0,0,0
404,0.0,0.06534653465346536,0.11295810453031019,1.0,-0.0,0,0
405,0.0,0.06534653465346536,0.11295810453031019,1.0,-0.0,0,0
406,0.0,0.03762376237623762,0.08771182015980238,1.0,-0.0,0,0
407,0.0,0.04356435643564357,0.1111736146345996,1.0,-0.0,0,0
408,0.0,0.06336633663366337,0.13476989724493907,1.0,-0.0,0,0
409,0.0,0.05346534653465347,0.11219180573635876,1.0,-0.0,0,0
410,0.0,0.07128712871287128,0.12454800153280307,1.0,-0.0,0,0
411,0.0,0.061386138613861385,0.1080614942545921,1.0,-0.0,0,0
412,0.0,0.04752475247524753,0.08965727859541997,1.0,-0.0,0,0
413,0.0,0.027722772277227727,0.06910862719451544,1.0,-0.0,0,0
414,0.0,0.017821782178217824,0.05698017651460656,1.0,-0.0,0,0
415,0.0,0.05544554455445544,0.09384550979067553,1.0,-0.0,0,0
416,0.0,0.06732673267326733,0.102550553475042,1.0,-0.0,0,0
417,0.0,0.06732673267326733,0.102550553475042,1.0,-0.0,0,0
418,0.0,0.06732673267326733,0.102550553475042,1.0,-0.0,0,0
419,0.0,0.06732673267326733,0.102550553475042,1.0,-0.0,0,0
420,0.0,0.011881188118811881,0.047276579747775535,1.0,-0.0,0,0
421,0.0,0.0,0.0,1.0,-0.0,0,0
422,0.0,0.0,0.0,1.0,-0.0,0,0
423,0.0,0.0,0.0,1.0,-0.0,0,0
424,0.0,0.007920792079207921,0.03900537743285587,1.0,-0.0,0,0
425,0.0,0.007920792079207921,0.03900537743285587,1.0,-0.0,0,0
426,0.0,0.007920792079207921,0.03900537743285587,1.0,-0.0,0,0
427,0.0,0.007920792079207921,0.03900537743285587,1.0,-0.0,0,0
428,0.0,0.007920792079207921,0.03900537743285587,1.0,-0.0,0,0
429,0.0,0.0,0.0,1.0,-0.0,0,0
430,0.0,0.0,0.0,1.0,-0.0,0,0
431,0.0,0.0,0.0,1.0,-0.0,0,0
432,0.0,0.013861386138613863,0.05079507064705211,1.0,-0.0,0,0
433,0.0,0.013861386138613863,0.05079507064705211,1.0,-0.0,0,0
434,0.0,0.013861386138613863,0.05079507064705211,1.0,-0.0,0,0
435,0.0,0.013861386138613863,0.05079507064705211,1.0,-0.0,0,0
436,0.0,0.013861386138613863,0.05079507064705211,1.0,-0.0,0,0
437,0.0,0.0,0.0,1.0,-0.0,0,0
438,0.0,0.0,0.0,1.0,-0.0,0,0
439,0.0,0.0,0.0,1.0,-0.0,0,0
440,0.0,0.0,0.0,1.0,-0.0,0,0
441,0.0,0.0,0.0,1.0,-0.0,0,0
442,0.0,0.0,0.0,1.0,-0.0,0,0
443,0.0,0.0,0.0,1.0,-0.0,0,0
444,0.0,0.0,0.0,1.0,-0.0,0,0
445,0.0,0.0,0.0,1.0,-0.0,0,0
446,0.0,0.0,0.0,1.0,-0.0,0,0
447,0.0,0.0,0.0,1.0,-0.0,0,0
448,0.0,0.0019801980198019802,0.0198019801980198,1.0,-0.0,0,0
449,0.0,0.0019801980198019802,0.0198019801980198,1.0,-0.0,0,0
450,0.0,0.0019801980198019802,0.0198019801980198,1.0,-0.0,0,0
451,0.0,0.0019801980198019802,0.0198019801980198,1.0,-0.0,0,0
452,0.0,0.0019801980198019802,0.0198019801980198,1.0,-0.0,0,0
453,0.0,0.0,0.0,1.0,-0.0,0,0
454,0.0,0.0,0.0,1.0,-0.0,0,0
455,0.0,0.0,0.0,1.0,-0.0,0,0
456,0.0,0.0,0.0,1.0,-0.0,0,0
457,0.0,0.039603960396039604,0.07970143286137867,1.0,-0.0,0,0
458,0.0,0.05544554455445546,0.09384550979067553,1.0,-0.0,0,0
459,0.0,0.05544554455445546,0.09384550979067553,1.0,-0.0,0,0
460,0.0,0.05940594059405942,0.0996808946427978,1.0,-0.0,0,0
461,0.0,0.05940594059405942,0.0996808946427978,1.0,-0.0,0,0
462,0.4,0.031683168316831684,0.07826167463512675,1.2617472219627355e-06,5.899027642796046,0,0
463,0.4,0.12079207920792079,0.14645435316515326,0.02829591495260535,1.5482762585251435,0,0
464,0.4,0.12079207920792079,0.14645435316515326,0.02829591495260535,1.5482762585251435,0,0
465,0.4,0.11683168316831682,0.14424216912058863,0.024814654441067042,1.6052917682354544,0,0
466,0.4,0.11683168316831682,0.14424216912058863,0.024814654441067042,1.6052917682354544,0,0
467,0.0,0.10495049504950495,0.1307830473343237,1.0,-0.0,0,0
468,0.0,0.0039603960396039604,0.027863855998951068,1.0,-0.0,0,0
469,0.0,0.0039603960396039604,0.027863855998951068,1.0,-0.0,0,0
470,0.0,0.0039603960396039604,0.027863855998951068,1.0,-0.0,0,0
471,0.0,0.0039603960396039604,0.027863855998951068,1.0,-0.0,0,0
472,0.0,0.04554455445544555,0.08846854615322249,1.0,-0.0,0,0
473,0.0,0.041584158415841586,0.08116396646304633,1.0,-0.0,0,0
474,0.0,0.061386138613861385,0.09644194583672018,1.0,-0.0,0,0
475,0.0,0.08118811881188118,0.11320083903331847,1.0,-0.0,0,0
476,0.2,0.08514851485148514,0.1172170185104851,0.16358768676286217,0.786249388758791,0,0
477,0.2,0.05544554455445545,0.10575073206193021,0.0858227237563678,1.0663977063776964,0,0
478,0.2,0.05544554455445545,0.10575073206193021,0.0858227237563678,1.0663977063776964,0,0
479,0.2,0.03564356435643565,0.08154954567118415,0.0219304263845019,1.6589529244266186,0,0
480,0.2,0.015841584158415842,0.05401260078014202,0.00032535620257014524,3.4876409094885674,0,0
481,0.0,0.011881188118811883,0.047276579747775535,1.0,-0.0,0,0
482,0.0,0.0,0.0,1.0,-0.0,0,0
483,0.0,0.0,0.0,1.0,-0.0,0,0
484,0.0,0.0,0.0,1.0,-0.0,0,0
485,0.0,0.0,0.0,1.0,-0.0,0,0
486,0.0,0.0,0.0,1.0,-0.0,0,0
487,0.0,0.0,0.0,1.0,-0.0,0,0
488,0.0,0.0,0.0,1.0,-0.0,0,0
489,0.0,0.0,0.0,1.0,-0.0,0,0
490,0.0,0.0,0.0,1.0,-0.0,0,0
491,0.0,0.0,0.0,1.0,-0.0,0,0
492,0.0,0.0,0.0,1.0,-0.0,0,0
493,0.0,0.0,0.0,1.0,-0.0,0,0
494,0.0,0.0,0.0,1.0,-0.0,0,0
495,0.0,0.0,0.0,1.0,-0.0,0,0
496,0.0,0.0,0.0,1.0,-0.0,0,0
497,0.0,0.0,0.0,1.0,-0.0,0,0
498,0.0,0.0,0.0,1.0,-0.0,0,0
499,0.0,0.0,0.0,1.0,-0.0,0,0
500,0.0,0.0,0.0,1.0,-0.0,0,0
501,0.0,0.0,0.0,1.0,-0.0,0,0
502,0.0,0.0,0.0,1.0,-0.0,0,0
503,0.0,0.0,0.0,1.0,-0.0,0,0
504,0.0,0.0,0.0,1.0,-0.0,0,0
505,0.0,0.0,0.0,1.0,-0.0,0,0
506,0.0,0.0,0.0,1.0,-0.0,0,0
507,0.0,0.0,0.0,1.0,-0.0,0,0
508,0.0,0.0,0.0,1.0,-0.0,0,0
509,0.0,0.0,0.0,1.0,-0.0,0,0
510,0.0,0.0,0.0,1.0,-0.0,0,0
511,0.0,0.0,0.0,1.0,-0.0,0,0
512,0.0,0.0,0.0,1.0,-0.0,0,0
513,0.0,0.0,0.0,1.0,-0.0,0,0
514,0.0,0.0,0.0,1.0,-0.0,0,0
515,0.0,0.0,0.0,1.0,-0.0,0,0
516,0.0,0.0,0.0,1.0,-0.0,0,0
517,0.0,0.0,0.0,1.0,-0.0,0,0
518,0.0,0.0,0.0,1.0,-0.0,0,0
519,0.0,0.0,0.0,1.0,-0.0,0,0
520,0.0,0.0,0.0,1.0,-0.0,0,0
521,0.0,0.0,0.0,1.0,-0.0,0,0
522,0.0,0.0,0.0,1.0,-0.0,0,0
523,0.0,0.0,0.0,1.0,-0.0,0,0
524,0.0,0.0,0.0,1.0,-0.0,0,0
525,0.0,0.0,0.0,1.0,-0.0,0,0
526,0.0,0.0,0.0,1.0,-0.0,0,0
527,0.0,0.0,0.0,1.0,-0.0,0,0
528,0.0,0.007920792079207921,0.03900537743285587,1.0,-0.0,0,0
529,0.0,0.007920792079207921,0.03900537743285587,1.0,-0.0,0,0
530,0.0,0.007920792079207921,0.03900537743285587,1.0,-0.0,0,0
531,0.0,0.007920792079207921,0.03900537743285587,1.0,-0.0,0,0
532,0.0,0.007920792079207921,0.03900537743285587,1.0,-0.0,0,0
533,0.0,0.0,0.0,1.0,-0.0,0,0
534,0.0,0.011881188118811881,0.047276579747775535,1.0,-0.0,0,0
535,0.0,0.011881188118811881,0.047276579747775535,1.0,-0.0,0,0
536,0.0,0.011881188118811881,0.047276579747775535,1.0,-0.0,0,0
537,0.0,0.011881188118811881,0.047276579747775535,1.0,-0.0,0,0
538,0.0,0.015841584158415842,0.05401260078014202,1.0,-0.0,0,0
539,0.0,0.0039603960396039604,0.027863855998951064,1.0,-0.0,0,0
540,0.0,0.0039603960396039604,0.027863855998951064,1.0,-0.0,0,0
541,0.0,0.015841584158415842,0.06090517425437506,1.0,-0.0,0,0
542,0.0,0.015841584158415842,0.06090517425437506,1.0,-0.0,0,0
543,0.0,0.019801980198019802,0.06603299802191315,1.0,-0.0,0,0
544,0.0,0.019801980198019802,0.06603299802191315,1.0,-0.0,0,0
545,0.0,0.021782178217821784,0.06836703565002801,1.0,-0.0,0,0
546,0.0,0.009900990099009901,0.04338396495090425,1.0,-0.0,0,0
547,0.0,0.009900990099009901,0.04338396495090425,1.0,-0.0,0,0
