,foreground,bg_means,bg_stdev,pvals,minus_logs,regs,active
2,0.0,0.0,0.0,1.0,-0.0,0,0
3,0.0,0.0,0.0,1.0,-0.0,0,0
4,0.0,0.0,0.0,1.0,-0.0,0,0
5,0.0,0.0,0.0,1.0,-0.0,0,0
6,0.0,0.0,0.0,1.0,-0.0,0,0
7,0.0,0.0,0.0,1.0,-0.0,0,0
8,0.0,0.0,0.0,1.0,-0.0,0,0
9,0.0,0.0,0.0,1.0,-0.0,0,0
10,0.0,0.0,0.0,1.0,-0.0,0,0
11,0.0,0.0,0.0,1.0,-0.0,0,0
12,0.0,0.0,0.0,1.0,-0.0,0,0
13,0.0,0.0,0.0,1.0,-0.0,0,0
14,0.0,0.0,0.0,1.0,-0.0,0,0
15,0.0,0.0,0.0,1.0,-0.0,0,0
16,0.0,0.0,0.0,1.0,-0.0,0,0
17,0.0,0.0,0.0,1.0,-0.0,0,0
18,0.0,0.05346534653465347,0.08851285797476045,1.0,-0.0,0,0
19,0.0,0.05346534653465347,0.08851285797476045,1.0,-0.0,0,0
20,0.0,0.05346534653465347,0.08851285797476045,1.0,-0.0,0,0
21,0.0,0.05346534653465347,0.08851285797476045,1.0,-0.0,0,0
22,0.2,0.19207920792079206,0.18222126052003706,0.48266424001242414,0.3163548763223388,0,0
23,0.2,0.13861386138613857,0.15348770198080078,0.3445997140219068,0.4626850873022659,0,0
24,0.2,0.13861386138613857,0.15348770198080078,0.3445997140219068,0.4626850873022659,0,0
25,0.2,0.13861386138613857,0.15348770198080078,0.3445997140219068,0.4626850873022659,0,0
26,0.2,0.13861386138613857,0.15348770198080078,0.3445997140219068,0.4626850873022659,0,0
27,0.0,0.0,0.0,1.0,-0.0,0,0
28,0.0,0.0,0.0,1.0,-0.0,0,0
29,0.0,0.0,0.0,1.0,-0.0,0,0
30,0.0,0.0,0.0,1.0,-0.0,0,0
31,0.0,0.0,0.0,1.0,-0.0,0,0
32,0.0,0.04752475247524753,0.08512548617902843,1.0,-0.0,0,0
33,0.0,0.04752475247524753,0.08512548617902843,1.0,-0.0,0,0
34,0.0,0.04752475247524753,0.08512548617902843,1.0,-0.0,0,0
35,0.8,0.2138613861386138,0.1740773146600864,0.00037979284025196273,3.4204532267195207,0,0
36,0.8,0.2138613861386138,0.1740773146600864,0.00037979284025196273,3.4204532267195207,0,0
37,0.8,0.16633663366336632,0.15174054701519224,1.48362065144967e-05,4.828677130083106,1,0
38,0.8,0.16633663366336632,0.15174054701519224,1.48362065144967e-05,4.828677130083106,0,0
39,0.8,0.16633663366336632,0.15174054701519224,1.48362065144967e-05,4.828677130083106,0,0
40,0.0,0.0,0.0,1.0,-0.0,0,0
41,0.0,0.0,0.0,1.0,-0.0,0,0
42,0.0,0.057425742574257435,0.09885135821266286,1.0,-0.0,0,0
43,0.0,0.057425742574257435,0.09885135821266286,1.0,-0.0,0,0
44,0.0,0.057425742574257435,0.09885135821266286,1.0,-0.0,1,0
45,0.0,0.057425742574257435,0.09885135821266286,1.0,-0.0,0,0
46,0.2,0.20396039603960398,0.15150779614565205,1.0,-0.0,0,0
47,0.2,0.1465346534653465,0.14041265664345218,0.35168585300370747,0.45384510136175493,0,0
48,0.2,0.1465346534653465,0.14041265664345218,0.35168585300370747,0.45384510136175493,0,0
49,0.2,0.1465346534653465,0.14041265664345218,0.35168585300370747,0.45384510136175493,0,0
50,0.2,0.1465346534653465,0.14041265664345218,0.35168585300370747,0.45384510136175493,0,0
51,0.0,0.0,0.0,1.0,-0.0,0,0
52,0.0,0.0,0.0,1.0,-0.0,0,0
53,0.0,0.0,0.0,1.0,-0.0,0,0
54,0.0,0.0,0.0,1.0,-0.0,0,0
55,0.0,0.0,0.0,1.0,-0.0,0,0
56,0.0,0.0,0.0,1.0,-0.0,0,0
57,0.0,0.0,0.0,1.0,-0.0,0,0
58,0.0,0.16435643564356436,0.17887666995067272,1.0,-0.0,0,0
59,0.0,0.16435643564356436,0.17887666995067272,1.0,-0.0,0,0
60,0.0,0.16435643564356436,0.17887666995067272,1.0,-0.0,0,0
61,0.0,0.16435643564356436,0.17887666995067272,1.0,-0.0,0,0
62,0.0,0.16435643564356436,0.17887666995067272,1.0,-0.0,0,0
63,0.0,0.0,0.0,1.0,-0.0,0,0
64,0.0,0.0,0.0,1.0,-0.0,0,0
65,0.0,0.0,0.0,1.0,-0.0,0,0
66,0.0,0.0,0.0,1.0,-0.0,1,0
67,0.0,0.0,0.0,1.0,-0.0,0,0
68,0.0,0.025742574257425745,0.06697637435757531,1.0,-0.0,1,0
69,0.0,0.025742574257425745,0.06697637435757531,1.0,-0.0,0,0
70,0.0,0.025742574257425745,0.06697637435757531,1.0,-0.0,0,0
71,0.0,0.025742574257425745,0.06697637435757531,1.0,-0.0,0,0
72,0.0,0.025742574257425745,0.06697637435757531,1.0,-0.0,0,0
73,0.0,0.0,0.0,1.0,-0.0,0,0
74,0.0,0.0,0.0,1.0,-0.0,0,0
75,0.0,0.0,0.0,1.0,-0.0,0,0
76,0.0,0.0,0.0,1.0,-0.0,0,0
77,0.0,0.0,0.0,1.0,-0.0,0,0
78,0.0,0.0,0.0,1.0,-0.0,0,0
79,0.0,0.0,0.0,1.0,-0.0,0,0
80,0.0,0.0,0.0,1.0,-0.0,0,0
81,0.0,0.0,0.0,1.0,-0.0,0,0
82,0.0,0.0,0.0,1.0,-0.0,0,0
83,0.0,0.0,0.0,1.0,-0.0,0,0
84,0.0,0.0,0.0,1.0,-0.0,0,0
85,0.0,0.0,0.0,1.0,-0.0,0,0
86,0.0,0.0,0.0,1.0,-0.0,0,0
87,0.0,0.0,0.0,1.0,-0.0,0,0
88,0.0,0.0,0.0,1.0,-0.0,0,0
89,0.0,0.0,0.0,1.0,-0.0,0,0
90,0.0,0.0,0.0,1.0,-0.0,0,0
91,0.0,0.0,0.0,1.0,-0.0,0,0
92,0.0,0.0,0.0,1.0,-0.0,0,0
93,0.0,0.0,0.0,1.0,-0.0,0,0
94,0.0,0.0,0.0,1.0,-0.0,0,0
95,0.0,0.0,0.0,1.0,-0.0,0,0
96,0.0,0.0,0.0,1.0,-0.0,0,0
97,0.0,0.0,0.0,1.0,-0.0,0,0
98,0.0,0.0,0.0,1.0,-0.0,0,0
99,0.0,0.0,0.0,1.0,-0.0,0,0
100,0.0,0.0,0.0,1.0,-0.0,0,0
101,0.0,0.0,0.0,1.0,-0.0,0,0
102,0.0,0.0,0.0,1.0,-0.0,0,0
103,0.0,0.0,0.0,1.0,-0.0,0,0
104,0.0,0.0,0.0,1.0,-0.0,0,0
105,0.0,0.0,0.0,1.0,-0.0,0,0
106,0.0,0.0,0.0,1.0,-0.0,0,0
107,0.0,0.0,0.0,1.0,-0.0,0,0
108,0.2,0.0297029702970297,0.07112192077650681,0.008322928729312118,2.079723824290396,0,0
109,0.4,0.06138613861386138,0.10433219700847123,0.0005861494943187688,3.231991605351054,0,0
110,0.4,0.06138613861386138,0.10433219700847123,0.0005861494943187688,3.231991605351054,0,0
111,0.4,0.06138613861386138,0.10433219700847123,0.0005861494943187688,3.231991605351054,0,0
112,0.6,0.08910891089108913,0.12097048989545556,1.203913253966909e-05,4.9194048043412435,0,0
113,0.4,0.0594059405940594,0.09562531855564069,0.00018419128125608732,3.734730931098923,0,0
114,0.2,0.02772277227722772,0.06910862719451544,0.0063361735559086295,2.1981729353735644,0,0
115,0.2,0.02772277227722772,0.06910862719451544,0.0063361735559086295,2.1981729353735644,0,0
116,0.2,0.02772277227722772,0.06910862719451544,0.0063361735559086295,2.1981729353735644,0,0
117,0.0,0.0,0.0,1.0,-0.0,0,0
118,0.0,0.0,0.0,1.0,-0.0,0,0
119,0.0,0.13168316831683166,0.1521663323044604,1.0,-0.0,0,0
120,0.0,0.13168316831683166,0.1521663323044604,1.0,-0.0,0,0
121,0.0,0.26732673267326734,0.2015331881329414,1.0,-0.0,1,0
122,0.0,0.26732673267326734,0.2015331881329414,1.0,-0.0,0,0
123,0.0,0.26732673267326734,0.2015331881329414,1.0,-0.0,1,0
124,0.0,0.13663366336633662,0.14873910461951623,1.0,-0.0,0,0
125,0.0,0.13663366336633662,0.14873910461951623,1.0,-0.0,0,0
126,0.0,0.0,0.0,1.0,-0.0,0,0
127,0.0,0.051485148514851496,0.096075322540263,1.0,-0.0,0,0
128,0.0,0.051485148514851496,0.096075322540263,1.0,-0.0,0,0
129,0.0,0.051485148514851496,0.096075322540263,1.0,-0.0,0,0
130,0.0,0.10297029702970295,0.13084299831035082,1.0,-0.0,0,0
131,0.0,0.10297029702970295,0.13084299831035082,1.0,-0.0,0,0
132,0.0,0.09900990099009899,0.12467387119760154,1.0,-0.0,1,0
133,0.0,0.15643564356435644,0.13081302625674254,1.0,-0.0,0,0
134,0.0,0.15643564356435644,0.13081302625674254,1.0,-0.0,0,0
135,0.0,0.10297029702970295,0.12142344330103676,1.0,-0.0,0,0
136,0.0,0.1485148514851485,0.14529850556708232,1.0,-0.0,0,0
137,0.0,0.09900990099009899,0.1308729634998678,1.0,-0.0,0,0
138,0.0,0.07722772277227724,0.11930590361498669,1.0,-0.0,0,0
139,0.0,0.07722772277227724,0.11930590361498669,1.0,-0.0,0,0
140,0.0,0.07722772277227724,0.11930590361498669,1.0,-0.0,0,0
141,0.0,0.033663366336633666,0.07482947971362847,1.0,-0.0,0,0
142,0.0,0.033663366336633666,0.07482947971362847,1.0,-0.0,0,0
143,0.0,0.0,0.0,1.0,-0.0,0,0
144,0.0,0.0,0.0,1.0,-0.0,0,0
145,0.0,0.0,0.0,1.0,-0.0,0,0
146,0.0,0.0,0.0,1.0,-0.0,0,0
147,0.0,0.16831683168316827,0.1585395556534503,1.0,-0.0,0,0
148,0.0,0.16831683168316827,0.1585395556534503,1.0,-0.0,0,0
149,0.0,0.2059405940594059,0.16520121674941948,1.0,-0.0,0,0
150,0.0,0.2059405940594059,0.16520121674941948,1.0,-0.0,0,0
151,0.0,0.2059405940594059,0.16520121674941948,1.0,-0.0,0,0
152,0.0,0.03762376237623763,0.08307396817189318,1.0,-0.0,0,0
153,0.0,0.03762376237623763,0.08307396817189318,1.0,-0.0,0,0
154,0.0,0.0,0.0,1.0,-0.0,0,0
155,0.0,0.0,0.0,1.0,-0.0,0,0
156,0.0,0.0,0.0,1.0,-0.0,0,0
157,0.0,0.0,0.0,1.0,-0.0,0,0
158,0.0,0.0,0.0,1.0,-0.0,0,0
159,0.0,0.0,0.0,1.0,-0.0,0,0
160,0.0,0.0,0.0,1.0,-0.0,0,0
161,0.0,0.0,0.0,1.0,-0.0,0,0
162,0.0,0.1504950495049505,0.1650824950547828,1.0,-0.0,0,0
163,0.0,0.1504950495049505,0.1650824950547828,1.0,-0.0,0,0
164,0.0,0.1504950495049505,0.1650824950547828,1.0,-0.0,0,0
165,0.0,0.1504950495049505,0.1650824950547828,1.0,-0.0,0,0
