,foreground,bg_means,bg_stdev,pvals,minus_logs,regs,active
2,0.0,0.1900990099009901,0.18958263199843847,1.0,-0.0,0,0
3,0.0,0.0,0.0,1.0,-0.0,0,0
4,0.0,0.5148514851485148,0.29963216347529087,1.0,-0.0,0,0
5,0.0,0.5148514851485148,0.29963216347529087,1.0,-0.0,0,0
6,0.0,0.5148514851485148,0.29963216347529087,1.0,-0.0,0,0
7,0.0,0.9108910891089109,0.34523660708431697,1.0,-0.0,0,0
8,0.0,0.9108910891089109,0.34523660708431697,1.0,-0.0,0,0
9,0.0,0.3940594059405942,0.254006229820778,1.0,-0.0,0,0
10,0.6,0.8099009900990097,0.36843392155646465,1.0,-0.0,0,0
11,1.0,1.2099009900990099,0.36843392155646465,1.0,-0.0,0,0
12,1.0,0.8158415841584158,0.2432179779650576,0.2244727057563637,0.6488364584915439,0,0
13,1.0,0.8158415841584158,0.2432179779650576,0.2244727057563637,0.6488364584915439,0,0
14,1.0,0.8158415841584158,0.2432179779650576,0.2244727057563637,0.6488364584915439,0,0
15,1.6,0.6633663366336632,0.20668183434679493,2.924634250238941e-06,5.533928438311679,0,0
16,1.2,0.2633663366336634,0.20668183434679493,2.9246342502389673e-06,5.533928438311675,0,0
17,1.6,0.32574257425742575,0.22978830780797876,1.4668033192940687e-08,7.8336281159261425,0,0
18,3.0,0.6574257425742575,0.3334032537848867,1.0608090102079573e-12,11.974362800150672,0,0
19,3.0,0.6574257425742575,0.3334032537848867,1.0608090102079573e-12,11.974362800150672,0,0
20,1.8,0.394059405940594,0.31773386403108245,4.824347044572768e-06,5.316561458305361,0,0
21,2.0,0.4178217821782177,0.3210120258084664,4.1385162771242055e-07,6.38315533234593,0,0
22,2.6,0.49306930693069306,0.3115777244362411,6.798646891712329e-12,11.16757751463751,0,0
23,2.0,0.31683168316831684,0.21666660382716724,3.981946623006923e-15,14.399904565877902,0,0
24,2.0,0.31683168316831684,0.21666660382716724,3.981946623006923e-15,14.399904565877902,0,0
25,2.0,0.31683168316831684,0.21666660382716724,3.981946623006923e-15,14.399904565877902,0,0
26,1.8,0.29306930693069305,0.20597867127042918,1.2778863558234614e-13,12.893507766860962,0,0
27,0.8,0.1564356435643564,0.15821769786485684,2.3751169978427235e-05,4.62431499224291,0,0
28,0.0,0.0,0.0,1.0,-0.0,0,0
29,0.4,0.08514851485148514,0.1269490726718781,0.0065665385713382495,2.1826635003809463,0,0
30,0.8,0.34851485148514855,0.23823354104001201,0.029037140783944843,1.5370461497794146,0,0
31,1.6,0.6475247524752474,0.3161006417645314,0.0012925317544022572,2.8885587785301343,0,0
32,1.6,0.7346534653465346,0.3366802530369446,0.005081513805794283,2.2940068901635984,0,0
33,2.2,1.2495049504950495,0.41877325852387065,0.011612505373131793,1.9350740720492428,0,0
34,2.0,1.4752475247524752,0.4385859231653744,0.11575767735784838,0.9364501957866481,0,0
35,1.6,1.2999999999999998,0.40735806615237896,0.23072758241152963,0.6369004844859023,0,0
36,0.8,1.0,0.35038875157134075,1.0,-0.0,0,0
37,0.8,0.9128712871287128,0.3417089741826474,1.0,-0.0,0,0
38,0.2,1.007920792079208,0.4173663699861456,1.0,-0.0,0,0
39,0.0,0.992079207920792,0.40776696128573764,1.0,-0.0,0,0
40,0.0,1.0594059405940595,0.4005387999454473,1.0,-0.0,0,0
41,0.0,1.0594059405940595,0.4005387999454473,1.0,-0.0,0,0
42,0.0,1.0594059405940595,0.4005387999454473,1.0,-0.0,0,0
43,0.0,0.6831683168316832,0.318744227493665,1.0,-0.0,0,0
44,0.0,0.5584158415841585,0.28468058415805064,1.0,-0.0,0,0
45,0.0,0.403960396039604,0.2469299784819787,1.0,-0.0,0,0
46,0.0,0.403960396039604,0.2469299784819787,1.0,-0.0,0,0
47,0.0,0.403960396039604,0.2469299784819787,1.0,-0.0,0,0
48,0.0,0.17029702970297028,0.1626175458823589,1.0,-0.0,0,0
49,0.0,0.0,0.0,1.0,-0.0,0,0
50,0.0,0.0,0.0,1.0,-0.0,0,0
51,0.0,0.0,0.0,1.0,-0.0,0,0
52,0.0,0.03564356435643565,0.07653920035678292,1.0,-0.0,0,0
53,0.2,0.0594059405940594,0.09562531855564069,0.07074570539322597,1.1502999187808283,0,0
54,0.2,0.0594059405940594,0.09562531855564069,0.07074570539322597,1.1502999187808283,0,0
55,0.2,0.07722772277227724,0.1124710639300034,0.13750669912875174,0.8616761431153293,0,0
56,0.2,0.23564356435643566,0.20947088382745171,1.0,-0.0,0,0
57,0.4,0.2792079207920792,0.2199535647138513,0.29144411424195904,0.5354447108988329,0,0
58,0.4,0.6118811881188119,0.3015757720371059,1.0,-0.0,0,0
59,1.0,0.887128712871287,0.3139222853745476,0.3595912094854797,0.44419093350892014,0,0
60,1.0,0.893069306930693,0.32158562161302007,0.3697517920985903,0.4320897124043825,0,0
61,1.0,0.8178217821782177,0.34134156976305857,0.29677027511066834,0.5275796007039912,0,0
62,1.0,0.8079207920792079,0.3399718009030655,0.2860417433592226,0.543570583697232,0,0
63,0.8,0.46138613861386146,0.27681723499457217,0.11061956708401995,0.956168045499733,0,0
64,0.2,0.1861386138613861,0.1623037751861083,0.4659701200360708,0.3316419312059342,0,0
65,0.2,0.23960396039603957,0.18459439503241848,1.0,-0.0,0,0
66,0.2,0.16237623762376235,0.16818865241652334,0.4114954635871043,0.3856349481794096,0,0
67,0.0,0.09108910891089109,0.13057300215314485,1.0,-0.0,0,0
68,0.0,0.08118811881188118,0.12325042629382527,1.0,-0.0,0,0
69,0.0,0.08910891089108913,0.13342479626077636,1.0,-0.0,0,0
70,0.0,0.011881188118811881,0.04727657974777554,1.0,-0.0,0,0
71,0.0,0.007920792079207921,0.03900537743285587,1.0,-0.0,0,0
72,0.0,0.007920792079207921,0.03900537743285587,1.0,-0.0,0,0
73,0.0,0.011881188118811881,0.047276579747775535,1.0,-0.0,0,0
74,0.0,0.0039603960396039604,0.027863855998951068,1.0,-0.0,0,0
75,0.0,0.0039603960396039604,0.027863855998951068,1.0,-0.0,0,0
76,0.0,0.0039603960396039604,0.027863855998951068,1.0,-0.0,0,0
77,0.0,0.0039603960396039604,0.027863855998951068,1.0,-0.0,0,0
78,0.0,0.0,0.0,1.0,-0.0,0,0
79,0.0,0.0,0.0,1.0,-0.0,0,0
80,0.0,0.0,0.0,1.0,-0.0,0,0
81,0.0,0.0,0.0,1.0,-0.0,0,0
82,0.0,0.0,0.0,1.0,-0.0,0,0
83,0.0,0.0,0.0,1.0,-0.0,0,0
84,0.0,0.0019801980198019802,0.0198019801980198,1.0,-0.0,0,0
85,0.0,0.011881188118811881,0.047276579747775535,1.0,-0.0,0,0
86,0.0,0.011881188118811881,0.047276579747775535,1.0,-0.0,0,0
87,0.0,0.019801980198019802,0.0597350618970232,1.0,-0.0,0,0
88,0.0,0.019801980198019802,0.0597350618970232,1.0,-0.0,0,0
89,0.0,0.017821782178217824,0.05698017651460656,1.0,-0.0,0,0
90,0.0,0.007920792079207921,0.03900537743285587,1.0,-0.0,0,0
91,0.0,0.007920792079207921,0.03900537743285587,1.0,-0.0,0,0
92,0.0,0.0,0.0,1.0,-0.0,0,0
93,0.0,0.0,0.0,1.0,-0.0,0,0
94,0.0,0.02772277227722772,0.06910862719451544,1.0,-0.0,0,0
95,0.2,0.1089108910891089,0.13057300215314482,0.24271037887342678,0.6149116518053508,0,0
96,0.2,0.11485148514851484,0.130031327995105,0.25628835809898753,0.5912711211985167,0,0
97,0.2,0.22376237623762374,0.17185563527720502,1.0,-0.0,0,0
98,0.4,0.6178217821782179,0.25188243352329265,1.0,-0.0,0,0
99,0.6,0.6950495049504951,0.2973068014407394,1.0,-0.0,0,0
100,0.6,0.7346534653465345,0.3032613628063418,1.0,-0.0,0,0
101,1.0,1.3306930693069308,0.40826669944137933,1.0,-0.0,0,0
102,1.0,1.300990099009901,0.4246128229421728,1.0,-0.0,0,0
103,0.8,1.0435643564356436,0.38548306882831923,1.0,-0.0,0,0
104,0.6,1.348514851485149,0.4393095080223502,1.0,-0.0,0,0
105,0.6,1.6059405940594058,0.4713204081768617,1.0,-0.0,0,0
106,0.2,1.1801980198019804,0.4014872849743548,1.0,-0.0,0,0
107,0.2,1.2099009900990099,0.41968987855014517,1.0,-0.0,0,0
108,0.4,1.6712871287128712,0.5147981693643292,1.0,-0.0,0,0
109,0.4,1.2633663366336634,0.46410198014626985,1.0,-0.0,0,0
110,0.2,0.8841584158415842,0.42699332739176893,1.0,-0.0,0,0
111,0.2,0.7148514851485147,0.3684019916453891,1.0,-0.0,0,0
112,0.2,0.6039603960396039,0.33887431359093056,1.0,-0.0,0,0
113,0.0,0.011881188118811883,0.047276579747775535,1.0,-0.0,0,0
114,0.0,0.019801980198019802,0.059735061897023205,1.0,-0.0,0,0
115,0.2,0.019801980198019802,0.059735061897023205,0.001278047474114718,2.8934530136556162,0,0
116,0.2,0.013861386138613863,0.05079507064705211,0.00012391038159364294,3.90689230556944,0,0
117,0.2,0.013861386138613863,0.05079507064705211,0.00012391038159364294,3.90689230556944,0,0
118,0.2,0.007920792079207921,0.03900537743285587,4.2303541670263104e-07,6.3736232717865695,0,0
119,0.2,0.0,0.0,0.5,0.3010299956639812,0,0
120,0.0,0.0,0.0,1.0,-0.0,0,0
121,0.0,0.0,0.0,1.0,-0.0,0,0
122,0.0,0.0,0.0,1.0,-0.0,0,0
123,0.0,0.0,0.0,1.0,-0.0,0,0
124,0.0,0.0,0.0,1.0,-0.0,0,0
125,0.0,0.0,0.0,1.0,-0.0,0,0
126,0.0,0.0,0.0,1.0,-0.0,0,0
127,0.0,0.0,0.0,1.0,-0.0,0,0
128,0.0,0.0,0.0,1.0,-0.0,0,0
129,0.0,0.0,0.0,1.0,-0.0,0,0
130,0.0,0.0,0.0,1.0,-0.0,0,0
131,0.0,0.0,0.0,1.0,-0.0,0,0
132,0.0,0.0,0.0,1.0,-0.0,0,0
133,0.0,0.0,0.0,1.0,-0.0,0,0
134,0.0,0.0059405940594059415,0.03395332316729158,1.0,-0.0,0,0
135,0.0,0.0059405940594059415,0.03395332316729158,1.0,-0.0,0,0
136,0.0,0.0059405940594059415,0.03395332316729158,1.0,-0.0,0,0
137,0.0,0.0059405940594059415,0.03395332316729158,1.0,-0.0,0,0
138,0.0,0.009900990099009901,0.04338396495090424,1.0,-0.0,0,0
139,0.0,0.0039603960396039604,0.027863855998951064,1.0,-0.0,0,0
140,0.0,0.0039603960396039604,0.027863855998951064,1.0,-0.0,0,0
141,0.0,0.0039603960396039604,0.027863855998951064,1.0,-0.0,0,0
142,0.0,0.0039603960396039604,0.027863855998951064,1.0,-0.0,0,0
143,0.0,0.0,0.0,1.0,-0.0,0,0
144,0.0,0.0,0.0,1.0,-0.0,0,0
145,0.0,0.0,0.0,1.0,-0.0,0,0
146,0.0,0.0,0.0,1.0,-0.0,0,0
147,0.0,0.0,0.0,1.0,-0.0,0,0
148,0.0,0.0,0.0,1.0,-0.0,0,0
149,0.0,0.0,0.0,1.0,-0.0,0,0
150,0.0,0.0,0.0,1.0,-0.0,0,0
151,0.0,0.0,0.0,1.0,-0.0,0,0
152,0.0,0.0,0.0,1.0,-0.0,0,0
153,0.0,0.0,0.0,1.0,-0.0,0,0
154,0.0,0.0,0.0,1.0,-0.0,0,0
155,0.0,0.0,0.0,1.0,-0.0,0,0
156,0.0,0.0,0.0,1.0,-0.0,0,0
157,0.0,0.0,0.0,1.0,-0.0,0,0
158,0.0,0.0,0.0,1.0,-0.0,0,0
159,0.0,0.0,0.0,1.0,-0.0,0,0
160,0.0,0.0,0.0,1.0,-0.0,0,0
161,0.0,0.0,0.0,1.0,-0.0,0,0
162,0.0,0.0,0.0,1.0,-0.0,0,0
163,0.0,0.0,0.0,1.0,-0.0,0,0
164,0.0,0.0,0.0,1.0,-0.0,0,0
165,0.0,0.0,0.0,1.0,-0.0,0,0
166,0.0,0.0,0.0,1.0,-0.0,0,0
167,0.0,0.0,0.0,1.0,-0.0,0,0
168,0.0,0.0059405940594059415,0.03395332316729157,1.0,-0.0,0,0
169,0.0,0.011881188118811881,0.047276579747775535,1.0,-0.0,0,0
170,0.0,0.01386138613861386,0.05079507064705212,1.0,-0.0,0,0
171,0.0,0.01386138613861386,0.05079507064705212,1.0,-0.0,0,0
172,0.0,0.01386138613861386,0.05079507064705212,1.0,-0.0,0,0
173,0.0,0.007920792079207921,0.03900537743285587,1.0,-0.0,0,0
174,0.0,0.0059405940594059415,0.03395332316729158,1.0,-0.0,0,0
175,0.0,0.0039603960396039604,0.027863855998951064,1.0,-0.0,0,0
176,0.0,0.0039603960396039604,0.027863855998951064,1.0,-0.0,0,0
177,0.0,0.0039603960396039604,0.027863855998951064,1.0,-0.0,0,0
178,0.0,0.0039603960396039604,0.027863855998951064,1.0,-0.0,0,0
179,0.0,0.0,0.0,1.0,-0.0,0,0
180,0.0,0.297029702970297,0.22970297029702966,1.0,-0.0,0,0
181,0.0,0.297029702970297,0.22970297029702966,1.0,-0.0,0,0
182,0.2,0.8534653465346534,0.3700586938824019,1.0,-0.0,0,0
183,0.2,0.9346534653465344,0.37979557908687134,1.0,-0.0,0,0
184,0.2,0.9782178217821782,0.37957870350907674,1.0,-0.0,0,0
185,0.2,0.6831683168316832,0.3461440514333758,1.0,-0.0,0,0
186,0.2,0.6970297029702971,0.3465403111277899,1.0,-0.0,0,0
187,0.0,0.26138613861386134,0.206321049942671,1.0,-0.0,0,0
188,0.0,0.18217821782178212,0.1544046628880628,1.0,-0.0,0,0
189,0.0,0.13861386138613857,0.1371349678667785,1.0,-0.0,0,0
190,0.0,0.13663366336633662,0.14331490790275034,1.0,-0.0,0,0
191,0.0,0.12277227722772274,0.13488622864100122,1.0,-0.0,0,0
192,0.0,0.0019801980198019802,0.0198019801980198,1.0,-0.0,0,0
193,0.0,0.0019801980198019802,0.0198019801980198,1.0,-0.0,0,0
194,0.0,0.0059405940594059415,0.033953323167291584,1.0,-0.0,0,0
195,0.0,0.0059405940594059415,0.033953323167291584,1.0,-0.0,0,0
196,0.0,0.0059405940594059415,0.033953323167291584,1.0,-0.0,0,0
197,0.0,0.0059405940594059415,0.033953323167291584,1.0,-0.0,0,0
198,0.0,0.007920792079207921,0.03900537743285587,1.0,-0.0,0,0
199,0.0,0.0039603960396039604,0.02786385599895106,1.0,-0.0,0,0
200,0.0,0.0019801980198019802,0.019801980198019802,1.0,-0.0,0,0
201,0.0,0.0019801980198019802,0.019801980198019802,1.0,-0.0,0,0
202,0.0,0.0019801980198019802,0.019801980198019802,1.0,-0.0,0,0
203,0.0,0.0,0.0,1.0,-0.0,0,0
204,0.0,0.0,0.0,1.0,-0.0,0,0
205,0.0,0.0,0.0,1.0,-0.0,0,0
206,0.0,0.0,0.0,1.0,-0.0,0,0
207,0.0,0.0,0.0,1.0,-0.0,0,0
208,0.0,0.0,0.0,1.0,-0.0,0,0
209,0.0,0.0,0.0,1.0,-0.0,0,0
210,0.0,0.0019801980198019802,0.019801980198019802,1.0,-0.0,0,0
211,0.0,0.011881188118811883,0.047276579747775535,1.0,-0.0,0,0
212,0.0,0.017821782178217824,0.05698017651460656,1.0,-0.0,0,0
213,0.0,0.017821782178217824,0.05698017651460656,1.0,-0.0,0,0
214,0.0,0.017821782178217824,0.05698017651460656,1.0,-0.0,0,0
215,0.0,0.015841584158415842,0.05401260078014202,1.0,-0.0,0,0
216,0.0,0.0059405940594059415,0.03395332316729158,1.0,-0.0,0,0
217,0.0,0.007920792079207921,0.03900537743285587,1.0,-0.0,0,0
218,0.0,0.007920792079207921,0.03900537743285587,1.0,-0.0,0,0
219,0.0,0.007920792079207921,0.03900537743285587,1.0,-0.0,0,0
220,0.0,0.011881188118811883,0.047276579747775535,1.0,-0.0,0,0
221,0.0,0.011881188118811883,0.047276579747775535,1.0,-0.0,0,0
222,0.0,0.0039603960396039604,0.02786385599895107,1.0,-0.0,0,0
223,0.0,0.0039603960396039604,0.02786385599895107,1.0,-0.0,0,0
224,0.0,0.011881188118811883,0.04727657974777554,1.0,-0.0,0,0
225,0.0,0.007920792079207921,0.03900537743285587,1.0,-0.0,0,0
226,0.0,0.009900990099009901,0.04338396495090424,1.0,-0.0,0,0
227,0.0,0.015841584158415842,0.05401260078014202,1.0,-0.0,0,0
228,0.0,0.0297029702970297,0.07112192077650681,1.0,-0.0,0,0
229,0.0,0.025742574257425748,0.06697637435757531,1.0,-0.0,0,0
230,0.0,0.025742574257425748,0.06697637435757531,1.0,-0.0,0,0
231,0.0,0.023762376237623766,0.06471340450838887,1.0,-0.0,0,0
232,0.0,0.017821782178217824,0.056980176514606566,1.0,-0.0,0,0
233,0.0,0.0039603960396039604,0.027863855998951064,1.0,-0.0,0,0
234,0.0,0.0,0.0,1.0,-0.0,0,0
235,0.0,0.0059405940594059415,0.03395332316729158,1.0,-0.0,0,0
236,0.0,0.0059405940594059415,0.03395332316729158,1.0,-0.0,0,0
237,0.0,0.011881188118811881,0.04727657974777554,1.0,-0.0,0,0
238,0.0,0.011881188118811881,0.04727657974777554,1.0,-0.0,0,0
239,0.0,0.011881188118811881,0.04727657974777554,1.0,-0.0,0,0
240,0.0,0.0059405940594059415,0.033953323167291584,1.0,-0.0,0,0
241,0.0,0.0059405940594059415,0.033953323167291584,1.0,-0.0,0,0
242,0.0,0.0,0.0,1.0,-0.0,0,0
243,0.0,0.0019801980198019802,0.019801980198019802,1.0,-0.0,0,0
244,0.0,0.0019801980198019802,0.019801980198019802,1.0,-0.0,0,0
245,0.0,0.033663366336633666,0.07482947971362845,1.0,-0.0,0,0
246,0.0,0.033663366336633666,0.07482947971362845,1.0,-0.0,0,0
247,0.0,0.0712871287128713,0.10372911567294095,1.0,-0.0,0,0
248,0.2,0.09306930693069305,0.11795067415315191,0.18231677881311903,0.7391733609082306,0,0
249,0.2,0.09306930693069305,0.11795067415315191,0.18231677881311903,0.7391733609082306,0,0
250,0.2,0.061386138613861385,0.10046456153636296,0.08383506191077846,1.0765743106091494,0,0
251,0.2,0.061386138613861385,0.10046456153636296,0.08383506191077846,1.0765743106091494,0,0
252,0.2,0.023762376237623766,0.07056843438101174,0.006255383356131752,2.2037460697673743,0,0
253,0.0,0.007920792079207921,0.03900537743285587,1.0,-0.0,0,0
254,0.0,0.007920792079207921,0.03900537743285587,1.0,-0.0,0,0
255,0.0,0.009900990099009901,0.04338396495090425,1.0,-0.0,0,0
256,0.0,0.009900990099009901,0.04338396495090425,1.0,-0.0,0,0
257,0.0,0.009900990099009901,0.04338396495090425,1.0,-0.0,0,0
258,0.0,0.0019801980198019802,0.0198019801980198,1.0,-0.0,0,0
259,0.0,0.0019801980198019802,0.0198019801980198,1.0,-0.0,0,0
260,0.0,0.0,0.0,1.0,-0.0,0,0
261,0.0,0.0059405940594059415,0.03395332316729157,1.0,-0.0,0,0
262,0.0,0.0059405940594059415,0.03395332316729157,1.0,-0.0,0,0
263,0.0,0.0059405940594059415,0.03395332316729157,1.0,-0.0,0,0
264,0.0,0.0059405940594059415,0.03395332316729157,1.0,-0.0,0,0
265,0.0,0.009900990099009901,0.04338396495090425,1.0,-0.0,0,0
266,0.0,0.0039603960396039604,0.027863855998951068,1.0,-0.0,0,0
267,0.0,0.009900990099009901,0.04338396495090424,1.0,-0.0,0,0
268,0.0,0.009900990099009901,0.04338396495090424,1.0,-0.0,0,0
269,0.0,0.009900990099009901,0.04338396495090424,1.0,-0.0,0,0
270,0.0,0.0059405940594059415,0.033953323167291584,1.0,-0.0,0,0
271,0.0,0.0059405940594059415,0.033953323167291584,1.0,-0.0,0,0
272,0.0,0.0019801980198019802,0.0198019801980198,1.0,-0.0,0,0
273,0.0,0.0019801980198019802,0.0198019801980198,1.0,-0.0,0,0
274,0.0,0.007920792079207921,0.03900537743285587,1.0,-0.0,0,0
275,0.0,0.007920792079207921,0.03900537743285587,1.0,-0.0,0,0
276,0.0,0.007920792079207921,0.03900537743285587,1.0,-0.0,0,0
277,0.0,0.0059405940594059415,0.033953323167291584,1.0,-0.0,0,0
278,0.0,0.0059405940594059415,0.033953323167291584,1.0,-0.0,0,0
279,0.0,0.0,0.0,1.0,-0.0,0,0
280,0.0,0.0,0.0,1.0,-0.0,0,0
281,0.0,0.0,0.0,1.0,-0.0,0,0
282,0.0,0.0,0.0,1.0,-0.0,0,0
283,0.0,0.0,0.0,1.0,-0.0,0,0
284,0.0,0.0019801980198019802,0.019801980198019802,1.0,-0.0,0,0
285,0.0,0.0019801980198019802,0.019801980198019802,1.0,-0.0,0,0
286,0.0,0.0019801980198019802,0.019801980198019802,1.0,-0.0,0,0
287,0.0,0.0019801980198019802,0.019801980198019802,1.0,-0.0,0,0
288,0.0,0.0019801980198019802,0.019801980198019802,1.0,-0.0,0,0
289,0.0,0.0,0.0,1.0,-0.0,0,0
290,0.0,0.0,0.0,1.0,-0.0,0,0
291,0.0,0.0039603960396039604,0.027863855998951068,1.0,-0.0,0,0
292,0.0,0.0039603960396039604,0.027863855998951068,1.0,-0.0,0,0
293,0.0,0.0039603960396039604,0.027863855998951068,1.0,-0.0,0,0
294,0.0,0.0039603960396039604,0.027863855998951068,1.0,-0.0,0,0
295,0.0,0.0039603960396039604,0.027863855998951068,1.0,-0.0,0,0
296,0.0,0.0,0.0,1.0,-0.0,0,0
297,0.0,0.0,0.0,1.0,-0.0,0,0
298,0.0,0.0,0.0,1.0,-0.0,0,0
299,0.0,0.0,0.0,1.0,-0.0,0,0
300,0.0,0.0,0.0,1.0,-0.0,0,0
301,0.0,0.0,0.0,1.0,-0.0,0,0
302,0.0,0.0,0.0,1.0,-0.0,0,0
303,0.0,0.0,0.0,1.0,-0.0,0,0
304,0.0,0.0,0.0,1.0,-0.0,0,0
305,0.0,0.011881188118811883,0.04727657974777554,1.0,-0.0,0,0
306,0.0,0.013861386138613863,0.05079507064705211,1.0,-0.0,0,0
307,0.0,0.017821782178217824,0.05698017651460656,1.0,-0.0,0,0
308,0.0,0.023762376237623766,0.06471340450838887,1.0,-0.0,0,0
309,0.0,0.023762376237623766,0.06471340450838887,1.0,-0.0,0,0
310,0.0,0.015841584158415842,0.05401260078014202,1.0,-0.0,0,0
311,0.0,0.01386138613861386,0.05079507064705211,1.0,-0.0,0,0
312,0.0,0.009900990099009901,0.04338396495090425,1.0,-0.0,0,0
313,0.0,0.0039603960396039604,0.027863855998951064,1.0,-0.0,0,0
