,foreground,bg_means,bg_stdev,pvals,minus_logs,regs,active
2,0.0,0.07524752475247526,0.12219602867755656,1.0,-0.0,0,0
3,0.0,0.10891089108910891,0.14765427233510695,1.0,-0.0,0,0
4,0.0,0.06336633663366338,0.11580349716604711,1.0,-0.0,0,0
5,0.0,0.033663366336633666,0.08475617647141662,1.0,-0.0,0,0
6,0.0,0.033663366336633666,0.08475617647141662,1.0,-0.0,0,0
7,0.0,0.033663366336633666,0.08475617647141662,1.0,-0.0,0,0
8,0.0,0.0,0.0,1.0,-0.0,0,0
9,0.0,0.0,0.0,1.0,-0.0,0,0
10,0.0,0.0,0.0,1.0,-0.0,0,0
11,0.0,0.06336633663366337,0.10874875419996817,1.0,-0.0,0,0
12,0.0,0.06336633663366337,0.10874875419996817,1.0,-0.0,0,0
13,0.0,0.06336633663366337,0.10874875419996817,1.0,-0.0,0,0
14,0.0,0.06336633663366337,0.10874875419996817,1.0,-0.0,0,0
15,0.0,0.11683168316831684,0.149632756335149,1.0,-0.0,0,0
16,0.0,0.05346534653465347,0.09287951999650358,1.0,-0.0,0,0
17,0.0,0.05346534653465347,0.09287951999650358,1.0,-0.0,0,0
18,0.0,0.05346534653465347,0.09287951999650358,1.0,-0.0,0,0
19,0.0,0.05346534653465347,0.09287951999650358,1.0,-0.0,0,0
20,0.0,0.0,0.0,1.0,-0.0,0,0
21,0.0,0.11881188118811879,0.1520245363775781,1.0,-0.0,0,0
22,0.0,0.11881188118811879,0.1520245363775781,1.0,-0.0,0,0
23,0.0,0.11881188118811879,0.1520245363775781,1.0,-0.0,0,0
24,0.0,0.11881188118811879,0.1520245363775781,1.0,-0.0,0,0
25,0.0,0.11881188118811879,0.1520245363775781,1.0,-0.0,0,0
26,0.0,0.0,0.0,1.0,-0.0,0,0
27,0.0,0.0,0.0,1.0,-0.0,0,0
28,0.0,0.0,0.0,1.0,-0.0,0,0
29,0.0,0.0,0.0,1.0,-0.0,0,0
30,0.0,0.0,0.0,1.0,-0.0,0,0
31,0.0,0.0,0.0,1.0,-0.0,0,0
32,0.0,0.0,0.0,1.0,-0.0,0,0
33,0.0,0.019801980198019802,0.0597350618970232,1.0,-0.0,0,0
34,0.0,0.04752475247524753,0.08512548617902843,1.0,-0.0,0,0
35,0.0,0.04752475247524753,0.08512548617902843,1.0,-0.0,0,0
36,0.0,0.06930693069306931,0.10316052497133552,1.0,-0.0,0,0
37,0.0,0.10891089108910891,0.1335716590419014,1.0,-0.0,0,0
38,0.0,0.08910891089108909,0.11423528793549273,1.0,-0.0,0,0
39,0.0,0.09504950495049502,0.12457948087149173,1.0,-0.0,0,0
40,0.0,0.09504950495049502,0.12457948087149173,1.0,-0.0,0,0
41,0.0,0.11683168316831682,0.16232793292609266,1.0,-0.0,0,0
42,0.0,0.07722772277227724,0.1257698574906964,1.0,-0.0,0,0
43,0.0,0.07722772277227724,0.1257698574906964,1.0,-0.0,0,0
44,0.0,0.08118811881188118,0.11999411807954947,1.0,-0.0,0,0
45,0.0,0.08118811881188118,0.11999411807954947,1.0,-0.0,0,0
46,0.0,0.07722772277227724,0.1124710639300034,1.0,-0.0,0,0
47,0.0,0.09702970297029703,0.13084299831035082,1.0,-0.0,0,0
48,0.0,0.09702970297029703,0.13084299831035082,1.0,-0.0,0,0
49,0.0,0.0594059405940594,0.09968089464279778,1.0,-0.0,0,0
50,0.0,0.0594059405940594,0.09968089464279778,1.0,-0.0,0,0
51,0.2,0.08514851485148514,0.1172170185104851,0.16358768676286217,0.786249388758791,0,0
52,0.2,0.06534653465346535,0.10189845806153354,0.09317609402087902,1.03069549930456,0,0
53,0.2,0.10099009900990098,0.12467387119760155,0.21355371500123171,0.6704928691423239,0,0
54,0.2,0.10099009900990098,0.12467387119760155,0.21355371500123171,0.6704928691423239,0,0
55,0.2,0.10099009900990098,0.12467387119760155,0.21355371500123171,0.6704928691423239,0,0
56,0.0,0.03564356435643565,0.08626938974571076,1.0,-0.0,0,0
57,0.0,0.09504950495049506,0.13670539084430267,1.0,-0.0,0,0
58,0.0,0.0594059405940594,0.11447531431916541,1.0,-0.0,0,0
59,0.0,0.07326732673267328,0.12177815335858848,1.0,-0.0,0,0
60,0.0,0.07326732673267328,0.12177815335858848,1.0,-0.0,0,0
61,0.0,0.07326732673267328,0.12177815335858848,1.0,-0.0,0,0
62,0.0,0.013861386138613863,0.05807080514303042,1.0,-0.0,0,0
63,0.0,0.013861386138613863,0.05807080514303042,1.0,-0.0,0,0
64,0.0,0.013861386138613863,0.05079507064705211,1.0,-0.0,0,0
65,0.2,0.09306930693069305,0.11454380090280848,0.17527180067261705,0.7562879515468922,0,0
66,0.2,0.09306930693069305,0.11454380090280848,0.17527180067261705,0.7562879515468922,0,0
67,0.2,0.15049504950495046,0.16021258301915867,0.3786625146087016,0.42174768538449225,0,0
68,0.4,0.19405940594059404,0.1767818940250744,0.12202130322678097,0.9135643409140527,0,0
69,0.4,0.19405940594059404,0.19387746573147424,0.14406782643429217,0.8414329960226063,0,0
70,0.2,0.1287128712871287,0.1725387794914215,0.33974255914885343,0.46885004616568393,0,0
71,0.2,0.1287128712871287,0.1725387794914215,0.33974255914885343,0.46885004616568393,0,0
72,0.4,0.10297029702970295,0.14519051706790778,0.020388384252801175,1.6906171900088425,0,0
73,0.4,0.12871287128712872,0.16550949460567813,0.050595892874666176,1.2958847356159928,0,0
74,0.4,0.11485148514851484,0.16006566636008887,0.03741972096093736,1.4268994553602468,0,0
75,0.4,0.09900990099009901,0.13965661530697393,0.015572488104013002,1.8076419922158047,0,0
76,0.4,0.09900990099009901,0.13965661530697393,0.015572488104013002,1.8076419922158047,0,0
77,0.2,0.06930693069306931,0.11751770396006173,0.13304459555834885,0.8760027623516582,0,0
78,0.2,0.025742574257425745,0.0669763743575753,0.0046371400013480064,2.3337497919853587,0,0
79,0.2,0.025742574257425745,0.0669763743575753,0.0046371400013480064,2.3337497919853587,0,0
80,0.2,0.025742574257425745,0.0669763743575753,0.0046371400013480064,2.3337497919853587,0,0
81,0.2,0.025742574257425745,0.0669763743575753,0.0046371400013480064,2.3337497919853587,0,0
82,0.2,0.025742574257425745,0.0669763743575753,0.0046371400013480064,2.3337497919853587,0,0
83,0.0,0.019801980198019802,0.059735061897023205,1.0,-0.0,0,0
84,0.0,0.019801980198019802,0.059735061897023205,1.0,-0.0,0,0
85,0.0,0.041584158415841586,0.08116396646304633,1.0,-0.0,0,0
86,0.0,0.041584158415841586,0.08116396646304633,1.0,-0.0,0,0
87,0.0,0.041584158415841586,0.08116396646304633,1.0,-0.0,0,0
88,0.0,0.021782178217821784,0.06230547612891991,1.0,-0.0,0,0
89,0.0,0.021782178217821784,0.06230547612891991,1.0,-0.0,0,0
90,0.2,0.09702970297029703,0.1396285351588451,0.23042168355485154,0.6374766545668977,0,0
91,0.2,0.11485148514851483,0.15246238855382302,0.2882553734963719,0.5402225880815855,0,0
92,0.2,0.1306930693069307,0.1627380658321137,0.33509754778184475,0.4748287502868114,0,0
93,0.2,0.17425742574257425,0.17272049494935865,0.440760323020294,0.3557975073252958,0,0
94,0.4,0.2158415841584158,0.20427736592964435,0.18365818341552165,0.7359897156550697,0,0
95,0.2,0.14653465346534655,0.17775517507089314,0.38179081916151825,0.4181745191991121,0,0
96,0.2,0.12871287128712872,0.1702279390125739,0.33769045275463827,0.4714812176429128,0,0
97,0.2,0.16039603960396043,0.18025241263723207,0.41304698963676867,0.3840005387089576,0,0
98,0.2,0.11683168316831682,0.1442421691205886,0.282108873235665,0.5495832536649766,0,0
99,0.0,0.07524752475247526,0.11553229422427584,1.0,-0.0,0,0
100,0.0,0.04554455445544554,0.08387254884969257,1.0,-0.0,0,0
101,0.0,0.04554455445544554,0.08387254884969257,1.0,-0.0,0,0
102,0.6,0.17227722772277226,0.18674852677785872,0.011000008481364116,1.9586069799864827,0,0
103,0.6,0.17227722772277226,0.18674852677785872,0.011000008481364116,1.9586069799864827,0,0
104,0.6,0.17227722772277226,0.18674852677785872,0.011000008481364116,1.9586069799864827,0,0
105,0.6,0.17227722772277226,0.18674852677785872,0.011000008481364116,1.9586069799864827,0,0
106,0.6,0.2158415841584159,0.1963693596248423,0.025214601057028444,1.5983478988156459,0,0
107,0.0,0.04356435643564357,0.08721867542790195,1.0,-0.0,0,0
108,0.0,0.04356435643564357,0.08721867542790195,1.0,-0.0,0,0
109,0.0,0.04356435643564357,0.08721867542790195,1.0,-0.0,0,0
110,0.0,0.04356435643564357,0.08721867542790195,1.0,-0.0,0,0
111,0.0,0.2099009900990099,0.20561665306784294,1.0,-0.0,0,0
112,0.0,0.2099009900990099,0.20561665306784294,1.0,-0.0,0,0
113,0.0,0.2099009900990099,0.20561665306784294,1.0,-0.0,0,0
114,0.0,0.2099009900990099,0.20561665306784294,1.0,-0.0,0,0
115,0.0,0.22574257425742575,0.2042389715366862,1.0,-0.0,0,0
116,0.0,0.049504950495049514,0.09078727434730813,1.0,-0.0,0,0
117,0.0,0.049504950495049514,0.09078727434730813,1.0,-0.0,0,0
118,0.4,0.2891089108910891,0.2259856256267264,0.31181941306382455,0.5060968502631336,0,0
119,0.4,0.2891089108910891,0.2259856256267264,0.31181941306382455,0.5060968502631336,0,0
120,0.4,0.27326732673267323,0.22466304322665875,0.2863426595152232,0.5431139456845598,0,0
121,0.4,0.2396039603960396,0.20102667569442348,0.21246880137463392,0.6727048321340352,0,0
122,0.4,0.2396039603960396,0.20102667569442348,0.21246880137463392,0.6727048321340352,0,0
123,0.0,0.0,0.0,1.0,-0.0,0,0
124,0.0,0.009900990099009901,0.04338396495090425,1.0,-0.0,0,0
125,0.0,0.009900990099009901,0.04338396495090425,1.0,-0.0,0,0
126,0.0,0.03564356435643565,0.08154954567118415,1.0,-0.0,0,0
127,0.0,0.04554455445544554,0.08846854615322249,1.0,-0.0,0,0
128,0.0,0.08910891089108909,0.12420120222231065,1.0,-0.0,0,0
129,0.0,0.07920792079207921,0.11966689053257921,1.0,-0.0,0,0
130,0.0,0.07920792079207921,0.11966689053257921,1.0,-0.0,0,0
131,0.0,0.0712871287128713,0.12454800153280307,1.0,-0.0,0,0
132,0.0,0.061386138613861385,0.11166631429601334,1.0,-0.0,0,0
133,0.0,0.01782178217821782,0.0635517090529949,1.0,-0.0,0,0
134,0.0,0.01782178217821782,0.0635517090529949,1.0,-0.0,0,0
135,0.0,0.01782178217821782,0.0635517090529949,1.0,-0.0,0,0
136,0.0,0.0,0.0,1.0,-0.0,0,0
137,0.0,0.039603960396039604,0.08908690597387718,1.0,-0.0,0,0
138,0.0,0.15445544554455445,0.166218722942046,1.0,-0.0,0,0
139,0.0,0.15445544554455445,0.166218722942046,1.0,-0.0,0,0
140,0.0,0.2198019801980198,0.1813152180952015,1.0,-0.0,0,0
141,0.0,0.2198019801980198,0.1813152180952015,1.0,-0.0,0,0
142,0.4,0.2514851485148515,0.19630944524980165,0.22466442305999795,0.6484656952356532,0,0
143,0.4,0.1386138613861386,0.14554118673277588,0.03625044550105118,1.4406866517837649,0,0
144,0.4,0.1386138613861386,0.14554118673277588,0.03625044550105118,1.4406866517837649,0,0
145,0.8,0.19603960396039602,0.1823503276549915,0.00046301147972855976,3.3344082411181994,0,0
146,1.8,0.47326732673267324,0.30012904455900824,4.9227107083462745e-06,5.307795685547672,0,0
147,1.4,0.401980198019802,0.2835350391393677,0.00021584093825826144,3.665866179794577,0,0
148,1.4,0.401980198019802,0.2835350391393677,0.00021584093825826144,3.665866179794577,0,0
149,1.4,0.401980198019802,0.2835350391393677,0.00021584093825826144,3.665866179794577,0,0
150,1.0,0.43564356435643564,0.27343946364847316,0.019512779756730613,1.7096808573602285,0,0
151,0.0,0.22574257425742575,0.20808103207694087,1.0,-0.0,0,0
152,0.2,0.34653465346534645,0.2451769845430692,1.0,-0.0,0,0
153,0.2,0.41188118811881197,0.2530163101668933,1.0,-0.0,0,0
154,0.2,0.41188118811881197,0.2530163101668933,1.0,-0.0,0,0
155,0.2,0.2534653465346535,0.1947653355395929,1.0,-0.0,0,0
156,0.2,0.18613861386138614,0.15984503818305398,0.4654479731411799,0.3321288565525856,0,0
157,0.0,0.06534653465346535,0.10189845806153354,1.0,-0.0,0,0
158,0.0,0.0,0.0,1.0,-0.0,0,0
159,0.0,0.0,0.0,1.0,-0.0,0,0
160,0.4,0.0613861386138614,0.11515834731523734,0.0016388402660386626,2.7854633740430548,0,0
161,1.0,0.24554455445544554,0.2084951990212257,0.00014811501734458317,3.8294009062374363,0,0
162,1.0,0.24554455445544554,0.2084951990212257,0.00014811501734458317,3.8294009062374363,0,0
163,1.0,0.31386138613861386,0.22735225992527133,0.0012724385473771905,2.895363182806086,0,0
164,1.0,0.3217821782178218,0.23361301689456884,0.001847042403224855,2.7335231341887885,0,0
165,0.6,0.2594059405940594,0.20785477499798227,0.050646679418295745,1.2954490233063631,0,0
166,0.0,0.07524752475247526,0.12539516989297084,1.0,-0.0,0,0
167,0.0,0.07524752475247526,0.12539516989297084,1.0,-0.0,0,0
168,0.6,0.09900990099009897,0.14521752172118105,0.00028036729334336566,3.5522726510084404,0,0
169,0.6,0.09108910891089106,0.14218869759220787,0.00017237434857465318,3.7635273620689906,0,0
170,0.6,0.14455445544554452,0.17146731208545954,0.0039517417723399315,2.403211442250375,0,0
171,0.6,0.1584158415841584,0.17870121461668878,0.006735372444397525,2.1716383841912648,0,0
172,0.8,0.20198019801980197,0.20776042849273665,0.001998423277078912,2.699312520399057,0,0
173,0.2,0.1801980198019802,0.19600959866383083,0.45976508354080486,0.3374640139309217,0,0
174,0.2,0.1801980198019802,0.19600959866383083,0.45976508354080486,0.3374640139309217,0,0
175,0.2,0.2376237623762376,0.23998823615909892,1.0,-0.0,0,0
176,0.2,0.25742574257425743,0.25845946295460964,1.0,-0.0,0,0
177,0.0,0.2396039603960396,0.22164069037042727,1.0,-0.0,0,0
178,0.0,0.17029702970297025,0.1853786889262329,1.0,-0.0,0,0
179,0.0,0.2099009900990099,0.20943344153850713,1.0,-0.0,0,0
180,0.0,0.09900990099009901,0.14791959918402456,1.0,-0.0,0,0
181,0.0,0.10891089108910891,0.15549283508436104,1.0,-0.0,0,0
182,0.0,0.10099009900990098,0.15057319492752774,1.0,-0.0,0,0
183,0.0,0.10495049504950493,0.15049504950495052,1.0,-0.0,0,0
184,0.0,0.06534653465346535,0.11295810453031022,1.0,-0.0,0,0
185,0.0,0.06732673267326733,0.1135467024699521,1.0,-0.0,0,0
186,0.0,0.023762376237623766,0.07056843438101174,1.0,-0.0,0,0
187,0.0,0.0059405940594059415,0.03395332316729158,1.0,-0.0,0,0
188,0.0,0.023762376237623766,0.06471340450838887,1.0,-0.0,0,0
189,0.0,0.07722772277227723,0.122580495370631,1.0,-0.0,0,0
190,0.2,0.12079207920792079,0.1517663861889879,0.3008675846233133,0.521624600487126,0,0
191,0.2,0.2079207920792079,0.1886288032334235,1.0,-0.0,0,0
192,0.2,0.26534653465346536,0.23226633891066023,1.0,-0.0,0,0
193,0.2,0.35841584158415846,0.2568920591339364,1.0,-0.0,0,0
194,0.2,0.4752475247524752,0.25771499362555084,1.0,-0.0,0,0
195,0.0,0.5227722772277227,0.26990324196557386,1.0,-0.0,0,0
196,0.6,0.6059405940594058,0.286260209183923,1.0,-0.0,0,0
197,0.6,0.5485148514851484,0.2795377589706344,0.42693628705252745,0.36963693117184115,0,0
198,0.6,0.4792079207920792,0.2565254630725531,0.3188640936574699,0.4963943826209045,0,0
199,0.8,0.4574257425742574,0.2733534087403944,0.10506129700955676,0.9785572420193321,0,0
200,1.4,0.5643564356435644,0.3189041130961964,0.0043918500751300845,2.357352493843723,0,0
201,0.8,0.405940594059406,0.2944441926911585,0.09039670656806993,1.0438473919291602,0,0
202,0.8,0.405940594059406,0.2944441926911585,0.09039670656806993,1.0438473919291602,0,0
203,0.8,0.3603960396039604,0.2786385599895107,0.05731896239780438,1.2417016799108866,0,0
204,0.6,0.23168316831683167,0.2024262207946621,0.03441671683864829,1.463230561285203,0,0
205,0.0,0.07722772277227723,0.11593886073904514,1.0,-0.0,0,0
206,0.0,0.06732673267326733,0.11000352009767247,1.0,-0.0,0,0
207,0.0,0.06732673267326733,0.11000352009767247,1.0,-0.0,0,0
208,0.0,0.06732673267326733,0.11000352009767247,1.0,-0.0,0,0
209,0.0,0.0712871287128713,0.12454800153280307,1.0,-0.0,0,0
210,0.0,0.025742574257425745,0.0669763743575753,1.0,-0.0,0,0
211,0.0,0.025742574257425745,0.0669763743575753,1.0,-0.0,0,0
212,0.0,0.03762376237623763,0.09211646217515253,1.0,-0.0,0,0
213,0.0,0.03762376237623763,0.09211646217515253,1.0,-0.0,0,0
214,0.0,0.011881188118811883,0.047276579747775535,1.0,-0.0,0,0
215,0.0,0.011881188118811883,0.047276579747775535,1.0,-0.0,0,0
216,0.2,0.07920792079207921,0.11631029826208643,0.1495109975624142,0.8253268608177716,0,0
217,0.2,0.0712871287128713,0.11461224656227946,0.1307125990009052,0.8836825500410105,0,0
218,0.2,0.1188118811881188,0.1467218499235066,0.2900128572797209,0.5375827478877419,0,0
219,0.2,0.1188118811881188,0.1467218499235066,0.2900128572797209,0.5375827478877419,0,0
220,0.2,0.12277227722772276,0.1488445185977516,0.3019332727396555,0.5200890255293896,0,0
221,0.0,0.05544554455445544,0.1019369320889802,1.0,-0.0,0,0
222,0.0,0.07128712871287128,0.11461224656227945,1.0,-0.0,0,0
223,0.0,0.023762376237623766,0.07056843438101175,1.0,-0.0,0,0
224,0.0,0.023762376237623766,0.07056843438101175,1.0,-0.0,0,0
225,0.0,0.057425742574257435,0.10277971700879983,1.0,-0.0,0,0
226,0.0,0.1069306930693069,0.12448501897427097,1.0,-0.0,0,0
227,0.0,0.18217821782178212,0.166736906416007,1.0,-0.0,0,0
228,0.2,0.25544554455445545,0.21083297670029566,1.0,-0.0,0,0
229,0.2,0.25544554455445545,0.21083297670029566,1.0,-0.0,0,0
230,0.2,0.21782178217821782,0.201182661499228,1.0,-0.0,0,0
231,0.2,0.16831683168316833,0.19032577234227777,0.4338942955595557,0.3626160595349793,0,0
232,0.2,0.07326732673267326,0.12811743461086583,0.16128473592065518,0.7924067325435373,0,0
233,0.0,0.047524752475247525,0.09397077637785882,1.0,-0.0,0,0
234,0.0,0.047524752475247525,0.09397077637785882,1.0,-0.0,0,0
235,0.0,0.1277227722772277,0.14496077440151445,1.0,-0.0,0,0
236,0.0,0.19603960396039602,0.17795359951414633,1.0,-0.0,0,0
237,0.0,0.2198019801980198,0.1813152180952015,1.0,-0.0,0,0
238,0.0,0.17227722772277226,0.1689330594949795,1.0,-0.0,0,0
239,0.2,0.23960396039603957,0.1970471160025168,1.0,-0.0,0,0
240,0.2,0.1603960396039604,0.1712384753198294,0.40854880985290765,0.3887560503103597,0,0
241,0.2,0.09108910891089109,0.11781762202489916,0.17763842606826635,0.7504630834655708,0,0
242,0.2,0.06732673267326733,0.09451167971312256,0.08019271897573955,1.0958650612944518,0,0
243,0.8,0.38613861386138615,0.24737421164741005,0.047161925108609525,1.326408475693525,0,0
244,0.6,0.31683168316831684,0.24253990461944713,0.12150177621047649,0.9154173731539805,0,0
245,0.6,0.4099009900990099,0.2704982386776901,0.24109843879709636,0.6178056018332531,0,0
246,0.6,0.4356435643564357,0.2903000013355394,0.2856422906163817,0.5441774928985363,0,0
247,0.6,0.4356435643564357,0.2903000013355394,0.2856422906163817,0.5441774928985363,0,0
248,0.0,0.13663366336633664,0.16870078513860487,1.0,-0.0,0,0
249,0.0,0.13663366336633664,0.16870078513860487,1.0,-0.0,0,0
250,0.0,0.04554455445544555,0.09700949476369022,1.0,-0.0,0,0
251,0.0,0.0297029702970297,0.07648795214189293,1.0,-0.0,0,0
252,0.0,0.0297029702970297,0.07648795214189293,1.0,-0.0,0,0
253,0.0,0.033663366336633666,0.07482947971362845,1.0,-0.0,0,0
254,0.0,0.033663366336633666,0.07482947971362845,1.0,-0.0,0,0
255,0.0,0.033663366336633666,0.07482947971362845,1.0,-0.0,0,0
256,0.0,0.023762376237623763,0.06471340450838887,1.0,-0.0,0,0
257,0.0,0.06534653465346535,0.1164113937164283,1.0,-0.0,0,0
258,0.0,0.04158415841584159,0.08590499787518362,1.0,-0.0,0,0
259,0.0,0.12079207920792079,0.14913402284168503,1.0,-0.0,0,0
260,0.0,0.21188118811881188,0.2121493629977959,1.0,-0.0,0,0
261,0.0,0.2594059405940594,0.224348658031977,1.0,-0.0,0,0
262,0.0,0.24950495049504945,0.23277225617074587,1.0,-0.0,0,0
263,0.0,0.24950495049504945,0.23277225617074587,1.0,-0.0,0,0
264,0.0,0.17029702970297028,0.17662655937408128,1.0,-0.0,0,0
265,0.0,0.07920792079207921,0.1261123431927973,1.0,-0.0,0,0
266,0.0,0.031683168316831684,0.07826167463512675,1.0,-0.0,0,0
267,0.0,0.0,0.0,1.0,-0.0,0,0
268,0.0,0.019801980198019802,0.059735061897023205,1.0,-0.0,0,0
269,0.0,0.019801980198019802,0.059735061897023205,1.0,-0.0,0,0
270,0.0,0.06336633663366337,0.11580349716604711,1.0,-0.0,0,0
271,0.0,0.06336633663366337,0.11580349716604711,1.0,-0.0,0,0
272,0.0,0.06336633663366337,0.11580349716604711,1.0,-0.0,0,0
273,0.0,0.04356435643564357,0.09587103712404124,1.0,-0.0,0,0
274,0.0,0.04356435643564357,0.09587103712404124,1.0,-0.0,0,0
275,0.0,0.0,0.0,1.0,-0.0,0,0
276,0.0,0.0,0.0,1.0,-0.0,0,0
277,0.0,0.17029702970297028,0.1853786889262329,1.0,-0.0,0,0
278,0.0,0.17821782178217818,0.1885872229831149,1.0,-0.0,0,0
279,0.0,0.17821782178217818,0.1885872229831149,1.0,-0.0,0,0
280,0.0,0.17821782178217818,0.1885872229831149,1.0,-0.0,0,0
281,0.2,0.3366336633663367,0.25629607425526235,1.0,-0.0,0,0
282,0.2,0.16831683168316827,0.17740187251029735,0.42912768135453033,0.36741346991903134,0,0
283,0.2,0.3188118811881188,0.2289506286383308,1.0,-0.0,0,0
284,0.2,0.3900990099009901,0.2475643532678336,1.0,-0.0,0,0
285,0.2,0.3900990099009901,0.2475643532678336,1.0,-0.0,0,0
286,0.0,0.22970297029702966,0.18322985319016175,1.0,-0.0,0,0
287,0.0,0.22970297029702966,0.18322985319016175,1.0,-0.0,0,0
288,0.0,0.06930693069306931,0.11057238501634631,1.0,-0.0,0,0
289,0.0,0.0,0.0,1.0,-0.0,0,0
290,0.0,0.0,0.0,1.0,-0.0,0,0
291,0.0,0.03762376237623763,0.08307396817189318,1.0,-0.0,0,0
292,0.0,0.03762376237623763,0.08307396817189318,1.0,-0.0,0,0
293,0.0,0.11089108910891086,0.12420120222231065,1.0,-0.0,0,0
294,0.0,0.13861386138613857,0.15856428688449584,1.0,-0.0,0,0
295,0.0,0.16633663366336632,0.1713529319032391,1.0,-0.0,0,0
296,0.0,0.2495049504950495,0.20948960246238726,1.0,-0.0,0,0
297,0.0,0.32079207920792085,0.2565254630725531,1.0,-0.0,0,0
298,0.0,0.4217821782178218,0.27126544684622306,1.0,-0.0,0,0
299,0.0,0.4732673267326733,0.29747820923903245,1.0,-0.0,0,0
300,1.0,0.7188118811881188,0.3448956999140949,0.2074547390316414,0.6830766398334003,0,0
301,1.0,0.596039603960396,0.30178373742483305,0.09035441066733159,1.044050642419824,0,0
302,1.4,0.801980198019802,0.3884419749778765,0.061836937243625385,1.2087520289722178,0,0
303,1.4,0.6277227722772276,0.364818905809278,0.017135088594248466,1.7661136457778102,0,0
304,1.4,0.5485148514851484,0.3337793963428506,0.005370074196985783,2.270019713719646,0,0
305,0.4,0.27722772277227725,0.2420544035562106,0.3060039378626189,0.5142729846916164,0,0
306,0.4,0.27722772277227725,0.2420544035562106,0.3060039378626189,0.5142729846916164,0,0
307,0.0,0.0,0.0,1.0,-0.0,0,0
308,0.0,0.0,0.0,1.0,-0.0,0,0
309,0.0,0.0,0.0,1.0,-0.0,0,0
310,0.0,0.0,0.0,1.0,-0.0,0,0
311,0.0,0.009900990099009901,0.04338396495090425,1.0,-0.0,0,0
312,0.0,0.009900990099009901,0.04338396495090425,1.0,-0.0,0,0
313,0.0,0.009900990099009901,0.04338396495090425,1.0,-0.0,0,0
314,0.0,0.04752475247524753,0.08965727859541997,1.0,-0.0,0,0
315,0.0,0.04752475247524753,0.08965727859541997,1.0,-0.0,0,0
316,0.0,0.03762376237623763,0.07816140339006158,1.0,-0.0,0,0
317,0.0,0.0594059405940594,0.10357779667819421,1.0,-0.0,0,0
318,0.0,0.0594059405940594,0.10357779667819421,1.0,-0.0,0,0
319,0.0,0.09702970297029703,0.1531552280211446,1.0,-0.0,0,0
320,0.0,0.09702970297029703,0.1531552280211446,1.0,-0.0,0,0
321,0.0,0.19207920792079203,0.21785778280356535,1.0,-0.0,0,0
322,0.0,0.16930693069306932,0.2076471561016765,1.0,-0.0,0,0
323,0.0,0.23366336633663365,0.21812759810261123,1.0,-0.0,0,0
324,0.0,0.1584158415841584,0.1787012146166888,1.0,-0.0,0,0
325,0.0,0.1584158415841584,0.1787012146166888,1.0,-0.0,0,0
326,0.0,0.07524752475247524,0.11205191564986226,1.0,-0.0,0,0
327,0.0,0.07524752475247524,0.11205191564986226,1.0,-0.0,0,0
328,0.0,0.013861386138613863,0.05807080514303042,1.0,-0.0,0,0
329,0.0,0.0712871287128713,0.11801714396634726,1.0,-0.0,0,0
330,0.0,0.0712871287128713,0.11801714396634726,1.0,-0.0,0,0
331,0.0,0.1188118811881188,0.1520245363775781,1.0,-0.0,0,0
332,0.0,0.14059405940594058,0.15806892707703055,1.0,-0.0,0,0
333,0.0,0.1386138613861386,0.15604664003838054,1.0,-0.0,0,0
334,0.0,0.07920792079207921,0.10928827506175545,1.0,-0.0,0,0
335,0.0,0.07920792079207921,0.10928827506175545,1.0,-0.0,0,0
336,0.0,0.019801980198019802,0.06603299802191315,1.0,-0.0,0,0
337,0.0,0.0,0.0,1.0,-0.0,0,0
338,0.0,0.04554455445544555,0.09283729243351321,1.0,-0.0,0,0
339,0.0,0.04554455445544555,0.09283729243351321,1.0,-0.0,0,0
340,0.0,0.10099009900990098,0.13386490123687583,1.0,-0.0,0,0
341,0.0,0.10099009900990098,0.13386490123687583,1.0,-0.0,0,0
342,0.0,0.10099009900990098,0.13386490123687583,1.0,-0.0,0,0
343,0.0,0.05544554455445545,0.1019369320889802,1.0,-0.0,0,0
344,0.0,0.05544554455445545,0.1019369320889802,1.0,-0.0,0,0
345,0.0,0.0,0.0,1.0,-0.0,0,0
346,0.0,0.0,0.0,1.0,-0.0,0,0
347,0.0,0.0,0.0,1.0,-0.0,0,0
348,0.0,0.0,0.0,1.0,-0.0,0,0
349,0.0,0.0,0.0,1.0,-0.0,0,0
350,0.0,0.031683168316831684,0.07826167463512675,1.0,-0.0,0,0
351,0.0,0.031683168316831684,0.07826167463512675,1.0,-0.0,0,0
352,0.0,0.031683168316831684,0.07826167463512675,1.0,-0.0,0,0
353,0.0,0.031683168316831684,0.07826167463512675,1.0,-0.0,0,0
354,0.0,0.031683168316831684,0.07826167463512675,1.0,-0.0,0,0
355,0.0,0.0,0.0,1.0,-0.0,0,0
356,0.0,0.0,0.0,1.0,-0.0,0,0
357,0.0,0.06534653465346535,0.11641139371642828,1.0,-0.0,0,0
358,0.0,0.06534653465346535,0.11641139371642828,1.0,-0.0,0,0
359,0.0,0.06534653465346535,0.11641139371642828,1.0,-0.0,0,0
360,0.0,0.06534653465346535,0.11641139371642828,1.0,-0.0,0,0
361,0.0,0.06534653465346535,0.11641139371642828,1.0,-0.0,0,0
362,0.2,0.017821782178217824,0.0635517090529949,0.0020744436267099344,2.6830983626867595,0,0
363,0.2,0.017821782178217824,0.0635517090529949,0.0020744436267099344,2.6830983626867595,0,0
364,0.2,0.017821782178217824,0.0635517090529949,0.0020744436267099344,2.6830983626867595,0,0
365,0.2,0.017821782178217824,0.0635517090529949,0.0020744436267099344,2.6830983626867595,0,0
366,0.2,0.017821782178217824,0.0635517090529949,0.0020744436267099344,2.6830983626867595,0,0
367,0.0,0.015841584158415842,0.05401260078014202,1.0,-0.0,0,0
368,0.0,0.015841584158415842,0.05401260078014202,1.0,-0.0,0,0
369,0.0,0.015841584158415842,0.05401260078014202,1.0,-0.0,0,0
370,0.0,0.015841584158415842,0.05401260078014202,1.0,-0.0,0,0
371,0.0,0.07722772277227723,0.11593886073904515,1.0,-0.0,0,0
372,0.0,0.1108910891089109,0.15789518399405605,1.0,-0.0,0,0
373,0.0,0.11485148514851484,0.16006566636008887,1.0,-0.0,0,0
374,0.0,0.11485148514851484,0.16006566636008887,1.0,-0.0,0,0
375,0.0,0.16831683168316827,0.17962044309621494,1.0,-0.0,0,0
376,0.0,0.11287128712871286,0.14464936528910635,1.0,-0.0,0,0
377,0.0,0.11287128712871287,0.14464936528910635,1.0,-0.0,0,0
378,0.0,0.11485148514851484,0.14169143619800648,1.0,-0.0,0,0
379,0.0,0.14257425742574256,0.15501295675866078,1.0,-0.0,0,0
380,0.0,0.09702970297029702,0.1367627457412436,1.0,-0.0,0,0
381,0.0,0.1762376237623762,0.20155264396038766,1.0,-0.0,0,0
382,0.0,0.13861386138613857,0.15604664003838054,1.0,-0.0,0,0
383,0.0,0.13168316831683166,0.15474712241238045,1.0,-0.0,0,0
384,0.0,0.10495049504950496,0.14238160801780242,1.0,-0.0,0,0
385,0.0,0.09702970297029703,0.1367627457412436,1.0,-0.0,0,0
386,0.0,0.011881188118811881,0.047276579747775535,1.0,-0.0,0,0
387,0.0,0.0,0.0,1.0,-0.0,0,0
388,0.0,0.0,0.0,1.0,-0.0,0,0
389,0.0,0.0,0.0,1.0,-0.0,0,0
390,0.0,0.0,0.0,1.0,-0.0,0,0
391,0.0,0.0,0.0,1.0,-0.0,0,0
392,0.2,0.02970297029702971,0.08150144802873932,0.018331504659791168,1.7368018864493864,0,0
393,0.2,0.041584158415841586,0.09467748980500532,0.04714244196908596,1.326587924861529,0,0
394,0.2,0.049504950495049514,0.09912864166957489,0.06448460512601868,1.1905439552382786,0,0
395,0.4,0.08118811881188118,0.13549532985786936,0.009312912072170495,2.0309144974156816,0,0
396,0.4,0.08118811881188118,0.13549532985786936,0.009312912072170495,2.0309144974156816,0,0
397,0.2,0.06534653465346535,0.10189845806153354,0.09317609402087902,1.03069549930456,0,0
398,0.2,0.05346534653465347,0.09287951999650357,0.05731896239780438,1.2417016799108866,0,0
399,0.2,0.07326732673267328,0.1115960618107356,0.12805415268855674,0.8926063331621106,0,0
400,0.0,0.06930693069306931,0.11057238501634631,1.0,-0.0,0,0
401,0.0,0.08910891089108909,0.12097048989545556,1.0,-0.0,0,0
402,0.0,0.1386138613861386,0.17290201942925204,1.0,-0.0,0,0
403,0.0,0.17623762376237626,0.19556899208121015,1.0,-0.0,0,0
404,0.0,0.18613861386138614,0.20920864708209413,1.0,-0.0,0,0
405,0.0,0.20594059405940596,0.21517746862900788,1.0,-0.0,0,0
406,0.0,0.18613861386138614,0.1955088324308512,1.0,-0.0,0,0
407,0.0,0.12079207920792079,0.14645435316515326,1.0,-0.0,0,0
408,0.0,0.08514851485148517,0.11378818137472192,1.0,-0.0,0,0
409,0.0,0.04752475247524753,0.08965727859541997,1.0,-0.0,0,0
410,0.0,0.05544554455445545,0.1094316980566186,1.0,-0.0,0,0
411,0.0,0.05544554455445545,0.1094316980566186,1.0,-0.0,0,0
412,0.0,0.05544554455445545,0.1094316980566186,1.0,-0.0,0,0
413,0.0,0.05544554455445545,0.1094316980566186,1.0,-0.0,0,0
414,0.0,0.1465346534653465,0.17324186517306459,1.0,-0.0,0,0
415,0.0,0.15445544554455443,0.17549068547409524,1.0,-0.0,0,0
416,0.0,0.15445544554455443,0.17549068547409524,1.0,-0.0,0,0
417,0.0,0.15445544554455443,0.17549068547409524,1.0,-0.0,0,0
418,0.0,0.15445544554455443,0.17549068547409524,1.0,-0.0,0,0
419,0.0,0.06336633663366337,0.11580349716604711,1.0,-0.0,0,0
420,0.0,0.0,0.0,1.0,-0.0,0,0
421,0.0,0.0,0.0,1.0,-0.0,0,0
422,0.0,0.0,0.0,1.0,-0.0,0,0
423,0.0,0.057425742574257435,0.09885135821266286,1.0,-0.0,0,0
424,0.0,0.057425742574257435,0.09885135821266286,1.0,-0.0,0,0
425,0.0,0.057425742574257435,0.09885135821266286,1.0,-0.0,0,0
426,0.0,0.057425742574257435,0.09885135821266286,1.0,-0.0,0,0
427,0.0,0.100990099009901,0.1367914141716479,1.0,-0.0,0,0
428,0.0,0.04356435643564357,0.09587103712404124,1.0,-0.0,0,0
429,0.0,0.08316831683168317,0.12670172889541695,1.0,-0.0,0,0
430,0.0,0.14851485148514848,0.14529850556708232,1.0,-0.0,0,0
431,0.0,0.16039603960396034,0.15420136502124182,1.0,-0.0,0,0
432,0.0,0.1564356435643564,0.16555687101844338,1.0,-0.0,0,0
433,0.0,0.21188118811881188,0.20647303600375572,1.0,-0.0,0,0
434,0.0,0.18217821782178212,0.1931479910747968,1.0,-0.0,0,0
435,0.0,0.11683168316831682,0.14696218071508493,1.0,-0.0,0,0
436,0.0,0.14257425742574253,0.1575471230171571,1.0,-0.0,0,0
437,0.0,0.10099009900990098,0.1308729634998678,1.0,-0.0,0,0
438,0.0,0.04554455445544555,0.08387254884969256,1.0,-0.0,0,0
439,0.0,0.03564356435643565,0.07653920035678292,1.0,-0.0,0,0
440,0.0,0.03564356435643565,0.07653920035678292,1.0,-0.0,0,0
441,0.0,0.0,0.0,1.0,-0.0,0,0
442,0.0,0.0,0.0,1.0,-0.0,0,0
443,0.0,0.023762376237623766,0.06471340450838889,1.0,-0.0,0,0
444,0.0,0.03564356435643564,0.08154954567118415,1.0,-0.0,0,0
445,0.0,0.03564356435643564,0.08154954567118415,1.0,-0.0,0,0
446,0.0,0.04950495049504951,0.09078727434730813,1.0,-0.0,0,0
447,0.0,0.04950495049504951,0.09078727434730813,1.0,-0.0,0,0
448,0.0,0.025742574257425738,0.0669763743575753,1.0,-0.0,0,0
449,0.0,0.03168316831683169,0.0730260947112308,1.0,-0.0,0,0
450,0.0,0.03168316831683169,0.0730260947112308,1.0,-0.0,0,0
451,0.0,0.05346534653465347,0.09287951999650357,1.0,-0.0,0,0
452,0.0,0.10693069306930691,0.12762679639066946,1.0,-0.0,0,0
453,0.0,0.10693069306930691,0.12762679639066946,1.0,-0.0,0,0
454,0.0,0.08910891089108909,0.11765109526742928,1.0,-0.0,0,0
455,0.0,0.08910891089108909,0.11765109526742928,1.0,-0.0,0,0
456,0.0,0.05346534653465347,0.10104832334394513,1.0,-0.0,0,0
457,0.2,0.1188118811881188,0.14399729871443837,0.28643935507266005,0.5429673127723916,0,0
458,0.2,0.18415841584158418,0.1860121753000773,0.46606541275620395,0.33155312535850134,0,0
459,0.2,0.27326732673267323,0.2383487290824725,1.0,-0.0,0,0
460,0.6,0.31485148514851485,0.24591157495289667,0.12311458620650535,0.9096904902553228,0,0
461,0.6,0.31485148514851485,0.24591157495289667,0.12311458620650535,0.9096904902553228,0,0
462,0.4,0.19603960396039605,0.20094863738570085,0.1550558444673547,0.8095118594035327,0,0
463,0.4,0.1306930693069307,0.15779581634167553,0.04394079280990898,1.35713211150603,0,0
464,0.4,0.041584158415841586,0.09039772047931348,3.671690339710168e-05,4.435133953131464,0,0
465,0.0,0.009900990099009901,0.04338396495090424,1.0,-0.0,0,0
466,0.0,0.009900990099009901,0.04338396495090424,1.0,-0.0,0,0
467,0.0,0.09504950495049505,0.13957235791450373,1.0,-0.0,0,0
468,0.0,0.09504950495049505,0.13957235791450373,1.0,-0.0,0,0
469,0.2,0.14257425742574256,0.1696510890344863,0.36749576961119956,0.43474765588614506,0,0
470,0.2,0.1306930693069307,0.16515373831281616,0.3373702145065477,0.4718932627263186,0,0
471,0.6,0.22772277227722773,0.20687146814606538,0.03596522046930679,1.4441172730996084,0,0
472,0.6,0.14455445544554454,0.14656141045515514,0.0009432551110329361,3.0253708328935853,0,0
473,1.0,0.24950495049504953,0.20567385619958475,0.00013165360342940363,3.8805672495234353,0,0
474,0.8,0.20396039603960398,0.1845094068165728,0.0006180808192074432,3.208954733582771,0,0
475,0.8,0.23366336633663368,0.2030837644683788,0.002646126148749945,2.5773894555377543,0,0
476,0.4,0.15445544554455443,0.16858452795083373,0.07262625027397418,1.138906378079561,0,0
477,0.4,0.1603960396039604,0.16415351901831846,0.07219542625555092,1.14149031510203,0,0
478,0.0,0.06732673267326733,0.11000352009767247,1.0,-0.0,0,0
479,0.0,0.18811881188118812,0.19051110448801098,1.0,-0.0,0,0
480,0.0,0.17227722772277226,0.17582552776572763,1.0,-0.0,0,0
481,0.0,0.19405940594059404,0.1699282214093064,1.0,-0.0,0,0
482,0.0,0.27326732673267323,0.21008771817623514,1.0,-0.0,0,0
483,0.0,0.2831683168316832,0.21111177037350679,1.0,-0.0,0,0
484,0.0,0.18415841584158413,0.18387074305594647,1.0,-0.0,0,0
485,0.0,0.17029702970297028,0.1853786889262329,1.0,-0.0,0,0
486,0.0,0.13267326732673265,0.16235208707144264,1.0,-0.0,0,0
487,0.0,0.04356435643564357,0.09164702150816742,1.0,-0.0,0,0
488,0.0,0.019801980198019806,0.06603299802191315,1.0,-0.0,0,0
489,0.0,0.0019801980198019802,0.0198019801980198,1.0,-0.0,0,0
490,0.0,0.02970297029702971,0.07112192077650681,1.0,-0.0,0,0
491,0.0,0.04752475247524753,0.08965727859541997,1.0,-0.0,0,0
492,0.2,0.08910891089108909,0.12734998170941408,0.19194299301932344,0.7168277374074089,0,0
493,0.2,0.08910891089108909,0.12734998170941408,0.19194299301932344,0.7168277374074089,0,0
494,0.2,0.10891089108910891,0.13937555924568534,0.2567003926389666,0.5905734670480496,0,0
495,0.2,0.08118811881188118,0.12325042629382525,0.1675260743172871,0.775917588323708,0,0
496,0.2,0.10297029702970295,0.1367627457412436,0.23901498454778186,0.6215748710082738,0,0
497,0.0,0.06930693069306933,0.11057238501634631,1.0,-0.0,0,0
498,0.0,0.13861386138613857,0.16348330645980427,1.0,-0.0,0,0
499,0.0,0.11485148514851484,0.14717547862227368,1.0,-0.0,0,0
500,0.0,0.11485148514851484,0.14717547862227368,1.0,-0.0,0,0
501,0.0,0.07524752475247526,0.11205191564986228,1.0,-0.0,0,0
502,0.0,0.06732673267326733,0.09861306612268303,1.0,-0.0,0,0
503,0.0,0.0,0.0,1.0,-0.0,0,0
504,0.0,0.0,0.0,1.0,-0.0,0,0
505,0.0,0.0,0.0,1.0,-0.0,0,0
506,0.0,0.0,0.0,1.0,-0.0,0,0
507,0.0,0.0,0.0,1.0,-0.0,0,0
508,0.0,0.0,0.0,1.0,-0.0,0,0
509,0.0,0.0,0.0,1.0,-0.0,0,0
510,0.0,0.30495049504950494,0.23813476408557305,1.0,-0.0,0,0
511,0.0,0.3247524752475247,0.2368965770889217,1.0,-0.0,0,0
512,0.0,0.3247524752475247,0.2368965770889217,1.0,-0.0,0,0
513,0.0,0.35049504950495053,0.2443920573551131,1.0,-0.0,0,0
514,0.0,0.3564356435643564,0.24308896696117083,1.0,-0.0,0,0
515,0.0,0.05742574257425742,0.09476028605152792,1.0,-0.0,0,0
516,0.0,0.039603960396039604,0.07970143286137867,1.0,-0.0,0,0
517,0.0,0.039603960396039604,0.07970143286137867,1.0,-0.0,0,0
518,0.0,0.013861386138613863,0.05079507064705211,1.0,-0.0,0,0
519,0.0,0.007920792079207921,0.03900537743285587,1.0,-0.0,0,0
520,0.0,0.0,0.0,1.0,-0.0,0,0
521,0.0,0.0,0.0,1.0,-0.0,0,0
522,0.0,0.0,0.0,1.0,-0.0,0,0
523,0.0,0.05544554455445545,0.11299281281336322,1.0,-0.0,0,0
524,0.0,0.05544554455445545,0.11299281281336322,1.0,-0.0,0,0
525,0.0,0.08118811881188118,0.13254020222321994,1.0,-0.0,0,0
526,0.0,0.08118811881188118,0.13254020222321994,1.0,-0.0,0,0
527,0.0,0.08118811881188118,0.13254020222321994,1.0,-0.0,0,0
528,0.0,0.04554455445544555,0.10100951085035129,1.0,-0.0,0,0
529,0.0,0.04554455445544555,0.10100951085035129,1.0,-0.0,0,0
530,0.0,0.06336633663366337,0.1487391046195162,1.0,-0.0,0,0
531,0.0,0.06336633663366337,0.1487391046195162,1.0,-0.0,0,0
532,0.0,0.06336633663366337,0.1487391046195162,1.0,-0.0,0,0
533,0.0,0.04356435643564357,0.09991664009142864,1.0,-0.0,0,0
534,0.0,0.04554455445544555,0.10100951085035129,1.0,-0.0,0,0
