,foreground,bg_means,bg_stdev,pvals,minus_logs,regs,active
2,0.4,0.19999999999999998,0.18455190581674866,0.13924759642204865,0.8562122925251503,0,0
3,0.4,0.19009900990099005,0.13313058466512168,0.05743747526871363,1.2408046582672196,0,0
4,0.4,0.1861386138613861,0.14144214992814713,0.0652661619759696,1.185311925555387,0,0
5,0.4,0.20396039603960395,0.1515077961456521,0.09784580222143931,1.009457801699095,0,0
6,0.4,0.19207920792079206,0.15900879128621567,0.09550355170221793,1.019980477044606,0,0
7,0.4,0.21386138613861383,0.16472581657889443,0.12924010606060637,0.888602694251444,0,0
8,0.2,0.13366336633663362,0.1568736817452543,0.3361963121016243,0.4734070548546052,0,0
9,0.2,0.13465346534653463,0.14653465346534655,0.32781814609605714,0.48436701009661925,0,0
10,0.2,0.15445544554455443,0.1613831014717559,0.3888897503515124,0.4101735030454937,0,0
11,0.0,0.10099009900990098,0.1367914141716479,1.0,-0.0,0,0
12,0.0,0.07920792079207921,0.11966689053257921,1.0,-0.0,0,0
13,0.2,0.08118811881188118,0.1264228887090089,0.17366078882092117,0.7602982306092326,0,0
14,0.2,0.10693069306930691,0.15302716108009234,0.2715313445019548,0.5661800299480398,0,0
15,0.2,0.0693069306930693,0.1303024465454424,0.15793095749934505,0.8015327315917935,0,0
16,0.2,0.14653465346534653,0.15387043310940524,0.36411915772488007,0.43875647054333955,0,0
17,0.2,0.14653465346534653,0.15387043310940524,0.36411915772488007,0.43875647054333955,0,0
18,0.0,0.17227722772277224,0.15422679190986735,1.0,-0.0,0,0
19,0.0,0.15841584158415842,0.15749733722889644,1.0,-0.0,0,0
20,0.0,0.15841584158415842,0.15749733722889644,1.0,-0.0,0,0
21,0.0,0.08118811881188118,0.11999411807954947,1.0,-0.0,0,0
22,0.0,0.08118811881188118,0.11999411807954947,1.0,-0.0,0,0
23,0.0,0.02772277227722772,0.06910862719451544,1.0,-0.0,0,0
24,0.0,0.0,0.0,1.0,-0.0,0,0
25,0.0,0.019801980198019802,0.059735061897023205,1.0,-0.0,0,0
26,0.0,0.05940594059405942,0.09138994660763824,1.0,-0.0,0,0
27,0.0,0.07524752475247526,0.09688815701168371,1.0,-0.0,0,0
28,0.0,0.07524752475247526,0.09688815701168371,1.0,-0.0,0,0
29,0.0,0.14653465346534653,0.148633615879566,1.0,-0.0,0,0
30,0.0,0.14455445544554454,0.14656141045515514,1.0,-0.0,0,0
31,0.0,0.10297029702970295,0.13084299831035082,1.0,-0.0,0,0
32,0.0,0.15049504950495046,0.149999183084401,1.0,-0.0,0,0
33,0.0,0.24554455445544554,0.1906345591534058,1.0,-0.0,0,0
34,0.0,0.1762376237623762,0.17185563527720502,1.0,-0.0,0,0
35,0.0,0.15841584158415842,0.16244866773856384,1.0,-0.0,0,0
36,0.0,0.15841584158415842,0.16244866773856384,1.0,-0.0,0,0
37,0.4,0.14455445544554454,0.16914183369554553,0.06549050836122706,1.1838216384058473,0,0
38,0.4,0.047524752475247525,0.0939707763778588,8.809950274804034e-05,4.055026542829628,0,0
39,0.4,0.047524752475247525,0.0939707763778588,8.809950274804034e-05,4.055026542829628,0,0
40,0.4,0.047524752475247525,0.0939707763778588,8.809950274804034e-05,4.055026542829628,0,0
41,0.4,0.047524752475247525,0.0939707763778588,8.809950274804034e-05,4.055026542829628,0,0
42,0.0,0.0,0.0,1.0,-0.0,0,0
43,0.0,0.0,0.0,1.0,-0.0,0,0
44,0.0,0.015841584158415842,0.05401260078014202,1.0,-0.0,0,0
45,0.0,0.015841584158415842,0.05401260078014202,1.0,-0.0,0,0
46,0.0,0.015841584158415842,0.05401260078014202,1.0,-0.0,0,0
47,0.0,0.015841584158415842,0.05401260078014202,1.0,-0.0,0,0
48,0.0,0.049504950495049514,0.08631483056516186,1.0,-0.0,0,0
49,0.0,0.033663366336633666,0.07482947971362845,1.0,-0.0,0,0
50,0.0,0.041584158415841586,0.09039772047931348,1.0,-0.0,0,0
51,0.0,0.041584158415841586,0.09039772047931348,1.0,-0.0,0,0
52,0.0,0.041584158415841586,0.09039772047931348,1.0,-0.0,0,0
53,0.0,0.007920792079207921,0.03900537743285587,1.0,-0.0,0,0
54,0.0,0.007920792079207921,0.03900537743285587,1.0,-0.0,0,0
55,0.2,0.08514851485148514,0.12054836637801526,0.17036041751406306,0.7686313042414473,0,0
56,0.2,0.08514851485148514,0.12054836637801526,0.17036041751406306,0.7686313042414473,0,0
57,0.2,0.08514851485148514,0.12054836637801526,0.17036041751406306,0.7686313042414473,0,0
58,0.2,0.08514851485148514,0.12054836637801526,0.17036041751406306,0.7686313042414473,0,0
59,0.2,0.08514851485148514,0.12054836637801526,0.17036041751406306,0.7686313042414473,0,0
60,0.0,0.0,0.0,1.0,-0.0,0,0
61,0.0,0.0,0.0,1.0,-0.0,0,0
62,0.0,0.0,0.0,1.0,-0.0,0,0
63,0.0,0.0,0.0,1.0,-0.0,0,0
64,0.0,0.0,0.0,1.0,-0.0,0,0
65,0.0,0.0,0.0,1.0,-0.0,0,0
66,0.0,0.0,0.0,1.0,-0.0,0,0
67,0.0,0.05940594059405942,0.09562531855564071,1.0,-0.0,0,0
68,0.0,0.05940594059405942,0.09562531855564071,1.0,-0.0,0,0
69,0.2,0.08712871287128712,0.12077584698595571,0.17500966031852921,0.7569379781294916,0,0
70,0.2,0.08712871287128712,0.12077584698595571,0.17500966031852921,0.7569379781294916,0,0
71,0.2,0.10495049504950493,0.12771893462651168,0.22837520121158456,0.6413510570010156,0,0
72,0.2,0.04554455445544555,0.08387254884969256,0.032770541076535604,1.484516387893982,0,0
73,0.2,0.04554455445544555,0.08387254884969256,0.032770541076535604,1.484516387893982,0,0
74,0.0,0.04752475247524753,0.08965727859541997,1.0,-0.0,0,0
75,0.0,0.04752475247524753,0.08965727859541997,1.0,-0.0,0,0
76,0.0,0.02970297029702971,0.07112192077650681,1.0,-0.0,0,0
77,0.0,0.097029702970297,0.14243667729389656,1.0,-0.0,0,0
78,0.0,0.16633663366336632,0.15687368174525435,1.0,-0.0,0,0
79,0.0,0.13663366336633662,0.15137833547418925,1.0,-0.0,0,0
80,0.2,0.25346534653465347,0.20468007222847606,1.0,-0.0,0,0
81,0.2,0.34851485148514855,0.24316960685954458,1.0,-0.0,0,0
82,0.2,0.2792079207920792,0.232215686562678,1.0,-0.0,0,0
83,0.2,0.21188118811881188,0.19664871867623296,1.0,-0.0,0,0
84,0.2,0.21188118811881188,0.19664871867623296,1.0,-0.0,0,0
85,0.0,0.09306930693069307,0.13069306930693073,1.0,-0.0,0,0
86,0.2,0.06336633663366337,0.10120342446875752,0.08849366552547523,1.0530878154692966,0,0
87,0.2,0.08712871287128712,0.12401163019288061,0.18136723570535113,0.7414411662151199,0,0
88,0.2,0.15445544554455443,0.16381875548472422,0.39049929008909223,0.4083797513146454,0,0
89,0.2,0.15445544554455443,0.16381875548472422,0.39049929008909223,0.4083797513146454,0,0
90,0.2,0.17227722772277226,0.1735584541478054,0.4365462475118457,0.35996974056033865,0,0
91,0.0,0.10693069306930691,0.13661931335176508,1.0,-0.0,0,0
92,0.0,0.08316831683168316,0.12670172889541695,1.0,-0.0,0,0
93,0.0,0.017821782178217824,0.05698017651460656,1.0,-0.0,0,0
94,0.0,0.017821782178217824,0.05698017651460656,1.0,-0.0,0,0
95,0.0,0.0,0.0,1.0,-0.0,0,0
96,0.0,0.0,0.0,1.0,-0.0,0,0
97,0.0,0.0,0.0,1.0,-0.0,0,0
98,0.0,0.0,0.0,1.0,-0.0,0,0
99,0.0,0.039603960396039604,0.07970143286137865,1.0,-0.0,0,0
100,0.0,0.039603960396039604,0.07970143286137865,1.0,-0.0,0,0
101,0.0,0.039603960396039604,0.07970143286137865,1.0,-0.0,0,0
102,0.0,0.05940594059405942,0.10357779667819422,1.0,-0.0,0,0
103,0.0,0.05940594059405942,0.10357779667819422,1.0,-0.0,0,0
104,0.0,0.07920792079207921,0.11285391563386142,1.0,-0.0,0,0
105,0.0,0.09702970297029702,0.127780323207142,1.0,-0.0,0,0
106,0.0,0.1465346534653465,0.148633615879566,1.0,-0.0,0,0
107,0.0,0.1861386138613861,0.16711275790766056,1.0,-0.0,0,0
108,0.0,0.2198019801980198,0.18348647776016436,1.0,-0.0,0,0
109,0.0,0.1603960396039604,0.14897618117864575,1.0,-0.0,0,0
110,0.0,0.14257425742574256,0.14443233686186507,1.0,-0.0,0,0
111,0.0,0.09306930693069307,0.12448501897427099,1.0,-0.0,0,0
112,0.0,0.0613861386138614,0.0964419458367202,1.0,-0.0,0,0
113,0.0,0.027722772277227727,0.06910862719451544,1.0,-0.0,0,0
114,0.0,0.027722772277227727,0.06910862719451544,1.0,-0.0,0,0
115,0.0,0.027722772277227727,0.06910862719451544,1.0,-0.0,0,0
