,foreground,bg_means,bg_stdev,pvals,minus_logs,regs,active
2,0.0,0.0,0.0,1.0,-0.0,0,0
3,0.0,0.0,0.0,1.0,-0.0,0,0
4,0.0,0.039603960396039604,0.07970143286137867,1.0,-0.0,0,0
5,0.0,0.07722772277227724,0.09737260081698412,1.0,-0.0,0,0
6,0.0,0.07722772277227724,0.09737260081698412,1.0,-0.0,0,0
7,0.0,0.1881188118811881,0.16123725137284975,1.0,-0.0,1,0
8,0.0,0.2099009900990099,0.16501122103762106,1.0,-0.0,0,0
9,0.0,0.2455445544554455,0.1638187554847242,1.0,-0.0,0,0
10,0.0,0.2079207920792079,0.15394686515308362,1.0,-0.0,0,0
11,0.0,0.22178217821782173,0.1538959146750531,1.0,-0.0,0,0
12,0.0,0.11287128712871286,0.11745095149573796,1.0,-0.0,0,0
13,0.0,0.08910891089108909,0.1107141445425296,1.0,-0.0,0,0
14,0.0,0.013861386138613863,0.05079507064705211,1.0,-0.0,0,0
15,0.0,0.013861386138613863,0.05079507064705211,1.0,-0.0,0,0
16,0.0,0.07722772277227724,0.09737260081698412,1.0,-0.0,0,0
17,0.4,0.3524752475247525,0.20709879949833507,0.40924845721655184,0.3880129491148022,0,0
18,0.6,0.40792079207920795,0.20083152306547483,0.16943013941549645,0.7710093318001551,0,0
19,0.8,0.5148514851485149,0.22222374712195594,0.0997180988002835,1.0012260102366248,0,0
20,0.8,0.5148514851485149,0.22222374712195594,0.0997180988002835,1.0012260102366248,0,0
21,0.8,0.43564356435643564,0.21321868958253953,0.04374037803279401,1.3591174678268008,0,0
22,0.4,0.16237623762376235,0.15080738823492887,0.05755010791628536,1.2399538576570686,0,0
23,0.2,0.10495049504950493,0.1213588391765906,0.2167517843992725,0.6640373185273338,0,0
24,0.2,0.11287128712871287,0.13024224675172555,0.2517559433799804,0.5990202679574177,0,0
25,0.2,0.16237623762376235,0.16581719933036293,0.4102511265466175,0.3869502177037349,0,0
26,0.2,0.27722772277227725,0.210553813877542,1.0,-0.0,0,0
27,0.2,0.27722772277227725,0.210553813877542,1.0,-0.0,0,0
28,0.4,0.3524752475247525,0.2271624617774255,0.4171419918970435,0.37971608938881957,0,0
29,0.2,0.2376237623762376,0.19843520784522387,1.0,-0.0,0,0
30,0.4,0.3346534653465347,0.21268469833025827,0.379328046188229,0.42098504589596863,1,0
31,0.4,0.21782178217821782,0.17371653227296086,0.1471558671161265,0.8322224178636421,0,0
32,0.6,0.2574257425742575,0.19157840193976752,0.03687450016579875,1.4332738578397248,0,0
33,0.4,0.18415841584158413,0.1558957974317986,0.08309892321835428,1.080404603693106,0,0
34,0.4,0.18415841584158413,0.1558957974317986,0.08309892321835428,1.080404603693106,0,0
35,0.2,0.03960396039603961,0.07970143286137867,0.022085672454221338,1.6558893730090938,0,0
36,0.2,0.08712871287128712,0.11745095149573799,0.16827410880590205,0.7739827008259124,0,0
37,0.0,0.08316831683168316,0.10630546955619442,1.0,-0.0,0,0
38,0.0,0.1069306930693069,0.12762679639066946,1.0,-0.0,0,0
39,0.0,0.1069306930693069,0.12762679639066946,1.0,-0.0,0,0
40,0.0,0.19603960396039602,0.15915668354384258,1.0,-0.0,0,0
41,0.0,0.1485148514851485,0.14799910448360232,1.0,-0.0,0,0
42,0.0,0.11188118811881186,0.12046701920202083,1.0,-0.0,0,0
43,0.0,0.08712871287128712,0.09916819030137757,1.0,-0.0,0,0
44,0.0,0.08712871287128712,0.09916819030137757,1.0,-0.0,0,0
45,0.0,0.0,0.0,1.0,-0.0,0,0
46,0.0,0.0,0.0,1.0,-0.0,0,0
47,0.0,0.0,0.0,1.0,-0.0,0,0
48,0.0,0.0,0.0,1.0,-0.0,0,0
49,0.0,0.0,0.0,1.0,-0.0,0,0
50,0.0,0.0,0.0,1.0,-0.0,0,0
51,0.0,0.0,0.0,1.0,-0.0,0,0
52,0.0,0.0,0.0,1.0,-0.0,0,0
53,0.0,0.0,0.0,1.0,-0.0,0,0
54,0.0,0.0,0.0,1.0,-0.0,1,0
55,0.0,0.0,0.0,1.0,-0.0,0,0
56,0.0,0.0,0.0,1.0,-0.0,0,0
57,0.0,0.0,0.0,1.0,-0.0,0,0
58,0.0,0.0,0.0,1.0,-0.0,0,0
59,0.0,0.0,0.0,1.0,-0.0,0,0
60,0.0,0.0,0.0,1.0,-0.0,0,0
61,0.0,0.0,0.0,1.0,-0.0,0,0
62,0.0,0.0,0.0,1.0,-0.0,0,0
63,0.2,0.4950495049504951,0.21172382423166192,1.0,-0.0,0,0
64,0.2,0.4950495049504951,0.21172382423166192,1.0,-0.0,0,0
65,0.4,0.5643564356435643,0.22584677115854657,1.0,-0.0,0,0
66,0.4,0.5643564356435643,0.22584677115854657,1.0,-0.0,0,0
67,0.4,0.5643564356435643,0.22584677115854657,1.0,-0.0,0,0
68,0.2,0.06732673267326733,0.10634234916512914,0.10608783743468066,0.9743344034481476,0,0
69,0.2,0.06732673267326733,0.10634234916512914,0.10608783743468066,0.9743344034481476,0,0
70,0.0,0.0,0.0,1.0,-0.0,0,0
71,0.0,0.0,0.0,1.0,-0.0,0,0
72,0.0,0.0,0.0,1.0,-0.0,0,0
73,0.0,0.0,0.0,1.0,-0.0,0,0
74,0.2,0.061386138613861385,0.09224407682259103,0.06646004727610066,1.1774393541234778,0,0
75,0.2,0.061386138613861385,0.09224407682259103,0.06646004727610066,1.1774393541234778,0,0
76,0.2,0.0891089108910891,0.11423528793549272,0.1658425340284312,0.7803040749629364,0,0
77,0.2,0.0891089108910891,0.11423528793549272,0.1658425340284312,0.7803040749629364,0,0
78,0.2,0.0891089108910891,0.11423528793549272,0.1658425340284312,0.7803040749629364,0,0
79,0.0,0.02772277227722772,0.06910862719451544,1.0,-0.0,0,0
80,0.0,0.02772277227722772,0.06910862719451544,1.0,-0.0,0,0
