,foreground,bg_means,bg_stdev,pvals,minus_logs,regs,active
2,0.0,0.08712871287128712,0.13324834725751067,1.0,-0.0,0,0
3,0.0,0.057425742574257435,0.10277971700879983,1.0,-0.0,0,0
4,0.0,0.06930693069306931,0.11409790329416186,1.0,-0.0,0,0
5,0.0,0.38613861386138626,0.2873676029096513,1.0,-0.0,0,0
6,0.0,0.7821782178217823,0.40890969242026975,1.0,-0.0,0,0
7,0.0,0.9465346534653465,0.43133785807535874,1.0,-0.0,1,0
8,0.0,2.071287128712872,0.6201782933777222,1.0,-0.0,0,0
9,0.0,2.124752475247525,0.6435369377251359,1.0,-0.0,0,0
10,0.0,1.7881188118811882,0.5759687712781807,1.0,-0.0,1,0
11,0.0,1.4554455445544556,0.5273650636901738,1.0,-0.0,0,0
12,0.0,1.2851485148514852,0.529783467558015,1.0,-0.0,0,0
13,0.0,0.19999999999999998,0.18455190581674866,1.0,-0.0,0,0
14,0.0,0.13663366336633662,0.1433149079027503,1.0,-0.0,0,0
15,0.0,0.1485148514851485,0.16082329112274815,1.0,-0.0,0,0
16,0.0,0.1801980198019802,0.17463954503246998,1.0,-0.0,0,0
17,0.4,0.20000000000000004,0.180208899682431,0.1335376311667289,0.8743963320140448,0,0
18,0.4,0.4118811881188119,0.2754967174564544,1.0,-0.0,0,0
19,0.4,0.5940594059405941,0.31897787942119615,1.0,-0.0,0,0
20,0.4,0.6,0.3196532775082748,1.0,-0.0,0,0
21,0.4,0.5247524752475248,0.2740983203643292,1.0,-0.0,0,0
22,0.0,0.4792079207920792,0.25341893139374216,1.0,-0.0,0,0
23,0.0,0.22574257425742575,0.1983363806027551,1.0,-0.0,0,0
24,0.0,0.0712871287128713,0.11110305060677654,1.0,-0.0,0,0
25,0.0,0.05346534653465347,0.10104832334394513,1.0,-0.0,0,0
26,0.0,0.07326732673267328,0.11509022642946842,1.0,-0.0,0,0
27,0.0,0.10099009900990098,0.1367914141716479,1.0,-0.0,0,0
28,0.0,0.24752475247524752,0.22364844203557224,1.0,-0.0,0,0
29,0.2,0.2712871287128713,0.2226468293652734,1.0,-0.0,0,0
30,0.2,0.2712871287128713,0.2226468293652734,1.0,-0.0,0,0
31,0.8,0.5405940594059406,0.31282115151632,0.20348238229999727,0.6914731864442285,0,0
32,2.2,0.8970297029702972,0.42273401640119296,0.0010272243536242785,2.988334692819555,0,0
33,2.2,0.7504950495049505,0.38425026971685106,8.087678062811937e-05,4.092176144549474,0,0
34,2.2,1.922772277227723,0.6114228152706014,0.3251252942232924,0.4879492417795556,0,0
35,2.2,2.0138613861386134,0.6103123211119442,0.3801872218155607,0.420002483967813,0,0
36,1.6,1.704950495049505,0.5771861133381919,1.0,-0.0,0,0
37,0.2,1.3722772277227722,0.47847091676955106,1.0,-0.0,0,0
38,0.2,1.392079207920792,0.47920792079207924,1.0,-0.0,0,0
39,1.0,0.4574257425742574,0.2630162192993953,0.019561408556843997,1.708599876213043,0,0
40,1.0,0.3722772277227722,0.2533415539282293,0.006610267891433182,2.179780939695352,0,0
41,1.0,0.3722772277227722,0.2533415539282293,0.006610267891433182,2.179780939695352,0,0
42,1.0,0.3148514851485148,0.23772275165875512,0.001974966765088802,2.7044402083210577,0,0
43,1.0,0.3188118811881188,0.25043046950572356,0.003263416265622012,2.486327526171572,0,0
44,0.2,0.403960396039604,0.2215699125655345,1.0,-0.0,0,0
45,0.2,0.4178217821782179,0.22881357347571152,1.0,-0.0,0,0
46,0.2,0.4217821782178219,0.23019748749006905,1.0,-0.0,0,0
47,0.2,0.4455445544554456,0.2301634169670541,1.0,-0.0,0,0
48,0.2,0.4217821782178218,0.22497698909661432,1.0,-0.0,0,0
49,0.0,0.057425742574257435,0.11021718851545144,1.0,-0.0,0,0
50,0.0,0.07524752475247526,0.1189108498693262,1.0,-0.0,0,0
51,0.0,0.09900990099009901,0.14521752172118105,1.0,-0.0,0,0
52,0.0,0.08910891089108909,0.13342479626077636,1.0,-0.0,0,0
53,0.0,0.08910891089108909,0.13342479626077636,1.0,-0.0,0,0
54,0.0,0.09306930693069305,0.13368903310588712,1.0,-0.0,0,0
55,0.0,0.08712871287128712,0.12401163019288061,1.0,-0.0,0,0
56,0.0,0.08910891089108909,0.12734998170941406,1.0,-0.0,0,0
57,0.0,0.07524752475247526,0.1189108498693262,1.0,-0.0,0,0
58,0.0,0.07524752475247526,0.1189108498693262,1.0,-0.0,0,0
59,0.0,0.061386138613861385,0.10433219700847123,1.0,-0.0,0,0
60,0.0,0.02970297029702971,0.07648795214189293,1.0,-0.0,0,0
61,0.2,0.08514851485148514,0.12379009590564582,0.17675768599419261,0.7526216925958915,0,0
62,0.2,0.23564356435643566,0.2094708838274517,1.0,-0.0,0,0
63,0.2,0.23564356435643566,0.2094708838274517,1.0,-0.0,0,0
64,0.2,0.2891089108910891,0.23793708715824122,1.0,-0.0,0,0
65,0.4,0.3603960396039604,0.2625387130041957,0.44004702831531184,0.3565009074992237,0,0
66,0.2,0.300990099009901,0.21913197321283034,1.0,-0.0,0,0
67,1.0,0.5366336633663367,0.2799302502506501,0.04893262857296815,1.310401454093462,0,0
68,1.0,0.5366336633663367,0.2799302502506501,0.04893262857296815,1.310401454093462,0,0
69,1.0,0.5287128712871287,0.2708024868128669,0.040900079029151624,1.3882758528266117,0,0
70,1.0,0.5237623762376238,0.30414578150326965,0.05869535201572791,1.2313962884260437,0,0
71,1.2,0.5722772277227723,0.3044614826737833,0.019615879672361808,1.7073922112007067,0,0
72,0.4,0.18811881188118812,0.16607711957435053,0.10101311489193467,0.9956222365595965,0,0
73,0.4,0.18811881188118812,0.16607711957435053,0.10101311489193467,0.9956222365595965,0,0
74,0.4,0.14257425742574253,0.14981608173764543,0.042872920376668684,1.3678169326247822,0,0
75,0.4,0.12574257425742572,0.14532549015373283,0.02956710339807725,1.5291912199395408,0,0
76,0.2,0.04950495049504951,0.09504950495049506,0.056672754609762926,1.2466256777282645,0,0
77,0.4,0.10495049504950495,0.15049504950495052,0.02496715261728576,1.6026309840047694,0,0
78,0.4,0.10495049504950495,0.15049504950495052,0.02496715261728576,1.6026309840047694,0,0
79,0.4,0.10495049504950495,0.15049504950495052,0.02496715261728576,1.6026309840047694,0,0
80,0.4,0.0712871287128713,0.11801714396634724,0.0026739305247560365,2.572849880958499,0,0
81,0.4,0.09900990099009901,0.14521752172118102,0.019100827976240048,1.7189478066937127,0,0
82,2.4,0.299009900990099,0.2573648061921575,1.7276623879752303e-16,15.762541121443153,0,0
83,2.4,0.31485148514851485,0.26453251821064194,1.6158867345713077e-15,14.79158908432544,0,0
84,3.4,0.45940594059405954,0.3038297522964973,1.0000186200810279e-17,16.999991913476844,0,0
85,4.2,0.9287128712871289,0.45081590140881544,1.988177782627008e-13,12.701544783640049,0,0
86,4.2,0.9207920792079208,0.4616622638659728,6.101974078289575e-13,12.214529641609985,0,0
87,2.0,0.665346534653465,0.3766542768510263,0.00019746833383283265,3.7045025382364107,0,0
88,2.0,0.6534653465346534,0.3721929544386766,0.00014853582452958487,3.8281687886421008,0,0
89,1.4,0.9801980198019801,0.4300632700355874,0.16449753437308523,0.78384060723491,0,0
90,0.4,0.49306930693069306,0.3203517329753528,1.0,-0.0,0,0
91,0.6,0.5861386138613862,0.35405143189904176,0.48438509172723915,0.31480923192087257,0,0
92,0.6,0.6653465346534654,0.3766542768510263,1.0,-0.0,0,0
93,0.8,0.8455445544554454,0.4125565673725571,1.0,-0.0,0,0
94,0.4,0.3762376237623763,0.2688989338101854,0.46479163114232697,0.33274170028517014,0,0
95,0.4,0.48514851485148514,0.2956403148508692,1.0,-0.0,0,0
96,0.4,0.4693069306930694,0.29709570223851967,1.0,-0.0,0,0
97,0.4,0.4158415841584158,0.28379768043321396,1.0,-0.0,0,0
98,0.2,0.2316831683168317,0.22468049617236205,1.0,-0.0,0,0
99,0.2,0.2693069306930693,0.23282278743285656,1.0,-0.0,0,0
100,0.8,0.4158415841584158,0.2650360234313485,0.0736049494484524,1.133092981234794,0,0
101,0.6,0.33663366336633666,0.23024858382176053,0.12634608292383798,0.8984382178590842,0,0
102,0.6,0.46534653465346526,0.28299516966257177,0.3171029418342254,0.4987997289081231,0,0
103,0.6,0.5108910891089108,0.29847831574521627,0.3826439988084917,0.41720509353221485,0,0
104,0.6,0.4792079207920792,0.28014028723359385,0.33316720308343384,0.47733775702794456,0,0
105,0.0,0.22376237623762374,0.20926486833462027,1.0,-0.0,0,0
106,0.0,0.23762376237623759,0.20433494399230787,1.0,-0.0,0,0
107,0.0,0.08118811881188118,0.11999411807954947,1.0,-0.0,0,0
108,0.2,0.08316831683168316,0.12978985828256584,0.1840174638895371,0.7351409589961647,0,0
109,0.2,0.11287128712871287,0.14188502271424044,0.2695813293766277,0.5693101893974304,0,0
110,0.2,0.14257425742574256,0.15501295675866078,0.35552074633585173,0.44913505103467577,0,0
111,0.2,0.11089108910891088,0.14481192315867106,0.26916432342576346,0.5699825045005109,0,0
112,0.2,0.22178217821782176,0.19067569294591244,1.0,-0.0,0,0
113,0.4,0.29306930693069305,0.23641607295821698,0.3255268900081325,0.4874131309059232,0,0
114,0.4,0.2653465346534653,0.23055492400519423,0.27959645590732185,0.553468337896487,0,0
115,0.4,0.23762376237623759,0.21565074677325913,0.22573718270129117,0.6463968994425002,0,0
116,0.4,0.23762376237623759,0.21565074677325913,0.22573718270129117,0.6463968994425002,0,0
117,0.4,0.13465346534653466,0.17144444215376922,0.06084588609087534,1.2157687799389272,0,0
118,0.0,0.015841584158415842,0.05401260078014202,1.0,-0.0,0,0
119,0.0,0.007920792079207921,0.03900537743285587,1.0,-0.0,0,0
120,0.0,0.007920792079207921,0.03900537743285587,1.0,-0.0,0,0
121,0.0,0.007920792079207921,0.03900537743285587,1.0,-0.0,0,0
122,0.0,0.0,0.0,1.0,-0.0,0,0
123,0.2,0.007920792079207921,0.03900537743285587,4.2303541670263104e-07,6.3736232717865695,0,0
124,0.2,0.007920792079207921,0.03900537743285587,4.2303541670263104e-07,6.3736232717865695,0,0
125,0.2,0.031683168316831684,0.0730260947112308,0.01058647624307391,1.9752485727397298,0,0
126,0.2,0.07524752475247526,0.10089298378500594,0.10813951107118154,0.9660155983221467,0,0
127,0.2,0.07920792079207921,0.10178294871997146,0.1176608654921339,0.9293679613448376,0,0
128,0.0,0.21386138613861383,0.18510350488002844,1.0,-0.0,0,0
129,0.0,0.2237623762376237,0.19353333422369295,1.0,-0.0,0,0
130,0.0,0.38613861386138615,0.2658927435700853,1.0,-0.0,0,0
131,0.0,0.3623762376237623,0.2695252463967902,1.0,-0.0,0,0
132,0.2,1.0435643564356436,0.45433355426549377,1.0,-0.0,0,0
133,0.2,0.9425742574257423,0.4470688995238634,1.0,-0.0,0,0
134,0.4,1.1128712871287127,0.48290854890063156,1.0,-0.0,0,0
135,0.4,0.9277227722772278,0.4436836826766369,1.0,-0.0,0,0
136,0.4,0.9069306930693072,0.43469744246277553,1.0,-0.0,0,0
137,0.2,1.2534653465346535,0.5103996408243179,1.0,-0.0,0,0
138,0.2,1.9168316831683174,0.6394721379652132,1.0,-0.0,0,0
139,0.0,1.7465346534653465,0.6015762062843362,1.0,-0.0,0,0
140,0.0,1.7465346534653465,0.6015762062843362,1.0,-0.0,0,0
141,0.0,1.7465346534653465,0.6015762062843362,1.0,-0.0,0,0
142,0.4,0.9336633663366338,0.40791117935419857,1.0,-0.0,0,0
143,0.4,0.22772277227722768,0.1689330594949795,0.15391265331138965,0.8127256749221105,0,0
144,0.4,0.21782178217821782,0.16434450630690242,0.13381990644964897,0.8734792780615456,0,0
145,0.4,0.22772277227722773,0.1689330594949795,0.15391265331138976,0.8127256749221101,0,0
146,0.4,0.2554455445544554,0.18046982004062492,0.21156882292640955,0.6745483301558124,0,0
147,0.4,0.26534653465346536,0.20892731388689076,0.25962592117529915,0.5856519495396002,0,0
148,0.4,0.33861386138613864,0.25600522002324316,0.4052485786638135,0.39227849968622164,0,0
149,0.4,0.3722772277227723,0.2814808126627195,0.46077199109537553,0.33651392820121695,0,0
150,0.6,0.4811881188118812,0.3085298487693041,0.3500852221695959,0.45582622132766726,0,0
151,1.0,0.5801980198019802,0.33478818543220684,0.10493316521224573,0.9790872268469855,0,0
152,0.8,0.3722772277227724,0.2421515816411786,0.03866915351688869,1.4126353347013836,0,0
153,0.8,0.30495049504950494,0.21172382423166192,0.009688822363822638,2.0137290064346853,0,0
154,2.2,0.43564356435643564,0.2690592920837381,2.7358578245935288e-11,10.562906475518755,0,0
155,2.0,0.3148514851485149,0.24266920752327137,1.9027869248888844e-12,11.720609841521695,0,0
156,1.6,0.19009900990099005,0.18535753542711383,1.4103315037426523e-14,13.850678792788264,0,0
157,1.4,0.17029702970297028,0.1853786889262329,1.6394892342124087e-11,10.785291430801566,0,0
158,1.4,0.16435643564356434,0.18107717211333596,4.431613810810405e-12,11.35343809285131,0,0
159,0.2,0.04158415841584159,0.08590499787518362,0.03258561123651815,1.4869741281544258,0,0
160,0.2,0.04158415841584159,0.08590499787518362,0.03258561123651815,1.4869741281544258,0,0
161,0.2,0.04158415841584159,0.08590499787518362,0.03258561123651815,1.4869741281544258,0,0
162,0.2,0.04158415841584159,0.08590499787518362,0.03258561123651815,1.4869741281544258,0,0
163,0.2,0.04158415841584159,0.08590499787518362,0.03258561123651815,1.4869741281544258,0,0
164,0.2,0.2316831683168317,0.219328720728719,1.0,-0.0,0,0
165,0.2,0.2316831683168317,0.219328720728719,1.0,-0.0,0,0
166,0.2,0.3742574257425743,0.2635077413883528,1.0,-0.0,0,0
167,0.2,0.3742574257425743,0.2635077413883528,1.0,-0.0,0,0
168,0.2,0.3940594059405942,0.27352549148248717,1.0,-0.0,0,0
169,0.0,0.1861386138613861,0.1829514370289283,1.0,-0.0,0,0
170,0.0,0.1861386138613861,0.1829514370289283,1.0,-0.0,0,0
171,0.0,0.4891089108910891,0.3190024644055805,1.0,-0.0,0,0
172,0.0,0.4891089108910891,0.3190024644055805,1.0,-0.0,0,0
173,0.0,0.4693069306930693,0.30628485229283653,1.0,-0.0,0,0
174,0.0,0.5207920792079209,0.3234458136886403,1.0,-0.0,0,0
175,0.0,0.6673267326732673,0.3704717118557963,1.0,-0.0,0,0
176,0.0,0.22772277227722776,0.23383111951089922,1.0,-0.0,0,0
177,0.0,0.35841584158415846,0.28468058415805064,1.0,-0.0,0,0
178,0.0,0.35841584158415846,0.28468058415805064,1.0,-0.0,0,0
179,1.4,0.9663366336633664,0.4659233837757704,0.17598857514362032,0.754515524874104,0,0
180,1.4,0.8356435643564357,0.42159155270245596,0.09034506150205586,1.0440955821293265,0,0
181,1.4,0.8297029702970298,0.4187545311013482,0.08661651935682026,1.062399272170457,0,0
182,1.4,0.7386138613861387,0.37521486835095486,0.038976699441176765,1.4091949398508603,0,0
183,1.4,0.7683168316831684,0.37625846737468893,0.04659021565177706,1.3317052793315594,0,0
184,0.8,0.407920792079208,0.2468346816448996,0.056094754677311454,1.2510777469649208,0,0
185,0.8,0.41584158415841593,0.25436104116168573,0.06548498235106814,1.183858285196897,0,0
186,0.8,0.4297029702970297,0.26006265599021,0.07724115438833676,1.1121512442046801,0,0
187,0.8,0.39009900990099017,0.253882700947906,0.053206362977400994,1.2740364270897537,0,0
188,0.8,0.3643564356435644,0.25234902688434047,0.042141939839141496,1.3752854772223437,0,0
189,0.6,0.19207920792079206,0.1886288032334235,0.015287582598991831,1.8156611834510332,0,0
190,0.6,0.17821782178217818,0.1821782178217822,0.010300518978681813,1.9871408933628223,0,0
191,0.6,0.3841584158415841,0.26800793296494774,0.2103073663260131,0.6771455152418235,0,0
192,0.6,0.3841584158415841,0.26800793296494774,0.2103073663260131,0.6771455152418235,0,0
193,0.6,0.3821782178217822,0.27009204137231707,0.20998525223876774,0.677811205724333,0,0
194,0.0,0.2693069306930693,0.2293954923972211,1.0,-0.0,0,0
195,0.0,0.25742574257425743,0.22574257425742575,1.0,-0.0,0,0
196,0.0,0.03762376237623763,0.07816140339006158,1.0,-0.0,0,0
197,0.0,0.03762376237623763,0.07816140339006158,1.0,-0.0,0,0
198,0.0,0.03762376237623763,0.07816140339006158,1.0,-0.0,0,0
199,0.0,0.0,0.0,1.0,-0.0,0,0
200,0.0,0.0,0.0,1.0,-0.0,0,0
201,0.0,0.0,0.0,1.0,-0.0,0,0
202,0.0,0.057425742574257435,0.12051583409665693,1.0,-0.0,0,0
203,0.6,0.4732673267326733,0.31430926597068676,0.34339683193712245,0.4642037158104334,0,0
204,0.6,0.4732673267326733,0.31430926597068676,0.34339683193712245,0.4642037158104334,0,0
205,0.6,0.5089108910891088,0.31279608069668324,0.38544564811773074,0.4140368533762647,0,0
206,0.8,0.5465346534653465,0.32928496083605263,0.2207256806048069,0.6561471353651562,0,0
207,0.8,0.48712871287128706,0.30754967926365157,0.15450459637431524,0.8110585961724198,0,0
208,0.2,0.19603960396039605,0.18875348902641545,0.4916300699069941,0.30836156192208375,0,0
209,0.6,0.39801980198019804,0.24934774239520308,0.2089602611590034,0.6799362976224627,0,0
210,0.6,0.36237623762376237,0.24810229651165946,0.16909056845211412,0.7718806158406732,0,0
211,0.4,0.34851485148514855,0.24479284488756256,0.4167084573934956,0.38016768513894683,0,0
212,0.6,0.3821782178217822,0.2715543960619792,0.21123903645478714,0.6752258221687889,0,0
213,0.6,0.26732673267326734,0.22563832923951074,0.07019166420404664,1.1537144605929712,0,0
214,0.2,0.06534653465346535,0.10939585993610405,0.10918337986089162,0.9618434658808062,0,0
215,0.2,0.19603960396039602,0.21430097835197912,0.4926277541540796,0.30748112409167827,0,0
216,0.2,0.19009900990099005,0.2131819055419687,0.48147824038306825,0.31742333532054534,0,0
217,0.0,0.20396039603960398,0.2354354684784451,1.0,-0.0,0,0
218,0.2,0.5683168316831684,0.34553178789999583,1.0,-0.0,0,0
219,0.2,0.6118811881188119,0.36241410828462084,1.0,-0.0,0,0
220,0.2,0.4811881188118811,0.30465460764256835,1.0,-0.0,0,0
221,0.2,0.46534653465346537,0.30456449789671886,1.0,-0.0,0,0
222,0.2,0.4178217821782178,0.2912574444224169,1.0,-0.0,0,0
223,0.4,0.0712871287128713,0.11110305060677654,0.0015450469930285533,2.8110583068523405,0,0
224,0.4,0.027722772277227727,0.06910862719451544,3.5853288547446714e-08,7.445471003663998,0,0
225,0.8,0.09108910891089109,0.13057300215314485,2.8298816027640808e-08,7.548231734207817,0,0
226,0.8,0.10495049504950495,0.15049504950495052,1.933355191000053e-06,5.713688351185837,0,0
227,0.8,0.14554455445544554,0.17321922953369534,7.89856479931059e-05,4.102451814578473,0,0
228,0.4,0.1396039603960396,0.16535542751920132,0.057655279331937134,1.2391609194229978,0,0
229,0.4,0.15445544554455443,0.166218722942046,0.06980597333716344,1.156107412958896,0,0
230,0.0,0.08910891089108909,0.13342479626077636,1.0,-0.0,0,0
231,0.0,0.07524752475247526,0.11891084986932621,1.0,-0.0,0,0
232,0.0,0.057425742574257435,0.10277971700879983,1.0,-0.0,0,0
233,0.0,0.03564356435643565,0.08154954567118415,1.0,-0.0,0,0
234,0.0,0.021782178217821784,0.06230547612891991,1.0,-0.0,0,0
235,0.0,0.021782178217821784,0.06230547612891991,1.0,-0.0,0,0
236,0.0,0.08316831683168316,0.12670172889541695,1.0,-0.0,0,0
237,0.0,0.19999999999999998,0.15669861341296087,1.0,-0.0,0,0
238,0.0,0.6752475247524753,0.32682266987370706,1.0,-0.0,0,0
239,0.0,0.708910891089109,0.33124398291594337,1.0,-0.0,0,0
240,0.0,0.805940594059406,0.35981892645783775,1.0,-0.0,0,0
241,0.0,0.7435643564356436,0.3713544493423608,1.0,-0.0,0,0
242,0.0,1.831683168316832,0.5484326349363513,1.0,-0.0,0,0
243,0.0,1.3564356435643568,0.4578070503642333,1.0,-0.0,0,0
244,0.0,1.332673267326733,0.44966630331265556,1.0,-0.0,0,0
245,0.0,1.7168316831683172,0.5466494355003126,1.0,-0.0,0,0
246,0.0,1.7168316831683172,0.5466494355003126,1.0,-0.0,0,0
247,0.0,0.48910891089108915,0.3114644394618893,1.0,-0.0,0,0
248,0.0,0.49504950495049505,0.314147041822605,1.0,-0.0,0,0
249,0.0,0.4871287128712872,0.3101144363473209,1.0,-0.0,0,0
250,0.0,0.0059405940594059415,0.03395332316729158,1.0,-0.0,0,0
251,0.0,0.0059405940594059415,0.03395332316729158,1.0,-0.0,0,0
252,0.0,0.0059405940594059415,0.03395332316729158,1.0,-0.0,0,0
253,0.0,0.0019801980198019802,0.0198019801980198,1.0,-0.0,0,0
254,0.0,0.021782178217821784,0.06836703565002801,1.0,-0.0,0,0
255,0.0,0.0297029702970297,0.07648795214189293,1.0,-0.0,0,0
256,0.0,0.0297029702970297,0.07648795214189293,1.0,-0.0,0,0
257,0.0,0.04554455445544555,0.10100951085035129,1.0,-0.0,0,0
258,0.0,0.15643564356435644,0.17486393102381254,1.0,-0.0,0,0
259,0.0,0.21782178217821782,0.1931479910747968,1.0,-0.0,0,0
260,0.0,0.21386138613861388,0.187230838076401,1.0,-0.0,0,0
261,0.0,0.24554455445544554,0.2084951990212257,1.0,-0.0,0,0
262,0.0,0.23168316831683167,0.20821290183120658,1.0,-0.0,0,0
263,0.0,0.1188118811881188,0.15964866828313962,1.0,-0.0,0,0
264,0.0,0.04554455445544555,0.09283729243351321,1.0,-0.0,0,0
265,0.0,0.08712871287128712,0.12077584698595571,1.0,-0.0,0,0
266,0.0,0.1762376237623762,0.1808388127814792,1.0,-0.0,0,0
267,0.0,0.18217821782178212,0.1782178217821782,1.0,-0.0,0,0
268,0.0,0.2455445544554455,0.2141179246085271,1.0,-0.0,0,0
269,0.2,0.7663366336633661,0.40006861483846345,1.0,-0.0,0,0
270,0.2,1.1267326732673266,0.49769589687292054,1.0,-0.0,0,0
271,0.2,1.310891089108911,0.5618041993750559,1.0,-0.0,0,0
272,0.2,1.382178217821782,0.5671530499783936,1.0,-0.0,0,0
273,0.2,1.3386138613861382,0.5411704032487517,1.0,-0.0,0,0
274,0.4,1.1267326732673266,0.4823398188141279,1.0,-0.0,0,0
275,0.4,0.7683168316831682,0.3688168648742955,1.0,-0.0,0,0
276,0.4,0.4633663366336634,0.28274565146299463,1.0,-0.0,0,0
277,0.4,0.38811881188118813,0.2740553997303477,0.48270997788570297,0.31631372397825175,0,0
278,0.4,0.3821782178217822,0.2626581709619205,0.4729518761405706,0.32518304740144427,0,0
279,0.0,0.06534653465346535,0.10939585993610405,1.0,-0.0,0,0
280,0.0,0.017821782178217824,0.0695046684149871,1.0,-0.0,0,0
281,0.0,0.017821782178217824,0.0695046684149871,1.0,-0.0,0,0
282,0.0,0.015841584158415842,0.06709336374692047,1.0,-0.0,0,0
283,0.0,0.06732673267326733,0.12032045569079852,1.0,-0.0,0,0
284,0.0,0.10495049504950495,0.14238160801780242,1.0,-0.0,0,0
285,0.0,0.10495049504950495,0.14238160801780242,1.0,-0.0,0,0
286,0.0,0.13465346534653466,0.1667604219518994,1.0,-0.0,0,0
287,0.0,0.18217821782178217,0.1951876678075502,1.0,-0.0,0,0
288,0.0,0.16435643564356434,0.18539984001180876,1.0,-0.0,0,0
289,0.0,0.1306930693069307,0.16515373831281616,1.0,-0.0,0,0
290,0.0,0.13267326732673265,0.16477341831853246,1.0,-0.0,0,0
291,0.0,0.13267326732673265,0.16235208707144264,1.0,-0.0,0,0
292,0.0,0.08712871287128714,0.12077584698595571,1.0,-0.0,0,0
293,0.0,0.04752475247524753,0.10205226714237721,1.0,-0.0,0,0
294,0.0,0.041584158415841586,0.09467748980500532,1.0,-0.0,0,0
295,0.0,0.0712871287128713,0.1213265242141813,1.0,-0.0,0,0
296,0.0,0.09306930693069305,0.13948804962658473,1.0,-0.0,0,0
297,0.0,0.2930693069306931,0.24464863701355247,1.0,-0.0,0,0
298,0.0,0.3247524752475249,0.2622846841948269,1.0,-0.0,0,0
299,0.0,0.32871287128712884,0.2633886687472128,1.0,-0.0,0,0
300,0.0,0.297029702970297,0.23649898814785927,1.0,-0.0,0,0
301,0.0,0.2455445544554455,0.2084951990212257,1.0,-0.0,0,0
302,0.0,0.04554455445544555,0.10100951085035129,1.0,-0.0,0,0
303,0.0,0.017821782178217824,0.0635517090529949,1.0,-0.0,0,0
304,0.0,0.0297029702970297,0.07112192077650681,1.0,-0.0,0,0
305,0.0,0.0297029702970297,0.07112192077650681,1.0,-0.0,0,0
306,0.0,0.0297029702970297,0.07112192077650681,1.0,-0.0,0,0
307,0.0,0.0297029702970297,0.07112192077650681,1.0,-0.0,0,0
308,0.2,0.6138613861386139,0.3297252690702142,1.0,-0.0,0,0
309,0.2,0.9148514851485149,0.42528642383665916,1.0,-0.0,0,0
310,0.2,0.9346534653465347,0.42692444750111225,1.0,-0.0,0,0
311,0.2,1.0475247524752476,0.4702209422556909,1.0,-0.0,0,0
312,0.2,1.0475247524752476,0.4702209422556909,1.0,-0.0,0,0
313,0.0,0.5504950495049505,0.3287009421669387,1.0,-0.0,0,0
314,0.0,0.2514851485148515,0.2398901817173514,1.0,-0.0,0,0
315,0.0,0.24950495049504953,0.2293442060026321,1.0,-0.0,0,0
316,0.0,0.13465346534653466,0.19110706323080853,1.0,-0.0,0,0
317,0.0,0.13465346534653466,0.19110706323080853,1.0,-0.0,0,0
318,0.0,0.05346534653465348,0.09287951999650357,1.0,-0.0,0,0
319,0.2,0.2792079207920792,0.2405920221565542,1.0,-0.0,0,0
320,0.2,0.2831683168316831,0.24253990461944716,1.0,-0.0,0,0
321,0.2,0.3069306930693069,0.2510403800671759,1.0,-0.0,0,0
322,0.2,0.3069306930693069,0.2510403800671759,1.0,-0.0,0,0
323,0.2,0.29306930693069305,0.24626212619992896,1.0,-0.0,0,0
324,0.0,0.13267326732673265,0.15228224894835946,1.0,-0.0,0,0
325,0.0,0.11089108910891086,0.13636075485692528,1.0,-0.0,0,0
326,0.0,0.0871287128712871,0.11745095149573798,1.0,-0.0,0,0
327,0.0,0.3405940594059407,0.24942635883073955,1.0,-0.0,0,0
328,0.0,0.3366336633663367,0.25318672805425124,1.0,-0.0,0,0
329,0.0,1.582178217821782,0.5082285366507185,1.0,-0.0,0,0
330,0.2,2.6237623762376243,0.6661769923369509,1.0,-0.0,0,0
331,0.2,3.1742574257425735,0.7304756981674169,1.0,-0.0,0,0
332,0.2,3.217821782178218,0.6888641877964823,1.0,-0.0,0,0
333,0.2,3.245544554455445,0.687587942526605,1.0,-0.0,0,0
334,0.2,1.9920792079207923,0.5835506151644247,1.0,-0.0,0,0
335,0.0,1.1623762376237625,0.45268210276972826,1.0,-0.0,0,0
336,0.0,1.1821782178217821,0.44508226842253623,1.0,-0.0,0,0
337,0.0,0.8851485148514854,0.4139608578171673,1.0,-0.0,0,0
338,0.0,0.9425742574257426,0.42620743674799955,1.0,-0.0,0,0
339,0.0,0.8653465346534654,0.41085172184071045,1.0,-0.0,0,0
340,0.0,0.6534653465346534,0.34799691487071177,1.0,-0.0,0,0
341,0.2,1.1069306930693068,0.4534264326768066,1.0,-0.0,0,0
342,0.2,1.1069306930693068,0.4534264326768066,1.0,-0.0,0,0
343,0.2,1.1326732673267328,0.4778476725864167,1.0,-0.0,0,0
344,0.2,1.1326732673267328,0.4778476725864167,1.0,-0.0,0,0
345,0.2,1.1801980198019801,0.48133885101976687,1.0,-0.0,0,0
346,0.0,0.194059405940594,0.19590954781832295,1.0,-0.0,0,0
347,0.0,0.28316831683168314,0.232536298425183,1.0,-0.0,0,0
348,0.0,0.17425742574257425,0.19018150025414607,1.0,-0.0,0,0
349,0.0,0.17425742574257425,0.19018150025414607,1.0,-0.0,0,0
350,0.0,0.12673267326732673,0.17055012277334236,1.0,-0.0,0,0
351,0.0,0.08910891089108909,0.13342479626077636,1.0,-0.0,0,0
352,0.0,0.011881188118811883,0.047276579747775535,1.0,-0.0,0,0
353,0.0,0.42574257425742573,0.26797866966486983,1.0,-0.0,0,0
354,0.0,0.8356435643564356,0.4515285718218216,1.0,-0.0,0,0
355,0.0,1.576237623762376,0.593220529820314,1.0,-0.0,0,0
356,0.0,1.576237623762376,0.593220529820314,1.0,-0.0,0,0
357,0.0,2.09009900990099,0.7026829701463336,1.0,-0.0,0,0
358,0.0,1.6772277227722774,0.6423781909603928,1.0,-0.0,0,0
359,0.6,1.4257425742574257,0.5696365812709768,1.0,-0.0,0,0
360,0.6,0.7128712871287127,0.432735568843038,1.0,-0.0,0,0
361,0.6,0.7247524752475246,0.44128658445797564,1.0,-0.0,0,0
362,0.6,0.19999999999999998,0.19700731252448173,0.021158888530489868,1.6745071493851034,0,0
363,0.8,0.2495049504950495,0.22410383129972453,0.007016285174616151,2.153892767526106,0,0
364,0.2,0.09306930693069305,0.13948804962658473,0.22166149082647368,0.6543097501612731,0,0
365,0.2,0.10693069306930694,0.15559367350941145,0.2748678859708685,0.5608759977351179,0,0
366,0.2,0.29504950495049503,0.25265961041958934,1.0,-0.0,0,0
367,0.2,0.3346534653465346,0.26863632288493655,1.0,-0.0,0,0
368,0.0,0.28316831683168314,0.24898578707326588,1.0,-0.0,0,0
369,0.0,0.2792079207920792,0.24223253359798858,1.0,-0.0,0,0
370,0.0,0.2613861386138614,0.22819580658832372,1.0,-0.0,0,0
371,0.0,0.061386138613861385,0.10433219700847123,1.0,-0.0,0,0
372,0.0,0.0613861386138614,0.10806149425459212,1.0,-0.0,0,0
373,0.0,0.5851485148514852,0.3563806338188997,1.0,-0.0,0,0
374,0.0,0.8831683168316831,0.42707137783800736,1.0,-0.0,0,0
375,0.0,0.875247524752475,0.42575638936830135,1.0,-0.0,0,0
376,0.0,0.9188118811881187,0.44157971848764693,1.0,-0.0,0,0
377,0.0,0.9287128712871285,0.445513750310266,1.0,-0.0,0,0
378,0.0,0.405940594059406,0.2917417080119099,1.0,-0.0,0,0
379,0.0,0.14257425742574256,0.18094719685640656,1.0,-0.0,0,0
380,0.0,0.19009900990099005,0.20172766196776312,1.0,-0.0,0,0
381,0.0,0.17227722772277226,0.1824578138580506,1.0,-0.0,0,0
382,0.0,0.12376237623762375,0.1401191253095801,1.0,-0.0,0,0
383,0.6,0.22574257425742572,0.1943017278738389,0.027041810799415006,1.567964230117137,0,0
384,0.6,0.19999999999999998,0.1779976637959939,0.012312969165469397,1.909637208101031,0,0
385,0.6,0.3722772277227723,0.25644902293167643,0.18727452889042417,0.7275212867708836,0,0
386,0.6,0.3524752475247525,0.2566324410189689,0.16739495652013126,0.7762576311006627,0,0
387,0.6,0.3524752475247525,0.2566324410189689,0.16739495652013126,0.7762576311006627,0,0
388,0.0,0.5326732673267326,0.316261863829781,1.0,-0.0,0,0
389,0.0,0.5425742574257425,0.31883032970421754,1.0,-0.0,0,0
390,0.0,0.3069306930693069,0.2572733745570172,1.0,-0.0,0,0
391,0.0,0.300990099009901,0.2558213522331669,1.0,-0.0,0,0
392,0.0,0.300990099009901,0.2558213522331669,1.0,-0.0,0,0
393,2.2,0.8257425742574257,0.3454523409540032,3.4728384699414424e-05,4.459315416298949,0,0
394,3.0,1.0,0.4145855618793446,7.032030402823674e-07,6.1529192602679,0,0
395,3.0,1.0,0.4145855618793446,7.032030402823674e-07,6.1529192602679,0,0
396,3.2,1.0891089108910892,0.4159924290293094,1.9441163200324532e-07,6.711277753999799,0,0
397,3.2,1.2217821782178218,0.44133101122010704,3.6905802575589174e-06,5.4329053458073036,0,0
398,1.0,0.41584158415841577,0.2724050105190914,0.015998498599625058,1.7959207723749036,0,0
399,0.2,0.22178217821782176,0.20079246977914245,1.0,-0.0,0,0
400,0.2,0.22178217821782176,0.20079246977914245,1.0,-0.0,0,0
401,0.0,0.1603960396039604,0.16415351901831846,1.0,-0.0,0,0
402,0.0,0.027722772277227727,0.06910862719451544,1.0,-0.0,0,0
403,0.0,0.08514851485148513,0.1172170185104851,1.0,-0.0,0,0
404,0.4,1.0990099009900989,0.419923389878817,1.0,-0.0,0,0
405,0.6,1.5742574257425743,0.5440321527602368,1.0,-0.0,0,0
406,0.6,1.5445544554455448,0.5443636029191512,1.0,-0.0,0,0
407,0.6,1.59009900990099,0.5438230912286414,1.0,-0.0,0,0
408,0.6,1.5306930693069303,0.5169871925673771,1.0,-0.0,0,0
409,0.2,0.5683168316831683,0.3254640839089841,1.0,-0.0,0,0
410,0.0,0.09504950495049505,0.13377699607171914,1.0,-0.0,0,0
411,0.0,0.12871287128712872,0.15564406822280066,1.0,-0.0,0,0
412,0.2,0.25544554455445545,0.23057193097043735,1.0,-0.0,0,0
413,0.2,0.3188118811881188,0.24239435640553428,1.0,-0.0,0,0
414,0.2,0.2653465346534653,0.22179985785260758,1.0,-0.0,0,0
415,1.0,0.8336633663366337,0.40006861483846345,0.3387890599814185,0.47007062215010476,0,0
416,1.0,0.8861386138613863,0.4129175841269622,0.39137063782084813,0.4074117599522049,0,0
417,0.8,0.7326732673267325,0.3778807268713366,0.42929502187964313,0.36724414758563534,0,0
418,0.8,0.698019801980198,0.3717713014717255,0.39192360079285626,0.40679858345863484,0,0
419,0.8,0.698019801980198,0.3717713014717255,0.39192360079285626,0.40679858345863484,0,0
420,0.0,0.1287128712871287,0.1606525268671035,1.0,-0.0,0,0
421,0.0,0.04554455445544555,0.09283729243351323,1.0,-0.0,0,0
422,1.4,0.1168316831683168,0.15225649732072147,2.762999630226458e-17,16.55861917320532,0,0
423,1.4,0.10099009900990098,0.14246420394934614,1.0038208998041403e-17,16.998343766439255,0,0
424,1.6,0.3643564356435644,0.23104761774686897,4.446477108855777e-08,7.351983939156979,0,0
425,1.6,0.3643564356435644,0.23104761774686897,4.446477108855777e-08,7.351983939156979,0,0
426,1.6,0.3742574257425743,0.22631506354949688,3.045835759587207e-08,7.516293518803021,0,0
427,0.2,0.2930693069306931,0.18997520721127062,1.0,-0.0,0,0
428,0.2,0.300990099009901,0.1900990099009901,1.0,-0.0,0,0
429,0.0,0.05346534653465348,0.10489443673781407,1.0,-0.0,0,0
430,0.0,0.05346534653465348,0.10489443673781407,1.0,-0.0,0,0
431,0.0,0.041584158415841586,0.09039772047931349,1.0,-0.0,0,0
432,0.0,0.03564356435643565,0.09074407316744237,1.0,-0.0,0,0
433,0.0,0.05544554455445545,0.10575073206193021,1.0,-0.0,0,0
434,0.8,1.084158415841584,0.4242016784659533,1.0,-0.0,0,0
435,0.8,1.084158415841584,0.4242016784659533,1.0,-0.0,0,0
436,0.8,1.088118811881188,0.42339671463409434,1.0,-0.0,0,0
437,0.8,1.085148514851485,0.424354171762048,1.0,-0.0,0,0
438,0.8,1.095049504950495,0.4132403317764199,1.0,-0.0,0,0
439,0.0,0.05346534653465347,0.09287951999650357,1.0,-0.0,0,0
440,0.0,0.14455445544554454,0.1569986110329885,1.0,-0.0,0,0
441,0.0,0.14059405940594055,0.15554326246855826,1.0,-0.0,0,0
442,0.0,0.17425742574257425,0.17946756531282693,1.0,-0.0,0,0
443,0.0,0.27524752475247527,0.2248898258725856,1.0,-0.0,0,0
444,0.0,0.27524752475247527,0.2248898258725856,1.0,-0.0,0,0
445,0.0,0.19999999999999996,0.20872076187012056,1.0,-0.0,0,0
446,0.0,0.19999999999999996,0.20872076187012056,1.0,-0.0,0,0
447,0.0,0.2099009900990099,0.20943344153850715,1.0,-0.0,0,0
448,0.0,0.1603960396039604,0.15925520208224236,1.0,-0.0,0,0
449,0.0,0.1603960396039604,0.15925520208224236,1.0,-0.0,0,0
450,0.0,0.27128712871287125,0.21724496082221745,1.0,-0.0,0,0
451,0.2,0.2772277227722772,0.21794775835062347,1.0,-0.0,0,0
452,0.2,0.23564356435643566,0.20565479025690647,1.0,-0.0,0,0
453,1.8,0.8772277227722773,0.38994317639318465,0.00898034451020313,2.0467070023070555,0,0
454,1.8,0.8910891089108912,0.39654423295928204,0.01095052922418145,1.9605648914551232,0,0
455,1.8,0.8138613861386137,0.3672293110916002,0.003622712649165915,2.4409661125099844,0,0
456,1.6,1.1257425742574259,0.4199607396422884,0.12938777803493595,0.8881067451717308,0,0
457,1.8,1.5881188118811882,0.45626271933180534,0.3211862616970355,0.49324303934843183,0,0
458,0.2,1.0831683168316832,0.39226918089916973,1.0,-0.0,0,0
459,0.2,1.0792079207920793,0.3839133647327602,1.0,-0.0,0,0
460,0.2,1.0316831683168315,0.37095827020238537,1.0,-0.0,0,0
461,0.2,0.7128712871287128,0.32629433543043135,1.0,-0.0,0,0
462,0.0,0.24752475247524752,0.2032381714585378,1.0,-0.0,0,0
463,0.0,0.009900990099009901,0.04338396495090424,1.0,-0.0,0,0
464,0.0,0.0,0.0,1.0,-0.0,0,0
465,0.6,0.2059405940594059,0.20768492042973294,0.028888205793279383,1.539279430751013,0,0
466,0.6,0.2059405940594059,0.20768492042973294,0.028888205793279383,1.539279430751013,0,0
467,0.6,0.2158415841584158,0.2081187176757425,0.032456128524026406,1.4887032855241844,0,0
468,0.6,0.35049504950495064,0.2661138602349678,0.17422829460349715,0.7588813143552562,0,0
469,0.6,0.4237623762376238,0.2846392592236412,0.2679050402587398,0.5720191156714969,0,0
470,0.0,0.21782178217821782,0.1951876678075502,1.0,-0.0,0,0
471,0.0,0.21782178217821782,0.1951876678075502,1.0,-0.0,0,0
472,0.0,0.2079207920792079,0.1927822186435128,1.0,-0.0,0,0
473,0.0,0.07326732673267328,0.12177815335858849,1.0,-0.0,0,0
474,0.0,0.015841584158415842,0.054012600780142014,1.0,-0.0,0,0
475,0.0,0.015841584158415842,0.054012600780142014,1.0,-0.0,0,0
476,0.0,0.06732673267326733,0.12356816445008077,1.0,-0.0,0,0
477,0.0,0.22376237623762374,0.20544494810840297,1.0,-0.0,0,0
478,0.0,0.32871287128712867,0.24948923414276186,1.0,-0.0,0,0
479,0.0,0.34851485148514855,0.24316960685954458,1.0,-0.0,0,0
480,0.0,0.4396039603960396,0.27289399092201533,1.0,-0.0,0,0
481,0.0,0.38811881188118813,0.2740553997303477,1.0,-0.0,0,0
482,0.0,0.2316831683168317,0.21751553629241208,1.0,-0.0,0,0
483,0.2,1.3227722772277226,0.5150951441707442,1.0,-0.0,0,0
484,0.2,1.298019801980198,0.5185624069530217,1.0,-0.0,0,0
485,0.2,1.269306930693069,0.5276029436892758,1.0,-0.0,0,0
486,0.2,1.269306930693069,0.5276029436892758,1.0,-0.0,0,0
487,0.2,1.269306930693069,0.5276029436892758,1.0,-0.0,0,0
488,0.0,0.3405940594059407,0.2678030227137295,1.0,-0.0,0,0
489,0.0,0.3722772277227724,0.2655533404236073,1.0,-0.0,0,0
490,0.0,0.306930693069307,0.24464863701355247,1.0,-0.0,0,0
491,0.2,0.3386138613861387,0.25754757208537205,1.0,-0.0,0,0
492,0.2,0.3386138613861387,0.25754757208537205,1.0,-0.0,0,0
493,0.2,0.0712871287128713,0.11110305060677654,0.12333004940280475,0.9089310945328979,0,0
494,0.2,0.031683168316831684,0.0730260947112308,0.01058647624307391,1.9752485727397298,0,0
495,0.2,0.031683168316831684,0.0730260947112308,0.01058647624307391,1.9752485727397298,0,0
496,0.0,0.0,0.0,1.0,-0.0,0,0
497,0.2,0.033663366336633666,0.07482947971362847,0.013112090674369026,1.8823280561396656,0,0
498,0.2,0.07920792079207921,0.13520562388207177,0.18582273897469348,0.7309011428343797,0,0
499,0.2,0.11287128712871287,0.15002532217723413,0.2807010934421309,0.5517558956129467,0,0
500,0.2,0.1564356435643564,0.15821769786485684,0.3915258295622037,0.4072395815848257,0,0
501,0.2,0.16435643564356434,0.16505874046871055,0.414515416893637,0.3824593122854273,0,0
502,0.0,0.18613861386138614,0.17856950998171084,1.0,-0.0,0,0
503,0.0,0.15445544554455443,0.16858452795083376,1.0,-0.0,0,0
504,0.0,0.14257425742574256,0.16730036701294593,1.0,-0.0,0,0
505,0.0,0.5405940594059405,0.32279049939451876,1.0,-0.0,0,0
506,0.0,0.5603960396039604,0.3330266863866939,1.0,-0.0,0,0
507,0.0,0.502970297029703,0.31668313349233745,1.0,-0.0,0,0
508,0.0,0.48910891089108915,0.313997222065977,1.0,-0.0,0,0
509,0.0,0.5524752475247524,0.31484525804913727,1.0,-0.0,0,0
510,0.0,0.1168316831683168,0.15737280385192495,1.0,-0.0,0,0
511,0.0,0.1089108910891089,0.16050601290423325,1.0,-0.0,0,0
512,1.0,0.6514851485148515,0.31922364406157044,0.1374698218083461,0.8617926302743127,0,0
513,1.0,0.6514851485148515,0.31922364406157044,0.1374698218083461,0.8617926302743127,0,0
514,1.0,0.5683168316831684,0.31305922416614135,0.08395993559572286,1.0759279032296194,1,0
515,1.0,0.5623762376237624,0.3130341724136772,0.08105557940889387,1.0912170854040353,0,0
516,1.0,0.5425742574257426,0.3150818013080694,0.07328303305224632,1.134996564304801,0,0
517,0.0,0.0,0.0,1.0,-0.0,0,0
518,0.0,0.0,0.0,1.0,-0.0,0,0
519,0.0,0.0,0.0,1.0,-0.0,0,0
520,0.0,0.0,0.0,1.0,-0.0,0,0
521,1.2,0.3742574257425743,0.29202382425070533,0.002344516796628797,2.62994665153376,0,0
522,1.2,0.4257425742574258,0.29872781920941144,0.004773081839761291,2.3212011191112296,0,0
523,1.2,0.4257425742574258,0.29872781920941144,0.004773081839761291,2.3212011191112296,0,0
524,1.2,0.4257425742574258,0.29872781920941144,0.004773081839761291,2.3212011191112296,0,0
525,1.2,0.4257425742574258,0.29872781920941144,0.004773081839761291,2.3212011191112296,0,0
526,0.0,0.05148514851485149,0.1001126705723924,1.0,-0.0,0,0
527,0.0,0.0,0.0,1.0,-0.0,0,0
528,0.2,0.4712871287128713,0.3442128726754973,1.0,-0.0,0,0
529,0.2,0.5534653465346534,0.3513944939569995,1.0,-0.0,0,0
530,0.2,0.5534653465346534,0.3513944939569995,1.0,-0.0,0,0
531,1.0,1.1524752475247526,0.47106243083454513,1.0,-0.0,0,0
532,1.0,1.1524752475247526,0.47106243083454513,1.0,-0.0,0,0
533,1.2,0.8950495049504948,0.39057617698024977,0.2174686397417614,0.6626033620154093,0,0
534,1.2,0.8178217821782178,0.40305664776519307,0.17151388393855432,0.765700718339323,0,0
535,1.6,1.5118811881188123,0.47622424385807194,0.42660024913990524,0.36997889525308214,0,0
536,1.0,1.271287128712871,0.4490554737971704,1.0,-0.0,0,0
537,1.2,1.443564356435643,0.4781183915656234,1.0,-0.0,0,0
538,0.8,1.6118811881188118,0.5286424101081231,1.0,-0.0,0,0
539,0.8,1.6732673267326732,0.550587640906147,1.0,-0.0,0,0
540,0.4,0.9821782178217822,0.4923968534705669,1.0,-0.0,0,0
541,0.2,0.6237623762376238,0.37473383685683176,1.0,-0.0,0,0
542,0.2,0.4811881188118813,0.34718468030008903,1.0,-0.0,0,0
543,0.2,0.09702970297029703,0.13084299831035082,0.2156479632222777,0.6662546393752192,0,0
544,0.2,0.033663366336633666,0.07994704648786674,0.018735949469970602,1.7273242935431963,0,0
545,0.2,0.02970297029702971,0.07112192077650681,0.008322928729312118,2.079723824290396,0,0
546,0.2,0.03564356435643565,0.07653920035678292,0.015882722457572503,1.7990750531077893,0,0
547,0.0,0.0059405940594059415,0.03395332316729157,1.0,-0.0,0,0
548,0.0,0.0059405940594059415,0.03395332316729157,1.0,-0.0,0,0
549,0.2,0.15643564356435644,0.19213023717381658,0.41031145014601017,0.3868863634477985,0,0
550,0.2,0.39603960396039595,0.2354354684784451,1.0,-0.0,0,0
551,0.2,0.3900990099009901,0.2310136726034041,1.0,-0.0,0,0
552,0.2,0.5227722772277228,0.27282213700388885,1.0,-0.0,0,0
553,0.2,0.5227722772277228,0.27282213700388885,1.0,-0.0,0,0
554,0.0,0.398019801980198,0.2617459269997356,1.0,-0.0,0,0
555,0.0,0.1603960396039604,0.16415351901831846,1.0,-0.0,0,0
556,0.0,0.2792079207920792,0.22174681471951554,1.0,-0.0,0,0
557,0.0,0.1920792079207921,0.18222126052003706,1.0,-0.0,0,0
558,0.0,0.2316831683168317,0.19847472496357746,1.0,-0.0,0,0
559,0.0,0.20396039603960395,0.18235032765499148,1.0,-0.0,0,0
560,0.0,0.2099009900990099,0.18535753542711383,1.0,-0.0,0,0
561,0.0,0.15643564356435644,0.15821769786485684,1.0,-0.0,0,0
562,0.2,0.1584158415841584,0.15749733722889644,0.39587806720805707,0.40243855875391565,0,0
563,0.2,0.14455445544554452,0.14105349559214359,0.34712957847990666,0.45950837905891084,0,0
564,0.2,0.3940594059405941,0.2876403771551277,1.0,-0.0,0,0
565,0.2,0.3881188118811881,0.28814432876697155,1.0,-0.0,0,0
566,1.2,0.4633663366336633,0.3094942448247609,0.008653483712041249,2.062809019433136,0,0
567,1.2,0.44554455445544555,0.31324704844808215,0.008009118092566452,2.0964153027195334,0,0
568,1.4,0.5168316831683167,0.3285338890037063,0.003591802605852956,2.4446875388044065,0,0
569,1.4,0.3207920792079208,0.232215686562678,1.6804182853873911e-06,5.774582601354686,0,0
570,1.4,0.4039603960396041,0.26696712152637964,9.538149647275719e-05,4.020535868054779,0,0
571,0.4,0.2613861386138614,0.20632104994267103,0.25084412715019766,0.6005960623704099,0,0
572,0.2,0.2851485148514852,0.22222374712195597,1.0,-0.0,0,0
573,0.4,0.3108910891089109,0.25247330614668084,0.3620652528749898,0.441213152091969,0,0
574,0.4,0.25940594059405936,0.2189887730843446,0.2604317481438431,0.5843060738548969,0,0
575,0.4,0.3386138613861387,0.2636267602478039,0.4079379890981272,0.3894058492613352,0,0
576,0.4,0.35049504950495053,0.2690738653697114,0.42701349255887017,0.3695584021382397,0,0
577,0.4,0.8475247524752475,0.4137713673477418,1.0,-0.0,0,0
578,0.0,0.7227722772277227,0.39095749132549834,1.0,-0.0,0,0
579,0.0,0.7405940594059406,0.39254897350314477,1.0,-0.0,0,0
580,0.0,0.5782178217821784,0.3502768241602208,1.0,-0.0,0,0
581,0.0,0.5801980198019803,0.3598734106310817,1.0,-0.0,0,0
582,0.0,0.02970297029702971,0.08150144802873932,1.0,-0.0,0,0
583,0.0,0.02970297029702971,0.08150144802873932,1.0,-0.0,0,0
584,0.0,0.01386138613861386,0.06453136925465475,1.0,-0.0,0,0
585,0.0,0.015841584158415842,0.06709336374692047,1.0,-0.0,0,0
586,0.0,0.0019801980198019802,0.019801980198019802,1.0,-0.0,0,0
587,0.0,0.0594059405940594,0.09138994660763824,1.0,-0.0,0,0
588,0.0,0.07326732673267328,0.10798889666879985,1.0,-0.0,0,0
589,0.0,0.1584158415841584,0.1497637259500122,1.0,-0.0,0,0
590,0.0,0.1564356435643564,0.1505211024869694,1.0,-0.0,0,0
591,0.0,0.22772277227722768,0.19906654038593571,1.0,-0.0,0,0
592,0.0,0.2396039603960396,0.22518604318145743,1.0,-0.0,0,0
593,0.0,0.24356435643564353,0.23480172447970915,1.0,-0.0,0,0
594,0.0,0.1603960396039604,0.18883656715060818,1.0,-0.0,0,0
595,0.0,0.18415841584158418,0.20811871767574253,1.0,-0.0,0,0
596,0.0,0.11089108910891088,0.16038381569359675,1.0,-0.0,0,0
597,0.0,0.041584158415841586,0.09039772047931348,1.0,-0.0,0,0
598,0.0,0.023762376237623766,0.07056843438101175,1.0,-0.0,0,0
599,0.0,0.023762376237623766,0.07056843438101175,1.0,-0.0,0,0
600,0.0,0.0,0.0,1.0,-0.0,0,0
601,0.0,0.0,0.0,1.0,-0.0,0,0
602,0.0,0.0,0.0,1.0,-0.0,0,0
603,0.0,0.0,0.0,1.0,-0.0,0,0
604,0.0,0.0,0.0,1.0,-0.0,0,0
605,0.0,0.0,0.0,1.0,-0.0,0,0
606,0.0,0.019801980198019802,0.059735061897023205,1.0,-0.0,0,0
607,0.0,0.019801980198019802,0.059735061897023205,1.0,-0.0,0,0
608,0.0,0.019801980198019802,0.059735061897023205,1.0,-0.0,0,0
609,0.0,0.019801980198019802,0.059735061897023205,1.0,-0.0,0,0
610,0.0,0.019801980198019802,0.059735061897023205,1.0,-0.0,0,0
611,0.0,0.0,0.0,1.0,-0.0,0,0
612,0.0,0.0,0.0,1.0,-0.0,0,0
613,0.0,0.0,0.0,1.0,-0.0,0,0
614,0.0,0.0,0.0,1.0,-0.0,0,0
615,0.0,0.0,0.0,1.0,-0.0,0,0
616,0.0,0.0,0.0,1.0,-0.0,0,0
617,0.0,0.0,0.0,1.0,-0.0,0,0
618,0.0,0.06336633663366337,0.1158034971660471,1.0,-0.0,0,0
619,0.0,0.0891089108910891,0.12420120222231065,1.0,-0.0,0,0
620,0.0,0.09702970297029702,0.124642415697871,1.0,-0.0,0,0
621,0.0,0.30693069306930687,0.2208253759912974,1.0,-0.0,0,0
622,0.0,0.30693069306930687,0.2208253759912974,1.0,-0.0,0,0
623,0.0,0.26732673267326734,0.2092461295955333,1.0,-0.0,0,0
624,0.0,0.24158415841584158,0.21492219487073477,1.0,-0.0,0,0
625,0.0,0.23366336633663368,0.20885222769798345,1.0,-0.0,0,0
626,0.0,0.05742574257425742,0.11021718851545143,1.0,-0.0,0,0
627,0.0,0.1485148514851485,0.16567525277902487,1.0,-0.0,0,0
628,0.0,0.12079207920792079,0.1517663861889879,1.0,-0.0,0,0
629,0.0,0.12079207920792079,0.1517663861889879,1.0,-0.0,0,0
630,0.0,0.12079207920792079,0.1517663861889879,1.0,-0.0,0,0
631,0.0,0.2356435643564356,0.1917011692717774,1.0,-0.0,0,0
632,0.0,0.1465346534653465,0.1709405295438197,1.0,-0.0,0,0
633,0.2,0.8871287128712868,0.41018309515606405,1.0,-0.0,0,0
634,0.2,1.0099009900990097,0.408209068569509,1.0,-0.0,0,0
635,0.4,1.0772277227722773,0.40194605522464805,1.0,-0.0,0,0
636,0.4,0.9643564356435643,0.36952850837003964,1.0,-0.0,0,0
637,0.4,0.982178217821782,0.37559089804447277,1.0,-0.0,0,0
638,0.2,0.2396039603960396,0.20685251258931642,1.0,-0.0,0,0
639,0.2,0.11683168316831682,0.14146987009498416,0.27830402559675094,0.555480511661606,0,0
640,0.0,0.04950495049504951,0.09912864166957489,1.0,-0.0,0,0
641,0.0,0.017821782178217824,0.0635517090529949,1.0,-0.0,0,0
642,0.0,0.0,0.0,1.0,-0.0,0,0
643,0.0,0.0,0.0,1.0,-0.0,0,0
644,0.0,0.0,0.0,1.0,-0.0,0,0
645,0.0,0.0,0.0,1.0,-0.0,0,0
646,0.0,0.0,0.0,1.0,-0.0,0,0
647,0.0,0.0,0.0,1.0,-0.0,0,0
648,0.2,0.04356435643564357,0.08721867542790195,0.036438310127516485,1.438441772185106,0,0
649,0.2,0.04356435643564357,0.08721867542790195,0.036438310127516485,1.438441772185106,0,0
650,0.2,0.04356435643564357,0.08721867542790195,0.036438310127516485,1.438441772185106,0,0
651,0.2,0.049504950495049514,0.09504950495049506,0.056672754609762954,1.2466256777282643,0,0
652,0.2,0.049504950495049514,0.09504950495049506,0.056672754609762954,1.2466256777282643,0,0
653,0.0,0.017821782178217824,0.0635517090529949,1.0,-0.0,0,0
654,0.0,0.02970297029702971,0.07648795214189293,1.0,-0.0,0,0
655,0.0,0.057425742574257435,0.10277971700879983,1.0,-0.0,0,0
656,0.0,0.05346534653465348,0.10104832334394512,1.0,-0.0,0,0
657,0.0,0.05346534653465348,0.10104832334394512,1.0,-0.0,0,0
658,0.0,0.041584158415841586,0.09039772047931348,1.0,-0.0,0,0
659,0.0,0.02970297029702971,0.07648795214189293,1.0,-0.0,0,0
660,0.0,0.0019801980198019802,0.0198019801980198,1.0,-0.0,0,0
661,0.0,0.0,0.0,1.0,-0.0,0,0
662,0.0,0.0,0.0,1.0,-0.0,0,0
663,0.0,0.0,0.0,1.0,-0.0,0,0
664,0.0,0.0,0.0,1.0,-0.0,0,0
665,0.0,0.0,0.0,1.0,-0.0,0,0
666,0.0,0.0,0.0,1.0,-0.0,0,0
667,0.0,0.009900990099009901,0.04338396495090424,1.0,-0.0,0,0
668,0.0,0.015841584158415842,0.05401260078014202,1.0,-0.0,0,0
669,0.2,0.04158415841584158,0.0946774898050053,0.0471424419690859,1.3265879248615298,0,0
670,0.2,0.04158415841584158,0.0946774898050053,0.0471424419690859,1.3265879248615298,0,0
671,0.2,0.05346534653465347,0.10489443673781407,0.08121090620767592,1.0903856433234342,0,0
672,0.2,0.05544554455445545,0.10575073206193021,0.0858227237563678,1.0663977063776964,0,0
673,0.2,0.04950495049504951,0.09504950495049506,0.056672754609762926,1.2466256777282645,0,0
674,0.2,0.09900990099009897,0.12467387119760155,0.20896026115900324,0.679936297622463,0,0
675,0.2,0.09900990099009897,0.12467387119760155,0.20896026115900324,0.679936297622463,0,0
676,0.4,0.15445544554455443,0.15891011998209012,0.06115150585874356,1.213592843973721,0,0
677,0.4,0.14257425742574256,0.16004116713803368,0.053863182695755435,1.2687079883480792,0,0
678,0.8,0.1603960396039604,0.18025241263723207,0.00019380467652386056,3.7126357475948355,0,0
679,0.6,0.08316831683168316,0.13575553664160483,7.0309691733906e-05,4.152984806182937,0,0
680,0.8,0.09900990099009901,0.1367914141716479,1.4914972477850654e-07,6.826377543691702,0,0
681,0.8,0.07524752475247526,0.11553229422427584,1.7689741399888555e-10,9.752278515842246,0,0
682,1.2,0.15841584158415842,0.17192407185067915,6.874267479499415e-10,9.16277357336106,0,0
683,0.8,0.1396039603960396,0.16535542751920132,3.251174557340056e-05,4.487959712369636,0,0
684,0.8,0.1396039603960396,0.16535542751920132,3.251174557340056e-05,4.487959712369636,0,0
685,0.6,0.12277227722772277,0.14884451859775158,0.0006724642379523186,3.172330806750005,0,0
686,0.4,0.08118811881188118,0.1325402022232199,0.008077439876525332,2.0927262659182366,0,0
687,0.0,0.0,0.0,1.0,-0.0,0,0
688,0.0,0.0059405940594059415,0.03395332316729157,1.0,-0.0,0,0
689,0.2,0.08514851485148514,0.12054836637801526,0.17036041751406306,0.7686313042414473,0,0
690,0.2,0.10099009900990097,0.12145573247679728,0.20748083236247084,0.6830220183914711,0,0
691,0.6,0.12376237623762375,0.13726357881681875,0.000260702458978018,3.5838548724927834,0,0
692,0.6,0.12376237623762375,0.13726357881681875,0.000260702458978018,3.5838548724927834,0,0
693,0.6,0.1267326732673267,0.139937106883602,0.00035980043058029805,3.4439383212613524,0,0
694,0.4,0.05346534653465348,0.10104832334394513,0.0003024637961133197,3.5193266014715943,0,0
695,0.8,0.04752475247524753,0.10205226714237721,8.315651432531508e-14,13.080103723296896,0,0
696,0.4,0.025742574257425745,0.07791016068477624,7.787814405715245e-07,6.108584406861067,0,0
697,1.0,0.03564356435643565,0.09500824186847648,1.0000001652751416e-17,16.999999928221925,0,0
698,1.0,0.02772277227722772,0.07975061610139514,1e-17,17.0,0,0
699,1.0,0.019801980198019802,0.06603299802191315,1e-17,17.0,0,0
700,0.6,0.009900990099009901,0.04338396495090424,1e-17,17.0,0,0
701,0.6,0.009900990099009901,0.04338396495090424,1e-17,17.0,0,0
702,0.0,0.0,0.0,1.0,-0.0,0,0
703,0.0,0.0,0.0,1.0,-0.0,0,0
704,0.0,0.0059405940594059415,0.03395332316729158,1.0,-0.0,0,0
705,0.0,0.015841584158415842,0.06090517425437505,1.0,-0.0,0,0
706,0.0,0.015841584158415842,0.06090517425437505,1.0,-0.0,0,0
707,0.0,0.03564356435643565,0.08154954567118415,1.0,-0.0,0,0
708,0.0,0.04752475247524753,0.09397077637785879,1.0,-0.0,0,0
709,0.0,0.041584158415841586,0.08590499787518362,1.0,-0.0,0,0
710,0.2,0.061386138613861385,0.10433219700847123,0.09199298471617674,1.0362452902111776,0,0
711,0.2,0.07524752475247526,0.1189108498693262,0.1470600443380226,0.8325053074261874,0,0
712,0.2,0.06336633663366337,0.10874875419996817,0.10448261079208833,0.9809559838634979,0,0
713,0.2,0.051485148514851496,0.10011267057239238,0.0689738517569684,1.1613155207112393,0,0
714,0.2,0.07326732673267328,0.11848138852793338,0.14239023387273103,0.8465197966586488,0,0
715,0.0,0.05346534653465347,0.09704990696905227,1.0,-0.0,0,0
716,0.0,0.039603960396039604,0.08452453849668534,1.0,-0.0,0,0
717,0.0,0.031683168316831684,0.0730260947112308,1.0,-0.0,0,0
718,0.0,0.031683168316831684,0.0730260947112308,1.0,-0.0,0,0
719,0.0,0.009900990099009901,0.04338396495090424,1.0,-0.0,0,0
720,0.0,0.0,0.0,1.0,-0.0,0,0
721,0.0,0.0,0.0,1.0,-0.0,0,0
722,0.0,0.0,0.0,1.0,-0.0,0,0
723,0.0,0.0,0.0,1.0,-0.0,0,0
724,0.0,0.0,0.0,1.0,-0.0,0,0
725,0.0,0.0,0.0,1.0,-0.0,0,0
726,0.0,0.0,0.0,1.0,-0.0,0,0
727,0.0,0.0,0.0,1.0,-0.0,0,0
728,0.0,0.0,0.0,1.0,-0.0,0,0
729,0.0,0.0,0.0,1.0,-0.0,0,0
730,0.0,0.0039603960396039604,0.027863855998951068,1.0,-0.0,0,0
731,0.0,0.011881188118811883,0.047276579747775535,1.0,-0.0,0,0
732,0.0,0.03762376237623763,0.08771182015980238,1.0,-0.0,0,0
733,0.0,0.04554455445544555,0.09700949476369022,1.0,-0.0,0,0
734,0.0,0.04554455445544555,0.09700949476369022,1.0,-0.0,0,0
735,0.0,0.041584158415841586,0.09039772047931348,1.0,-0.0,0,0
736,0.0,0.04554455445544554,0.09700949476369024,1.0,-0.0,0,0
737,0.0,0.019801980198019802,0.059735061897023205,1.0,-0.0,0,0
738,0.2,0.015841584158415842,0.05401260078014202,0.00032535620257014524,3.4876409094885674,0,0
739,0.2,0.015841584158415842,0.05401260078014202,0.00032535620257014524,3.4876409094885674,0,0
740,0.2,0.015841584158415842,0.05401260078014202,0.00032535620257014524,3.4876409094885674,0,0
741,0.2,0.039603960396039604,0.08452453849668534,0.028872622852877186,1.5395137620565469,0,0
742,0.2,0.039603960396039604,0.08452453849668534,0.028872622852877186,1.5395137620565469,0,0
743,0.0,0.05148514851485149,0.096075322540263,1.0,-0.0,0,0
744,0.0,0.05148514851485149,0.096075322540263,1.0,-0.0,0,0
745,0.0,0.05148514851485149,0.096075322540263,1.0,-0.0,0,0
746,0.0,0.015841584158415842,0.054012600780142014,1.0,-0.0,0,0
747,0.0,0.019801980198019806,0.05973506189702319,1.0,-0.0,0,0
748,0.0,0.0059405940594059415,0.03395332316729158,1.0,-0.0,0,0
749,0.0,0.0297029702970297,0.07648795214189293,1.0,-0.0,0,0
750,0.2,0.6495049504950494,0.3358523256268414,1.0,-0.0,0,0
751,1.4,0.9940594059405939,0.431855719896782,0.17361102679141344,0.7604226943520407,0,0
752,1.4,1.0356435643564357,0.4318012373733966,0.199388936479997,0.700298943110563,0,0
753,1.4,1.0693069306930694,0.44270602951148846,0.22753746265685848,0.6429470891795555,0,0
754,1.4,1.0455445544554456,0.4313287672305698,0.20560231878240431,0.6869719916771304,0,0
755,1.2,0.42574257425742573,0.26945249414929195,0.002030096821832389,2.692483248695266,0,0
756,0.0,0.10693069306930691,0.15559367350941147,1.0,-0.0,0,0
757,0.0,0.0613861386138614,0.12505072003047085,1.0,-0.0,0,0
758,0.0,0.025742574257425748,0.07264925278354116,1.0,-0.0,0,0
759,0.0,0.05148514851485149,0.10011267057239238,1.0,-0.0,0,0
760,1.2,0.5623762376237625,0.32665465615209666,0.025470215677027824,1.5939673774962797,0,0
761,1.2,0.6356435643564357,0.35196313893851694,0.05441731237362755,1.2642629114744264,0,0
762,1.2,0.691089108910891,0.36427032990311026,0.08119636786144414,1.0904633975200677,0,0
763,1.2,0.7009900990099008,0.3600041390039706,0.08285472344664575,1.081682727940604,0,0
764,1.2,0.9900990099009902,0.39739372462994094,0.29868233873485894,0.5247904567288518,0,0
765,0.0,0.499009900990099,0.32411190143906415,1.0,-0.0,0,0
766,0.6,0.9465346534653466,0.38986272182454723,1.0,-0.0,0,0
767,0.6,1.0613861386138617,0.45706127522774503,1.0,-0.0,0,0
768,0.8,1.2534653465346535,0.4914243506008771,1.0,-0.0,0,0
769,0.8,1.081188118811881,0.468558537671841,1.0,-0.0,0,0
770,1.0,1.083168316831683,0.4635355534295148,1.0,-0.0,0,0
771,0.4,0.5366336633663366,0.34461135298964257,1.0,-0.0,0,0
772,0.4,0.401980198019802,0.3024586373880796,1.0,-0.0,0,0
773,0.2,0.19999999999999996,0.20098766032759424,0.4999999999999999,0.3010299956639813,0,0
774,5.6,1.1623762376237625,0.5125844987377599,1.2414277077188515e-17,16.90607856572111,0,0
775,8.0,1.4336633663366336,0.525823677807612,1e-17,17.0,0,0
776,8.8,1.5564356435643563,0.5239635392016363,1e-17,17.0,0,0
777,9.6,1.5524752475247523,0.540735483622724,1e-17,17.0,0,0
778,9.6,1.5524752475247523,0.540735483622724,1e-17,17.0,0,0
779,4.2,0.4693069306930693,0.2917148255692809,1e-17,17.0,0,0
780,1.6,0.2079207920792079,0.21046067731622056,1.8648242775431636e-11,10.729362085511505,0,0
781,0.8,0.10297029702970295,0.14243667729389659,4.950119527610544e-07,6.30538431428765,0,0
782,0.0,0.14653465346534655,0.1906551271589847,1.0,-0.0,0,0
783,0.4,0.33960396039603963,0.26479179488379284,0.40978860807752426,0.387440118940771,0,0
784,0.6,0.32079207920792085,0.25341893139374216,0.13528208650795048,0.8687597070668693,0,0
785,0.6,0.2891089108910891,0.2412430638613058,0.09875037035059649,1.005461266932704,0,0
786,0.6,0.2792079207920792,0.2270415985277005,0.07883932352200247,1.103257110824886,0,0
787,0.6,0.2356435643564356,0.19780186026407595,0.03273557500230347,1.4849800262668267,0,0
788,0.2,0.13069306930693067,0.1552657091795062,0.3276627295973037,0.4845729551716721,0,0
789,0.0,0.16831683168316827,0.17740187251029735,1.0,-0.0,0,0
790,0.4,0.31287128712871287,0.26313546047940717,0.37027792839200724,0.43147217469979293,1,0
791,0.4,0.40594059405940597,0.2890139542960944,1.0,-0.0,0,0
792,0.6,0.3881188118811881,0.29088023758311626,0.23318014969799705,0.6323084232250098,0,0
793,0.6,0.31485148514851485,0.24591157495289667,0.12311458620650535,0.9096904902553228,0,0
794,0.6,0.2752475247524752,0.22133972839316557,0.07115909254030475,1.1477695989137324,0,0
795,0.2,0.17623762376237626,0.17414487814590618,0.44573207631638706,0.3509261115589876,0,0
796,0.2,0.15643564356435644,0.18370005771578798,0.40627044907303167,0.3911847658381291,0,0
797,0.0,0.2178217821782178,0.21079577635122798,1.0,-0.0,0,0
798,0.0,0.3425742574257426,0.2426530484283626,1.0,-0.0,0,0
799,0.2,0.3504950495049505,0.24112925845368352,1.0,-0.0,0,0
800,0.2,0.3841584158415842,0.26800793296494774,1.0,-0.0,0,0
801,0.4,0.4514851485148515,0.2906509803074657,1.0,-0.0,0,0
802,0.6,0.39999999999999997,0.27431282279994723,0.23297189634963156,0.6326964652246831,0,0
803,0.6,0.26930693069306927,0.2293954923972211,0.07470976070413117,1.1266226546367941,0,0
804,0.8,0.44554455445544555,0.2623295306830054,0.08831826092770446,1.0539494912106364,0,0
805,0.8,0.36633663366336633,0.21812759810261123,0.023399330102918562,1.630796575785174,0,0
806,0.6,0.21584158415841584,0.18387074305594647,0.01834103047210457,1.7365762675876677,0,0
807,1.0,0.8554455445544555,0.3787617259629152,0.3513604540539669,0.45424712033820647,0,0
808,1.0,1.001980198019802,0.4254247028860728,1.0,-0.0,0,0
809,0.6,0.8594059405940593,0.3925489735031448,1.0,-0.0,0,0
810,0.8,1.001980198019802,0.42635461418122844,1.0,-0.0,0,0
811,2.0,1.5306930693069307,0.5431376709048322,0.19377574885835086,0.7127005760779365,0,0
812,1.4,0.9485148514851486,0.4384070763923851,0.1515446993049001,0.8194592496816586,0,0
813,1.4,0.7940594059405941,0.41406504061206717,0.07167970134457279,1.1446038128419445,0,0
814,1.4,0.99009900990099,0.4290225940864228,0.1696801839079372,0.7703688737809864,0,0
815,1.2,1.2554455445544557,0.465965461585985,1.0,-0.0,0,0
816,0.0,0.7257425742574257,0.3253797371317818,1.0,-0.0,0,0
817,1.8,0.9247524752475248,0.3445203124087025,0.005534995444509098,2.2568827322243505,0,0
818,1.8,0.9287128712871286,0.3532975168026014,0.006828573768027307,2.165669994613681,0,0
819,1.8,0.7168316831683166,0.3368665472844479,0.0006512630233958033,3.1862435789593966,0,0
820,1.8,0.3465346534653467,0.27845555538342165,8.958768597532431e-08,7.047751680968355,0,0
821,1.8,0.3465346534653467,0.27845555538342165,8.958768597532431e-08,7.047751680968355,0,0
822,0.0,0.07326732673267328,0.11509022642946842,1.0,-0.0,0,0
823,0.0,0.06930693069306931,0.11409790329416186,1.0,-0.0,0,0
824,0.0,0.05742574257425742,0.10277971700879983,1.0,-0.0,0,0
825,0.2,0.3643564356435644,0.2660991248402758,1.0,-0.0,0,0
826,0.6,0.7485148514851485,0.338492248441055,1.0,-0.0,0,0
827,0.6,0.7663366336633662,0.3527199061895021,1.0,-0.0,0,0
828,0.8,0.7841584158415842,0.3611677082994582,0.482507151955975,0.31649624494817846,0,0
829,1.2,1.1485148514851486,0.449997549253203,0.45445557545590237,0.3425085640972959,0,0
830,1.0,0.8950495049504951,0.41131911381656455,0.39930134871256723,0.3986992228949777,0,0
831,0.8,0.7861386138613862,0.37258255858858347,0.4851613622900919,0.31411379315658733,0,0
832,0.8,0.8732673267326733,0.39373587395284176,1.0,-0.0,0,0
833,0.6,0.9128712871287129,0.40727623786325456,1.0,-0.0,0,0
834,0.4,0.7504950495049505,0.38835111253755406,1.0,-0.0,0,0
835,0.6,0.8633663366336636,0.4126040876242061,1.0,-0.0,0,0
836,0.4,0.6079207920792079,0.32811588399537395,1.0,-0.0,0,0
837,0.4,0.603960396039604,0.29380426975552254,1.0,-0.0,0,0
838,0.4,0.6376237623762376,0.31555435587954955,1.0,-0.0,0,0
839,0.2,0.5396039603960395,0.33480575362078613,1.0,-0.0,0,0
840,0.0,0.34059405940594056,0.25569870025333336,1.0,-0.0,0,0
841,0.0,0.7128712871287126,0.38734009574226935,1.0,-0.0,0,0
842,0.0,0.7227722772277226,0.3765085007176279,1.0,-0.0,0,0
843,0.0,0.7405940594059405,0.37075737785246576,1.0,-0.0,0,0
844,0.2,0.6257425742574257,0.329010958722821,1.0,-0.0,0,0
845,0.8,0.8297029702970297,0.3862858312914465,1.0,-0.0,0,0
846,0.8,0.45940594059405937,0.2793834151090159,0.11140465623322073,0.9530966571503104,0,0
847,0.8,0.35445544554455444,0.2546691709429351,0.04010202961203891,1.3968336466565527,0,0
848,0.8,0.30495049504950494,0.23813476408557305,0.018814980885454396,1.7254962185530405,0,0
849,0.8,0.4712871287128713,0.28919027744203857,0.12783888549689382,0.893337024205451,0,0
850,0.2,0.300990099009901,0.20800564039617736,1.0,-0.0,0,0
851,0.2,0.3326732673267327,0.2129978900518789,1.0,-0.0,0,0
852,1.0,0.48910891089108904,0.25089976307026446,0.020863339630062018,1.680616172092675,0,0
853,1.0,0.44950495049504957,0.2460072293778898,0.012619692956459058,1.8989512115687248,0,0
854,1.0,0.46930693069306945,0.27780703262824014,0.028047693805863555,1.5521028423779792,0,0
855,1.0,0.4297029702970297,0.27486974573402984,0.0190029958421317,1.7211779266712273,0,0
856,1.0,0.4376237623762377,0.28936649314691143,0.02597946073762891,1.5853698679320714,0,0
857,0.2,0.26732673267326734,0.25216249314426303,1.0,-0.0,0,0
858,0.2,0.2475247524752475,0.24879673177867626,1.0,-0.0,0,0
859,0.0,0.057425742574257435,0.10277971700879983,1.0,-0.0,0,0
860,0.0,0.057425742574257435,0.10277971700879983,1.0,-0.0,0,0
861,0.0,0.0,0.0,1.0,-0.0,0,0
862,0.0,0.031683168316831684,0.07826167463512675,1.0,-0.0,0,0
863,0.0,0.031683168316831684,0.07826167463512675,1.0,-0.0,0,0
864,0.8,0.4316831683168317,0.2838667561748802,0.09722977483961827,1.0122007199667797,0,0
865,0.8,0.4871287128712872,0.3101144363473209,0.1565137472628637,0.8054475105252367,0,0
866,0.8,0.5326732673267326,0.3403867662990187,0.2161207621095746,0.6653035096716199,0,0
867,0.8,0.5306930693069306,0.33588734976795975,0.21134082848642244,0.6750165944125062,0,0
868,1.0,0.6039603960396039,0.3423624366595826,0.12368018185966186,0.9076998848375424,0,0
869,0.2,0.21188118811881188,0.20063618061766883,1.0,-0.0,0,0
870,0.2,0.2673267326732673,0.22030982274568572,1.0,-0.0,0,0
871,0.2,0.22376237623762374,0.2111489150505556,1.0,-0.0,0,0
872,0.2,0.25148514851485143,0.2297712428413511,1.0,-0.0,0,0
873,0.0,0.22574257425742572,0.22100287411174188,1.0,-0.0,0,0
874,0.0,0.23168316831683167,0.22112703802207725,1.0,-0.0,0,0
875,0.0,0.1188118811881188,0.157148395081398,1.0,-0.0,0,0
876,0.2,0.13267326732673265,0.16235208707144264,0.339182294566831,0.4695668261459117,0,0
877,0.4,0.2891089108910891,0.23626675228949945,0.31941081614832895,0.4956503815162574,0,0
878,0.4,0.2752475247524752,0.2213397283931655,0.2865048831759109,0.5428679715385483,0,0
879,0.4,0.3346534653465347,0.24391024301248035,0.3943834436749524,0.4040813251495192,0,0
880,1.2,0.5306930693069307,0.3382372985789493,0.023918770705780926,1.6212611444752192,0,0
881,1.0,0.5168316831683168,0.33093605823442873,0.07214434277312895,1.1417977186070765,0,0
882,0.8,0.29900990099009905,0.269394278205186,0.03146463214870925,1.502177341199813,0,0
883,0.8,0.3485148514851486,0.27953775897063443,0.05314308212457503,1.274553261538858,0,0
884,1.0,0.7168316831683166,0.412927080305521,0.24643265794793062,0.6083017387692253,0,0
885,0.2,0.6613861386138613,0.3752148683509548,1.0,-0.0,0,0
886,0.2,0.6732673267326733,0.37307687448968513,1.0,-0.0,0,0
887,0.6,0.8158415841584159,0.43298015715339605,1.0,-0.0,0,0
888,0.6,0.7782178217821784,0.434092648867953,1.0,-0.0,0,0
