,foreground,bg_means,bg_stdev,pvals,minus_logs,regs,active
2,0.0,0.17227722772277226,0.1846156359731749,1.0,-0.0,0,0
3,0.0,0.17227722772277226,0.1846156359731749,1.0,-0.0,0,0
4,0.0,0.17227722772277226,0.1846156359731749,1.0,-0.0,0,0
5,0.0,0.3188118811881188,0.24724736933082941,1.0,-0.0,0,0
6,0.0,0.3207920792079208,0.25959482202160616,1.0,-0.0,0,0
7,0.0,0.2792079207920792,0.232215686562678,1.0,-0.0,0,0
8,0.0,0.2792079207920792,0.232215686562678,1.0,-0.0,0,0
9,0.0,0.2792079207920792,0.232215686562678,1.0,-0.0,0,0
10,0.0,0.22376237623762374,0.20155264396038763,1.0,-0.0,0,0
11,0.0,0.09108910891089109,0.13057300215314485,1.0,-0.0,0,0
12,0.0,0.09108910891089109,0.13057300215314485,1.0,-0.0,0,0
13,0.0,0.09108910891089109,0.13057300215314485,1.0,-0.0,0,0
14,0.0,0.09108910891089109,0.13057300215314485,1.0,-0.0,0,0
15,0.0,0.13267326732673268,0.16477341831853246,1.0,-0.0,0,0
16,0.0,0.13267326732673268,0.16477341831853246,1.0,-0.0,0,0
17,0.2,0.13861386138613863,0.16588812705842176,0.35567433101614243,0.44894747667620205,0,0
18,0.2,0.13861386138613863,0.16588812705842176,0.35567433101614243,0.44894747667620205,0,0
19,0.2,0.21188118811881188,0.2045459248889779,1.0,-0.0,0,0
20,0.2,0.07722772277227723,0.11593886073904514,0.14481359215141565,0.8391906735026717,0,0
21,0.2,0.07722772277227723,0.11593886073904514,0.14481359215141565,0.8391906735026717,0,0
22,0.0,0.0712871287128713,0.11461224656227946,1.0,-0.0,0,0
23,0.0,0.0712871287128713,0.11461224656227946,1.0,-0.0,0,0
24,0.0,0.0,0.0,1.0,-0.0,0,0
25,0.0,0.0,0.0,1.0,-0.0,0,0
26,0.0,0.01386138613861386,0.05079507064705211,1.0,-0.0,0,0
27,0.0,0.01386138613861386,0.05079507064705211,1.0,-0.0,0,0
28,0.0,0.01386138613861386,0.05079507064705211,1.0,-0.0,0,0
29,0.0,0.2356435643564356,0.1896239939782038,1.0,-0.0,0,0
30,0.0,0.42772277227722777,0.24378159836059238,1.0,-0.0,0,0
31,0.0,0.42970297029702964,0.2569988844817049,1.0,-0.0,0,0
32,0.0,0.42970297029702964,0.2569988844817049,1.0,-0.0,0,0
33,0.0,0.42970297029702964,0.2569988844817049,1.0,-0.0,0,0
34,0.0,0.2079207920792079,0.20083152306547483,1.0,-0.0,0,0
35,0.0,0.015841584158415842,0.05401260078014202,1.0,-0.0,0,0
36,0.0,0.04158415841584159,0.08116396646304633,1.0,-0.0,0,0
37,0.0,0.04158415841584159,0.08116396646304633,1.0,-0.0,0,0
38,0.0,0.04158415841584159,0.08116396646304633,1.0,-0.0,0,0
39,0.0,0.04158415841584159,0.08116396646304633,1.0,-0.0,0,0
40,0.0,0.04158415841584159,0.08116396646304633,1.0,-0.0,0,0
41,0.0,0.0,0.0,1.0,-0.0,0,0
42,0.0,0.0,0.0,1.0,-0.0,0,0
43,0.0,0.0,0.0,1.0,-0.0,0,0
44,0.0,0.0,0.0,1.0,-0.0,0,0
45,0.0,0.0,0.0,1.0,-0.0,0,0
46,0.0,0.0,0.0,1.0,-0.0,0,0
47,0.0,0.0,0.0,1.0,-0.0,0,0
48,0.0,0.0,0.0,1.0,-0.0,0,0
49,0.0,0.0,0.0,1.0,-0.0,0,0
50,0.0,0.0,0.0,1.0,-0.0,0,0
51,0.0,0.0,0.0,1.0,-0.0,0,0
52,0.0,0.0,0.0,1.0,-0.0,0,0
53,0.0,0.0,0.0,1.0,-0.0,0,0
54,0.0,0.0,0.0,1.0,-0.0,0,0
55,0.0,0.0,0.0,1.0,-0.0,0,0
56,0.0,0.0,0.0,1.0,-0.0,0,0
57,0.0,0.0,0.0,1.0,-0.0,0,0
58,0.0,0.04554455445544555,0.08846854615322249,1.0,-0.0,0,0
59,0.0,0.04554455445544555,0.08846854615322249,1.0,-0.0,0,0
60,0.0,0.08316831683168317,0.12028786177019754,1.0,-0.0,0,0
61,0.0,0.08316831683168317,0.12028786177019754,1.0,-0.0,0,0
62,0.0,0.08316831683168317,0.12028786177019754,1.0,-0.0,0,0
63,0.2,0.27326732673267323,0.2350020387983651,1.0,-0.0,0,0
64,0.2,0.27326732673267323,0.2350020387983651,1.0,-0.0,0,0
65,0.2,0.23564356435643566,0.2113530940851696,1.0,-0.0,0,0
66,0.2,0.23564356435643566,0.2113530940851696,1.0,-0.0,0,0
67,0.2,0.2851485148514852,0.22043437703090285,1.0,-0.0,0,0
68,0.6,0.29702970297029707,0.20798678820595456,0.07260229855121837,1.1390496295435932,0,0
69,0.6,0.29702970297029707,0.20798678820595456,0.07260229855121837,1.1390496295435932,0,0
70,0.8,0.36039603960396044,0.2162136859778244,0.021016558942615095,1.6774383898572423,0,0
71,0.8,0.36039603960396044,0.2162136859778244,0.021016558942615095,1.6774383898572423,0,0
72,1.8,0.5683168316831683,0.286643495787172,8.659519570070313e-06,5.0625062019613125,0,0
73,1.2,0.31980198019801975,0.2501563083552765,0.00021692156732339087,3.6636972663173455,0,0
74,1.2,0.31980198019801975,0.2501563083552765,0.00021692156732339087,3.6636972663173455,0,0
75,1.0,0.25742574257425743,0.2093585368717556,0.00019489462230291957,3.710200144137323,0,0
76,1.0,0.25742574257425743,0.2093585368717556,0.00019489462230291957,3.710200144137323,0,0
77,0.8,0.4356435643564357,0.29030000133553946,0.10472066511028001,0.9799676081226256,0,0
78,0.8,0.4356435643564357,0.29030000133553946,0.10472066511028001,0.9799676081226256,0,0
79,1.0,0.4732673267326733,0.30406196903207994,0.04160828886506091,1.380820144138375,0,0
80,1.2,0.5188118811881188,0.3260057921149573,0.018331504659791196,1.7368018864493857,0,0
81,1.2,0.5188118811881188,0.3260057921149573,0.018331504659791196,1.7368018864493857,0,0
82,0.4,0.08118811881188118,0.11664694237642095,0.00313672736016238,2.5035232279145325,0,0
83,0.4,0.08118811881188118,0.11664694237642095,0.00313672736016238,2.5035232279145325,0,0
84,0.2,0.04356435643564357,0.08721867542790195,0.036438310127516485,1.438441772185106,0,0
85,0.0,0.0,0.0,1.0,-0.0,0,0
86,0.0,0.0,0.0,1.0,-0.0,0,0
87,0.0,0.0,0.0,1.0,-0.0,0,0
88,0.0,0.05346534653465347,0.09704990696905227,1.0,-0.0,0,0
89,0.0,0.05346534653465347,0.09704990696905227,1.0,-0.0,0,0
90,0.0,0.05346534653465347,0.09704990696905227,1.0,-0.0,0,0
91,0.0,0.07920792079207921,0.1261123431927973,1.0,-0.0,0,0
92,0.0,0.07920792079207921,0.1261123431927973,1.0,-0.0,0,0
93,0.0,0.025742574257425745,0.07791016068477624,1.0,-0.0,0,0
94,0.0,0.025742574257425745,0.07791016068477624,1.0,-0.0,0,0
95,0.0,0.025742574257425745,0.07791016068477624,1.0,-0.0,0,0
96,0.0,0.025742574257425748,0.07264925278354116,1.0,-0.0,0,0
97,0.0,0.025742574257425748,0.07264925278354116,1.0,-0.0,0,0
98,0.0,0.025742574257425748,0.07264925278354116,1.0,-0.0,0,0
99,0.0,0.025742574257425748,0.07264925278354116,1.0,-0.0,0,0
100,0.0,0.025742574257425748,0.07264925278354116,1.0,-0.0,0,0
101,0.0,0.0,0.0,1.0,-0.0,0,0
102,0.0,0.0,0.0,1.0,-0.0,0,0
103,0.0,0.021782178217821784,0.06230547612891991,1.0,-0.0,0,0
104,0.0,0.04554455445544555,0.09283729243351321,1.0,-0.0,0,0
105,0.0,0.057425742574257435,0.09885135821266286,1.0,-0.0,0,0
106,0.0,0.13861386138613863,0.15604664003838054,1.0,-0.0,0,0
107,0.0,0.13861386138613863,0.15604664003838054,1.0,-0.0,0,0
108,0.0,0.15445544554455445,0.16381875548472422,1.0,-0.0,0,0
109,0.0,0.1306930693069307,0.1447035715361989,1.0,-0.0,0,0
110,0.0,0.11683168316831684,0.13864214704328154,1.0,-0.0,0,0
111,0.0,0.03762376237623763,0.07816140339006158,1.0,-0.0,0,0
112,0.0,0.03762376237623763,0.07816140339006158,1.0,-0.0,0,0
113,0.0,0.021782178217821784,0.06230547612891991,1.0,-0.0,0,0
114,0.0,0.021782178217821784,0.06230547612891991,1.0,-0.0,0,0
115,0.0,0.021782178217821784,0.06230547612891991,1.0,-0.0,0,0
116,0.0,0.021782178217821784,0.06230547612891991,1.0,-0.0,0,0
117,0.0,0.4633663366336634,0.2562960742552624,1.0,-0.0,0,0
118,0.0,0.5425742574257425,0.27479840843409903,1.0,-0.0,0,0
119,0.0,0.5425742574257425,0.27479840843409903,1.0,-0.0,0,0
120,0.0,0.5643564356435643,0.2748840109724199,1.0,-0.0,0,0
121,0.0,0.679207920792079,0.30582361825375015,1.0,-0.0,0,0
122,0.0,0.25544554455445545,0.21455699121713326,1.0,-0.0,0,0
123,0.0,0.15643564356435644,0.16555687101844338,1.0,-0.0,0,0
124,0.0,0.1881188118811881,0.18200594523684843,1.0,-0.0,0,0
125,0.0,0.16633663366336632,0.1642729120947021,1.0,-0.0,0,0
126,0.0,0.19009900990099005,0.16259343117237499,1.0,-0.0,0,0
127,0.0,0.17227722772277226,0.15927982219556597,1.0,-0.0,0,0
128,0.0,0.17227722772277226,0.15927982219556597,1.0,-0.0,0,0
129,0.0,0.14059405940594058,0.13943181578046687,1.0,-0.0,0,0
130,0.0,0.14059405940594058,0.13943181578046687,1.0,-0.0,0,0
131,0.0,0.0,0.0,1.0,-0.0,0,0
132,0.0,0.011881188118811883,0.047276579747775535,1.0,-0.0,0,0
133,0.0,0.011881188118811883,0.047276579747775535,1.0,-0.0,0,0
134,0.0,0.011881188118811883,0.047276579747775535,1.0,-0.0,0,0
135,0.0,0.097029702970297,0.13676274574124359,1.0,-0.0,0,0
136,0.0,0.1465346534653465,0.1638426898490107,1.0,-0.0,0,0
137,0.0,0.13465346534653463,0.14653465346534653,1.0,-0.0,0,0
138,0.0,0.22574257425742572,0.17499842451711448,1.0,-0.0,0,0
139,0.0,0.22574257425742572,0.17499842451711448,1.0,-0.0,0,0
140,0.0,0.2831683168316832,0.20151373042706616,1.0,-0.0,0,0
141,0.0,0.28910891089108914,0.20772267789217197,1.0,-0.0,0,0
142,0.0,0.28910891089108914,0.20772267789217197,1.0,-0.0,0,0
143,0.0,0.19801980198019803,0.17233412057057096,1.0,-0.0,0,0
144,0.0,0.19801980198019803,0.17233412057057096,1.0,-0.0,0,0
145,0.0,0.05346534653465347,0.09287951999650357,1.0,-0.0,0,0
146,0.0,0.0,0.0,1.0,-0.0,0,0
147,0.0,0.0,0.0,1.0,-0.0,0,0
148,0.0,0.0,0.0,1.0,-0.0,0,0
149,0.0,0.0,0.0,1.0,-0.0,0,0
150,0.0,0.0,0.0,1.0,-0.0,0,0
151,0.0,0.0,0.0,1.0,-0.0,0,0
152,0.0,0.0,0.0,1.0,-0.0,0,0
153,0.0,0.0,0.0,1.0,-0.0,0,0
154,0.0,0.0,0.0,1.0,-0.0,0,0
155,0.0,0.0,0.0,1.0,-0.0,0,0
156,0.2,0.03564356435643565,0.07653920035678292,0.015882722457572503,1.7990750531077893,0,0
157,0.2,0.03564356435643565,0.07653920035678292,0.015882722457572503,1.7990750531077893,0,0
158,0.2,0.06534653465346535,0.10189845806153354,0.09317609402087902,1.03069549930456,0,0
159,0.8,0.41386138613861395,0.26885518313595647,0.07546806416224021,1.122236789990576,0,0
160,0.8,0.41386138613861395,0.26885518313595647,0.07546806416224021,1.122236789990576,0,0
161,1.2,0.44950495049504957,0.2616110643405466,0.0020605290225936056,2.6860212640496153,0,0
162,1.2,0.44950495049504957,0.2616110643405466,0.0020605290225936056,2.6860212640496153,0,0
163,1.2,0.4198019801980198,0.2540834048688386,0.0010680117058267811,2.9714239872436825,0,0
164,0.6,0.1168316831683168,0.13864214704328154,0.0002460656394719385,3.608949026807464,0,0
165,0.6,0.2079207920792079,0.1886288032334235,0.01882819265738409,1.7251913664727927,0,0
166,0.0,0.13564356435643563,0.16141954340548717,1.0,-0.0,0,0
167,0.0,0.13564356435643563,0.16141954340548717,1.0,-0.0,0,0
168,0.0,0.13564356435643563,0.16141954340548717,1.0,-0.0,0,0
169,0.0,0.0891089108910891,0.12420120222231065,1.0,-0.0,0,0
170,0.2,0.0891089108910891,0.12420120222231065,0.18597296685049775,0.7305501805181491,0,0
171,1.8,0.5603960396039604,0.282870438075085,5.873473934355388e-06,5.231104954244571,0,0
172,1.8,0.5603960396039604,0.282870438075085,5.873473934355388e-06,5.231104954244571,0,0
173,2.0,0.6613861386138613,0.2880354409676117,1.680782668662026e-06,5.7744884387929964,0,0
174,2.2,0.7722772277227723,0.3018486972244155,1.1229943173220687e-06,5.949622441389399,0,0
175,2.0,0.6811881188118811,0.27743980572266735,9.995940596544082e-07,6.000176333444924,0,0
176,0.6,0.2475247524752475,0.17832779885020875,0.02404580359855447,1.618960704446438,0,0
177,0.6,0.2851485148514851,0.18952057210305584,0.048326097286204635,1.3158182761523114,0,0
178,0.4,0.1841584158415841,0.16089642032294557,0.08988005654768934,1.046336663018132,0,0
179,0.2,0.07326732673267326,0.10425700262248065,0.1120725770261012,0.9505006416709056,0,0
180,0.2,0.07326732673267326,0.10425700262248065,0.1120725770261012,0.9505006416709056,0,0
181,0.0,0.03762376237623763,0.08307396817189318,1.0,-0.0,0,0
182,0.0,0.025742574257425745,0.0669763743575753,1.0,-0.0,0,0
183,0.0,0.025742574257425745,0.0669763743575753,1.0,-0.0,0,0
184,0.2,0.19801980198019803,0.19598959258073068,0.4959693202946658,0.30454518729775387,0,0
185,0.2,0.19801980198019803,0.19598959258073068,0.4959693202946658,0.30454518729775387,0,0
186,0.2,0.19801980198019803,0.19598959258073068,0.4959693202946658,0.30454518729775387,0,0
187,0.2,0.17227722772277226,0.1930058286100785,0.4428935730377479,0.35370062184776174,0,0
188,0.2,0.17227722772277226,0.1930058286100785,0.4428935730377479,0.35370062184776174,0,0
189,0.0,0.0,0.0,1.0,-0.0,0,0
190,0.0,0.0,0.0,1.0,-0.0,0,0
191,0.0,0.0,0.0,1.0,-0.0,0,0
192,0.0,0.0,0.0,1.0,-0.0,0,0
193,0.0,0.0,0.0,1.0,-0.0,0,0
194,0.0,0.0,0.0,1.0,-0.0,0,0
195,0.0,0.0,0.0,1.0,-0.0,0,0
196,0.0,0.19999999999999996,0.1616744069461402,1.0,-0.0,0,0
197,0.2,0.2158415841584158,0.16089642032294554,1.0,-0.0,0,0
198,0.2,0.5267326732673268,0.3254520357077506,1.0,-0.0,0,0
199,0.2,0.5267326732673268,0.3254520357077506,1.0,-0.0,0,0
200,0.2,0.5603960396039603,0.3424082468473383,1.0,-0.0,0,0
201,0.2,0.5940594059405941,0.3873805870758258,1.0,-0.0,0,0
202,0.0,0.5782178217821782,0.3764355914812908,1.0,-0.0,0,0
203,0.0,0.29306930693069305,0.2226116032232342,1.0,-0.0,0,0
204,0.0,0.29306930693069305,0.2226116032232342,1.0,-0.0,0,0
205,0.0,0.25940594059405936,0.21717275042938927,1.0,-0.0,0,0
206,0.0,0.025742574257425748,0.06697637435757531,1.0,-0.0,0,0
207,0.0,0.025742574257425748,0.06697637435757531,1.0,-0.0,0,0
208,0.0,0.0,0.0,1.0,-0.0,0,0
209,0.0,0.0,0.0,1.0,-0.0,0,0
210,0.0,0.0,0.0,1.0,-0.0,0,0
211,0.0,0.023762376237623763,0.06471340450838889,1.0,-0.0,0,0
212,0.0,0.023762376237623763,0.06471340450838889,1.0,-0.0,0,0
213,0.0,0.023762376237623763,0.06471340450838889,1.0,-0.0,0,0
214,0.0,0.12079207920792079,0.14372473118118065,1.0,-0.0,0,0
215,0.0,0.12079207920792079,0.14372473118118065,1.0,-0.0,0,0
216,0.0,0.09702970297029703,0.13084299831035082,1.0,-0.0,0,0
217,0.0,0.11485148514851484,0.14169143619800648,1.0,-0.0,0,0
218,0.0,0.11485148514851484,0.14169143619800648,1.0,-0.0,0,0
219,0.0,0.6,0.29383096103604595,1.0,-0.0,0,0
220,0.0,0.6514851485148513,0.3241481941329173,1.0,-0.0,0,0
221,0.0,0.6841584158415842,0.33558952805483167,1.0,-0.0,0,0
222,0.0,0.6653465346534654,0.33785451305693975,1.0,-0.0,0,0
