,foreground,bg_means,bg_stdev,pvals,minus_logs,regs,active
2,0.0,0.0,0.0,1.0,-0.0,0,0
3,0.2,0.015841584158415842,0.05401260078014202,0.00032535620257014524,3.4876409094885674,0,0
4,0.2,0.015841584158415842,0.05401260078014202,0.00032535620257014524,3.4876409094885674,0,0
5,0.2,0.015841584158415842,0.05401260078014202,0.00032535620257014524,3.4876409094885674,0,0
6,0.2,0.031683168316831684,0.07826167463512675,0.015750221703151112,1.8027133286186672,0,0
7,0.4,0.039603960396039604,0.08452453849668534,1.0048801267895168e-05,4.9978857426005865,0,0
8,0.2,0.0297029702970297,0.0815014480287393,0.018331504659791158,1.7368018864493868,0,0
9,0.4,0.10495049504950495,0.14238160801780242,0.019121322397794346,1.718482075961312,0,0
10,0.4,0.1405940594059406,0.15554326246855826,0.04768353513207034,1.32163155462188,0,0
11,0.4,0.1425742574257426,0.14981608173764546,0.042872920376668754,1.3678169326247815,0,0
12,0.2,0.13465346534653466,0.14380655568606185,0.32476838510357997,0.4884262541948036,0,0
13,0.2,0.13465346534653466,0.14380655568606185,0.32476838510357997,0.4884262541948036,0,0
14,0.0,0.057425742574257435,0.10277971700879983,1.0,-0.0,0,0
15,0.0,0.033663366336633666,0.07994704648786674,1.0,-0.0,0,0
16,0.0,0.015841584158415842,0.05401260078014202,1.0,-0.0,0,0
17,0.0,0.021782178217821784,0.06230547612891991,1.0,-0.0,0,0
18,0.0,0.015841584158415842,0.05401260078014202,1.0,-0.0,0,0
19,0.0,0.015841584158415842,0.05401260078014202,1.0,-0.0,0,0
20,0.0,0.009900990099009901,0.04338396495090424,1.0,-0.0,0,0
21,0.0,0.009900990099009901,0.04338396495090424,1.0,-0.0,0,0
22,0.0,0.0039603960396039604,0.027863855998951064,1.0,-0.0,0,0
23,0.2,0.017821782178217824,0.056980176514606566,0.0006937928196726553,3.15877019915046,0,0
24,0.2,0.017821782178217824,0.056980176514606566,0.0006937928196726553,3.15877019915046,0,0
25,0.2,0.013861386138613863,0.05079507064705211,0.00012391038159364294,3.90689230556944,0,0
26,0.2,0.013861386138613863,0.05079507064705211,0.00012391038159364294,3.90689230556944,0,0
27,0.2,0.013861386138613863,0.05079507064705211,0.00012391038159364294,3.90689230556944,0,0
28,0.0,0.0,0.0,1.0,-0.0,0,0
29,0.0,0.0039603960396039604,0.027863855998951064,1.0,-0.0,0,0
30,0.0,0.0039603960396039604,0.027863855998951064,1.0,-0.0,0,0
31,0.0,0.0039603960396039604,0.027863855998951064,1.0,-0.0,0,0
32,0.0,0.0039603960396039604,0.027863855998951064,1.0,-0.0,0,0
33,0.0,0.0039603960396039604,0.027863855998951064,1.0,-0.0,0,0
34,0.0,0.0,0.0,1.0,-0.0,0,0
35,0.0,0.0,0.0,1.0,-0.0,0,0
36,0.0,0.0,0.0,1.0,-0.0,0,0
37,0.0,0.0,0.0,1.0,-0.0,0,0
38,0.0,0.0,0.0,1.0,-0.0,0,0
39,0.0,0.0,0.0,1.0,-0.0,0,0
40,0.0,0.011881188118811883,0.047276579747775535,1.0,-0.0,0,0
41,0.0,0.021782178217821784,0.06230547612891991,1.0,-0.0,0,0
42,0.0,0.021782178217821784,0.06230547612891991,1.0,-0.0,0,0
43,0.0,0.0297029702970297,0.07648795214189293,1.0,-0.0,0,0
44,0.2,0.05544554455445545,0.1019369320889802,0.07808409030039497,1.1074374449781044,0,0
45,0.2,0.05148514851485149,0.1001126705723924,0.0689738517569684,1.1613155207112393,0,0
46,0.6,0.0712871287128713,0.11461224656227946,1.983943406890679e-06,5.702470720501215,0,0
47,1.0,0.17029702970297025,0.15767151871203472,7.116131375340745e-08,7.147756042732734,0,0
48,1.2,0.25544554455445545,0.2127031341382355,4.482978967769648e-06,5.348433298654398,0,0
49,1.2,0.2594059405940594,0.205940594059406,2.4701428226544214e-06,5.607277935283864,0,0
50,1.2,0.2514851485148515,0.2003036612499294,1.0932009932674224e-06,5.96129998238519,0,0
51,1.2,0.2871287128712871,0.2095083194248961,6.586608920876541e-06,5.181338121976343,0,0
52,1.2,0.24356435643564353,0.20986362454640434,2.5893510980558466e-06,5.586809058251809,0,0
53,1.2,0.2059405940594059,0.19792076731434868,2.55000202428989e-07,6.59345947480621,0,0
54,1.2,0.2158415841584158,0.21189044117854158,1.7032097958486422e-06,5.768731853759273,0,0
55,1.2,0.23960396039603957,0.22342039932781524,8.593824654812169e-06,5.065813511744085,0,0
56,0.8,0.19405940594059404,0.18974802582007907,0.0007030497861971823,3.1530139194963622,0,0
57,0.4,0.14059405940594055,0.15806892707703052,0.05038896989483322,1.297664519865356,0,0
58,0.2,0.08316831683168316,0.13864214704328154,0.1997022678188669,0.6996170032533456,0,0
59,0.0,0.04356435643564357,0.0916470215081674,1.0,-0.0,0,0
60,0.0,0.019801980198019802,0.059735061897023205,1.0,-0.0,0,0
61,0.0,0.0,0.0,1.0,-0.0,0,0
62,0.0,0.0,0.0,1.0,-0.0,0,0
63,0.0,0.0,0.0,1.0,-0.0,0,0
64,0.0,0.0,0.0,1.0,-0.0,0,0
65,0.0,0.0,0.0,1.0,-0.0,0,0
66,0.0,0.02772277227722773,0.06910862719451544,1.0,-0.0,0,0
67,0.0,0.02772277227722773,0.06910862719451544,1.0,-0.0,0,0
68,0.0,0.02772277227722773,0.06910862719451544,1.0,-0.0,0,0
69,0.0,0.2376237623762376,0.2100690528376371,1.0,-0.0,0,0
70,0.0,0.2376237623762376,0.2100690528376371,1.0,-0.0,0,0
71,0.0,0.20990099009900987,0.205616653067843,1.0,-0.0,0,0
72,0.0,0.3584158415841585,0.23933378106515843,1.0,-0.0,0,0
73,0.0,0.3722772277227723,0.24378159836059238,1.0,-0.0,0,0
74,0.0,0.16237623762376235,0.17283397009132112,1.0,-0.0,1,0
75,0.0,0.16237623762376235,0.17283397009132112,1.0,-0.0,0,0
76,0.0,0.16237623762376235,0.17283397009132112,1.0,-0.0,0,0
77,0.0,0.01386138613861386,0.05079507064705211,1.0,-0.0,0,0
78,0.0,0.0,0.0,1.0,-0.0,0,0
79,0.0,0.0,0.0,1.0,-0.0,0,0
80,0.0,0.0,0.0,1.0,-0.0,0,0
81,0.0,0.0,0.0,1.0,-0.0,0,0
82,0.0,0.009900990099009901,0.04338396495090425,1.0,-0.0,0,0
83,0.0,0.021782178217821784,0.06230547612891991,1.0,-0.0,0,0
84,0.0,0.03564356435643565,0.08154954567118415,1.0,-0.0,0,0
85,0.0,0.03564356435643565,0.08154954567118415,1.0,-0.0,0,0
86,0.0,0.03564356435643565,0.08154954567118415,1.0,-0.0,0,0
87,0.0,0.13663366336633664,0.17333237817044833,1.0,-0.0,0,0
88,0.0,0.12475247524752475,0.16374693140141006,1.0,-0.0,0,0
89,0.0,0.11683168316831684,0.15986956746090622,1.0,-0.0,0,0
90,0.0,0.11683168316831684,0.15986956746090622,1.0,-0.0,0,0
91,0.0,0.11683168316831684,0.15986956746090622,1.0,-0.0,0,0
92,0.0,0.0059405940594059415,0.03395332316729158,1.0,-0.0,0,0
93,0.0,0.0059405940594059415,0.03395332316729158,1.0,-0.0,0,0
94,0.0,0.0,0.0,1.0,-0.0,0,0
95,0.0,0.0,0.0,1.0,-0.0,0,0
96,0.0,0.0,0.0,1.0,-0.0,0,0
97,0.0,0.0,0.0,1.0,-0.0,0,0
98,0.0,0.0,0.0,1.0,-0.0,0,0
99,0.0,0.0,0.0,1.0,-0.0,0,0
100,0.0,0.0,0.0,1.0,-0.0,0,0
101,0.0,0.0,0.0,1.0,-0.0,0,0
102,0.0,0.0,0.0,1.0,-0.0,0,0
103,0.0,0.0,0.0,1.0,-0.0,0,0
104,0.0,0.0,0.0,1.0,-0.0,0,0
105,0.0,0.0,0.0,1.0,-0.0,0,0
106,0.0,0.031683168316831684,0.0730260947112308,1.0,-0.0,0,0
107,0.0,0.031683168316831684,0.0730260947112308,1.0,-0.0,0,0
108,0.0,0.03564356435643565,0.07653920035678292,1.0,-0.0,0,0
109,0.0,0.04356435643564357,0.08255312311158745,1.0,-0.0,0,0
110,0.0,0.04554455445544554,0.08846854615322249,1.0,-0.0,0,0
111,0.0,0.027722772277227727,0.06910862719451544,1.0,-0.0,0,0
112,0.0,0.027722772277227727,0.06910862719451544,1.0,-0.0,0,0
113,0.0,0.023762376237623766,0.06471340450838889,1.0,-0.0,0,0
114,0.0,0.015841584158415842,0.05401260078014202,1.0,-0.0,0,0
115,0.0,0.04554455445544555,0.09700949476369022,1.0,-0.0,0,0
116,0.0,0.0594059405940594,0.09968089464279778,1.0,-0.0,0,0
117,0.0,0.0594059405940594,0.09968089464279778,1.0,-0.0,0,0
118,0.0,0.07920792079207921,0.11631029826208643,1.0,-0.0,0,0
119,0.0,0.07920792079207921,0.11631029826208643,1.0,-0.0,0,0
120,0.0,0.10693069306930691,0.1306930693069307,1.0,-0.0,0,0
121,0.0,0.07920792079207921,0.11631029826208643,1.0,-0.0,0,0
122,0.0,0.11089108910891088,0.14481192315867106,1.0,-0.0,0,0
123,0.0,0.10693069306930694,0.1422989641443302,1.0,-0.0,0,0
124,0.0,0.10693069306930694,0.1422989641443302,1.0,-0.0,0,0
125,0.0,0.047524752475247525,0.09809478080396704,1.0,-0.0,0,0
126,0.0,0.09108910891089109,0.13937555924568534,1.0,-0.0,0,0
127,0.0,0.059405940594059396,0.1178841668604928,1.0,-0.0,0,0
128,0.0,0.047524752475247525,0.10205226714237722,1.0,-0.0,0,0
129,0.0,0.05346534653465347,0.11219180573635876,1.0,-0.0,0,0
130,0.0,0.06336633663366338,0.12245247393061628,1.0,-0.0,0,0
131,0.0,0.019801980198019806,0.05973506189702319,1.0,-0.0,0,0
132,0.0,0.02970297029702971,0.08150144802873932,1.0,-0.0,0,0
133,0.0,0.025742574257425748,0.07791016068477624,1.0,-0.0,0,0
134,0.0,0.025742574257425748,0.07264925278354116,1.0,-0.0,0,0
135,0.0,0.015841584158415842,0.05401260078014202,1.0,-0.0,0,0
136,0.0,0.03762376237623763,0.08307396817189318,1.0,-0.0,0,0
137,0.0,0.0297029702970297,0.07648795214189293,1.0,-0.0,0,0
138,0.0,0.0297029702970297,0.07648795214189293,1.0,-0.0,0,0
139,0.0,0.027722772277227727,0.06910862719451542,1.0,-0.0,0,0
140,0.0,0.039603960396039604,0.08452453849668534,1.0,-0.0,0,0
141,0.0,0.017821782178217824,0.056980176514606566,1.0,-0.0,0,0
142,0.0,0.015841584158415842,0.054012600780142014,1.0,-0.0,0,0
143,0.0,0.023762376237623766,0.06471340450838889,1.0,-0.0,0,0
144,0.0,0.019801980198019802,0.0597350618970232,1.0,-0.0,0,0
145,0.0,0.007920792079207921,0.03900537743285587,1.0,-0.0,0,0
146,0.0,0.007920792079207921,0.03900537743285587,1.0,-0.0,0,0
147,0.0,0.007920792079207921,0.03900537743285587,1.0,-0.0,0,0
148,0.0,0.0,0.0,1.0,-0.0,0,0
149,0.0,0.0,0.0,1.0,-0.0,0,0
150,0.0,0.0,0.0,1.0,-0.0,0,0
151,0.0,0.0,0.0,1.0,-0.0,0,0
152,0.0,0.0,0.0,1.0,-0.0,0,0
153,0.0,0.0,0.0,1.0,-0.0,0,0
154,0.0,0.0,0.0,1.0,-0.0,0,0
155,0.0,0.0,0.0,1.0,-0.0,0,0
156,0.0,0.0,0.0,1.0,-0.0,0,0
157,0.0,0.0,0.0,1.0,-0.0,0,0
158,0.0,0.0,0.0,1.0,-0.0,0,0
159,0.0,0.0,0.0,1.0,-0.0,0,0
160,0.0,0.0,0.0,1.0,-0.0,0,0
161,0.0,0.0,0.0,1.0,-0.0,0,0
162,0.0,0.0,0.0,1.0,-0.0,0,0
163,0.0,0.0,0.0,1.0,-0.0,0,0
164,0.0,0.0,0.0,1.0,-0.0,0,0
165,0.0,0.0,0.0,1.0,-0.0,0,0
166,0.0,0.025742574257425745,0.06697637435757531,1.0,-0.0,0,0
167,0.0,0.025742574257425745,0.06697637435757531,1.0,-0.0,0,0
168,0.0,0.025742574257425745,0.06697637435757531,1.0,-0.0,0,0
169,0.0,0.025742574257425745,0.06697637435757531,1.0,-0.0,0,0
170,0.0,0.025742574257425745,0.06697637435757531,1.0,-0.0,0,0
171,0.0,0.0297029702970297,0.07648795214189293,1.0,-0.0,0,0
172,0.0,0.0297029702970297,0.07648795214189293,1.0,-0.0,0,0
173,0.0,0.0297029702970297,0.07648795214189293,1.0,-0.0,0,0
174,0.0,0.0297029702970297,0.07648795214189293,1.0,-0.0,0,0
175,0.0,0.0297029702970297,0.07648795214189293,1.0,-0.0,0,0
176,0.0,0.0,0.0,1.0,-0.0,0,0
177,0.0,0.0,0.0,1.0,-0.0,0,0
178,0.0,0.0,0.0,1.0,-0.0,0,0
179,0.0,0.0,0.0,1.0,-0.0,0,0
180,0.0,0.0,0.0,1.0,-0.0,0,0
181,0.0,0.0,0.0,1.0,-0.0,0,0
182,0.0,0.015841584158415842,0.05401260078014201,1.0,-0.0,0,0
183,0.0,0.015841584158415842,0.05401260078014201,1.0,-0.0,0,0
184,0.0,0.015841584158415842,0.05401260078014201,1.0,-0.0,0,0
185,0.0,0.019801980198019802,0.059735061897023205,1.0,-0.0,0,0
186,0.0,0.02772277227722773,0.06910862719451545,1.0,-0.0,0,0
187,0.0,0.011881188118811883,0.047276579747775535,1.0,-0.0,0,0
188,0.0,0.04356435643564357,0.08255312311158745,1.0,-0.0,0,0
189,0.0,0.04356435643564357,0.08255312311158745,1.0,-0.0,0,0
190,0.0,0.039603960396039604,0.07970143286137865,1.0,-0.0,0,0
191,0.0,0.031683168316831684,0.0730260947112308,1.0,-0.0,0,0
192,0.0,0.031683168316831684,0.0730260947112308,1.0,-0.0,0,0
193,0.0,0.033663366336633666,0.07994704648786674,1.0,-0.0,0,0
194,0.0,0.033663366336633666,0.07994704648786674,1.0,-0.0,0,0
195,0.0,0.0613861386138614,0.11515834731523734,1.0,-0.0,0,0
196,0.0,0.06930693069306931,0.12722675963729912,1.0,-0.0,0,0
197,0.0,0.06930693069306931,0.12722675963729912,1.0,-0.0,0,0
198,0.0,0.03564356435643565,0.08626938974571076,1.0,-0.0,0,0
199,0.0,0.03564356435643565,0.08626938974571076,1.0,-0.0,0,0
200,0.0,0.023762376237623766,0.06471340450838889,1.0,-0.0,0,0
201,0.0,0.015841584158415842,0.05401260078014202,1.0,-0.0,0,0
202,0.0,0.015841584158415842,0.05401260078014202,1.0,-0.0,0,0
203,0.2,0.039603960396039604,0.08452453849668534,0.028872622852877186,1.5395137620565469,0,0
204,0.2,0.039603960396039604,0.08452453849668534,0.028872622852877186,1.5395137620565469,0,0
205,0.2,0.023762376237623763,0.06471340450838889,0.0032311212459077425,2.490646745033819,0,0
206,0.2,0.023762376237623763,0.06471340450838889,0.0032311212459077425,2.490646745033819,0,0
207,0.4,0.031683168316831684,0.07826167463512675,1.2617472219627355e-06,5.899027642796046,0,0
208,0.2,0.007920792079207921,0.03900537743285587,4.2303541670263104e-07,6.3736232717865695,0,0
209,0.2,0.013861386138613863,0.05079507064705211,0.00012391038159364294,3.90689230556944,0,0
210,0.2,0.05346534653465347,0.11219180573635876,0.09575785812452149,1.0188255766273808,0,0
211,0.2,0.05346534653465347,0.11219180573635876,0.09575785812452149,1.0188255766273808,0,0
212,0.0,0.04554455445544556,0.10485704788018795,1.0,-0.0,0,0
213,0.0,0.04554455445544556,0.10485704788018795,1.0,-0.0,0,0
214,0.2,0.049504950495049514,0.09912864166957489,0.06448460512601868,1.1905439552382786,0,0
215,0.2,0.009900990099009901,0.04338396495090424,5.885669548817485e-06,5.230204125035219,0,0
216,0.2,0.02772277227722773,0.07461957893630407,0.010478998804251384,1.9796802091996195,0,0
217,0.2,0.02772277227722773,0.07461957893630407,0.010478998804251384,1.9796802091996195,0,0
218,0.2,0.02772277227722773,0.07461957893630407,0.010478998804251384,1.9796802091996195,0,0
219,0.0,0.021782178217821784,0.06230547612891991,1.0,-0.0,0,0
220,0.2,0.04554455445544555,0.08846854615322249,0.040415922396446834,1.3934475050229045,0,0
221,0.2,0.02772277227722773,0.06910862719451544,0.0063361735559086295,2.1981729353735644,0,0
222,0.2,0.02772277227722773,0.06910862719451544,0.0063361735559086295,2.1981729353735644,0,0
223,0.2,0.02772277227722773,0.06910862719451544,0.0063361735559086295,2.1981729353735644,0,0
224,0.2,0.03168316831683169,0.0730260947112308,0.01058647624307391,1.9752485727397298,0,0
225,0.0,0.007920792079207921,0.03900537743285587,1.0,-0.0,0,0
226,0.0,0.011881188118811883,0.047276579747775535,1.0,-0.0,0,0
227,0.0,0.011881188118811883,0.047276579747775535,1.0,-0.0,0,0
228,0.2,0.04554455445544555,0.10100951085035129,0.06311761613918085,1.1998494121615952,0,0
229,0.2,0.03762376237623763,0.09211646217515253,0.03897321499939909,1.4092337666757113,0,0
230,0.2,0.03762376237623763,0.09211646217515253,0.03897321499939909,1.4092337666757113,0,0
231,0.2,0.039603960396039604,0.09342674148186496,0.04300687269944552,1.3664621365845595,0,0
232,0.2,0.039603960396039604,0.09342674148186496,0.04300687269944552,1.3664621365845595,0,0
233,0.0,0.0059405940594059415,0.03395332316729158,1.0,-0.0,0,0
234,0.0,0.0059405940594059415,0.03395332316729158,1.0,-0.0,0,0
235,0.4,0.039603960396039604,0.08908690597387718,2.6112086633964745e-05,4.583158422033524,0,0
236,0.4,0.033663366336633666,0.08475617647141663,7.72261192771888e-06,5.112235788531411,0,0
237,0.4,0.0712871287128713,0.1213265242141813,0.0033710226219035113,2.472238333051588,0,0
238,0.4,0.0712871287128713,0.1213265242141813,0.0033710226219035113,2.472238333051588,0,0
239,0.4,0.0712871287128713,0.1213265242141813,0.0033710226219035113,2.472238333051588,0,0
240,0.0,0.03762376237623763,0.08771182015980238,1.0,-0.0,0,0
241,0.0,0.03762376237623763,0.08771182015980238,1.0,-0.0,0,0
242,0.0,0.04554455445544554,0.09700949476369024,1.0,-0.0,0,0
243,0.0,0.07920792079207921,0.11631029826208643,1.0,-0.0,0,0
244,0.0,0.08118811881188118,0.11999411807954947,1.0,-0.0,0,0
245,0.0,0.09108910891089109,0.12113245340338318,1.0,-0.0,0,0
246,0.0,0.14257425742574256,0.16491614109827338,1.0,-0.0,0,0
247,0.0,0.14356435643564355,0.17143300604381728,1.0,-0.0,0,0
248,0.0,0.1089108910891089,0.14494724878689189,1.0,-0.0,0,0
249,0.0,0.11089108910891086,0.14752142995793405,1.0,-0.0,0,0
250,0.0,0.13267326732673265,0.14698885988036148,1.0,-0.0,0,0
251,0.0,0.1089108910891089,0.14218869759220787,1.0,-0.0,0,0
252,0.0,0.061386138613861385,0.10046456153636296,1.0,-0.0,0,0
253,0.0,0.06930693069306931,0.10316052497133553,1.0,-0.0,0,0
254,0.0,0.09900990099009899,0.12781100644043505,1.0,-0.0,0,0
255,0.0,0.06930693069306931,0.11057238501634631,1.0,-0.0,0,0
256,0.0,0.041584158415841586,0.09039772047931348,1.0,-0.0,0,0
257,0.2,0.05346534653465347,0.09704990696905227,0.06553578757099196,1.183521477104809,0,0
258,0.2,0.05148514851485149,0.08744317689433512,0.04471467951449677,1.3495498776386112,0,0
259,0.2,0.017821782178217824,0.056980176514606566,0.0006937928196726553,3.15877019915046,0,0
260,0.2,0.017821782178217824,0.056980176514606566,0.0006937928196726553,3.15877019915046,0,0
261,0.2,0.017821782178217824,0.056980176514606566,0.0006937928196726553,3.15877019915046,0,0
262,0.0,0.0059405940594059415,0.03395332316729158,1.0,-0.0,0,0
263,0.0,0.0,0.0,1.0,-0.0,0,0
264,0.0,0.0,0.0,1.0,-0.0,0,0
265,0.0,0.0,0.0,1.0,-0.0,0,0
266,0.0,0.0,0.0,1.0,-0.0,0,0
267,0.0,0.039603960396039604,0.08452453849668534,1.0,-0.0,0,0
268,0.2,0.07722772277227723,0.11930590361498669,0.15172703225002876,0.8189370368062708,0,0
269,0.2,0.07722772277227723,0.11930590361498669,0.15172703225002876,0.8189370368062708,0,0
270,0.2,0.07722772277227723,0.11930590361498669,0.15172703225002876,0.8189370368062708,0,0
271,0.2,0.07722772277227723,0.11930590361498669,0.15172703225002876,0.8189370368062708,0,0
272,0.2,0.03762376237623763,0.08307396817189318,0.025315250600093615,1.5966177690988217,0,0
273,0.2,0.04554455445544555,0.08846854615322249,0.040415922396446834,1.3934475050229045,0,0
274,0.2,0.04554455445544555,0.08846854615322249,0.040415922396446834,1.3934475050229045,0,0
275,0.2,0.04554455445544555,0.08846854615322249,0.040415922396446834,1.3934475050229045,0,0
276,0.2,0.04554455445544555,0.08846854615322249,0.040415922396446834,1.3934475050229045,0,0
277,0.2,0.04554455445544555,0.08846854615322249,0.040415922396446834,1.3934475050229045,0,0
278,0.0,0.0,0.0,1.0,-0.0,0,0
279,0.0,0.04356435643564357,0.09991664009142863,1.0,-0.0,0,0
280,0.0,0.04356435643564357,0.09991664009142863,1.0,-0.0,0,0
281,0.0,0.04356435643564357,0.09991664009142863,1.0,-0.0,0,0
282,0.0,0.04356435643564357,0.09991664009142863,1.0,-0.0,0,0
283,0.0,0.07920792079207921,0.1292145592164392,1.0,-0.0,0,0
284,0.0,0.03564356435643565,0.07653920035678292,1.0,-0.0,0,0
285,0.0,0.03564356435643565,0.07653920035678292,1.0,-0.0,0,0
286,0.0,0.08514851485148514,0.12379009590564582,1.0,-0.0,0,0
287,0.0,0.08514851485148514,0.12379009590564582,1.0,-0.0,0,0
288,0.0,0.04950495049504951,0.09504950495049506,1.0,-0.0,0,0
289,0.0,0.08118811881188118,0.11664694237642095,1.0,-0.0,0,0
290,0.0,0.08118811881188118,0.11664694237642095,1.0,-0.0,0,0
291,0.0,0.031683168316831684,0.0730260947112308,1.0,-0.0,0,0
292,0.0,0.031683168316831684,0.0730260947112308,1.0,-0.0,0,0
293,0.0,0.031683168316831684,0.0730260947112308,1.0,-0.0,0,0
294,0.0,0.0,0.0,1.0,-0.0,0,0
295,0.0,0.0039603960396039604,0.027863855998951068,1.0,-0.0,0,0
296,0.0,0.0039603960396039604,0.027863855998951068,1.0,-0.0,0,0
297,0.0,0.011881188118811881,0.047276579747775535,1.0,-0.0,0,0
298,0.0,0.01782178217821782,0.0635517090529949,1.0,-0.0,0,0
299,0.0,0.01782178217821782,0.0635517090529949,1.0,-0.0,0,0
300,0.0,0.01386138613861386,0.0580708051430304,1.0,-0.0,0,0
301,0.0,0.025742574257425745,0.07264925278354116,1.0,-0.0,0,0
302,0.0,0.017821782178217824,0.05698017651460656,1.0,-0.0,0,0
303,0.0,0.021782178217821784,0.06230547612891991,1.0,-0.0,0,0
304,0.0,0.025742574257425745,0.0669763743575753,1.0,-0.0,0,0
305,0.0,0.025742574257425745,0.0669763743575753,1.0,-0.0,0,0
306,0.0,0.08712871287128714,0.13024224675172555,1.0,-0.0,0,0
307,0.0,0.10693069306930694,0.14229896414433021,1.0,-0.0,0,0
308,0.0,0.09702970297029702,0.1396285351588451,1.0,-0.0,0,0
309,0.0,0.09306930693069305,0.13661931335176508,1.0,-0.0,0,0
310,0.0,0.11089108910891088,0.1527963700899836,1.0,-0.0,0,0
311,0.0,0.04752475247524753,0.09397077637785879,1.0,-0.0,0,0
312,0.0,0.02772277227722772,0.06910862719451544,1.0,-0.0,0,0
313,0.0,0.02772277227722772,0.06910862719451544,1.0,-0.0,0,0
314,0.0,0.1396039603960396,0.15800689790732383,1.0,-0.0,0,0
315,0.0,0.12277227722772277,0.15148191286261609,1.0,-0.0,0,0
316,0.0,0.11287128712871286,0.14464936528910635,1.0,-0.0,0,0
317,0.0,0.11287128712871286,0.14464936528910635,1.0,-0.0,0,0
318,0.0,0.11683168316831682,0.1442421691205886,1.0,-0.0,0,0
319,0.0,0.021782178217821784,0.06836703565002801,1.0,-0.0,0,0
320,0.0,0.019801980198019802,0.06603299802191315,1.0,-0.0,0,0
321,0.0,0.06930693069306931,0.11751770396006173,1.0,-0.0,0,0
322,0.0,0.06930693069306931,0.11751770396006173,1.0,-0.0,0,0
323,0.0,0.06534653465346535,0.11295810453031019,1.0,-0.0,0,0
324,0.0,0.13663366336633662,0.16870078513860487,1.0,-0.0,0,0
325,0.0,0.24554455445544554,0.21959672871521851,1.0,-0.0,0,0
326,0.0,0.19999999999999998,0.1887950326582658,1.0,-0.0,0,0
327,0.0,0.19999999999999998,0.1887950326582658,1.0,-0.0,0,0
328,0.0,0.19999999999999998,0.1887950326582658,1.0,-0.0,0,0
329,0.0,0.11089108910891088,0.15018206119491914,1.0,-0.0,0,0
330,0.0,0.0039603960396039604,0.02786385599895107,1.0,-0.0,0,0
331,0.0,0.0,0.0,1.0,-0.0,0,0
332,0.0,0.0,0.0,1.0,-0.0,0,0
333,0.0,0.12277227722772274,0.1434243086117372,1.0,-0.0,0,0
334,0.0,0.13069306930693067,0.1552657091795062,1.0,-0.0,0,0
335,0.0,0.15049504950495046,0.15772124951873168,1.0,-0.0,0,0
336,0.2,0.1801980198019802,0.17463954503246998,0.454861586643846,0.3421207380722695,0,0
337,0.2,0.1801980198019802,0.17463954503246998,0.454861586643846,0.3421207380722695,0,0
338,0.2,0.05544554455445545,0.09797478714338996,0.07004915208881982,1.1545971172715026,0,0
339,0.2,0.07326732673267328,0.11848138852793338,0.14239023387273103,0.8465197966586488,0,0
340,0.2,0.05544554455445545,0.1094316980566186,0.09325802196181344,1.0303138003353092,0,0
341,0.0,0.025742574257425745,0.07264925278354116,1.0,-0.0,0,0
342,0.0,0.0297029702970297,0.08150144802873932,1.0,-0.0,0,0
343,0.0,0.0297029702970297,0.08150144802873932,1.0,-0.0,0,0
344,0.0,0.0039603960396039604,0.027863855998951064,1.0,-0.0,0,0
345,0.0,0.03960396039603961,0.07970143286137867,1.0,-0.0,0,0
346,0.0,0.03960396039603961,0.07970143286137867,1.0,-0.0,0,0
347,0.0,0.10099009900990098,0.1367914141716479,1.0,-0.0,0,0
348,0.0,0.10099009900990098,0.1367914141716479,1.0,-0.0,0,0
349,0.0,0.10099009900990098,0.1367914141716479,1.0,-0.0,0,0
350,0.0,0.08712871287128712,0.1332483472575107,1.0,-0.0,0,0
351,0.0,0.08712871287128712,0.1332483472575107,1.0,-0.0,0,0
352,0.0,0.021782178217821784,0.06230547612891991,1.0,-0.0,0,0
353,0.0,0.07920792079207921,0.12293186689242579,1.0,-0.0,0,0
354,0.0,0.07920792079207921,0.12293186689242579,1.0,-0.0,0,0
355,0.0,0.08118811881188118,0.11999411807954947,1.0,-0.0,0,0
356,0.0,0.08118811881188118,0.11999411807954947,1.0,-0.0,0,0
357,0.0,0.08118811881188118,0.11999411807954947,1.0,-0.0,0,0
358,0.0,0.023762376237623766,0.06471340450838889,1.0,-0.0,0,0
359,0.0,0.05148514851485149,0.10011267057239238,1.0,-0.0,0,0
360,0.0,0.1188118811881188,0.15202453637757812,1.0,-0.0,0,0
361,0.0,0.1188118811881188,0.15202453637757812,1.0,-0.0,0,0
362,0.0,0.1188118811881188,0.15202453637757812,1.0,-0.0,0,0
363,0.0,0.1188118811881188,0.15202453637757812,1.0,-0.0,0,0
364,0.0,0.09108910891089109,0.13057300215314485,1.0,-0.0,0,0
365,0.0,0.0,0.0,1.0,-0.0,0,0
366,0.0,0.033663366336633666,0.08475617647141663,1.0,-0.0,0,0
367,0.0,0.1564356435643564,0.16314716771521567,1.0,-0.0,0,0
368,0.0,0.1564356435643564,0.16314716771521567,1.0,-0.0,0,0
369,0.0,0.1564356435643564,0.16314716771521567,1.0,-0.0,0,0
370,0.0,0.1564356435643564,0.16314716771521567,1.0,-0.0,0,0
371,0.0,0.12079207920792075,0.14372473118118065,1.0,-0.0,0,0
372,0.0,0.0,0.0,1.0,-0.0,0,0
373,0.0,0.01386138613861386,0.05079507064705211,1.0,-0.0,0,0
374,0.0,0.01386138613861386,0.05079507064705211,1.0,-0.0,0,0
375,0.0,0.05148514851485149,0.09607532254026299,1.0,-0.0,0,0
376,0.0,0.05148514851485149,0.09607532254026299,1.0,-0.0,0,0
377,0.0,0.061386138613861385,0.10433219700847123,1.0,-0.0,0,0
378,0.0,0.04752475247524753,0.09397077637785879,1.0,-0.0,0,0
379,0.0,0.04752475247524753,0.09397077637785879,1.0,-0.0,0,0
380,0.0,0.0297029702970297,0.0815014480287393,1.0,-0.0,0,0
381,0.0,0.0297029702970297,0.0815014480287393,1.0,-0.0,0,0
382,0.0,0.019801980198019802,0.059735061897023205,1.0,-0.0,0,0
383,0.2,0.0594059405940594,0.10733330877518932,0.0951177364230414,1.0217384934469724,0,0
384,0.2,0.0594059405940594,0.10733330877518932,0.0951177364230414,1.0217384934469724,0,0
385,0.2,0.039603960396039604,0.09342674148186494,0.04300687269944547,1.36646213658456,0,0
386,0.4,0.041584158415841586,0.0946774898050053,7.665365490325847e-05,4.1154671328321175,0,0
387,0.6,0.07722772277227724,0.11930590361498669,5.885669548817499e-06,5.230204125035218,0,0
388,0.4,0.03762376237623762,0.08771182015980238,1.8024786509948785e-05,4.744129870469852,0,0
389,0.4,0.03762376237623762,0.08771182015980238,1.8024786509948785e-05,4.744129870469852,0,0
390,0.4,0.03762376237623762,0.08771182015980238,1.8024786509948785e-05,4.744129870469852,0,0
391,0.2,0.03564356435643565,0.08626938974571076,0.028380055950301422,1.5469867526811094,0,0
392,0.0,0.0,0.0,1.0,-0.0,0,0
393,0.0,0.0,0.0,1.0,-0.0,0,0
394,0.0,0.0,0.0,1.0,-0.0,0,0
395,0.0,0.031683168316831684,0.07826167463512676,1.0,-0.0,0,0
396,0.0,0.05940594059405942,0.10733330877518932,1.0,-0.0,0,0
397,0.0,0.09504950495049505,0.13957235791450376,1.0,-0.0,0,0
398,0.0,0.09504950495049505,0.13957235791450376,1.0,-0.0,0,0
399,0.0,0.11287128712871287,0.14464936528910635,1.0,-0.0,0,0
400,0.0,0.08118811881188118,0.11664694237642095,1.0,-0.0,0,0
401,0.0,0.05346534653465346,0.09704990696905226,1.0,-0.0,0,0
402,0.0,0.017821782178217824,0.05698017651460656,1.0,-0.0,0,0
403,0.0,0.017821782178217824,0.05698017651460656,1.0,-0.0,0,0
404,0.0,0.0,0.0,1.0,-0.0,0,0
405,0.0,0.0,0.0,1.0,-0.0,0,0
406,0.0,0.023762376237623763,0.07056843438101175,1.0,-0.0,0,0
407,0.0,0.023762376237623763,0.07056843438101175,1.0,-0.0,0,0
408,0.0,0.023762376237623763,0.07056843438101175,1.0,-0.0,0,0
409,0.0,0.023762376237623763,0.07056843438101175,1.0,-0.0,0,0
410,0.0,0.1782178217821782,0.1614316888886243,1.0,-0.0,0,0
411,0.0,0.15445544554455443,0.1613831014717559,1.0,-0.0,0,0
412,0.0,0.15445544554455443,0.1613831014717559,1.0,-0.0,0,0
413,0.0,0.15445544554455443,0.1613831014717559,1.0,-0.0,0,0
414,0.0,0.15445544554455443,0.1613831014717559,1.0,-0.0,0,0
415,0.0,0.0,0.0,1.0,-0.0,0,0
416,0.0,0.0,0.0,1.0,-0.0,0,0
417,0.0,0.0,0.0,1.0,-0.0,0,0
418,0.0,0.0,0.0,1.0,-0.0,0,0
419,0.0,0.0,0.0,1.0,-0.0,0,0
420,0.0,0.0,0.0,1.0,-0.0,0,0
421,0.0,0.0,0.0,1.0,-0.0,0,0
422,0.0,0.0,0.0,1.0,-0.0,0,0
423,0.0,0.01386138613861386,0.050795070647052104,1.0,-0.0,0,0
424,0.0,0.01386138613861386,0.050795070647052104,1.0,-0.0,0,0
425,0.0,0.01386138613861386,0.050795070647052104,1.0,-0.0,0,0
426,0.0,0.01386138613861386,0.050795070647052104,1.0,-0.0,0,0
427,0.0,0.01386138613861386,0.050795070647052104,1.0,-0.0,0,0
428,0.0,0.0,0.0,1.0,-0.0,0,0
429,0.0,0.01386138613861386,0.05079507064705211,1.0,-0.0,0,0
430,0.0,0.10693069306930691,0.15559367350941145,1.0,-0.0,0,0
431,0.0,0.10693069306930691,0.15559367350941145,1.0,-0.0,0,0
432,0.0,0.29900990099009905,0.23984113946360017,1.0,-0.0,0,0
433,0.0,0.304950495049505,0.2397920871797323,1.0,-0.0,0,0
434,0.0,0.3108910891089109,0.25247330614668084,1.0,-0.0,0,0
435,0.0,0.21782178217821782,0.1972062495766079,1.0,-0.0,0,0
436,0.0,0.21782178217821782,0.1972062495766079,1.0,-0.0,0,0
437,0.0,0.041584158415841586,0.09039772047931349,1.0,-0.0,0,0
438,0.0,0.03564356435643565,0.08626938974571075,1.0,-0.0,0,0
439,0.0,0.015841584158415842,0.05401260078014202,1.0,-0.0,0,0
440,0.0,0.015841584158415842,0.05401260078014202,1.0,-0.0,0,0
441,0.0,0.03564356435643565,0.08626938974571076,1.0,-0.0,0,0
442,0.0,0.019801980198019802,0.059735061897023205,1.0,-0.0,0,0
443,0.0,0.019801980198019802,0.059735061897023205,1.0,-0.0,0,0
444,0.0,0.023762376237623766,0.06471340450838887,1.0,-0.0,0,0
445,0.0,0.06732673267326733,0.11000352009767247,1.0,-0.0,0,0
446,0.0,0.04752475247524753,0.09397077637785879,1.0,-0.0,0,0
447,0.0,0.04752475247524753,0.09397077637785879,1.0,-0.0,0,0
448,0.0,0.04752475247524753,0.09397077637785879,1.0,-0.0,0,0
449,0.0,0.04356435643564357,0.09164702150816742,1.0,-0.0,0,0
450,0.0,0.0,0.0,1.0,-0.0,0,0
451,0.0,0.0,0.0,1.0,-0.0,0,0
452,0.0,0.1900990099009901,0.19166025556535224,1.0,-0.0,0,0
453,0.0,0.1900990099009901,0.19166025556535224,1.0,-0.0,0,0
454,0.0,0.1900990099009901,0.19166025556535224,1.0,-0.0,0,0
455,0.0,0.1900990099009901,0.19166025556535224,1.0,-0.0,0,0
456,0.0,0.1900990099009901,0.19166025556535224,1.0,-0.0,0,0
457,0.0,0.0,0.0,1.0,-0.0,0,0
458,0.0,0.06534653465346535,0.1164113937164283,1.0,-0.0,0,0
459,0.0,0.06534653465346535,0.1164113937164283,1.0,-0.0,0,0
460,0.0,0.06534653465346535,0.1164113937164283,1.0,-0.0,0,0
461,0.0,0.06534653465346535,0.1164113937164283,1.0,-0.0,0,0
462,0.0,0.19603960396039602,0.18235032765499148,1.0,-0.0,0,0
463,0.0,0.1306930693069307,0.1447035715361989,1.0,-0.0,0,0
464,0.0,0.1306930693069307,0.1447035715361989,1.0,-0.0,0,0
465,0.0,0.1306930693069307,0.1447035715361989,1.0,-0.0,0,0
466,0.0,0.14257425742574256,0.1575471230171571,1.0,-0.0,0,0
467,0.0,0.011881188118811883,0.05501958015623684,1.0,-0.0,0,0
468,0.0,0.015841584158415842,0.06709336374692047,1.0,-0.0,0,0
469,0.0,0.14851485148514848,0.15582032136955248,1.0,-0.0,0,0
470,0.0,0.14851485148514848,0.15582032136955248,1.0,-0.0,0,0
471,0.0,0.13663366336633662,0.15137833547418927,1.0,-0.0,0,0
472,0.0,0.13663366336633662,0.15137833547418927,1.0,-0.0,0,0
473,0.0,0.13267326732673265,0.1496589594272569,1.0,-0.0,0,0
474,0.0,0.0,0.0,1.0,-0.0,0,0
475,0.0,0.0,0.0,1.0,-0.0,0,0
476,0.0,0.0,0.0,1.0,-0.0,0,0
477,0.0,0.007920792079207921,0.03900537743285587,1.0,-0.0,0,0
478,0.0,0.007920792079207921,0.03900537743285587,1.0,-0.0,0,0
479,0.0,0.007920792079207921,0.03900537743285587,1.0,-0.0,0,0
480,0.0,0.007920792079207921,0.03900537743285587,1.0,-0.0,0,0
481,0.0,0.007920792079207921,0.03900537743285587,1.0,-0.0,0,0
482,0.0,0.0,0.0,1.0,-0.0,0,0
483,0.0,0.0,0.0,1.0,-0.0,0,0
484,0.0,0.0,0.0,1.0,-0.0,0,0
485,0.0,0.019801980198019802,0.059735061897023205,1.0,-0.0,0,0
486,0.0,0.019801980198019802,0.059735061897023205,1.0,-0.0,0,0
487,0.0,0.019801980198019802,0.059735061897023205,1.0,-0.0,0,0
488,0.0,0.03564356435643565,0.08154954567118416,1.0,-0.0,0,0
489,0.0,0.07920792079207921,0.1292145592164392,1.0,-0.0,0,0
490,0.0,0.06930693069306931,0.12407485305204392,1.0,-0.0,0,0
491,0.0,0.06930693069306931,0.12407485305204392,1.0,-0.0,0,0
492,0.0,0.11287128712871286,0.1390657415135005,1.0,-0.0,0,0
493,0.0,0.09702970297029702,0.13084299831035082,1.0,-0.0,0,0
494,0.0,0.05346534653465347,0.09704990696905226,1.0,-0.0,0,0
495,0.0,0.043564356435643575,0.08721867542790196,1.0,-0.0,0,0
496,0.0,0.043564356435643575,0.08721867542790196,1.0,-0.0,0,0
497,0.0,0.0,0.0,1.0,-0.0,0,0
498,0.0,0.03960396039603961,0.08452453849668534,1.0,-0.0,0,0
499,0.0,0.03960396039603961,0.08452453849668534,1.0,-0.0,0,0
500,0.0,0.05544554455445545,0.1019369320889802,1.0,-0.0,0,0
501,0.0,0.05544554455445545,0.1019369320889802,1.0,-0.0,0,0
502,0.0,0.05544554455445545,0.1019369320889802,1.0,-0.0,0,0
503,0.0,0.015841584158415842,0.05401260078014202,1.0,-0.0,0,0
504,0.0,0.015841584158415842,0.05401260078014202,1.0,-0.0,0,0
505,0.0,0.0,0.0,1.0,-0.0,0,0
506,0.0,0.0,0.0,1.0,-0.0,0,0
507,0.0,0.009900990099009901,0.04338396495090424,1.0,-0.0,0,0
508,0.0,0.009900990099009901,0.04338396495090424,1.0,-0.0,0,0
509,0.0,0.009900990099009901,0.04338396495090424,1.0,-0.0,0,0
510,0.0,0.009900990099009901,0.04338396495090424,1.0,-0.0,0,0
511,0.0,0.009900990099009901,0.04338396495090424,1.0,-0.0,0,0
512,0.0,0.0,0.0,1.0,-0.0,0,0
513,0.0,0.0039603960396039604,0.027863855998951064,1.0,-0.0,0,0
514,0.0,0.0039603960396039604,0.027863855998951064,1.0,-0.0,0,0
515,0.0,0.0039603960396039604,0.027863855998951064,1.0,-0.0,0,0
516,0.0,0.0039603960396039604,0.027863855998951064,1.0,-0.0,0,0
517,0.0,0.031683168316831684,0.08780118525701135,1.0,-0.0,0,0
518,0.0,0.02772277227722772,0.08457091684777278,1.0,-0.0,0,0
519,0.0,0.02772277227722772,0.08457091684777278,1.0,-0.0,0,0
520,0.0,0.05148514851485149,0.11485148514851483,1.0,-0.0,0,0
521,0.0,0.05148514851485149,0.11485148514851483,1.0,-0.0,0,0
522,0.0,0.023762376237623766,0.07056843438101175,1.0,-0.0,0,0
523,0.0,0.033663366336633666,0.08475617647141663,1.0,-0.0,0,0
524,0.0,0.033663366336633666,0.08475617647141663,1.0,-0.0,0,0
525,0.0,0.027722772277227727,0.07461957893630407,1.0,-0.0,0,0
526,0.0,0.03960396039603961,0.08452453849668534,1.0,-0.0,0,0
527,0.0,0.03960396039603961,0.08452453849668534,1.0,-0.0,0,0
528,0.0,0.02970297029702971,0.07112192077650681,1.0,-0.0,0,0
529,0.0,0.02970297029702971,0.07112192077650681,1.0,-0.0,0,0
530,0.0,0.011881188118811883,0.047276579747775535,1.0,-0.0,0,0
531,0.0,0.0,0.0,1.0,-0.0,0,0
532,0.0,0.0,0.0,1.0,-0.0,0,0
533,0.0,0.025742574257425745,0.0669763743575753,1.0,-0.0,0,0
534,0.0,0.025742574257425745,0.0669763743575753,1.0,-0.0,0,0
535,0.0,0.06534653465346535,0.1129581045303102,1.0,-0.0,0,0
536,0.0,0.08514851485148514,0.12054836637801526,1.0,-0.0,0,0
537,0.0,0.08514851485148514,0.12054836637801526,1.0,-0.0,0,0
538,0.0,0.0594059405940594,0.10357779667819421,1.0,-0.0,0,0
539,0.0,0.0594059405940594,0.10357779667819421,1.0,-0.0,0,0
540,0.0,0.019801980198019802,0.0597350618970232,1.0,-0.0,0,0
541,0.0,0.0,0.0,1.0,-0.0,0,0
542,0.0,0.0,0.0,1.0,-0.0,0,0
543,0.0,0.0,0.0,1.0,-0.0,0,0
544,0.0,0.0,0.0,1.0,-0.0,0,0
545,0.0,0.011881188118811883,0.04727657974777555,1.0,-0.0,0,0
546,0.0,0.0297029702970297,0.07648795214189293,1.0,-0.0,0,0
547,0.0,0.0297029702970297,0.07648795214189293,1.0,-0.0,0,0
548,0.0,0.0297029702970297,0.07648795214189293,1.0,-0.0,0,0
549,0.0,0.0712871287128713,0.1213265242141813,1.0,-0.0,0,0
550,0.0,0.0594059405940594,0.10733330877518932,1.0,-0.0,0,0
551,0.0,0.041584158415841586,0.08590499787518362,1.0,-0.0,0,0
552,0.0,0.04752475247524753,0.08965727859541997,1.0,-0.0,0,0
553,0.0,0.04752475247524753,0.08965727859541997,1.0,-0.0,0,0
554,0.0,0.017821782178217824,0.056980176514606566,1.0,-0.0,0,0
555,0.0,0.0594059405940594,0.10357779667819421,1.0,-0.0,0,0
556,0.0,0.0594059405940594,0.10357779667819421,1.0,-0.0,0,0
557,0.0,0.05346534653465347,0.09704990696905226,1.0,-0.0,0,0
558,0.0,0.09900990099009899,0.13386490123687583,1.0,-0.0,1,0
559,0.0,0.08712871287128714,0.127165103825761,1.0,-0.0,0,0
560,0.0,0.04554455445544554,0.08846854615322249,1.0,-0.0,0,0
561,0.0,0.04554455445544554,0.08846854615322249,1.0,-0.0,0,0
562,0.0,0.05346534653465347,0.09287951999650357,1.0,-0.0,0,0
563,0.0,0.007920792079207921,0.03900537743285587,1.0,-0.0,0,0
564,0.0,0.017821782178217824,0.056980176514606566,1.0,-0.0,0,0
565,0.0,0.0297029702970297,0.07648795214189293,1.0,-0.0,0,0
566,0.0,0.0297029702970297,0.07648795214189293,1.0,-0.0,0,0
567,0.0,0.021782178217821784,0.06230547612891991,1.0,-0.0,0,0
568,0.0,0.021782178217821784,0.06230547612891991,1.0,-0.0,0,0
569,0.0,0.011881188118811883,0.047276579747775535,1.0,-0.0,0,0
570,0.0,0.09900990099009901,0.1607501286542765,1.0,-0.0,0,0
571,0.0,0.11683168316831682,0.16713622056244906,1.0,-0.0,0,0
572,0.0,0.11683168316831682,0.16713622056244906,1.0,-0.0,0,0
573,0.0,0.11683168316831682,0.16713622056244906,1.0,-0.0,0,0
574,0.0,0.11683168316831682,0.16713622056244906,1.0,-0.0,0,0
575,0.0,0.017821782178217824,0.05698017651460657,1.0,-0.0,0,0
576,0.0,0.0,0.0,1.0,-0.0,0,0
577,0.0,0.0,0.0,1.0,-0.0,0,0
578,0.0,0.0,0.0,1.0,-0.0,0,0
579,0.0,0.009900990099009901,0.04338396495090425,1.0,-0.0,0,0
580,0.0,0.009900990099009901,0.04338396495090425,1.0,-0.0,0,0
581,0.0,0.021782178217821784,0.06230547612891991,1.0,-0.0,0,0
582,0.0,0.03564356435643565,0.08154954567118416,1.0,-0.0,0,0
583,0.0,0.03564356435643565,0.08154954567118416,1.0,-0.0,0,0
584,0.0,0.025742574257425745,0.07264925278354116,1.0,-0.0,0,0
585,0.0,0.025742574257425745,0.07264925278354116,1.0,-0.0,0,0
586,0.0,0.027722772277227727,0.06910862719451544,1.0,-0.0,0,0
587,0.0,0.01386138613861386,0.05079507064705211,1.0,-0.0,0,0
