,foreground,bg_means,bg_stdev,pvals,minus_logs,regs,active
2,0.4,3.3059405940594067,0.7397914854981021,1.0,-0.0,0,0
3,0.4,3.568316831683169,0.7777768130413848,1.0,-0.0,0,0
4,0.4,3.568316831683169,0.7777768130413848,1.0,-0.0,0,0
5,0.2,2.8514851485148522,0.772627491019083,1.0,-0.0,0,0
6,0.2,1.994059405940594,0.6045736214868019,1.0,-0.0,0,0
7,0.0,2.1326732673267323,0.598531025340596,1.0,-0.0,0,0
8,0.0,0.7584158415841582,0.35074667926634884,1.0,-0.0,0,0
9,0.0,0.7841584158415839,0.34547504194571194,1.0,-0.0,0,0
10,0.0,1.1762376237623762,0.4224278050337604,1.0,-0.0,0,0
11,0.0,3.0237623762376247,0.6791299784970204,1.0,-0.0,0,0
12,0.0,2.872277227722773,0.6124320632165505,1.0,-0.0,0,0
13,0.0,2.872277227722773,0.6124320632165505,1.0,-0.0,0,0
14,0.0,2.845544554455446,0.6235517481880439,1.0,-0.0,0,0
15,0.0,2.105940594059406,0.5886419648713195,1.0,-0.0,0,0
16,0.0,0.25742574257425743,0.20164989494021335,1.0,-0.0,0,0
17,0.0,0.0,0.0,1.0,-0.0,0,0
18,0.0,0.0,0.0,1.0,-0.0,0,0
19,0.0,0.0,0.0,1.0,-0.0,0,0
20,0.0,0.0,0.0,1.0,-0.0,0,0
21,0.0,0.0,0.0,1.0,-0.0,0,0
22,0.0,0.0,0.0,1.0,-0.0,0,0
23,0.0,0.0,0.0,1.0,-0.0,0,0
24,0.0,0.0,0.0,1.0,-0.0,0,0
25,0.0,0.0,0.0,1.0,-0.0,0,0
26,0.0,0.0,0.0,1.0,-0.0,0,0
27,0.0,0.0,0.0,1.0,-0.0,0,0
28,0.0,0.021782178217821784,0.06230547612891991,1.0,-0.0,0,0
29,0.0,0.021782178217821784,0.06230547612891991,1.0,-0.0,0,0
30,0.0,0.021782178217821784,0.06230547612891991,1.0,-0.0,0,0
31,0.4,1.1782178217821782,0.4239381517557334,1.0,-0.0,0,0
32,0.4,1.2910891089108911,0.45426450398898055,1.0,-0.0,0,0
33,0.4,1.310891089108911,0.46371316460664225,1.0,-0.0,0,0
34,0.6,1.8594059405940595,0.5163041198006512,1.0,-0.0,0,0
35,0.6,2.166336633663366,0.530323500696177,1.0,-0.0,0,0
36,0.2,1.097029702970297,0.4208561395617777,1.0,-0.0,0,0
37,0.2,1.0257425742574258,0.40164352091176936,1.0,-0.0,0,0
38,0.2,2.0257425742574258,0.5786042381672091,1.0,-0.0,0,0
39,0.2,2.0970297029702967,0.572376571595827,1.0,-0.0,0,0
40,0.2,1.7920792079207923,0.5339342430527594,1.0,-0.0,0,0
41,0.2,1.908910891089109,0.5940462044737774,1.0,-0.0,0,0
42,0.4,2.8019801980198027,0.7066838185566878,1.0,-0.0,0,0
43,0.6,2.1425742574257423,0.6376545100513326,1.0,-0.0,0,0
44,0.4,1.5841584158415842,0.5217511779920618,1.0,-0.0,0,0
45,0.4,1.685148514851485,0.5357304883625355,1.0,-0.0,0,0
46,0.4,1.9366336633663366,0.5677335123497604,1.0,-0.0,0,0
47,0.2,1.3683168316831684,0.4798784278942727,1.0,-0.0,0,0
48,0.0,1.077227722772277,0.3999705900373354,1.0,-0.0,0,0
49,0.0,1.3693069306930694,0.4878204860249607,1.0,-0.0,0,0
50,0.0,1.269306930693069,0.4515633074609084,1.0,-0.0,0,0
51,0.0,0.8138613861386139,0.36506603308027674,1.0,-0.0,0,0
52,0.0,0.44554455445544555,0.26383491405855797,1.0,-0.0,0,0
53,0.0,0.47326732673267324,0.2810486336508542,1.0,-0.0,0,0
54,0.0,0.1188118811881188,0.1467218499235066,1.0,-0.0,0,0
55,1.0,1.3762376237623766,0.48932131516575245,1.0,-0.0,0,0
56,1.0,1.3762376237623766,0.48932131516575245,1.0,-0.0,0,0
57,1.0,1.3940594059405942,0.4958883981317039,1.0,-0.0,0,0
58,1.0,1.401980198019802,0.5185624069530218,1.0,-0.0,0,0
59,1.0,1.443564356435644,0.5336991850431054,1.0,-0.0,0,0
60,0.0,0.1881188118811881,0.19257871154715578,1.0,-0.0,0,0
61,0.4,0.7821782178217823,0.34823345975915887,1.0,-0.0,0,0
62,0.4,1.201980198019802,0.4291322577683791,1.0,-0.0,0,0
63,0.4,1.1564356435643566,0.43382157248036696,1.0,-0.0,0,0
64,0.4,2.4336633663366336,0.5910683778310561,1.0,-0.0,0,0
65,0.4,2.5702970297029704,0.6045282187118316,1.0,-0.0,0,0
66,0.0,1.976237623762376,0.5444860443076927,1.0,-0.0,0,0
67,0.0,1.5376237623762377,0.47903605460713217,1.0,-0.0,0,0
68,0.6,2.2514851485148513,0.5967923932746817,1.0,-0.0,0,0
69,1.4,2.053465346534653,0.5896070778280056,1.0,-0.0,0,0
70,1.4,1.918811881188119,0.5530675699121586,1.0,-0.0,0,0
71,1.4,1.9524752475247524,0.5601615854934738,1.0,-0.0,0,0
72,3.4,3.8722772277227717,0.8188519869977336,1.0,-0.0,0,0
73,2.8,3.1960396039603958,0.7430097732762346,1.0,-0.0,0,0
74,2.2,2.3029702970297032,0.5785703523194738,1.0,-0.0,0,0
75,2.2,2.3465346534653464,0.580809328886778,1.0,-0.0,0,0
76,2.4,2.9227722772277227,0.7125301714117388,1.0,-0.0,0,0
77,0.4,1.0019801980198018,0.41025956478669784,1.0,-0.0,0,0
78,0.4,0.8811881188118811,0.3911680582049453,1.0,-0.0,0,0
79,0.2,0.6514851485148515,0.3253676858072298,1.0,-0.0,0,0
80,0.2,0.6198019801980198,0.33241385453850764,1.0,-0.0,0,0
81,0.0,0.011881188118811881,0.047276579747775535,1.0,-0.0,0,0
82,0.0,0.011881188118811881,0.047276579747775535,1.0,-0.0,0,0
83,0.0,0.011881188118811881,0.047276579747775535,1.0,-0.0,0,0
84,0.2,0.47524752475247517,0.2622846841948269,1.0,-0.0,0,0
85,0.4,0.7603960396039604,0.356017356324263,1.0,-0.0,0,0
86,0.4,0.7603960396039604,0.356017356324263,1.0,-0.0,0,0
87,1.2,1.3702970297029697,0.48778029351712493,1.0,-0.0,0,0
88,1.4,1.4940594059405938,0.5045970418945754,1.0,-0.0,0,0
89,2.4,1.8,0.4842059949490035,0.10764645194367257,0.9680002800688123,0,0
90,3.0,1.9900990099009899,0.5560655546679084,0.0346733334987359,1.4600044032091295,0,0
91,3.6,2.475247524752475,0.6292233056987536,0.0369263265950686,1.4326638935090672,0,0
92,2.8,1.8653465346534657,0.6192354985673957,0.06560254398952814,1.1830793188683701,0,0
93,2.8,1.9247524752475254,0.6676997517847952,0.09495591720211245,1.0224779669126933,0,0
94,1.6,1.1564356435643566,0.46467615500105663,0.16989844683232824,0.769810591320669,0,0
95,2.8,1.6257425742574256,0.5307669521497766,0.013470259485757231,1.8706240381191042,0,0
96,3.6,2.196039603960396,0.5774510038071308,0.007522240317740388,2.123652796013145,0,0
97,3.6,2.277227722772277,0.6035999573710875,0.014208834600476542,1.847441541167377,0,0
98,3.6,2.3188118811881187,0.5748375355994813,0.012914173776804861,1.8889333739004708,0,0
99,4.0,2.5673267326732674,0.5655294392965823,0.00564921015469632,2.2480122688948816,0,0
100,2.0,1.6653465346534655,0.44951803531354534,0.22829557164990655,0.6415025126300541,0,0
101,0.6,0.6099009900990099,0.22929290813671493,1.0,-0.0,0,0
102,1.0,0.8217821782178216,0.3055927401799672,0.27988359139364927,0.5530225619699971,0,0
103,0.8,0.6772277227722772,0.3269666129196086,0.35364851439554623,0.45142816195922875,0,0
104,0.4,0.47326732673267324,0.2810486336508542,1.0,-0.0,0,0
105,1.2,0.7683168316831684,0.34091626481833415,0.1027128729789888,0.988375122971489,0,0
106,1.2,0.7841584158415843,0.34317465843437484,0.11280421851621004,0.9476746588273708,0,0
107,0.8,0.48910891089108915,0.2917685879776934,0.14331582662862952,0.843705847021044,0,0
108,1.2,0.6019801980198021,0.2849284078986922,0.017915401223169442,1.7467734611759451,0,0
109,1.4,0.6257425742574256,0.29472372206160885,0.004306284789428151,2.3658972521745647,0,0
110,0.6,0.29504950495049503,0.22087864040437144,0.08369720044332897,1.0772890683191383,0,0
111,0.6,0.2792079207920792,0.22174681471951554,0.0739961923483076,1.1307906273590826,0,0
112,1.4,1.0158415841584159,0.36006948539186395,0.1430083206569151,0.8446386932324454,0,0
113,1.0,0.8217821782178217,0.2963821323819224,0.273816448619018,0.5625404666114235,0,0
114,0.8,0.7544554455445542,0.2976890371955031,0.4392016121929906,0.35733607437482584,0,0
115,0.8,0.7366336633663365,0.296421820216463,0.41536288921032627,0.38157230830921013,0,0
116,1.4,1.1306930693069306,0.41500150882641756,0.2581918101452322,0.5880575376898298,0,0
117,0.6,0.4811881188118812,0.2716698896965732,0.3309327000157397,0.4802603173528792,0,0
118,0.6,0.4811881188118812,0.2716698896965732,0.3309327000157397,0.4802603173528792,0,0
119,0.6,0.4811881188118812,0.2716698896965732,0.3309327000157397,0.4802603173528792,0,0
120,0.6,0.4811881188118812,0.2716698896965732,0.3309327000157397,0.4802603173528792,0,0
121,0.0,0.08712871287128712,0.1332483472575107,1.0,-0.0,0,0
122,0.0,0.0,0.0,1.0,-0.0,0,0
123,1.6,0.7861386138613861,0.38921848657424785,0.018263395102988272,1.738418485430695,0,0
124,1.6,0.7861386138613861,0.38921848657424785,0.018263395102988272,1.738418485430695,0,0
125,6.0,2.998019801980199,0.6130560031303977,4.871805536503074e-07,6.312310055372958,0,0
126,6.2,3.0217821782178222,0.6178217821782178,1.3430958748215124e-07,6.871892984784917,0,0
127,8.4,3.6950495049504943,0.6458360515409867,1.6078077095387965e-13,12.793765893199431,0,0
128,20.6,7.403960396039603,1.1907166318824254,1.0000000000076332e-17,16.999999999996685,0,0
129,20.8,7.447524752475247,1.2089267033777482,1.0000000000116013e-17,16.999999999994962,0,0
130,16.8,5.327722772277228,1.1124959727933506,1.000000031033107e-17,16.999999986522493,0,0
131,16.6,5.303960396039603,1.1053354664901653,1.0000000810393357e-17,16.999999964805067,0,0
132,14.4,4.62970297029703,1.044129705767643,1.0004087710962552e-17,16.99982250924261,0,0
133,0.6,0.13465346534653466,0.14921288105967925,0.0009083300293020081,3.041756327841147,0,0
134,0.4,0.0910891089108911,0.12113245340338319,0.0053831960242207485,2.268959805455097,0,0
135,0.0,0.0,0.0,1.0,-0.0,0,0
136,1.0,1.0871287128712872,0.4290591517614145,1.0,-0.0,0,0
137,1.0,1.0871287128712872,0.4290591517614145,1.0,-0.0,0,0
138,1.0,1.0871287128712872,0.4290591517614145,1.0,-0.0,0,0
