,foreground,bg_means,bg_stdev,pvals,minus_logs,regs,active
2,0.0,0.0,0.0,1.0,-0.0,0,0
3,0.0,0.0198019801980198,0.0597350618970232,1.0,-0.0,0,0
4,0.0,0.0198019801980198,0.0597350618970232,1.0,-0.0,0,0
5,0.2,0.023762376237623766,0.06471340450838887,0.003231121245907738,2.4906467450338194,0,0
6,0.2,0.023762376237623766,0.06471340450838887,0.003231121245907738,2.4906467450338194,0,0
7,0.2,0.023762376237623766,0.06471340450838887,0.003231121245907738,2.4906467450338194,0,0
8,0.2,0.009900990099009901,0.04338396495090425,5.885669548817499e-06,5.230204125035218,0,0
9,0.4,0.031683168316831684,0.0730260947112308,2.283873330835405e-07,6.641327986785526,0,0
10,0.2,0.02772277227722773,0.06910862719451544,0.0063361735559086295,2.1981729353735644,0,0
11,0.2,0.02772277227722773,0.06910862719451544,0.0063361735559086295,2.1981729353735644,0,0
12,0.2,0.02772277227722773,0.06910862719451544,0.0063361735559086295,2.1981729353735644,0,0
13,0.4,0.049504950495049514,0.09504950495049506,0.00011323404682251737,3.946022971345902,0,0
14,0.2,0.02772277227722772,0.07975061610139514,0.015378620884094646,1.813082609221364,0,0
15,0.2,0.033663366336633666,0.08475617647141663,0.024850340762334614,1.6046676515911364,0,0
16,0.2,0.033663366336633666,0.08475617647141663,0.024850340762334614,1.6046676515911364,0,0
17,0.2,0.033663366336633666,0.08475617647141663,0.024850340762334614,1.6046676515911364,0,0
18,0.0,0.0059405940594059415,0.03395332316729158,1.0,-0.0,0,0
19,0.0,0.0059405940594059415,0.03395332316729158,1.0,-0.0,0,0
20,0.0,0.0,0.0,1.0,-0.0,0,0
21,0.0,0.0,0.0,1.0,-0.0,0,0
22,0.0,0.0,0.0,1.0,-0.0,0,0
23,0.0,0.0,0.0,1.0,-0.0,0,0
24,0.0,0.0,0.0,1.0,-0.0,0,0
25,0.0,0.0,0.0,1.0,-0.0,0,0
26,0.0,0.0,0.0,1.0,-0.0,0,0
27,0.0,0.0,0.0,1.0,-0.0,0,0
28,0.0,0.0,0.0,1.0,-0.0,0,0
29,0.0,0.0,0.0,1.0,-0.0,0,0
30,0.0,0.0,0.0,1.0,-0.0,0,0
31,0.0,0.0,0.0,1.0,-0.0,0,0
32,0.0,0.007920792079207921,0.03900537743285587,1.0,-0.0,0,0
33,0.0,0.021782178217821784,0.068367035650028,1.0,-0.0,0,0
34,0.0,0.021782178217821784,0.068367035650028,1.0,-0.0,0,0
35,0.0,0.021782178217821784,0.068367035650028,1.0,-0.0,0,0
36,0.0,0.021782178217821784,0.068367035650028,1.0,-0.0,0,0
37,0.0,0.013861386138613863,0.05079507064705211,1.0,-0.0,0,0
38,0.0,0.0,0.0,1.0,-0.0,0,0
39,0.0,0.0,0.0,1.0,-0.0,0,0
40,0.0,0.0,0.0,1.0,-0.0,0,0
41,0.0,0.0,0.0,1.0,-0.0,0,0
42,0.0,0.0,0.0,1.0,-0.0,0,0
43,0.0,0.0,0.0,1.0,-0.0,0,0
44,0.0,0.0,0.0,1.0,-0.0,0,0
45,0.0,0.009900990099009901,0.04338396495090424,1.0,-0.0,0,0
46,0.2,0.039603960396039604,0.08452453849668534,0.028872622852877186,1.5395137620565469,0,0
47,0.2,0.039603960396039604,0.08452453849668534,0.028872622852877186,1.5395137620565469,0,0
48,0.2,0.039603960396039604,0.08452453849668534,0.028872622852877186,1.5395137620565469,0,0
49,0.2,0.07920792079207921,0.10928827506175545,0.13452323402587257,0.8712027005106293,0,0
50,0.2,0.0693069306930693,0.1031605249713355,0.10259725727169978,0.9888642490457182,0,0
51,0.0,0.039603960396039604,0.08908690597387718,1.0,-0.0,0,0
52,0.0,0.057425742574257435,0.10277971700879983,1.0,-0.0,0,0
53,0.2,0.10099009900990098,0.12781100644043505,0.2192706971082659,0.6590194026794771,0,0
54,0.2,0.061386138613861385,0.09644194583672018,0.07531954647324092,1.1230923036946965,0,0
55,0.2,0.061386138613861385,0.09644194583672018,0.07531954647324092,1.1230923036946965,0,0
56,0.2,0.11287128712871286,0.11745095149573798,0.22909498118149385,0.639984424861487,0,0
57,0.2,0.10297029702970298,0.11811677855054843,0.20568854856415936,0.6867898863987796,0,0
58,0.0,0.0594059405940594,0.09968089464279778,1.0,-0.0,0,0
59,0.0,0.27920792079207923,0.2270415985277005,1.0,-0.0,0,0
60,0.4,0.46138613861386146,0.28388056930625627,1.0,-0.0,0,0
61,0.4,0.4118811881188119,0.2740553997303477,1.0,-0.0,0,0
62,0.4,0.43960396039603966,0.2595041760936765,1.0,-0.0,0,0
63,0.4,0.43960396039603966,0.2595041760936765,1.0,-0.0,0,0
64,0.4,0.2831683168316832,0.19552888770427226,0.27508138832818035,0.5605387924522113,0,0
65,0.0,0.10891089108910891,0.13357165904190144,1.0,-0.0,0,0
66,0.0,0.13267326732673265,0.15228224894835946,1.0,-0.0,0,0
67,0.0,0.09306930693069305,0.13661931335176508,1.0,-0.0,0,0
68,0.0,0.09306930693069305,0.13661931335176508,1.0,-0.0,0,0
69,0.2,0.057425742574257435,0.09885135821266286,0.07460753442729876,1.127217312004932,0,0
70,0.2,0.04950495049504951,0.08631483056516186,0.040617958542992695,1.3912819080063725,0,0
71,0.2,0.02772277227722772,0.06910862719451544,0.0063361735559086295,2.1981729353735644,0,0
72,0.2,0.02772277227722772,0.06910862719451544,0.0063361735559086295,2.1981729353735644,0,0
73,0.2,0.02772277227722772,0.06910862719451544,0.0063361735559086295,2.1981729353735644,0,0
74,0.2,0.007920792079207921,0.03900537743285587,4.2303541670263104e-07,6.3736232717865695,0,0
75,0.2,0.007920792079207921,0.03900537743285587,4.2303541670263104e-07,6.3736232717865695,0,0
76,0.2,0.007920792079207921,0.03900537743285587,4.2303541670263104e-07,6.3736232717865695,0,0
77,0.2,0.007920792079207921,0.03900537743285587,4.2303541670263104e-07,6.3736232717865695,0,0
78,0.2,0.007920792079207921,0.03900537743285587,4.2303541670263104e-07,6.3736232717865695,0,0
79,0.0,0.0,0.0,1.0,-0.0,0,0
80,0.0,0.0,0.0,1.0,-0.0,0,0
81,0.2,0.03564356435643565,0.07653920035678292,0.015882722457572503,1.7990750531077893,0,0
82,0.2,0.03564356435643565,0.07653920035678292,0.015882722457572503,1.7990750531077893,0,0
83,0.2,0.03564356435643565,0.07653920035678292,0.015882722457572503,1.7990750531077893,0,0
84,0.2,0.03564356435643565,0.07653920035678292,0.015882722457572503,1.7990750531077893,0,0
85,0.2,0.03564356435643565,0.07653920035678292,0.015882722457572503,1.7990750531077893,0,0
86,0.0,0.0,0.0,1.0,-0.0,0,0
87,0.0,0.0,0.0,1.0,-0.0,0,0
88,0.0,0.0,0.0,1.0,-0.0,0,0
89,0.0,0.04554455445544555,0.08846854615322249,1.0,-0.0,0,0
90,0.0,0.04554455445544555,0.08846854615322249,1.0,-0.0,0,0
91,0.0,0.04554455445544555,0.08846854615322249,1.0,-0.0,0,0
92,0.0,0.04554455445544555,0.08846854615322249,1.0,-0.0,0,0
93,0.0,0.04554455445544555,0.08846854615322249,1.0,-0.0,0,0
94,0.0,0.0,0.0,1.0,-0.0,0,0
95,0.0,0.0,0.0,1.0,-0.0,0,0
96,0.0,0.03960396039603961,0.08908690597387718,1.0,-0.0,0,0
97,0.0,0.04752475247524753,0.09397077637785879,1.0,-0.0,0,0
98,0.0,0.07920792079207921,0.11285391563386142,1.0,-0.0,0,0
99,0.0,0.07920792079207921,0.11285391563386142,1.0,-0.0,0,0
100,0.0,0.09306930693069305,0.12448501897427097,1.0,-0.0,0,0
101,0.0,0.09504950495049502,0.12457948087149173,1.0,-0.0,0,0
102,0.0,0.10693069306930691,0.12762679639066946,1.0,-0.0,0,0
103,0.0,0.10297029702970298,0.13084299831035082,1.0,-0.0,0,0
104,0.0,0.10297029702970298,0.13084299831035082,1.0,-0.0,0,0
105,0.0,0.10297029702970295,0.1367627457412436,1.0,-0.0,0,0
106,0.0,0.0613861386138614,0.10806149425459212,1.0,-0.0,0,0
107,0.0,0.04158415841584159,0.09039772047931348,1.0,-0.0,0,0
108,0.2,0.42772277227722777,0.24215158164117861,1.0,-0.0,0,0
109,0.2,0.42772277227722777,0.24215158164117861,1.0,-0.0,0,0
110,0.2,0.4920792079207921,0.25550693866567165,1.0,-0.0,0,0
111,0.2,0.4920792079207921,0.25550693866567165,1.0,-0.0,0,0
112,0.4,0.5287128712871287,0.26188072020770864,1.0,-0.0,0,0
113,0.2,0.11287128712871286,0.13024224675172555,0.25175594337998036,0.5990202679574179,0,0
114,0.2,0.13267326732673265,0.1414975848312859,0.31710294183422544,0.49879972890812296,0,0
115,0.2,0.05346534653465347,0.09704990696905226,0.0655357875709919,1.1835214771048093,0,0
116,0.2,0.11881188118811879,0.1520245363775781,0.2966548014920463,0.5277486180171558,0,0
117,0.0,0.1188118811881188,0.14122019271030048,1.0,-0.0,0,0
118,0.0,0.1188118811881188,0.14122019271030048,1.0,-0.0,0,0
119,0.0,0.10099009900990098,0.12467387119760154,1.0,-0.0,0,0
120,0.0,0.12079207920792076,0.13224402263020987,1.0,-0.0,0,0
121,0.0,0.05346534653465347,0.08851285797476045,1.0,-0.0,0,0
122,0.0,0.017821782178217824,0.05698017651460656,1.0,-0.0,0,0
123,0.0,0.017821782178217824,0.05698017651460656,1.0,-0.0,0,0
124,0.0,0.017821782178217824,0.05698017651460656,1.0,-0.0,0,0
125,0.0,0.021782178217821784,0.06836703565002801,1.0,-0.0,0,0
126,0.0,0.021782178217821784,0.06836703565002801,1.0,-0.0,0,0
127,0.0,0.039603960396039604,0.09757374253271224,1.0,-0.0,0,0
128,0.0,0.06732673267326733,0.12356816445008077,1.0,-0.0,0,0
129,0.0,0.06732673267326733,0.12356816445008077,1.0,-0.0,0,0
130,0.0,0.04554455445544554,0.09283729243351323,1.0,-0.0,0,0
131,0.0,0.04752475247524753,0.09397077637785879,1.0,-0.0,0,0
132,0.0,0.0297029702970297,0.07648795214189293,1.0,-0.0,0,0
133,0.0,0.13465346534653466,0.15443005630372467,1.0,-0.0,0,0
134,0.0,0.16633663366336626,0.18894036343566833,1.0,-0.0,0,0
135,0.0,0.16633663366336626,0.18894036343566833,1.0,-0.0,0,0
136,0.0,0.1643564356435643,0.1875238115128985,1.0,-0.0,0,0
137,0.0,0.1643564356435643,0.1875238115128985,1.0,-0.0,0,0
138,0.0,0.03168316831683169,0.07826167463512676,1.0,-0.0,0,0
139,0.0,0.0,0.0,1.0,-0.0,0,0
140,0.0,0.0,0.0,1.0,-0.0,0,0
141,0.0,0.011881188118811883,0.047276579747775535,1.0,-0.0,0,0
142,0.0,0.011881188118811883,0.047276579747775535,1.0,-0.0,0,0
143,0.0,0.011881188118811883,0.047276579747775535,1.0,-0.0,0,0
144,0.0,0.011881188118811883,0.047276579747775535,1.0,-0.0,0,0
145,0.0,0.011881188118811883,0.047276579747775535,1.0,-0.0,0,0
146,0.0,0.0,0.0,1.0,-0.0,0,0
147,0.0,0.0,0.0,1.0,-0.0,0,0
148,0.0,0.0,0.0,1.0,-0.0,0,0
149,0.0,0.0,0.0,1.0,-0.0,0,0
150,0.0,0.0,0.0,1.0,-0.0,0,0
151,0.0,0.0,0.0,1.0,-0.0,0,0
152,0.0,0.021782178217821784,0.06836703565002801,1.0,-0.0,0,0
153,0.0,0.021782178217821784,0.06836703565002801,1.0,-0.0,0,0
154,0.0,0.021782178217821784,0.06836703565002801,1.0,-0.0,0,0
155,0.0,0.021782178217821784,0.06836703565002801,1.0,-0.0,0,0
156,0.0,0.021782178217821784,0.06836703565002801,1.0,-0.0,0,0
157,0.0,0.0,0.0,1.0,-0.0,0,0
158,0.0,0.0,0.0,1.0,-0.0,0,0
159,0.0,0.0,0.0,1.0,-0.0,0,0
160,0.0,0.0,0.0,1.0,-0.0,0,0
161,0.0,0.0,0.0,1.0,-0.0,0,0
162,1.8,0.19603960396039596,0.1845094068165728,1.1763267797457386e-17,16.929472015907603,0,0
163,1.8,0.2178217821782178,0.19108654387033375,7.163736690011388e-17,16.144860385438395,0,0
164,1.8,0.22574257425742567,0.19018150025414607,7.281067378235584e-17,16.137804950014118,0,0
165,1.8,0.22574257425742567,0.19018150025414607,7.281067378235584e-17,16.137804950014118,0,0
166,1.8,0.22574257425742567,0.19018150025414607,7.281067378235584e-17,16.137804950014118,0,0
167,0.0,0.0297029702970297,0.07648795214189293,1.0,-0.0,0,0
168,0.0,0.007920792079207921,0.03900537743285587,1.0,-0.0,0,0
169,0.0,0.021782178217821784,0.06836703565002801,1.0,-0.0,0,0
170,0.0,0.021782178217821784,0.06836703565002801,1.0,-0.0,0,0
171,0.0,0.021782178217821784,0.06836703565002801,1.0,-0.0,0,0
172,0.0,0.021782178217821784,0.06836703565002801,1.0,-0.0,0,0
173,0.6,0.25346534653465347,0.22141057978050938,0.058777108530947864,1.2307917823318133,0,0
174,0.6,0.23168316831683167,0.21932872072871898,0.04654763436923767,1.3321023857136263,0,0
175,0.6,0.23168316831683167,0.21932872072871898,0.04654763436923767,1.3321023857136263,0,0
176,0.6,0.23366336633663365,0.21993573666399713,0.047891267762206306,1.3197436663016586,0,0
177,0.6,0.23366336633663365,0.21993573666399713,0.047891267762206306,1.3197436663016586,0,0
178,0.0,0.0019801980198019802,0.0198019801980198,1.0,-0.0,0,0
179,0.0,0.021782178217821784,0.06836703565002801,1.0,-0.0,0,0
180,0.0,0.021782178217821784,0.06836703565002801,1.0,-0.0,0,0
181,0.0,0.019801980198019802,0.06603299802191315,1.0,-0.0,0,0
182,0.0,0.049504950495049514,0.09912864166957487,1.0,-0.0,0,0
183,0.0,0.10099009900990098,0.14246420394934614,1.0,-0.0,0,0
184,0.0,0.08118811881188118,0.12325042629382527,1.0,-0.0,0,0
185,0.0,0.08118811881188118,0.12325042629382527,1.0,-0.0,0,0
186,0.0,0.08118811881188118,0.12325042629382527,1.0,-0.0,0,0
187,0.0,0.05148514851485149,0.10011267057239238,1.0,-0.0,0,0
188,0.0,0.0039603960396039604,0.027863855998951064,1.0,-0.0,0,0
189,0.0,0.0039603960396039604,0.027863855998951064,1.0,-0.0,0,0
190,0.0,0.0039603960396039604,0.027863855998951064,1.0,-0.0,0,0
191,0.0,0.06930693069306931,0.12407485305204391,1.0,-0.0,0,0
192,0.0,0.0712871287128713,0.12454800153280307,1.0,-0.0,0,0
193,0.0,0.29504950495049503,0.24469671574783078,1.0,-0.0,0,0
194,0.0,0.29504950495049503,0.24469671574783078,1.0,-0.0,0,0
195,0.0,0.4118811881188119,0.28538219248006175,1.0,-0.0,0,0
196,0.0,0.3465346534653465,0.24355630671717698,1.0,-0.0,0,0
197,0.0,0.3445544554455445,0.24392631882353832,1.0,-0.0,0,0
198,0.0,0.11584158415841582,0.1325549938311252,1.0,-0.0,0,0
199,0.0,0.11584158415841582,0.1325549938311252,1.0,-0.0,0,0
200,0.6,0.4376237623762377,0.3040490727551562,0.2966548014920465,0.5277486180171556,0,0
201,0.6,0.4376237623762377,0.3040490727551562,0.2966548014920465,0.5277486180171556,0,0
202,1.0,0.6673267326732673,0.33094790678917496,0.15739705445323932,0.8030033993382895,0,0
203,1.0,0.6673267326732673,0.33094790678917496,0.15739705445323932,0.8030033993382895,0,0
204,1.0,0.6990099009900989,0.3488297407343335,0.1941081142496035,0.711956309536054,0,0
205,0.4,0.27722772277227725,0.22859068357565782,0.2956049796581278,0.5292882542426007,0,0
206,0.4,0.29108910891089107,0.23634971986318068,0.32246962376673804,0.4915111890963504,0,0
207,0.0,0.061386138613861385,0.11166631429601336,1.0,-0.0,0,0
208,0.0,0.07326732673267328,0.12498799079651089,1.0,-0.0,0,0
209,0.0,0.041584158415841586,0.09039772047931348,1.0,-0.0,0,0
210,0.0,0.025742574257425748,0.07791016068477624,1.0,-0.0,0,0
211,0.0,0.011881188118811881,0.047276579747775535,1.0,-0.0,0,0
212,0.0,0.011881188118811881,0.047276579747775535,1.0,-0.0,0,0
213,0.0,0.0,0.0,1.0,-0.0,0,0
214,0.0,0.015841584158415842,0.05401260078014202,1.0,-0.0,0,0
215,0.0,0.031683168316831684,0.07826167463512675,1.0,-0.0,0,0
216,0.0,0.2356435643564356,0.2075716068337213,1.0,-0.0,0,0
217,0.0,0.2356435643564356,0.2075716068337213,1.0,-0.0,0,0
218,0.0,0.2356435643564356,0.2075716068337213,1.0,-0.0,0,0
219,0.0,0.21980198019801983,0.20967669690216312,1.0,-0.0,0,0
220,0.0,0.2158415841584158,0.21001304686832242,1.0,-0.0,0,0
221,0.0,0.015841584158415842,0.05401260078014202,1.0,-0.0,0,0
222,0.0,0.041584158415841586,0.08590499787518362,1.0,-0.0,0,0
223,0.0,0.057425742574257435,0.09476028605152792,1.0,-0.0,0,0
224,0.0,0.057425742574257435,0.09476028605152792,1.0,-0.0,0,0
225,0.0,0.05940594059405942,0.0996808946427978,1.0,-0.0,0,0
226,0.0,0.09306930693069305,0.12448501897427097,1.0,-0.0,0,0
227,0.0,0.06732673267326733,0.1135467024699521,1.0,-0.0,0,0
228,0.4,0.41584158415841593,0.2650360234313486,1.0,-0.0,0,0
229,0.4,0.4297029702970298,0.2719728271428023,1.0,-0.0,0,0
230,0.8,0.45346534653465354,0.284087685680976,0.11126735129245043,0.9536322501629655,0,0
231,0.8,0.41584158415841593,0.2781596782202436,0.0836284822321925,1.0776457851255898,0,0
232,1.8,0.6336633663366337,0.3389784384400896,0.00029006296854884866,3.5375077127052763,0,0
233,1.4,0.2792079207920792,0.23391495098367848,8.278963643115456e-07,6.0820240245974535,0,0
234,1.4,0.27128712871287125,0.22792070605842626,3.66862956519604e-07,6.435496138315788,0,0
235,1.0,0.23366336633663365,0.20112418099951873,6.940866822813829e-05,4.15858628849952,0,0
236,1.0,0.23366336633663365,0.20112418099951873,6.940866822813829e-05,4.15858628849952,0,0
237,0.0,0.015841584158415842,0.054012600780142014,1.0,-0.0,0,0
238,0.0,0.0059405940594059415,0.03395332316729158,1.0,-0.0,0,0
239,0.0,0.023762376237623766,0.06471340450838889,1.0,-0.0,0,0
240,0.0,0.023762376237623766,0.06471340450838889,1.0,-0.0,0,0
241,0.0,0.03564356435643564,0.08154954567118416,1.0,-0.0,0,0
242,0.0,0.061386138613861385,0.10433219700847123,1.0,-0.0,0,0
243,0.0,0.061386138613861385,0.10433219700847123,1.0,-0.0,0,0
244,0.0,0.08118811881188118,0.10964648079134362,1.0,-0.0,0,0
245,0.0,0.11485148514851484,0.13886822488939993,1.0,-0.0,0,0
246,0.0,0.11485148514851484,0.1444594832462533,1.0,-0.0,0,0
247,0.0,0.0891089108910891,0.12734998170941406,1.0,-0.0,0,0
248,0.0,0.0891089108910891,0.12734998170941406,1.0,-0.0,0,0
249,0.0,0.04554455445544555,0.09283729243351321,1.0,-0.0,0,0
250,0.0,0.011881188118811883,0.047276579747775535,1.0,-0.0,0,0
251,0.0,0.0,0.0,1.0,-0.0,0,0
252,0.0,0.0,0.0,1.0,-0.0,0,0
253,0.0,0.0,0.0,1.0,-0.0,0,0
254,0.0,0.4356435643564357,0.2805878406488218,1.0,-0.0,0,0
255,0.2,0.512871287128713,0.3101144363473209,1.0,-0.0,0,0
256,0.2,0.512871287128713,0.3101144363473209,1.0,-0.0,0,0
257,0.2,0.512871287128713,0.3101144363473209,1.0,-0.0,0,0
258,0.2,0.512871287128713,0.3101144363473209,1.0,-0.0,0,0
259,0.2,0.07722772277227723,0.12888031758632065,0.17039464501736856,0.7685440579023645,0,0
260,0.0,0.0,0.0,1.0,-0.0,0,0
261,0.0,0.04554455445544554,0.08846854615322249,1.0,-0.0,0,0
262,0.0,0.04554455445544554,0.08846854615322249,1.0,-0.0,0,0
263,0.0,0.04554455445544554,0.08846854615322249,1.0,-0.0,0,0
264,0.0,0.05544554455445545,0.09797478714338996,1.0,-0.0,0,0
265,0.0,0.0712871287128713,0.11110305060677654,1.0,-0.0,0,0
266,0.0,0.025742574257425748,0.07264925278354116,1.0,-0.0,0,0
267,0.0,0.2772277227722772,0.23541881286182223,1.0,-0.0,0,0
268,0.0,0.2772277227722772,0.23541881286182223,1.0,-0.0,0,0
269,0.0,0.26732673267326734,0.2273867516587513,1.0,-0.0,0,0
270,0.0,0.2514851485148515,0.20995702595943397,1.0,-0.0,0,0
271,0.0,0.2514851485148515,0.20995702595943397,1.0,-0.0,0,0
272,0.0,0.007920792079207921,0.03900537743285587,1.0,-0.0,0,0
273,0.0,0.007920792079207921,0.03900537743285587,1.0,-0.0,0,0
274,0.0,0.007920792079207921,0.03900537743285587,1.0,-0.0,0,0
275,0.0,0.009900990099009901,0.04338396495090424,1.0,-0.0,0,0
276,0.0,0.009900990099009901,0.04338396495090424,1.0,-0.0,0,0
277,0.0,0.0019801980198019802,0.019801980198019802,1.0,-0.0,0,0
278,0.0,0.007920792079207921,0.03900537743285587,1.0,-0.0,0,0
279,0.0,0.11683168316831682,0.1442421691205886,1.0,-0.0,0,0
280,0.0,0.11485148514851484,0.14169143619800648,1.0,-0.0,0,0
281,0.0,0.11485148514851484,0.14169143619800648,1.0,-0.0,0,0
282,0.0,0.11485148514851484,0.14169143619800648,1.0,-0.0,0,0
283,0.0,0.12475247524752472,0.14583724862987696,1.0,-0.0,0,0
284,0.0,0.039603960396039604,0.08452453849668534,1.0,-0.0,0,0
285,0.0,0.039603960396039604,0.08452453849668534,1.0,-0.0,0,0
286,0.0,0.039603960396039604,0.08452453849668534,1.0,-0.0,0,0
287,0.0,0.039603960396039604,0.08452453849668534,1.0,-0.0,0,0
288,0.0,0.039603960396039604,0.08452453849668534,1.0,-0.0,0,0
289,0.0,0.3287128712871287,0.24468069055276814,1.0,-0.0,0,0
290,0.0,0.3405940594059407,0.26332911223571154,1.0,-0.0,0,0
291,0.0,0.3465346534653466,0.26683489775612834,1.0,-0.0,0,0
292,0.0,0.3742574257425743,0.27813148302700097,1.0,-0.0,0,0
293,0.0,0.3584158415841584,0.2747698683282492,1.0,-0.0,0,0
294,0.0,0.04554455445544555,0.09283729243351323,1.0,-0.0,0,0
295,0.0,0.39009900990099017,0.23777223084581584,1.0,-0.0,0,0
296,0.0,0.3841584158415842,0.2366150206004008,1.0,-0.0,0,0
297,0.0,0.3564356435643564,0.23980843905585897,1.0,-0.0,0,0
298,0.0,0.3564356435643564,0.23980843905585897,1.0,-0.0,0,0
299,0.0,0.3564356435643564,0.23980843905585897,1.0,-0.0,0,0
300,0.0,0.0,0.0,1.0,-0.0,0,0
301,0.0,0.0,0.0,1.0,-0.0,0,0
302,0.0,0.0,0.0,1.0,-0.0,0,0
303,0.0,0.0,0.0,1.0,-0.0,0,0
304,0.0,0.0,0.0,1.0,-0.0,0,0
305,0.0,0.0,0.0,1.0,-0.0,0,0
306,0.0,0.013861386138613863,0.05079507064705211,1.0,-0.0,0,0
307,0.0,0.013861386138613863,0.05079507064705211,1.0,-0.0,0,0
308,0.0,0.013861386138613863,0.05079507064705211,1.0,-0.0,0,0
309,0.0,0.4613861386138614,0.2975045709041326,1.0,-0.0,0,0
310,0.0,0.4613861386138614,0.2975045709041326,1.0,-0.0,0,0
311,0.0,0.44752475247524753,0.28164792972434227,1.0,-0.0,0,0
312,0.0,0.44752475247524753,0.28164792972434227,1.0,-0.0,0,0
313,0.0,0.44752475247524753,0.28164792972434227,1.0,-0.0,0,0
314,0.0,0.33663366336633666,0.24844975676996547,1.0,-0.0,0,0
315,0.0,0.5821782178217821,0.3045516228994442,1.0,-0.0,0,0
316,0.0,0.5821782178217821,0.3045516228994442,1.0,-0.0,0,0
317,0.0,0.6198019801980198,0.312771007867442,1.0,-0.0,0,0
318,0.0,0.6198019801980198,0.312771007867442,1.0,-0.0,0,0
