,foreground,bg_means,bg_stdev,pvals,minus_logs,regs,active
2,0.0,0.027722772277227727,0.07461957893630405,1.0,-0.0,0,0
3,0.0,0.10495049504950496,0.13670539084430264,1.0,-0.0,0,0
4,0.0,0.10495049504950496,0.13670539084430264,1.0,-0.0,0,0
5,0.0,0.10495049504950496,0.13670539084430264,1.0,-0.0,0,0
6,0.0,0.09306930693069307,0.12762679639066948,1.0,-0.0,0,0
7,0.0,0.09306930693069307,0.12762679639066948,1.0,-0.0,0,0
8,0.0,0.015841584158415842,0.06709336374692047,1.0,-0.0,0,0
9,0.0,0.015841584158415842,0.06709336374692047,1.0,-0.0,0,0
10,0.0,0.015841584158415842,0.06709336374692047,1.0,-0.0,0,0
11,0.0,0.0,0.0,1.0,-0.0,0,0
12,0.0,0.0,0.0,1.0,-0.0,0,0
13,0.0,0.0,0.0,1.0,-0.0,0,0
14,0.0,0.0,0.0,1.0,-0.0,0,0
15,0.0,0.0,0.0,1.0,-0.0,0,0
16,0.0,0.017821782178217824,0.0635517090529949,1.0,-0.0,0,0
17,0.0,0.017821782178217824,0.0635517090529949,1.0,-0.0,0,0
18,0.0,0.017821782178217824,0.0635517090529949,1.0,-0.0,0,0
19,0.0,0.017821782178217824,0.0635517090529949,1.0,-0.0,0,0
20,0.0,0.017821782178217824,0.0635517090529949,1.0,-0.0,0,0
21,0.0,0.0,0.0,1.0,-0.0,0,0
22,0.0,0.0,0.0,1.0,-0.0,0,0
23,0.0,0.0,0.0,1.0,-0.0,0,0
24,0.0,0.0,0.0,1.0,-0.0,0,0
25,0.0,0.0,0.0,1.0,-0.0,0,0
26,0.0,0.0,0.0,1.0,-0.0,0,0
27,0.0,0.027722772277227727,0.07461957893630405,1.0,-0.0,0,0
28,0.0,0.027722772277227727,0.07461957893630405,1.0,-0.0,0,0
29,0.0,0.027722772277227727,0.07461957893630405,1.0,-0.0,0,0
30,0.0,0.027722772277227727,0.07461957893630405,1.0,-0.0,0,0
31,0.0,0.027722772277227727,0.07461957893630405,1.0,-0.0,0,0
32,0.0,0.0,0.0,1.0,-0.0,0,0
33,0.0,0.0,0.0,1.0,-0.0,0,0
34,0.0,0.021782178217821784,0.06230547612891991,1.0,-0.0,0,0
35,0.0,0.021782178217821784,0.06230547612891991,1.0,-0.0,0,0
36,0.0,0.03564356435643565,0.07653920035678292,1.0,-0.0,0,0
37,0.0,0.03564356435643565,0.07653920035678292,1.0,-0.0,0,0
38,0.0,0.06336633663366338,0.10504385908811757,1.0,-0.0,0,0
39,0.0,0.041584158415841586,0.0946774898050053,1.0,-0.0,0,0
40,0.0,0.041584158415841586,0.0946774898050053,1.0,-0.0,0,0
41,0.0,0.02772277227722773,0.07461957893630405,1.0,-0.0,0,0
42,0.0,0.02772277227722773,0.07461957893630405,1.0,-0.0,0,0
43,0.0,0.0,0.0,1.0,-0.0,0,0
44,0.0,0.0,0.0,1.0,-0.0,0,0
45,0.0,0.015841584158415842,0.05401260078014202,1.0,-0.0,0,0
46,0.0,0.015841584158415842,0.05401260078014202,1.0,-0.0,0,0
47,0.0,0.015841584158415842,0.05401260078014202,1.0,-0.0,0,0
48,0.0,0.015841584158415842,0.05401260078014202,1.0,-0.0,0,0
49,0.0,0.017821782178217824,0.05698017651460656,1.0,-0.0,0,0
50,0.0,0.0019801980198019802,0.0198019801980198,1.0,-0.0,0,0
51,0.0,0.0019801980198019802,0.0198019801980198,1.0,-0.0,0,0
52,0.0,0.0019801980198019802,0.0198019801980198,1.0,-0.0,0,0
53,0.0,0.0019801980198019802,0.0198019801980198,1.0,-0.0,0,0
54,0.0,0.0,0.0,1.0,-0.0,0,0
55,0.0,0.0059405940594059415,0.03395332316729158,1.0,-0.0,0,0
56,0.0,0.021782178217821784,0.06230547612891991,1.0,-0.0,0,0
57,0.0,0.021782178217821784,0.06230547612891991,1.0,-0.0,0,0
58,0.0,0.04950495049504951,0.10304643034659552,1.0,-0.0,0,0
59,0.0,0.04950495049504951,0.10304643034659552,1.0,-0.0,0,0
60,0.0,0.04356435643564357,0.09164702150816742,1.0,-0.0,0,0
61,0.0,0.02970297029702971,0.07648795214189293,1.0,-0.0,0,0
62,0.0,0.05544554455445545,0.1019369320889802,1.0,-0.0,0,0
63,0.0,0.02772277227722773,0.06910862719451545,1.0,-0.0,0,0
64,0.0,0.02772277227722773,0.06910862719451545,1.0,-0.0,0,0
65,0.0,0.02772277227722773,0.06910862719451545,1.0,-0.0,0,0
66,0.0,0.025742574257425748,0.06697637435757531,1.0,-0.0,0,0
67,0.0,0.0,0.0,1.0,-0.0,0,0
68,0.0,0.0,0.0,1.0,-0.0,0,0
69,0.0,0.0,0.0,1.0,-0.0,0,0
70,0.0,0.0,0.0,1.0,-0.0,0,0
71,0.0,0.0,0.0,1.0,-0.0,0,0
72,0.0,0.0,0.0,1.0,-0.0,0,0
73,0.0,0.0039603960396039604,0.02786385599895107,1.0,-0.0,0,0
74,0.0,0.0039603960396039604,0.02786385599895107,1.0,-0.0,0,0
75,0.0,0.0039603960396039604,0.02786385599895107,1.0,-0.0,0,0
76,0.0,0.0039603960396039604,0.02786385599895107,1.0,-0.0,0,0
77,0.0,0.0039603960396039604,0.02786385599895107,1.0,-0.0,0,0
78,0.0,0.0,0.0,1.0,-0.0,0,0
79,0.0,0.0,0.0,1.0,-0.0,0,0
80,0.0,0.0039603960396039604,0.02786385599895107,1.0,-0.0,0,0
81,0.0,0.01782178217821782,0.05698017651460657,1.0,-0.0,0,0
82,0.0,0.027722772277227727,0.06910862719451544,1.0,-0.0,0,0
83,0.0,0.027722772277227727,0.06910862719451544,1.0,-0.0,0,0
84,0.0,0.03564356435643565,0.07653920035678292,1.0,-0.0,0,0
85,0.0,0.031683168316831684,0.0730260947112308,1.0,-0.0,0,0
86,0.0,0.0712871287128713,0.10372911567294095,1.0,-0.0,0,0
87,0.0,0.0613861386138614,0.09644194583672018,1.0,-0.0,0,0
88,0.0,0.0613861386138614,0.09644194583672018,1.0,-0.0,0,0
89,0.0,0.05346534653465347,0.09287951999650357,1.0,-0.0,0,0
90,0.0,0.05346534653465347,0.09287951999650357,1.0,-0.0,0,0
91,0.0,0.0,0.0,1.0,-0.0,0,0
92,0.0,0.0059405940594059415,0.03395332316729158,1.0,-0.0,0,0
93,0.0,0.0059405940594059415,0.03395332316729158,1.0,-0.0,0,0
94,0.0,0.0059405940594059415,0.03395332316729158,1.0,-0.0,0,0
95,0.0,0.03168316831683169,0.0730260947112308,1.0,-0.0,0,0
96,0.0,0.05544554455445544,0.08952597667688962,1.0,-0.0,0,0
97,0.0,0.06534653465346535,0.10571364605971598,1.0,-0.0,0,0
98,0.0,0.08514851485148513,0.12694907267187808,1.0,-0.0,0,0
99,0.0,0.08514851485148513,0.12694907267187808,1.0,-0.0,0,0
100,0.0,0.09306930693069307,0.13368903310588715,1.0,-0.0,0,0
101,0.0,0.0712871287128713,0.1213265242141813,1.0,-0.0,0,0
102,0.0,0.05544554455445545,0.10943169805661862,1.0,-0.0,0,0
103,0.0,0.03564356435643565,0.08154954567118415,1.0,-0.0,0,0
104,0.0,0.05544554455445544,0.1019369320889802,1.0,-0.0,0,0
105,0.0,0.07722772277227723,0.12888031758632065,1.0,-0.0,0,0
106,0.0,0.10891089108910891,0.14218869759220787,1.0,-0.0,0,0
107,0.0,0.10891089108910891,0.14218869759220787,1.0,-0.0,0,0
108,0.0,0.10891089108910891,0.14218869759220787,1.0,-0.0,0,0
109,0.0,0.08910891089108909,0.12420120222231065,1.0,-0.0,0,0
110,0.0,0.033663366336633666,0.07482947971362847,1.0,-0.0,0,0
111,0.0,0.0,0.0,1.0,-0.0,0,0
112,0.0,0.0,0.0,1.0,-0.0,0,0
113,0.0,0.0,0.0,1.0,-0.0,0,0
114,0.0,0.0,0.0,1.0,-0.0,0,0
115,0.0,0.0,0.0,1.0,-0.0,0,0
116,0.0,0.0019801980198019802,0.019801980198019802,1.0,-0.0,0,0
117,0.0,0.0019801980198019802,0.019801980198019802,1.0,-0.0,0,0
118,0.0,0.009900990099009901,0.04338396495090424,1.0,-0.0,0,0
119,0.0,0.009900990099009901,0.04338396495090424,1.0,-0.0,0,0
120,0.0,0.009900990099009901,0.04338396495090424,1.0,-0.0,0,0
121,0.0,0.04752475247524753,0.08512548617902843,1.0,-0.0,0,0
122,0.0,0.05742574257425742,0.09476028605152792,1.0,-0.0,0,0
123,0.0,0.09108910891089109,0.12750384183766536,1.0,-0.0,0,0
124,0.0,0.1069306930693069,0.1450554183905936,1.0,-0.0,0,0
125,0.0,0.11287128712871286,0.14736186103080443,1.0,-0.0,0,0
126,0.0,0.07326732673267328,0.13117223890438964,1.0,-0.0,0,0
127,0.0,0.06336633663366337,0.1224524739306163,1.0,-0.0,0,0
128,0.0,0.021782178217821784,0.06230547612891991,1.0,-0.0,0,0
129,0.0,0.0059405940594059415,0.03395332316729158,1.0,-0.0,0,0
130,0.0,0.0,0.0,1.0,-0.0,0,0
131,0.0,0.0,0.0,1.0,-0.0,0,0
132,0.0,0.0,0.0,1.0,-0.0,0,0
133,0.0,0.011881188118811881,0.047276579747775535,1.0,-0.0,0,0
134,0.0,0.011881188118811881,0.047276579747775535,1.0,-0.0,0,0
135,0.0,0.011881188118811881,0.047276579747775535,1.0,-0.0,0,0
136,0.0,0.011881188118811881,0.047276579747775535,1.0,-0.0,0,0
137,0.0,0.011881188118811881,0.047276579747775535,1.0,-0.0,0,0
138,0.0,0.0,0.0,1.0,-0.0,0,0
139,0.0,0.0,0.0,1.0,-0.0,0,0
140,0.0,0.0,0.0,1.0,-0.0,0,0
141,0.0,0.039603960396039604,0.08452453849668534,1.0,-0.0,0,0
142,0.0,0.039603960396039604,0.08452453849668534,1.0,-0.0,0,0
143,0.0,0.039603960396039604,0.08452453849668534,1.0,-0.0,0,0
144,0.0,0.039603960396039604,0.08452453849668534,1.0,-0.0,0,0
145,0.0,0.039603960396039604,0.08452453849668534,1.0,-0.0,0,0
146,0.0,0.0059405940594059415,0.03395332316729158,1.0,-0.0,0,0
147,0.0,0.0059405940594059415,0.03395332316729158,1.0,-0.0,0,0
148,0.0,0.05148514851485149,0.09186070102766894,1.0,-0.0,0,0
149,0.0,0.05148514851485149,0.09186070102766894,1.0,-0.0,0,0
150,0.0,0.05148514851485149,0.09186070102766894,1.0,-0.0,0,0
151,0.0,0.04554455445544555,0.08846854615322249,1.0,-0.0,0,0
152,0.0,0.0613861386138614,0.10806149425459212,1.0,-0.0,0,0
153,0.0,0.015841584158415842,0.06090517425437506,1.0,-0.0,0,0
154,0.0,0.031683168316831684,0.07826167463512675,1.0,-0.0,0,0
155,0.0,0.031683168316831684,0.07826167463512675,1.0,-0.0,0,0
156,0.0,0.06336633663366338,0.10874875419996817,1.0,-0.0,0,0
157,0.6,0.12574257425742574,0.13976887948531722,0.0003454630730812973,3.4615983680122437,0,0
158,0.6,0.12574257425742574,0.13976887948531722,0.0003454630730812973,3.4615983680122437,0,0
159,0.6,0.1089108910891089,0.13057300215314482,8.46072273523008e-05,4.072592536900015,0,0
160,0.6,0.1089108910891089,0.13057300215314482,8.46072273523008e-05,4.072592536900015,0,0
161,0.6,0.07722772277227724,0.10889288780093088,7.901905037888938e-07,6.10226819381031,0,0
162,0.0,0.0,0.0,1.0,-0.0,0,0
163,0.0,0.0,0.0,1.0,-0.0,0,0
164,0.0,0.0,0.0,1.0,-0.0,0,0
165,0.0,0.0,0.0,1.0,-0.0,0,0
166,0.0,0.01386138613861386,0.05079507064705211,1.0,-0.0,0,0
167,0.0,0.01386138613861386,0.05079507064705211,1.0,-0.0,0,0
168,0.0,0.01386138613861386,0.05079507064705211,1.0,-0.0,0,0
169,0.2,0.0297029702970297,0.08150144802873932,0.018331504659791168,1.7368018864493864,0,0
170,0.2,0.0297029702970297,0.08150144802873932,0.018331504659791168,1.7368018864493864,0,0
171,0.2,0.015841584158415842,0.05401260078014202,0.00032535620257014524,3.4876409094885674,0,0
172,0.2,0.015841584158415842,0.05401260078014202,0.00032535620257014524,3.4876409094885674,0,0
173,0.2,0.019801980198019802,0.059735061897023205,0.001278047474114718,2.8934530136556162,0,0
174,0.0,0.0039603960396039604,0.02786385599895106,1.0,-0.0,0,0
175,0.0,0.0039603960396039604,0.02786385599895106,1.0,-0.0,0,0
176,0.0,0.011881188118811883,0.047276579747775535,1.0,-0.0,0,0
177,0.0,0.011881188118811883,0.047276579747775535,1.0,-0.0,0,0
178,0.0,0.007920792079207921,0.03900537743285587,1.0,-0.0,0,0
179,0.0,0.007920792079207921,0.03900537743285587,1.0,-0.0,0,0
180,0.0,0.007920792079207921,0.03900537743285587,1.0,-0.0,0,0
181,0.0,0.0,0.0,1.0,-0.0,0,0
182,0.0,0.0,0.0,1.0,-0.0,0,0
183,0.0,0.0,0.0,1.0,-0.0,0,0
184,0.0,0.0,0.0,1.0,-0.0,0,0
185,0.2,0.011881188118811883,0.04727657974777555,3.458655652090612e-05,4.461092674713382,0,0
186,0.2,0.011881188118811883,0.04727657974777555,3.458655652090612e-05,4.461092674713382,0,0
187,0.2,0.06336633663366337,0.10120342446875752,0.08849366552547523,1.0530878154692966,0,0
188,0.2,0.06336633663366337,0.10120342446875752,0.08849366552547523,1.0530878154692966,0,0
189,0.2,0.06336633663366337,0.10120342446875752,0.08849366552547523,1.0530878154692966,0,0
190,0.0,0.051485148514851496,0.08744317689433512,1.0,-0.0,0,0
191,0.0,0.051485148514851496,0.08744317689433512,1.0,-0.0,0,0
192,0.0,0.0019801980198019802,0.0198019801980198,1.0,-0.0,0,0
193,0.0,0.0019801980198019802,0.0198019801980198,1.0,-0.0,0,0
194,0.0,0.0019801980198019802,0.0198019801980198,1.0,-0.0,0,0
195,0.0,0.0019801980198019802,0.0198019801980198,1.0,-0.0,0,0
196,0.0,0.0019801980198019802,0.0198019801980198,1.0,-0.0,0,0
197,0.0,0.0039603960396039604,0.027863855998951064,1.0,-0.0,0,0
198,0.0,0.0039603960396039604,0.027863855998951064,1.0,-0.0,0,0
199,0.0,0.0039603960396039604,0.027863855998951064,1.0,-0.0,0,0
200,0.0,0.0039603960396039604,0.027863855998951064,1.0,-0.0,0,0
201,0.0,0.01782178217821782,0.05698017651460657,1.0,-0.0,0,0
202,0.0,0.01386138613861386,0.05079507064705211,1.0,-0.0,0,0
203,0.0,0.01386138613861386,0.05079507064705211,1.0,-0.0,0,0
204,0.0,0.03564356435643565,0.08626938974571075,1.0,-0.0,0,0
205,0.0,0.04554455445544554,0.09700949476369022,1.0,-0.0,0,0
206,0.0,0.039603960396039604,0.10537928471802036,1.0,-0.0,0,0
207,0.0,0.039603960396039604,0.10537928471802036,1.0,-0.0,0,0
208,0.0,0.039603960396039604,0.10537928471802036,1.0,-0.0,0,0
209,0.0,0.017821782178217824,0.0635517090529949,1.0,-0.0,0,0
210,0.0,0.007920792079207921,0.03900537743285587,1.0,-0.0,0,0
211,0.0,0.0,0.0,1.0,-0.0,0,0
212,0.0,0.0,0.0,1.0,-0.0,0,0
213,0.0,0.025742574257425745,0.07264925278354116,1.0,-0.0,0,0
214,0.0,0.047524752475247525,0.09809478080396702,1.0,-0.0,0,0
215,0.0,0.047524752475247525,0.09809478080396702,1.0,-0.0,0,0
216,0.0,0.05346534653465346,0.10104832334394512,1.0,-0.0,0,0
217,0.0,0.08514851485148513,0.13304219431477882,1.0,-0.0,0,0
218,0.0,0.05940594059405942,0.10733330877518933,1.0,-0.0,0,0
219,0.0,0.03762376237623763,0.09211646217515253,1.0,-0.0,0,0
220,0.0,0.03762376237623763,0.09211646217515253,1.0,-0.0,0,0
221,0.0,0.031683168316831684,0.07826167463512676,1.0,-0.0,0,0
222,0.0,0.007920792079207921,0.03900537743285587,1.0,-0.0,0,0
223,0.0,0.007920792079207921,0.03900537743285587,1.0,-0.0,0,0
224,0.0,0.007920792079207921,0.03900537743285587,1.0,-0.0,0,0
225,0.0,0.007920792079207921,0.03900537743285587,1.0,-0.0,0,0
226,0.0,0.007920792079207921,0.03900537743285587,1.0,-0.0,0,0
227,0.0,0.0,0.0,1.0,-0.0,0,0
228,0.0,0.0,0.0,1.0,-0.0,0,0
229,0.0,0.0,0.0,1.0,-0.0,0,0
230,0.0,0.0,0.0,1.0,-0.0,0,0
231,0.0,0.0,0.0,1.0,-0.0,0,0
232,0.0,0.0,0.0,1.0,-0.0,0,0
233,0.0,0.0,0.0,1.0,-0.0,0,0
234,0.0,0.0,0.0,1.0,-0.0,0,0
235,0.0,0.0,0.0,1.0,-0.0,0,0
236,0.0,0.0,0.0,1.0,-0.0,0,0
237,0.0,0.0,0.0,1.0,-0.0,0,0
238,0.0,0.015841584158415842,0.05401260078014202,1.0,-0.0,0,0
239,0.0,0.015841584158415842,0.05401260078014202,1.0,-0.0,0,0
240,0.0,0.031683168316831684,0.07826167463512675,1.0,-0.0,0,0
241,0.0,0.031683168316831684,0.07826167463512675,1.0,-0.0,0,0
242,0.0,0.031683168316831684,0.07826167463512675,1.0,-0.0,0,0
243,0.0,0.015841584158415842,0.06090517425437506,1.0,-0.0,0,0
244,0.0,0.023762376237623763,0.07056843438101175,1.0,-0.0,0,0
245,0.0,0.007920792079207921,0.03900537743285587,1.0,-0.0,0,0
246,0.0,0.007920792079207921,0.03900537743285587,1.0,-0.0,0,0
247,0.0,0.007920792079207921,0.03900537743285587,1.0,-0.0,0,0
248,0.0,0.007920792079207921,0.03900537743285587,1.0,-0.0,0,0
249,0.0,0.0,0.0,1.0,-0.0,0,0
250,0.0,0.0,0.0,1.0,-0.0,0,0
251,0.0,0.0,0.0,1.0,-0.0,0,0
252,0.0,0.0,0.0,1.0,-0.0,0,0
253,0.0,0.0,0.0,1.0,-0.0,0,0
254,0.0,0.0,0.0,1.0,-0.0,0,0
255,0.0,0.0,0.0,1.0,-0.0,0,0
256,0.0,0.0,0.0,1.0,-0.0,0,0
257,0.0,0.019801980198019806,0.05973506189702319,1.0,-0.0,0,0
258,0.0,0.057425742574257435,0.09885135821266287,1.0,-0.0,0,0
259,0.0,0.08118811881188118,0.12325042629382527,1.0,-0.0,0,0
260,0.0,0.08118811881188118,0.12325042629382527,1.0,-0.0,0,0
261,0.0,0.08118811881188118,0.12325042629382527,1.0,-0.0,0,0
262,0.0,0.0613861386138614,0.10806149425459212,1.0,-0.0,0,0
263,0.0,0.047524752475247525,0.0939707763778588,1.0,-0.0,0,0
264,0.0,0.031683168316831684,0.07826167463512675,1.0,-0.0,0,0
265,0.0,0.031683168316831684,0.07826167463512675,1.0,-0.0,0,0
266,0.0,0.031683168316831684,0.07826167463512675,1.0,-0.0,0,0
267,0.0,0.031683168316831684,0.07826167463512675,1.0,-0.0,0,0
268,0.0,0.007920792079207921,0.03900537743285587,1.0,-0.0,0,0
269,0.0,0.0,0.0,1.0,-0.0,0,0
270,0.0,0.023762376237623766,0.07056843438101175,1.0,-0.0,0,0
271,0.0,0.023762376237623766,0.07056843438101175,1.0,-0.0,0,0
272,0.0,0.023762376237623766,0.07056843438101175,1.0,-0.0,0,0
273,0.0,0.023762376237623766,0.07056843438101175,1.0,-0.0,0,0
274,0.0,0.023762376237623766,0.07056843438101175,1.0,-0.0,0,0
275,0.0,0.0,0.0,1.0,-0.0,0,0
276,0.0,0.0019801980198019802,0.0198019801980198,1.0,-0.0,0,0
277,0.0,0.021782178217821784,0.06230547612891991,1.0,-0.0,0,0
278,0.0,0.021782178217821784,0.06230547612891991,1.0,-0.0,0,0
279,0.0,0.021782178217821784,0.06230547612891991,1.0,-0.0,0,0
280,0.0,0.02772277227722772,0.06910862719451542,1.0,-0.0,0,0
281,0.0,0.04356435643564357,0.0916470215081674,1.0,-0.0,0,0
282,0.0,0.023762376237623766,0.06471340450838889,1.0,-0.0,0,0
283,0.0,0.023762376237623766,0.06471340450838889,1.0,-0.0,0,0
284,0.0,0.03762376237623762,0.08771182015980238,1.0,-0.0,0,0
285,0.0,0.031683168316831684,0.0730260947112308,1.0,-0.0,0,0
286,0.0,0.013861386138613863,0.05079507064705211,1.0,-0.0,0,0
287,0.0,0.013861386138613863,0.05079507064705211,1.0,-0.0,0,0
288,0.0,0.013861386138613863,0.05079507064705211,1.0,-0.0,0,0
289,0.0,0.0,0.0,1.0,-0.0,0,0
290,0.0,0.0,0.0,1.0,-0.0,0,0
291,0.0,0.0,0.0,1.0,-0.0,0,0
292,0.0,0.0,0.0,1.0,-0.0,0,0
293,0.0,0.0,0.0,1.0,-0.0,0,0
294,0.0,0.017821782178217824,0.05698017651460656,1.0,-0.0,0,0
295,0.0,0.017821782178217824,0.05698017651460656,1.0,-0.0,0,0
296,0.0,0.017821782178217824,0.05698017651460656,1.0,-0.0,0,0
297,0.0,0.023762376237623766,0.06471340450838889,1.0,-0.0,0,0
298,0.0,0.023762376237623766,0.06471340450838889,1.0,-0.0,0,0
299,0.0,0.0059405940594059415,0.03395332316729158,1.0,-0.0,0,0
300,0.0,0.0059405940594059415,0.03395332316729158,1.0,-0.0,0,0
301,0.0,0.0059405940594059415,0.03395332316729158,1.0,-0.0,0,0
302,0.0,0.0,0.0,1.0,-0.0,0,0
303,0.0,0.0,0.0,1.0,-0.0,0,0
304,0.0,0.0,0.0,1.0,-0.0,0,0
305,0.0,0.0,0.0,1.0,-0.0,0,0
306,0.0,0.0,0.0,1.0,-0.0,0,0
307,0.0,0.0,0.0,1.0,-0.0,0,0
308,0.0,0.0,0.0,1.0,-0.0,0,0
309,0.0,0.0,0.0,1.0,-0.0,0,0
310,0.0,0.0,0.0,1.0,-0.0,0,0
311,0.0,0.007920792079207921,0.03900537743285587,1.0,-0.0,0,0
312,0.0,0.007920792079207921,0.03900537743285587,1.0,-0.0,0,0
313,0.0,0.023762376237623766,0.0759735686861421,1.0,-0.0,0,0
314,0.0,0.023762376237623766,0.0759735686861421,1.0,-0.0,0,0
315,0.0,0.023762376237623766,0.0759735686861421,1.0,-0.0,0,0
316,0.0,0.033663366336633666,0.08930671115865095,1.0,-0.0,0,0
317,0.0,0.033663366336633666,0.08930671115865095,1.0,-0.0,0,0
318,0.0,0.017821782178217824,0.056980176514606566,1.0,-0.0,0,0
319,0.0,0.017821782178217824,0.056980176514606566,1.0,-0.0,0,0
320,0.0,0.017821782178217824,0.056980176514606566,1.0,-0.0,0,0
321,0.0,0.0,0.0,1.0,-0.0,0,0
322,0.0,0.0,0.0,1.0,-0.0,0,0
323,0.0,0.0,0.0,1.0,-0.0,0,0
324,0.0,0.0039603960396039604,0.027863855998951064,1.0,-0.0,0,0
325,0.0,0.023762376237623766,0.06471340450838889,1.0,-0.0,0,0
326,0.0,0.03762376237623762,0.07816140339006158,1.0,-0.0,0,0
327,0.0,0.03762376237623762,0.07816140339006158,1.0,-0.0,0,0
328,0.0,0.03762376237623762,0.07816140339006158,1.0,-0.0,0,0
329,0.0,0.033663366336633666,0.07482947971362847,1.0,-0.0,0,0
330,0.0,0.027722772277227727,0.06910862719451544,1.0,-0.0,0,0
331,0.0,0.01386138613861386,0.05079507064705211,1.0,-0.0,0,0
332,0.0,0.01386138613861386,0.05079507064705211,1.0,-0.0,0,0
333,0.0,0.01386138613861386,0.05079507064705211,1.0,-0.0,0,0
334,0.0,0.01386138613861386,0.05079507064705211,1.0,-0.0,0,0
335,0.0,0.031683168316831684,0.0730260947112308,1.0,-0.0,0,0
336,0.0,0.04752475247524753,0.09809478080396702,1.0,-0.0,0,0
337,0.0,0.04752475247524753,0.09809478080396702,1.0,-0.0,0,0
338,0.0,0.06336633663366337,0.11580349716604711,1.0,-0.0,0,0
339,0.0,0.06336633663366337,0.11580349716604711,1.0,-0.0,0,0
340,0.0,0.041584158415841586,0.10270338597932628,1.0,-0.0,0,0
341,0.0,0.025742574257425745,0.07791016068477624,1.0,-0.0,0,0
342,0.0,0.025742574257425745,0.07791016068477624,1.0,-0.0,0,0
343,0.0,0.009900990099009901,0.05171312814732909,1.0,-0.0,0,0
344,0.0,0.009900990099009901,0.05171312814732909,1.0,-0.0,0,0
345,0.0,0.0,0.0,1.0,-0.0,0,0
346,0.0,0.0,0.0,1.0,-0.0,0,0
347,0.0,0.0,0.0,1.0,-0.0,0,0
348,0.0,0.0,0.0,1.0,-0.0,0,0
349,0.0,0.0,0.0,1.0,-0.0,0,0
350,0.0,0.0,0.0,1.0,-0.0,0,0
351,0.0,0.0,0.0,1.0,-0.0,0,0
352,0.0,0.007920792079207921,0.03900537743285587,1.0,-0.0,0,0
353,0.0,0.007920792079207921,0.03900537743285587,1.0,-0.0,0,0
354,0.0,0.007920792079207921,0.03900537743285587,1.0,-0.0,0,0
355,0.0,0.007920792079207921,0.03900537743285587,1.0,-0.0,0,0
356,0.0,0.007920792079207921,0.03900537743285587,1.0,-0.0,0,0
357,0.0,0.0019801980198019802,0.019801980198019802,1.0,-0.0,0,0
358,0.0,0.0019801980198019802,0.019801980198019802,1.0,-0.0,0,0
359,0.0,0.0019801980198019802,0.019801980198019802,1.0,-0.0,0,0
360,0.0,0.0019801980198019802,0.019801980198019802,1.0,-0.0,0,0
361,0.0,0.0019801980198019802,0.019801980198019802,1.0,-0.0,0,0
362,0.0,0.0059405940594059415,0.03395332316729158,1.0,-0.0,0,0
363,0.0,0.0059405940594059415,0.03395332316729158,1.0,-0.0,0,0
364,0.0,0.0059405940594059415,0.03395332316729158,1.0,-0.0,0,0
365,0.0,0.0059405940594059415,0.03395332316729158,1.0,-0.0,0,0
366,0.0,0.0059405940594059415,0.03395332316729158,1.0,-0.0,0,0
367,0.0,0.0,0.0,1.0,-0.0,0,0
368,0.0,0.0,0.0,1.0,-0.0,0,0
369,0.0,0.0,0.0,1.0,-0.0,0,0
370,0.0,0.0,0.0,1.0,-0.0,0,0
371,0.0,0.0,0.0,1.0,-0.0,0,0
372,0.0,0.009900990099009901,0.04338396495090424,1.0,-0.0,0,0
373,0.0,0.009900990099009901,0.04338396495090424,1.0,-0.0,0,0
374,0.0,0.009900990099009901,0.04338396495090424,1.0,-0.0,0,0
375,0.0,0.027722772277227727,0.06910862719451544,1.0,-0.0,0,0
376,0.0,0.041584158415841586,0.08116396646304633,1.0,-0.0,0,0
377,0.0,0.03564356435643565,0.07653920035678292,1.0,-0.0,0,0
378,0.0,0.03564356435643565,0.07653920035678292,1.0,-0.0,0,0
379,0.0,0.03564356435643565,0.07653920035678292,1.0,-0.0,0,0
380,0.0,0.017821782178217824,0.05698017651460656,1.0,-0.0,0,0
381,0.0,0.0039603960396039604,0.027863855998951064,1.0,-0.0,0,0
382,0.0,0.0,0.0,1.0,-0.0,0,0
383,0.0,0.0,0.0,1.0,-0.0,0,0
384,0.0,0.0,0.0,1.0,-0.0,0,0
385,0.0,0.0,0.0,1.0,-0.0,0,0
386,0.0,0.0,0.0,1.0,-0.0,0,0
387,0.0,0.0,0.0,1.0,-0.0,0,0
388,0.0,0.0,0.0,1.0,-0.0,0,0
389,0.0,0.0,0.0,1.0,-0.0,0,0
390,0.0,0.0,0.0,1.0,-0.0,0,0
391,0.0,0.0,0.0,1.0,-0.0,0,0
392,0.0,0.0,0.0,1.0,-0.0,0,0
393,0.0,0.0,0.0,1.0,-0.0,0,0
394,0.0,0.0297029702970297,0.07112192077650681,1.0,-0.0,0,0
395,0.0,0.0297029702970297,0.07112192077650681,1.0,-0.0,0,0
396,0.0,0.0297029702970297,0.07112192077650681,1.0,-0.0,0,0
397,0.0,0.05544554455445545,0.1019369320889802,1.0,-0.0,0,0
398,0.0,0.05544554455445545,0.1019369320889802,1.0,-0.0,0,0
399,0.0,0.025742574257425745,0.06697637435757531,1.0,-0.0,0,0
400,0.0,0.025742574257425745,0.06697637435757531,1.0,-0.0,0,0
401,0.0,0.025742574257425745,0.06697637435757531,1.0,-0.0,0,0
402,0.0,0.0,0.0,1.0,-0.0,0,0
403,0.0,0.0,0.0,1.0,-0.0,0,0
404,0.0,0.0,0.0,1.0,-0.0,0,0
405,0.0,0.0,0.0,1.0,-0.0,0,0
406,0.0,0.0,0.0,1.0,-0.0,0,0
407,0.0,0.0,0.0,1.0,-0.0,0,0
408,0.0,0.0,0.0,1.0,-0.0,0,0
409,0.0,0.0,0.0,1.0,-0.0,0,0
410,0.0,0.0,0.0,1.0,-0.0,0,0
411,0.0,0.0,0.0,1.0,-0.0,0,0
412,0.0,0.0,0.0,1.0,-0.0,0,0
413,0.0,0.0,0.0,1.0,-0.0,0,0
414,0.0,0.0,0.0,1.0,-0.0,0,0
415,0.0,0.0,0.0,1.0,-0.0,0,0
416,0.0,0.0,0.0,1.0,-0.0,0,0
417,0.0,0.0,0.0,1.0,-0.0,0,0
418,0.0,0.0,0.0,1.0,-0.0,0,0
419,0.0,0.0,0.0,1.0,-0.0,0,0
420,0.0,0.0,0.0,1.0,-0.0,0,0
421,0.0,0.0,0.0,1.0,-0.0,0,0
422,0.0,0.0,0.0,1.0,-0.0,0,0
423,0.0,0.0,0.0,1.0,-0.0,0,0
424,0.0,0.0,0.0,1.0,-0.0,0,0
425,0.0,0.0,0.0,1.0,-0.0,0,0
426,0.0,0.0,0.0,1.0,-0.0,0,0
427,0.0,0.0,0.0,1.0,-0.0,0,0
428,0.0,0.011881188118811883,0.04727657974777554,1.0,-0.0,0,0
429,0.0,0.011881188118811883,0.04727657974777554,1.0,-0.0,0,0
430,0.0,0.011881188118811883,0.04727657974777554,1.0,-0.0,0,0
431,0.0,0.011881188118811883,0.04727657974777554,1.0,-0.0,0,0
432,0.0,0.011881188118811883,0.04727657974777554,1.0,-0.0,0,0
433,0.0,0.0,0.0,1.0,-0.0,0,0
434,0.0,0.0,0.0,1.0,-0.0,0,0
435,0.0,0.0,0.0,1.0,-0.0,0,0
436,0.0,0.0,0.0,1.0,-0.0,0,0
437,0.0,0.0,0.0,1.0,-0.0,0,0
438,0.0,0.0,0.0,1.0,-0.0,0,0
439,0.0,0.0,0.0,1.0,-0.0,0,0
440,0.0,0.0,0.0,1.0,-0.0,0,0
441,0.0,0.0,0.0,1.0,-0.0,0,0
442,0.0,0.0,0.0,1.0,-0.0,0,0
443,0.0,0.0,0.0,1.0,-0.0,0,0
444,0.0,0.0,0.0,1.0,-0.0,0,0
445,0.0,0.0,0.0,1.0,-0.0,0,0
446,0.0,0.0,0.0,1.0,-0.0,0,0
447,0.0,0.0,0.0,1.0,-0.0,0,0
448,0.0,0.0,0.0,1.0,-0.0,0,0
449,0.0,0.0,0.0,1.0,-0.0,0,0
450,0.0,0.0,0.0,1.0,-0.0,0,0
451,0.0,0.0,0.0,1.0,-0.0,0,0
452,0.0,0.017821782178217824,0.05698017651460656,1.0,-0.0,0,0
453,0.0,0.017821782178217824,0.05698017651460656,1.0,-0.0,0,0
454,0.0,0.017821782178217824,0.05698017651460656,1.0,-0.0,0,0
455,0.0,0.017821782178217824,0.05698017651460656,1.0,-0.0,0,0
456,0.0,0.017821782178217824,0.05698017651460656,1.0,-0.0,0,0
457,0.0,0.0,0.0,1.0,-0.0,0,0
458,0.0,0.0,0.0,1.0,-0.0,0,0
459,0.0,0.0,0.0,1.0,-0.0,0,0
460,0.0,0.0,0.0,1.0,-0.0,0,0
461,0.0,0.0,0.0,1.0,-0.0,0,0
462,0.0,0.0,0.0,1.0,-0.0,0,0
463,0.0,0.027722772277227727,0.06910862719451544,1.0,-0.0,0,0
464,0.0,0.027722772277227727,0.06910862719451544,1.0,-0.0,0,0
465,0.0,0.027722772277227727,0.06910862719451544,1.0,-0.0,0,0
466,0.0,0.027722772277227727,0.06910862719451544,1.0,-0.0,0,0
467,0.0,0.049504950495049514,0.08631483056516186,1.0,-0.0,0,0
468,0.0,0.021782178217821784,0.06230547612891991,1.0,-0.0,0,0
469,0.0,0.021782178217821784,0.06230547612891991,1.0,-0.0,0,0
470,0.0,0.04950495049504951,0.09078727434730813,1.0,-0.0,0,0
471,0.0,0.05346534653465347,0.09704990696905226,1.0,-0.0,0,0
472,0.2,0.04554455445544555,0.09283729243351321,0.04808399917069303,1.3179994190099724,0,0
473,0.2,0.04554455445544555,0.09283729243351321,0.04808399917069303,1.3179994190099724,0,0
474,0.2,0.04554455445544555,0.09283729243351321,0.04808399917069303,1.3179994190099724,0,0
475,0.2,0.03762376237623762,0.07816140339006158,0.01888012292982573,1.723995182306426,0,0
476,0.2,0.033663366336633666,0.07482947971362845,0.01311209067436901,1.882328056139666,0,0
477,0.0,0.019801980198019802,0.0597350618970232,1.0,-0.0,0,0
478,0.0,0.019801980198019802,0.0597350618970232,1.0,-0.0,0,0
479,0.0,0.031683168316831684,0.0730260947112308,1.0,-0.0,0,0
480,0.0,0.011881188118811883,0.04727657974777555,1.0,-0.0,0,0
481,0.0,0.011881188118811883,0.04727657974777555,1.0,-0.0,0,0
482,0.0,0.027722772277227727,0.06910862719451544,1.0,-0.0,0,0
483,0.0,0.027722772277227727,0.06910862719451544,1.0,-0.0,0,0
484,0.0,0.015841584158415842,0.05401260078014202,1.0,-0.0,0,0
485,0.0,0.015841584158415842,0.05401260078014202,1.0,-0.0,0,0
486,0.0,0.041584158415841586,0.09039772047931348,1.0,-0.0,0,0
487,0.0,0.025742574257425745,0.0669763743575753,1.0,-0.0,0,0
488,0.0,0.025742574257425745,0.0669763743575753,1.0,-0.0,0,0
489,0.0,0.05346534653465347,0.10104832334394512,1.0,-0.0,0,0
490,0.0,0.08118811881188118,0.11999411807954947,1.0,-0.0,0,0
491,0.0,0.05544554455445544,0.09384550979067553,1.0,-0.0,0,0
492,0.0,0.05544554455445544,0.09384550979067553,1.0,-0.0,0,0
493,0.0,0.05544554455445544,0.09384550979067553,1.0,-0.0,0,0
494,0.0,0.027722772277227727,0.06910862719451544,1.0,-0.0,0,0
495,0.0,0.0,0.0,1.0,-0.0,0,0
496,0.0,0.0,0.0,1.0,-0.0,0,0
497,0.0,0.0,0.0,1.0,-0.0,0,0
498,0.0,0.0,0.0,1.0,-0.0,0,0
499,0.0,0.0,0.0,1.0,-0.0,0,0
500,0.0,0.0,0.0,1.0,-0.0,0,0
501,0.0,0.007920792079207921,0.03900537743285587,1.0,-0.0,0,0
502,0.0,0.007920792079207921,0.03900537743285587,1.0,-0.0,0,0
503,0.0,0.007920792079207921,0.03900537743285587,1.0,-0.0,0,0
504,0.0,0.007920792079207921,0.03900537743285587,1.0,-0.0,0,0
505,0.0,0.03762376237623763,0.08307396817189318,1.0,-0.0,0,0
506,0.0,0.02970297029702971,0.07112192077650681,1.0,-0.0,0,0
507,0.0,0.05940594059405942,0.11447531431916541,1.0,-0.0,0,0
508,0.0,0.05940594059405942,0.11447531431916541,1.0,-0.0,0,0
509,0.0,0.05940594059405942,0.11447531431916541,1.0,-0.0,0,0
510,0.0,0.0297029702970297,0.09070085141068344,1.0,-0.0,0,0
511,0.0,0.047524752475247525,0.10953914206684619,1.0,-0.0,0,0
512,0.0,0.04752475247524753,0.09397077637785879,1.0,-0.0,0,0
513,0.2,0.11089108910891086,0.13923481846532232,0.26108950498360856,0.5832105851640819,0,0
514,0.2,0.11485148514851483,0.13886822488939993,0.26988509889216605,0.5688210933892305,0,0
515,0.2,0.11485148514851483,0.13886822488939993,0.26988509889216605,0.5688210933892305,0,0
516,0.2,0.09702970297029702,0.12464241569787099,0.20436640857029564,0.6895904870669047,0,0
517,0.2,0.06732673267326733,0.10255055347504201,0.09787844017657184,1.0093129603266378,0,0
518,0.0,0.0039603960396039604,0.027863855998951064,1.0,-0.0,0,0
519,0.0,0.015841584158415842,0.054012600780142014,1.0,-0.0,0,0
520,0.0,0.015841584158415842,0.054012600780142014,1.0,-0.0,0,0
521,0.0,0.015841584158415842,0.054012600780142014,1.0,-0.0,0,0
522,0.0,0.015841584158415842,0.054012600780142014,1.0,-0.0,0,0
523,0.0,0.015841584158415842,0.054012600780142014,1.0,-0.0,0,0
524,0.0,0.021782178217821784,0.06836703565002801,1.0,-0.0,0,0
525,0.0,0.021782178217821784,0.06836703565002801,1.0,-0.0,0,0
526,0.0,0.021782178217821784,0.06836703565002801,1.0,-0.0,0,0
527,0.0,0.03564356435643565,0.08154954567118415,1.0,-0.0,0,0
528,0.0,0.05346534653465347,0.10104832334394512,1.0,-0.0,0,0
529,0.0,0.031683168316831684,0.0730260947112308,1.0,-0.0,0,0
530,0.0,0.031683168316831684,0.0730260947112308,1.0,-0.0,0,0
531,0.0,0.03564356435643565,0.08154954567118415,1.0,-0.0,0,0
532,0.0,0.021782178217821784,0.062305476128919915,1.0,-0.0,0,0
533,0.0,0.0039603960396039604,0.02786385599895107,1.0,-0.0,0,0
534,0.0,0.0039603960396039604,0.02786385599895107,1.0,-0.0,0,0
535,0.0,0.0039603960396039604,0.02786385599895107,1.0,-0.0,0,0
536,0.0,0.0,0.0,1.0,-0.0,0,0
537,0.0,0.0,0.0,1.0,-0.0,0,0
538,0.0,0.0,0.0,1.0,-0.0,0,0
539,0.0,0.033663366336633666,0.07994704648786674,1.0,-0.0,0,0
540,0.0,0.033663366336633666,0.07994704648786674,1.0,-0.0,0,0
541,0.0,0.033663366336633666,0.07994704648786674,1.0,-0.0,0,0
542,0.0,0.033663366336633666,0.07994704648786674,1.0,-0.0,0,0
543,0.0,0.07326732673267328,0.13117223890438964,1.0,-0.0,0,0
544,0.0,0.039603960396039604,0.08452453849668534,1.0,-0.0,0,0
545,0.0,0.039603960396039604,0.08452453849668534,1.0,-0.0,0,0
546,0.0,0.05346534653465347,0.11219180573635876,1.0,-0.0,0,0
547,0.0,0.05346534653465347,0.11219180573635876,1.0,-0.0,0,0
548,0.0,0.031683168316831684,0.08316831683168317,1.0,-0.0,0,0
549,0.0,0.031683168316831684,0.08316831683168317,1.0,-0.0,0,0
550,0.0,0.04356435643564357,0.09587103712404124,1.0,-0.0,0,0
551,0.0,0.033663366336633666,0.07994704648786674,1.0,-0.0,0,0
552,0.0,0.06336633663366337,0.09721138779115705,1.0,-0.0,0,0
553,0.0,0.04554455445544554,0.08387254884969257,1.0,-0.0,0,0
554,0.0,0.04554455445544554,0.08387254884969257,1.0,-0.0,0,0
555,0.0,0.033663366336633666,0.07482947971362845,1.0,-0.0,0,0
556,0.0,0.0297029702970297,0.07112192077650681,1.0,-0.0,0,0
557,0.0,0.009900990099009901,0.04338396495090425,1.0,-0.0,0,0
558,0.0,0.06930693069306931,0.11751770396006173,1.0,-0.0,0,0
559,0.0,0.06930693069306931,0.11751770396006173,1.0,-0.0,0,0
560,0.0,0.06930693069306931,0.11751770396006173,1.0,-0.0,0,0
561,0.0,0.06930693069306931,0.11751770396006173,1.0,-0.0,0,0
562,0.0,0.097029702970297,0.1396285351588451,1.0,-0.0,0,0
563,0.0,0.03762376237623762,0.09631989312487374,1.0,-0.0,0,0
564,0.0,0.04554455445544554,0.10100951085035129,1.0,-0.0,0,0
565,0.0,0.05148514851485149,0.11134982906542217,1.0,-0.0,0,0
566,0.0,0.05148514851485149,0.11134982906542217,1.0,-0.0,0,0
567,0.0,0.017821782178217824,0.056980176514606566,1.0,-0.0,0,0
568,0.0,0.017821782178217824,0.056980176514606566,1.0,-0.0,0,0
569,0.0,0.009900990099009901,0.04338396495090424,1.0,-0.0,0,0
570,0.0,0.0039603960396039604,0.027863855998951064,1.0,-0.0,0,0
571,0.0,0.0039603960396039604,0.027863855998951064,1.0,-0.0,0,0
572,0.0,0.0,0.0,1.0,-0.0,0,0
573,0.0,0.0059405940594059415,0.03395332316729158,1.0,-0.0,0,0
574,0.0,0.011881188118811881,0.047276579747775535,1.0,-0.0,0,0
575,0.0,0.011881188118811881,0.047276579747775535,1.0,-0.0,0,0
576,0.0,0.011881188118811881,0.047276579747775535,1.0,-0.0,0,0
577,0.0,0.011881188118811881,0.047276579747775535,1.0,-0.0,0,0
578,0.0,0.0059405940594059415,0.03395332316729158,1.0,-0.0,0,0
579,0.0,0.0,0.0,1.0,-0.0,0,0
580,0.0,0.033663366336633666,0.07482947971362847,1.0,-0.0,0,0
581,0.0,0.033663366336633666,0.07482947971362847,1.0,-0.0,0,0
582,0.0,0.07326732673267326,0.11509022642946842,1.0,-0.0,0,0
583,0.0,0.07326732673267326,0.11509022642946842,1.0,-0.0,0,0
584,0.0,0.07326732673267326,0.11509022642946842,1.0,-0.0,0,0
585,0.0,0.039603960396039604,0.08452453849668534,1.0,-0.0,0,0
586,0.0,0.039603960396039604,0.08452453849668534,1.0,-0.0,0,0
587,0.0,0.0,0.0,1.0,-0.0,0,0
588,0.0,0.0,0.0,1.0,-0.0,0,0
589,0.0,0.0019801980198019802,0.0198019801980198,1.0,-0.0,0,0
590,0.0,0.02772277227722772,0.07461957893630405,1.0,-0.0,0,0
591,0.0,0.02772277227722772,0.07461957893630405,1.0,-0.0,0,0
592,0.0,0.02772277227722772,0.07461957893630405,1.0,-0.0,0,0
593,0.0,0.05346534653465347,0.10489443673781407,1.0,-0.0,0,0
594,0.0,0.05148514851485149,0.10399339410297728,1.0,-0.0,0,0
595,0.2,0.041584158415841586,0.10270338597932628,0.06148095284459771,1.211259410333903,0,0
596,0.2,0.041584158415841586,0.10270338597932628,0.06148095284459771,1.211259410333903,0,0
597,0.2,0.04356435643564356,0.10380469245212799,0.06590289387387752,1.181095514603831,0,0
598,0.4,0.051485148514851496,0.09186070102766894,7.413495117120227e-05,4.129976994151471,0,0
599,0.4,0.051485148514851496,0.09186070102766894,7.413495117120227e-05,4.129976994151471,0,0
600,0.2,0.03564356435643565,0.08154954567118416,0.021930426384501912,1.6589529244266183,0,0
601,0.2,0.03564356435643565,0.08154954567118416,0.021930426384501912,1.6589529244266183,0,0
602,0.2,0.033663366336633666,0.07994704648786674,0.018735949469970602,1.7273242935431963,0,0
603,0.0,0.0,0.0,1.0,-0.0,0,0
604,0.0,0.0,0.0,1.0,-0.0,0,0
605,0.0,0.0,0.0,1.0,-0.0,0,0
606,0.0,0.023762376237623766,0.07056843438101175,1.0,-0.0,0,0
607,0.0,0.033663366336633666,0.08475617647141662,1.0,-0.0,0,0
608,0.0,0.033663366336633666,0.08475617647141662,1.0,-0.0,0,0
609,0.0,0.033663366336633666,0.08475617647141662,1.0,-0.0,0,0
610,0.0,0.033663366336633666,0.08475617647141662,1.0,-0.0,0,0
611,0.0,0.009900990099009901,0.04338396495090424,1.0,-0.0,0,0
612,0.0,0.03762376237623763,0.09211646217515253,1.0,-0.0,0,0
613,0.0,0.03762376237623763,0.09211646217515253,1.0,-0.0,0,0
614,0.0,0.03762376237623763,0.09211646217515253,1.0,-0.0,0,0
615,0.0,0.0712871287128713,0.1337476815110359,1.0,-0.0,0,0
616,0.0,0.0712871287128713,0.1337476815110359,1.0,-0.0,0,0
617,0.0,0.033663366336633666,0.07994704648786674,1.0,-0.0,0,0
618,0.0,0.033663366336633666,0.07994704648786674,1.0,-0.0,0,0
619,0.0,0.033663366336633666,0.07994704648786674,1.0,-0.0,0,0
620,0.0,0.025742574257425745,0.06697637435757531,1.0,-0.0,0,0
621,0.0,0.0594059405940594,0.1073333087751893,1.0,-0.0,0,0
622,0.0,0.0594059405940594,0.1073333087751893,1.0,-0.0,0,0
623,0.0,0.0594059405940594,0.1073333087751893,1.0,-0.0,0,0
624,0.0,0.0594059405940594,0.1073333087751893,1.0,-0.0,0,0
625,0.0,0.033663366336633666,0.08475617647141663,1.0,-0.0,0,0
626,0.0,0.0,0.0,1.0,-0.0,0,0
627,0.0,0.04554455445544554,0.08846854615322249,1.0,-0.0,0,0
628,0.0,0.07524752475247526,0.11553229422427583,1.0,-0.0,0,0
629,0.2,0.08316831683168317,0.12670172889541698,0.17823816947726306,0.7489992867285707,0,0
630,0.2,0.08316831683168317,0.12670172889541698,0.17823816947726306,0.7489992867285707,0,0
631,0.2,0.08316831683168317,0.12670172889541698,0.17823816947726306,0.7489992867285707,0,0
632,0.2,0.03762376237623763,0.10034740165797962,0.05281611496789019,1.2772335476588341,0,0
633,0.2,0.007920792079207921,0.03900537743285587,4.2303541670263104e-07,6.3736232717865695,0,0
634,0.0,0.0,0.0,1.0,-0.0,0,0
635,0.0,0.0297029702970297,0.09070085141068346,1.0,-0.0,0,0
636,0.0,0.06732673267326733,0.11698261772468857,1.0,-0.0,0,0
637,0.0,0.06732673267326733,0.11698261772468857,1.0,-0.0,0,0
638,0.0,0.0712871287128713,0.11801714396634724,1.0,-0.0,0,0
639,0.0,0.0712871287128713,0.11801714396634724,1.0,-0.0,0,0
640,0.0,0.041584158415841586,0.09039772047931348,1.0,-0.0,0,0
641,0.0,0.0039603960396039604,0.02786385599895107,1.0,-0.0,0,0
642,0.0,0.011881188118811881,0.047276579747775535,1.0,-0.0,0,0
643,0.0,0.03762376237623763,0.08307396817189318,1.0,-0.0,0,0
644,0.0,0.05148514851485149,0.1001126705723924,1.0,-0.0,0,0
645,0.0,0.05148514851485149,0.1001126705723924,1.0,-0.0,0,0
646,0.0,0.05148514851485149,0.1001126705723924,1.0,-0.0,0,0
647,0.0,0.04356435643564357,0.0916470215081674,1.0,-0.0,0,0
648,0.0,0.013861386138613863,0.05079507064705211,1.0,-0.0,0,0
649,0.0,0.0,0.0,1.0,-0.0,0,0
650,0.0,0.0,0.0,1.0,-0.0,0,0
651,0.0,0.0,0.0,1.0,-0.0,0,0
652,0.0,0.0,0.0,1.0,-0.0,0,0
653,0.0,0.0059405940594059415,0.03395332316729158,1.0,-0.0,0,0
654,0.0,0.0059405940594059415,0.03395332316729158,1.0,-0.0,0,0
655,0.0,0.0059405940594059415,0.03395332316729158,1.0,-0.0,0,0
656,0.0,0.0059405940594059415,0.03395332316729158,1.0,-0.0,0,0
657,0.0,0.0059405940594059415,0.03395332316729158,1.0,-0.0,0,0
658,0.0,0.0,0.0,1.0,-0.0,0,0
659,0.0,0.0,0.0,1.0,-0.0,0,0
660,0.0,0.0,0.0,1.0,-0.0,0,0
661,0.0,0.0,0.0,1.0,-0.0,0,0
662,0.0,0.0297029702970297,0.07112192077650681,1.0,-0.0,0,0
663,0.0,0.0712871287128713,0.1213265242141813,1.0,-0.0,0,0
664,0.0,0.08712871287128712,0.14188502271424047,1.0,-0.0,0,0
665,0.2,0.09900990099009899,0.14246420394934614,0.23919931221538082,0.6212400734356932,0,0
666,0.2,0.09900990099009899,0.14246420394934614,0.23919931221538082,0.6212400734356932,0,0
667,0.2,0.06930693069306931,0.12407485305204392,0.14609247881555892,0.8353721419916437,0,0
668,0.2,0.027722772277227727,0.06910862719451544,0.0063361735559086295,2.1981729353735644,0,0
669,0.2,0.011881188118811883,0.047276579747775535,3.4586556520905853e-05,4.461092674713385,0,0
670,0.0,0.015841584158415842,0.05401260078014202,1.0,-0.0,0,0
671,0.0,0.057425742574257435,0.09476028605152792,1.0,-0.0,0,0
672,0.0,0.057425742574257435,0.09476028605152792,1.0,-0.0,0,0
673,0.0,0.057425742574257435,0.09476028605152792,1.0,-0.0,0,0
674,0.0,0.057425742574257435,0.09476028605152792,1.0,-0.0,0,0
675,0.0,0.04158415841584159,0.08116396646304633,1.0,-0.0,0,0
676,0.0,0.0019801980198019802,0.0198019801980198,1.0,-0.0,0,0
677,0.0,0.0019801980198019802,0.0198019801980198,1.0,-0.0,0,0
678,0.0,0.0019801980198019802,0.0198019801980198,1.0,-0.0,0,0
679,0.0,0.0059405940594059415,0.033953323167291584,1.0,-0.0,0,0
680,0.0,0.0059405940594059415,0.033953323167291584,1.0,-0.0,0,0
681,0.0,0.0039603960396039604,0.02786385599895107,1.0,-0.0,0,0
682,0.0,0.0039603960396039604,0.02786385599895107,1.0,-0.0,0,0
683,0.0,0.0039603960396039604,0.02786385599895107,1.0,-0.0,0,0
684,0.0,0.011881188118811881,0.04727657974777554,1.0,-0.0,0,0
685,0.0,0.011881188118811881,0.04727657974777554,1.0,-0.0,0,0
686,0.0,0.017821782178217824,0.056980176514606566,1.0,-0.0,0,0
687,0.0,0.017821782178217824,0.056980176514606566,1.0,-0.0,0,0
688,0.0,0.03762376237623763,0.07816140339006158,1.0,-0.0,0,0
689,0.0,0.025742574257425745,0.06697637435757531,1.0,-0.0,0,0
690,0.0,0.11089108910891088,0.13342479626077636,1.0,-0.0,0,0
691,0.0,0.12475247524752472,0.13744913773527348,1.0,-0.0,0,0
692,0.0,0.12475247524752472,0.13744913773527348,1.0,-0.0,0,0
693,0.0,0.10297029702970295,0.13383560593042215,1.0,-0.0,0,0
694,0.0,0.10297029702970295,0.13383560593042215,1.0,-0.0,0,0
695,0.0,0.017821782178217824,0.056980176514606566,1.0,-0.0,0,0
696,0.0,0.0,0.0,1.0,-0.0,0,0
697,0.0,0.0,0.0,1.0,-0.0,0,0
698,0.0,0.0,0.0,1.0,-0.0,0,0
699,0.0,0.0,0.0,1.0,-0.0,0,0
700,0.0,0.0,0.0,1.0,-0.0,0,0
701,0.0,0.0,0.0,1.0,-0.0,0,0
702,0.0,0.0019801980198019802,0.019801980198019802,1.0,-0.0,0,0
703,0.0,0.0059405940594059415,0.03395332316729158,1.0,-0.0,0,0
704,0.0,0.0059405940594059415,0.03395332316729158,1.0,-0.0,0,0
705,0.0,0.0059405940594059415,0.03395332316729158,1.0,-0.0,0,0
706,0.0,0.0059405940594059415,0.03395332316729158,1.0,-0.0,0,0
707,0.0,0.0039603960396039604,0.02786385599895107,1.0,-0.0,0,0
708,0.0,0.0,0.0,1.0,-0.0,0,0
709,0.0,0.0,0.0,1.0,-0.0,0,0
710,0.0,0.0,0.0,1.0,-0.0,0,0
711,0.0,0.0,0.0,1.0,-0.0,0,0
712,0.0,0.0,0.0,1.0,-0.0,0,0
713,0.0,0.0,0.0,1.0,-0.0,0,0
714,0.0,0.0,0.0,1.0,-0.0,0,0
715,0.0,0.0,0.0,1.0,-0.0,0,0
716,0.0,0.0,0.0,1.0,-0.0,0,0
717,0.0,0.0,0.0,1.0,-0.0,0,0
718,0.0,0.0,0.0,1.0,-0.0,0,0
719,0.0,0.0,0.0,1.0,-0.0,0,0
720,0.0,0.019801980198019802,0.059735061897023205,1.0,-0.0,0,0
721,0.0,0.04950495049504951,0.09504950495049506,1.0,-0.0,0,0
722,0.0,0.04950495049504951,0.09504950495049506,1.0,-0.0,0,0
723,0.0,0.08118811881188118,0.1264228887090089,1.0,-0.0,0,0
724,0.0,0.08118811881188118,0.1264228887090089,1.0,-0.0,0,0
725,0.0,0.061386138613861385,0.11515834731523734,1.0,-0.0,0,0
726,0.0,0.031683168316831684,0.08316831683168317,1.0,-0.0,0,0
727,0.0,0.049504950495049514,0.1068206254198905,1.0,-0.0,0,0
728,0.0,0.017821782178217824,0.05698017651460656,1.0,-0.0,0,0
729,0.0,0.017821782178217824,0.05698017651460656,1.0,-0.0,0,0
730,0.0,0.017821782178217824,0.05698017651460656,1.0,-0.0,0,0
731,0.0,0.017821782178217824,0.05698017651460656,1.0,-0.0,0,0
732,0.0,0.0,0.0,1.0,-0.0,0,0
733,0.0,0.0,0.0,1.0,-0.0,0,0
734,0.0,0.0019801980198019802,0.019801980198019802,1.0,-0.0,0,0
735,0.0,0.011881188118811883,0.047276579747775535,1.0,-0.0,0,0
736,0.0,0.03564356435643565,0.07653920035678292,1.0,-0.0,0,0
737,0.0,0.03564356435643565,0.07653920035678292,1.0,-0.0,0,0
738,0.0,0.03564356435643565,0.07653920035678292,1.0,-0.0,0,0
739,0.0,0.033663366336633666,0.07482947971362847,1.0,-0.0,0,0
740,0.0,0.023762376237623766,0.06471340450838887,1.0,-0.0,0,0
741,0.0,0.0,0.0,1.0,-0.0,0,0
742,0.0,0.009900990099009901,0.04338396495090425,1.0,-0.0,0,0
743,0.0,0.009900990099009901,0.04338396495090425,1.0,-0.0,0,0
744,0.0,0.009900990099009901,0.04338396495090425,1.0,-0.0,0,0
745,0.0,0.009900990099009901,0.04338396495090425,1.0,-0.0,0,0
746,0.0,0.009900990099009901,0.04338396495090425,1.0,-0.0,0,0
747,0.0,0.0,0.0,1.0,-0.0,0,0
748,0.0,0.0,0.0,1.0,-0.0,0,0
749,0.0,0.0,0.0,1.0,-0.0,0,0
750,0.0,0.0,0.0,1.0,-0.0,0,0
751,0.0,0.009900990099009901,0.051713128147329084,1.0,-0.0,0,0
752,0.0,0.009900990099009901,0.051713128147329084,1.0,-0.0,0,0
753,0.0,0.009900990099009901,0.051713128147329084,1.0,-0.0,0,0
754,0.0,0.009900990099009901,0.051713128147329084,1.0,-0.0,0,0
755,0.0,0.009900990099009901,0.051713128147329084,1.0,-0.0,0,0
756,0.0,0.021782178217821784,0.06836703565002801,1.0,-0.0,0,0
757,0.0,0.021782178217821784,0.06836703565002801,1.0,-0.0,0,0
758,0.0,0.021782178217821784,0.06836703565002801,1.0,-0.0,0,0
759,0.0,0.021782178217821784,0.06836703565002801,1.0,-0.0,0,0
760,0.0,0.021782178217821784,0.06836703565002801,1.0,-0.0,0,0
761,0.0,0.007920792079207921,0.03900537743285587,1.0,-0.0,0,0
762,0.2,0.023762376237623766,0.06471340450838889,0.0032311212459077425,2.490646745033819,0,0
763,0.2,0.03762376237623763,0.08307396817189318,0.025315250600093615,1.5966177690988217,0,0
764,0.2,0.03762376237623763,0.08307396817189318,0.025315250600093615,1.5966177690988217,0,0
765,0.2,0.03762376237623763,0.08307396817189318,0.025315250600093615,1.5966177690988217,0,0
766,0.2,0.03564356435643565,0.08154954567118415,0.0219304263845019,1.6589529244266186,0,0
767,0.0,0.019801980198019802,0.059735061897023205,1.0,-0.0,0,0
768,0.0,0.021782178217821784,0.06230547612891991,1.0,-0.0,0,0
769,0.0,0.021782178217821784,0.06230547612891991,1.0,-0.0,0,0
770,0.0,0.021782178217821784,0.06230547612891991,1.0,-0.0,0,0
771,0.2,0.04752475247524753,0.08965727859541997,0.044504787234598886,1.3515932708674616,0,0
772,0.4,0.06534653465346535,0.10571364605971598,0.0007736575764547356,3.1114512170453996,0,0
773,0.6,0.05940594059405942,0.0996808946427978,2.9263103339959438e-08,7.533679619018895,0,0
774,0.6,0.05940594059405942,0.0996808946427978,2.9263103339959438e-08,7.533679619018895,0,0
775,0.6,0.05940594059405942,0.0996808946427978,2.9263103339959438e-08,7.533679619018895,0,0
776,0.4,0.027722772277227727,0.06910862719451544,3.5853288547446714e-08,7.445471003663998,0,0
777,0.8,0.039603960396039604,0.08908690597387718,1.6981085448044847e-17,16.770034552665116,0,0
778,0.6,0.033663366336633666,0.07994704648786674,7.007910603655771e-13,12.154411446878022,0,0
779,0.8,0.1089108910891089,0.1503125521928582,2.1361010387159672e-06,5.670378208797508,0,0
780,0.8,0.13267326732673265,0.1671596799240022,3.273828713798338e-05,4.484944046548444,0,0
781,0.8,0.13267326732673265,0.1671596799240022,3.273828713798338e-05,4.484944046548444,1,0
782,0.2,0.10297029702970298,0.14519051706790778,0.25197351730651485,0.5986451016471239,0,0
783,0.2,0.09900990099009901,0.14521752172118102,0.24338974469548025,0.6136977248569541,0,0
784,0.0,0.023762376237623766,0.07056843438101175,1.0,-0.0,0,0
785,0.0,0.0,0.0,1.0,-0.0,0,0
786,0.0,0.009900990099009901,0.04338396495090424,1.0,-0.0,0,0
787,0.0,0.009900990099009901,0.04338396495090424,1.0,-0.0,0,0
788,0.0,0.009900990099009901,0.04338396495090424,1.0,-0.0,0,0
789,0.0,0.009900990099009901,0.04338396495090424,1.0,-0.0,0,0
790,0.2,0.023762376237623766,0.06471340450838889,0.0032311212459077425,2.490646745033819,0,0
791,0.2,0.061386138613861385,0.09644194583672018,0.07531954647324092,1.1230923036946965,0,0
792,0.2,0.061386138613861385,0.09644194583672018,0.07531954647324092,1.1230923036946965,0,0
793,0.2,0.07326732673267328,0.11509022642946842,0.13541366575877595,0.8683375050442039,0,0
794,0.2,0.11485148514851484,0.15246238855382305,0.28825537349637204,0.5402225880815854,0,0
795,0.0,0.10099009900990098,0.14521752172118102,1.0,-0.0,0,0
796,0.2,0.07326732673267328,0.11848138852793338,0.14239023387273103,0.8465197966586488,0,0
797,0.2,0.07326732673267328,0.11848138852793338,0.14239023387273103,0.8465197966586488,0,0
798,0.4,0.09900990099009899,0.13386490123687583,0.01227338338163952,1.9110356995854345,0,0
799,0.6,0.08316831683168316,0.12978985828256584,3.41595097495628e-05,4.4664883708456635,0,0
800,0.8,0.09504950495049502,0.1367053908443026,1.2566113914807907e-07,6.900799007619583,0,0
801,0.6,0.07524752475247524,0.1189108498693262,5.097618751774463e-06,5.292632648308106,0,0
802,0.8,0.10693069306930694,0.13661931335176508,1.9579978879195407e-07,6.7081877810034545,0,0
803,0.6,0.07326732673267328,0.11509022642946842,2.361915611684151e-06,5.626735623248592,0,0
804,0.4,0.04752475247524753,0.09809478080396702,0.00016331392774761414,3.7869767761573785,0,0
805,0.2,0.03564356435643565,0.08154954567118416,0.021930426384501912,1.6589529244266183,0,0
806,0.4,0.08316831683168317,0.12028786177019754,0.004219950562944587,2.374692636802812,0,0
807,0.2,0.051485148514851475,0.09607532254026299,0.06107440442601417,1.214140759405803,0,0
808,0.2,0.04752475247524753,0.08965727859541997,0.044504787234598886,1.3515932708674616,0,0
809,0.2,0.04752475247524753,0.08965727859541997,0.044504787234598886,1.3515932708674616,0,0
810,0.2,0.04752475247524753,0.08965727859541997,0.044504787234598886,1.3515932708674616,0,0
811,0.0,0.0,0.0,1.0,-0.0,0,0
812,0.0,0.0,0.0,1.0,-0.0,0,0
813,0.0,0.0,0.0,1.0,-0.0,0,0
814,0.0,0.0,0.0,1.0,-0.0,0,0
815,0.0,0.0,0.0,1.0,-0.0,0,0
816,0.0,0.0,0.0,1.0,-0.0,0,0
817,0.0,0.0,0.0,1.0,-0.0,0,0
818,0.0,0.0,0.0,1.0,-0.0,0,0
819,0.0,0.033663366336633666,0.08475617647141662,1.0,-0.0,0,0
820,0.0,0.033663366336633666,0.08475617647141662,1.0,-0.0,0,0
821,0.0,0.05544554455445545,0.09797478714338997,1.0,-0.0,0,0
822,0.0,0.05742574257425742,0.09885135821266286,1.0,-0.0,0,0
823,0.0,0.09504950495049505,0.13670539084430264,1.0,-0.0,0,0
824,0.0,0.061386138613861385,0.11166631429601336,1.0,-0.0,0,0
825,0.0,0.061386138613861385,0.11166631429601336,1.0,-0.0,0,0
826,0.0,0.039603960396039604,0.08452453849668534,1.0,-0.0,0,0
827,0.0,0.03762376237623763,0.07816140339006158,1.0,-0.0,0,0
828,0.0,0.0,0.0,1.0,-0.0,0,0
829,0.0,0.0,0.0,1.0,-0.0,0,0
830,0.0,0.0,0.0,1.0,-0.0,0,0
831,1.0,0.02772277227722773,0.06910862719451544,1e-17,17.0,0,0
832,1.0,0.061386138613861385,0.10433219700847123,1.0116623369134209e-17,16.99496441801544,0,0
833,1.0,0.061386138613861385,0.10433219700847123,1.0116623369134209e-17,16.99496441801544,0,0
834,1.0,0.061386138613861385,0.10433219700847123,1.0116623369134209e-17,16.99496441801544,0,0
835,1.0,0.061386138613861385,0.10433219700847123,1.0116623369134209e-17,16.99496441801544,0,0
836,0.0,0.033663366336633666,0.07994704648786673,1.0,-0.0,0,0
837,0.0,0.0,0.0,1.0,-0.0,0,0
838,0.0,0.0039603960396039604,0.027863855998951068,1.0,-0.0,0,0
839,0.0,0.0039603960396039604,0.027863855998951068,1.0,-0.0,0,0
840,0.0,0.0039603960396039604,0.027863855998951068,1.0,-0.0,0,0
841,0.2,0.023762376237623766,0.07056843438101175,0.00625538335613176,2.203746069767374,0,0
842,0.2,0.023762376237623766,0.07056843438101175,0.00625538335613176,2.203746069767374,0,0
843,0.2,0.019801980198019802,0.06603299802191315,0.003177215148072976,2.4979533755231182,0,0
844,0.2,0.019801980198019802,0.06603299802191315,0.003177215148072976,2.4979533755231182,0,0
845,0.2,0.023762376237623766,0.07056843438101175,0.00625538335613176,2.203746069767374,0,0
846,0.0,0.0039603960396039604,0.027863855998951068,1.0,-0.0,0,0
847,0.0,0.0039603960396039604,0.027863855998951068,1.0,-0.0,0,0
848,0.0,0.0039603960396039604,0.027863855998951068,1.0,-0.0,0,0
849,0.0,0.0039603960396039604,0.027863855998951068,1.0,-0.0,0,0
850,0.0,0.0,0.0,1.0,-0.0,0,0
851,0.0,0.007920792079207921,0.03900537743285587,1.0,-0.0,0,0
852,0.0,0.007920792079207921,0.03900537743285587,1.0,-0.0,0,0
853,0.0,0.007920792079207921,0.03900537743285587,1.0,-0.0,0,0
854,0.0,0.007920792079207921,0.03900537743285587,1.0,-0.0,0,0
855,0.0,0.007920792079207921,0.03900537743285587,1.0,-0.0,0,0
856,0.0,0.0,0.0,1.0,-0.0,0,0
857,0.0,0.0,0.0,1.0,-0.0,0,0
858,0.0,0.0,0.0,1.0,-0.0,0,0
859,0.0,0.0,0.0,1.0,-0.0,0,0
860,0.0,0.0,0.0,1.0,-0.0,0,0
861,0.0,0.0594059405940594,0.12442200453390104,1.0,-0.0,0,0
862,0.0,0.0594059405940594,0.12442200453390104,1.0,-0.0,0,0
863,0.0,0.0594059405940594,0.12442200453390104,1.0,-0.0,0,0
864,0.0,0.10495049504950496,0.17931455719083994,1.0,-0.0,0,0
865,0.0,0.10495049504950496,0.17931455719083994,1.0,-0.0,0,0
866,0.0,0.04554455445544555,0.09283729243351321,1.0,-0.0,0,0
867,0.0,0.04554455445544555,0.09283729243351321,1.0,-0.0,0,0
868,0.0,0.04554455445544555,0.09283729243351321,1.0,-0.0,0,0
869,0.0,0.0,0.0,1.0,-0.0,0,0
870,0.0,0.021782178217821784,0.062305476128919915,1.0,-0.0,0,0
871,0.0,0.03762376237623763,0.08771182015980238,1.0,-0.0,0,0
872,0.0,0.08910891089108909,0.14752142995793407,1.0,-0.0,0,0
873,0.0,0.08910891089108909,0.14752142995793407,1.0,-0.0,0,0
874,0.0,0.08910891089108909,0.14752142995793407,1.0,-0.0,0,0
875,0.0,0.06732673267326733,0.12356816445008076,1.0,-0.0,0,0
876,0.0,0.051485148514851496,0.096075322540263,1.0,-0.0,0,0
877,0.0,0.0,0.0,1.0,-0.0,0,0
878,0.0,0.0,0.0,1.0,-0.0,0,0
879,0.0,0.0,0.0,1.0,-0.0,0,0
880,0.0,0.0,0.0,1.0,-0.0,0,0
881,0.0,0.0,0.0,1.0,-0.0,0,0
882,0.0,0.0,0.0,1.0,-0.0,0,0
883,0.0,0.0,0.0,1.0,-0.0,0,0
884,0.0,0.0,0.0,1.0,-0.0,0,0
885,0.0,0.0,0.0,1.0,-0.0,0,0
886,0.0,0.0,0.0,1.0,-0.0,0,0
887,0.0,0.0,0.0,1.0,-0.0,0,0
888,0.0,0.017821782178217824,0.056980176514606566,1.0,-0.0,0,0
889,0.0,0.017821782178217824,0.056980176514606566,1.0,-0.0,0,0
890,0.0,0.017821782178217824,0.056980176514606566,1.0,-0.0,0,0
891,0.0,0.07326732673267328,0.12177815335858849,1.0,-0.0,0,0
892,0.0,0.07326732673267328,0.12177815335858849,1.0,-0.0,0,0
893,0.0,0.05544554455445545,0.1094316980566186,1.0,-0.0,0,0
894,0.0,0.09504950495049502,0.14513649268759363,1.0,-0.0,0,0
895,0.0,0.11089108910891088,0.15536669501729133,1.0,-0.0,0,0
896,0.0,0.0594059405940594,0.11447531431916541,1.0,-0.0,0,0
897,0.0,0.09108910891089109,0.13357165904190144,1.0,-0.0,0,0
898,0.0,0.09306930693069305,0.13661931335176508,1.0,-0.0,0,0
899,0.0,0.05940594059405942,0.10357779667819421,1.0,-0.0,0,0
900,0.0,0.04356435643564357,0.08721867542790196,1.0,-0.0,0,0
901,0.0,0.039603960396039604,0.07970143286137867,1.0,-0.0,0,0
902,0.0,0.06534653465346535,0.12620558708220353,1.0,-0.0,0,0
903,0.0,0.11287128712871286,0.14464936528910635,1.0,-0.0,0,0
904,0.0,0.13267326732673265,0.1671596799240022,1.0,-0.0,0,0
905,0.0,0.13267326732673265,0.1671596799240022,1.0,-0.0,0,0
906,0.0,0.13267326732673265,0.1671596799240022,1.0,-0.0,0,0
907,0.0,0.07920792079207921,0.11966689053257921,1.0,-0.0,0,0
908,0.0,0.02970297029702971,0.07112192077650682,1.0,-0.0,0,0
909,0.0,0.05544554455445544,0.10575073206193021,1.0,-0.0,0,0
910,0.0,0.0712871287128713,0.1337476815110359,1.0,-0.0,0,0
911,0.0,0.0712871287128713,0.1337476815110359,1.0,-0.0,0,0
912,0.0,0.07326732673267328,0.1454872925680942,1.0,-0.0,0,0
913,0.0,0.07326732673267328,0.1454872925680942,1.0,-0.0,0,0
914,0.0,0.0297029702970297,0.08622392497852373,1.0,-0.0,0,0
915,0.0,0.017821782178217824,0.0635517090529949,1.0,-0.0,0,0
916,0.0,0.027722772277227727,0.07461957893630407,1.0,-0.0,0,0
917,0.0,0.03564356435643565,0.08154954567118415,1.0,-0.0,0,0
918,0.0,0.07524752475247524,0.1189108498693262,1.0,-0.0,0,0
919,0.0,0.06732673267326733,0.10634234916512914,1.0,-0.0,0,0
920,0.0,0.06336633663366337,0.10504385908811757,1.0,-0.0,0,0
921,0.0,0.08514851485148514,0.13886822488939993,1.0,-0.0,0,0
922,0.0,0.07128712871287128,0.11461224656227946,1.0,-0.0,0,0
923,0.0,0.031683168316831684,0.07826167463512675,1.0,-0.0,0,0
924,0.0,0.04950495049504951,0.10304643034659552,1.0,-0.0,0,0
925,0.0,0.04950495049504951,0.10304643034659552,1.0,-0.0,0,0
926,0.0,0.017821782178217824,0.05698017651460656,1.0,-0.0,0,0
927,0.0,0.017821782178217824,0.05698017651460656,1.0,-0.0,0,0
928,0.0,0.017821782178217824,0.05698017651460656,1.0,-0.0,0,0
929,0.0,0.0,0.0,1.0,-0.0,0,0
930,0.0,0.0,0.0,1.0,-0.0,0,0
931,0.0,0.0,0.0,1.0,-0.0,0,0
932,0.0,0.07722772277227723,0.13191745702927898,1.0,-0.0,0,0
933,0.0,0.07722772277227723,0.13191745702927898,1.0,-0.0,0,0
934,0.0,0.11089108910891088,0.1527963700899836,1.0,-0.0,0,0
935,0.0,0.14059405940594058,0.1857168172307858,1.0,-0.0,0,0
936,0.0,0.19405940594059404,0.20383539378150917,1.0,-0.0,0,0
937,0.0,0.11485148514851483,0.1444594832462533,1.0,-0.0,0,0
938,0.0,0.14851485148514848,0.16567525277902487,1.0,-0.0,0,0
939,0.0,0.12079207920792076,0.1517663861889879,1.0,-0.0,0,0
940,0.0,0.09108910891089106,0.13057300215314485,1.0,-0.0,0,0
941,0.0,0.039603960396039604,0.08452453849668534,1.0,-0.0,0,0
942,0.0,0.039603960396039604,0.08452453849668534,1.0,-0.0,0,0
943,0.0,0.007920792079207921,0.03900537743285587,1.0,-0.0,0,0
944,0.0,0.021782178217821784,0.06836703565002801,1.0,-0.0,0,0
945,0.0,0.021782178217821784,0.06836703565002801,1.0,-0.0,0,0
946,0.0,0.03564356435643565,0.08626938974571075,1.0,-0.0,0,0
947,0.0,0.03564356435643565,0.08626938974571075,1.0,-0.0,0,0
948,0.0,0.03564356435643565,0.08626938974571075,1.0,-0.0,0,0
949,0.0,0.057425742574257435,0.10277971700879983,1.0,-0.0,0,0
950,0.0,0.057425742574257435,0.10277971700879983,1.0,-0.0,0,0
951,0.0,0.04356435643564357,0.09164702150816742,1.0,-0.0,0,0
952,0.0,0.08514851485148514,0.1269490726718781,1.0,-0.0,0,0
953,0.0,0.08514851485148514,0.1269490726718781,1.0,-0.0,0,0
954,0.0,0.041584158415841586,0.09467748980500532,1.0,-0.0,0,0
955,0.0,0.041584158415841586,0.09467748980500532,1.0,-0.0,0,0
956,0.0,0.041584158415841586,0.09467748980500532,1.0,-0.0,0,0
957,0.0,0.041584158415841586,0.08116396646304633,1.0,-0.0,0,0
958,0.0,0.08910891089108908,0.13636075485692528,1.0,-0.0,0,0
959,0.0,0.13663366336633662,0.19280255753882117,1.0,-0.0,0,0
960,0.0,0.13663366336633662,0.19280255753882117,1.0,-0.0,0,0
961,0.0,0.13663366336633662,0.19280255753882117,1.0,-0.0,0,0
962,0.0,0.09504950495049505,0.1631231312999523,1.0,-0.0,0,0
963,0.0,0.08514851485148514,0.14984225277142665,1.0,-0.0,0,0
964,0.0,0.03762376237623763,0.08771182015980238,1.0,-0.0,0,0
965,0.0,0.03762376237623763,0.08771182015980238,1.0,-0.0,0,0
966,0.0,0.03762376237623763,0.08771182015980238,1.0,-0.0,0,0
967,0.0,0.03762376237623763,0.08771182015980238,1.0,-0.0,0,0
968,0.0,0.039603960396039604,0.08908690597387718,1.0,-0.0,0,0
969,0.0,0.04752475247524753,0.09809478080396702,1.0,-0.0,0,0
970,0.0,0.04752475247524753,0.09809478080396702,1.0,-0.0,0,0
971,0.0,0.04752475247524753,0.09809478080396702,1.0,-0.0,0,0
972,0.0,0.04752475247524753,0.09809478080396702,1.0,-0.0,0,0
973,0.0,0.007920792079207921,0.04809884277818266,1.0,-0.0,0,0
974,0.0,0.0059405940594059415,0.03395332316729158,1.0,-0.0,0,0
975,0.0,0.0059405940594059415,0.03395332316729158,1.0,-0.0,0,0
976,0.0,0.0059405940594059415,0.03395332316729158,1.0,-0.0,0,0
977,0.0,0.0059405940594059415,0.03395332316729158,1.0,-0.0,0,0
978,0.0,0.0059405940594059415,0.03395332316729158,1.0,-0.0,0,0
979,0.0,0.0,0.0,1.0,-0.0,0,0
980,0.0,0.0,0.0,1.0,-0.0,0,0
981,0.0,0.0,0.0,1.0,-0.0,0,0
982,0.0,0.0,0.0,1.0,-0.0,0,0
983,0.0,0.0,0.0,1.0,-0.0,0,0
984,0.0,0.0,0.0,1.0,-0.0,0,0
985,0.0,0.015841584158415842,0.05401260078014202,1.0,-0.0,0,0
986,0.0,0.015841584158415842,0.05401260078014202,1.0,-0.0,0,0
987,0.0,0.015841584158415842,0.05401260078014202,1.0,-0.0,0,0
988,0.0,0.015841584158415842,0.05401260078014202,1.0,-0.0,0,0
989,0.0,0.015841584158415842,0.05401260078014202,1.0,-0.0,0,0
990,0.0,0.0,0.0,1.0,-0.0,0,0
991,0.0,0.0,0.0,1.0,-0.0,0,0
992,0.0,0.0,0.0,1.0,-0.0,0,0
993,0.0,0.0,0.0,1.0,-0.0,0,0
994,0.0,0.0,0.0,1.0,-0.0,0,0
995,0.0,0.0,0.0,1.0,-0.0,0,0
996,0.0,0.0,0.0,1.0,-0.0,0,0
997,0.0,0.0,0.0,1.0,-0.0,0,0
998,0.0,0.0,0.0,1.0,-0.0,0,0
999,0.0,0.0,0.0,1.0,-0.0,0,0
1000,0.0,0.0,0.0,1.0,-0.0,0,0
1001,0.0,0.0,0.0,1.0,-0.0,0,0
1002,0.0,0.0,0.0,1.0,-0.0,0,0
1003,0.0,0.0,0.0,1.0,-0.0,0,0
1004,0.0,0.0,0.0,1.0,-0.0,0,0
1005,0.0,0.0,0.0,1.0,-0.0,0,0
1006,0.0,0.0,0.0,1.0,-0.0,0,0
1007,0.0,0.0,0.0,1.0,-0.0,0,0
1008,0.0,0.0,0.0,1.0,-0.0,0,0
1009,0.0,0.0,0.0,1.0,-0.0,0,0
1010,0.0,0.0,0.0,1.0,-0.0,0,0
1011,0.0,0.0,0.0,1.0,-0.0,0,0
1012,0.0,0.0,0.0,1.0,-0.0,0,0
1013,0.0,0.0,0.0,1.0,-0.0,0,0
1014,0.0,0.0,0.0,1.0,-0.0,0,0
1015,0.0,0.0,0.0,1.0,-0.0,0,0
1016,0.0,0.0,0.0,1.0,-0.0,0,0
1017,0.0,0.0,0.0,1.0,-0.0,0,0
1018,0.0,0.0,0.0,1.0,-0.0,0,0
1019,0.0,0.0,0.0,1.0,-0.0,0,0
1020,0.0,0.017821782178217824,0.0635517090529949,1.0,-0.0,0,0
1021,0.0,0.017821782178217824,0.0635517090529949,1.0,-0.0,0,0
1022,0.0,0.017821782178217824,0.0635517090529949,1.0,-0.0,0,0
1023,0.0,0.019801980198019802,0.06603299802191315,1.0,-0.0,0,0
1024,0.0,0.019801980198019802,0.06603299802191315,1.0,-0.0,0,0
1025,0.0,0.0019801980198019802,0.0198019801980198,1.0,-0.0,0,0
1026,0.0,0.031683168316831684,0.0730260947112308,1.0,-0.0,0,0
1027,0.0,0.06930693069306931,0.11057238501634631,1.0,-0.0,0,0
1028,0.0,0.09900990099009901,0.13386490123687583,1.0,-0.0,0,0
1029,0.0,0.1287128712871287,0.1581681231502246,1.0,-0.0,0,0
1030,0.0,0.1287128712871287,0.1581681231502246,1.0,-0.0,0,0
1031,0.0,0.10297029702970295,0.13962853515884507,1.0,-0.0,0,0
1032,0.0,0.08712871287128712,0.12077584698595571,1.0,-0.0,0,0
1033,0.0,0.05544554455445545,0.09384550979067555,1.0,-0.0,0,0
1034,0.0,0.025742574257425748,0.07264925278354115,1.0,-0.0,0,0
1035,0.0,0.025742574257425748,0.07264925278354115,1.0,-0.0,0,0
1036,0.0,0.021782178217821784,0.06836703565002801,1.0,-0.0,0,0
1037,0.0,0.0,0.0,1.0,-0.0,0,0
1038,0.0,0.0,0.0,1.0,-0.0,0,0
1039,0.0,0.0,0.0,1.0,-0.0,0,0
1040,0.0,0.02178217821782178,0.07393328595086919,1.0,-0.0,0,0
1041,0.0,0.02178217821782178,0.07393328595086919,1.0,-0.0,0,0
1042,0.0,0.02178217821782178,0.07393328595086919,1.0,-0.0,0,0
1043,0.0,0.02178217821782178,0.07393328595086919,1.0,-0.0,0,0
1044,0.0,0.09108910891089109,0.12750384183766536,1.0,-0.0,0,0
1045,0.0,0.06930693069306931,0.11751770396006173,1.0,-0.0,0,0
1046,0.0,0.06930693069306931,0.11751770396006173,1.0,-0.0,0,0
1047,0.0,0.06930693069306931,0.11751770396006173,1.0,-0.0,0,0
1048,0.0,0.09504950495049502,0.13670539084430264,1.0,-0.0,0,0
1049,0.0,0.025742574257425745,0.06697637435757531,1.0,-0.0,0,0
1050,0.0,0.025742574257425745,0.06697637435757531,1.0,-0.0,0,0
1051,0.0,0.025742574257425745,0.06697637435757531,1.0,-0.0,0,0
1052,0.0,0.08118811881188118,0.1264228887090089,1.0,-0.0,0,0
1053,0.0,0.10297029702970298,0.15315522802114462,1.0,-0.0,0,0
1054,0.0,0.10297029702970298,0.15315522802114462,1.0,-0.0,0,0
1055,0.0,0.10297029702970298,0.15315522802114462,1.0,-0.0,0,0
1056,0.0,0.14455445544554454,0.19522784227906909,1.0,-0.0,0,0
1057,0.0,0.10495049504950496,0.1606769328720855,1.0,-0.0,0,0
1058,0.0,0.05742574257425742,0.11375371577303027,1.0,-0.0,0,0
1059,0.0,0.05742574257425742,0.11375371577303027,1.0,-0.0,0,0
1060,0.0,0.14257425742574256,0.1575471230171571,1.0,-0.0,0,0
1061,0.0,0.10495049504950495,0.1367053908443026,1.0,-0.0,0,0
1062,0.0,0.1168316831683168,0.14146987009498416,1.0,-0.0,0,0
1063,0.0,0.15247524752475247,0.16203780234042603,1.0,-0.0,0,0
1064,0.0,0.15247524752475247,0.16203780234042603,1.0,-0.0,0,0
1065,0.0,0.06732673267326733,0.10634234916512914,1.0,-0.0,0,0
1066,0.0,0.061386138613861385,0.10433219700847123,1.0,-0.0,0,0
1067,0.0,0.033663366336633666,0.07994704648786674,1.0,-0.0,0,0
1068,0.0,0.0,0.0,1.0,-0.0,0,0
1069,0.0,0.0,0.0,1.0,-0.0,0,0
1070,0.0,0.0,0.0,1.0,-0.0,0,0
1071,0.0,0.0,0.0,1.0,-0.0,0,0
1072,0.0,0.0,0.0,1.0,-0.0,0,0
1073,0.0,0.0,0.0,1.0,-0.0,0,0
1074,0.0,0.0,0.0,1.0,-0.0,0,0
1075,0.0,0.0,0.0,1.0,-0.0,0,0
1076,0.0,0.0,0.0,1.0,-0.0,0,0
1077,0.0,0.0,0.0,1.0,-0.0,0,0
1078,0.0,0.03564356435643565,0.08154954567118415,1.0,-0.0,0,0
1079,0.0,0.03564356435643565,0.08154954567118415,1.0,-0.0,0,0
