,foreground,bg_means,bg_stdev,pvals,minus_logs,regs,active
2,0.0,0.0,0.0,1.0,-0.0,0,0
3,0.0,0.041584158415841586,0.08116396646304633,1.0,-0.0,0,0
4,0.0,0.041584158415841586,0.08116396646304633,1.0,-0.0,0,0
5,0.0,0.041584158415841586,0.08116396646304633,1.0,-0.0,0,0
6,0.0,0.041584158415841586,0.08116396646304633,1.0,-0.0,0,0
7,0.0,0.08712871287128712,0.12077584698595571,1.0,-0.0,0,0
8,0.0,0.04554455445544554,0.09283729243351323,1.0,-0.0,0,0
9,0.0,0.04554455445544554,0.09283729243351323,1.0,-0.0,0,0
10,0.0,0.04554455445544554,0.09283729243351323,1.0,-0.0,0,0
11,0.0,0.04554455445544554,0.09283729243351323,1.0,-0.0,0,0
12,0.0,0.0,0.0,1.0,-0.0,0,0
13,0.0,0.11287128712871286,0.14736186103080443,1.0,-0.0,0,0
14,0.0,0.11287128712871286,0.14736186103080443,1.0,-0.0,0,0
15,0.0,0.22970297029702968,0.18960331411621106,1.0,-0.0,0,0
16,0.0,0.22970297029702968,0.18960331411621106,1.0,-0.0,0,0
17,0.0,0.22970297029702968,0.18960331411621106,1.0,-0.0,0,0
18,0.0,0.27722772277227725,0.20092912307272592,1.0,-0.0,0,0
19,0.0,0.27722772277227725,0.20092912307272592,1.0,-0.0,0,0
20,0.0,0.16237623762376235,0.1609695163002105,1.0,-0.0,0,0
21,0.0,0.16237623762376235,0.1609695163002105,1.0,-0.0,0,0
22,0.0,0.16237623762376235,0.1609695163002105,1.0,-0.0,0,0
23,0.0,0.0,0.0,1.0,-0.0,0,0
24,0.0,0.031683168316831684,0.07826167463512675,1.0,-0.0,0,0
25,0.0,0.031683168316831684,0.07826167463512675,1.0,-0.0,0,0
26,0.0,0.031683168316831684,0.07826167463512675,1.0,-0.0,0,0
27,0.0,0.031683168316831684,0.07826167463512675,1.0,-0.0,0,0
28,0.0,0.08514851485148514,0.12054836637801525,1.0,-0.0,0,0
29,0.0,0.05346534653465347,0.09287951999650357,1.0,-0.0,0,0
30,0.0,0.06534653465346536,0.10571364605971598,1.0,-0.0,0,0
31,0.0,0.06534653465346536,0.10571364605971598,1.0,-0.0,0,0
32,0.0,0.06534653465346536,0.10571364605971598,1.0,-0.0,0,0
33,0.0,0.011881188118811883,0.047276579747775535,1.0,-0.0,0,0
34,0.0,0.011881188118811883,0.047276579747775535,1.0,-0.0,0,0
35,0.0,0.0,0.0,1.0,-0.0,0,0
36,0.0,0.0,0.0,1.0,-0.0,0,0
37,0.0,0.0,0.0,1.0,-0.0,0,0
38,0.0,0.031683168316831684,0.0730260947112308,1.0,-0.0,0,0
39,0.0,0.031683168316831684,0.0730260947112308,1.0,-0.0,0,0
40,0.0,0.031683168316831684,0.0730260947112308,1.0,-0.0,0,0
41,0.0,0.031683168316831684,0.0730260947112308,1.0,-0.0,0,0
42,0.0,0.07722772277227723,0.10889288780093087,1.0,-0.0,0,0
43,0.0,0.04554455445544555,0.08387254884969256,1.0,-0.0,0,0
44,0.0,0.04554455445544555,0.08387254884969256,1.0,-0.0,0,0
45,0.0,0.09900990099009901,0.12781100644043505,1.0,-0.0,0,0
46,0.0,0.11287128712871286,0.13618810981425267,1.0,-0.0,0,0
47,0.0,0.06732673267326733,0.11698261772468857,1.0,-0.0,0,0
48,0.0,0.06732673267326733,0.11698261772468857,1.0,-0.0,0,0
49,0.0,0.06732673267326733,0.11698261772468857,1.0,-0.0,0,0
50,0.0,0.01386138613861386,0.05079507064705211,1.0,-0.0,0,0
51,0.0,0.0,0.0,1.0,-0.0,0,0
52,0.0,0.0,0.0,1.0,-0.0,0,0
53,0.0,0.0059405940594059415,0.03395332316729158,1.0,-0.0,0,0
54,0.0,0.039603960396039604,0.08908690597387718,1.0,-0.0,0,0
55,0.0,0.06336633663366337,0.10504385908811757,1.0,-0.0,0,0
56,0.0,0.06336633663366337,0.10504385908811757,1.0,-0.0,0,0
57,0.0,0.06336633663366337,0.10504385908811757,1.0,-0.0,0,0
58,0.0,0.057425742574257435,0.09885135821266286,1.0,-0.0,0,0
59,0.0,0.07524752475247524,0.11553229422427584,1.0,-0.0,0,0
60,0.0,0.05148514851485149,0.096075322540263,1.0,-0.0,0,0
61,0.0,0.07722772277227724,0.10889288780093088,1.0,-0.0,0,0
62,0.0,0.07722772277227724,0.10889288780093088,1.0,-0.0,0,0
63,0.0,0.07722772277227724,0.10889288780093088,1.0,-0.0,0,0
64,0.0,0.08910891089108909,0.13342479626077636,1.0,-0.0,0,0
65,0.0,0.08910891089108909,0.13342479626077636,1.0,-0.0,0,0
66,0.0,0.08118811881188118,0.12951766673875514,1.0,-0.0,0,0
67,0.0,0.08118811881188118,0.12951766673875514,1.0,-0.0,0,0
68,0.0,0.1603960396039604,0.16654866260050913,1.0,-0.0,0,0
69,0.0,0.09504950495049506,0.13957235791450373,1.0,-0.0,0,0
70,0.0,0.09504950495049506,0.13957235791450373,1.0,-0.0,0,0
71,0.0,0.07722772277227723,0.122580495370631,1.0,-0.0,0,0
72,0.0,0.07722772277227723,0.122580495370631,1.0,-0.0,0,0
73,0.0,0.0,0.0,1.0,-0.0,0,0
74,0.0,0.0,0.0,1.0,-0.0,0,0
75,0.0,0.0,0.0,1.0,-0.0,0,0
76,0.0,0.0,0.0,1.0,-0.0,0,0
77,0.2,0.013861386138613863,0.05807080514303043,0.0006744368600574665,3.171058702199883,0,0
78,0.2,0.013861386138613863,0.05807080514303043,0.0006744368600574665,3.171058702199883,0,0
79,0.2,0.013861386138613863,0.05807080514303043,0.0006744368600574665,3.171058702199883,0,0
80,0.2,0.013861386138613863,0.05807080514303043,0.0006744368600574665,3.171058702199883,0,0
81,0.2,0.013861386138613863,0.05807080514303043,0.0006744368600574665,3.171058702199883,0,0
82,0.0,0.0,0.0,1.0,-0.0,0,0
83,0.0,0.0,0.0,1.0,-0.0,0,0
84,0.0,0.0,0.0,1.0,-0.0,0,0
85,0.0,0.0,0.0,1.0,-0.0,0,0
86,0.0,0.0,0.0,1.0,-0.0,0,0
87,0.0,0.019801980198019802,0.059735061897023205,1.0,-0.0,0,0
88,0.0,0.019801980198019802,0.059735061897023205,1.0,-0.0,0,0
89,0.0,0.019801980198019802,0.059735061897023205,1.0,-0.0,0,0
90,0.0,0.019801980198019802,0.059735061897023205,1.0,-0.0,0,0
91,0.0,0.019801980198019802,0.059735061897023205,1.0,-0.0,0,0
92,0.0,0.011881188118811883,0.04727657974777555,1.0,-0.0,0,0
93,0.0,0.025742574257425748,0.07264925278354116,1.0,-0.0,0,0
94,0.0,0.025742574257425748,0.07264925278354116,1.0,-0.0,0,0
95,0.0,0.025742574257425748,0.07264925278354116,1.0,-0.0,0,0
96,0.0,0.025742574257425748,0.07264925278354116,1.0,-0.0,0,0
97,0.0,0.013861386138613863,0.05079507064705211,1.0,-0.0,0,0
98,0.0,0.0,0.0,1.0,-0.0,0,0
99,0.0,0.0,0.0,1.0,-0.0,0,0
100,0.0,0.0,0.0,1.0,-0.0,0,0
101,0.0,0.0,0.0,1.0,-0.0,0,0
102,0.0,0.0,0.0,1.0,-0.0,0,0
103,0.0,0.0,0.0,1.0,-0.0,0,0
104,0.0,0.023762376237623766,0.06471340450838887,1.0,-0.0,0,0
105,0.0,0.06534653465346535,0.10939585993610405,1.0,-0.0,0,0
106,0.0,0.08712871287128714,0.14188502271424047,1.0,-0.0,0,0
107,0.0,0.08712871287128714,0.14188502271424047,1.0,-0.0,0,0
108,0.0,0.08712871287128714,0.14188502271424047,1.0,-0.0,0,0
109,0.0,0.06336633663366337,0.1256450857759628,1.0,-0.0,0,0
110,0.2,0.09504950495049505,0.13078304733432375,0.21113830602558958,0.6754329671360484,0,0
111,0.2,0.07326732673267328,0.11848138852793338,0.14239023387273103,0.8465197966586488,0,0
112,0.6,0.17029702970297025,0.1626175458823589,0.004115861615064734,2.3855392356647314,0,0
113,0.8,0.22970297029702966,0.1896033141162111,0.001315544476294085,2.880894464581261,0,0
114,1.0,0.2930693069306931,0.23473491505326644,0.0012993188345603037,2.886284266094232,0,0
115,1.0,0.2693069306930693,0.25083724132419777,0.0017897773712011076,2.7472009871608853,0,0
116,1.0,0.2693069306930693,0.25083724132419777,0.0017897773712011076,2.7472009871608853,0,0
117,0.6,0.17425742574257427,0.18382808657861666,0.010279620611278198,1.988022913499191,0,0
118,0.4,0.11287128712871286,0.14736186103080443,0.025679964702352388,1.5904055775496064,0,0
119,0.2,0.07920792079207921,0.11966689053257921,0.1563907784536167,0.8057888585957333,0,0
120,0.0,0.0297029702970297,0.08622392497852373,1.0,-0.0,0,0
121,0.0,0.0297029702970297,0.08622392497852373,1.0,-0.0,0,0
122,0.0,0.0297029702970297,0.08622392497852373,1.0,-0.0,0,0
123,0.0,0.0297029702970297,0.08622392497852373,1.0,-0.0,0,0
124,0.0,0.0,0.0,1.0,-0.0,0,0
125,0.0,0.015841584158415842,0.05401260078014202,1.0,-0.0,0,0
126,0.0,0.03564356435643565,0.08626938974571075,1.0,-0.0,0,0
127,0.0,0.08316831683168316,0.12978985828256587,1.0,-0.0,0,0
128,0.0,0.1168316831683168,0.14696218071508493,1.0,-0.0,0,0
129,0.0,0.1168316831683168,0.14696218071508493,1.0,-0.0,0,0
130,0.0,0.10099009900990097,0.13386490123687583,1.0,-0.0,0,0
131,0.0,0.08118811881188118,0.12325042629382527,1.0,-0.0,0,0
132,0.0,0.033663366336633666,0.07482947971362847,1.0,-0.0,0,0
133,0.0,0.0,0.0,1.0,-0.0,0,0
134,0.0,0.0,0.0,1.0,-0.0,0,0
135,0.0,0.0,0.0,1.0,-0.0,0,0
136,0.0,0.0,0.0,1.0,-0.0,0,0
137,0.0,0.0,0.0,1.0,-0.0,0,0
138,0.0,0.0,0.0,1.0,-0.0,0,0
139,0.0,0.0,0.0,1.0,-0.0,0,0
140,0.0,0.0,0.0,1.0,-0.0,0,0
141,0.0,0.0,0.0,1.0,-0.0,0,0
142,0.0,0.049504950495049514,0.09078727434730813,1.0,-0.0,0,0
143,0.0,0.049504950495049514,0.09078727434730813,1.0,-0.0,0,0
144,0.0,0.06930693069306931,0.10316052497133552,1.0,-0.0,0,0
145,0.0,0.06930693069306931,0.10316052497133552,1.0,-0.0,0,0
146,0.0,0.07920792079207921,0.11631029826208643,1.0,-0.0,0,0
147,0.0,0.0297029702970297,0.08622392497852373,1.0,-0.0,0,0
148,0.0,0.0297029702970297,0.08622392497852373,1.0,-0.0,0,0
149,0.0,0.009900990099009901,0.04338396495090424,1.0,-0.0,0,0
150,0.0,0.009900990099009901,0.04338396495090424,1.0,-0.0,0,0
151,0.0,0.0,0.0,1.0,-0.0,0,0
152,0.0,0.0,0.0,1.0,-0.0,0,0
153,0.0,0.0,0.0,1.0,-0.0,0,0
154,0.0,0.0,0.0,1.0,-0.0,0,0
155,0.0,0.011881188118811881,0.047276579747775535,1.0,-0.0,0,0
156,0.0,0.011881188118811881,0.047276579747775535,1.0,-0.0,0,0
157,0.0,0.011881188118811881,0.047276579747775535,1.0,-0.0,0,0
158,0.0,0.011881188118811881,0.047276579747775535,1.0,-0.0,0,0
159,0.0,0.019801980198019806,0.06603299802191315,1.0,-0.0,0,0
160,0.0,0.017821782178217824,0.0635517090529949,1.0,-0.0,0,0
161,0.0,0.023762376237623763,0.0759735686861421,1.0,-0.0,0,0
162,0.0,0.023762376237623763,0.0759735686861421,1.0,-0.0,0,0
163,0.0,0.039603960396039604,0.10155153588085614,1.0,-0.0,0,0
164,0.0,0.031683168316831684,0.08316831683168317,1.0,-0.0,0,0
165,0.0,0.03564356435643565,0.08154954567118416,1.0,-0.0,0,0
166,0.0,0.0297029702970297,0.07648795214189293,1.0,-0.0,0,0
167,0.0,0.0297029702970297,0.07648795214189293,1.0,-0.0,0,0
168,0.0,0.013861386138613863,0.05079507064705211,1.0,-0.0,0,0
169,0.0,0.013861386138613863,0.05079507064705211,1.0,-0.0,0,0
170,0.0,0.0,0.0,1.0,-0.0,0,0
171,0.0,0.0,0.0,1.0,-0.0,0,0
172,0.0,0.0,0.0,1.0,-0.0,0,0
173,0.0,0.0,0.0,1.0,-0.0,0,0
174,0.0,0.0,0.0,1.0,-0.0,0,0
175,0.2,0.013861386138613863,0.05079507064705211,0.00012391038159364294,3.90689230556944,0,0
176,0.2,0.013861386138613863,0.05079507064705211,0.00012391038159364294,3.90689230556944,0,0
177,0.2,0.05544554455445544,0.09797478714338996,0.07004915208881982,1.1545971172715026,0,0
178,0.2,0.07722772277227724,0.11593886073904515,0.1448135921514157,0.8391906735026715,0,0
179,0.2,0.07722772277227724,0.11593886073904515,0.1448135921514157,0.8391906735026715,0,0
180,0.0,0.08118811881188118,0.11999411807954947,1.0,-0.0,0,0
181,0.0,0.08118811881188118,0.11999411807954947,1.0,-0.0,0,0
182,0.0,0.03960396039603961,0.07970143286137867,1.0,-0.0,0,0
183,0.0,0.017821782178217824,0.05698017651460657,1.0,-0.0,0,0
184,0.0,0.017821782178217824,0.05698017651460657,1.0,-0.0,0,0
185,0.0,0.0,0.0,1.0,-0.0,0,0
186,0.0,0.0,0.0,1.0,-0.0,0,0
187,0.0,0.0059405940594059415,0.03395332316729158,1.0,-0.0,0,0
188,0.0,0.0059405940594059415,0.03395332316729158,1.0,-0.0,0,0
189,0.0,0.0059405940594059415,0.03395332316729158,1.0,-0.0,0,0
190,0.0,0.021782178217821784,0.06836703565002801,1.0,-0.0,0,0
191,0.0,0.021782178217821784,0.06836703565002801,1.0,-0.0,0,0
192,0.0,0.015841584158415842,0.054012600780142014,1.0,-0.0,0,0
193,0.0,0.015841584158415842,0.054012600780142014,1.0,-0.0,0,0
194,0.0,0.015841584158415842,0.054012600780142014,1.0,-0.0,0,0
195,0.0,0.0,0.0,1.0,-0.0,0,0
196,0.0,0.0,0.0,1.0,-0.0,0,0
197,0.0,0.0,0.0,1.0,-0.0,0,0
198,0.0,0.011881188118811883,0.047276579747775535,1.0,-0.0,0,0
199,0.2,0.10099009900990098,0.1308729634998678,0.22466442305999795,0.6484656952356532,0,0
200,0.2,0.12277227722772276,0.14615954128511632,0.2986179401332735,0.5248841046255923,0,0
201,0.6,0.2376237623762376,0.20238747522615821,0.03668620301304552,1.4354972349819848,0,0
202,0.6,0.2831683168316832,0.21666660382716724,0.0718294407567258,1.1436975148449067,0,0
203,0.6,0.2712871287128713,0.21356782198356852,0.06188386439224969,1.208422574225613,0,0
204,0.4,0.1821782178217822,0.18042635951740818,0.11366574254798124,0.9443704065888407,0,0
205,0.4,0.1603960396039604,0.16415351901831846,0.07219542625555092,1.14149031510203,0,0
206,0.0,0.06336633663366337,0.10504385908811757,1.0,-0.0,0,0
207,0.0,0.017821782178217824,0.05698017651460656,1.0,-0.0,0,0
208,0.2,0.02772277227722772,0.07461957893630407,0.010478998804251384,1.9796802091996195,0,0
209,0.2,0.02772277227722772,0.07461957893630407,0.010478998804251384,1.9796802091996195,0,0
210,0.2,0.02772277227722772,0.07461957893630407,0.010478998804251384,1.9796802091996195,0,0
211,0.2,0.019801980198019802,0.059735061897023205,0.001278047474114718,2.8934530136556162,0,0
212,0.2,0.019801980198019802,0.059735061897023205,0.001278047474114718,2.8934530136556162,0,0
213,0.0,0.009900990099009901,0.04338396495090424,1.0,-0.0,0,0
214,0.4,0.05940594059405942,0.10733330877518933,0.0007537462695981611,3.122774824234138,0,0
215,0.6,0.08316831683168316,0.12670172889541695,2.260315208636424e-05,4.64583099278805,0,0
216,0.6,0.07326732673267328,0.11848138852793338,4.380312807813138e-06,5.3584948744602094,0,0
217,0.6,0.07326732673267328,0.11848138852793338,4.380312807813138e-06,5.3584948744602094,0,0
218,0.6,0.07326732673267328,0.11848138852793338,4.380312807813138e-06,5.3584948744602094,0,0
219,0.2,0.023762376237623766,0.07056843438101175,0.00625538335613176,2.203746069767374,0,0
220,0.0,0.13663366336633664,0.16870078513860487,1.0,-0.0,0,0
221,0.0,0.17029702970297028,0.17208365134574602,1.0,-0.0,0,0
222,0.0,0.17029702970297028,0.17208365134574602,1.0,-0.0,0,0
223,0.0,0.25742574257425743,0.1936346128607071,1.0,-0.0,0,0
224,0.0,0.2772277227722772,0.202890590483382,1.0,-0.0,0,0
225,0.0,0.1801980198019802,0.1676983394830901,1.0,-0.0,0,0
226,0.0,0.1485148514851485,0.15834156674616875,1.0,-0.0,0,0
227,0.0,0.1485148514851485,0.15834156674616875,1.0,-0.0,0,0
228,0.0,0.0594059405940594,0.10733330877518932,1.0,-0.0,0,0
229,0.0,0.039603960396039604,0.07970143286137865,1.0,-0.0,0,0
230,0.0,0.0,0.0,1.0,-0.0,0,0
231,0.0,0.0,0.0,1.0,-0.0,0,0
232,0.0,0.0,0.0,1.0,-0.0,0,0
233,0.0,0.0,0.0,1.0,-0.0,0,0
234,0.0,0.0,0.0,1.0,-0.0,0,0
235,0.0,0.0,0.0,1.0,-0.0,0,0
236,0.0,0.0,0.0,1.0,-0.0,0,0
237,0.0,0.0,0.0,1.0,-0.0,0,0
238,0.0,0.0,0.0,1.0,-0.0,0,0
239,0.0,0.0,0.0,1.0,-0.0,0,0
240,0.0,0.0,0.0,1.0,-0.0,0,0
241,0.0,0.0,0.0,1.0,-0.0,0,0
242,0.0,0.0,0.0,1.0,-0.0,0,0
243,0.0,0.0,0.0,1.0,-0.0,0,0
244,0.0,0.0,0.0,1.0,-0.0,0,0
245,0.0,0.0,0.0,1.0,-0.0,0,0
246,0.0,0.07326732673267328,0.10798889666879985,1.0,-0.0,0,0
247,0.2,0.13663366336633662,0.1565233492702535,0.34279891491999714,0.4649605614425486,0,0
248,0.4,0.2059405940594059,0.18120705414231045,0.14210127730860844,0.8474020183034439,0,0
249,1.0,0.28118811881188116,0.19936178928559556,0.00015573728267446224,3.807607407203643,0,0
250,1.0,0.28118811881188116,0.19936178928559556,0.00015573728267446224,3.807607407203643,0,0
251,1.0,0.20792079207920788,0.18003474269593195,5.4227581343147405e-06,5.265779765521202,0,0
252,0.8,0.1465346534653465,0.14320542361793698,2.5197973377799488e-06,5.598634387243536,0,0
253,0.6,0.07524752475247526,0.12219602867755656,8.760307589782653e-06,5.057480644722322,0,0
254,0.0,0.0,0.0,1.0,-0.0,0,0
255,0.0,0.0,0.0,1.0,-0.0,0,0
256,0.0,0.0,0.0,1.0,-0.0,0,0
257,0.0,0.0,0.0,1.0,-0.0,0,0
258,0.0,0.0,0.0,1.0,-0.0,0,0
259,0.2,0.027722772277227727,0.07461957893630407,0.010478998804251384,1.9796802091996195,0,0
260,0.2,0.06336633663366337,0.11233152161332939,0.1119271380917808,0.9510646007408702,0,0
261,0.2,0.06336633663366337,0.11233152161332939,0.1119271380917808,0.9510646007408702,0,0
262,0.2,0.06336633663366337,0.11233152161332939,0.1119271380917808,0.9510646007408702,0,0
263,0.2,0.06336633663366337,0.11233152161332939,0.1119271380917808,0.9510646007408702,0,0
264,0.0,0.03564356435643565,0.08154954567118415,1.0,-0.0,0,0
265,0.0,0.0,0.0,1.0,-0.0,0,0
266,0.0,0.0,0.0,1.0,-0.0,0,0
267,0.0,0.017821782178217824,0.05698017651460656,1.0,-0.0,0,0
268,0.0,0.017821782178217824,0.05698017651460656,1.0,-0.0,0,0
269,0.0,0.03564356435643565,0.07653920035678292,1.0,-0.0,0,0
270,0.0,0.03564356435643565,0.07653920035678292,1.0,-0.0,0,0
271,0.0,0.03564356435643565,0.07653920035678292,1.0,-0.0,0,0
272,0.0,0.07920792079207921,0.12293186689242577,1.0,-0.0,0,0
273,0.0,0.11089108910891088,0.14752142995793407,1.0,-0.0,0,0
274,0.0,0.09306930693069307,0.13069306930693073,1.0,-0.0,0,0
275,0.0,0.09306930693069307,0.13069306930693073,1.0,-0.0,0,0
276,0.0,0.09306930693069307,0.13069306930693073,1.0,-0.0,0,0
277,0.0,0.031683168316831684,0.07826167463512676,1.0,-0.0,0,0
278,0.0,0.0,0.0,1.0,-0.0,0,0
279,0.0,0.0,0.0,1.0,-0.0,0,0
280,0.0,0.0,0.0,1.0,-0.0,0,0
281,0.0,0.0,0.0,1.0,-0.0,0,0
282,0.0,0.0,0.0,1.0,-0.0,0,0
283,0.0,0.009900990099009901,0.04338396495090424,1.0,-0.0,0,0
284,0.0,0.009900990099009901,0.04338396495090424,1.0,-0.0,0,0
285,0.0,0.009900990099009901,0.04338396495090424,1.0,-0.0,0,0
286,0.0,0.04554455445544554,0.08846854615322249,1.0,-0.0,0,0
287,0.0,0.06336633663366337,0.11233152161332939,1.0,-0.0,0,0
288,0.0,0.05346534653465347,0.10489443673781407,1.0,-0.0,0,0
289,0.0,0.05346534653465347,0.10489443673781407,1.0,-0.0,0,0
290,0.0,0.05346534653465347,0.10489443673781407,1.0,-0.0,0,0
291,0.0,0.017821782178217824,0.05698017651460656,1.0,-0.0,0,0
292,0.0,0.0,0.0,1.0,-0.0,0,0
293,0.0,0.10693069306930691,0.14505541839059358,1.0,-0.0,0,0
294,0.0,0.10693069306930691,0.14505541839059358,1.0,-0.0,0,0
295,0.0,0.10693069306930691,0.14505541839059358,1.0,-0.0,0,0
296,0.0,0.10693069306930691,0.14505541839059358,1.0,-0.0,0,0
297,0.0,0.10693069306930691,0.14505541839059358,1.0,-0.0,0,0
298,0.0,0.0,0.0,1.0,-0.0,0,0
299,0.0,0.0,0.0,1.0,-0.0,0,0
300,0.0,0.039603960396039604,0.07970143286137867,1.0,-0.0,0,0
301,0.0,0.039603960396039604,0.07970143286137867,1.0,-0.0,0,0
302,0.0,0.09306930693069307,0.12126186845461279,1.0,-0.0,0,0
303,0.0,0.09306930693069307,0.12126186845461279,1.0,-0.0,0,0
304,0.0,0.09306930693069307,0.12126186845461279,1.0,-0.0,0,0
305,0.0,0.05346534653465347,0.09287951999650358,1.0,-0.0,0,0
306,0.0,0.05346534653465347,0.09287951999650358,1.0,-0.0,0,0
307,0.0,0.0,0.0,1.0,-0.0,0,0
308,0.0,0.019801980198019802,0.059735061897023205,1.0,-0.0,0,0
309,0.0,0.019801980198019802,0.059735061897023205,1.0,-0.0,0,0
310,0.0,0.019801980198019802,0.059735061897023205,1.0,-0.0,0,0
311,0.0,0.019801980198019802,0.059735061897023205,1.0,-0.0,0,0
312,0.0,0.019801980198019802,0.059735061897023205,1.0,-0.0,0,0
313,0.0,0.0,0.0,1.0,-0.0,0,0
314,0.0,0.0,0.0,1.0,-0.0,0,0
315,0.0,0.0,0.0,1.0,-0.0,0,0
316,0.0,0.0,0.0,1.0,-0.0,0,0
317,0.0,0.0,0.0,1.0,-0.0,0,0
318,0.0,0.025742574257425748,0.06697637435757531,1.0,-0.0,0,0
319,0.0,0.025742574257425748,0.06697637435757531,1.0,-0.0,0,0
320,0.0,0.04158415841584159,0.09039772047931348,1.0,-0.0,0,0
321,0.0,0.04158415841584159,0.09039772047931348,1.0,-0.0,0,0
322,0.0,0.0613861386138614,0.10046456153636296,1.0,-0.0,0,0
323,0.0,0.03564356435643565,0.07653920035678292,1.0,-0.0,0,0
324,0.0,0.13465346534653463,0.14380655568606182,1.0,-0.0,0,0
325,0.0,0.11683168316831682,0.13864214704328154,1.0,-0.0,0,0
326,0.0,0.11683168316831682,0.13864214704328154,1.0,-0.0,0,0
327,0.0,0.09702970297029703,0.11811677855054843,1.0,-0.0,0,0
328,0.0,0.09702970297029703,0.11811677855054843,1.0,-0.0,0,0
329,0.0,0.0,0.0,1.0,-0.0,0,0
330,0.0,0.08118811881188118,0.12951766673875514,1.0,-0.0,0,0
331,0.0,0.08118811881188118,0.12951766673875514,1.0,-0.0,0,0
332,0.0,0.1861386138613861,0.18077375114498545,1.0,-0.0,0,0
333,0.0,0.2198019801980198,0.198019801980198,1.0,-0.0,0,0
334,0.0,0.2198019801980198,0.198019801980198,1.0,-0.0,0,0
335,0.0,0.13861386138613857,0.16588812705842176,1.0,-0.0,0,0
336,0.0,0.1841584158415841,0.19636935962484228,1.0,-0.0,0,0
337,0.0,0.07920792079207921,0.12293186689242579,1.0,-0.0,0,0
338,0.0,0.04554455445544555,0.08846854615322249,1.0,-0.0,0,0
339,0.0,0.06732673267326733,0.09861306612268303,1.0,-0.0,0,0
340,0.0,0.06732673267326733,0.09861306612268303,1.0,-0.0,0,0
341,0.0,0.021782178217821784,0.06230547612891991,1.0,-0.0,0,0
342,0.0,0.09900990099009901,0.1367914141716479,1.0,-0.0,0,0
343,0.0,0.09900990099009901,0.1367914141716479,1.0,-0.0,0,0
344,0.0,0.07722772277227724,0.12258049537063102,1.0,-0.0,0,0
345,0.0,0.11683168316831682,0.14146987009498416,1.0,-0.0,0,0
346,0.0,0.11683168316831682,0.14146987009498416,1.0,-0.0,0,0
347,0.0,0.03960396039603961,0.07970143286137865,1.0,-0.0,0,0
348,0.0,0.03960396039603961,0.07970143286137865,1.0,-0.0,0,0
349,0.0,0.03960396039603961,0.07970143286137865,1.0,-0.0,0,0
350,0.0,0.0,0.0,1.0,-0.0,0,0
351,0.0,0.0,0.0,1.0,-0.0,0,0
352,0.0,0.0,0.0,1.0,-0.0,0,0
353,0.0,0.0,0.0,1.0,-0.0,0,0
354,0.0,0.0,0.0,1.0,-0.0,0,0
355,0.0,0.09108910891089109,0.13937555924568537,1.0,-0.0,0,0
356,0.0,0.09108910891089109,0.13937555924568537,1.0,-0.0,0,0
357,0.0,0.09108910891089109,0.13937555924568537,1.0,-0.0,0,0
358,0.0,0.09108910891089109,0.13937555924568537,1.0,-0.0,0,0
359,0.0,0.09108910891089109,0.13937555924568537,1.0,-0.0,0,0
360,0.0,0.0,0.0,1.0,-0.0,0,0
361,0.0,0.0,0.0,1.0,-0.0,0,0
362,0.0,0.0,0.0,1.0,-0.0,0,0
363,0.0,0.0,0.0,1.0,-0.0,0,0
364,0.0,0.11881188118811879,0.14939672169394075,1.0,-0.0,0,0
365,0.0,0.13564356435643563,0.15643564356435644,1.0,-0.0,0,0
366,0.0,0.13564356435643563,0.15643564356435644,1.0,-0.0,0,0
367,0.0,0.13564356435643563,0.15643564356435644,1.0,-0.0,0,0
368,0.0,0.13564356435643563,0.15643564356435644,1.0,-0.0,0,0
369,0.0,0.015841584158415842,0.05401260078014202,1.0,-0.0,0,0
370,0.0,0.0,0.0,1.0,-0.0,0,0
371,0.0,0.0,0.0,1.0,-0.0,0,0
372,0.0,0.0,0.0,1.0,-0.0,0,0
373,0.0,0.0,0.0,1.0,-0.0,0,0
374,0.0,0.0,0.0,1.0,-0.0,0,0
375,0.0,0.0,0.0,1.0,-0.0,0,0
