,foreground,bg_means,bg_stdev,pvals,minus_logs,regs,active
2,0.0,0.1603960396039604,0.14356094226052957,1.0,-0.0,0,0
3,0.0,0.0,0.0,1.0,-0.0,0,0
4,0.2,0.031683168316831684,0.0730260947112308,0.01058647624307391,1.9752485727397298,0,0
5,0.2,0.031683168316831684,0.0730260947112308,0.01058647624307391,1.9752485727397298,0,0
6,0.2,0.031683168316831684,0.0730260947112308,0.01058647624307391,1.9752485727397298,0,0
7,0.2,0.031683168316831684,0.0730260947112308,0.01058647624307391,1.9752485727397298,0,0
8,0.2,0.05940594059405942,0.09138994660763826,0.061975734571012166,1.2077783170289342,0,0
9,0.0,0.07722772277227724,0.11593886073904515,1.0,-0.0,0,0
10,0.0,0.07722772277227724,0.11593886073904515,1.0,-0.0,0,0
11,0.0,0.07722772277227724,0.11593886073904515,1.0,-0.0,0,0
12,0.0,0.07722772277227724,0.11593886073904515,1.0,-0.0,0,0
13,0.0,0.049504950495049514,0.08631483056516186,1.0,-0.0,0,0
14,0.0,0.0,0.0,1.0,-0.0,0,0
15,0.0,0.0,0.0,1.0,-0.0,0,0
16,0.6,0.2396039603960396,0.17804171717219025,0.021473634716991742,1.6680944388459902,0,0
17,0.8,0.3386138613861386,0.2120014463941426,0.014765115276971736,1.8307631579804957,0,0
18,1.6,1.089108910891089,0.4102404487153603,0.10650239207682512,0.9726406377266639,0,0
19,1.6,1.1009900990099009,0.40552985740695485,0.1092524665616479,0.9615687493047202,0,0
20,1.6,1.1009900990099009,0.40552985740695485,0.1092524665616479,0.9615687493047202,0,0
21,1.0,0.8871287128712869,0.37061986245059475,0.38035547244454887,0.4198103308605915,0,0
22,0.8,0.7900990099009899,0.3485486032261511,0.488669033862379,0.31098518061330077,0,0
23,0.2,0.08514851485148514,0.11025275966000045,0.1487729013320444,0.8274761674038908,0,0
24,0.2,0.07326732673267328,0.10425700262248065,0.1120725770261012,0.9505006416709056,0,0
25,0.2,0.14059405940594058,0.13656189821438944,0.33177718779679244,0.4791534783314394,0,0
26,0.4,0.2376237623762376,0.19028456290748869,0.19673712744363747,0.7061136740290527,0,0
27,0.4,0.2376237623762376,0.19028456290748869,0.19673712744363747,0.7061136740290527,0,0
28,0.2,0.19009900990099005,0.17883282225545563,0.4779240379744263,0.32064112537561185,0,0
29,0.2,0.19009900990099005,0.17883282225545563,0.4779240379744263,0.32064112537561185,0,0
30,0.2,0.12475247524752471,0.13156027914354926,0.2836737452294976,0.5471808574702508,0,0
31,0.0,0.0,0.0,1.0,-0.0,0,0
32,0.0,0.0,0.0,1.0,-0.0,0,0
33,0.0,0.0,0.0,1.0,-0.0,0,0
34,0.0,0.0,0.0,1.0,-0.0,0,0
35,0.0,0.0,0.0,1.0,-0.0,0,0
36,0.0,0.021782178217821784,0.06230547612891991,1.0,-0.0,0,0
37,0.0,0.021782178217821784,0.06230547612891991,1.0,-0.0,0,0
38,0.0,0.021782178217821784,0.06230547612891991,1.0,-0.0,0,0
39,0.0,0.021782178217821784,0.06230547612891991,1.0,-0.0,0,0
40,0.0,0.021782178217821784,0.06230547612891991,1.0,-0.0,0,0
41,0.0,0.0,0.0,1.0,-0.0,0,0
42,0.0,0.0,0.0,1.0,-0.0,0,0
43,0.0,0.0,0.0,1.0,-0.0,0,0
44,0.0,0.0,0.0,1.0,-0.0,0,0
45,0.0,0.2475247524752475,0.15707352091130253,1.0,-0.0,0,0
46,0.0,0.7049504950495047,0.28783116531654057,1.0,-0.0,0,0
47,0.0,0.7049504950495047,0.28783116531654057,1.0,-0.0,0,0
48,0.0,0.7049504950495047,0.28783116531654057,1.0,-0.0,0,0
49,0.0,0.7049504950495047,0.28783116531654057,1.0,-0.0,0,0
50,0.0,0.5584158415841584,0.2674660436420284,1.0,-0.0,0,0
51,0.0,0.10099009900990098,0.12145573247679727,1.0,-0.0,0,0
52,0.0,0.10099009900990098,0.12145573247679727,1.0,-0.0,0,0
53,0.0,0.10099009900990098,0.12145573247679727,1.0,-0.0,0,0
54,0.0,0.12475247524752475,0.13156027914354926,1.0,-0.0,0,0
55,0.0,0.19405940594059404,0.1767818940250744,1.0,-0.0,0,0
56,0.0,0.19405940594059404,0.1767818940250744,1.0,-0.0,0,0
57,0.0,0.19405940594059404,0.1767818940250744,1.0,-0.0,0,0
58,0.0,0.19405940594059404,0.1767818940250744,1.0,-0.0,0,0
59,1.0,1.9663366336633663,0.5144019362563785,1.0,-0.0,0,0
60,1.0,1.796039603960396,0.5332361117804887,1.0,-0.0,0,0
61,4.4,3.477227722772277,0.5869675700925553,0.057963570089092274,1.2368448733346886,0,0
62,4.4,3.477227722772277,0.5869675700925553,0.057963570089092274,1.2368448733346886,0,0
63,4.4,3.477227722772277,0.5869675700925553,0.057963570089092274,1.2368448733346886,0,0
64,3.4,1.683168316831683,0.5274765832971829,0.0005673578149027942,3.246142958698829,0,0
65,3.4,1.683168316831683,0.5274765832971829,0.0005673578149027942,3.246142958698829,0,0
66,0.0,0.0,0.0,1.0,-0.0,0,0
67,0.0,0.0,0.0,1.0,-0.0,0,0
68,0.0,0.0,0.0,1.0,-0.0,0,0
69,0.0,0.0,0.0,1.0,-0.0,0,0
70,0.2,0.0712871287128713,0.09578920096988376,0.08952115188222727,1.0480743383108428,0,0
71,0.2,0.0712871287128713,0.09578920096988376,0.08952115188222727,1.0480743383108428,0,0
72,0.2,0.788118811881188,0.31819015695452735,1.0,-0.0,0,0
73,0.2,0.788118811881188,0.31819015695452735,1.0,-0.0,0,0
74,0.4,0.8633663366336632,0.3269186389463595,1.0,-0.0,0,0
75,0.2,0.7920792079207919,0.32690664435300926,1.0,-0.0,0,0
76,0.2,0.7920792079207919,0.32690664435300926,1.0,-0.0,0,0
