,foreground,bg_means,bg_stdev,pvals,minus_logs,regs,active
2,0.0,0.0,0.0,1.0,-0.0,0,0
3,0.0,0.0,0.0,1.0,-0.0,0,0
4,1.4,0.8811881188118812,0.45221410667368506,0.12563493165109857,0.9008895921745121,0,0
5,1.4,0.9287128712871285,0.46636080742877295,0.1561127380272782,0.8065616592101196,0,0
6,1.4,0.9287128712871285,0.46636080742877295,0.1561127380272782,0.8065616592101196,0,0
7,1.4,0.9376237623762377,0.4706960266821459,0.16297000489645913,0.7878923214038958,0,0
8,1.4,1.1782178217821782,0.4857583558482998,0.3239904537580439,0.4894677859084562,0,0
9,0.0,0.4316831683168316,0.23332749816483858,1.0,-0.0,0,0
10,0.0,0.6980198019801982,0.32026603978808765,1.0,-0.0,0,0
11,0.0,0.6980198019801982,0.32026603978808765,1.0,-0.0,0,0
12,0.2,0.7346534653465344,0.3459627529783913,1.0,-0.0,0,0
13,0.2,0.5524752475247525,0.3367268362613858,1.0,-0.0,0,0
14,0.2,0.4376237623762377,0.3014327126033747,1.0,-0.0,0,0
15,0.2,0.17821782178217818,0.17096346688435152,0.4493085923241618,0.3474552761247812,0,0
16,0.4,0.31881188118811893,0.2254644804354896,0.35938889706176264,0.44443534408651375,0,0
17,0.2,0.28316831683168314,0.20732588158354637,1.0,-0.0,0,0
18,0.2,0.22574257425742575,0.1816609099592826,1.0,-0.0,0,0
19,0.2,0.22574257425742575,0.1859700100098835,1.0,-0.0,0,0
20,0.2,0.17227722772277224,0.16893305949497947,0.434824213635425,0.36168627977559237,0,0
21,0.0,0.02970297029702971,0.07112192077650681,1.0,-0.0,0,0
22,0.0,0.021782178217821784,0.06230547612891991,1.0,-0.0,0,0
23,0.0,0.021782178217821784,0.06230547612891991,1.0,-0.0,0,0
24,0.0,0.0,0.0,1.0,-0.0,0,0
25,0.0,0.0,0.0,1.0,-0.0,0,0
26,0.0,0.0,0.0,1.0,-0.0,0,0
27,0.0,0.0,0.0,1.0,-0.0,0,0
28,0.0,0.0,0.0,1.0,-0.0,0,0
29,0.0,0.0,0.0,1.0,-0.0,0,0
30,0.0,0.0,0.0,1.0,-0.0,0,0
31,0.0,0.0,0.0,1.0,-0.0,0,0
32,0.0,0.0,0.0,1.0,-0.0,0,0
33,0.0,0.0,0.0,1.0,-0.0,0,0
34,0.0,0.0,0.0,1.0,-0.0,0,0
35,0.0,0.0,0.0,1.0,-0.0,0,0
36,0.0,0.0,0.0,1.0,-0.0,0,0
37,0.0,0.0,0.0,1.0,-0.0,0,0
38,0.0,0.0,0.0,1.0,-0.0,0,0
39,0.0,0.0,0.0,1.0,-0.0,0,0
40,0.0,0.0,0.0,1.0,-0.0,0,0
41,0.0,0.0,0.0,1.0,-0.0,0,0
42,0.0,0.0,0.0,1.0,-0.0,0,0
43,0.0,0.0,0.0,1.0,-0.0,0,0
44,0.0,0.0,0.0,1.0,-0.0,0,0
45,0.0,0.0,0.0,1.0,-0.0,0,0
46,0.0,0.0039603960396039604,0.02786385599895107,1.0,-0.0,0,0
47,0.0,0.0039603960396039604,0.02786385599895107,1.0,-0.0,0,0
48,0.0,0.0039603960396039604,0.02786385599895107,1.0,-0.0,0,0
49,0.0,0.0039603960396039604,0.02786385599895107,1.0,-0.0,0,0
50,0.0,0.0039603960396039604,0.02786385599895107,1.0,-0.0,0,0
51,0.0,0.041584158415841586,0.08116396646304633,1.0,-0.0,0,0
52,0.0,0.041584158415841586,0.08116396646304633,1.0,-0.0,0,0
53,0.0,0.041584158415841586,0.08116396646304633,1.0,-0.0,0,0
54,0.0,0.09108910891089106,0.13057300215314485,1.0,-0.0,0,0
55,0.0,0.09108910891089106,0.13057300215314485,1.0,-0.0,0,0
56,0.0,0.049504950495049514,0.09504950495049506,1.0,-0.0,0,0
57,0.0,0.08514851485148513,0.13304219431477884,1.0,-0.0,0,0
58,0.0,0.1089108910891089,0.1503125521928582,1.0,-0.0,0,0
59,0.0,0.0594059405940594,0.09968089464279778,1.0,-0.0,0,0
60,0.0,0.0594059405940594,0.09968089464279778,1.0,-0.0,0,0
61,0.0,0.0594059405940594,0.09968089464279778,1.0,-0.0,0,0
62,0.0,0.023762376237623766,0.06471340450838887,1.0,-0.0,0,0
63,0.2,0.023762376237623766,0.07056843438101175,0.00625538335613176,2.203746069767374,0,0
64,0.2,0.023762376237623766,0.07056843438101175,0.00625538335613176,2.203746069767374,0,0
65,0.2,0.023762376237623766,0.07056843438101175,0.00625538335613176,2.203746069767374,0,0
66,0.2,0.023762376237623766,0.07056843438101175,0.00625538335613176,2.203746069767374,0,0
67,0.2,0.023762376237623766,0.07056843438101175,0.00625538335613176,2.203746069767374,0,0
68,0.0,0.0,0.0,1.0,-0.0,0,0
69,0.0,0.0,0.0,1.0,-0.0,0,0
70,0.0,0.0,0.0,1.0,-0.0,0,0
71,0.0,0.1089108910891089,0.14765427233510695,1.0,-0.0,0,0
72,0.0,0.1089108910891089,0.14765427233510695,1.0,-0.0,0,0
73,0.0,0.1089108910891089,0.14765427233510695,1.0,-0.0,0,0
74,0.0,0.1089108910891089,0.14765427233510695,1.0,-0.0,0,0
75,0.2,0.11485148514851483,0.14717547862227362,0.28144610039452655,0.5506047643740808,0,0
76,0.2,0.0059405940594059415,0.033953323167291584,5.469865928325272e-09,8.262023318511561,0,0
77,0.2,0.0059405940594059415,0.033953323167291584,5.469865928325272e-09,8.262023318511561,0,0
78,0.2,0.0059405940594059415,0.033953323167291584,5.469865928325272e-09,8.262023318511561,0,0
79,0.4,0.15049504950495046,0.15772124951873168,0.05683207058020557,1.2454065208833667,0,0
80,0.2,0.14455445544554454,0.1518696989212991,0.3575234982648516,0.44669540888000764,0,0
81,0.2,0.14455445544554454,0.1518696989212991,0.3575234982648516,0.44669540888000764,0,0
82,0.4,0.2653465346534653,0.205101106950084,0.2557440387343214,0.5921944806850599,0,0
83,0.4,0.3168316831683168,0.21848683352073972,0.35172927333797305,0.4537914851943121,0,0
84,0.2,0.18217821782178217,0.16909546170462728,0.4580312714855454,0.3391048700965913,0,0
85,0.2,0.18217821782178217,0.16909546170462728,0.4580312714855454,0.3391048700965913,0,0
86,0.8,1.2475247524752477,0.4352293260098613,1.0,-0.0,0,0
87,0.6,1.221782178217822,0.40968569464316823,1.0,-0.0,0,0
88,1.2,2.487128712871287,0.680952065938759,1.0,-0.0,0,0
89,1.2,2.477227722772277,0.6847535060033816,1.0,-0.0,0,0
90,1.2,2.477227722772277,0.6847535060033816,1.0,-0.0,0,0
91,0.6,3.085148514851485,0.6691780296521109,1.0,-0.0,0,0
92,0.6,3.0514851485148515,0.6687677246857937,1.0,-0.0,0,0
93,0.0,2.2534653465346537,0.6410950341864639,1.0,-0.0,0,0
94,0.0,2.2534653465346537,0.6410950341864639,1.0,-0.0,0,0
95,0.0,2.433663366336634,0.6731450092732322,1.0,-0.0,0,0
96,0.0,0.984158415841584,0.445601756504023,1.0,-0.0,0,0
97,0.2,1.0316831683168315,0.48806157156396424,1.0,-0.0,0,0
98,0.2,0.7940594059405941,0.40731474734120204,1.0,-0.0,0,0
99,0.2,0.7940594059405941,0.40731474734120204,1.0,-0.0,0,0
100,0.4,0.7029702970297029,0.3476812713455619,1.0,-0.0,0,0
101,0.4,0.5683168316831683,0.32667866340279256,1.0,-0.0,0,0
102,0.2,0.5485148514851486,0.294710417151232,1.0,-0.0,0,0
103,0.2,0.26732673267326734,0.21113034352890048,1.0,-0.0,0,0
104,0.2,0.49702970297029714,0.30522040260644195,1.0,-0.0,0,0
105,0.2,0.7306930693069306,0.3695709512012105,1.0,-0.0,0,0
106,0.4,0.681188118811881,0.3414334579320999,1.0,-0.0,0,0
107,0.4,0.6079207920792078,0.3399718009030655,1.0,-0.0,0,0
108,0.4,0.6217821782178218,0.3434259429574963,1.0,-0.0,0,0
109,0.4,0.4514851485148515,0.26648198028954484,1.0,-0.0,0,0
110,0.2,0.1485148514851485,0.16567525277902487,0.3779917536889481,0.42251767467719514,0,0
111,0.0,0.2079207920792079,0.20083152306547483,1.0,-0.0,0,0
112,0.2,0.33663366336633666,0.25629607425526235,1.0,-0.0,0,0
113,0.2,0.32277227722772284,0.2469140982299618,1.0,-0.0,0,0
114,0.2,0.2633663366336633,0.22148140850266038,1.0,-0.0,0,0
115,0.2,0.2772277227722772,0.22509896090774148,1.0,-0.0,0,0
116,0.2,0.2158415841584158,0.19636935962484228,1.0,-0.0,0,0
117,0.0,0.0712871287128713,0.09983812012638045,1.0,-0.0,0,0
118,0.2,0.16633663366336635,0.16666633990099655,0.41996594762129574,0.37678592236332376,0,0
119,0.2,0.19999999999999998,0.17575861034074802,0.49999999999999994,0.30102999566398125,0,0
120,0.2,0.19603960396039605,0.18450940681657277,0.4914375741513128,0.30853164146046735,0,0
121,0.4,0.29108910891089107,0.22954928282989867,0.31758760645566864,0.49813645382975036,0,0
122,0.8,0.4594059405940595,0.2793834151090159,0.11140465623322084,0.95309665715031,0,0
123,0.6,0.3663366336633664,0.2700484839940407,0.19344681552429777,0.7134384151368871,0,0
124,0.6,0.33267326732673275,0.26442873635839365,0.15601791654681135,0.806825525936415,0,0
125,0.6,0.30495049504950494,0.25577536463314887,0.124342487537784,0.9053804485882039,0,0
126,0.4,0.17227722772277226,0.2106655233984672,0.13985558675807758,0.8543201803489933,0,0
127,0.0,0.013861386138613863,0.05079507064705211,1.0,-0.0,0,0
128,0.0,0.06336633663366337,0.10874875419996817,1.0,-0.0,0,0
129,0.0,0.06336633663366337,0.10874875419996817,1.0,-0.0,0,0
130,0.0,0.07128712871287128,0.11461224656227946,1.0,-0.0,0,0
131,0.0,0.11485148514851484,0.1416914361980065,1.0,-0.0,0,0
132,0.0,0.10099009900990098,0.12781100644043505,1.0,-0.0,0,0
133,0.0,0.09108910891089106,0.13057300215314485,1.0,-0.0,0,0
134,0.0,0.09108910891089106,0.13057300215314485,1.0,-0.0,0,0
135,0.0,0.08316831683168317,0.12670172889541695,1.0,-0.0,0,0
136,0.0,0.03960396039603961,0.08452453849668534,1.0,-0.0,0,0
137,0.0,0.03960396039603961,0.08452453849668534,1.0,-0.0,0,0
138,0.0,0.0,0.0,1.0,-0.0,0,0
139,0.0,0.0,0.0,1.0,-0.0,0,0
140,0.0,0.0,0.0,1.0,-0.0,0,0
141,0.0,0.0,0.0,1.0,-0.0,0,0
142,0.0,0.0,0.0,1.0,-0.0,0,0
143,0.0,0.0,0.0,1.0,-0.0,0,0
144,0.0,0.0,0.0,1.0,-0.0,0,0
145,0.0,0.0059405940594059415,0.03395332316729158,1.0,-0.0,0,0
146,0.0,0.011881188118811883,0.04727657974777554,1.0,-0.0,0,0
147,0.0,0.011881188118811883,0.04727657974777554,1.0,-0.0,0,0
148,0.0,0.011881188118811883,0.04727657974777554,1.0,-0.0,0,0
149,0.0,0.011881188118811883,0.04727657974777554,1.0,-0.0,0,0
150,0.0,0.0059405940594059415,0.033953323167291584,1.0,-0.0,0,0
151,0.0,0.0,0.0,1.0,-0.0,0,0
152,0.0,0.0,0.0,1.0,-0.0,0,0
153,0.0,0.0,0.0,1.0,-0.0,0,0
154,0.0,0.0,0.0,1.0,-0.0,0,0
155,0.0,0.0019801980198019802,0.0198019801980198,1.0,-0.0,0,0
156,0.0,0.011881188118811883,0.047276579747775535,1.0,-0.0,0,0
157,0.0,0.011881188118811883,0.047276579747775535,1.0,-0.0,0,0
158,0.0,0.011881188118811883,0.047276579747775535,1.0,-0.0,0,0
159,0.0,0.011881188118811883,0.047276579747775535,1.0,-0.0,0,0
160,1.2,0.05346534653465347,0.10860442931328386,1.0000000023579834e-17,16.99999999897594,0,0
161,1.2,0.04356435643564357,0.09164702150816742,1e-17,17.0,0,0
162,1.2,0.04356435643564357,0.09164702150816742,1e-17,17.0,0,0
163,1.2,0.04356435643564357,0.09164702150816742,1e-17,17.0,0,0
164,1.2,0.04356435643564357,0.09164702150816742,1e-17,17.0,0,0
165,0.0,0.0,0.0,1.0,-0.0,0,0
166,0.0,0.0,0.0,1.0,-0.0,0,0
167,0.0,0.0,0.0,1.0,-0.0,0,0
168,0.0,0.023762376237623766,0.06471340450838889,1.0,-0.0,0,0
169,0.0,0.023762376237623766,0.06471340450838889,1.0,-0.0,0,0
170,0.0,0.023762376237623766,0.06471340450838889,1.0,-0.0,0,0
171,0.0,0.023762376237623766,0.06471340450838889,1.0,-0.0,0,0
172,0.0,0.023762376237623766,0.06471340450838889,1.0,-0.0,0,0
173,0.0,0.0,0.0,1.0,-0.0,0,0
174,0.0,0.007920792079207921,0.03900537743285587,1.0,-0.0,0,0
175,0.0,0.007920792079207921,0.03900537743285587,1.0,-0.0,0,0
176,0.0,0.007920792079207921,0.03900537743285587,1.0,-0.0,0,0
177,0.0,0.007920792079207921,0.03900537743285587,1.0,-0.0,0,0
178,0.0,0.007920792079207921,0.03900537743285587,1.0,-0.0,0,0
179,0.0,0.0,0.0,1.0,-0.0,0,0
180,0.0,0.0,0.0,1.0,-0.0,0,0
181,0.0,0.0,0.0,1.0,-0.0,0,0
182,0.0,0.0,0.0,1.0,-0.0,0,0
183,0.0,0.0,0.0,1.0,-0.0,0,0
184,0.0,0.0,0.0,1.0,-0.0,0,0
185,0.0,0.0,0.0,1.0,-0.0,0,0
186,0.0,0.0,0.0,1.0,-0.0,0,0
187,0.0,0.0,0.0,1.0,-0.0,0,0
188,0.0,0.0,0.0,1.0,-0.0,0,0
189,0.0,0.0,0.0,1.0,-0.0,0,0
190,0.0,0.0,0.0,1.0,-0.0,0,0
191,0.0,0.03564356435643565,0.08626938974571076,1.0,-0.0,0,0
192,0.0,0.07722772277227723,0.11247106393000339,1.0,-0.0,0,0
193,0.2,0.22574257425742567,0.20616895183873854,1.0,-0.0,0,0
194,0.2,0.22574257425742567,0.20616895183873854,1.0,-0.0,0,0
195,0.2,0.23762376237623759,0.2174794790130442,1.0,-0.0,0,0
196,0.4,0.27326732673267334,0.2264189969940339,0.28783306145104615,0.5408593230432821,0,0
197,0.6,0.31485148514851485,0.21681133771359987,0.09422270862135314,1.0258444152495687,0,0
198,0.6,0.22178217821782176,0.17096346688435152,0.013473911833392716,1.8705062987820869,0,0
199,0.8,0.24158415841584158,0.18307998940714804,0.0011437517340773203,2.941668234477722,0,0
200,0.8,0.22970297029702966,0.18322985319016175,0.0009276510602276257,3.032615354724862,0,0
201,0.6,0.1584158415841584,0.1599921574393993,0.002889747177891197,2.539140151724334,0,0
202,0.4,0.07326732673267328,0.11159606181073561,0.0017067629990529696,2.7678267807888814,0,0
203,0.2,0.019801980198019802,0.059735061897023205,0.001278047474114718,2.8934530136556162,0,0
204,0.0,0.025742574257425748,0.06697637435757531,1.0,-0.0,0,0
205,0.4,0.10891089108910891,0.13650445892763632,0.016484882575862243,1.7829141420505037,0,0
206,0.4,0.10891089108910891,0.13650445892763632,0.016484882575862243,1.7829141420505037,0,0
207,0.4,0.16633663366336632,0.1781518029535443,0.09482807665217026,1.0230630579171909,0,0
208,0.4,0.17227722772277226,0.17806373977319878,0.10046904832421423,0.9979677115007952,0,0
209,0.4,0.1465346534653465,0.15893479355105836,0.05538120151727918,1.2566376262960464,0,0
210,0.0,0.06534653465346535,0.10571364605971598,1.0,-0.0,0,0
211,0.0,0.06534653465346535,0.10571364605971598,1.0,-0.0,0,0
212,0.0,0.009900990099009901,0.04338396495090424,1.0,-0.0,0,0
213,0.0,0.0039603960396039604,0.027863855998951064,1.0,-0.0,0,0
214,0.0,0.0039603960396039604,0.027863855998951064,1.0,-0.0,0,0
215,0.0,0.0,0.0,1.0,-0.0,0,0
216,0.0,0.0,0.0,1.0,-0.0,0,0
217,0.0,0.015841584158415842,0.05401260078014202,1.0,-0.0,0,0
218,0.0,0.06534653465346535,0.10189845806153354,1.0,-0.0,0,0
219,0.0,0.06534653465346535,0.10189845806153354,1.0,-0.0,0,0
220,0.2,0.19207920792079203,0.21419116487904888,0.485250471044513,0.3140340343591082,0,0
221,0.4,0.3297029702970297,0.2554532196252768,0.39158685157360157,0.40717189905709567,0,0
222,0.6,0.5049504950495051,0.28783116531654057,0.37061437744416814,0.4310777368693872,0,0
223,0.8,0.6811881188118811,0.3355836857713245,0.36165240644726226,0.44170864074717786,0,0
224,0.8,0.6811881188118811,0.3355836857713245,0.36165240644726226,0.44170864074717786,0,0
225,0.8,0.7722772277227723,0.3306515655463544,0.4665906860784574,0.3310639346916508,0,0
226,0.6,0.6336633663366337,0.31600138730199684,1.0,-0.0,0,0
227,0.4,0.4930693069306932,0.27368313894554047,1.0,-0.0,0,0
228,0.2,0.29108910891089107,0.2295492828298987,1.0,-0.0,0,0
229,0.2,0.29108910891089107,0.2295492828298987,1.0,-0.0,0,0
230,0.0,0.13663366336633662,0.16870078513860487,1.0,-0.0,0,0
231,0.0,0.2198019801980198,0.201980198019802,1.0,-0.0,0,0
232,0.0,0.16831683168316833,0.16823527435849064,1.0,-0.0,0,0
233,0.0,0.14455445544554454,0.16196518848854283,1.0,-0.0,0,0
234,0.0,0.14455445544554454,0.16196518848854283,1.0,-0.0,0,0
235,0.0,0.08118811881188118,0.12951766673875514,1.0,-0.0,0,0
236,0.0,0.011881188118811881,0.047276579747775535,1.0,-0.0,0,0
237,0.0,0.04752475247524753,0.08965727859541997,1.0,-0.0,0,0
238,0.0,0.07722772277227724,0.11247106393000339,1.0,-0.0,0,0
239,0.0,0.07722772277227724,0.11247106393000339,1.0,-0.0,0,0
240,0.0,0.07722772277227724,0.11247106393000339,1.0,-0.0,0,0
241,0.0,0.0871287128712871,0.12077584698595571,1.0,-0.0,0,0
242,0.0,0.05148514851485149,0.1001126705723924,1.0,-0.0,0,0
243,0.0,0.04356435643564356,0.08721867542790196,1.0,-0.0,0,0
244,0.0,0.04356435643564356,0.08721867542790196,1.0,-0.0,0,0
245,0.0,0.04356435643564356,0.08721867542790196,1.0,-0.0,0,0
246,0.0,0.021782178217821784,0.06230547612891991,1.0,-0.0,0,0
247,0.0,0.021782178217821784,0.06230547612891991,1.0,-0.0,0,0
248,0.0,0.0,0.0,1.0,-0.0,0,0
249,0.0,0.0,0.0,1.0,-0.0,0,0
250,0.0,0.0,0.0,1.0,-0.0,0,0
251,0.0,0.0,0.0,1.0,-0.0,0,0
252,0.0,0.021782178217821784,0.06230547612891991,1.0,-0.0,0,0
253,0.0,0.021782178217821784,0.06230547612891991,1.0,-0.0,0,0
254,0.0,0.02970297029702971,0.07112192077650681,1.0,-0.0,0,0
255,0.0,0.02970297029702971,0.07112192077650681,1.0,-0.0,0,0
256,0.0,0.02970297029702971,0.07112192077650681,1.0,-0.0,0,0
257,0.0,0.007920792079207921,0.03900537743285587,1.0,-0.0,0,0
258,0.0,0.007920792079207921,0.03900537743285587,1.0,-0.0,0,0
259,0.0,0.0,0.0,1.0,-0.0,0,0
260,0.0,0.0,0.0,1.0,-0.0,0,0
261,0.0,0.0,0.0,1.0,-0.0,0,0
262,0.0,0.0,0.0,1.0,-0.0,0,0
263,0.0,0.0,0.0,1.0,-0.0,0,0
264,0.0,0.0,0.0,1.0,-0.0,0,0
265,0.0,0.0,0.0,1.0,-0.0,0,0
266,0.0,0.0,0.0,1.0,-0.0,0,0
267,0.0,0.0,0.0,1.0,-0.0,0,0
268,0.0,0.0,0.0,1.0,-0.0,0,0
269,0.0,0.0,0.0,1.0,-0.0,0,0
270,0.0,0.0,0.0,1.0,-0.0,0,0
271,0.0,0.025742574257425745,0.06697637435757531,1.0,-0.0,0,0
272,0.0,0.025742574257425745,0.06697637435757531,1.0,-0.0,0,0
273,0.0,0.06534653465346535,0.10939585993610403,1.0,-0.0,0,0
274,0.0,0.06534653465346535,0.10939585993610403,1.0,-0.0,0,0
275,0.0,0.06534653465346535,0.10939585993610403,1.0,-0.0,0,0
276,0.0,0.039603960396039604,0.09342674148186497,1.0,-0.0,0,0
277,0.0,0.04554455445544555,0.10100951085035129,1.0,-0.0,0,0
278,0.0,0.0059405940594059415,0.033953323167291584,1.0,-0.0,0,0
279,0.0,0.0059405940594059415,0.033953323167291584,1.0,-0.0,0,0
280,0.0,0.0059405940594059415,0.033953323167291584,1.0,-0.0,0,0
281,0.0,0.0059405940594059415,0.033953323167291584,1.0,-0.0,0,0
282,0.0,0.0,0.0,1.0,-0.0,0,0
283,0.0,0.0,0.0,1.0,-0.0,0,0
284,0.0,0.0,0.0,1.0,-0.0,0,0
285,0.0,0.0,0.0,1.0,-0.0,0,0
286,0.0,0.017821782178217824,0.056980176514606566,1.0,-0.0,0,0
287,0.0,0.017821782178217824,0.056980176514606566,1.0,-0.0,0,0
288,0.0,0.017821782178217824,0.056980176514606566,1.0,-0.0,0,0
289,0.0,0.017821782178217824,0.056980176514606566,1.0,-0.0,0,0
290,0.0,0.017821782178217824,0.056980176514606566,1.0,-0.0,0,0
291,0.0,0.0,0.0,1.0,-0.0,0,0
292,0.0,0.023762376237623766,0.06471340450838889,1.0,-0.0,0,0
293,0.0,0.06534653465346535,0.1164113937164283,1.0,-0.0,0,0
294,0.0,0.06534653465346535,0.1164113937164283,1.0,-0.0,0,0
295,0.0,0.06534653465346535,0.1164113937164283,1.0,-0.0,0,0
296,0.0,0.06534653465346535,0.1164113937164283,1.0,-0.0,0,0
297,0.0,0.041584158415841586,0.09467748980500532,1.0,-0.0,0,0
298,0.4,0.1881188118811881,0.19257871154715578,0.13561560807331507,0.8676903244067999,0,0
299,0.6,0.39207920792079215,0.2403311116585944,0.19348013800670788,0.7133636115072214,0,0
300,0.6,0.39207920792079215,0.2403311116585944,0.19348013800670788,0.7133636115072214,0,0
301,0.6,0.39207920792079215,0.2403311116585944,0.19348013800670788,0.7133636115072214,0,0
302,0.8,0.40594059405940597,0.2476910332573279,0.05581252404983283,1.2532683366281634,0,0
303,0.4,0.2178217821782178,0.20314168084328174,0.18491182768531422,0.733035308774951,0,0
304,0.2,0.013861386138613863,0.050795070647052104,0.00012391038159364294,3.90689230556944,0,0
305,0.2,0.013861386138613863,0.050795070647052104,0.00012391038159364294,3.90689230556944,0,0
306,0.4,0.15445544554455443,0.1842967648111355,0.09137548933897029,1.0391702842705206,0,0
307,0.2,0.13861386138613863,0.18183350943760787,0.3678340913327438,0.4343480222660609,0,0
308,0.2,0.13861386138613863,0.18183350943760787,0.3678340913327438,0.4343480222660609,0,0
309,0.2,0.13861386138613863,0.18183350943760787,0.3678340913327438,0.4343480222660609,0,0
310,0.2,0.13861386138613863,0.18183350943760787,0.3678340913327438,0.4343480222660609,0,0
311,0.0,0.0,0.0,1.0,-0.0,0,0
312,0.0,0.0,0.0,1.0,-0.0,0,0
313,0.0,0.0,0.0,1.0,-0.0,0,0
314,0.0,0.013861386138613863,0.05079507064705211,1.0,-0.0,0,0
315,0.0,0.013861386138613863,0.05079507064705211,1.0,-0.0,0,0
316,0.0,0.013861386138613863,0.05079507064705211,1.0,-0.0,0,0
317,0.0,0.013861386138613863,0.05079507064705211,1.0,-0.0,0,0
318,0.0,0.013861386138613863,0.05079507064705211,1.0,-0.0,0,0
319,0.0,0.0,0.0,1.0,-0.0,0,0
320,0.0,0.0,0.0,1.0,-0.0,0,0
321,0.0,0.0,0.0,1.0,-0.0,0,0
322,0.0,0.009900990099009901,0.04338396495090425,1.0,-0.0,0,0
323,0.0,0.023762376237623766,0.06471340450838887,1.0,-0.0,0,0
324,0.0,0.07326732673267326,0.10798889666879984,1.0,-0.0,0,0
325,0.0,0.07326732673267326,0.10798889666879984,1.0,-0.0,0,0
326,0.0,0.07326732673267326,0.10798889666879984,1.0,-0.0,0,0
327,0.0,0.07524752475247526,0.10845991237726066,1.0,-0.0,0,0
328,0.4,0.17425742574257427,0.1859700100098835,0.11239954962501954,0.9492354289427644,0,0
329,0.4,0.13465346534653463,0.17823982262440538,0.0682825194752243,1.1656904627476925,0,0
330,0.4,0.13465346534653463,0.17823982262440538,0.0682825194752243,1.1656904627476925,0,0
331,0.4,0.13465346534653463,0.17823982262440538,0.0682825194752243,1.1656904627476925,0,0
332,1.0,0.2673267326732673,0.20348883292934858,0.00015876772565506277,3.7992377764332472,0,0
333,1.0,0.4198019801980198,0.28074152235164007,0.01938297625110375,1.712579536357019,0,0
334,1.2,0.4811881188118811,0.29808393770588065,0.007944807413852353,2.0999166258467756,0,0
335,1.6,0.6118811881188119,0.325572497656469,0.001202601500208037,2.9198782587212984,0,0
336,1.8,0.8534653465346533,0.38884555116462816,0.007462011763921325,2.12714407062592,0,0
337,1.2,0.7336633663366336,0.37450355990397066,0.10652676583291555,0.9725412580180514,0,0
338,0.8,0.48910891089108915,0.3063360576517654,0.15508404469981735,0.8094328808147833,0,0
339,0.6,0.6019801980198021,0.3631490973892324,1.0,-0.0,0,0
340,0.2,0.4712871287128714,0.3012635547793499,1.0,-0.0,0,0
341,0.0,0.22970297029702966,0.21133454050622988,1.0,-0.0,0,0
342,0.0,0.2059405940594059,0.19590954781832298,1.0,-0.0,0,0
343,0.0,0.1861386138613861,0.187230838076401,1.0,-0.0,0,0
344,0.0,0.0,0.0,1.0,-0.0,0,0
345,0.0,0.0059405940594059415,0.03395332316729158,1.0,-0.0,0,0
346,0.0,0.01386138613861386,0.05079507064705211,1.0,-0.0,0,0
347,0.0,0.023762376237623766,0.07056843438101175,1.0,-0.0,0,0
348,0.0,0.023762376237623766,0.07056843438101175,1.0,-0.0,0,0
349,0.0,0.023762376237623766,0.07056843438101175,1.0,-0.0,0,0
350,0.0,0.017821782178217824,0.0635517090529949,1.0,-0.0,0,0
351,0.0,0.025742574257425745,0.06697637435757531,1.0,-0.0,0,0
352,0.2,0.02772277227722773,0.06910862719451544,0.0063361735559086295,2.1981729353735644,0,0
353,0.2,0.02772277227722773,0.06910862719451544,0.0063361735559086295,2.1981729353735644,0,0
354,0.2,0.19405940594059404,0.1675813868644411,0.4858608529338753,0.31348809175754083,0,0
355,0.2,0.21188118811881188,0.17308335353197749,1.0,-0.0,0,0
356,0.2,0.19999999999999998,0.18020889968243098,0.49999999999999994,0.30102999566398125,0,0
357,0.0,0.18811881188118812,0.17535656953133033,1.0,-0.0,0,0
358,0.0,0.18811881188118812,0.17535656953133033,1.0,-0.0,0,0
359,0.0,0.021782178217821784,0.06230547612891991,1.0,-0.0,0,0
360,0.0,0.0039603960396039604,0.02786385599895107,1.0,-0.0,0,0
361,0.0,0.0,0.0,1.0,-0.0,0,0
362,0.4,0.12673267326732673,0.16343532896604632,0.047260075753753454,1.325505586567155,0,0
363,0.6,0.13663366336633662,0.17560237051402267,0.004160924821003441,2.3808101309069603,0,0
364,0.6,0.14653465346534653,0.17551302816760664,0.004887957576643829,2.3108725720595777,0,0
365,0.6,0.14653465346534653,0.17551302816760664,0.004887957576643829,2.3108725720595777,0,0
366,0.6,0.16633663366336632,0.18683249644342295,0.010139791059915517,1.9939709939632984,0,0
367,0.2,0.06534653465346535,0.09793475658517416,0.08457652549149637,1.0727501601783003,0,0
368,0.0,0.07326732673267328,0.09636059453937773,1.0,-0.0,0,0
369,0.0,0.23366336633663365,0.1971465895390676,1.0,-0.0,0,0
370,0.0,0.23366336633663365,0.1971465895390676,1.0,-0.0,0,0
371,0.0,0.2772277227722772,0.2009291230727259,1.0,-0.0,0,0
372,0.0,0.29504950495049503,0.2117238242316619,1.0,-0.0,0,0
373,0.2,0.38019801980198026,0.24936346766513293,1.0,-0.0,0,0
374,0.2,0.21188118811881188,0.18416906175978487,1.0,-0.0,0,0
375,0.2,0.21188118811881188,0.18416906175978487,1.0,-0.0,0,0
376,0.2,0.14851485148514848,0.15834156674616875,0.3725328468130492,0.42883542879288383,0,0
377,0.2,0.10099009900990098,0.1396566153069739,0.2391769893682686,0.621280605081162,0,0
378,0.0,0.0,0.0,1.0,-0.0,0,0
379,0.0,0.0,0.0,1.0,-0.0,0,0
380,0.0,0.0,0.0,1.0,-0.0,0,0
381,0.0,0.0,0.0,1.0,-0.0,0,0
382,0.0,0.0,0.0,1.0,-0.0,0,0
383,0.0,0.0,0.0,1.0,-0.0,0,0
384,0.0,0.0,0.0,1.0,-0.0,0,0
385,0.0,0.033663366336633666,0.07482947971362847,1.0,-0.0,0,0
386,0.0,0.033663366336633666,0.07482947971362847,1.0,-0.0,0,0
387,0.0,0.033663366336633666,0.07482947971362847,1.0,-0.0,0,0
388,0.0,0.033663366336633666,0.07482947971362847,1.0,-0.0,0,0
389,0.0,0.033663366336633666,0.07482947971362847,1.0,-0.0,0,0
390,0.0,0.0,0.0,1.0,-0.0,0,0
391,0.0,0.04950495049504951,0.09078727434730813,1.0,-0.0,0,0
392,0.0,0.14059405940594058,0.14770737583343774,1.0,-0.0,0,0
393,0.0,0.1564356435643564,0.14786657190173833,1.0,-0.0,0,0
394,0.0,0.1564356435643564,0.14786657190173833,1.0,-0.0,0,0
395,0.0,0.1564356435643564,0.14786657190173833,1.0,-0.0,0,0
396,0.0,0.10495049504950495,0.1307830473343237,1.0,-0.0,0,0
397,0.0,0.015841584158415842,0.05401260078014202,1.0,-0.0,0,0
398,0.0,0.0,0.0,1.0,-0.0,0,0
399,0.0,0.0,0.0,1.0,-0.0,0,0
400,0.0,0.0,0.0,1.0,-0.0,0,0
401,0.0,0.009900990099009901,0.04338396495090425,1.0,-0.0,0,0
402,0.0,0.009900990099009901,0.04338396495090425,1.0,-0.0,0,0
403,0.0,0.009900990099009901,0.04338396495090425,1.0,-0.0,0,0
404,0.0,0.009900990099009901,0.04338396495090425,1.0,-0.0,0,0
405,0.0,0.009900990099009901,0.04338396495090425,1.0,-0.0,0,0
406,0.0,0.0,0.0,1.0,-0.0,0,0
407,0.0,0.0,0.0,1.0,-0.0,0,0
408,0.0,0.0,0.0,1.0,-0.0,0,0
409,0.0,0.0,0.0,1.0,-0.0,0,0
410,0.0,0.0,0.0,1.0,-0.0,0,0
411,0.0,0.0,0.0,1.0,-0.0,0,0
412,0.0,0.0,0.0,1.0,-0.0,0,0
413,0.0,0.0,0.0,1.0,-0.0,0,0
414,0.0,0.0,0.0,1.0,-0.0,0,0
415,0.0,0.0,0.0,1.0,-0.0,0,0
416,0.0,0.0,0.0,1.0,-0.0,0,0
417,0.0,0.0,0.0,1.0,-0.0,0,0
418,0.0,0.0,0.0,1.0,-0.0,0,0
419,0.0,0.0,0.0,1.0,-0.0,0,0
420,0.0,0.0,0.0,1.0,-0.0,0,0
421,0.0,0.0,0.0,1.0,-0.0,0,0
422,0.0,0.0,0.0,1.0,-0.0,0,0
423,0.0,0.021782178217821784,0.06230547612891991,1.0,-0.0,0,0
424,0.0,0.021782178217821784,0.06230547612891991,1.0,-0.0,0,0
425,0.0,0.021782178217821784,0.06230547612891991,1.0,-0.0,0,0
426,0.0,0.06732673267326733,0.12032045569079852,1.0,-0.0,0,0
427,0.0,0.0891089108910891,0.12734998170941406,1.0,-0.0,0,0
428,0.0,0.06732673267326733,0.10634234916512914,1.0,-0.0,0,0
429,0.0,0.06732673267326733,0.10634234916512914,1.0,-0.0,0,0
430,0.0,0.06732673267326733,0.10634234916512914,1.0,-0.0,0,0
431,0.0,0.021782178217821784,0.06230547612891991,1.0,-0.0,0,0
432,0.0,0.0,0.0,1.0,-0.0,0,0
433,0.0,0.0,0.0,1.0,-0.0,0,0
434,0.0,0.0,0.0,1.0,-0.0,0,0
435,0.0,0.0,0.0,1.0,-0.0,0,0
436,0.0,0.0,0.0,1.0,-0.0,0,0
437,0.0,0.0,0.0,1.0,-0.0,0,0
438,0.0,0.0,0.0,1.0,-0.0,0,0
439,0.0,0.0,0.0,1.0,-0.0,0,0
440,0.2,0.09306930693069305,0.12762679639066946,0.20106059762379253,0.6966730309011007,0,0
441,1.0,0.19603960396039605,0.1823503276549915,5.195370431044999e-06,5.284383481711543,0,0
442,2.0,0.5742574257425743,0.329010958722821,7.3405418189578995e-06,5.134271882822472,0,0
443,2.0,0.5742574257425743,0.329010958722821,7.3405418189578995e-06,5.134271882822472,0,0
444,2.4,2.17029702970297,0.5313059856497166,0.33274843127924336,0.4778839833014441,0,0
445,2.4,2.122772277227723,0.5166305894583878,0.2957694656211691,0.529046663323305,0,0
446,1.6,2.089108910891089,0.5177829718716134,1.0,-0.0,0,0
447,0.6,1.748514851485148,0.5292651100442258,1.0,-0.0,0,0
448,1.2,1.845544554455445,0.5434624514478552,1.0,-0.0,0,0
449,0.8,0.501980198019802,0.31275847069906865,0.1703266439776584,0.7687174105965212,0,0
450,0.6,0.5683168316831683,0.33149248250046065,0.4619281330926709,0.3354255868445192,0,0
451,0.6,0.6633663366336634,0.35924088619242983,1.0,-0.0,0,0
452,0.6,0.8693069306930692,0.3974529237351624,1.0,-0.0,0,0
453,0.0,0.794059405940594,0.3620135608690819,1.0,-0.0,0,0
454,0.0,0.5564356435643565,0.2905835172746633,1.0,-0.0,0,0
455,0.0,0.47920792079207924,0.2772984351118464,1.0,-0.0,0,0
456,0.0,0.5564356435643565,0.30390717759033337,1.0,-0.0,0,0
457,0.0,0.43960396039603966,0.30703926537067655,1.0,-0.0,0,0
458,0.0,0.43762376237623773,0.2961306525771108,1.0,-0.0,0,0
459,0.0,0.4712871287128714,0.2999460788714691,1.0,-0.0,0,0
460,0.0,0.5227722772277228,0.3043841983768982,1.0,-0.0,0,0
461,0.0,0.28118811881188116,0.2146666175503786,1.0,-0.0,0,0
462,0.0,0.1881188118811881,0.17981680926331076,1.0,-0.0,0,0
463,0.0,0.21980198019801983,0.1919260387558563,1.0,-0.0,0,0
464,0.0,0.17227722772277226,0.1689330594949795,1.0,-0.0,0,0
465,0.0,0.09702970297029702,0.13383560593042218,1.0,-0.0,0,0
466,0.0,0.09702970297029702,0.13383560593042218,1.0,-0.0,0,0
467,0.0,0.06534653465346535,0.09793475658517416,1.0,-0.0,0,0
468,0.0,0.01386138613861386,0.05079507064705211,1.0,-0.0,0,0
469,0.0,0.01386138613861386,0.05079507064705211,1.0,-0.0,0,0
470,0.0,0.0,0.0,1.0,-0.0,0,0
471,0.0,0.0,0.0,1.0,-0.0,0,0
472,0.0,0.0,0.0,1.0,-0.0,0,0
473,0.0,0.0,0.0,1.0,-0.0,0,0
474,0.0,0.017821782178217824,0.056980176514606566,1.0,-0.0,0,0
475,0.0,0.047524752475247525,0.08512548617902845,1.0,-0.0,0,0
476,0.0,0.19603960396039605,0.18875348902641545,1.0,-0.0,0,0
477,0.0,0.19603960396039605,0.18875348902641545,1.0,-0.0,0,0
478,0.0,0.4297029702970297,0.30879662776317685,1.0,-0.0,0,0
479,0.0,0.5069306930693069,0.30254937433321627,1.0,-0.0,0,0
480,0.0,0.5405940594059406,0.32766144620788995,1.0,-0.0,0,0
481,0.0,0.5861386138613862,0.3356771501056173,1.0,-0.0,0,0
482,0.2,0.7168316831683168,0.3683168316831683,1.0,-0.0,0,0
483,0.2,0.5405940594059406,0.30642564644035997,1.0,-0.0,0,0
484,0.2,0.5267326732673268,0.2907454022550617,1.0,-0.0,0,0
485,0.2,0.605940594059406,0.31143925942712875,1.0,-0.0,0,0
486,0.2,0.4356435643564356,0.24437601218178026,1.0,-0.0,0,0
487,0.0,0.30297029702970296,0.20022534114478477,1.0,-0.0,0,0
488,0.0,0.24752475247524752,0.1911891186503177,1.0,-0.0,0,0
489,0.0,0.16435643564356434,0.16264165701687977,1.0,-0.0,0,0
490,3.4,0.904950495049505,0.3750580780435152,1.4414162410781697e-11,10.841210588859834,0,0
491,4.6,1.2316831683168317,0.4402813441356813,1.0029801122871047e-14,13.998707678355053,0,0
492,4.6,1.2514851485148515,0.44021008966942154,1.4076866164254505e-14,13.851494018422322,0,0
493,4.8,1.5128712871287129,0.4645157952395766,7.394125021857166e-13,12.131113210532773,0,0
494,4.8,1.6633663366336633,0.48251050822748526,3.9985908688973594e-11,10.398093030092564,0,0
495,1.4,0.8554455445544553,0.3703023243122302,0.07070409870392691,1.150555409500088,0,0
496,0.2,0.5405940594059406,0.2985702623317797,1.0,-0.0,0,0
497,0.2,0.6495049504950494,0.34053649064474883,1.0,-0.0,0,0
498,0.0,0.5564356435643565,0.3090758635393674,1.0,-0.0,0,0
499,0.0,0.42376237623762375,0.27472705261029107,1.0,-0.0,0,0
500,0.0,0.49900990099009906,0.3052332493940229,1.0,-0.0,0,0
501,0.0,0.4811881188118813,0.2980839377058806,1.0,-0.0,0,0
502,0.0,0.3524752475247525,0.23233385819665348,1.0,-0.0,0,0
503,0.0,0.18415841584158413,0.1772913210740546,1.0,-0.0,0,0
504,0.0,0.16633663366336635,0.17364880212589112,1.0,-0.0,0,0
505,0.0,0.01386138613861386,0.05079507064705211,1.0,-0.0,0,0
506,0.0,0.0,0.0,1.0,-0.0,0,0
507,0.0,0.0,0.0,1.0,-0.0,0,0
508,0.0,0.0,0.0,1.0,-0.0,0,0
509,0.0,0.0,0.0,1.0,-0.0,0,0
510,0.0,0.0,0.0,1.0,-0.0,0,0
511,0.0,0.0,0.0,1.0,-0.0,0,0
512,0.0,0.0,0.0,1.0,-0.0,0,0
513,0.0,0.033663366336633666,0.07994704648786674,1.0,-0.0,0,0
514,0.0,0.033663366336633666,0.07994704648786674,1.0,-0.0,0,0
515,0.0,0.06732673267326733,0.11698261772468857,1.0,-0.0,0,0
516,0.0,0.06732673267326733,0.11698261772468857,1.0,-0.0,0,0
517,0.0,0.06732673267326733,0.11698261772468857,1.0,-0.0,0,0
518,0.0,0.033663366336633666,0.07482947971362845,1.0,-0.0,0,0
519,0.0,0.033663366336633666,0.07482947971362845,1.0,-0.0,0,0
520,0.0,0.0,0.0,1.0,-0.0,0,0
521,0.0,0.0,0.0,1.0,-0.0,0,0
522,0.0,0.0,0.0,1.0,-0.0,0,0
523,0.0,0.0,0.0,1.0,-0.0,0,0
524,0.0,0.0,0.0,1.0,-0.0,0,0
525,0.2,0.051485148514851496,0.096075322540263,0.06107440442601424,1.2141407594058025,0,0
526,0.2,0.051485148514851496,0.096075322540263,0.06107440442601424,1.2141407594058025,0,0
527,0.2,0.051485148514851496,0.096075322540263,0.06107440442601424,1.2141407594058025,0,0
528,0.4,0.09702970297029703,0.11811677855054843,0.005158694580958905,2.2874601836464916,0,0
529,0.4,0.09702970297029703,0.11811677855054843,0.005158694580958905,2.2874601836464916,0,0
530,0.2,0.04554455445544555,0.08387254884969256,0.032770541076535604,1.484516387893982,0,0
531,0.2,0.04554455445544555,0.08387254884969256,0.032770541076535604,1.484516387893982,0,0
532,0.4,0.14059405940594058,0.13943181578046687,0.03141093352957481,1.5029191562242792,0,0
533,0.4,0.2415841584158416,0.21120461981740007,0.22660970592523466,0.6447214927978705,0,0
534,0.4,0.26732673267326734,0.22387625245674686,0.2767181603493748,0.5579623382182212,0,0
535,0.4,0.43762376237623757,0.2767747359945529,1.0,-0.0,0,0
536,0.4,0.43762376237623757,0.2767747359945529,1.0,-0.0,0,0
537,0.2,0.3445544554455446,0.23900588149884527,1.0,-0.0,0,0
538,0.0,0.19603960396039605,0.17114685494124277,1.0,-0.0,0,0
539,0.0,0.17029702970297028,0.16503498246348225,1.0,-0.0,0,0
540,0.0,0.0,0.0,1.0,-0.0,0,0
541,0.0,0.0,0.0,1.0,-0.0,0,0
542,0.0,0.0,0.0,1.0,-0.0,0,0
543,0.0,0.0,0.0,1.0,-0.0,0,0
544,0.0,0.027722772277227727,0.06910862719451544,1.0,-0.0,0,0
545,0.4,0.30099009900990104,0.22271726493469288,0.3283209671310283,0.48370138160650705,0,0
546,0.4,0.30099009900990104,0.22271726493469288,0.3283209671310283,0.48370138160650705,0,0
547,0.4,0.4415841584158416,0.2804760192472907,1.0,-0.0,0,0
548,0.4,0.46732673267326735,0.28601353941886865,1.0,-0.0,0,0
549,0.4,0.43960396039603966,0.27289399092201533,1.0,-0.0,0,0
550,0.0,0.2514851485148515,0.20227119398977025,1.0,-0.0,0,0
551,0.0,0.27128712871287125,0.20408532173383084,1.0,-0.0,0,0
552,0.0,0.13267326732673265,0.13578441772620808,1.0,-0.0,0,0
553,0.0,0.10495049504950495,0.11805036483793173,1.0,-0.0,0,0
554,0.0,0.10495049504950495,0.11805036483793173,1.0,-0.0,0,0
555,0.0,0.019801980198019802,0.0597350618970232,1.0,-0.0,0,0
556,0.0,0.0,0.0,1.0,-0.0,0,0
557,0.0,0.0,0.0,1.0,-0.0,0,0
558,0.0,0.0,0.0,1.0,-0.0,0,0
559,0.0,0.0,0.0,1.0,-0.0,0,0
560,0.0,0.0,0.0,1.0,-0.0,0,0
561,0.0,0.0,0.0,1.0,-0.0,0,0
562,0.0,0.0,0.0,1.0,-0.0,0,0
563,0.0,0.0,0.0,1.0,-0.0,0,0
564,0.0,0.0,0.0,1.0,-0.0,0,0
565,0.0,0.0,0.0,1.0,-0.0,0,0
566,0.0,0.0,0.0,1.0,-0.0,0,0
567,0.0,0.0,0.0,1.0,-0.0,0,0
568,0.0,0.0,0.0,1.0,-0.0,0,0
569,0.0,0.0,0.0,1.0,-0.0,0,0
570,0.0,0.0,0.0,1.0,-0.0,0,0
571,0.0,0.0,0.0,1.0,-0.0,0,0
572,0.0,0.0,0.0,1.0,-0.0,0,0
573,0.0,0.0,0.0,1.0,-0.0,0,0
574,0.0,0.0,0.0,1.0,-0.0,0,0
575,0.0,0.0,0.0,1.0,-0.0,0,0
576,0.0,0.0,0.0,1.0,-0.0,0,0
577,0.0,0.0,0.0,1.0,-0.0,0,0
578,0.0,0.0,0.0,1.0,-0.0,0,0
579,0.0,0.0,0.0,1.0,-0.0,0,0
580,0.0,0.015841584158415842,0.05401260078014202,1.0,-0.0,0,0
581,0.0,0.015841584158415842,0.05401260078014202,1.0,-0.0,0,0
582,0.0,0.015841584158415842,0.05401260078014202,1.0,-0.0,0,0
583,0.0,0.015841584158415842,0.05401260078014202,1.0,-0.0,0,0
584,0.0,0.015841584158415842,0.05401260078014202,1.0,-0.0,0,0
585,0.0,0.0,0.0,1.0,-0.0,0,0
586,0.0,0.0,0.0,1.0,-0.0,0,0
587,0.0,0.0,0.0,1.0,-0.0,0,0
588,0.0,0.0,0.0,1.0,-0.0,0,0
589,0.0,0.0,0.0,1.0,-0.0,0,0
590,0.0,0.0,0.0,1.0,-0.0,0,0
591,0.0,0.0,0.0,1.0,-0.0,0,0
592,0.0,0.0,0.0,1.0,-0.0,0,0
593,0.0,0.0,0.0,1.0,-0.0,0,0
594,0.0,0.0,0.0,1.0,-0.0,0,0
595,0.0,0.0,0.0,1.0,-0.0,0,0
596,0.0,0.019801980198019802,0.059735061897023205,1.0,-0.0,0,0
597,0.0,0.04356435643564357,0.0916470215081674,1.0,-0.0,0,0
598,0.0,0.04356435643564357,0.0916470215081674,1.0,-0.0,0,0
599,0.0,0.04356435643564357,0.0916470215081674,1.0,-0.0,0,0
600,0.0,0.0613861386138614,0.10046456153636296,1.0,-0.0,0,0
601,0.0,0.041584158415841586,0.08116396646304633,1.0,-0.0,0,0
602,0.0,0.017821782178217824,0.05698017651460655,1.0,-0.0,0,0
603,0.0,0.017821782178217824,0.05698017651460655,1.0,-0.0,0,0
604,0.0,0.017821782178217824,0.05698017651460655,1.0,-0.0,0,0
605,0.0,0.0,0.0,1.0,-0.0,0,0
606,0.0,0.0,0.0,1.0,-0.0,0,0
607,0.0,0.0,0.0,1.0,-0.0,0,0
608,6.0,1.4257425742574261,0.49285056184024434,1.000837697935385e-17,16.999636344704548,0,0
609,6.0,1.5584158415841585,0.5013382737229817,1.0402030741996024e-17,16.982881867052292,0,0
610,6.2,1.613861386138614,0.5191443270145075,1.050483489563711e-17,16.978610769005503,1,0
611,6.2,1.613861386138614,0.5191443270145075,1.050483489563711e-17,16.978610769005503,0,0
612,6.2,1.613861386138614,0.5191443270145075,1.050483489563711e-17,16.978610769005503,0,0
613,0.2,0.18811881188118812,0.18630706513012396,0.47457585697814497,0.3236943593505994,0,0
614,0.2,0.05544554455445545,0.10575073206193021,0.0858227237563678,1.0663977063776964,0,0
615,0.0,0.0,0.0,1.0,-0.0,0,0
616,0.0,0.0,0.0,1.0,-0.0,0,0
617,0.0,0.0,0.0,1.0,-0.0,0,0
618,0.0,0.0,0.0,1.0,-0.0,0,0
619,0.0,0.0,0.0,1.0,-0.0,0,0
620,0.0,0.0,0.0,1.0,-0.0,0,0
621,0.0,0.0,0.0,1.0,-0.0,0,0
622,0.0,0.0,0.0,1.0,-0.0,0,0
623,0.0,0.023762376237623766,0.06471340450838889,1.0,-0.0,0,0
624,0.2,0.1584158415841584,0.1497637259500122,0.3906347307237308,0.40822914688756573,0,0
625,0.6,0.3247524752475248,0.23689657708892167,0.12264027991252342,0.9113668669246727,0,0
626,0.6,0.3247524752475248,0.23689657708892167,0.12264027991252342,0.9113668669246727,0,0
627,0.6,0.3623762376237625,0.24969346956274244,0.1706342381575257,0.7679338222248265,0,0
628,0.6,0.33861386138613864,0.23503540792012342,0.13304459555834885,0.8760027623516582,0,0
629,0.6,0.3366336633663367,0.26984512326507976,0.16453453109725008,0.7837429421444391,0,0
630,0.2,0.22970297029702968,0.20370069017874276,1.0,-0.0,0,0
631,0.2,0.29504950495049503,0.22443603142705318,1.0,-0.0,0,0
632,0.2,0.514851485148515,0.3048733347155284,1.0,-0.0,0,0
633,0.2,0.6514851485148515,0.36873180072858147,1.0,-0.0,0,0
634,0.4,0.7623762376237623,0.3987235785711911,1.0,-0.0,0,0
635,0.4,0.9742574257425743,0.45438533508673895,1.0,-0.0,0,0
636,0.6,0.9663366336633664,0.44058404705499826,1.0,-0.0,0,0
637,0.6,0.7306930693069307,0.36849777307854475,1.0,-0.0,0,0
638,0.8,0.6019801980198021,0.32395458611556543,0.270514426733126,0.5678095686959885,0,0
639,0.6,0.39801980198019804,0.2793132306139478,0.234799546255409,0.629302746687466,0,0
640,0.6,0.12673267326732673,0.1534365990321625,0.0010196486942163619,2.9915494325942014,0,0
641,0.4,0.06930693069306931,0.11057238501634628,0.001391519337345591,2.856510754084425,0,0
642,0.4,0.047524752475247525,0.0939707763778588,8.809950274804034e-05,4.055026542829628,0,0
643,0.2,0.039603960396039604,0.08908690597387718,0.0358952311958159,1.4449632450960652,0,0
644,0.0,0.0,0.0,1.0,-0.0,0,0
645,0.0,0.0,0.0,1.0,-0.0,0,0
646,0.0,0.0,0.0,1.0,-0.0,0,0
647,0.0,0.0,0.0,1.0,-0.0,0,0
648,0.0,0.0,0.0,1.0,-0.0,0,0
649,0.0,0.0,0.0,1.0,-0.0,0,0
650,0.0,0.0,0.0,1.0,-0.0,0,0
651,0.0,0.0,0.0,1.0,-0.0,0,0
652,0.0,0.0,0.0,1.0,-0.0,0,0
653,0.0,0.0,0.0,1.0,-0.0,0,0
654,0.0,0.0,0.0,1.0,-0.0,0,0
655,0.0,0.0,0.0,1.0,-0.0,0,0
656,0.0,0.0,0.0,1.0,-0.0,0,0
657,0.0,0.0,0.0,1.0,-0.0,0,0
658,0.0,0.0,0.0,1.0,-0.0,0,0
659,0.0,0.0,0.0,1.0,-0.0,0,0
660,0.0,0.0,0.0,1.0,-0.0,0,0
661,0.0,0.0,0.0,1.0,-0.0,0,0
662,0.0,0.0,0.0,1.0,-0.0,0,0
663,0.0,0.0,0.0,1.0,-0.0,0,0
664,0.0,0.0,0.0,1.0,-0.0,0,0
665,0.0,0.009900990099009901,0.04338396495090425,1.0,-0.0,0,0
666,0.0,0.009900990099009901,0.04338396495090425,1.0,-0.0,0,0
667,0.0,0.20198019801980197,0.179095747399525,1.0,-0.0,0,0
668,0.0,0.2514851485148515,0.2003036612499294,1.0,-0.0,0,0
669,0.2,0.31980198019801975,0.21618648073254798,1.0,-0.0,0,0
670,0.2,0.6970297029702968,0.3013025996294691,1.0,-0.0,0,0
671,0.4,0.7287128712871285,0.31032931523421364,1.0,-0.0,0,0
672,0.4,0.5366336633663366,0.26390921491729485,1.0,-0.0,0,0
673,0.4,0.5079207920792078,0.28062277569890287,1.0,-0.0,0,0
674,0.2,0.4396039603960396,0.27578123340283067,1.0,-0.0,0,0
675,0.2,0.05346534653465347,0.09287951999650357,0.05731896239780438,1.2417016799108866,0,0
676,0.0,0.021782178217821784,0.062305476128919915,1.0,-0.0,0,0
677,0.0,0.07524752475247524,0.11553229422427586,1.0,-0.0,0,0
678,0.0,0.05346534653465347,0.09287951999650358,1.0,-0.0,0,0
679,0.0,0.08514851485148517,0.11025275966000045,1.0,-0.0,0,0
680,0.0,0.08514851485148517,0.11025275966000045,1.0,-0.0,0,0
681,0.0,0.16237623762376235,0.14815798708918723,1.0,-0.0,0,0
682,0.0,0.10693069306930694,0.14505541839059363,1.0,-0.0,0,0
683,0.0,0.10693069306930694,0.14505541839059363,1.0,-0.0,0,0
684,0.0,0.07524752475247526,0.11553229422427584,1.0,-0.0,0,0
685,0.0,0.07524752475247526,0.11553229422427584,1.0,-0.0,0,0
686,0.0,0.0,0.0,1.0,-0.0,0,0
687,0.0,0.0,0.0,1.0,-0.0,0,0
688,0.0,0.0,0.0,1.0,-0.0,0,0
689,0.0,0.0,0.0,1.0,-0.0,0,0
690,0.0,0.0,0.0,1.0,-0.0,0,0
691,0.0,0.0,0.0,1.0,-0.0,0,0
692,0.0,0.0,0.0,1.0,-0.0,0,0
693,0.0,0.0,0.0,1.0,-0.0,0,0
694,0.0,0.0,0.0,1.0,-0.0,0,0
695,0.0,0.0,0.0,1.0,-0.0,0,0
696,0.0,0.0,0.0,1.0,-0.0,0,0
697,0.0,0.011881188118811881,0.047276579747775535,1.0,-0.0,0,0
698,0.0,0.03564356435643565,0.08154954567118415,1.0,-0.0,0,0
699,0.0,0.03564356435643565,0.08154954567118415,1.0,-0.0,0,0
700,0.0,0.03564356435643565,0.08154954567118415,1.0,-0.0,0,0
701,0.0,0.03564356435643565,0.08154954567118415,1.0,-0.0,0,0
702,0.0,0.023762376237623763,0.07056843438101175,1.0,-0.0,0,0
703,0.6,0.45544554455445546,0.30196558964828124,0.3160718768586032,0.500214144680752,0,0
704,0.6,0.5900990099009901,0.3462686390579709,0.48859444674374863,0.3110514734294102,0,0
705,0.6,0.6910891089108909,0.35435033565164525,1.0,-0.0,0,0
706,0.6,0.6910891089108909,0.35435033565164525,1.0,-0.0,0,0
707,0.6,0.6910891089108909,0.35435033565164525,1.0,-0.0,0,0
708,0.0,0.2356435643564356,0.23104761774686897,1.0,-0.0,0,0
709,0.0,0.12277227722772276,0.15148191286261609,1.0,-0.0,0,0
710,0.0,0.02772277227722772,0.08457091684777278,1.0,-0.0,0,0
711,0.0,0.02772277227722772,0.08457091684777278,1.0,-0.0,0,0
712,0.0,0.02772277227722772,0.08457091684777278,1.0,-0.0,0,0
713,0.0,0.02772277227722772,0.08457091684777278,1.0,-0.0,0,0
714,0.0,0.0059405940594059415,0.03395332316729158,1.0,-0.0,0,0
715,0.0,0.0,0.0,1.0,-0.0,0,0
716,0.0,0.0,0.0,1.0,-0.0,0,0
717,0.0,0.0,0.0,1.0,-0.0,0,0
718,0.0,0.0,0.0,1.0,-0.0,0,0
719,0.0,0.025742574257425748,0.0669763743575753,1.0,-0.0,0,0
720,0.0,0.025742574257425748,0.0669763743575753,1.0,-0.0,0,0
721,0.2,0.15247524752475242,0.16685445095398732,0.3878881137404292,0.41129352851036965,0,0
722,0.4,0.22970297029702968,0.20945216351964124,0.208092029613422,0.6817445539123523,0,0
723,0.4,0.3821782178217822,0.2550076836753307,0.4721417062306817,0.32592763484552156,0,0
724,0.4,0.3821782178217822,0.2656566829366486,0.4732567125610077,0.3249032173905142,0,0
725,0.4,0.3821782178217822,0.2656566829366486,0.4732567125610077,0.3249032173905142,0,0
726,0.2,0.502970297029703,0.31543006805091495,1.0,-0.0,0,0
727,0.0,0.42574257425742573,0.2738263760616142,1.0,-0.0,0,0
728,0.0,0.30297029702970296,0.23816769428888138,1.0,-0.0,0,0
729,0.0,0.40198019801980195,0.26624644208836534,1.0,-0.0,0,0
730,0.0,0.499009900990099,0.31669551529335066,1.0,-0.0,0,0
731,0.0,0.5108910891089109,0.2862876038161866,1.0,-0.0,0,0
732,0.0,0.5227722772277228,0.2883483825626518,1.0,-0.0,1,0
733,0.0,0.4930693069306931,0.275126406858747,1.0,-0.0,0,0
734,0.0,0.37029702970297035,0.22757636274944384,1.0,-0.0,0,0
735,0.0,0.27128712871287125,0.18580125316023605,1.0,-0.0,0,0
736,0.0,0.0712871287128713,0.10747934055534188,1.0,-0.0,0,0
737,0.0,0.0594059405940594,0.10357779667819421,1.0,-0.0,0,0
738,0.0,0.0594059405940594,0.10357779667819421,1.0,-0.0,0,0
739,0.0,0.0594059405940594,0.10357779667819421,1.0,-0.0,0,0
740,0.0,0.10099009900990098,0.1147490154015875,1.0,-0.0,0,0
741,0.0,0.04158415841584159,0.08590499787518362,1.0,-0.0,0,0
742,0.0,0.04158415841584159,0.08590499787518362,1.0,-0.0,0,0
743,0.0,0.04158415841584159,0.08590499787518362,1.0,-0.0,0,0
744,0.0,0.04158415841584159,0.08590499787518362,1.0,-0.0,0,0
745,0.0,0.0,0.0,1.0,-0.0,0,0
746,0.0,0.033663366336633666,0.07482947971362847,1.0,-0.0,0,0
747,0.0,0.033663366336633666,0.07482947971362847,1.0,-0.0,0,0
748,0.0,0.08514851485148514,0.11378818137472194,1.0,-0.0,0,0
749,0.0,0.09504950495049505,0.11805036483793174,1.0,-0.0,0,0
750,0.0,0.09504950495049505,0.11805036483793174,1.0,-0.0,0,0
751,0.2,0.16831683168316833,0.18181194346357277,0.4308292289144679,0.36569484036557137,0,0
752,0.2,0.17425742574257425,0.18166090995928263,0.44365582780520557,0.35295380927178643,0,0
753,0.2,0.15049504950495046,0.149999183084401,0.37068683340526304,0.43099283960030366,0,0
754,0.2,0.1564356435643564,0.1505211024869694,0.38612862604295545,0.4132680003141834,0,0
755,0.2,0.1564356435643564,0.1505211024869694,0.38612862604295545,0.4132680003141834,0,0
756,0.0,0.08118811881188118,0.11664694237642094,1.0,-0.0,0,0
757,0.0,0.19801980198019797,0.1856112183041662,1.0,-0.0,0,0
758,0.0,0.2356435643564356,0.19578941931577465,1.0,-0.0,0,0
759,0.0,0.30495049504950494,0.2154324399043033,1.0,-0.0,0,0
760,0.0,0.30495049504950494,0.2154324399043033,1.0,-0.0,0,0
761,0.0,0.3128712871287129,0.2056929203750161,1.0,-0.0,0,0
762,0.0,0.23564356435643566,0.19578941931577468,1.0,-0.0,0,0
763,0.0,0.1762376237623762,0.15742262902456866,1.0,-0.0,0,0
764,0.0,0.08910891089108909,0.11423528793549272,1.0,-0.0,0,0
765,0.0,0.08910891089108909,0.11423528793549272,1.0,-0.0,0,0
766,0.0,0.049504950495049514,0.09078727434730813,1.0,-0.0,0,0
767,0.0,0.0059405940594059415,0.03395332316729158,1.0,-0.0,0,0
768,0.0,0.0,0.0,1.0,-0.0,0,0
769,0.0,0.0,0.0,1.0,-0.0,0,0
770,0.0,0.0,0.0,1.0,-0.0,0,0
771,0.0,0.0,0.0,1.0,-0.0,0,0
772,0.0,0.0,0.0,1.0,-0.0,0,0
773,0.0,0.0,0.0,1.0,-0.0,0,0
774,0.2,0.009900990099009901,0.04338396495090424,5.885669548817485e-06,5.230204125035219,0,0
775,0.2,0.009900990099009901,0.04338396495090424,5.885669548817485e-06,5.230204125035219,0,0
776,0.2,0.009900990099009901,0.04338396495090424,5.885669548817485e-06,5.230204125035219,0,0
777,0.2,0.009900990099009901,0.04338396495090424,5.885669548817485e-06,5.230204125035219,0,0
778,0.2,0.009900990099009901,0.04338396495090424,5.885669548817485e-06,5.230204125035219,0,0
779,0.0,0.0,0.0,1.0,-0.0,0,0
780,0.0,0.0,0.0,1.0,-0.0,0,0
781,0.0,0.0,0.0,1.0,-0.0,0,0
782,0.0,0.0,0.0,1.0,-0.0,0,0
783,0.0,0.0,0.0,1.0,-0.0,0,0
784,0.0,0.0,0.0,1.0,-0.0,0,0
785,0.0,0.0,0.0,1.0,-0.0,0,0
786,0.0,0.0,0.0,1.0,-0.0,0,0
787,0.0,0.007920792079207921,0.03900537743285587,1.0,-0.0,0,0
788,0.0,0.031683168316831684,0.0730260947112308,1.0,-0.0,0,0
789,0.0,0.031683168316831684,0.0730260947112308,1.0,-0.0,0,0
790,0.0,0.031683168316831684,0.0730260947112308,1.0,-0.0,0,0
791,0.0,0.031683168316831684,0.0730260947112308,1.0,-0.0,0,0
792,0.0,0.023762376237623766,0.06471340450838887,1.0,-0.0,0,0
793,0.0,0.0,0.0,1.0,-0.0,0,0
794,0.0,0.0,0.0,1.0,-0.0,0,0
795,0.0,0.0,0.0,1.0,-0.0,0,0
796,0.0,0.0,0.0,1.0,-0.0,0,0
797,0.0,0.0,0.0,1.0,-0.0,0,0
798,0.0,0.0,0.0,1.0,-0.0,0,0
799,0.0,0.0,0.0,1.0,-0.0,0,0
800,0.0,0.017821782178217824,0.05698017651460656,1.0,-0.0,0,0
801,0.0,0.023762376237623766,0.06471340450838887,1.0,-0.0,0,0
802,0.0,0.023762376237623766,0.06471340450838887,1.0,-0.0,0,0
803,0.0,0.023762376237623766,0.06471340450838887,1.0,-0.0,0,0
804,0.0,0.023762376237623766,0.06471340450838887,1.0,-0.0,0,0
805,0.0,0.0059405940594059415,0.03395332316729158,1.0,-0.0,0,0
806,0.0,0.011881188118811883,0.047276579747775535,1.0,-0.0,0,0
807,0.0,0.03168316831683169,0.0730260947112308,1.0,-0.0,0,0
808,0.0,0.03168316831683169,0.0730260947112308,1.0,-0.0,0,0
809,0.0,0.03168316831683169,0.0730260947112308,1.0,-0.0,0,0
810,0.0,0.04356435643564357,0.08255312311158745,1.0,-0.0,0,0
811,0.0,0.03168316831683169,0.0730260947112308,1.0,-0.0,0,0
812,0.0,0.011881188118811881,0.047276579747775535,1.0,-0.0,0,0
813,0.0,0.033663366336633666,0.07994704648786674,1.0,-0.0,0,0
814,0.0,0.033663366336633666,0.07994704648786674,1.0,-0.0,0,0
815,0.0,0.057425742574257435,0.09048443294095733,1.0,-0.0,0,0
816,0.0,0.057425742574257435,0.09048443294095733,1.0,-0.0,0,0
817,0.0,0.057425742574257435,0.09048443294095733,1.0,-0.0,0,0
818,0.0,0.03564356435643565,0.07653920035678292,1.0,-0.0,0,0
819,0.0,0.03564356435643565,0.07653920035678292,1.0,-0.0,0,0
820,0.0,0.0,0.0,1.0,-0.0,0,0
821,0.0,0.0,0.0,1.0,-0.0,0,0
822,0.0,0.0,0.0,1.0,-0.0,0,0
823,0.6,0.3287128712871287,0.23977573418846432,0.12893911950718406,0.8896152998025689,0,0
824,0.6,0.3287128712871287,0.23977573418846432,0.12893911950718406,0.8896152998025689,0,0
825,0.6,0.4178217821782178,0.2580950932297999,0.24013854786669714,0.6195381199011059,0,0
826,0.8,0.42970297029702964,0.2585353086770964,0.07603070270033109,1.1190109956047112,0,0
827,1.2,1.784158415841584,0.5654635657682571,1.0,-0.0,0,0
828,0.6,1.4633663366336636,0.4825105082274852,1.0,-0.0,0,0
829,1.0,2.8613861386138613,0.6495955020191454,1.0,-0.0,0,0
830,1.0,2.772277227722773,0.6299644515950901,1.0,-0.0,0,0
831,1.0,2.960396039603961,0.6515904696834777,1.0,-0.0,0,0
832,0.6,1.6455445544554455,0.5787533123272403,1.0,-0.0,0,0
833,0.6,1.6376237623762377,0.5717528173851221,1.0,-0.0,0,0
834,0.4,0.3207920792079208,0.21632247274494804,0.35712407853202205,0.44718086719435807,0,0
835,0.4,0.35049504950495053,0.23446748698005046,0.4163898705792099,0.38049984401515696,0,0
836,0.2,0.2455445544554455,0.2122602328057286,1.0,-0.0,0,0
837,0.2,0.2673267326732673,0.22563832923951074,1.0,-0.0,0,0
838,0.2,0.2673267326732673,0.22563832923951074,1.0,-0.0,0,0
839,0.0,0.1881188118811881,0.19051110448801098,1.0,-0.0,0,0
840,0.0,0.1584158415841584,0.18307998940714806,1.0,-0.0,0,0
841,0.0,0.06138613861386138,0.1080614942545921,1.0,-0.0,0,0
842,0.0,0.0,0.0,1.0,-0.0,0,0
843,0.0,0.0,0.0,1.0,-0.0,0,0
844,0.0,0.0,0.0,1.0,-0.0,0,0
845,0.0,0.0,0.0,1.0,-0.0,0,0
846,0.0,0.0,0.0,1.0,-0.0,0,0
847,0.0,0.0,0.0,1.0,-0.0,0,0
848,0.0,0.0,0.0,1.0,-0.0,0,0
849,0.0,0.0,0.0,1.0,-0.0,0,0
850,0.0,0.0,0.0,1.0,-0.0,0,0
