,foreground,bg_means,bg_stdev,pvals,minus_logs,regs,active
2,0.0,0.0,0.0,1.0,-0.0,0,0
3,0.0,0.0,0.0,1.0,-0.0,0,0
4,0.0,0.0,0.0,1.0,-0.0,0,0
5,0.0,0.11287128712871287,0.14188502271424047,1.0,-0.0,0,0
6,0.0,0.35643564356435653,0.25886876585918417,1.0,-0.0,0,0
7,0.2,0.46534653465346537,0.2926274431897893,1.0,-0.0,0,0
8,0.2,0.48910891089108915,0.2958126882915258,1.0,-0.0,0,0
9,0.2,0.48910891089108915,0.2958126882915258,1.0,-0.0,0,0
10,0.2,0.37623762376237624,0.27472705261029107,1.0,-0.0,0,0
11,0.4,0.39207920792079215,0.22501184493214715,0.48595946641543414,0.3133999534665902,0,0
12,1.2,0.8950495049504951,0.4227154644508449,0.23532913401257938,0.6283243033481828,0,0
13,1.2,0.8712871287128714,0.4170468154415922,0.21529226862085532,0.6669715658829157,0,0
14,1.2,0.8811881188118812,0.41855784257568235,0.22312212456088115,0.6514573633858115,0,0
15,2.0,1.1504950495049506,0.486983798778278,0.04054281976199908,1.392086049316181,0,0
16,1.8,0.8910891089108912,0.4337492568318433,0.018064377165059674,1.7431770077157096,0,0
17,0.8,0.394059405940594,0.2571056654443995,0.057181077842870465,1.2427476626051863,0,0
18,0.8,0.5306930693069306,0.3075751777240249,0.19062897416021174,0.719811089208895,0,0
19,0.8,0.5207920792079207,0.3019136430472348,0.1775365402594522,0.7507122476801744,0,0
20,0.0,0.26138613861386134,0.21934659811561175,1.0,-0.0,0,0
21,0.0,0.3227722772277227,0.23875966130213722,1.0,-0.0,0,0
22,0.0,0.2059405940594059,0.19991175388711227,1.0,-0.0,0,0
23,1.2,0.5663366336633663,0.3184980929183535,0.023321045761609264,1.63225197885671,0,0
24,1.2,0.5663366336633663,0.3184980929183535,0.023321045761609264,1.63225197885671,0,0
25,1.8,0.6930693069306929,0.348762288400582,0.0007520715845630054,3.123740819912226,0,0
26,1.8,0.6336633663366337,0.3282950941698558,0.0001906436660389333,3.719777619186722,0,0
27,1.8,0.6336633663366337,0.3282950941698558,0.0001906436660389333,3.719777619186722,0,0
28,1.2,0.7742574257425743,0.3204741120656461,0.09201024346151217,1.036163820141767,0,0
29,1.2,0.7742574257425743,0.3204741120656461,0.09201024346151217,1.036163820141767,0,0
30,0.6,0.7603960396039604,0.3447137449027951,1.0,-0.0,0,0
31,0.6,0.7603960396039604,0.3447137449027951,1.0,-0.0,0,0
32,0.6,0.7603960396039604,0.3447137449027951,1.0,-0.0,0,0
33,0.0,0.12277227722772277,0.1488445185977516,1.0,-0.0,0,0
34,0.0,0.25544554455445545,0.21083297670029566,1.0,-0.0,0,0
35,0.0,0.2811881188118812,0.20715559335638842,1.0,-0.0,0,0
36,0.0,0.3584158415841584,0.22570783126772284,1.0,-0.0,0,0
37,0.0,0.3584158415841584,0.22570783126772284,1.0,-0.0,0,0
38,0.0,0.3584158415841584,0.22570783126772284,1.0,-0.0,0,0
39,0.0,0.22574257425742572,0.17724708119287327,1.0,-0.0,0,0
40,0.0,0.07524752475247526,0.1189108498693262,1.0,-0.0,0,0
41,0.0,0.14257425742574256,0.15501295675866078,1.0,-0.0,0,0
42,0.0,0.14257425742574256,0.15501295675866078,1.0,-0.0,0,0
43,0.0,0.14257425742574256,0.15501295675866078,1.0,-0.0,0,0
44,0.0,0.14257425742574256,0.15501295675866078,1.0,-0.0,0,0
45,0.0,0.15445544554455445,0.166218722942046,1.0,-0.0,0,0
46,0.0,0.011881188118811883,0.047276579747775535,1.0,-0.0,0,0
47,0.0,0.011881188118811883,0.047276579747775535,1.0,-0.0,0,0
48,0.0,0.011881188118811883,0.047276579747775535,1.0,-0.0,0,0
49,0.0,0.011881188118811883,0.047276579747775535,1.0,-0.0,0,0
50,0.0,0.0,0.0,1.0,-0.0,0,0
51,0.0,0.11089108910891088,0.13636075485692528,1.0,-0.0,0,0
52,0.0,0.11089108910891088,0.13636075485692528,1.0,-0.0,0,0
53,0.2,0.3841584158415842,0.2665261205289701,1.0,-0.0,0,0
54,0.2,0.3841584158415842,0.2665261205289701,1.0,-0.0,0,0
55,0.2,0.4554455445544555,0.2912843690764539,1.0,-0.0,0,0
56,0.2,0.3445544554455446,0.26419136760646206,1.0,-0.0,0,0
57,0.2,0.3445544554455446,0.26419136760646206,1.0,-0.0,0,0
58,0.0,0.18217821782178217,0.1951876678075502,1.0,-0.0,0,0
59,0.0,0.18217821782178217,0.1951876678075502,1.0,-0.0,0,0
60,0.0,0.1089108910891089,0.14218869759220787,1.0,-0.0,0,0
61,0.0,0.1089108910891089,0.14218869759220787,1.0,-0.0,0,0
62,0.0,0.1089108910891089,0.14218869759220787,1.0,-0.0,0,0
63,0.8,0.23366336633663365,0.20308376446837884,0.0026461261487499485,2.577389455537754,0,0
64,1.4,0.3247524752475248,0.23521885347166932,2.4239529549466692e-06,5.615475813385839,0,0
65,1.4,0.3247524752475248,0.23521885347166932,2.4239529549466692e-06,5.615475813385839,0,0
66,1.4,0.3247524752475248,0.23521885347166932,2.4239529549466692e-06,5.615475813385839,0,0
67,1.4,0.3247524752475248,0.23521885347166932,2.4239529549466692e-06,5.615475813385839,0,0
68,0.6,0.0891089108910891,0.12097048989545554,1.2039132539669062e-05,4.919404804341244,0,0
69,0.0,0.0,0.0,1.0,-0.0,0,0
70,0.0,0.0,0.0,1.0,-0.0,0,0
71,0.0,0.0,0.0,1.0,-0.0,0,0
72,1.0,0.12673267326732673,0.17737976773511835,4.2580910621655775e-07,6.370785055116311,0,0
73,1.8,0.4633663366336634,0.28966446012729485,1.970966789404544e-06,5.70532069347797,0,0
74,1.8,0.4633663366336634,0.28966446012729485,1.970966789404544e-06,5.70532069347797,0,0
75,1.8,0.4633663366336634,0.28966446012729485,1.970966789404544e-06,5.70532069347797,0,0
76,2.2,0.9683168316831683,0.4095229518995682,0.0013165768747156728,2.8805537774313756,0,0
77,1.2,0.8396039603960395,0.3712646857903513,0.16584253402843113,0.7803040749629365,0,0
78,0.4,0.502970297029703,0.3052204026064419,1.0,-0.0,0,0
79,1.2,1.2613861386138614,0.4265844772650612,1.0,-0.0,0,0
80,1.4,1.4930693069306933,0.48303033251260985,1.0,-0.0,0,0
81,1.0,0.9881188118811882,0.3897923104547824,0.48784179600778055,0.31172099410440635,0,0
82,1.0,0.9881188118811882,0.3897923104547824,0.48784179600778055,0.31172099410440635,0,0
83,1.0,0.9881188118811882,0.3897923104547824,0.48784179600778055,0.31172099410440635,0,0
84,0.2,0.22970297029702968,0.19778203547221818,1.0,-0.0,0,0
85,0.0,0.0,0.0,1.0,-0.0,0,0
86,0.0,0.0,0.0,1.0,-0.0,0,0
87,0.0,0.0,0.0,1.0,-0.0,0,0
88,1.2,0.4712871287128714,0.3012635547793499,0.007784721448280191,2.108756922676996,0,0
89,1.2,0.4712871287128714,0.3012635547793499,0.007784721448280191,2.108756922676996,0,0
90,1.2,0.5227722772277228,0.30826283889776473,0.01401320445140761,1.8534625416284354,0,0
91,1.2,0.5227722772277228,0.30826283889776473,0.01401320445140761,1.8534625416284354,0,0
92,1.2,0.8495049504950495,0.3893695748476976,0.18401746388953716,0.7351409589961646,0,0
93,0.0,0.48514851485148514,0.29830748260974393,1.0,-0.0,0,0
94,0.0,0.48514851485148514,0.29830748260974393,1.0,-0.0,0,0
95,0.0,0.43366336633663355,0.27870891438022644,1.0,-0.0,0,0
96,0.4,0.5762376237623763,0.3047961548481133,1.0,-0.0,0,0
97,0.4,0.2495049504950495,0.20373918601017005,0.230055156771459,0.638168027418578,0,0
98,0.4,0.14257425742574253,0.14714883329235084,0.04010885297738445,1.3967597576821629,0,0
99,0.4,0.14257425742574253,0.14714883329235084,0.04010885297738445,1.3967597576821629,0,0
100,0.6,0.405940594059406,0.2586414553228625,0.22653618085953664,0.644862425471103,0,0
101,0.2,0.2633663366336633,0.2066818343467949,1.0,-0.0,0,0
102,0.2,0.2633663366336633,0.2066818343467949,1.0,-0.0,0,0
103,0.2,0.2633663366336633,0.2066818343467949,1.0,-0.0,0,0
104,0.2,0.2633663366336633,0.2066818343467949,1.0,-0.0,0,0
105,0.0,0.0,0.0,1.0,-0.0,0,0
106,0.0,0.0,0.0,1.0,-0.0,0,0
107,0.0,0.0,0.0,1.0,-0.0,0,0
108,0.0,0.0,0.0,1.0,-0.0,0,0
109,0.0,0.01386138613861386,0.05079507064705211,1.0,-0.0,0,0
110,0.0,0.01386138613861386,0.05079507064705211,1.0,-0.0,0,0
111,0.0,0.01386138613861386,0.05079507064705211,1.0,-0.0,0,0
112,0.0,0.01386138613861386,0.05079507064705211,1.0,-0.0,0,0
113,0.0,0.03762376237623763,0.08307396817189319,1.0,-0.0,0,0
114,0.0,0.023762376237623766,0.06471340450838887,1.0,-0.0,0,0
115,0.0,0.18019801980198016,0.16531985318607367,1.0,-0.0,0,0
116,0.0,0.18019801980198016,0.16531985318607367,1.0,-0.0,0,0
117,0.0,0.35049504950495053,0.21323707922331575,1.0,-0.0,0,0
118,0.0,0.36831683168316837,0.22468049617236202,1.0,-0.0,0,0
119,0.0,0.5900990099009902,0.2916341633734711,1.0,-0.0,0,0
120,0.0,0.43366336633663366,0.2912170527738573,1.0,-0.0,0,0
121,0.0,0.43366336633663366,0.2912170527738573,1.0,-0.0,0,0
122,0.0,0.6217821782178218,0.345724654475331,1.0,-0.0,0,0
123,0.0,0.5801980198019802,0.3312203065653242,1.0,-0.0,0,0
124,0.0,0.9029702970297029,0.38549324082491243,1.0,-0.0,0,0
125,0.0,1.5188118811881186,0.478593829588539,1.0,-0.0,0,0
126,0.0,1.58019801980198,0.500696505371396,1.0,-0.0,0,0
127,0.0,1.2217821782178218,0.432264119937515,1.0,-0.0,0,0
128,0.0,1.3683168316831684,0.45357342306702025,1.0,-0.0,0,0
129,0.0,0.8217821782178217,0.31327208317726885,1.0,-0.0,0,0
130,0.0,0.20594059405940596,0.19182385803267066,1.0,-0.0,1,0
131,0.0,0.1465346534653465,0.148633615879566,1.0,-0.0,0,0
132,0.0,0.43366336633663366,0.2580495108387406,1.0,-0.0,0,0
133,0.0,0.3118811881188119,0.2074298777914324,1.0,-0.0,0,0
134,0.0,0.3118811881188119,0.2074298777914324,1.0,-0.0,0,0
135,0.0,0.7663366336633662,0.3270865170686095,1.0,-0.0,0,0
