,foreground,bg_means,bg_stdev,pvals,minus_logs,regs,active
2,0.0,0.0,0.0,1.0,-0.0,0,0
3,0.0,0.0,0.0,1.0,-0.0,0,0
4,0.0,0.07722772277227723,0.1124710639300034,1.0,-0.0,0,0
5,0.0,0.07722772277227723,0.1124710639300034,1.0,-0.0,0,0
6,0.0,0.07722772277227723,0.1124710639300034,1.0,-0.0,0,0
7,0.0,0.07722772277227723,0.1124710639300034,1.0,-0.0,0,0
8,0.2,0.12079207920792075,0.12611234319279727,0.26497763627100074,0.5767907783422327,0,0
9,0.2,0.041584158415841586,0.08116396646304633,0.025480968483881664,1.5937840693032386,0,0
10,0.2,0.041584158415841586,0.08116396646304633,0.025480968483881664,1.5937840693032386,0,0
11,0.2,0.041584158415841586,0.08116396646304633,0.025480968483881664,1.5937840693032386,0,0
12,0.2,0.08910891089108908,0.11423528793549273,0.16584253402843113,0.7803040749629365,0,0
13,0.0,0.04752475247524753,0.08512548617902843,1.0,-0.0,0,0
14,0.0,0.04752475247524753,0.08512548617902843,1.0,-0.0,0,0
15,0.0,0.04752475247524753,0.08512548617902843,1.0,-0.0,0,0
16,0.0,0.04752475247524753,0.08512548617902843,1.0,-0.0,0,0
17,0.0,0.0,0.0,1.0,-0.0,0,0
18,0.0,0.0,0.0,1.0,-0.0,0,0
19,0.0,0.0,0.0,1.0,-0.0,0,0
20,0.0,0.07722772277227723,0.09737260081698412,1.0,-0.0,0,0
21,0.0,0.13465346534653463,0.1352926008121879,1.0,-0.0,0,0
22,0.0,0.13465346534653463,0.1352926008121879,1.0,-0.0,0,0
23,0.0,0.13465346534653463,0.1352926008121879,1.0,-0.0,0,0
24,0.0,0.13465346534653463,0.1352926008121879,1.0,-0.0,0,0
25,0.0,0.05544554455445544,0.08952597667688962,1.0,-0.0,0,0
26,0.0,0.0,0.0,1.0,-0.0,0,0
27,0.0,0.0,0.0,1.0,-0.0,0,0
28,0.0,0.0,0.0,1.0,-0.0,0,0
29,0.0,0.0,0.0,1.0,-0.0,0,0
30,0.0,0.0,0.0,1.0,-0.0,0,0
31,0.0,0.0,0.0,1.0,-0.0,0,0
32,0.0,0.0,0.0,1.0,-0.0,0,0
33,0.0,0.0,0.0,1.0,-0.0,0,0
34,0.0,0.0,0.0,1.0,-0.0,0,0
35,0.0,0.0,0.0,1.0,-0.0,0,0
36,0.0,0.0,0.0,1.0,-0.0,0,0
37,0.2,0.06930693069306931,0.0951731868570132,0.08484305035126001,1.0713837257412195,0,0
38,0.2,0.06930693069306931,0.0951731868570132,0.08484305035126001,1.0713837257412195,0,0
39,0.2,0.06930693069306931,0.0951731868570132,0.08484305035126001,1.0713837257412195,0,0
40,0.2,0.06930693069306931,0.0951731868570132,0.08484305035126001,1.0713837257412195,0,0
41,0.2,0.06930693069306931,0.0951731868570132,0.08484305035126001,1.0713837257412195,0,0
42,0.0,0.0,0.0,1.0,-0.0,0,0
43,0.0,0.0,0.0,1.0,-0.0,0,0
44,0.0,0.0,0.0,1.0,-0.0,0,0
45,0.0,0.0,0.0,1.0,-0.0,0,0
46,0.0,0.0,0.0,1.0,-0.0,0,0
47,0.0,0.0,0.0,1.0,-0.0,0,0
48,0.0,0.0,0.0,1.0,-0.0,0,0
49,0.0,0.0,0.0,1.0,-0.0,0,0
50,0.0,0.0,0.0,1.0,-0.0,0,0
51,0.0,0.0,0.0,1.0,-0.0,0,0
52,0.0,0.0,0.0,1.0,-0.0,0,0
53,0.0,0.0,0.0,1.0,-0.0,0,0
54,0.0,0.0,0.0,1.0,-0.0,0,0
55,0.0,0.0,0.0,1.0,-0.0,0,0
56,0.0,0.0,0.0,1.0,-0.0,0,0
57,0.0,0.0,0.0,1.0,-0.0,0,0
58,0.0,0.0,0.0,1.0,-0.0,0,0
59,0.0,0.0,0.0,1.0,-0.0,0,0
60,0.0,0.0,0.0,1.0,-0.0,0,0
61,0.0,0.0,0.0,1.0,-0.0,0,0
62,0.0,0.0,0.0,1.0,-0.0,0,0
63,0.0,0.0,0.0,1.0,-0.0,0,0
64,0.0,0.0,0.0,1.0,-0.0,0,0
65,0.0,0.0,0.0,1.0,-0.0,0,0
66,0.0,0.057425742574257435,0.09885135821266286,1.0,-0.0,0,0
67,0.0,0.057425742574257435,0.09885135821266286,1.0,-0.0,0,0
68,0.0,0.057425742574257435,0.09885135821266286,1.0,-0.0,0,0
69,0.0,0.12079207920792076,0.1261123431927973,1.0,-0.0,0,0
70,0.0,0.12079207920792076,0.1261123431927973,1.0,-0.0,0,0
71,0.0,0.061386138613861385,0.11166631429601336,1.0,-0.0,0,0
72,0.0,0.061386138613861385,0.11166631429601336,1.0,-0.0,0,0
73,0.0,0.061386138613861385,0.11166631429601336,1.0,-0.0,0,0
74,0.2,0.05148514851485149,0.08744317689433512,0.04471467951449677,1.3495498776386112,0,0
75,0.2,0.05148514851485149,0.08744317689433512,0.04471467951449677,1.3495498776386112,0,0
76,0.2,0.05148514851485149,0.08744317689433512,0.04471467951449677,1.3495498776386112,0,0
77,0.2,0.05148514851485149,0.08744317689433512,0.04471467951449677,1.3495498776386112,0,0
78,0.2,0.05148514851485149,0.08744317689433512,0.04471467951449677,1.3495498776386112,0,0
79,0.0,0.0,0.0,1.0,-0.0,0,0
80,0.0,0.0,0.0,1.0,-0.0,0,0
81,0.0,0.0,0.0,1.0,-0.0,0,0
82,0.0,0.0,0.0,1.0,-0.0,0,0
83,0.0,0.0,0.0,1.0,-0.0,0,0
84,0.0,0.0,0.0,1.0,-0.0,0,0
85,0.0,0.0,0.0,1.0,-0.0,0,0
86,0.0,0.0,0.0,1.0,-0.0,0,0
87,0.0,0.0,0.0,1.0,-0.0,0,0
88,0.0,0.0,0.0,1.0,-0.0,0,0
89,0.0,0.0,0.0,1.0,-0.0,0,0
90,0.0,0.0,0.0,1.0,-0.0,0,0
91,0.0,0.0,0.0,1.0,-0.0,0,0
92,0.0,0.0712871287128713,0.09578920096988376,1.0,-0.0,0,0
93,0.0,0.20594059405940596,0.11758441852913683,1.0,-0.0,0,0
94,0.0,0.20594059405940596,0.11758441852913683,1.0,-0.0,0,0
95,0.0,0.20594059405940596,0.11758441852913683,1.0,-0.0,0,0
96,0.0,0.20594059405940596,0.11758441852913683,1.0,-0.0,0,0
97,0.0,0.13465346534653463,0.13233294611171187,1.0,-0.0,0,0
98,0.0,0.0,0.0,1.0,-0.0,0,0
99,0.0,0.0,0.0,1.0,-0.0,0,0
100,0.0,0.039603960396039604,0.07970143286137865,1.0,-0.0,0,0
101,0.0,0.039603960396039604,0.07970143286137865,1.0,-0.0,0,0
102,0.0,0.039603960396039604,0.07970143286137865,1.0,-0.0,0,0
103,0.2,0.09306930693069305,0.12762679639066946,0.20106059762379253,0.6966730309011007,0,0
104,0.2,0.13465346534653463,0.1352926008121879,0.31454732109092753,0.5023140092244271,0,0
105,0.2,0.23762376237623759,0.1795767770099744,1.0,-0.0,0,0
106,0.2,0.23762376237623759,0.1795767770099744,1.0,-0.0,0,0
107,0.4,0.34059405940594056,0.19405940594059404,0.37975570803778613,0.420495689616111,0,0
108,0.2,0.2851485148514852,0.18741923071645766,1.0,-0.0,0,0
109,0.2,0.2455445544554456,0.179947600995427,1.0,-0.0,0,0
110,0.2,0.10099009900990098,0.1308729634998678,0.22466442305999795,0.6484656952356532,0,0
111,0.4,0.14257425742574256,0.16004116713803368,0.053863182695755435,1.2687079883480792,0,0
112,0.2,0.039603960396039604,0.08452453849668534,0.028872622852877186,1.5395137620565469,0,0
113,0.2,0.039603960396039604,0.08452453849668534,0.028872622852877186,1.5395137620565469,0,0
114,0.2,0.11485148514851483,0.12054836637801526,0.23998737752031518,0.6198116000277107,0,0
115,0.2,0.15643564356435644,0.15569444662458046,0.38981288800990216,0.4091438063188209,0,0
116,0.0,0.11485148514851484,0.14169143619800648,1.0,-0.0,0,0
117,0.0,0.11485148514851484,0.14169143619800648,1.0,-0.0,0,0
118,0.0,0.11485148514851484,0.14169143619800648,1.0,-0.0,0,0
119,0.0,0.041584158415841586,0.08116396646304633,1.0,-0.0,0,0
120,0.2,0.06930693069306931,0.0951731868570132,0.08484305035126001,1.0713837257412195,0,0
121,0.2,0.06930693069306931,0.0951731868570132,0.08484305035126001,1.0713837257412195,0,0
122,0.2,0.19999999999999996,0.13200660049504126,0.49999999999999983,0.30102999566398136,0,0
123,0.2,0.19999999999999996,0.13200660049504126,0.49999999999999983,0.30102999566398136,0,0
124,0.2,0.19999999999999996,0.13200660049504126,0.49999999999999983,0.30102999566398136,0,0
125,0.0,0.13069306930693064,0.12407485305204392,1.0,-0.0,0,0
126,0.2,0.18019801980198016,0.15544239134091375,0.4493154224284251,0.34744867430568066,0,0
127,0.2,0.049504950495049514,0.08631483056516186,0.040617958542992716,1.3912819080063723,0,0
128,0.2,0.11089108910891086,0.13636075485692528,0.2567237116992276,0.5905340168581737,0,0
129,0.2,0.14455445544554454,0.15950123220279025,0.3640634367094123,0.4388229355475181,0,0
130,0.2,0.14455445544554454,0.15950123220279025,0.3640634367094123,0.4388229355475181,0,0
131,0.0,0.09306930693069305,0.12448501897427097,1.0,-0.0,0,0
132,0.0,0.09306930693069305,0.12448501897427097,1.0,-0.0,0,0
133,0.0,0.031683168316831684,0.0730260947112308,1.0,-0.0,0,0
134,0.2,0.057425742574257435,0.09048443294095733,0.05755010791628536,1.2399538576570686,0,0
135,0.2,0.057425742574257435,0.09048443294095733,0.05755010791628536,1.2399538576570686,0,0
136,0.2,0.1069306930693069,0.12126186845461279,0.22139013001589947,0.6548417446821359,0,0
137,0.2,0.1069306930693069,0.12126186845461279,0.22139013001589947,0.6548417446821359,0,0
138,0.2,0.1069306930693069,0.12126186845461279,0.22139013001589947,0.6548417446821359,0,0
139,0.0,0.049504950495049514,0.09078727434730813,1.0,-0.0,0,0
140,0.0,0.08910891089108909,0.11423528793549273,1.0,-0.0,0,0
141,0.0,0.06138613861386138,0.10433219700847123,1.0,-0.0,0,0
