,foreground,bg_means,bg_stdev,pvals,minus_logs,regs,active
2,0.0,0.0297029702970297,0.07112192077650681,1.0,-0.0,0,0
3,0.0,0.0297029702970297,0.07112192077650681,1.0,-0.0,0,0
4,0.0,0.0297029702970297,0.07112192077650681,1.0,-0.0,0,0
5,0.0,0.0,0.0,1.0,-0.0,0,0
6,0.0,0.023762376237623766,0.06471340450838887,1.0,-0.0,0,0
7,0.0,0.023762376237623766,0.06471340450838887,1.0,-0.0,0,0
8,0.0,0.023762376237623766,0.06471340450838887,1.0,-0.0,0,0
9,0.0,0.023762376237623766,0.06471340450838887,1.0,-0.0,0,0
10,0.0,0.023762376237623766,0.06471340450838887,1.0,-0.0,0,0
11,0.0,0.0,0.0,1.0,-0.0,0,0
12,0.0,0.0,0.0,1.0,-0.0,0,0
13,0.0,0.0,0.0,1.0,-0.0,0,0
14,0.0,0.0,0.0,1.0,-0.0,0,0
15,0.0,0.0,0.0,1.0,-0.0,0,0
16,0.0,0.0,0.0,1.0,-0.0,0,0
17,0.0,0.0,0.0,1.0,-0.0,0,0
18,0.0,0.0,0.0,1.0,-0.0,0,0
19,0.0,0.0,0.0,1.0,-0.0,0,0
20,0.0,0.0,0.0,1.0,-0.0,0,0
21,0.0,0.0,0.0,1.0,-0.0,0,0
22,0.0,0.031683168316831684,0.0730260947112308,1.0,-0.0,0,0
23,0.0,0.031683168316831684,0.0730260947112308,1.0,-0.0,0,0
24,0.0,0.05346534653465346,0.08851285797476045,1.0,-0.0,0,0
25,0.0,0.05346534653465346,0.08851285797476045,1.0,-0.0,0,0
26,0.0,0.05346534653465346,0.08851285797476045,1.0,-0.0,0,0
27,0.2,0.06336633663366337,0.10504385908811757,0.09667550266855758,1.014683561115634,0,0
28,0.6,0.2039603960396039,0.1823503276549915,0.014933066394861794,1.8258510039541984,0,0
29,0.8,0.3594059405940595,0.2640800275575727,0.04761706933212588,1.3222373374496739,0,0
30,0.8,0.41188118811881197,0.282593059661566,0.08481098929037163,1.0715478708688326,0,0
31,0.8,0.41188118811881197,0.282593059661566,0.08481098929037163,1.0715478708688326,0,0
32,0.8,0.4554455445544555,0.2844049711743166,0.11285337663705715,0.9474854420545177,0,0
33,0.4,0.31485148514851485,0.23436712278041172,0.3581857131459923,0.44589174072484394,0,0
34,0.6,0.41980198019801984,0.24616657082174706,0.23207921345725396,0.6343637560760974,0,0
35,0.6,0.36831683168316837,0.22112703802207725,0.14737970094394875,0.8315623290625463,0,0
36,1.4,0.9584158415841584,0.3321896531947349,0.09187229705316292,1.0368154249653179,0,0
37,1.4,1.0693069306930691,0.33823729857894924,0.16411248533510303,0.7848583774729541,0,0
38,1.4,1.0693069306930691,0.33823729857894924,0.16411248533510303,0.7848583774729541,0,0
39,1.0,0.7881188118811879,0.30549007169389136,0.24397345217108013,0.612657428591089,0,0
40,1.2,1.0415841584158416,0.3585635054935408,0.3293144616734966,0.4823891970527705,0,0
41,0.4,0.45148514851485166,0.24316960685954458,1.0,-0.0,0,0
42,0.4,0.3900990099009901,0.22405133362251967,0.4823761889767054,0.3166141379558962,0,0
43,2.2,2.0079207920792084,0.44935226612607615,0.3345228956317866,0.4755741526158622,0,0
44,2.2,2.0079207920792084,0.44935226612607615,0.3345228956317866,0.4755741526158622,0,0
45,2.4,2.192079207920792,0.4750577178725377,0.3308110194940871,0.48042003229431773,1,0
46,2.4,2.192079207920792,0.4750577178725377,0.3308110194940871,0.48042003229431773,0,0
47,5.6,6.013861386138614,0.6814413528836217,1.0,-0.0,1,0
48,4.0,4.8990099009901,0.5654219574804117,1.0,-0.0,0,0
49,4.6,5.7366336633663355,0.5456802045149255,1.0,-0.0,1,0
50,4.2,5.298019801980198,0.5170326986652485,1.0,-0.0,0,0
51,4.2,5.298019801980198,0.5170326986652485,1.0,-0.0,0,0
52,0.8,1.3405940594059405,0.4054524957394429,1.0,-0.0,0,0
53,0.6,0.8356435643564356,0.31515646229438044,1.0,-0.0,0,0
54,0.0,0.0,0.0,1.0,-0.0,0,0
55,0.0,0.0,0.0,1.0,-0.0,0,0
56,0.0,0.0,0.0,1.0,-0.0,0,0
57,0.0,0.0,0.0,1.0,-0.0,0,0
58,0.0,0.0,0.0,1.0,-0.0,0,0
59,0.0,0.0,0.0,1.0,-0.0,0,0
60,0.0,0.0,0.0,1.0,-0.0,0,0
61,0.0,0.0,0.0,1.0,-0.0,0,0
62,0.0,0.0,0.0,1.0,-0.0,0,0
63,0.0,0.0198019801980198,0.0597350618970232,1.0,-0.0,0,0
64,0.0,0.0198019801980198,0.0597350618970232,1.0,-0.0,0,0
65,0.0,0.0198019801980198,0.0597350618970232,1.0,-0.0,0,0
66,0.0,0.0613861386138614,0.09224407682259105,1.0,-0.0,0,0
67,0.0,0.0613861386138614,0.09224407682259105,1.0,-0.0,0,0
68,0.0,0.041584158415841586,0.08116396646304633,1.0,-0.0,0,0
69,0.2,0.3465346534653465,0.2369627770558668,1.0,-0.0,0,0
70,0.2,0.3465346534653465,0.2369627770558668,1.0,-0.0,0,0
71,0.2,0.5722772277227722,0.2625536482212629,1.0,-0.0,0,0
72,1.6,1.3207920792079206,0.3990872833594692,0.24208351753134388,0.6160347788724665,0,0
73,2.0,2.021782178217822,0.48166459724256205,1.0,-0.0,0,0
74,1.8,1.8297029702970298,0.4390684455664827,1.0,-0.0,0,0
75,2.2,2.4059405940594063,0.4998656813997448,1.0,-0.0,0,0
76,2.8,2.498019801980198,0.5100922452045146,0.27692162576251256,0.5576431273797712,0,0
77,1.4,1.748514851485149,0.4292784324325072,1.0,-0.0,0,0
78,1.0,1.0475247524752476,0.3460080864979436,1.0,-0.0,0,0
79,1.0,0.9366336633663366,0.3043326646089208,0.4175309193555813,0.379311358244317,0,0
80,0.6,0.36039603960396044,0.2106469092589656,0.1276715041512314,0.8939060249830182,0,0
81,0.0,0.025742574257425745,0.06697637435757531,1.0,-0.0,0,0
82,0.0,0.025742574257425745,0.06697637435757531,1.0,-0.0,0,0
83,0.0,0.025742574257425745,0.06697637435757531,1.0,-0.0,0,0
84,0.0,0.025742574257425745,0.06697637435757531,1.0,-0.0,0,0
85,0.0,0.04950495049504951,0.08631483056516186,1.0,-0.0,0,0
86,0.0,0.023762376237623766,0.06471340450838889,1.0,-0.0,0,0
87,0.0,0.023762376237623766,0.06471340450838889,1.0,-0.0,0,0
88,0.0,0.03762376237623763,0.07816140339006158,1.0,-0.0,0,0
89,0.0,0.06336633663366337,0.09304823860966917,1.0,-0.0,0,0
90,0.0,0.039603960396039604,0.07970143286137865,1.0,-0.0,0,0
91,0.0,0.039603960396039604,0.07970143286137865,1.0,-0.0,0,0
92,0.0,0.039603960396039604,0.07970143286137865,1.0,-0.0,0,0
93,0.0,0.025742574257425745,0.0669763743575753,1.0,-0.0,0,0
94,0.0,0.017821782178217824,0.05698017651460656,1.0,-0.0,0,0
95,0.0,0.11485148514851483,0.12054836637801525,1.0,-0.0,0,0
96,0.0,0.11485148514851483,0.12054836637801525,1.0,-0.0,0,0
97,0.0,0.11485148514851483,0.12054836637801525,1.0,-0.0,0,0
98,0.0,0.23564356435643558,0.17664875840130073,1.0,-0.0,0,0
99,0.6,0.3861386138613862,0.22908760180561694,0.17527180067261716,0.7562879515468919,0,0
100,1.8,1.0990099009900989,0.3761438132135129,0.031187363080493743,1.5060213436783565,0,0
101,2.4,1.505940594059406,0.41597357641190924,0.01580460881160084,1.801216249148391,0,0
102,4.0,3.0,0.6062381978028499,0.04952091769180456,1.3052113158297407,0,0
103,4.0,2.9158415841584158,0.5964802160774051,0.03456316186787009,1.4613865347418524,0,0
104,4.0,3.1069306930693075,0.6482661453419801,0.08415915394240826,1.0748986391598039,2,0
105,2.8,2.2970297029702973,0.5374039993558609,0.17465568232778644,0.7578172802613344,0,0
106,2.2,1.8910891089108914,0.5439312365358364,0.2850437320606444,0.5450885044279736,0,0
107,0.8,0.504950495049505,0.2603790981952711,0.12857488390130944,0.8908438591596504,0,0
108,0.8,0.5445544554455446,0.24874944550403494,0.1522292913538114,0.8175017743106487,0,0
109,0.2,0.18415841584158413,0.13105261075464789,0.45189320934795174,0.3449641848136788,0,0
110,0.2,0.18415841584158413,0.13105261075464789,0.45189320934795174,0.3449641848136788,0,0
111,1.2,0.893069306930693,0.31536790576821316,0.16521541630219205,0.7819494309708585,0,0
112,1.2,0.9029702970297029,0.3289513628452291,0.18327373950204529,0.7368997587496551,0,0
113,1.2,0.8277227722772276,0.30962091541690395,0.11461114938917645,0.9407731320835738,0,0
114,1.2,0.8277227722772276,0.30962091541690395,0.11461114938917645,0.9407731320835738,0,0
115,1.2,0.8277227722772276,0.30962091541690395,0.11461114938917645,0.9407731320835738,0,0
116,0.2,0.11782178217821779,0.12927523757583734,0.26249115888759367,0.5808853197284771,0,0
117,0.0,0.0,0.0,1.0,-0.0,0,0
118,0.0,0.0,0.0,1.0,-0.0,0,0
119,0.0,0.0,0.0,1.0,-0.0,0,0
120,0.0,0.0,0.0,1.0,-0.0,0,0
121,0.0,0.0,0.0,1.0,-0.0,0,0
122,0.0,0.0,0.0,1.0,-0.0,0,0
123,0.0,0.0,0.0,1.0,-0.0,0,0
124,0.0,0.0,0.0,1.0,-0.0,0,0
125,0.0,0.0,0.0,1.0,-0.0,0,0
126,0.0,0.0,0.0,1.0,-0.0,0,0
127,0.0,0.0,0.0,1.0,-0.0,0,0
128,0.0,0.06336633663366338,0.10504385908811757,1.0,-0.0,0,0
129,0.0,0.06336633663366338,0.10504385908811757,1.0,-0.0,0,0
130,0.0,0.06336633663366338,0.10504385908811757,1.0,-0.0,0,0
131,0.0,0.06336633663366338,0.10504385908811757,1.0,-0.0,0,0
132,0.0,0.06336633663366338,0.10504385908811757,1.0,-0.0,0,0
133,0.0,0.0,0.0,1.0,-0.0,0,0
134,0.0,0.0,0.0,1.0,-0.0,0,0
135,0.0,0.0,0.0,1.0,-0.0,0,0
136,0.0,0.0,0.0,1.0,-0.0,0,0
137,0.0,0.0,0.0,1.0,-0.0,0,0
138,0.0,0.0,0.0,1.0,-0.0,0,0
139,0.2,0.02772277227722772,0.06910862719451544,0.0063361735559086295,2.1981729353735644,0,0
140,0.2,0.02772277227722772,0.06910862719451544,0.0063361735559086295,2.1981729353735644,0,0
141,0.2,0.02772277227722772,0.06910862719451544,0.0063361735559086295,2.1981729353735644,0,0
142,0.2,0.02772277227722772,0.06910862719451544,0.0063361735559086295,2.1981729353735644,0,0
143,0.2,0.02772277227722772,0.06910862719451544,0.0063361735559086295,2.1981729353735644,0,0
144,0.0,0.0,0.0,1.0,-0.0,0,0
145,0.0,0.0,0.0,1.0,-0.0,0,0
146,0.0,0.0,0.0,1.0,-0.0,0,0
147,0.0,0.0,0.0,1.0,-0.0,0,0
148,0.0,0.033663366336633666,0.07482947971362847,1.0,-0.0,0,0
149,0.8,0.401980198019802,0.25250436640467455,0.05747963204824337,1.2404860206340016,0,0
150,0.8,0.45544554455445546,0.25348081635959596,0.08702703303182764,1.0603458224051665,0,0
151,1.4,0.7009900990099008,0.29867530948511595,0.009632393892462612,2.0162657663452532,0,0
152,1.6,1.3207920792079209,0.4396931494574772,0.2627121524649149,0.5805198372771809,0,0
153,1.6,1.2861386138613864,0.43532841886482204,0.2354621094354742,0.6280789695840934,0,0
154,0.8,1.013861386138614,0.38306468780562786,1.0,-0.0,0,0
155,0.8,0.9603960396039607,0.3712646857903514,1.0,-0.0,0,0
156,0.8,1.22970297029703,0.45327074383738925,1.0,-0.0,0,0
157,1.8,1.8792079207920795,0.3787203131346738,1.0,-0.0,0,0
158,2.2,2.172277227722772,0.36590287405785654,0.4698028776885978,0.32808432736162485,1,0
159,2.2,2.075247524752475,0.34795184046927,0.3599719608879891,0.44373132619345973,0,0
160,2.2,2.075247524752475,0.34795184046927,0.3599719608879891,0.44373132619345973,0,0
161,1.6,1.6415841584158415,0.26147613212267823,1.0,-0.0,0,0
162,0.4,1.0475247524752476,0.3660314490102492,1.0,-0.0,0,0
163,0.0,0.8653465346534652,0.3605374545749133,1.0,-0.0,0,0
164,0.0,0.8653465346534652,0.3605374545749133,1.0,-0.0,0,0
165,0.2,1.6495049504950494,0.45763571538429404,1.0,-0.0,0,0
