,foreground,bg_means,bg_stdev,pvals,minus_logs,regs,active
2,0.2,0.033663366336633666,0.07482947971362845,0.01311209067436901,1.882328056139666,0,0
3,0.2,0.06336633663366337,0.10504385908811757,0.09667550266855758,1.014683561115634,0,0
4,0.2,0.08514851485148514,0.12054836637801526,0.17036041751406306,0.7686313042414473,0,0
5,0.2,0.08514851485148514,0.12054836637801526,0.17036041751406306,0.7686313042414473,0,0
6,0.2,0.09306930693069305,0.1306930693069307,0.20662668774682014,0.6848135860465708,0,0
7,0.0,0.09504950495049505,0.12135883917659061,1.0,-0.0,0,0
8,0.2,0.1069306930693069,0.12448501897427097,0.2273402954616614,0.6433235799123768,0,0
9,0.4,0.17029702970297028,0.1674175159433525,0.08502601200277206,1.0704481902731704,0,0
10,0.6,0.3524752475247525,0.23739262686171417,0.14854805863066178,0.8281330196024934,0,0
11,0.6,0.3445544554455446,0.2288478449614838,0.1321630499297206,0.8788899476843754,0,0
12,0.6,0.3584158415841585,0.227455719434574,0.1440917137238817,0.8413609934224189,0,0
13,0.4,0.31485148514851485,0.22750743154606054,0.3541028553163467,0.4508705712844366,0,0
14,0.2,0.23168316831683167,0.19646917631386082,1.0,-0.0,0,0
15,0.0,0.049504950495049514,0.09504950495049506,1.0,-0.0,0,0
16,0.0,0.049504950495049514,0.09504950495049506,1.0,-0.0,0,0
17,0.0,0.0,0.0,1.0,-0.0,0,0
18,0.2,0.09900990099009899,0.12145573247679727,0.20284641041846624,0.692832673191333,0,0
19,0.4,0.26732673267326734,0.1872727194857329,0.2393330763702161,0.620997276763116,0,0
20,0.4,0.26732673267326734,0.1872727194857329,0.2393330763702161,0.620997276763116,0,0
21,0.4,0.26732673267326734,0.1872727194857329,0.2393330763702161,0.620997276763116,0,0
22,0.4,0.26732673267326734,0.1872727194857329,0.2393330763702161,0.620997276763116,0,0
23,0.2,0.16831683168316827,0.15085938181973,0.4168268570168022,0.38004430631499453,0,0
24,0.0,0.0,0.0,1.0,-0.0,0,0
25,0.0,0.0,0.0,1.0,-0.0,0,0
26,0.0,0.0,0.0,1.0,-0.0,0,0
27,0.0,0.061386138613861385,0.10046456153636296,1.0,-0.0,0,0
28,0.0,0.09108910891089109,0.11781762202489916,1.0,-0.0,0,0
29,0.0,0.10891089108910891,0.13057300215314485,1.0,-0.0,0,0
30,0.0,0.10891089108910891,0.13057300215314485,1.0,-0.0,0,0
31,0.0,0.18217821782178217,0.15694865125096522,1.0,-0.0,0,0
32,0.0,0.13465346534653463,0.15443005630372467,1.0,-0.0,0,0
33,0.0,0.10297029702970295,0.13084299831035082,1.0,-0.0,0,0
34,0.8,0.4811881188118812,0.28587640869256103,0.13238048207570602,0.8781760417216196,0,0
35,1.0,0.7148514851485149,0.32254745252669054,0.18833424349940325,0.7250707080728966,0,0
36,1.4,0.7663366336633664,0.3109478411970462,0.02078274027144551,1.6822971898728745,0,0
37,1.6,0.8356435643564357,0.3416860229804062,0.012642710739140993,1.8981597984560854,0,0
38,1.6,0.8356435643564357,0.3416860229804062,0.012642710739140993,1.8981597984560854,0,0
39,0.8,0.48316831683168315,0.2583532415357284,0.11003336158485967,0.9584756188824098,0,0
40,0.6,0.28118811881188116,0.2071555933563884,0.061902488109813004,1.2082918945881924,0,0
41,0.2,0.2396039603960396,0.18243632168365972,1.0,-0.0,0,0
42,0.0,0.15643564356435644,0.15312962320143528,1.0,-0.0,0,0
43,0.0,0.15643564356435644,0.15312962320143528,1.0,-0.0,0,0
44,0.0,0.1386138613861386,0.1312320120853932,1.0,-0.0,0,0
45,0.0,0.10495049504950493,0.12771893462651165,1.0,-0.0,0,0
46,0.2,0.051485148514851475,0.09186070102766891,0.05296722935937868,1.2759927437984668,0,0
47,0.2,0.051485148514851475,0.09186070102766891,0.05296722935937868,1.2759927437984668,0,0
48,0.2,0.051485148514851475,0.09186070102766891,0.05296722935937868,1.2759927437984668,0,0
49,0.4,0.05544554455445545,0.09384550979067555,0.00012056218946056165,3.918788873649578,0,0
50,0.4,0.05544554455445545,0.09384550979067555,0.00012056218946056165,3.918788873649578,0,0
51,0.2,0.07524752475247526,0.10845991237726066,0.12502717670865526,0.9029955756978825,0,0
52,0.2,0.07524752475247526,0.10845991237726066,0.12502717670865526,0.9029955756978825,0,0
53,0.2,0.07524752475247526,0.10845991237726066,0.12502717670865526,0.9029955756978825,0,0
54,0.0,0.04554455445544555,0.08387254884969257,1.0,-0.0,0,0
55,0.0,0.04554455445544555,0.08387254884969257,1.0,-0.0,0,0
56,0.0,0.0,0.0,1.0,-0.0,0,0
57,0.0,0.0,0.0,1.0,-0.0,0,0
58,0.0,0.0,0.0,1.0,-0.0,0,0
59,0.0,0.0,0.0,1.0,-0.0,0,0
60,0.0,0.0,0.0,1.0,-0.0,0,0
61,0.0,0.06930693069306931,0.11409790329416186,1.0,-0.0,0,0
62,0.0,0.06930693069306931,0.11409790329416186,1.0,-0.0,0,0
63,0.0,0.06930693069306931,0.11409790329416186,1.0,-0.0,0,0
64,0.0,0.06930693069306931,0.11409790329416186,1.0,-0.0,0,0
65,0.0,0.06930693069306931,0.11409790329416186,1.0,-0.0,0,0
66,0.0,0.05148514851485149,0.096075322540263,1.0,-0.0,0,0
67,0.0,0.05148514851485149,0.096075322540263,1.0,-0.0,0,0
68,0.0,0.11089108910891088,0.13342479626077636,1.0,-0.0,0,0
69,0.0,0.11089108910891088,0.13342479626077636,1.0,-0.0,0,0
70,0.0,0.11089108910891088,0.13342479626077636,1.0,-0.0,0,0
71,0.0,0.0594059405940594,0.10733330877518932,1.0,-0.0,0,0
72,0.0,0.0594059405940594,0.10733330877518932,1.0,-0.0,0,0
73,0.2,0.039603960396039604,0.08452453849668534,0.028872622852877186,1.5395137620565469,0,0
74,0.2,0.039603960396039604,0.08452453849668534,0.028872622852877186,1.5395137620565469,0,0
75,0.2,0.039603960396039604,0.08452453849668534,0.028872622852877186,1.5395137620565469,0,0
76,0.2,0.07920792079207921,0.11966689053257921,0.1563907784536167,0.8057888585957333,0,0
77,0.2,0.07920792079207921,0.11966689053257921,0.1563907784536167,0.8057888585957333,0,0
78,0.2,0.07722772277227724,0.11593886073904515,0.1448135921514157,0.8391906735026715,0,0
79,0.2,0.07722772277227724,0.11593886073904515,0.1448135921514157,0.8391906735026715,0,0
80,0.2,0.07722772277227724,0.11593886073904515,0.1448135921514157,0.8391906735026715,0,0
81,0.2,0.03762376237623763,0.07816140339006158,0.01888012292982573,1.723995182306426,0,0
82,0.2,0.03762376237623763,0.07816140339006158,0.01888012292982573,1.723995182306426,0,0
83,0.0,0.0,0.0,1.0,-0.0,0,0
84,0.0,0.13861386138613863,0.15088537189345536,1.0,-0.0,0,0
85,0.0,0.22376237623762374,0.18729365667842907,1.0,-0.0,0,0
86,0.0,0.22376237623762374,0.18729365667842907,1.0,-0.0,0,0
87,0.2,0.2752475247524752,0.2248898258725856,1.0,-0.0,0,0
88,0.2,0.3801980198019801,0.2647695811175969,1.0,-0.0,0,0
89,0.4,0.39207920792079215,0.22676509777231907,0.4860679776322232,0.31330298949060287,0,0
90,0.4,0.4673267326732674,0.24255607125200096,1.0,-0.0,0,0
91,0.6,0.5326732673267326,0.24255607125200096,0.3906705293796294,0.40818934897624704,0,0
92,0.6,0.5405940594059405,0.26182082068263246,0.4102525384012869,0.38694872310787054,0,0
93,0.6,0.4811881188118813,0.23576833372098557,0.3071535779750938,0.5126444212990359,0,0
94,0.4,0.3564356435643564,0.22089639235460345,0.4218291603558062,0.3748634014958215,0,0
95,0.4,0.194059405940594,0.18974802582007907,0.13888616428802475,0.8573410161245036,0,0
96,0.4,0.18019801980198016,0.1813152180952015,0.11270559740565446,0.9480545146369184,0,0
97,0.2,0.11881188118811879,0.13549532985786933,0.27452144151213265,0.5614237292949859,0,0
98,0.2,0.07326732673267326,0.10798889666879984,0.12028338488133551,0.919794358966917,0,0
99,0.4,0.08118811881188118,0.11320083903331847,0.0024287228901106817,2.6146220340467345,0,0
100,0.4,0.08118811881188118,0.11320083903331847,0.0024287228901106817,2.6146220340467345,0,0
101,0.2,0.057425742574257435,0.09476028605152792,0.06621628156331662,1.1790352111084907,0,0
102,0.2,0.057425742574257435,0.09476028605152792,0.06621628156331662,1.1790352111084907,0,0
103,0.2,0.057425742574257435,0.09476028605152792,0.06621628156331662,1.1790352111084907,0,0
104,0.0,0.07920792079207921,0.12921455921643918,1.0,-0.0,0,0
105,0.2,0.11683168316831682,0.15737280385192495,0.29858325032901833,0.5249345586127037,0,0
106,0.2,0.12475247524752475,0.1588360762784592,0.3178414908556472,0.4977894108621373,0,0
107,0.2,0.12475247524752475,0.1588360762784592,0.3178414908556472,0.4977894108621373,0,0
108,0.2,0.12475247524752475,0.1588360762784592,0.3178414908556472,0.4977894108621373,0,0
109,0.4,0.1207920792079208,0.15940286572275733,0.039922460705376105,1.3987826978999254,0,0
110,0.2,0.10495049504950495,0.1367053908443026,0.2434376750920733,0.6136122082817695,0,0
111,0.2,0.0712871287128713,0.10747934055534188,0.11554433714027447,0.9372513345552421,0,0
112,0.2,0.0712871287128713,0.10747934055534188,0.11554433714027447,0.9372513345552421,0,0
113,0.2,0.0712871287128713,0.10747934055534188,0.11554433714027447,0.9372513345552421,0,0
114,0.0,0.021782178217821784,0.06836703565002801,1.0,-0.0,0,0
115,0.0,0.0,0.0,1.0,-0.0,0,0
116,0.0,0.0,0.0,1.0,-0.0,0,0
117,0.0,0.0,0.0,1.0,-0.0,0,0
118,0.0,0.0,0.0,1.0,-0.0,0,0
119,0.0,0.0,0.0,1.0,-0.0,0,0
120,0.0,0.0,0.0,1.0,-0.0,0,0
121,0.0,0.0,0.0,1.0,-0.0,0,0
122,0.2,0.07524752475247524,0.0968881570116837,0.0989439060677433,1.0046109487304606,0,0
123,0.2,0.26534653465346536,0.2270934049399042,1.0,-0.0,0,0
124,0.2,0.32970297029702966,0.2475801918112916,1.0,-0.0,0,0
125,0.2,0.4435643564356436,0.29058351727466325,1.0,-0.0,0,0
126,0.2,0.4435643564356436,0.29058351727466325,1.0,-0.0,0,0
127,0.0,0.36831683168316826,0.2665996713542599,1.0,-0.0,0,0
128,0.0,0.17821782178217818,0.1968081743835003,1.0,-0.0,0,0
129,0.0,0.11287128712871286,0.15002532217723416,1.0,-0.0,0,0
130,0.0,0.0,0.0,1.0,-0.0,0,0
131,0.0,0.0,0.0,1.0,-0.0,0,0
132,0.0,0.0,0.0,1.0,-0.0,0,0
133,0.0,0.0,0.0,1.0,-0.0,0,0
134,0.0,0.0,0.0,1.0,-0.0,0,0
135,0.0,0.0,0.0,1.0,-0.0,0,0
136,0.0,0.0,0.0,1.0,-0.0,0,0
137,0.0,0.0,0.0,1.0,-0.0,0,0
138,0.0,0.0,0.0,1.0,-0.0,0,0
139,0.0,0.0,0.0,1.0,-0.0,0,0
140,0.0,0.0,0.0,1.0,-0.0,0,0
141,0.0,0.0,0.0,1.0,-0.0,0,0
142,0.0,0.0,0.0,1.0,-0.0,0,0
143,0.0,0.0,0.0,1.0,-0.0,0,0
144,0.0,0.0,0.0,1.0,-0.0,0,0
145,0.0,0.04752475247524753,0.09397077637785879,1.0,-0.0,0,0
146,0.0,0.04752475247524753,0.09397077637785879,1.0,-0.0,0,0
147,0.0,0.04752475247524753,0.09397077637785879,1.0,-0.0,0,0
148,0.0,0.04752475247524753,0.09397077637785879,1.0,-0.0,0,0
149,0.0,0.04752475247524753,0.09397077637785879,1.0,-0.0,0,0
150,0.0,0.0,0.0,1.0,-0.0,0,0
151,0.0,0.0,0.0,1.0,-0.0,0,0
152,0.2,0.013861386138613863,0.05079507064705211,0.00012391038159364294,3.90689230556944,0,0
153,0.2,0.013861386138613863,0.05079507064705211,0.00012391038159364294,3.90689230556944,0,0
154,0.2,0.04950495049504951,0.09912864166957489,0.06448460512601864,1.190543955238279,0,0
155,0.2,0.04950495049504951,0.09912864166957489,0.06448460512601864,1.190543955238279,0,0
156,0.4,0.12673267326732673,0.15851482056387725,0.042360882711092035,1.373034998692924,0,0
157,0.2,0.30099009900990104,0.2604242728360174,1.0,-0.0,0,0
158,0.2,0.30099009900990104,0.2604242728360174,1.0,-0.0,0,0
159,0.6,0.38217821782178224,0.27009204137231707,0.20998525223876785,0.6778112057243327,0,0
160,0.6,0.4257425742574258,0.27237621962850533,0.26116191493532104,0.5830901556488496,0,0
161,0.4,0.3762376237623763,0.24742176075148156,0.46174441749704576,0.33559834648844433,0,0
162,0.4,0.1881188118811881,0.17077988190051752,0.10736415213407703,0.9691407012171056,0,0
163,0.8,0.28118811881188116,0.2219235758593568,0.009698936110028438,2.0132759014949992,0,0
164,0.6,0.27722772277227725,0.226851540461302,0.07739201825624534,1.1113038275085236,0,0
165,0.8,0.3544554455445545,0.23526885925194688,0.02912792875227315,1.5356903963692397,0,0
166,1.0,0.3782178217821782,0.22497698909661432,0.0028569862458035244,2.5440918504069003,0,0
167,1.2,0.4217821782178219,0.24357240588807846,0.0006991145703543671,3.155451646578529,0,0
168,0.8,0.3267326732673268,0.24328245781188634,0.025866978534827823,1.5872542973092196,0,0
169,1.0,0.4217821782178218,0.27846963693064464,0.018927910261660824,1.7228973317270233,0,0
170,0.8,0.38811881188118813,0.2401678986607145,0.04317519305217153,1.3647657118657643,0,0
171,0.6,0.38217821782178224,0.23224945602211092,0.1741534147885197,0.7590680055050767,0,0
172,0.4,0.33861386138613864,0.21934659811561175,0.3897928087486241,0.409166177403106,0,0
173,0.4,0.4000000000000001,0.2469617359225939,1.0,-0.0,0,0
174,0.2,0.5009900990099009,0.2708604000912905,1.0,-0.0,0,0
175,0.2,0.5485148514851486,0.27525464767477065,1.0,-0.0,0,0
176,0.2,0.7425742574257426,0.3138223419510104,1.0,-0.0,0,0
177,0.2,0.79009900990099,0.32986794552391446,1.0,-0.0,0,0
178,0.2,0.794059405940594,0.3440647481599645,1.0,-0.0,0,0
179,0.0,0.6198019801980198,0.3276135739823137,1.0,-0.0,0,0
180,0.0,0.5920792079207922,0.31329711590599774,1.0,-0.0,0,0
181,0.2,0.5623762376237624,0.30534884615991437,1.0,-0.0,0,0
182,0.2,0.7148514851485147,0.369475447974842,1.0,-0.0,0,0
183,0.4,0.7049504950495048,0.3555434378006733,1.0,-0.0,0,0
184,0.4,0.5900990099009901,0.35306436473054603,1.0,-0.0,0,0
185,0.4,0.48514851485148514,0.3175980829598544,1.0,-0.0,0,0
186,0.2,0.27524752475247516,0.23689657708892173,1.0,-0.0,0,0
187,0.2,0.07524752475247524,0.10845991237726064,0.12502717670865515,0.9029955756978829,0,0
188,0.0,0.017821782178217824,0.05698017651460656,1.0,-0.0,0,0
189,0.0,0.0,0.0,1.0,-0.0,0,0
190,0.2,0.09900990099009899,0.12467387119760154,0.20896026115900324,0.679936297622463,0,0
191,0.2,0.09900990099009899,0.12467387119760154,0.20896026115900324,0.679936297622463,0,0
192,0.2,0.1524752475247525,0.15707352091130253,0.38111117430886965,0.4189483173796682,0,0
193,0.2,0.1524752475247525,0.15707352091130253,0.38111117430886965,0.4189483173796682,0,0
194,0.2,0.3326732673267327,0.218504779788257,1.0,-0.0,0,0
195,0.0,0.24158415841584152,0.20550219903555808,1.0,-0.0,0,0
196,0.0,0.3237623762376238,0.23000151306066466,1.0,-0.0,1,0
197,0.0,0.2891089108910891,0.21521391159118455,1.0,-0.0,0,0
198,0.2,0.3821782178217822,0.2611460043062897,1.0,-0.0,1,0
199,0.2,0.20198019801980197,0.20391232731653072,1.0,-0.0,0,0
200,0.2,0.2376237623762376,0.2264016780666369,1.0,-0.0,0,0
201,0.2,0.21386138613861383,0.20149427084221783,1.0,-0.0,0,0
202,0.4,0.2178217821782178,0.1972062495766079,0.17779643639182957,0.7500769479264011,0,0
203,0.2,0.1267326732673267,0.13117223890438964,0.2882316446566851,0.540258340158629,0,0
204,0.2,0.2495049504950495,0.19172162285084568,1.0,-0.0,0,0
205,0.4,0.3544554455445545,0.245160990741262,0.42631097079990743,0.3702734909593535,0,0
206,0.4,0.3188118811881188,0.2289506286383308,0.36144099584169576,0.4419625898545513,0,0
207,0.2,0.29504950495049503,0.22966882641422534,1.0,-0.0,0,0
208,0.2,0.29504950495049503,0.22966882641422534,1.0,-0.0,0,0
209,0.2,0.17227722772277224,0.18674852677785872,0.44099391972929125,0.3555673983920736,0,0
210,0.0,0.021782178217821784,0.06230547612891991,1.0,-0.0,0,0
211,0.0,0.0,0.0,1.0,-0.0,0,0
212,0.0,0.0,0.0,1.0,-0.0,0,0
213,0.0,0.0,0.0,1.0,-0.0,0,0
214,0.0,0.0,0.0,1.0,-0.0,0,0
215,0.0,0.0,0.0,1.0,-0.0,0,0
216,0.0,0.0,0.0,1.0,-0.0,0,0
217,0.0,0.0,0.0,1.0,-0.0,0,0
218,0.0,0.0,0.0,1.0,-0.0,0,0
219,0.0,0.0,0.0,1.0,-0.0,0,0
220,0.0,0.0,0.0,1.0,-0.0,0,0
221,0.0,0.0,0.0,1.0,-0.0,0,0
222,0.0,0.0,0.0,1.0,-0.0,0,0
223,0.0,0.0,0.0,1.0,-0.0,0,0
224,0.0,0.049504950495049514,0.09078727434730813,1.0,-0.0,0,0
225,0.0,0.1287128712871287,0.13954426081146826,1.0,-0.0,0,0
226,0.0,0.15049504950495046,0.1551899266764091,1.0,-0.0,0,0
227,0.0,0.21584158415841584,0.1881292336873445,1.0,-0.0,0,0
228,0.0,0.300990099009901,0.2297200403353468,1.0,-0.0,0,0
229,0.4,0.4376237623762377,0.2767747359945528,1.0,-0.0,0,0
230,0.4,0.5069306930693069,0.30645123842657745,1.0,-0.0,0,0
231,0.4,0.48514851485148514,0.30357152536535087,1.0,-0.0,0,0
232,0.4,0.4772277227722771,0.3004554918748941,1.0,-0.0,0,0
233,0.4,0.3920792079207921,0.28132753481470163,0.48876924215022977,0.3108961317031546,0,0
234,0.0,0.4316831683168318,0.27536858937381387,1.0,-0.0,0,0
235,0.2,0.3009900990099009,0.22624574806133207,1.0,-0.0,0,0
236,0.2,0.3009900990099009,0.22624574806133207,1.0,-0.0,0,0
237,0.2,0.24356435643564353,0.21728105701932998,1.0,-0.0,0,0
238,0.2,0.24356435643564353,0.21728105701932998,1.0,-0.0,0,0
239,0.2,0.017821782178217824,0.05698017651460655,0.0006937928196726538,3.158770199150461,0,0
240,0.0,0.0,0.0,1.0,-0.0,0,0
241,0.0,0.0,0.0,1.0,-0.0,0,0
242,0.0,0.0,0.0,1.0,-0.0,0,0
243,0.0,0.0,0.0,1.0,-0.0,0,0
244,0.0,0.0,0.0,1.0,-0.0,0,0
245,0.0,0.0,0.0,1.0,-0.0,0,0
246,0.0,0.0,0.0,1.0,-0.0,0,0
247,0.0,0.033663366336633666,0.07482947971362845,1.0,-0.0,0,0
248,0.0,0.033663366336633666,0.07482947971362845,1.0,-0.0,0,0
249,0.0,0.033663366336633666,0.07482947971362845,1.0,-0.0,0,0
250,0.0,0.033663366336633666,0.07482947971362845,1.0,-0.0,0,0
251,0.0,0.033663366336633666,0.07482947971362845,1.0,-0.0,0,0
252,0.0,0.15445544554455443,0.16381875548472422,1.0,-0.0,0,0
253,0.0,0.15445544554455443,0.16381875548472422,1.0,-0.0,0,0
254,0.0,0.15445544554455443,0.16381875548472422,1.0,-0.0,0,0
255,0.0,0.15445544554455443,0.16381875548472422,1.0,-0.0,0,0
256,0.0,0.15445544554455443,0.16381875548472422,1.0,-0.0,0,0
257,0.0,0.0,0.0,1.0,-0.0,0,0
258,0.0,0.0,0.0,1.0,-0.0,0,0
259,0.0,0.0,0.0,1.0,-0.0,0,0
260,0.0,0.0,0.0,1.0,-0.0,0,0
261,0.0,0.0,0.0,1.0,-0.0,0,0
262,0.0,0.0,0.0,1.0,-0.0,0,0
263,0.0,0.05544554455445545,0.1019369320889802,1.0,-0.0,0,0
264,0.0,0.1603960396039604,0.16415351901831846,1.0,-0.0,0,0
265,0.0,0.22772277227722773,0.19906654038593571,1.0,-0.0,0,0
266,0.0,0.22772277227722773,0.19906654038593571,1.0,-0.0,0,0
267,0.0,0.22772277227722773,0.19906654038593571,1.0,-0.0,0,0
268,0.0,0.17227722772277224,0.17355845414780538,1.0,-0.0,0,0
269,0.0,0.06732673267326733,0.1135467024699521,1.0,-0.0,0,0
270,0.0,0.0,0.0,1.0,-0.0,0,0
271,0.0,0.0,0.0,1.0,-0.0,0,0
272,0.0,0.0,0.0,1.0,-0.0,0,0
273,0.0,0.0,0.0,1.0,-0.0,0,0
274,0.0,0.0,0.0,1.0,-0.0,0,0
275,0.0,0.0,0.0,1.0,-0.0,0,0
276,0.0,0.0,0.0,1.0,-0.0,0,0
277,0.2,0.04752475247524753,0.10205226714237722,0.06757607977550824,1.1702070061279661,0,0
278,0.4,0.2514851485148515,0.22629773666790742,0.25582174604022745,0.5920625412339764,0,0
279,0.4,0.30297029702970296,0.24634172736766713,0.3468338842590656,0.45987848031959355,0,0
280,0.4,0.30297029702970296,0.24634172736766713,0.3468338842590656,0.45987848031959355,0,0
281,0.4,0.30297029702970296,0.24634172736766713,0.3468338842590656,0.45987848031959355,0,0
282,0.2,0.25544554455445545,0.21639496687323806,1.0,-0.0,0,0
283,0.0,0.051485148514851496,0.096075322540263,1.0,-0.0,0,0
284,0.0,0.04356435643564357,0.08255312311158745,1.0,-0.0,0,0
285,0.0,0.04356435643564357,0.08255312311158745,1.0,-0.0,0,0
286,0.0,0.04356435643564357,0.08255312311158745,1.0,-0.0,0,0
287,0.0,0.04356435643564357,0.08255312311158745,1.0,-0.0,0,0
288,0.0,0.04356435643564357,0.08255312311158745,1.0,-0.0,0,0
289,0.0,0.0,0.0,1.0,-0.0,0,0
290,0.0,0.0,0.0,1.0,-0.0,0,0
291,0.0,0.0,0.0,1.0,-0.0,0,0
292,0.0,0.0,0.0,1.0,-0.0,0,0
293,0.0,0.0,0.0,1.0,-0.0,0,0
294,0.0,0.0,0.0,1.0,-0.0,0,0
295,0.0,0.0,0.0,1.0,-0.0,0,0
296,0.0,0.0,0.0,1.0,-0.0,0,0
297,0.0,0.0,0.0,1.0,-0.0,0,0
298,0.0,0.0,0.0,1.0,-0.0,0,0
299,0.0,0.0,0.0,1.0,-0.0,0,0
300,0.0,0.011881188118811883,0.047276579747775535,1.0,-0.0,0,0
301,0.0,0.033663366336633666,0.07482947971362848,1.0,-0.0,0,0
302,0.0,0.08118811881188118,0.12325042629382527,1.0,-0.0,0,0
303,0.0,0.08118811881188118,0.12325042629382527,1.0,-0.0,0,0
304,0.0,0.08118811881188118,0.12325042629382527,1.0,-0.0,0,0
305,0.2,0.14455445544554454,0.17146731208545954,0.3732115865930709,0.4280448817655076,0,0
306,0.2,0.12079207920792079,0.15435386352400063,0.30392039930749537,0.5172401488527573,0,0
307,0.2,0.07326732673267328,0.11509022642946842,0.13541366575877595,0.8683375050442039,0,0
308,0.2,0.07326732673267328,0.11509022642946842,0.13541366575877595,0.8683375050442039,0,0
309,0.2,0.07326732673267328,0.11509022642946842,0.13541366575877595,0.8683375050442039,0,0
310,0.0,0.0,0.0,1.0,-0.0,0,0
311,0.0,0.0,0.0,1.0,-0.0,0,0
312,0.0,0.0,0.0,1.0,-0.0,0,0
313,0.0,0.0,0.0,1.0,-0.0,0,0
314,0.0,0.0,0.0,1.0,-0.0,0,0
315,0.0,0.0,0.0,1.0,-0.0,0,0
316,0.0,0.0,0.0,1.0,-0.0,0,0
317,0.0,0.0,0.0,1.0,-0.0,0,0
318,0.0,0.0,0.0,1.0,-0.0,0,0
319,0.0,0.039603960396039604,0.07970143286137865,1.0,-0.0,0,0
320,0.2,0.27722772277227725,0.20289059048338204,1.0,-0.0,0,0
321,0.4,0.35445544554455455,0.22843624778486718,0.420984574730216,0.3757338168300761,0,0
322,0.4,0.4277227722772278,0.24860753271573963,1.0,-0.0,0,0
323,0.4,0.4277227722772278,0.24860753271573963,1.0,-0.0,0,0
324,0.4,0.38811881188118824,0.23347869863313028,0.4797075133839499,0.3190234793751779,0,0
325,0.2,0.15049504950495046,0.13903754203201552,0.36089985395216273,0.4426132936894057,0,0
326,0.0,0.07326732673267328,0.11159606181073561,1.0,-0.0,0,0
327,0.0,0.0,0.0,1.0,-0.0,0,0
328,0.2,0.19405940594059404,0.17224308299392188,0.48624336996561923,0.3131463073258283,0,0
329,0.2,0.2178217821782178,0.19108654387033375,1.0,-0.0,0,0
330,0.4,0.4970297029702971,0.3216465822454963,1.0,-0.0,0,0
331,0.4,0.4970297029702971,0.3216465822454963,1.0,-0.0,0,0
332,0.4,0.5485148514851486,0.32046187625967154,1.0,-0.0,0,0
333,0.2,0.4138613861386139,0.2628969240356105,1.0,-0.0,0,0
334,0.2,0.39009900990099017,0.24595940681543346,1.0,-0.0,0,0
335,0.0,0.13168316831683166,0.1521663323044604,1.0,-0.0,0,0
336,0.0,0.38019801980198026,0.26774444812363396,1.0,-0.0,0,0
337,0.0,0.4237623762376238,0.29556072397182537,1.0,-0.0,0,0
338,0.0,0.38811881188118813,0.28259305966156606,1.0,-0.0,0,0
339,0.0,0.38811881188118813,0.28259305966156606,1.0,-0.0,0,0
340,0.0,0.3881188118811881,0.2576693439938712,1.0,-0.0,0,0
341,0.0,0.14059405940594058,0.15297590428378585,1.0,-0.0,0,0
342,0.0,0.04554455445544555,0.08846854615322249,1.0,-0.0,0,0
343,0.0,0.15247524752475244,0.14113686876202347,1.0,-0.0,0,0
344,0.2,0.2851485148514852,0.18096886588191466,1.0,-0.0,0,0
345,0.2,0.3643564356435644,0.2361339435368529,1.0,-0.0,0,0
346,0.2,0.3643564356435644,0.2361339435368529,1.0,-0.0,0,0
347,0.6,0.5089108910891089,0.2721745981196302,0.3689364126269459,0.4330484794369339,0,0
348,0.6,0.40792079207920795,0.2419733920061802,0.2136550588314437,0.6702868196894217,0,0
349,0.4,0.27326732673267323,0.19845496738800078,0.2615426872816113,0.5824574183153528,0,0
350,0.4,0.20198019801980197,0.17002049848448067,0.12207388342872418,0.9133772393802013,0,0
351,0.4,0.20198019801980197,0.17002049848448067,0.12207388342872418,0.9133772393802013,0,0
352,0.0,0.06930693069306931,0.11751770396006173,1.0,-0.0,0,0
353,0.0,0.04158415841584159,0.08116396646304633,1.0,-0.0,0,0
354,0.0,0.04158415841584159,0.08116396646304633,1.0,-0.0,0,0
355,0.0,0.01386138613861386,0.05079507064705211,1.0,-0.0,0,0
356,0.0,0.01386138613861386,0.05079507064705211,1.0,-0.0,0,0
357,0.0,0.0,0.0,1.0,-0.0,0,0
358,0.0,0.0,0.0,1.0,-0.0,0,0
359,0.0,0.0,0.0,1.0,-0.0,0,0
360,0.0,0.0,0.0,1.0,-0.0,0,0
361,0.0,0.0,0.0,1.0,-0.0,0,0
362,0.0,0.0,0.0,1.0,-0.0,0,0
363,0.0,0.0,0.0,1.0,-0.0,0,0
364,0.0,0.05940594059405942,0.09138994660763824,1.0,-0.0,0,0
365,0.0,0.05940594059405942,0.09138994660763824,1.0,-0.0,0,0
