,foreground,bg_means,bg_stdev,pvals,minus_logs,regs,active
2,0.2,0.16831683168316827,0.17962044309621497,0.42999395869727813,0.36653764610149886,0,0
3,0.4,0.22178217821782176,0.18858722298311487,0.1723255180246725,0.7636504073069014,0,0
4,0.2,0.1584158415841584,0.15238521194115637,0.39246949743956416,0.40619409078738367,0,0
5,0.2,0.09702970297029702,0.1396285351588451,0.23042168355485154,0.6374766545668977,0,0
6,0.2,0.19801980198019797,0.1856112183041662,0.49574395483491207,0.30474257293273926,0,0
7,1.4,0.41188118811881197,0.26223983003730444,8.228144166167547e-05,4.084698107591978,0,0
8,1.2,0.3584158415841585,0.24906451775889302,0.0003637757911826869,3.439166206057591,0,0
9,1.2,0.3584158415841585,0.24906451775889302,0.0003637757911826869,3.439166206057591,0,0
10,1.2,0.31287128712871287,0.24602316816629471,0.0001555516278841686,3.8081254395381627,0,0
11,1.2,0.21386138613861388,0.21109319558394346,1.4944629289008981e-06,5.825514853440665,0,0
12,0.0,0.015841584158415842,0.054012600780142014,1.0,-0.0,0,0
13,0.0,0.023762376237623766,0.06471340450838887,1.0,-0.0,0,0
14,0.0,0.07326732673267328,0.10425700262248065,1.0,-0.0,0,0
15,0.0,0.07326732673267328,0.10425700262248065,1.0,-0.0,0,0
16,0.0,0.07326732673267328,0.10425700262248065,1.0,-0.0,0,0
17,0.0,0.057425742574257435,0.09476028605152792,1.0,-0.0,0,0
18,0.0,0.04950495049504951,0.08631483056516186,1.0,-0.0,0,0
19,0.0,0.0,0.0,1.0,-0.0,0,0
20,0.0,0.0,0.0,1.0,-0.0,0,0
21,0.0,0.0,0.0,1.0,-0.0,0,0
22,0.0,0.04356435643564357,0.09164702150816742,1.0,-0.0,0,0
23,0.0,0.04356435643564357,0.09164702150816742,1.0,-0.0,0,0
24,0.0,0.04356435643564357,0.09164702150816742,1.0,-0.0,0,0
25,0.0,0.04356435643564357,0.09164702150816742,1.0,-0.0,0,0
26,0.0,0.04356435643564357,0.09164702150816742,1.0,-0.0,0,0
27,0.2,0.17227722772277224,0.17126137275595762,0.43570251859043413,0.360809929605751,0,0
28,0.2,0.17227722772277224,0.17126137275595762,0.43570251859043413,0.360809929605751,0,0
29,0.2,0.2178217821782178,0.17821782178217824,1.0,-0.0,0,0
30,0.2,0.24356435643564353,0.19213023717381658,1.0,-0.0,0,0
31,0.2,0.24356435643564353,0.19213023717381658,1.0,-0.0,0,0
32,0.0,0.0712871287128713,0.11110305060677653,1.0,-0.0,0,0
33,0.0,0.0712871287128713,0.11110305060677653,1.0,-0.0,0,0
34,0.0,0.025742574257425748,0.06697637435757531,1.0,-0.0,0,0
35,0.0,0.0,0.0,1.0,-0.0,0,0
36,0.0,0.0,0.0,1.0,-0.0,0,0
37,0.0,0.0,0.0,1.0,-0.0,0,0
38,0.0,0.0,0.0,1.0,-0.0,0,0
39,0.0,0.0,0.0,1.0,-0.0,0,0
40,0.0,0.04356435643564357,0.08255312311158745,1.0,-0.0,0,0
41,0.0,0.04356435643564357,0.08255312311158745,1.0,-0.0,0,0
42,0.0,0.04356435643564357,0.08255312311158745,1.0,-0.0,0,0
43,0.0,0.04356435643564357,0.08255312311158745,1.0,-0.0,0,0
44,0.0,0.22178217821782176,0.18647536422960084,1.0,-0.0,0,0
45,0.2,0.37821782178217833,0.23697932415808698,1.0,-0.0,0,0
46,0.2,0.37821782178217833,0.23697932415808698,1.0,-0.0,0,0
47,0.2,0.37821782178217833,0.23697932415808698,1.0,-0.0,0,0
48,0.2,0.37821782178217833,0.23697932415808698,1.0,-0.0,0,0
49,0.2,0.21188118811881188,0.17981680926331076,1.0,-0.0,0,0
50,0.0,0.011881188118811883,0.04727657974777554,1.0,-0.0,0,0
51,0.0,0.011881188118811883,0.04727657974777554,1.0,-0.0,0,0
52,0.0,0.021782178217821784,0.06230547612891991,1.0,-0.0,0,0
53,0.0,0.021782178217821784,0.06230547612891991,1.0,-0.0,0,0
54,0.0,0.009900990099009901,0.04338396495090424,1.0,-0.0,0,0
55,0.0,0.009900990099009901,0.04338396495090424,1.0,-0.0,0,0
56,0.0,0.07524752475247526,0.12539516989297084,1.0,-0.0,0,0
57,0.0,0.08514851485148514,0.1269490726718781,1.0,-0.0,0,0
58,0.0,0.11089108910891088,0.13342479626077636,1.0,-0.0,0,0
59,0.4,0.13465346534653463,0.14921288105967925,0.03767660056897984,1.423928289019682,0,0
60,0.4,0.1564356435643564,0.15569444662458046,0.05886487227788633,1.230143793955291,0,0
61,0.4,0.0891089108910891,0.1142352879354927,0.0032493405126589594,2.488204774644586,0,0
62,0.4,0.06930693069306931,0.10316052497133552,0.0006738676536446146,3.1714253897194147,0,0
63,0.4,0.04356435643564357,0.08255312311158745,7.884896149188503e-06,5.103204022326377,0,0
64,0.0,0.021782178217821784,0.06230547612891991,1.0,-0.0,0,0
65,0.0,0.03762376237623763,0.08307396817189318,1.0,-0.0,0,0
66,0.0,0.03762376237623763,0.08307396817189318,1.0,-0.0,0,0
67,0.0,0.0891089108910891,0.13042276277287215,1.0,-0.0,0,0
68,0.0,0.13465346534653463,0.14380655568606185,1.0,-0.0,0,0
69,0.2,0.20990099009900987,0.17883282225545563,1.0,-0.0,0,0
70,0.2,0.17227722772277224,0.1490024997339573,0.4262005200115951,0.37038602473437315,0,0
71,0.2,0.17227722772277224,0.1490024997339573,0.4262005200115951,0.37038602473437315,0,0
72,0.2,0.12079207920792076,0.13224402263020987,0.2746021974004339,0.5612959918076954,0,0
73,0.2,0.07524752475247526,0.10845991237726066,0.12502717670865526,0.9029955756978825,0,0
74,0.0,0.06930693069306931,0.12722675963729912,1.0,-0.0,0,0
75,0.2,0.3108910891089109,0.2571361661462619,1.0,-0.0,0,0
76,0.2,0.3108910891089109,0.2571361661462619,1.0,-0.0,0,0
77,0.2,0.3108910891089109,0.2571361661462619,1.0,-0.0,0,0
78,0.2,0.3108910891089109,0.2571361661462619,1.0,-0.0,0,0
79,0.2,0.2633663366336633,0.24844975676996542,1.0,-0.0,0,0
80,0.0,0.03168316831683169,0.0730260947112308,1.0,-0.0,0,0
81,0.0,0.20198019801980194,0.18129359046727286,1.0,-0.0,0,0
82,0.0,0.20198019801980194,0.18129359046727286,1.0,-0.0,0,0
83,0.0,0.20198019801980194,0.18129359046727286,1.0,-0.0,0,0
84,0.0,0.1801980198019802,0.17004355992893858,1.0,-0.0,0,0
85,0.0,0.19207920792079206,0.1710093323357157,1.0,-0.0,0,0
86,0.0,0.06930693069306931,0.10693069306930696,1.0,-0.0,0,0
87,0.0,0.06930693069306931,0.10693069306930696,1.0,-0.0,0,0
88,0.0,0.06930693069306931,0.10693069306930696,1.0,-0.0,0,0
89,0.0,0.06930693069306931,0.10693069306930696,1.0,-0.0,0,0
90,0.0,0.047524752475247525,0.08512548617902845,1.0,-0.0,0,0
91,0.0,0.08712871287128714,0.10685732723352112,1.0,-0.0,0,0
92,0.0,0.08712871287128714,0.10685732723352112,1.0,-0.0,0,0
93,0.0,0.08712871287128714,0.10685732723352112,1.0,-0.0,0,0
94,0.0,0.08712871287128714,0.10685732723352112,1.0,-0.0,0,0
95,0.0,0.08712871287128714,0.10685732723352112,1.0,-0.0,0,0
96,0.0,0.0,0.0,1.0,-0.0,0,0
97,0.0,0.0,0.0,1.0,-0.0,0,0
98,0.0,0.027722772277227727,0.06910862719451544,1.0,-0.0,0,0
99,0.0,0.027722772277227727,0.06910862719451544,1.0,-0.0,0,0
100,0.0,0.027722772277227727,0.06910862719451544,1.0,-0.0,0,0
101,0.0,0.027722772277227727,0.06910862719451544,1.0,-0.0,0,0
102,0.0,0.027722772277227727,0.06910862719451544,1.0,-0.0,0,0
103,0.0,0.0,0.0,1.0,-0.0,0,0
104,0.0,0.0,0.0,1.0,-0.0,0,0
105,0.0,0.0,0.0,1.0,-0.0,0,0
106,0.0,0.0,0.0,1.0,-0.0,0,0
107,0.0,0.0,0.0,1.0,-0.0,0,0
108,0.0,0.0,0.0,1.0,-0.0,0,0
109,0.0,0.0,0.0,1.0,-0.0,0,0
110,0.0,0.0,0.0,1.0,-0.0,0,0
111,0.0,0.0,0.0,1.0,-0.0,0,0
112,0.0,0.0,0.0,1.0,-0.0,0,0
113,0.0,0.0,0.0,1.0,-0.0,0,0
114,0.0,0.0,0.0,1.0,-0.0,0,0
115,0.0,0.0,0.0,1.0,-0.0,0,0
116,0.0,0.0,0.0,1.0,-0.0,0,0
117,0.0,0.0,0.0,1.0,-0.0,0,0
118,0.0,0.0,0.0,1.0,-0.0,0,0
119,0.0,0.0,0.0,1.0,-0.0,0,0
120,0.0,0.0,0.0,1.0,-0.0,0,0
121,0.0,0.0,0.0,1.0,-0.0,0,0
122,0.0,0.0,0.0,1.0,-0.0,0,0
123,0.0,0.0,0.0,1.0,-0.0,0,0
124,0.0,0.0,0.0,1.0,-0.0,0,0
125,0.0,0.0,0.0,1.0,-0.0,0,0
126,0.0,0.0,0.0,1.0,-0.0,0,0
127,0.0,0.0,0.0,1.0,-0.0,0,0
128,0.0,0.0,0.0,1.0,-0.0,0,0
129,0.0,0.0,0.0,1.0,-0.0,0,0
130,0.0,0.0,0.0,1.0,-0.0,0,0
131,0.0,0.0,0.0,1.0,-0.0,0,0
132,0.0,0.0,0.0,1.0,-0.0,0,0
133,0.0,0.0,0.0,1.0,-0.0,0,0
134,0.0,0.0,0.0,1.0,-0.0,0,0
135,0.0,0.05346534653465348,0.09704990696905225,1.0,-0.0,0,0
136,0.0,0.06336633663366337,0.11580349716604711,1.0,-0.0,0,0
137,0.2,0.14059405940594058,0.14770737583343774,0.34377331843294273,0.4637278336030419,0,0
138,0.2,0.15049504950495046,0.1526166246970114,0.3728272387617476,0.42849236559978,0,0
139,0.2,0.15049504950495046,0.1526166246970114,0.3728272387617476,0.42849236559978,0,0
140,0.2,0.09504950495049502,0.12457948087149173,0.19977140085777179,0.6994666849722295,0,0
141,0.2,0.08514851485148514,0.12054836637801526,0.17036041751406306,0.7686313042414473,0,0
142,0.2,0.021782178217821784,0.06230547612891991,0.002115616449879084,2.6745630648030154,0,0
143,0.2,0.011881188118811881,0.047276579747775535,3.4586556520905853e-05,4.461092674713385,0,0
144,0.2,0.011881188118811881,0.047276579747775535,3.4586556520905853e-05,4.461092674713385,0,0
145,0.2,0.011881188118811881,0.047276579747775535,3.4586556520905853e-05,4.461092674713385,0,0
146,0.2,0.011881188118811881,0.047276579747775535,3.4586556520905853e-05,4.461092674713385,0,0
147,0.0,0.0,0.0,1.0,-0.0,0,0
148,0.0,0.0,0.0,1.0,-0.0,0,0
149,0.0,0.033663366336633666,0.07482947971362845,1.0,-0.0,0,0
150,0.0,0.033663366336633666,0.07482947971362845,1.0,-0.0,0,0
151,0.0,0.033663366336633666,0.07482947971362845,1.0,-0.0,0,0
152,0.0,0.033663366336633666,0.07482947971362845,1.0,-0.0,0,0
153,0.0,0.033663366336633666,0.07482947971362845,1.0,-0.0,0,0
154,0.0,0.03762376237623763,0.07816140339006158,1.0,-0.0,0,0
155,0.0,0.07524752475247526,0.11205191564986226,1.0,-0.0,0,0
156,0.0,0.0910891089108911,0.12113245340338316,1.0,-0.0,0,0
157,0.0,0.0910891089108911,0.12113245340338316,1.0,-0.0,0,0
158,0.0,0.0910891089108911,0.12113245340338316,1.0,-0.0,0,0
159,0.0,0.05346534653465347,0.08851285797476044,1.0,-0.0,0,0
160,0.0,0.04356435643564357,0.08255312311158745,1.0,-0.0,0,0
161,0.0,0.04356435643564357,0.08721867542790196,1.0,-0.0,0,0
162,0.0,0.04356435643564357,0.08721867542790196,1.0,-0.0,0,0
163,0.0,0.06534653465346535,0.10571364605971598,1.0,-0.0,0,0
164,0.0,0.07920792079207921,0.11285391563386142,1.0,-0.0,0,0
165,0.0,0.05148514851485149,0.09186070102766891,1.0,-0.0,0,0
166,0.0,0.05346534653465348,0.10489443673781407,1.0,-0.0,0,0
167,0.0,0.11881188118811879,0.15460769343321296,1.0,-0.0,0,0
168,0.0,0.10495049504950495,0.15310401409962543,1.0,-0.0,0,0
169,0.0,0.09108910891089109,0.1335716590419014,1.0,-0.0,0,0
170,0.0,0.2871287128712871,0.2095083194248961,1.0,-0.0,0,0
171,0.0,0.2693069306930693,0.20379691612306708,1.0,-0.0,0,0
172,0.0,0.20396039603960395,0.1616258924943514,1.0,-0.0,0,0
173,0.0,0.19603960396039602,0.15915668354384255,1.0,-0.0,0,0
174,0.0,0.19603960396039602,0.15915668354384255,1.0,-0.0,0,0
175,0.0,0.0,0.0,1.0,-0.0,0,0
176,0.0,0.031683168316831684,0.08780118525701135,1.0,-0.0,0,0
177,0.0,0.04356435643564357,0.09991664009142863,1.0,-0.0,0,0
178,0.0,0.04356435643564357,0.09991664009142863,1.0,-0.0,0,0
179,0.0,0.04356435643564357,0.09991664009142863,1.0,-0.0,0,0
180,0.0,0.04356435643564357,0.09991664009142863,1.0,-0.0,0,0
181,0.0,0.011881188118811881,0.047276579747775535,1.0,-0.0,0,0
182,0.0,0.0,0.0,1.0,-0.0,0,0
183,0.0,0.033663366336633666,0.07482947971362847,1.0,-0.0,0,0
184,0.0,0.033663366336633666,0.07482947971362847,1.0,-0.0,0,0
185,0.0,0.033663366336633666,0.07482947971362847,1.0,-0.0,0,0
186,0.0,0.033663366336633666,0.07482947971362847,1.0,-0.0,0,0
187,0.0,0.033663366336633666,0.07482947971362847,1.0,-0.0,0,0
188,0.0,0.0,0.0,1.0,-0.0,0,0
189,0.0,0.0,0.0,1.0,-0.0,0,0
190,0.2,0.033663366336633666,0.07482947971362848,0.013112090674369045,1.882328056139665,0,0
191,0.2,0.033663366336633666,0.07482947971362848,0.013112090674369045,1.882328056139665,0,0
192,0.2,0.03960396039603961,0.07970143286137867,0.022085672454221338,1.6558893730090938,0,0
193,0.2,0.03960396039603961,0.07970143286137867,0.022085672454221338,1.6558893730090938,0,0
194,0.2,0.03960396039603961,0.07970143286137867,0.022085672454221338,1.6558893730090938,0,0
195,0.0,0.0059405940594059415,0.03395332316729158,1.0,-0.0,0,0
196,0.0,0.03564356435643565,0.08154954567118415,1.0,-0.0,0,0
197,0.0,0.09504950495049502,0.11805036483793173,1.0,-0.0,0,0
198,0.0,0.5722772277227723,0.28007029240771714,1.0,-0.0,0,0
199,0.0,0.5920792079207922,0.2841290908385813,1.0,-0.0,0,0
200,0.0,0.605940594059406,0.28764037715512775,1.0,-0.0,0,0
201,0.0,0.5762376237623763,0.28602724887552927,1.0,-0.0,0,0
202,0.0,0.5603960396039604,0.28287043807508505,1.0,-0.0,0,0
203,0.0,0.08316831683168317,0.12978985828256587,1.0,-0.0,0,0
204,0.0,0.06336633663366337,0.11917436454123626,1.0,-0.0,0,0
205,0.0,0.049504950495049514,0.10304643034659554,1.0,-0.0,0,0
206,0.0,0.049504950495049514,0.10304643034659554,1.0,-0.0,0,0
207,0.0,0.0,0.0,1.0,-0.0,0,0
208,0.0,0.0,0.0,1.0,-0.0,0,0
209,0.0,0.0,0.0,1.0,-0.0,0,0
210,0.0,0.0,0.0,1.0,-0.0,0,0
211,0.0,0.0,0.0,1.0,-0.0,0,0
212,0.0,0.0,0.0,1.0,-0.0,0,0
213,0.0,0.0,0.0,1.0,-0.0,0,0
214,0.0,0.0,0.0,1.0,-0.0,0,0
215,0.0,0.0,0.0,1.0,-0.0,0,0
216,0.0,0.007920792079207921,0.03900537743285587,1.0,-0.0,0,0
217,0.2,0.09504950495049502,0.1337769960717191,0.21636803837097374,0.6648068922914057,0,0
218,0.2,0.11287128712871283,0.14464936528910635,0.2734725071303192,0.5630863278378738,0,0
219,0.2,0.11287128712871283,0.14464936528910635,0.2734725071303192,0.5630863278378738,0,0
220,0.2,0.11287128712871283,0.14464936528910635,0.2734725071303192,0.5630863278378738,0,0
221,0.2,0.25346534653465347,0.2122787054773449,1.0,-0.0,0,0
222,0.0,0.16633663366336632,0.18036114909680317,1.0,-0.0,0,0
223,0.0,0.16633663366336632,0.17591471140208167,1.0,-0.0,0,0
224,0.0,0.4316831683168316,0.2810625852820103,1.0,-0.0,0,0
225,0.0,0.4415841584158416,0.28188450929543357,1.0,-0.0,0,32
226,0.0,0.6336633663366336,0.33663366336633666,1.0,-0.0,0,0
227,0.0,0.6336633663366336,0.33663366336633666,1.0,-0.0,0,0
228,0.0,0.6633663366336632,0.3491780368823835,1.0,-0.0,0,0
229,0.0,0.39801980198019804,0.2556220128808701,1.0,-0.0,0,32
230,0.0,0.38811881188118813,0.25766934399387126,1.0,-0.0,0,0
231,0.0,0.04752475247524753,0.08512548617902843,1.0,-0.0,0,0
232,0.0,0.06732673267326733,0.09861306612268303,1.0,-0.0,0,0
233,0.0,0.019801980198019802,0.0597350618970232,1.0,-0.0,0,0
234,0.0,0.027722772277227727,0.06910862719451544,1.0,-0.0,0,0
235,0.0,0.1198019801980198,0.13498793637349912,1.0,-0.0,0,0
236,0.2,0.27524752475247527,0.20265853864555614,1.0,-0.0,0,0
237,0.2,0.25544554455445545,0.19724601290992394,1.0,-0.0,0,0
238,0.6,0.3108910891089109,0.1999509791899301,0.07410277322453382,1.1301655386660814,0,0
239,0.6,0.3029702970297029,0.1962295309598019,0.06505287208247226,1.186733524589957,0,0
240,0.6,0.21188118811881182,0.17760069168141515,0.014431774292678834,1.840680271945331,0,0
241,0.4,0.05544554455445545,0.09797478714338996,0.00021841889085960997,3.660709802591431,0,0
242,0.4,0.05544554455445545,0.09797478714338996,0.00021841889085960997,3.660709802591431,0,0
243,0.0,0.0,0.0,1.0,-0.0,0,0
244,0.0,0.0,0.0,1.0,-0.0,0,0
245,0.0,0.0,0.0,1.0,-0.0,0,0
246,0.8,0.19603960396039602,0.19290421984883255,0.0008714101494433835,3.0597773860784994,0,0
247,0.8,0.2059405940594059,0.20188310615339297,0.0016273906945237456,2.7885081716441675,0,0
248,0.8,0.21386138613861388,0.20345028972738727,0.0019821298483827508,2.7028678984940577,0,0
249,0.8,0.21386138613861388,0.20345028972738727,0.0019821298483827508,2.7028678984940577,0,0
250,0.8,0.21386138613861388,0.20345028972738727,0.0019821298483827508,2.7028678984940577,0,0
251,0.0,0.023762376237623766,0.06471340450838889,1.0,-0.0,0,0
252,0.0,0.013861386138613863,0.05079507064705211,1.0,-0.0,0,0
253,0.0,0.0059405940594059415,0.03395332316729158,1.0,-0.0,0,0
254,0.2,0.08712871287128712,0.127165103825761,0.18737894802554306,0.7272792035758483,0,0
255,0.2,0.08712871287128712,0.127165103825761,0.18737894802554306,0.7272792035758483,0,0
256,0.2,0.0811881188118812,0.12325042629382524,0.16752607431728717,0.7759175883237079,0,0
257,0.2,0.0811881188118812,0.12325042629382524,0.16752607431728717,0.7759175883237079,0,0
258,0.2,0.09900990099009903,0.13679141417164786,0.23017274996365789,0.6379460935686512,0,0
259,0.0,0.03564356435643565,0.07653920035678292,1.0,-0.0,0,0
260,0.2,0.04554455445544555,0.08387254884969257,0.03277054107653563,1.4845163878939818,0,0
261,0.2,0.04554455445544555,0.08387254884969257,0.03277054107653563,1.4845163878939818,0,0
262,0.4,0.12475247524752472,0.1588360762784592,0.04155644896483375,1.381361570375371,0,0
263,0.4,0.11485148514851483,0.1444594832462533,0.024196580664209044,1.6162460019363876,0,0
264,0.4,0.09702970297029702,0.1396285351588451,0.015009832844483569,1.823624144207271,0,0
265,0.2,0.16237623762376235,0.17283397009132112,0.4138363750779762,0.3831713387032824,0,0
266,0.2,0.16237623762376235,0.17283397009132112,0.4138363750779762,0.3831713387032824,0,0
267,0.0,0.11089108910891088,0.1420507440353343,1.0,-0.0,0,0
268,0.0,0.12277227722772276,0.1434243086117372,1.0,-0.0,0,0
269,0.0,0.12277227722772276,0.1434243086117372,1.0,-0.0,0,0
270,0.2,0.13267326732673265,0.1414975848312859,0.31710294183422544,0.49879972890812296,0,0
271,0.2,0.13267326732673265,0.1414975848312859,0.31710294183422544,0.49879972890812296,0,0
272,0.2,0.10099009900990098,0.12781100644043505,0.2192706971082659,0.6590194026794771,0,0
273,0.2,0.08118811881188118,0.12325042629382527,0.16752607431728717,0.7759175883237079,0,0
274,0.2,0.08118811881188118,0.12325042629382527,0.16752607431728717,0.7759175883237079,0,0
275,0.0,0.0,0.0,1.0,-0.0,0,0
276,0.0,0.0,0.0,1.0,-0.0,0,0
