,foreground,bg_means,bg_stdev,pvals,minus_logs,regs,active
2,0.0,0.08514851485148513,0.11025275966000045,1.0,-0.0,0,0
3,0.0,0.07920792079207921,0.10928827506175545,1.0,-0.0,0,0
4,0.0,0.07920792079207921,0.10928827506175545,1.0,-0.0,0,0
5,0.0,0.03762376237623763,0.08307396817189318,1.0,-0.0,0,0
6,0.0,0.0,0.0,1.0,-0.0,0,0
7,0.0,0.0,0.0,1.0,-0.0,0,0
8,0.0,0.0,0.0,1.0,-0.0,0,0
9,0.0,0.0,0.0,1.0,-0.0,0,0
10,0.0,0.0,0.0,1.0,-0.0,0,0
11,0.0,0.0,0.0,1.0,-0.0,0,0
12,0.0,0.0,0.0,1.0,-0.0,0,0
13,0.0,0.0,0.0,1.0,-0.0,0,0
14,0.0,0.017821782178217824,0.0635517090529949,1.0,-0.0,0,0
15,0.0,0.039603960396039604,0.0890869059738772,1.0,-0.0,0,0
16,0.0,0.039603960396039604,0.0890869059738772,1.0,-0.0,0,0
17,0.0,0.039603960396039604,0.0890869059738772,1.0,-0.0,0,0
18,0.0,0.039603960396039604,0.0890869059738772,1.0,-0.0,0,0
19,0.0,0.021782178217821784,0.06230547612891991,1.0,-0.0,0,0
20,0.0,0.0,0.0,1.0,-0.0,0,0
21,0.0,0.0,0.0,1.0,-0.0,0,0
22,0.0,0.03564356435643565,0.08154954567118416,1.0,-0.0,0,0
23,0.0,0.03564356435643565,0.08154954567118416,1.0,-0.0,0,0
24,0.0,0.03564356435643565,0.08154954567118416,1.0,-0.0,0,0
25,0.0,0.03564356435643565,0.08154954567118416,1.0,-0.0,0,0
26,0.0,0.03564356435643565,0.08154954567118416,1.0,-0.0,0,0
27,0.0,0.0,0.0,1.0,-0.0,0,0
28,0.0,0.03762376237623763,0.07816140339006158,1.0,-0.0,0,0
29,0.0,0.03762376237623763,0.07816140339006158,1.0,-0.0,0,0
30,0.2,0.04950495049504951,0.09078727434730813,0.0486923704021295,1.312539082970909,0,0
31,0.2,0.04950495049504951,0.09078727434730813,0.0486923704021295,1.312539082970909,0,0
32,0.2,0.04950495049504951,0.09078727434730813,0.0486923704021295,1.312539082970909,0,0
33,0.2,0.047524752475247525,0.09397077637785882,0.05233944412570536,1.281170894122977,0,0
34,0.2,0.08118811881188118,0.13254020222321994,0.18501385583113095,0.7327957457285068,0,0
35,0.0,0.08514851485148514,0.13598641357140118,1.0,-0.0,0,0
36,0.0,0.08514851485148514,0.13598641357140118,1.0,-0.0,0,0
37,0.0,0.08514851485148514,0.13598641357140118,1.0,-0.0,0,0
38,0.0,0.049504950495049514,0.10304643034659552,1.0,-0.0,0,0
39,0.0,0.015841584158415842,0.05401260078014202,1.0,-0.0,0,0
40,0.0,0.0,0.0,1.0,-0.0,0,0
41,0.0,0.0,0.0,1.0,-0.0,0,0
42,0.0,0.0,0.0,1.0,-0.0,0,0
43,0.0,0.0,0.0,1.0,-0.0,0,0
44,0.0,0.0,0.0,1.0,-0.0,0,0
45,0.0,0.0,0.0,1.0,-0.0,0,0
46,0.0,0.0,0.0,1.0,-0.0,0,0
47,0.0,0.0,0.0,1.0,-0.0,0,0
48,0.0,0.0297029702970297,0.07648795214189293,1.0,-0.0,0,0
49,0.0,0.0297029702970297,0.07648795214189293,1.0,-0.0,0,0
50,0.0,0.0297029702970297,0.07648795214189293,1.0,-0.0,0,0
51,0.0,0.0297029702970297,0.07648795214189293,1.0,-0.0,0,0
52,0.0,0.0297029702970297,0.07648795214189293,1.0,-0.0,0,0
53,0.0,0.0,0.0,1.0,-0.0,0,0
54,0.0,0.0,0.0,1.0,-0.0,0,0
55,0.0,0.0,0.0,1.0,-0.0,0,0
56,0.0,0.0,0.0,1.0,-0.0,0,0
57,0.0,0.0,0.0,1.0,-0.0,0,0
58,0.0,0.031683168316831684,0.07826167463512675,1.0,-0.0,0,0
59,0.0,0.031683168316831684,0.07826167463512675,1.0,-0.0,0,0
60,0.0,0.031683168316831684,0.07826167463512675,1.0,-0.0,0,0
61,0.0,0.031683168316831684,0.07826167463512675,1.0,-0.0,0,0
62,0.0,0.06732673267326733,0.12673267326732676,1.0,-0.0,0,0
63,0.0,0.05544554455445545,0.1019369320889802,1.0,-0.0,0,0
64,0.0,0.05544554455445545,0.1019369320889802,1.0,-0.0,0,0
65,0.0,0.05544554455445545,0.1019369320889802,1.0,-0.0,0,0
66,0.0,0.07326732673267328,0.1115960618107356,1.0,-0.0,0,0
67,0.0,0.057425742574257435,0.10656335878870264,1.0,-0.0,0,0
68,0.0,0.05742574257425742,0.10277971700879983,1.0,-0.0,0,0
69,0.0,0.05742574257425742,0.10277971700879983,1.0,-0.0,0,0
70,0.0,0.08514851485148514,0.12054836637801526,1.0,-0.0,0,0
71,0.0,0.06732673267326733,0.11000352009767247,1.0,-0.0,0,0
72,0.0,0.04752475247524753,0.09397077637785879,1.0,-0.0,0,0
73,0.0,0.06930693069306931,0.11409790329416186,1.0,-0.0,0,0
74,0.0,0.09504950495049502,0.13078304733432372,1.0,-0.0,0,0
75,0.0,0.06732673267326733,0.11000352009767247,1.0,-0.0,0,0
76,0.0,0.06732673267326733,0.11000352009767247,1.0,-0.0,0,0
77,0.0,0.06732673267326733,0.11000352009767247,1.0,-0.0,0,0
78,0.0,0.025742574257425745,0.0669763743575753,1.0,-0.0,0,0
79,0.0,0.0,0.0,1.0,-0.0,0,0
80,0.0,0.0,0.0,1.0,-0.0,0,0
81,0.0,0.0,0.0,1.0,-0.0,0,0
82,0.0,0.0,0.0,1.0,-0.0,0,0
83,0.0,0.0,0.0,1.0,-0.0,0,0
84,0.0,0.0,0.0,1.0,-0.0,0,0
85,0.0,0.039603960396039604,0.07970143286137865,1.0,-0.0,0,0
86,0.0,0.039603960396039604,0.07970143286137865,1.0,-0.0,0,0
87,0.0,0.039603960396039604,0.07970143286137865,1.0,-0.0,0,0
88,0.0,0.051485148514851496,0.10011267057239238,1.0,-0.0,0,0
89,0.0,0.051485148514851496,0.10011267057239238,1.0,-0.0,0,0
90,0.0,0.011881188118811881,0.047276579747775535,1.0,-0.0,0,0
91,0.2,0.021782178217821784,0.06230547612891991,0.002115616449879084,2.6745630648030154,0,0
92,0.2,0.021782178217821784,0.06230547612891991,0.002115616449879084,2.6745630648030154,0,0
93,0.2,0.017821782178217824,0.056980176514606566,0.0006937928196726553,3.15877019915046,0,0
94,0.2,0.017821782178217824,0.056980176514606566,0.0006937928196726553,3.15877019915046,0,0
95,0.2,0.017821782178217824,0.056980176514606566,0.0006937928196726553,3.15877019915046,0,0
96,0.0,0.007920792079207921,0.03900537743285587,1.0,-0.0,0,0
97,0.0,0.011881188118811881,0.04727657974777554,1.0,-0.0,0,0
98,0.0,0.03762376237623763,0.08307396817189318,1.0,-0.0,0,0
99,0.0,0.03762376237623763,0.08307396817189318,1.0,-0.0,0,0
100,0.0,0.03762376237623763,0.08307396817189318,1.0,-0.0,0,0
101,0.0,0.03762376237623763,0.08307396817189318,1.0,-0.0,0,0
102,0.0,0.033663366336633666,0.07482947971362845,1.0,-0.0,0,0
103,0.0,0.0,0.0,1.0,-0.0,0,0
104,0.0,0.0,0.0,1.0,-0.0,0,0
105,0.0,0.013861386138613863,0.05079507064705211,1.0,-0.0,0,0
106,0.0,0.013861386138613863,0.05079507064705211,1.0,-0.0,0,0
107,0.0,0.013861386138613863,0.05079507064705211,1.0,-0.0,0,0
108,0.0,0.013861386138613863,0.05079507064705211,1.0,-0.0,0,0
109,0.0,0.013861386138613863,0.05079507064705211,1.0,-0.0,0,0
110,0.0,0.0,0.0,1.0,-0.0,0,0
111,0.0,0.0297029702970297,0.0815014480287393,1.0,-0.0,0,0
112,0.0,0.0297029702970297,0.0815014480287393,1.0,-0.0,0,0
113,0.0,0.0297029702970297,0.0815014480287393,1.0,-0.0,0,0
114,0.0,0.03564356435643565,0.08626938974571076,1.0,-0.0,0,0
115,0.0,0.03564356435643565,0.08626938974571076,1.0,-0.0,0,0
116,0.0,0.0059405940594059415,0.03395332316729158,1.0,-0.0,0,0
117,0.0,0.0059405940594059415,0.03395332316729158,1.0,-0.0,0,0
118,0.0,0.07722772277227724,0.12576985749069639,1.0,-0.0,0,0
119,0.0,0.11089108910891088,0.15789518399405605,1.0,-0.0,0,0
120,0.0,0.11683168316831684,0.1598695674609062,1.0,-0.0,0,0
121,0.0,0.11683168316831684,0.1598695674609062,1.0,-0.0,0,0
122,0.0,0.17029702970297028,0.1896033141162111,1.0,-0.0,0,0
123,0.0,0.09702970297029702,0.1451905170679078,1.0,-0.0,0,0
124,0.0,0.057425742574257435,0.10656335878870264,1.0,-0.0,0,0
125,0.0,0.05148514851485149,0.10011267057239238,1.0,-0.0,0,0
126,0.0,0.05148514851485149,0.10011267057239238,1.0,-0.0,0,0
127,0.0,0.007920792079207921,0.03900537743285587,1.0,-0.0,0,0
128,0.0,0.007920792079207921,0.03900537743285587,1.0,-0.0,0,0
129,0.0,0.025742574257425748,0.06697637435757531,1.0,-0.0,0,0
130,0.0,0.025742574257425748,0.06697637435757531,1.0,-0.0,0,0
131,0.0,0.04752475247524753,0.09809478080396702,1.0,-0.0,0,0
132,0.0,0.039603960396039604,0.09342674148186496,1.0,-0.0,0,0
133,0.0,0.039603960396039604,0.09342674148186496,1.0,-0.0,0,0
134,0.0,0.021782178217821784,0.06836703565002801,1.0,-0.0,0,0
135,0.0,0.021782178217821784,0.06836703565002801,1.0,-0.0,0,0
136,0.0,0.0,0.0,1.0,-0.0,0,0
137,0.0,0.0,0.0,1.0,-0.0,0,0
138,0.0,0.0,0.0,1.0,-0.0,0,0
139,0.0,0.0,0.0,1.0,-0.0,0,0
140,0.0,0.025742574257425745,0.06697637435757531,1.0,-0.0,0,0
141,0.0,0.11287128712871286,0.16268986856589096,1.0,-0.0,0,0
142,0.0,0.11287128712871286,0.16268986856589096,1.0,-0.0,0,0
143,0.0,0.14455445544554454,0.18693740548445062,1.0,-0.0,0,0
144,0.0,0.14455445544554454,0.18693740548445062,1.0,-0.0,0,0
145,0.0,0.11881188118811879,0.16928087345079218,1.0,-0.0,0,0
146,0.0,0.057425742574257435,0.11021718851545144,1.0,-0.0,0,0
147,0.0,0.08316831683168316,0.12978985828256584,1.0,-0.0,0,0
148,0.0,0.051485148514851496,0.096075322540263,1.0,-0.0,0,0
149,0.0,0.05940594059405942,0.10357779667819422,1.0,-0.0,0,0
150,0.0,0.05940594059405942,0.10357779667819422,1.0,-0.0,0,0
151,0.0,0.033663366336633666,0.07994704648786674,1.0,-0.0,0,0
152,0.0,0.007920792079207921,0.03900537743285587,1.0,-0.0,0,0
153,0.0,0.015841584158415842,0.05401260078014202,1.0,-0.0,0,0
154,0.0,0.025742574257425745,0.07791016068477624,1.0,-0.0,0,0
155,0.0,0.03762376237623763,0.08771182015980238,1.0,-0.0,0,0
156,0.0,0.05742574257425744,0.10656335878870266,1.0,-0.0,0,0
157,0.0,0.09900990099009899,0.13679141417164786,1.0,-0.0,0,0
158,0.0,0.10693069306930691,0.13368903310588712,1.0,-0.0,0,0
159,0.0,0.08910891089108909,0.12734998170941406,1.0,-0.0,0,0
160,0.0,0.07722772277227724,0.11593886073904516,1.0,-0.0,0,0
161,0.0,0.10693069306930691,0.14776046024695158,1.0,-0.0,0,0
162,0.0,0.08118811881188118,0.13838736799727647,1.0,-0.0,0,0
163,0.0,0.06534653465346535,0.1323329461117119,1.0,-0.0,0,0
164,0.0,0.07920792079207921,0.1409422546477168,1.0,-0.0,0,0
165,0.0,0.07920792079207921,0.1409422546477168,1.0,-0.0,0,0
166,0.0,0.029702970297029712,0.07112192077650682,1.0,-0.0,0,0
167,0.0,0.01386138613861386,0.05079507064705211,1.0,-0.0,0,0
168,0.0,0.01386138613861386,0.05079507064705211,1.0,-0.0,0,0
169,0.0,0.019801980198019806,0.05973506189702319,1.0,-0.0,0,0
170,0.0,0.027722772277227727,0.07461957893630407,1.0,-0.0,0,0
171,0.0,0.03564356435643565,0.08154954567118415,1.0,-0.0,0,0
172,0.0,0.03564356435643565,0.08154954567118415,1.0,-0.0,0,0
173,0.0,0.03564356435643565,0.08154954567118415,1.0,-0.0,0,0
174,0.0,0.02970297029702971,0.07112192077650681,1.0,-0.0,0,0
175,0.0,0.021782178217821784,0.06230547612891991,1.0,-0.0,0,0
176,0.0,0.013861386138613863,0.05079507064705211,1.0,-0.0,0,0
177,0.0,0.013861386138613863,0.05079507064705211,1.0,-0.0,0,0
178,0.0,0.023762376237623763,0.07056843438101175,1.0,-0.0,0,0
179,0.0,0.009900990099009901,0.04338396495090425,1.0,-0.0,0,0
180,0.0,0.009900990099009901,0.04338396495090425,1.0,-0.0,0,0
181,0.2,0.05346534653465348,0.10860442931328386,0.08862815178171947,1.0524283072157026,0,0
182,0.2,0.0871287128712871,0.14188502271424047,0.2131577664159205,0.6712988391832503,0,0
183,0.2,0.07722772277227724,0.12888031758632065,0.17039464501736856,0.7685440579023645,0,0
184,0.2,0.07722772277227724,0.12888031758632065,0.17039464501736856,0.7685440579023645,0,0
185,0.2,0.07722772277227724,0.12888031758632065,0.17039464501736856,0.7685440579023645,0,0
186,0.0,0.033663366336633666,0.07482947971362845,1.0,-0.0,0,0
187,0.2,0.023762376237623766,0.07056843438101175,0.00625538335613176,2.203746069767374,0,0
188,0.2,0.023762376237623766,0.07056843438101175,0.00625538335613176,2.203746069767374,0,0
189,0.2,0.04950495049504951,0.11399475615543964,0.09338533759627755,1.02972130686311,0,0
190,0.4,0.07326732673267328,0.13415750246300454,0.007436826320851721,2.1286123608785887,0,0
191,0.4,0.09108910891089109,0.14765427233510695,0.018213759551656966,1.7396004010465402,0,0
192,0.2,0.06732673267326733,0.11698261772468857,0.12837042097948392,0.8915350345635851,0,0
193,0.2,0.06732673267326733,0.11698261772468857,0.12837042097948392,0.8915350345635851,0,0
194,0.2,0.06930693069306931,0.09924724028627063,0.09394556775030262,1.027123704621387,0,0
195,0.0,0.04554455445544555,0.08387254884969257,1.0,-0.0,0,0
196,0.0,0.02772277227722773,0.06910862719451544,1.0,-0.0,0,0
197,0.0,0.03762376237623763,0.07816140339006158,1.0,-0.0,0,0
198,0.0,0.03762376237623763,0.07816140339006158,1.0,-0.0,0,0
199,0.0,0.009900990099009901,0.04338396495090424,1.0,-0.0,0,0
200,0.0,0.009900990099009901,0.04338396495090424,1.0,-0.0,0,0
201,0.0,0.06534653465346535,0.12930556607773872,1.0,-0.0,0,0
202,0.0,0.08712871287128712,0.13618810981425267,1.0,-0.0,0,0
203,0.2,0.17821782178217818,0.18647536422960084,0.45350532886441747,0.3434176054444277,0,0
204,0.2,0.2178217821782178,0.21079577635122798,1.0,-0.0,0,0
205,0.2,0.2178217821782178,0.21079577635122798,1.0,-0.0,0,0
206,0.2,0.2138613861386138,0.20920864708209408,1.0,-0.0,0,0
207,0.4,0.20396039603960395,0.2086831849930728,0.17375948476358533,0.7600514798713088,0,0
208,0.4,0.1376237623762376,0.16341133493685353,0.054178895793818724,1.2661698504571175,0,0
209,0.4,0.09702970297029702,0.1367627457412436,0.01336979349634493,1.873875300598187,0,0
210,1.0,0.14059405940594058,0.16541470107292752,1.0210553665706401e-07,6.990950707722913,0,0
211,1.0,0.08712871287128714,0.12401163019288061,9.115933039842145e-14,13.040198873545839,0,0
212,0.8,0.06534653465346535,0.11295810453031022,3.916597897876146e-11,10.407091013516617,0,0
213,0.6,0.09900990099009901,0.14246420394934614,0.0002185532134274528,3.6604428036170145,0,0
214,0.8,0.17425742574257425,0.17272049494935865,0.00014568045807344875,3.8365987016278926,0,0
215,0.4,0.1584158415841584,0.15749733722889644,0.06252791472771582,1.2039260545649275,0,0
216,0.4,0.1584158415841584,0.15749733722889644,0.06252791472771582,1.2039260545649275,0,0
217,0.4,0.1584158415841584,0.15749733722889644,0.06252791472771582,1.2039260545649275,0,0
218,0.4,0.09900990099009901,0.12781100644043505,0.009262293022640852,2.0332814837499207,0,0
219,0.2,0.025742574257425745,0.06697637435757531,0.004637140001348011,2.3337497919853583,0,0
220,0.0,0.0,0.0,1.0,-0.0,0,0
221,0.0,0.0,0.0,1.0,-0.0,0,0
222,0.0,0.0,0.0,1.0,-0.0,0,0
223,0.2,0.015841584158415842,0.05401260078014202,0.00032535620257014524,3.4876409094885674,0,0
224,0.2,0.015841584158415842,0.05401260078014202,0.00032535620257014524,3.4876409094885674,0,0
225,0.2,0.015841584158415842,0.05401260078014202,0.00032535620257014524,3.4876409094885674,0,0
226,0.2,0.015841584158415842,0.05401260078014202,0.00032535620257014524,3.4876409094885674,0,0
227,0.4,0.049504950495049514,0.09912864166957489,0.00020330223811297488,3.691857840276056,0,0
228,0.2,0.033663366336633666,0.07482947971362848,0.013112090674369045,1.882328056139665,0,0
229,0.2,0.033663366336633666,0.07482947971362848,0.013112090674369045,1.882328056139665,0,0
230,0.2,0.033663366336633666,0.07482947971362848,0.013112090674369045,1.882328056139665,0,0
231,0.2,0.033663366336633666,0.07482947971362848,0.013112090674369045,1.882328056139665,0,0
232,0.0,0.011881188118811881,0.047276579747775535,1.0,-0.0,0,0
233,0.0,0.031683168316831684,0.0730260947112308,1.0,-0.0,0,0
234,0.0,0.031683168316831684,0.0730260947112308,1.0,-0.0,0,0
235,0.0,0.031683168316831684,0.0730260947112308,1.0,-0.0,0,0
236,0.0,0.031683168316831684,0.0730260947112308,1.0,-0.0,0,0
237,0.0,0.019801980198019802,0.0597350618970232,1.0,-0.0,0,0
238,0.0,0.015841584158415842,0.05401260078014202,1.0,-0.0,0,0
239,0.0,0.015841584158415842,0.05401260078014202,1.0,-0.0,0,0
240,0.0,0.033663366336633666,0.07994704648786674,1.0,-0.0,0,0
241,0.0,0.033663366336633666,0.07994704648786674,1.0,-0.0,0,0
242,0.0,0.033663366336633666,0.07994704648786674,1.0,-0.0,0,0
243,0.0,0.017821782178217824,0.06355170905299491,1.0,-0.0,0,0
244,0.0,0.017821782178217824,0.06355170905299491,1.0,-0.0,0,0
245,0.0,0.05148514851485149,0.096075322540263,1.0,-0.0,0,0
246,0.0,0.05544554455445545,0.09797478714338996,1.0,-0.0,0,0
247,0.0,0.05544554455445545,0.09797478714338996,1.0,-0.0,0,0
248,0.2,0.07920792079207921,0.1261123431927973,0.16907845647801423,0.771911725511465,0,0
249,0.2,0.07920792079207921,0.1261123431927973,0.16907845647801423,0.771911725511465,0,0
250,0.2,0.027722772277227727,0.07461957893630407,0.010478998804251384,1.9796802091996195,0,0
251,0.2,0.023762376237623766,0.07056843438101175,0.00625538335613176,2.203746069767374,0,0
252,0.2,0.023762376237623766,0.07056843438101175,0.00625538335613176,2.203746069767374,0,0
253,0.0,0.0,0.0,1.0,-0.0,0,0
254,0.0,0.0,0.0,1.0,-0.0,0,0
255,0.0,0.0,0.0,1.0,-0.0,0,0
256,0.0,0.021782178217821784,0.06230547612891991,1.0,-0.0,0,0
257,0.0,0.021782178217821784,0.06230547612891991,1.0,-0.0,0,0
258,0.0,0.033663366336633666,0.08930671115865095,1.0,-0.0,0,0
259,0.0,0.07920792079207921,0.13520562388207177,1.0,-0.0,0,0
260,0.0,0.07920792079207921,0.13520562388207177,1.0,-0.0,0,0
261,0.0,0.057425742574257435,0.10656335878870264,1.0,-0.0,0,0
262,0.0,0.06336633663366337,0.10874875419996817,1.0,-0.0,0,0
263,0.0,0.051485148514851496,0.1001126705723924,1.0,-0.0,0,0
264,0.0,0.06930693069306931,0.12084076279122662,1.0,-0.0,0,0
265,0.0,0.12673267326732673,0.16821196500273505,1.0,-0.0,0,0
266,0.0,0.1861386138613861,0.1955088324308512,1.0,-0.0,0,0
267,0.0,0.1801980198019802,0.19397856469320326,1.0,-0.0,0,0
268,0.0,0.1801980198019802,0.19397856469320326,1.0,-0.0,0,0
269,0.0,0.13663366336633662,0.17103226044902323,1.0,-0.0,0,0
270,0.0,0.07920792079207921,0.14094225464771679,1.0,-0.0,0,0
271,0.0,0.021782178217821788,0.062305476128919894,1.0,-0.0,0,0
272,0.0,0.033663366336633666,0.07482947971362847,1.0,-0.0,0,0
273,0.0,0.033663366336633666,0.07482947971362847,1.0,-0.0,0,0
274,0.0,0.011881188118811883,0.047276579747775535,1.0,-0.0,0,0
275,0.0,0.011881188118811883,0.047276579747775535,1.0,-0.0,0,0
276,0.0,0.011881188118811883,0.047276579747775535,1.0,-0.0,0,0
277,0.0,0.033663366336633666,0.08930671115865095,1.0,-0.0,0,0
278,0.0,0.033663366336633666,0.08930671115865095,1.0,-0.0,0,0
279,0.0,0.033663366336633666,0.08930671115865095,1.0,-0.0,0,0
280,0.0,0.033663366336633666,0.08930671115865095,1.0,-0.0,0,0
281,0.0,0.033663366336633666,0.08930671115865095,1.0,-0.0,0,0
282,0.0,0.03564356435643565,0.08154954567118416,1.0,-0.0,0,0
283,0.0,0.03564356435643565,0.08154954567118416,1.0,-0.0,0,0
284,0.0,0.03564356435643565,0.08154954567118416,1.0,-0.0,0,0
285,0.0,0.03564356435643565,0.08154954567118416,1.0,-0.0,0,0
286,0.0,0.03564356435643565,0.08154954567118416,1.0,-0.0,0,0
287,0.0,0.0,0.0,1.0,-0.0,0,0
288,0.0,0.0,0.0,1.0,-0.0,0,0
289,0.0,0.0,0.0,1.0,-0.0,0,0
290,0.0,0.0,0.0,1.0,-0.0,0,0
291,0.0,0.0,0.0,1.0,-0.0,0,0
292,0.0,0.0,0.0,1.0,-0.0,0,0
293,0.0,0.0,0.0,1.0,-0.0,0,0
294,0.0,0.0,0.0,1.0,-0.0,0,0
295,0.0,0.0,0.0,1.0,-0.0,0,0
296,0.0,0.0,0.0,1.0,-0.0,0,0
297,0.0,0.0,0.0,1.0,-0.0,0,0
298,0.0,0.0,0.0,1.0,-0.0,0,0
299,0.0,0.0,0.0,1.0,-0.0,0,0
300,0.0,0.0,0.0,1.0,-0.0,0,0
301,0.0,0.0,0.0,1.0,-0.0,0,0
302,0.0,0.017821782178217824,0.05698017651460656,1.0,-0.0,0,0
303,0.0,0.017821782178217824,0.05698017651460656,1.0,-0.0,0,0
304,0.0,0.017821782178217824,0.05698017651460656,1.0,-0.0,0,0
305,0.0,0.017821782178217824,0.05698017651460656,1.0,-0.0,0,0
306,0.0,0.017821782178217824,0.05698017651460656,1.0,-0.0,0,0
307,0.0,0.0,0.0,1.0,-0.0,0,0
308,0.0,0.031683168316831684,0.09220155823225992,1.0,-0.0,0,0
309,0.0,0.031683168316831684,0.09220155823225992,1.0,-0.0,0,0
310,0.0,0.031683168316831684,0.09220155823225992,1.0,-0.0,0,0
311,0.0,0.1108910891089109,0.1420507440353343,1.0,-0.0,0,0
312,0.0,0.1108910891089109,0.1420507440353343,1.0,-0.0,0,0
313,0.0,0.07920792079207921,0.12293186689242577,1.0,-0.0,0,0
314,0.0,0.07920792079207921,0.12293186689242577,1.0,-0.0,0,0
315,0.0,0.07920792079207921,0.12293186689242577,1.0,-0.0,0,0
316,0.0,0.0,0.0,1.0,-0.0,0,0
317,0.0,0.0,0.0,1.0,-0.0,0,0
318,0.0,0.0,0.0,1.0,-0.0,0,0
319,0.0,0.0,0.0,1.0,-0.0,0,0
320,0.0,0.0,0.0,1.0,-0.0,0,0
321,0.0,0.0,0.0,1.0,-0.0,0,0
322,0.0,0.02772277227722772,0.07461957893630407,1.0,-0.0,0,0
323,0.0,0.02772277227722772,0.07461957893630407,1.0,-0.0,0,0
324,0.0,0.02772277227722772,0.07461957893630407,1.0,-0.0,0,0
325,0.0,0.041584158415841586,0.09039772047931348,1.0,-0.0,0,0
326,0.0,0.08712871287128712,0.12077584698595573,1.0,-0.0,0,0
327,0.0,0.09702970297029702,0.11811677855054843,1.0,-0.0,0,0
328,0.0,0.09702970297029702,0.11811677855054843,1.0,-0.0,0,0
329,0.0,0.09702970297029702,0.11811677855054843,1.0,-0.0,0,0
330,0.0,0.08316831683168316,0.11351216354824961,1.0,-0.0,0,0
331,0.0,0.047524752475247525,0.0939707763778588,1.0,-0.0,0,0
332,0.0,0.033663366336633666,0.08475617647141663,1.0,-0.0,0,0
333,0.0,0.033663366336633666,0.08475617647141663,1.0,-0.0,0,0
334,0.0,0.033663366336633666,0.08475617647141663,1.0,-0.0,0,0
335,0.0,0.033663366336633666,0.08475617647141663,1.0,-0.0,0,0
336,0.0,0.023762376237623766,0.0759735686861421,1.0,-0.0,0,0
337,0.0,0.03762376237623762,0.07816140339006158,1.0,-0.0,0,0
338,0.0,0.03762376237623762,0.07816140339006158,1.0,-0.0,0,0
339,0.0,0.039603960396039604,0.07970143286137865,1.0,-0.0,0,0
340,0.0,0.06732673267326733,0.1135467024699521,1.0,-0.0,0,0
341,0.0,0.06732673267326733,0.1135467024699521,1.0,-0.0,0,0
342,0.0,0.0297029702970297,0.07648795214189293,1.0,-0.0,0,0
343,0.0,0.0297029702970297,0.07648795214189293,1.0,-0.0,0,0
344,0.0,0.027722772277227727,0.07461957893630407,1.0,-0.0,0,0
345,0.0,0.0,0.0,1.0,-0.0,0,0
346,0.0,0.0,0.0,1.0,-0.0,0,0
347,0.0,0.07326732673267328,0.12177815335858849,1.0,-0.0,0,0
348,0.0,0.09108910891089109,0.1335716590419014,1.0,-0.0,0,0
349,0.0,0.10099009900990098,0.13386490123687583,1.0,-0.0,0,0
350,0.0,0.10099009900990098,0.13386490123687583,1.0,-0.0,0,0
351,0.0,0.10099009900990098,0.13386490123687583,1.0,-0.0,0,0
352,0.0,0.02772277227722772,0.07461957893630407,1.0,-0.0,0,0
353,0.0,0.057425742574257435,0.10656335878870264,1.0,-0.0,0,0
354,0.0,0.061386138613861385,0.11515834731523733,1.0,-0.0,0,0
355,0.0,0.07524752475247526,0.12851469892742934,1.0,-0.0,0,0
356,0.0,0.07722772277227723,0.12888031758632065,1.0,-0.0,0,0
357,0.0,0.07722772277227723,0.12888031758632065,1.0,-0.0,0,0
358,0.0,0.0297029702970297,0.07112192077650681,1.0,-0.0,0,0
359,0.0,0.025742574257425745,0.06697637435757531,1.0,-0.0,0,0
360,0.0,0.011881188118811881,0.04727657974777554,1.0,-0.0,0,0
361,0.0,0.009900990099009901,0.04338396495090425,1.0,-0.0,0,0
362,0.0,0.009900990099009901,0.04338396495090425,1.0,-0.0,0,0
363,0.0,0.009900990099009901,0.04338396495090425,1.0,-0.0,0,0
364,0.0,0.007920792079207921,0.03900537743285587,1.0,-0.0,0,0
365,0.0,0.10099009900990098,0.1367914141716479,1.0,-0.0,0,0
366,0.0,0.1376237623762376,0.1584900816139702,1.0,-0.0,0,0
367,0.0,0.1376237623762376,0.1584900816139702,1.0,-0.0,0,0
368,0.0,0.1376237623762376,0.1584900816139702,1.0,-0.0,0,0
369,0.0,0.1287128712871287,0.15307840071356585,1.0,-0.0,0,0
370,0.0,0.05346534653465347,0.10104832334394513,1.0,-0.0,0,0
371,0.0,0.017821782178217824,0.0635517090529949,1.0,-0.0,0,0
372,0.0,0.06732673267326733,0.11000352009767247,1.0,-0.0,0,0
373,0.0,0.10891089108910891,0.1529246303073887,1.0,-0.0,0,9
374,0.0,0.10891089108910891,0.1529246303073887,1.0,-0.0,0,0
375,0.0,0.11485148514851484,0.1550382505430763,1.0,-0.0,0,0
376,0.0,0.11485148514851484,0.1550382505430763,1.0,-0.0,0,0
377,0.0,0.06534653465346535,0.10939585993610403,1.0,-0.0,0,0
378,0.0,0.06336633663366337,0.10504385908811757,1.0,-0.0,0,0
379,0.0,0.06336633663366337,0.10504385908811757,1.0,-0.0,0,0
380,0.0,0.039603960396039604,0.07970143286137867,1.0,-0.0,0,0
381,0.0,0.039603960396039604,0.07970143286137867,1.0,-0.0,0,0
382,0.0,0.061386138613861385,0.09224407682259103,1.0,-0.0,0,0
383,0.0,0.09306930693069307,0.13069306930693073,1.0,-0.0,0,0
384,0.0,0.10099009900990098,0.1308729634998678,1.0,-0.0,0,0
385,0.0,0.10099009900990098,0.1308729634998678,1.0,-0.0,0,0
386,0.0,0.10099009900990098,0.1308729634998678,1.0,-0.0,0,0
387,0.0,0.07920792079207921,0.12293186689242579,1.0,-0.0,0,0
388,0.0,0.05544554455445544,0.09384550979067553,1.0,-0.0,0,0
389,0.0,0.04752475247524753,0.08965727859541997,1.0,-0.0,0,0
390,0.0,0.04752475247524753,0.08965727859541997,1.0,-0.0,0,0
391,0.0,0.04752475247524753,0.08965727859541997,1.0,-0.0,0,0
392,0.0,0.04752475247524753,0.08965727859541997,1.0,-0.0,0,0
393,0.0,0.0,0.0,1.0,-0.0,0,0
394,0.0,0.0,0.0,1.0,-0.0,0,0
395,0.0,0.013861386138613863,0.05079507064705211,1.0,-0.0,0,0
396,0.0,0.027722772277227727,0.06910862719451544,1.0,-0.0,0,0
397,0.0,0.027722772277227727,0.06910862719451544,1.0,-0.0,0,0
398,0.0,0.12277227722772276,0.1566235242240411,1.0,-0.0,0,0
399,0.0,0.12277227722772276,0.1566235242240411,1.0,-0.0,0,0
400,0.0,0.10891089108910891,0.15549283508436104,1.0,-0.0,0,0
401,0.0,0.09504950495049502,0.13957235791450373,1.0,-0.0,0,0
402,0.0,0.09504950495049502,0.13957235791450373,1.0,-0.0,0,0
403,0.0,0.0,0.0,1.0,-0.0,0,0
404,0.0,0.0,0.0,1.0,-0.0,0,0
405,0.0,0.0,0.0,1.0,-0.0,0,0
406,0.0,0.0,0.0,1.0,-0.0,0,0
407,0.0,0.0,0.0,1.0,-0.0,0,0
408,0.0,0.011881188118811881,0.047276579747775535,1.0,-0.0,0,0
409,0.0,0.011881188118811881,0.047276579747775535,1.0,-0.0,0,0
410,0.0,0.011881188118811881,0.047276579747775535,1.0,-0.0,0,0
411,0.0,0.011881188118811881,0.047276579747775535,1.0,-0.0,0,0
412,0.0,0.011881188118811881,0.047276579747775535,1.0,-0.0,0,0
413,0.0,0.0,0.0,1.0,-0.0,0,0
414,0.0,0.0,0.0,1.0,-0.0,0,0
415,0.0,0.0,0.0,1.0,-0.0,0,0
416,0.0,0.0,0.0,1.0,-0.0,0,0
417,0.0,0.0,0.0,1.0,-0.0,0,0
418,0.0,0.0,0.0,1.0,-0.0,0,0
419,0.0,0.0,0.0,1.0,-0.0,0,0
420,0.0,0.0,0.0,1.0,-0.0,0,0
421,0.0,0.0039603960396039604,0.027863855998951064,1.0,-0.0,0,0
422,0.0,0.0039603960396039604,0.027863855998951064,1.0,-0.0,0,0
423,0.0,0.0039603960396039604,0.027863855998951064,1.0,-0.0,0,0
424,0.0,0.07524752475247526,0.1189108498693262,1.0,-0.0,0,0
425,0.0,0.07524752475247526,0.1189108498693262,1.0,-0.0,0,0
426,0.0,0.0712871287128713,0.11461224656227947,1.0,-0.0,0,0
427,0.0,0.0712871287128713,0.11461224656227947,1.0,-0.0,0,0
428,0.0,0.0712871287128713,0.11461224656227947,1.0,-0.0,0,0
429,0.0,0.021782178217821784,0.06836703565002801,1.0,-0.0,0,0
430,0.0,0.021782178217821784,0.06836703565002801,1.0,-0.0,0,0
431,0.0,0.021782178217821784,0.06836703565002801,1.0,-0.0,0,0
432,0.0,0.021782178217821784,0.06836703565002801,1.0,-0.0,0,0
433,0.0,0.021782178217821784,0.06836703565002801,1.0,-0.0,0,0
434,0.0,0.0,0.0,1.0,-0.0,0,0
435,0.0,0.0,0.0,1.0,-0.0,0,0
436,0.0,0.0,0.0,1.0,-0.0,0,0
437,0.0,0.0,0.0,1.0,-0.0,0,0
438,0.0,0.0,0.0,1.0,-0.0,0,0
439,0.0,0.0,0.0,1.0,-0.0,0,0
440,0.0,0.0,0.0,1.0,-0.0,0,0
441,0.0,0.0,0.0,1.0,-0.0,0,0
442,0.0,0.0019801980198019802,0.0198019801980198,1.0,-0.0,0,0
443,0.0,0.0019801980198019802,0.0198019801980198,1.0,-0.0,0,0
444,0.0,0.0019801980198019802,0.0198019801980198,1.0,-0.0,0,0
445,0.0,0.0019801980198019802,0.0198019801980198,1.0,-0.0,0,0
446,0.0,0.0019801980198019802,0.0198019801980198,1.0,-0.0,0,0
447,0.0,0.05346534653465347,0.09704990696905227,1.0,-0.0,0,0
448,0.0,0.05346534653465347,0.09704990696905227,1.0,-0.0,0,0
449,0.0,0.05346534653465347,0.09704990696905227,1.0,-0.0,0,0
450,0.0,0.05346534653465347,0.09704990696905227,1.0,-0.0,0,0
451,0.0,0.05346534653465347,0.09704990696905227,1.0,-0.0,0,0
452,0.0,0.0,0.0,1.0,-0.0,0,0
453,0.0,0.0,0.0,1.0,-0.0,0,0
454,0.0,0.0,0.0,1.0,-0.0,0,0
455,0.0,0.011881188118811881,0.047276579747775535,1.0,-0.0,0,0
456,0.0,0.05148514851485149,0.1001126705723924,1.0,-0.0,0,0
457,0.2,0.06336633663366337,0.10874875419996817,0.10448261079208833,0.9809559838634979,0,0
458,0.4,0.1267326732673267,0.14818445096134422,0.032584096790634155,1.4869943128540535,0,0
459,0.8,0.17029702970297028,0.19373583855263382,0.0005763813206441145,3.2392901022380576,0,0
460,1.0,0.23168316831683167,0.22817862252213808,0.0003797155492645158,3.4205416182367925,0,0
461,1.2,0.2435643564356436,0.20605480458342285,1.7281346418363519e-06,5.7624224239354875,0,0
462,1.0,0.23168316831683167,0.2043733203554957,8.516771234771924e-05,4.069725017989952,0,0
463,1.0,0.23564356435643558,0.20565479025690647,0.00010092234077594081,3.9960126850838615,0,0
464,0.6,0.2653465346534653,0.21453871471544186,0.059394773541728244,1.2262517691913852,0,0
465,0.4,0.20990099009900987,0.21868416146183803,0.19234544683664118,0.7159180897685316,0,0
466,0.2,0.1584158415841584,0.18307998940714806,0.41015877929826944,0.3870479880993875,0,0
467,0.2,0.1584158415841584,0.18307998940714806,0.41015877929826944,0.3870479880993875,0,0
468,0.0,0.0891089108910891,0.13042276277287215,1.0,-0.0,0,0
469,0.0,0.017821782178217824,0.0635517090529949,1.0,-0.0,0,0
470,0.0,0.03564356435643565,0.08626938974571076,1.0,-0.0,0,0
471,0.0,0.03564356435643565,0.08626938974571076,1.0,-0.0,0,0
472,0.0,0.03564356435643565,0.08626938974571076,1.0,-0.0,0,0
473,0.0,0.03564356435643565,0.08626938974571076,1.0,-0.0,0,0
474,0.0,0.03564356435643565,0.08626938974571076,1.0,-0.0,0,0
475,0.0,0.0,0.0,1.0,-0.0,0,0
476,0.0,0.0,0.0,1.0,-0.0,0,0
477,0.0,0.0,0.0,1.0,-0.0,0,0
478,0.0,0.0,0.0,1.0,-0.0,0,0
479,0.0,0.0,0.0,1.0,-0.0,0,0
480,0.0,0.0039603960396039604,0.027863855998951064,1.0,-0.0,0,0
481,0.0,0.0039603960396039604,0.027863855998951064,1.0,-0.0,0,0
482,0.0,0.0039603960396039604,0.027863855998951064,1.0,-0.0,0,0
483,0.0,0.01386138613861386,0.05079507064705211,1.0,-0.0,0,0
484,0.0,0.01386138613861386,0.05079507064705211,1.0,-0.0,0,0
485,0.0,0.06930693069306931,0.11751770396006173,1.0,-0.0,0,0
486,0.0,0.06930693069306931,0.11751770396006173,1.0,-0.0,0,0
487,0.0,0.06930693069306931,0.11751770396006173,1.0,-0.0,0,0
488,0.0,0.0594059405940594,0.10733330877518932,1.0,-0.0,0,0
489,0.0,0.0594059405940594,0.10733330877518932,1.0,-0.0,0,0
490,0.0,0.05544554455445545,0.1094316980566186,1.0,-0.0,0,0
491,0.0,0.05544554455445545,0.1094316980566186,1.0,-0.0,0,0
492,0.0,0.05544554455445545,0.1094316980566186,1.0,-0.0,0,0
493,0.0,0.11683168316831682,0.16232793292609266,1.0,-0.0,0,0
494,0.0,0.11683168316831682,0.16232793292609266,1.0,-0.0,0,0
495,0.0,0.0891089108910891,0.13342479626077636,1.0,-0.0,0,0
496,0.0,0.0891089108910891,0.13342479626077636,1.0,-0.0,0,0
497,0.0,0.0891089108910891,0.13342479626077636,1.0,-0.0,0,0
498,0.0,0.06534653465346535,0.10571364605971595,1.0,-0.0,0,0
499,0.0,0.06534653465346535,0.10571364605971595,1.0,-0.0,0,0
500,0.0,0.03762376237623763,0.08771182015980238,1.0,-0.0,0,0
501,0.0,0.03762376237623763,0.08771182015980238,1.0,-0.0,0,0
502,0.0,0.03762376237623763,0.08771182015980238,1.0,-0.0,0,0
503,0.0,0.04950495049504951,0.1068206254198905,1.0,-0.0,0,0
504,0.0,0.04950495049504951,0.1068206254198905,1.0,-0.0,0,0
505,0.0,0.05544554455445545,0.11644507269694382,1.0,-0.0,0,0
506,0.0,0.0891089108910891,0.15536669501729133,1.0,-0.0,0,0
507,0.0,0.0891089108910891,0.15536669501729133,1.0,-0.0,0,0
508,0.0,0.08316831683168316,0.13280619910579972,1.0,-0.0,0,0
509,0.0,0.09504950495049502,0.13957235791450373,1.0,-0.0,0,0
510,0.0,0.08910891089108909,0.13342479626077636,1.0,-0.0,0,0
511,0.0,0.061386138613861385,0.10806149425459212,1.0,-0.0,0,0
512,0.0,0.07722772277227723,0.11593886073904515,1.0,-0.0,0,0
513,0.0,0.033663366336633666,0.07482947971362847,1.0,-0.0,0,0
514,0.0,0.021782178217821784,0.06230547612891991,1.0,-0.0,0,0
515,0.0,0.039603960396039604,0.08452453849668534,1.0,-0.0,0,0
516,0.0,0.04356435643564357,0.08721867542790195,1.0,-0.0,0,0
517,0.0,0.09504950495049502,0.12771893462651168,1.0,-0.0,0,0
518,0.0,0.09504950495049502,0.12771893462651168,1.0,-0.0,0,0
519,0.0,0.16633663366336635,0.1517405470151922,1.0,-0.0,0,0
520,0.0,0.1485148514851485,0.1452985055670823,1.0,-0.0,0,0
521,0.0,0.13861386138613857,0.1427941099193659,1.0,-0.0,0,0
522,0.0,0.06930693069306931,0.10693069306930696,1.0,-0.0,0,0
523,0.0,0.07722772277227724,0.11593886073904515,1.0,-0.0,0,0
524,0.0,0.07722772277227724,0.10889288780093088,1.0,-0.0,0,0
525,0.0,0.07722772277227724,0.10889288780093088,1.0,-0.0,0,0
526,0.0,0.07722772277227724,0.10889288780093088,1.0,-0.0,0,0
527,0.0,0.07722772277227724,0.10889288780093088,1.0,-0.0,0,0
528,0.0,0.06930693069306931,0.10316052497133552,1.0,-0.0,0,0
529,0.0,0.0,0.0,1.0,-0.0,0,0
530,0.0,0.0,0.0,1.0,-0.0,0,0
531,0.0,0.06534653465346536,0.1352926008121879,1.0,-0.0,0,0
532,0.0,0.06534653465346536,0.1352926008121879,1.0,-0.0,0,0
533,0.0,0.06534653465346536,0.1352926008121879,1.0,-0.0,0,0
534,0.0,0.11089108910891088,0.16038381569359675,1.0,-0.0,0,0
535,0.0,0.11089108910891088,0.16038381569359675,1.0,-0.0,0,0
536,0.0,0.04554455445544554,0.09283729243351323,1.0,-0.0,0,0
537,0.2,0.097029702970297,0.1396285351588451,0.23042168355485154,0.6374766545668977,0,0
538,0.2,0.097029702970297,0.1396285351588451,0.23042168355485154,0.6374766545668977,0,0
539,0.2,0.06534653465346535,0.11976515267356391,0.130440226039647,0.8845884572772558,0,0
540,0.8,0.10891089108910891,0.1503125521928582,2.1361010387159672e-06,5.670378208797508,0,0
541,0.8,0.10891089108910891,0.1503125521928582,2.1361010387159672e-06,5.670378208797508,0,0
542,0.6,0.07722772277227724,0.122580495370631,1.0007364434091699e-05,4.999680284402941,0,0
