,foreground,bg_means,bg_stdev,pvals,minus_logs,regs,active
2,0.0,0.025742574257425748,0.06697637435757531,1.0,-0.0,0,0
3,0.0,0.28118811881188116,0.2146666175503786,1.0,-0.0,0,0
4,0.0,0.2554455445544554,0.20122163905679588,1.0,-0.0,0,0
5,0.0,0.2554455445544554,0.20122163905679588,1.0,-0.0,0,0
6,0.0,0.2554455445544554,0.20122163905679588,1.0,-0.0,0,0
7,0.0,0.2554455445544554,0.20122163905679588,1.0,-0.0,0,0
8,0.0,0.0,0.0,1.0,-0.0,0,0
9,0.0,0.09504950495049502,0.12771893462651168,1.0,-0.0,0,0
10,0.0,0.09504950495049502,0.12771893462651168,1.0,-0.0,0,0
11,0.0,0.09504950495049502,0.12771893462651168,1.0,-0.0,0,0
12,0.0,0.09504950495049502,0.12771893462651168,1.0,-0.0,0,0
13,0.0,0.12871287128712872,0.14781352559621008,1.0,-0.0,0,0
14,0.0,0.03366336633663367,0.07482947971362847,1.0,-0.0,0,0
15,0.0,0.03366336633663367,0.07482947971362847,1.0,-0.0,0,0
16,0.0,0.03366336633663367,0.07482947971362847,1.0,-0.0,0,0
17,0.0,0.03366336633663367,0.07482947971362847,1.0,-0.0,0,0
18,0.0,0.19207920792079203,0.17558003918939316,1.0,-0.0,0,0
19,0.0,0.19207920792079203,0.17558003918939316,1.0,-0.0,0,0
20,0.0,0.2356435643564356,0.18325125229717662,1.0,-0.0,0,0
21,0.0,0.2356435643564356,0.18325125229717662,1.0,-0.0,0,0
22,0.0,0.5287128712871287,0.28225984575812285,1.0,-0.0,0,0
23,0.0,0.33663366336633666,0.2267823889460659,1.0,-0.0,0,0
24,0.0,0.3465346534653465,0.2402821593998814,1.0,-0.0,0,0
25,0.0,0.300990099009901,0.22624574806133213,1.0,-0.0,0,0
26,0.0,0.300990099009901,0.22624574806133213,1.0,-0.0,0,0
27,0.0,0.009900990099009901,0.04338396495090425,1.0,-0.0,0,0
28,0.0,0.08118811881188118,0.11664694237642095,1.0,-0.0,0,0
29,0.0,0.0712871287128713,0.10372911567294095,1.0,-0.0,0,0
30,0.0,0.0712871287128713,0.10372911567294095,1.0,-0.0,0,0
31,0.0,0.19801980198019797,0.19395834911660803,1.0,-0.0,0,0
32,0.0,0.19801980198019797,0.19395834911660803,1.0,-0.0,0,0
33,0.0,0.22376237623762377,0.19353333422369295,1.0,-0.0,0,0
34,0.0,0.22376237623762377,0.19353333422369295,1.0,-0.0,0,0
35,0.0,0.22376237623762377,0.19353333422369295,1.0,-0.0,0,0
36,0.0,0.09702970297029702,0.12464241569787102,1.0,-0.0,0,0
37,0.0,0.09702970297029702,0.12464241569787102,1.0,-0.0,0,0
38,0.0,0.0,0.0,1.0,-0.0,0,0
39,0.0,0.017821782178217824,0.05698017651460655,1.0,-0.0,0,0
40,0.0,0.017821782178217824,0.05698017651460655,1.0,-0.0,0,0
41,0.0,0.017821782178217824,0.05698017651460655,1.0,-0.0,0,0
42,0.0,0.017821782178217824,0.05698017651460655,1.0,-0.0,0,0
43,0.0,0.017821782178217824,0.05698017651460655,1.0,-0.0,0,0
44,0.0,0.0,0.0,1.0,-0.0,0,0
45,0.0,0.0,0.0,1.0,-0.0,0,0
46,0.0,0.0,0.0,1.0,-0.0,0,0
47,0.0,0.0,0.0,1.0,-0.0,0,0
48,0.0,0.0,0.0,1.0,-0.0,0,0
49,0.0,0.0,0.0,1.0,-0.0,0,0
50,0.0,0.0,0.0,1.0,-0.0,0,0
51,0.0,0.2079207920792079,0.22324482334837656,1.0,-0.0,0,0
52,0.0,0.2079207920792079,0.22324482334837656,1.0,-0.0,0,0
53,0.0,0.2198019801980198,0.22778303120076682,1.0,-0.0,0,0
54,0.0,0.2198019801980198,0.22778303120076682,1.0,-0.0,0,0
55,0.0,0.2198019801980198,0.22778303120076682,1.0,-0.0,0,0
56,0.0,0.023762376237623766,0.06471340450838889,1.0,-0.0,0,0
57,0.0,0.023762376237623766,0.06471340450838889,1.0,-0.0,0,0
58,0.0,0.011881188118811883,0.047276579747775535,1.0,-0.0,0,0
59,0.2,0.031683168316831684,0.0730260947112308,0.01058647624307391,1.9752485727397298,0,0
60,0.2,0.031683168316831684,0.0730260947112308,0.01058647624307391,1.9752485727397298,0,0
61,0.2,0.03762376237623763,0.07816140339006158,0.01888012292982573,1.723995182306426,0,0
62,0.2,0.05346534653465348,0.08851285797476044,0.04890970681379658,1.3106049405222455,0,0
63,0.2,0.05346534653465348,0.08851285797476044,0.04890970681379658,1.3106049405222455,0,0
64,0.0,0.033663366336633666,0.07482947971362845,1.0,-0.0,0,0
65,0.0,0.033663366336633666,0.07482947971362845,1.0,-0.0,0,0
66,0.0,0.015841584158415842,0.05401260078014202,1.0,-0.0,0,0
67,0.0,0.0,0.0,1.0,-0.0,0,0
68,0.0,0.0,0.0,1.0,-0.0,0,0
69,0.0,0.015841584158415842,0.05401260078014202,1.0,-0.0,1,0
70,0.0,0.015841584158415842,0.05401260078014202,1.0,-0.0,0,0
71,0.0,0.015841584158415842,0.05401260078014202,1.0,-0.0,0,0
72,0.0,0.06930693069306931,0.10693069306930696,1.0,-0.0,0,0
73,0.0,0.08118811881188118,0.11999411807954946,1.0,-0.0,0,0
74,0.0,0.06534653465346535,0.1129581045303102,1.0,-0.0,0,0
75,0.0,0.06534653465346535,0.1129581045303102,1.0,-0.0,0,0
76,0.0,0.06534653465346535,0.1129581045303102,1.0,-0.0,0,0
77,0.0,0.011881188118811881,0.047276579747775535,1.0,-0.0,0,0
78,0.0,0.0,0.0,1.0,-0.0,0,0
79,0.0,0.0,0.0,1.0,-0.0,0,0
80,0.0,0.0,0.0,1.0,-0.0,0,0
81,0.0,0.0,0.0,1.0,-0.0,0,0
82,0.0,0.0,0.0,1.0,-0.0,0,0
83,0.2,0.017821782178217824,0.05698017651460656,0.0006937928196726553,3.15877019915046,0,0
84,0.2,0.017821782178217824,0.05698017651460656,0.0006937928196726553,3.15877019915046,0,0
85,0.2,0.017821782178217824,0.05698017651460656,0.0006937928196726553,3.15877019915046,0,0
86,0.2,0.017821782178217824,0.05698017651460656,0.0006937928196726553,3.15877019915046,0,0
87,0.2,0.017821782178217824,0.05698017651460656,0.0006937928196726553,3.15877019915046,0,0
88,0.0,0.0,0.0,1.0,-0.0,0,0
89,0.0,0.0,0.0,1.0,-0.0,0,15
90,0.0,0.0,0.0,1.0,-0.0,0,0
91,0.0,0.0,0.0,1.0,-0.0,0,0
92,0.0,0.07326732673267326,0.11848138852793338,1.0,-0.0,0,0
93,0.0,0.07326732673267326,0.11848138852793338,1.0,-0.0,0,0
94,0.0,0.07326732673267326,0.11848138852793338,1.0,-0.0,0,0
95,0.0,0.07326732673267326,0.11848138852793338,1.0,-0.0,0,0
96,0.0,0.07326732673267326,0.11848138852793338,1.0,-0.0,0,0
97,0.0,0.06336633663366338,0.09721138779115705,1.0,-0.0,0,0
98,0.0,0.300990099009901,0.20990099009900987,1.0,-0.0,0,0
99,0.0,0.300990099009901,0.20990099009900987,1.0,-0.0,0,0
100,0.0,0.300990099009901,0.20990099009900987,1.0,-0.0,0,0
101,0.0,0.300990099009901,0.20990099009900987,1.0,-0.0,0,0
102,0.0,0.2376237623762376,0.19235460506266758,1.0,-0.0,0,0
103,0.0,0.0,0.0,1.0,-0.0,0,0
104,0.0,0.0,0.0,1.0,-0.0,0,0
105,0.0,0.007920792079207921,0.03900537743285587,1.0,-0.0,0,0
106,0.0,0.007920792079207921,0.03900537743285587,1.0,-0.0,0,0
107,0.0,0.007920792079207921,0.03900537743285587,1.0,-0.0,0,0
108,0.0,0.007920792079207921,0.03900537743285587,1.0,-0.0,0,0
109,0.0,0.007920792079207921,0.03900537743285587,1.0,-0.0,0,0
110,0.0,0.0,0.0,1.0,-0.0,0,0
111,0.0,0.0,0.0,1.0,-0.0,0,0
112,0.4,0.10693069306930691,0.1422989641443302,0.019721639053748248,1.7050569939375246,0,0
113,0.4,0.12079207920792079,0.14645435316515326,0.02829591495260535,1.5482762585251435,0,0
114,0.4,0.19603960396039602,0.19290421984883258,0.14518407760175844,0.8380810102810154,0,0
115,0.4,0.19603960396039602,0.19290421984883258,0.14518407760175844,0.8380810102810154,0,0
116,0.4,0.2356435643564356,0.19578941931577465,0.20060697456384408,0.697653971804458,0,0
117,0.0,0.1287128712871287,0.1366767043701972,1.0,-0.0,0,0
118,0.0,0.11386138613861382,0.1235046822139618,1.0,-0.0,0,0
119,0.0,0.03960396039603961,0.08452453849668534,1.0,-0.0,0,0
120,0.0,0.03960396039603961,0.08452453849668534,1.0,-0.0,0,0
121,0.0,0.0,0.0,1.0,-0.0,0,0
122,0.0,0.03564356435643565,0.08626938974571076,1.0,-0.0,0,0
123,0.0,0.03564356435643565,0.08626938974571076,1.0,-0.0,0,0
124,0.8,0.22772277227722773,0.20687146814606538,0.0028344525379556448,2.5475308107409376,0,0
125,0.8,0.22772277227722773,0.20687146814606538,0.0028344525379556448,2.5475308107409376,0,0
126,1.8,0.5227722772277228,0.3317762541168435,5.913953128669075e-05,4.2281221218188705,0,0
127,2.0,0.49900990099009906,0.3191867914290353,1.2846958153046033e-06,5.891199690521922,0,0
128,2.0,0.49900990099009906,0.3191867914290353,1.2846958153046033e-06,5.891199690521922,0,0
129,1.2,0.3069306930693069,0.24302443577687444,0.00011901193608284675,3.9244094796582374,0,0
130,1.2,0.3069306930693069,0.24302443577687444,0.00011901193608284675,3.9244094796582374,0,0
131,0.2,0.011881188118811883,0.04727657974777554,3.458655652090603e-05,4.461092674713383,0,0
132,0.0,0.019801980198019802,0.059735061897023205,1.0,-0.0,0,0
133,0.2,0.07722772277227724,0.12888031758632068,0.17039464501736873,0.7685440579023641,0,0
134,0.2,0.07722772277227724,0.12888031758632068,0.17039464501736873,0.7685440579023641,0,0
135,0.4,0.14257425742574256,0.16730036701294593,0.06193828867063993,1.2080407981908101,0,0
136,0.4,0.19207920792079206,0.18862880323342351,0.1351710926404706,0.8691161756210914,0,0
137,0.4,0.17227722772277226,0.17355845414780538,0.0947463814141375,1.0234373677649795,0,0
138,0.4,0.19009900990099005,0.17434741150934763,0.11430952491560077,0.9419175802264329,0,0
139,0.6,0.2455445544554455,0.2084951990212257,0.04455932509006397,1.3510613957490663,0,0
140,0.4,0.18217821782178212,0.19108654387033375,0.12716155040000254,0.8956441856482595,0,0
141,0.4,0.14851485148514848,0.16082329112274815,0.058939805515589805,1.2295913015306392,0,0
142,0.6,0.2811881188118812,0.2109445383855172,0.0653491356746595,1.1847601521417126,0,0
143,0.4,0.20594059405940596,0.18120705414231045,0.1421012773086086,0.8474020183034434,0,0
144,0.2,0.15049504950495046,0.1551899266764091,0.37486481051314946,0.4261253259621396,0,0
145,0.2,0.1584158415841584,0.15496235680407014,0.39421493655075,0.40426692460584923,0,0
146,0.6,0.29108910891089107,0.22075433678212725,0.08085517373231528,1.0922921853864462,0,0
147,0.4,0.15841584158415842,0.1549623568040701,0.059499836472546516,1.2254842278709173,0,0
148,0.4,0.15841584158415842,0.1549623568040701,0.059499836472546516,1.2254842278709173,0,0
149,0.4,0.16435643564356436,0.15769638607575875,0.06755038969614616,1.1703721412030503,0,0
150,0.4,0.1564356435643564,0.15312962320143525,0.055852475731998606,1.252957571466625,0,0
151,0.2,0.061386138613861385,0.11166631429601336,0.10724339580581539,0.9696294427647089,0,0
152,0.2,0.061386138613861385,0.11166631429601336,0.10724339580581539,0.9696294427647089,0,0
153,0.2,0.14257425742574253,0.16249693654596944,0.3618958493105832,0.4414163979137602,0,0
154,0.2,0.1356435643564356,0.15894712889925117,0.3427784154931472,0.4649865330946754,0,0
155,0.2,0.1356435643564356,0.15894712889925117,0.3427784154931472,0.4649865330946754,0,0
156,0.0,0.07920792079207921,0.11285391563386142,1.0,-0.0,0,0
157,0.0,0.11089108910891086,0.13636075485692528,1.0,-0.0,0,0
158,0.0,0.031683168316831684,0.0730260947112308,1.0,-0.0,0,0
159,0.0,0.031683168316831684,0.0730260947112308,1.0,-0.0,0,0
160,0.0,0.031683168316831684,0.0730260947112308,1.0,-0.0,0,0
161,0.0,0.06732673267326733,0.11698261772468857,1.0,-0.0,0,0
162,0.0,0.03564356435643565,0.08154954567118416,1.0,-0.0,0,0
163,0.0,0.03564356435643565,0.08154954567118416,1.0,-0.0,0,0
164,0.0,0.03564356435643565,0.08154954567118416,1.0,-0.0,0,0
165,0.0,0.10099009900990097,0.14246420394934614,1.0,-0.0,0,0
166,0.0,0.1108910891089109,0.13342479626077636,1.0,-0.0,0,0
167,0.0,0.1108910891089109,0.13342479626077636,1.0,-0.0,0,0
168,0.0,0.1386138613861386,0.13999313775947436,1.0,-0.0,0,0
169,0.0,0.1386138613861386,0.13999313775947436,1.0,-0.0,0,0
170,0.0,0.0712871287128713,0.10372911567294095,1.0,-0.0,0,0
171,0.0,0.025742574257425745,0.0669763743575753,1.0,-0.0,0,0
172,0.0,0.025742574257425745,0.0669763743575753,1.0,-0.0,0,15
173,0.0,0.07524752475247524,0.10474480123119363,1.0,-0.0,0,0
174,0.0,0.07524752475247524,0.10474480123119363,1.0,-0.0,0,0
175,0.0,0.08514851485148514,0.11378818137472192,1.0,-0.0,0,0
176,0.0,0.08514851485148514,0.11378818137472192,1.0,-0.0,0,0
177,0.0,0.08514851485148514,0.11378818137472192,1.0,-0.0,0,0
178,0.0,0.009900990099009901,0.04338396495090424,1.0,-0.0,0,0
179,0.0,0.009900990099009901,0.04338396495090424,1.0,-0.0,0,0
180,0.0,0.015841584158415842,0.054012600780142014,1.0,-0.0,0,0
181,0.0,0.015841584158415842,0.054012600780142014,1.0,-0.0,0,0
182,0.0,0.015841584158415842,0.054012600780142014,1.0,-0.0,0,0
183,0.0,0.015841584158415842,0.054012600780142014,1.0,-0.0,0,0
184,0.0,0.015841584158415842,0.054012600780142014,1.0,-0.0,0,0
185,0.0,0.0,0.0,1.0,-0.0,0,0
186,0.0,0.0,0.0,1.0,-0.0,0,0
187,0.0,0.0,0.0,1.0,-0.0,0,0
188,0.0,0.0,0.0,1.0,-0.0,0,0
189,0.0,0.21188118811881188,0.17077988190051752,1.0,-0.0,0,0
190,0.0,0.21188118811881188,0.17077988190051752,1.0,-0.0,0,0
191,0.0,0.21188118811881188,0.17077988190051752,1.0,-0.0,0,0
192,0.0,0.21188118811881188,0.17077988190051752,1.0,-0.0,0,0
193,0.0,0.21188118811881188,0.17077988190051752,1.0,-0.0,0,0
194,0.0,0.0,0.0,1.0,-0.0,0,0
195,0.0,0.0,0.0,1.0,-0.0,0,0
196,0.0,0.0,0.0,1.0,-0.0,0,0
197,0.0,0.0,0.0,1.0,-0.0,0,0
198,0.0,0.0,0.0,1.0,-0.0,0,0
199,0.0,0.0,0.0,1.0,-0.0,0,0
200,0.0,0.0019801980198019802,0.0198019801980198,1.0,-0.0,0,0
201,0.0,0.0019801980198019802,0.0198019801980198,1.0,-0.0,0,0
202,0.0,0.0019801980198019802,0.0198019801980198,1.0,-0.0,0,0
203,0.0,0.0019801980198019802,0.0198019801980198,1.0,-0.0,0,0
204,0.0,0.0019801980198019802,0.0198019801980198,1.0,-0.0,0,0
205,0.0,0.025742574257425748,0.07264925278354116,1.0,-0.0,0,0
206,0.0,0.24752475247524755,0.21275843197724026,1.0,-0.0,0,0
207,0.0,0.24752475247524755,0.21275843197724026,1.0,-0.0,0,0
208,0.0,0.24752475247524755,0.21275843197724026,1.0,-0.0,0,0
209,0.0,0.2831683168316832,0.22910471769355642,1.0,-0.0,0,0
210,0.0,0.2574257425742575,0.21495868111068375,1.0,-0.0,0,0
211,0.0,0.03564356435643565,0.08154954567118416,1.0,-0.0,0,0
212,0.0,0.049504950495049514,0.09504950495049505,1.0,-0.0,0,0
213,0.0,0.049504950495049514,0.09504950495049505,1.0,-0.0,0,0
214,0.0,0.013861386138613863,0.05079507064705211,1.0,-0.0,0,0
215,0.0,0.013861386138613863,0.05079507064705211,1.0,-0.0,0,0
216,0.0,0.013861386138613863,0.05079507064705211,1.0,-0.0,0,0
217,0.0,0.0,0.0,1.0,-0.0,0,0
218,0.0,0.0,0.0,1.0,-0.0,0,0
219,0.0,0.0,0.0,1.0,-0.0,0,0
220,0.0,0.0,0.0,1.0,-0.0,0,0
221,0.0,0.0,0.0,1.0,-0.0,0,0
222,0.0,0.0,0.0,1.0,-0.0,0,0
223,0.0,0.0,0.0,1.0,-0.0,0,0
