,foreground,bg_means,bg_stdev,pvals,minus_logs,regs,active
2,0.0,0.0,0.0,1.0,-0.0,0,0
3,0.0,0.0,0.0,1.0,-0.0,0,0
4,0.0,0.041584158415841586,0.08116396646304633,1.0,-0.0,0,0
5,0.2,0.12277227722772273,0.12888031758632065,0.27451294146661487,0.5614371766235287,0,0
6,0.2,0.12277227722772273,0.12888031758632065,0.27451294146661487,0.5614371766235287,0,0
7,0.2,0.12277227722772273,0.12888031758632065,0.27451294146661487,0.5614371766235287,0,0
8,0.2,0.12277227722772273,0.12888031758632065,0.27451294146661487,0.5614371766235287,0,0
9,0.2,0.07920792079207921,0.12293186689242577,0.1629037206105144,0.788068996586744,0,0
10,0.0,0.0,0.0,1.0,-0.0,0,0
11,0.0,0.0,0.0,1.0,-0.0,0,0
12,0.0,0.0297029702970297,0.07112192077650681,1.0,-0.0,0,0
13,0.0,0.0297029702970297,0.07112192077650681,1.0,-0.0,0,0
14,0.0,0.0297029702970297,0.07112192077650681,1.0,-0.0,0,0
15,0.0,0.07524752475247524,0.10845991237726064,1.0,-0.0,0,0
16,0.0,0.07524752475247524,0.10845991237726064,1.0,-0.0,0,0
17,0.0,0.04554455445544555,0.08846854615322249,1.0,-0.0,0,0
18,0.0,0.04554455445544555,0.08846854615322249,1.0,-0.0,0,0
19,0.2,0.0792079207920792,0.11285391563386143,0.14223310972386466,0.8469992946288154,0,0
20,0.2,0.05544554455445544,0.09384550979067553,0.0617381483506657,1.2094464000101817,0,0
21,0.2,0.05544554455445544,0.09384550979067553,0.0617381483506657,1.2094464000101817,0,0
22,0.2,0.05544554455445544,0.09384550979067553,0.0617381483506657,1.2094464000101817,0,0
23,0.2,0.05544554455445544,0.09384550979067553,0.0617381483506657,1.2094464000101817,0,0
24,0.0,0.021782178217821784,0.06230547612891991,1.0,-0.0,0,0
25,0.0,0.03762376237623763,0.07816140339006158,1.0,-0.0,0,0
26,0.0,0.03762376237623763,0.07816140339006158,1.0,-0.0,0,0
27,0.0,0.03762376237623763,0.07816140339006158,1.0,-0.0,0,0
28,0.0,0.03762376237623763,0.07816140339006158,1.0,-0.0,0,0
29,0.0,0.03762376237623763,0.07816140339006158,1.0,-0.0,0,0
30,0.0,0.0,0.0,1.0,-0.0,0,0
31,0.0,0.0,0.0,1.0,-0.0,0,0
32,0.0,0.007920792079207921,0.03900537743285587,1.0,-0.0,0,0
33,0.0,0.04356435643564357,0.08255312311158745,1.0,-0.0,0,0
34,0.0,0.04356435643564357,0.08255312311158745,1.0,-0.0,0,0
35,0.0,0.05346534653465347,0.09704990696905227,1.0,-0.0,0,0
36,0.0,0.05346534653465347,0.09704990696905227,1.0,-0.0,0,0
37,0.2,0.057425742574257435,0.09885135821266286,0.07460753442729876,1.127217312004932,0,0
38,0.2,0.021782178217821784,0.06230547612891991,0.002115616449879084,2.6745630648030154,0,0
39,0.2,0.021782178217821784,0.06230547612891991,0.002115616449879084,2.6745630648030154,0,0
40,0.2,0.011881188118811883,0.047276579747775535,3.4586556520905853e-05,4.461092674713385,0,0
41,0.2,0.011881188118811883,0.047276579747775535,3.4586556520905853e-05,4.461092674713385,0,0
42,0.0,0.0,0.0,1.0,-0.0,0,0
43,0.0,0.0,0.0,1.0,-0.0,0,0
44,0.0,0.0,0.0,1.0,-0.0,0,0
45,0.0,0.06534653465346535,0.10571364605971598,1.0,-0.0,0,0
46,0.0,0.06534653465346535,0.10571364605971598,1.0,-0.0,0,0
47,0.0,0.06534653465346535,0.10571364605971598,1.0,-0.0,0,0
48,0.0,0.06534653465346535,0.10571364605971598,1.0,-0.0,0,0
49,0.0,0.06534653465346535,0.10571364605971598,1.0,-0.0,0,0
50,0.0,0.021782178217821784,0.062305476128919915,1.0,-0.0,0,0
51,0.0,0.021782178217821784,0.062305476128919915,1.0,-0.0,0,0
52,0.0,0.021782178217821784,0.062305476128919915,1.0,-0.0,0,0
53,0.0,0.05346534653465348,0.09287951999650357,1.0,-0.0,0,0
54,0.0,0.05346534653465348,0.09287951999650357,1.0,-0.0,0,0
55,0.0,0.031683168316831684,0.0730260947112308,1.0,-0.0,0,0
56,0.0,0.031683168316831684,0.0730260947112308,1.0,-0.0,0,0
57,0.0,0.031683168316831684,0.0730260947112308,1.0,-0.0,0,0
58,0.0,0.0,0.0,1.0,-0.0,0,0
59,0.0,0.0,0.0,1.0,-0.0,0,0
60,0.0,0.0,0.0,1.0,-0.0,0,0
61,0.0,0.0,0.0,1.0,-0.0,0,0
62,0.0,0.0,0.0,1.0,-0.0,0,0
63,0.0,0.0,0.0,1.0,-0.0,0,0
64,0.0,0.0,0.0,1.0,-0.0,0,0
65,0.0,0.0,0.0,1.0,-0.0,0,0
66,0.0,0.0,0.0,1.0,-0.0,0,0
67,0.0,0.0,0.0,1.0,-0.0,0,0
68,0.0,0.0,0.0,1.0,-0.0,0,0
69,0.0,0.0,0.0,1.0,-0.0,0,0
70,0.0,0.021782178217821784,0.06230547612891991,1.0,-0.0,0,0
71,0.0,0.021782178217821784,0.06230547612891991,1.0,-0.0,0,0
72,0.0,0.021782178217821784,0.06230547612891991,1.0,-0.0,0,0
73,0.0,0.021782178217821784,0.06230547612891991,1.0,-0.0,0,0
74,0.0,0.021782178217821784,0.06230547612891991,1.0,-0.0,0,0
75,0.0,0.0,0.0,1.0,-0.0,0,0
76,0.0,0.0,0.0,1.0,-0.0,0,0
77,0.0,0.0,0.0,1.0,-0.0,0,0
78,0.0,0.0,0.0,1.0,-0.0,0,0
79,0.0,0.0,0.0,1.0,-0.0,0,0
80,0.0,0.0,0.0,1.0,-0.0,0,0
81,0.0,0.0,0.0,1.0,-0.0,0,0
82,0.0,0.0,0.0,1.0,-0.0,0,0
83,0.0,0.0,0.0,1.0,-0.0,0,0
84,0.0,0.0,0.0,1.0,-0.0,0,0
85,0.0,0.0,0.0,1.0,-0.0,0,0
86,0.0,0.0,0.0,1.0,-0.0,0,0
87,0.0,0.0,0.0,1.0,-0.0,0,0
88,0.0,0.0,0.0,1.0,-0.0,0,0
89,0.0,0.0,0.0,1.0,-0.0,0,0
90,0.0,0.0,0.0,1.0,-0.0,0,0
91,0.0,0.0,0.0,1.0,-0.0,0,0
92,0.0,0.0,0.0,1.0,-0.0,0,0
93,0.0,0.0,0.0,1.0,-0.0,0,0
94,0.0,0.0,0.0,1.0,-0.0,0,0
95,0.0,0.0,0.0,1.0,-0.0,0,0
96,0.0,0.0,0.0,1.0,-0.0,0,0
97,0.0,0.0,0.0,1.0,-0.0,0,0
98,0.0,0.0,0.0,1.0,-0.0,0,0
99,0.0,0.0,0.0,1.0,-0.0,0,0
100,0.0,0.0,0.0,1.0,-0.0,0,0
101,0.0,0.0,0.0,1.0,-0.0,0,0
102,0.0,0.0,0.0,1.0,-0.0,0,0
103,0.0,0.0,0.0,1.0,-0.0,0,0
104,0.0,0.0,0.0,1.0,-0.0,0,0
105,0.0,0.0,0.0,1.0,-0.0,0,0
106,0.0,0.0,0.0,1.0,-0.0,0,0
107,0.0,0.0,0.0,1.0,-0.0,0,0
108,0.0,0.0,0.0,1.0,-0.0,0,0
109,0.0,0.0,0.0,1.0,-0.0,0,0
110,0.0,0.0,0.0,1.0,-0.0,0,0
111,0.0,0.0,0.0,1.0,-0.0,0,0
112,0.0,0.0,0.0,1.0,-0.0,0,0
113,0.0,0.0,0.0,1.0,-0.0,0,0
114,0.0,0.0,0.0,1.0,-0.0,0,0
115,0.0,0.0,0.0,1.0,-0.0,0,0
116,0.0,0.0,0.0,1.0,-0.0,0,0
117,0.0,0.0,0.0,1.0,-0.0,0,0
118,0.0,0.0,0.0,1.0,-0.0,0,0
119,0.0,0.0,0.0,1.0,-0.0,0,0
120,0.0,0.0,0.0,1.0,-0.0,0,0
121,0.0,0.0,0.0,1.0,-0.0,0,0
122,0.0,0.0,0.0,1.0,-0.0,0,0
123,0.0,0.0,0.0,1.0,-0.0,0,0
124,0.0,0.0,0.0,1.0,-0.0,0,0
125,0.0,0.0,0.0,1.0,-0.0,0,0
126,0.0,0.0,0.0,1.0,-0.0,0,0
127,0.0,0.0,0.0,1.0,-0.0,0,0
128,0.0,0.0,0.0,1.0,-0.0,0,0
129,0.0,0.0,0.0,1.0,-0.0,0,0
130,0.0,0.0,0.0,1.0,-0.0,0,0
131,0.0,0.0,0.0,1.0,-0.0,0,0
132,0.0,0.0,0.0,1.0,-0.0,0,0
133,0.0,0.0,0.0,1.0,-0.0,0,0
134,0.0,0.0,0.0,1.0,-0.0,0,0
135,0.0,0.0,0.0,1.0,-0.0,0,0
136,0.0,0.0,0.0,1.0,-0.0,0,0
137,0.0,0.0,0.0,1.0,-0.0,0,0
138,0.0,0.0,0.0,1.0,-0.0,0,0
139,0.0,0.0,0.0,1.0,-0.0,0,0
140,0.0,0.0,0.0,1.0,-0.0,0,0
141,0.0,0.0,0.0,1.0,-0.0,0,0
142,0.0,0.0,0.0,1.0,-0.0,0,0
143,0.0,0.0,0.0,1.0,-0.0,0,0
144,0.0,0.0,0.0,1.0,-0.0,0,0
145,0.0,0.0,0.0,1.0,-0.0,0,0
146,0.0,0.0,0.0,1.0,-0.0,0,0
147,0.0,0.0,0.0,1.0,-0.0,0,0
148,0.0,0.0,0.0,1.0,-0.0,0,0
149,0.0,0.0,0.0,1.0,-0.0,0,0
150,0.0,0.0,0.0,1.0,-0.0,0,0
151,0.0,0.0,0.0,1.0,-0.0,0,0
152,0.0,0.0,0.0,1.0,-0.0,0,0
153,0.0,0.0,0.0,1.0,-0.0,0,0
154,0.0,0.0,0.0,1.0,-0.0,0,0
155,0.0,0.0,0.0,1.0,-0.0,0,0
156,0.0,0.0,0.0,1.0,-0.0,0,0
157,0.0,0.0,0.0,1.0,-0.0,0,0
158,0.0,0.0,0.0,1.0,-0.0,0,0
159,0.0,0.0,0.0,1.0,-0.0,0,0
160,0.0,0.0,0.0,1.0,-0.0,0,0
161,0.0,0.0,0.0,1.0,-0.0,0,0
162,0.0,0.0,0.0,1.0,-0.0,0,0
163,0.0,0.0,0.0,1.0,-0.0,0,0
164,0.0,0.0,0.0,1.0,-0.0,0,0
165,0.0,0.0,0.0,1.0,-0.0,0,0
166,0.0,0.0,0.0,1.0,-0.0,0,0
167,0.0,0.0,0.0,1.0,-0.0,0,0
168,0.0,0.0,0.0,1.0,-0.0,0,0
169,0.0,0.0,0.0,1.0,-0.0,0,0
170,0.0,0.021782178217821784,0.06230547612891991,1.0,-0.0,0,0
171,0.0,0.021782178217821784,0.06230547612891991,1.0,-0.0,0,0
172,0.0,0.021782178217821784,0.06230547612891991,1.0,-0.0,0,0
173,0.0,0.039603960396039604,0.07970143286137865,1.0,-0.0,0,0
174,0.0,0.039603960396039604,0.07970143286137865,1.0,-0.0,0,0
175,0.0,0.017821782178217824,0.056980176514606566,1.0,-0.0,0,0
176,0.0,0.017821782178217824,0.056980176514606566,1.0,-0.0,0,0
177,0.0,0.017821782178217824,0.056980176514606566,1.0,-0.0,0,0
178,0.0,0.0,0.0,1.0,-0.0,0,0
179,0.0,0.0,0.0,1.0,-0.0,0,0
180,0.0,0.0,0.0,1.0,-0.0,0,0
181,0.0,0.0,0.0,1.0,-0.0,0,0
182,0.0,0.0,0.0,1.0,-0.0,0,0
183,0.0,0.0,0.0,1.0,-0.0,0,0
184,0.0,0.0,0.0,1.0,-0.0,0,0
185,0.0,0.0,0.0,1.0,-0.0,0,0
186,0.0,0.0,0.0,1.0,-0.0,0,0
187,0.0,0.0,0.0,1.0,-0.0,0,0
188,0.0,0.0,0.0,1.0,-0.0,0,0
189,0.0,0.0019801980198019802,0.019801980198019802,1.0,-0.0,0,0
190,0.0,0.0019801980198019802,0.019801980198019802,1.0,-0.0,0,0
191,0.0,0.0019801980198019802,0.019801980198019802,1.0,-0.0,0,0
192,0.0,0.0019801980198019802,0.019801980198019802,1.0,-0.0,0,0
193,0.0,0.0019801980198019802,0.019801980198019802,1.0,-0.0,0,0
194,0.0,0.0,0.0,1.0,-0.0,0,0
195,0.0,0.0,0.0,1.0,-0.0,0,0
196,0.0,0.0,0.0,1.0,-0.0,0,0
197,0.0,0.0,0.0,1.0,-0.0,0,0
198,0.0,0.0,0.0,1.0,-0.0,0,0
199,0.0,0.0,0.0,1.0,-0.0,0,0
200,0.0,0.0,0.0,1.0,-0.0,0,0
201,0.0,0.0,0.0,1.0,-0.0,0,0
202,0.0,0.0,0.0,1.0,-0.0,0,0
203,0.0,0.0,0.0,1.0,-0.0,0,0
204,0.0,0.0,0.0,1.0,-0.0,0,0
205,0.0,0.0,0.0,1.0,-0.0,0,0
206,0.0,0.0,0.0,1.0,-0.0,0,0
207,0.0,0.0,0.0,1.0,-0.0,0,0
208,0.0,0.0,0.0,1.0,-0.0,0,0
209,0.0,0.0,0.0,1.0,-0.0,0,0
210,0.0,0.0,0.0,1.0,-0.0,0,0
211,0.0,0.0,0.0,1.0,-0.0,0,0
212,0.0,0.0,0.0,1.0,-0.0,0,0
213,0.0,0.0,0.0,1.0,-0.0,0,0
214,0.0,0.0,0.0,1.0,-0.0,0,0
215,0.0,0.0,0.0,1.0,-0.0,0,0
216,0.0,0.0,0.0,1.0,-0.0,0,0
217,0.0,0.0,0.0,1.0,-0.0,0,0
218,0.0,0.0,0.0,1.0,-0.0,0,0
219,0.0,0.0,0.0,1.0,-0.0,0,0
220,0.0,0.007920792079207921,0.03900537743285587,1.0,-0.0,0,0
221,0.0,0.007920792079207921,0.03900537743285587,1.0,-0.0,0,0
222,0.0,0.039603960396039604,0.07970143286137867,1.0,-0.0,0,0
223,0.0,0.039603960396039604,0.07970143286137867,1.0,-0.0,0,0
224,0.0,0.057425742574257435,0.09476028605152792,1.0,-0.0,0,0
225,0.0,0.04950495049504951,0.09078727434730813,1.0,-0.0,0,0
226,0.0,0.04950495049504951,0.09078727434730813,1.0,-0.0,0,0
227,0.0,0.017821782178217824,0.05698017651460656,1.0,-0.0,0,0
228,0.0,0.017821782178217824,0.05698017651460656,1.0,-0.0,0,0
229,0.0,0.0,0.0,1.0,-0.0,0,0
230,0.0,0.0,0.0,1.0,-0.0,0,0
231,0.0,0.0,0.0,1.0,-0.0,0,0
232,0.0,0.025742574257425745,0.06697637435757531,1.0,-0.0,0,0
233,0.0,0.025742574257425745,0.06697637435757531,1.0,-0.0,0,0
234,0.0,0.025742574257425745,0.06697637435757531,1.0,-0.0,0,0
235,0.0,0.025742574257425745,0.06697637435757531,1.0,-0.0,0,0
236,0.0,0.025742574257425745,0.06697637435757531,1.0,-0.0,0,0
237,0.0,0.0,0.0,1.0,-0.0,0,0
238,0.0,0.0,0.0,1.0,-0.0,0,0
239,0.0,0.0,0.0,1.0,-0.0,0,0
240,0.0,0.0,0.0,1.0,-0.0,0,0
241,0.0,0.0,0.0,1.0,-0.0,0,0
242,0.0,0.0,0.0,1.0,-0.0,0,0
243,0.0,0.0,0.0,1.0,-0.0,0,0
244,0.0,0.0,0.0,1.0,-0.0,0,0
245,0.0,0.0,0.0,1.0,-0.0,0,0
246,0.0,0.0,0.0,1.0,-0.0,0,0
247,0.0,0.0,0.0,1.0,-0.0,0,0
248,0.0,0.041584158415841586,0.08116396646304633,1.0,-0.0,0,0
249,0.0,0.041584158415841586,0.08116396646304633,1.0,-0.0,0,0
250,0.0,0.041584158415841586,0.08116396646304633,1.0,-0.0,0,0
251,0.0,0.041584158415841586,0.08116396646304633,1.0,-0.0,0,0
252,0.0,0.041584158415841586,0.08116396646304633,1.0,-0.0,0,0
253,0.0,0.0,0.0,1.0,-0.0,0,0
254,0.0,0.0,0.0,1.0,-0.0,0,0
255,0.0,0.0,0.0,1.0,-0.0,0,0
256,0.0,0.0,0.0,1.0,-0.0,0,0
257,0.0,0.0,0.0,1.0,-0.0,0,0
258,0.0,0.007920792079207921,0.03900537743285587,1.0,-0.0,0,0
259,0.0,0.007920792079207921,0.03900537743285587,1.0,-0.0,0,0
260,0.0,0.007920792079207921,0.03900537743285587,1.0,-0.0,0,0
261,0.0,0.007920792079207921,0.03900537743285587,1.0,-0.0,0,0
262,0.0,0.007920792079207921,0.03900537743285587,1.0,-0.0,0,0
263,0.0,0.0,0.0,1.0,-0.0,0,0
264,0.0,0.021782178217821784,0.06230547612891991,1.0,-0.0,0,0
265,0.0,0.021782178217821784,0.06230547612891991,1.0,-0.0,0,0
266,0.0,0.021782178217821784,0.06230547612891991,1.0,-0.0,0,0
267,0.0,0.033663366336633666,0.08930671115865095,1.0,-0.0,0,0
268,0.0,0.033663366336633666,0.08930671115865095,1.0,-0.0,0,0
269,0.0,0.011881188118811883,0.047276579747775535,1.0,-0.0,0,0
270,0.0,0.011881188118811883,0.047276579747775535,1.0,-0.0,0,0
271,0.0,0.011881188118811883,0.047276579747775535,1.0,-0.0,0,0
272,0.0,0.0,0.0,1.0,-0.0,0,0
273,0.0,0.049504950495049514,0.08631483056516186,1.0,-0.0,0,0
274,0.2,0.08316831683168317,0.11694909354640316,0.15889830100735314,0.798880746386554,0,0
275,0.2,0.08316831683168317,0.11694909354640316,0.15889830100735314,0.798880746386554,0,0
276,0.2,0.08316831683168317,0.11694909354640316,0.15889830100735314,0.798880746386554,0,0
277,0.2,0.08316831683168317,0.11694909354640316,0.15889830100735314,0.798880746386554,0,0
278,0.2,0.033663366336633666,0.07482947971362845,0.01311209067436901,1.882328056139666,0,0
279,0.0,0.0,0.0,1.0,-0.0,0,0
280,0.0,0.0,0.0,1.0,-0.0,0,0
281,0.0,0.0,0.0,1.0,-0.0,0,0
282,0.0,0.0,0.0,1.0,-0.0,0,0
283,0.0,0.0,0.0,1.0,-0.0,0,0
284,0.0,0.0,0.0,1.0,-0.0,0,0
285,0.0,0.0,0.0,1.0,-0.0,0,0
286,0.0,0.0,0.0,1.0,-0.0,0,0
287,0.0,0.0,0.0,1.0,-0.0,0,0
288,0.0,0.0,0.0,1.0,-0.0,0,0
289,0.0,0.0,0.0,1.0,-0.0,0,0
290,0.0,0.031683168316831684,0.07826167463512675,1.0,-0.0,0,0
291,0.0,0.031683168316831684,0.07826167463512675,1.0,-0.0,0,0
292,0.0,0.031683168316831684,0.07826167463512675,1.0,-0.0,0,0
293,0.0,0.031683168316831684,0.07826167463512675,1.0,-0.0,0,0
294,0.0,0.031683168316831684,0.07826167463512675,1.0,-0.0,0,0
295,0.0,0.0,0.0,1.0,-0.0,0,0
296,0.0,0.0,0.0,1.0,-0.0,0,0
297,0.0,0.0,0.0,1.0,-0.0,0,0
298,0.0,0.0,0.0,1.0,-0.0,0,0
299,0.0,0.0,0.0,1.0,-0.0,0,0
300,0.0,0.0,0.0,1.0,-0.0,0,0
301,0.0,0.0039603960396039604,0.027863855998951064,1.0,-0.0,0,0
302,0.0,0.0039603960396039604,0.027863855998951064,1.0,-0.0,0,0
303,0.0,0.0039603960396039604,0.027863855998951064,1.0,-0.0,0,0
304,0.0,0.02772277227722772,0.06910862719451544,1.0,-0.0,0,0
305,0.2,0.06534653465346535,0.10571364605971598,0.10137482685028305,0.9940698745616096,0,0
306,0.2,0.061386138613861385,0.10433219700847123,0.09199298471617674,1.0362452902111776,0,0
307,0.2,0.061386138613861385,0.10433219700847123,0.09199298471617674,1.0362452902111776,0,0
308,0.2,0.061386138613861385,0.10433219700847123,0.09199298471617674,1.0362452902111776,0,0
309,0.2,0.03762376237623763,0.07816140339006158,0.01888012292982573,1.723995182306426,0,0
310,0.0,0.0,0.0,1.0,-0.0,0,0
311,0.0,0.03168316831683169,0.0730260947112308,1.0,-0.0,0,0
312,0.0,0.03168316831683169,0.0730260947112308,1.0,-0.0,0,0
313,0.0,0.05544554455445545,0.1019369320889802,1.0,-0.0,0,0
314,0.0,0.08712871287128714,0.13324834725751067,1.0,-0.0,0,0
315,0.0,0.08712871287128714,0.13324834725751067,1.0,-0.0,0,0
316,0.0,0.05544554455445545,0.09384550979067553,1.0,-0.0,0,0
317,0.0,0.05544554455445545,0.09384550979067553,1.0,-0.0,0,0
318,0.0,0.031683168316831684,0.07826167463512675,1.0,-0.0,0,0
319,0.0,0.0,0.0,1.0,-0.0,0,0
320,0.0,0.0,0.0,1.0,-0.0,0,0
321,0.0,0.0,0.0,1.0,-0.0,0,0
322,0.0,0.0,0.0,1.0,-0.0,0,0
323,0.0,0.05940594059405942,0.10733330877518933,1.0,-0.0,0,0
324,0.4,0.1306930693069307,0.16753458295712845,0.05397557763109003,1.267802701274368,0,0
325,0.4,0.1306930693069307,0.16753458295712845,0.05397557763109003,1.267802701274368,0,0
326,0.4,0.1306930693069307,0.16753458295712845,0.05397557763109003,1.267802701274368,0,0
327,0.4,0.1306930693069307,0.16753458295712845,0.05397557763109003,1.267802701274368,0,0
328,0.4,0.0712871287128713,0.11461224656227946,0.002065095850295611,2.685059785998668,0,0
329,0.0,0.04356435643564357,0.08721867542790195,1.0,-0.0,0,0
330,0.0,0.06336633663366337,0.10874875419996817,1.0,-0.0,0,0
331,0.0,0.09306930693069305,0.11795067415315191,1.0,-0.0,0,0
332,0.0,0.11287128712871286,0.127165103825761,1.0,-0.0,0,0
333,0.0,0.13465346534653463,0.1293055660777387,1.0,-0.0,0,0
334,0.0,0.08910891089108909,0.1142352879354927,1.0,-0.0,0,0
335,0.0,0.06930693069306931,0.10316052497133552,1.0,-0.0,0,0
336,0.0,0.039603960396039604,0.07970143286137865,1.0,-0.0,0,0
337,0.0,0.019801980198019802,0.0597350618970232,1.0,-0.0,0,0
338,0.0,0.0,0.0,1.0,-0.0,0,0
339,0.0,0.0,0.0,1.0,-0.0,0,0
340,0.0,0.0,0.0,1.0,-0.0,0,0
341,0.0,0.02970297029702971,0.07112192077650681,1.0,-0.0,0,0
342,0.0,0.02970297029702971,0.07112192077650681,1.0,-0.0,0,0
343,0.0,0.02970297029702971,0.07112192077650681,1.0,-0.0,0,0
344,0.0,0.02970297029702971,0.07112192077650681,1.0,-0.0,0,0
345,0.0,0.02970297029702971,0.07112192077650681,1.0,-0.0,0,0
346,0.0,0.0,0.0,1.0,-0.0,0,0
347,0.0,0.0,0.0,1.0,-0.0,0,0
348,0.0,0.0297029702970297,0.07112192077650681,1.0,-0.0,0,0
349,0.0,0.07722772277227723,0.10889288780093088,1.0,-0.0,0,0
350,0.0,0.09900990099009901,0.1308729634998678,1.0,-0.0,0,0
351,0.0,0.09900990099009901,0.1308729634998678,1.0,-0.0,0,0
352,0.0,0.09900990099009901,0.1308729634998678,1.0,-0.0,0,0
353,0.0,0.06930693069306931,0.11057238501634628,1.0,-0.0,0,0
354,0.0,0.021782178217821784,0.06230547612891991,1.0,-0.0,0,0
355,0.0,0.023762376237623766,0.06471340450838889,1.0,-0.0,0,0
