,foreground,bg_means,bg_stdev,pvals,minus_logs,regs,active
2,0.4,0.16633663366336635,0.16902587986434298,0.08342265157333557,1.0787160103021427,0,0
3,0.4,0.23168316831683167,0.21384305018572392,0.21561034139582402,0.6663304127643664,0,0
4,0.2,0.19801980198019797,0.20776042849273665,0.4961976746063064,0.30434527534800115,0,0
5,0.2,0.19801980198019797,0.20776042849273665,0.4961976746063064,0.30434527534800115,0,0
6,0.2,0.17227722772277224,0.18885733097134833,0.4416480433599864,0.354923689284232,0,0
7,0.2,0.17227722772277224,0.18885733097134833,0.4416480433599864,0.354923689284232,0,0
8,0.2,0.16831683168316833,0.14551424214553535,0.4138188004421067,0.3831897825373971,0,0
9,0.2,0.16831683168316833,0.14551424214553535,0.4138188004421067,0.3831897825373971,0,0
10,0.2,0.16831683168316833,0.14551424214553535,0.4138188004421067,0.3831897825373971,0,0
11,0.2,0.2851485148514852,0.18952057210305584,1.0,-0.0,0,0
12,0.2,0.31683168316831684,0.18512468740626128,1.0,-0.0,0,0
13,0.0,0.18613861386138614,0.14960654865365627,1.0,-0.0,0,0
14,0.0,0.18613861386138614,0.14960654865365627,1.0,-0.0,0,0
15,0.0,0.18613861386138614,0.14960654865365627,1.0,-0.0,0,0
16,0.0,0.06732673267326734,0.10255055347504202,1.0,-0.0,0,0
17,0.0,0.05346534653465347,0.09287951999650357,1.0,-0.0,0,0
18,0.0,0.015841584158415842,0.05401260078014202,1.0,-0.0,0,0
19,0.0,0.015841584158415842,0.05401260078014202,1.0,-0.0,0,0
20,0.0,0.07920792079207921,0.11966689053257921,1.0,-0.0,0,0
21,0.0,0.07920792079207921,0.11966689053257921,1.0,-0.0,0,0
22,0.0,0.1801980198019802,0.1813152180952015,1.0,-0.0,0,0
23,0.0,0.1801980198019802,0.1813152180952015,1.0,-0.0,0,0
24,0.0,0.22970297029702968,0.1916807135101792,1.0,-0.0,0,0
25,0.0,0.16633663366336632,0.16666633990099652,1.0,-0.0,0,0
26,0.0,0.16633663366336632,0.16666633990099652,1.0,-0.0,0,0
27,0.0,0.38217821782178224,0.25655603275186945,1.0,-0.0,0,0
28,0.0,0.42376237623762375,0.2688989338101854,1.0,-0.0,0,0
29,0.0,0.3742574257425743,0.2635077413883528,1.0,-0.0,0,0
30,0.0,0.3742574257425743,0.2635077413883528,1.0,-0.0,0,0
31,0.0,0.3742574257425743,0.2635077413883528,1.0,-0.0,0,0
32,0.0,0.04158415841584159,0.09039772047931348,1.0,-0.0,0,0
33,0.0,0.05940594059405942,0.0996808946427978,1.0,-0.0,0,0
34,0.0,0.10297029702970294,0.127780323207142,1.0,-0.0,0,0
35,0.0,0.14257425742574256,0.14714883329235087,1.0,-0.0,0,0
36,0.0,0.17623762376237617,0.15742262902456866,1.0,-0.0,0,0
37,0.0,0.17623762376237617,0.15742262902456866,1.0,-0.0,0,0
38,0.0,0.13861386138613857,0.15088537189345533,1.0,-0.0,0,0
39,0.0,0.1207920792079208,0.1409422546477168,1.0,-0.0,0,0
40,0.0,0.08316831683168319,0.12670172889541695,1.0,-0.0,0,0
41,0.0,0.11683168316831682,0.13575553664160483,1.0,-0.0,0,0
42,0.0,0.15247524752475244,0.1466416521312762,1.0,-0.0,0,0
43,0.0,0.22574257425742572,0.18382808657861666,1.0,-0.0,0,0
44,0.0,0.4376237623762377,0.2575018927734011,1.0,-0.0,0,0
45,0.0,0.4376237623762377,0.2575018927734011,1.0,-0.0,0,0
46,0.0,0.3702970297029703,0.23778872162024675,1.0,-0.0,0,0
47,0.0,0.33663366336633666,0.2267823889460659,1.0,-0.0,0,0
48,0.0,0.2693069306930693,0.19586951317034831,1.0,-0.0,0,0
49,0.0,0.0297029702970297,0.07112192077650681,1.0,-0.0,0,0
50,0.0,0.0297029702970297,0.07112192077650681,1.0,-0.0,0,0
51,0.0,0.30891089108910896,0.23634971986318065,1.0,-0.0,0,0
52,0.0,0.30891089108910896,0.23634971986318065,1.0,-0.0,0,0
53,0.0,0.2792079207920792,0.21632247274494804,1.0,-0.0,0,0
54,0.0,0.2792079207920792,0.21632247274494804,1.0,-0.0,0,0
55,0.0,0.31287128712871287,0.23448421017018475,1.0,-0.0,0,0
56,0.4,0.11683168316831684,0.13575553664160483,0.018495228380579532,1.7329403016120046,0,0
57,0.4,0.1485148514851485,0.14799910448360235,0.04463752696051224,1.3502998744906058,0,0
58,0.6,0.37425742574257437,0.25742574257425743,0.1902642104163415,0.7206428968442289,0,0
59,0.6,0.37425742574257437,0.25742574257425743,0.1902642104163415,0.7206428968442289,0,0
60,0.6,0.3643564356435644,0.2539135888001947,0.17669177890469673,0.752783656828183,0,0
61,0.2,0.2792079207920792,0.22174681471951554,1.0,-0.0,0,0
62,0.4,0.394059405940594,0.22062996312683836,0.489259537671729,0.3104606994097098,0,0
63,0.2,0.16831683168316833,0.16345931947317974,0.4231548609860678,0.37350066580797603,0,0
64,0.2,0.16831683168316833,0.16345931947317974,0.4231548609860678,0.37350066580797603,0,0
65,0.2,0.14455445544554454,0.14383382017690993,0.34993966557139244,0.4560068275587383,0,0
66,0.2,0.14455445544554454,0.14383382017690993,0.34993966557139244,0.4560068275587383,0,0
67,0.2,0.021782178217821784,0.06230547612891991,0.002115616449879084,2.6745630648030154,0,0
68,0.2,0.021782178217821784,0.06230547612891991,0.002115616449879084,2.6745630648030154,0,0
69,0.2,0.021782178217821784,0.06230547612891991,0.002115616449879084,2.6745630648030154,0,0
70,0.2,0.021782178217821784,0.06230547612891991,0.002115616449879084,2.6745630648030154,0,0
71,0.2,0.021782178217821784,0.06230547612891991,0.002115616449879084,2.6745630648030154,0,0
72,0.6,0.061386138613861385,0.11166631429601336,7.055765263131223e-07,6.151455876093723,0,0
73,0.6,0.09702970297029703,0.127780323207142,4.13891218668801e-05,4.38311378771893,0,0
74,0.8,0.15445544554455443,0.14860723199440568,6.996703854453972e-06,5.155106507836943,0,0
75,0.8,0.15445544554455443,0.14860723199440568,6.996703854453972e-06,5.155106507836943,0,0
76,1.0,0.29108910891089107,0.20201902170070257,0.00022478804701096564,3.6482267858751958,0,0
77,0.4,0.22970297029702968,0.17436990069505992,0.16437312239784252,0.7841691949991004,0,0
78,0.4,0.194059405940594,0.1652012167494195,0.10627126007123201,0.9735841699083013,0,0
79,0.4,0.25346534653465347,0.20468007222847603,0.23702022905084158,0.6252145865205285,0,0
80,0.4,0.25346534653465347,0.20468007222847603,0.23702022905084158,0.6252145865205285,0,0
81,0.2,0.11485148514851483,0.14445948324625327,0.27778698168757915,0.5562881110596216,0,0
82,0.2,0.11485148514851483,0.14445948324625327,0.27778698168757915,0.5562881110596216,0,0
83,0.2,0.11485148514851483,0.14445948324625327,0.27778698168757915,0.5562881110596216,0,0
84,0.0,0.0,0.0,1.0,-0.0,0,0
85,0.0,0.09702970297029702,0.14519051706790778,1.0,-0.0,0,0
86,0.0,0.09702970297029702,0.14519051706790778,1.0,-0.0,0,0
87,0.4,0.39207920792079215,0.2160322529627571,0.48537611415183757,0.3139215995477457,0,0
88,0.4,0.41980198019801984,0.23631653632916477,1.0,-0.0,0,0
89,0.6,0.6376237623762376,0.2796219106234274,1.0,-0.0,0,0
90,0.6,0.5405940594059406,0.2678030227137296,0.41222428080288787,0.3848664310232219,0,0
91,0.6,0.5405940594059406,0.2678030227137296,0.41222428080288787,0.3848664310232219,0,0
92,0.2,0.2455445544554455,0.20271657650803532,1.0,-0.0,0,0
93,0.2,0.21782178217821782,0.18476425418501982,1.0,-0.0,0,0
94,0.0,0.039603960396039604,0.07970143286137865,1.0,-0.0,0,0
95,0.0,0.039603960396039604,0.07970143286137865,1.0,-0.0,0,0
96,0.0,0.039603960396039604,0.07970143286137865,1.0,-0.0,0,0
97,0.2,0.08118811881188118,0.10597297552680915,0.13111144771744782,0.8823593871545703,0,0
98,0.2,0.08118811881188118,0.10597297552680915,0.13111144771744782,0.8823593871545703,0,0
99,0.2,0.04158415841584158,0.08116396646304633,0.025480968483881643,1.5937840693032388,0,0
100,0.2,0.04158415841584158,0.08116396646304633,0.025480968483881643,1.5937840693032388,0,0
101,0.2,0.04158415841584158,0.08116396646304633,0.025480968483881643,1.5937840693032388,0,0
102,0.2,0.021782178217821784,0.06230547612891991,0.002115616449879084,2.6745630648030154,0,0
103,0.2,0.021782178217821784,0.06230547612891991,0.002115616449879084,2.6745630648030154,0,0
104,0.2,0.021782178217821784,0.06230547612891991,0.002115616449879084,2.6745630648030154,0,0
105,0.2,0.021782178217821784,0.06230547612891991,0.002115616449879084,2.6745630648030154,0,0
106,0.2,0.021782178217821784,0.06230547612891991,0.002115616449879084,2.6745630648030154,0,0
107,0.0,0.0,0.0,1.0,-0.0,0,0
108,0.0,0.0,0.0,1.0,-0.0,0,0
