,foreground,bg_means,bg_stdev,pvals,minus_logs,regs,active
2,0.2,0.11881188118811879,0.14939672169394075,0.2934135277363957,0.5325198670236352,0,0
3,0.2,0.097029702970297,0.13383560593042218,0.22083419262354137,0.6559336822197845,0,0
4,0.2,0.097029702970297,0.13383560593042218,0.22083419262354137,0.6559336822197845,0,0
5,0.0,0.09702970297029702,0.127780323207142,1.0,-0.0,0,0
6,0.0,0.019801980198019802,0.0597350618970232,1.0,-0.0,0,0
7,0.0,0.019801980198019802,0.0597350618970232,1.0,-0.0,0,0
8,0.0,0.019801980198019802,0.0597350618970232,1.0,-0.0,0,0
9,0.0,0.019801980198019802,0.0597350618970232,1.0,-0.0,0,0
10,0.0,0.0,0.0,1.0,-0.0,0,0
11,0.0,0.0,0.0,1.0,-0.0,0,0
12,0.0,0.0,0.0,1.0,-0.0,0,0
13,0.4,0.16831683168316827,0.15085938181973,0.06229914381556537,1.2055179218597796,0,0
14,0.4,0.16831683168316827,0.15085938181973,0.06229914381556537,1.2055179218597796,0,0
15,0.6,0.19999999999999996,0.15920595043359828,0.005994483502787528,2.222248230672323,0,0
16,0.6,0.19999999999999996,0.15920595043359828,0.005994483502787528,2.222248230672323,0,0
17,0.6,0.2633663366336633,0.1539723340696535,0.014395894422724117,1.8417613470563912,0,0
18,0.2,0.09504950495049502,0.11113833822100816,0.1725022940601666,0.7632051249904361,0,0
19,0.2,0.09504950495049502,0.11113833822100816,0.1725022940601666,0.7632051249904361,0,0
20,0.0,0.06336633663366337,0.10120342446875752,1.0,-0.0,0,0
21,0.0,0.06336633663366337,0.10120342446875752,1.0,-0.0,0,0
22,0.0,0.0059405940594059415,0.03395332316729158,1.0,-0.0,0,0
23,0.0,0.0059405940594059415,0.03395332316729158,1.0,-0.0,0,0
24,0.2,0.2455445544554455,0.20658695217021747,1.0,-0.0,0,0
25,0.2,0.2455445544554455,0.20658695217021747,1.0,-0.0,0,0
26,0.2,0.2455445544554455,0.20658695217021747,1.0,-0.0,0,0
27,0.2,0.2396039603960396,0.20492897002764762,1.0,-0.0,0,0
28,0.2,0.31287128712871287,0.2056929203750161,1.0,-0.0,0,0
29,0.0,0.0891089108910891,0.11765109526742927,1.0,-0.0,0,0
30,0.0,0.12475247524752475,0.1374491377352735,1.0,-0.0,0,0
31,0.0,0.12475247524752475,0.1374491377352735,1.0,-0.0,0,0
32,0.0,0.12475247524752475,0.1374491377352735,1.0,-0.0,0,0
33,0.0,0.04950495049504951,0.08631483056516186,1.0,-0.0,0,0
34,0.0,0.033663366336633666,0.07482947971362845,1.0,-0.0,0,0
35,0.0,0.049504950495049514,0.09504950495049506,1.0,-0.0,0,0
36,0.0,0.0613861386138614,0.11166631429601336,1.0,-0.0,0,0
37,0.0,0.0613861386138614,0.11166631429601336,1.0,-0.0,0,0
38,0.0,0.0613861386138614,0.11166631429601336,1.0,-0.0,0,0
39,0.0,0.0871287128712871,0.13024224675172555,1.0,-0.0,0,0
40,0.0,0.04554455445544555,0.08846854615322249,1.0,-0.0,0,0
41,0.0,0.08316831683168316,0.12670172889541695,1.0,-0.0,0,0
42,0.0,0.08316831683168316,0.12670172889541695,1.0,-0.0,0,0
43,0.0,0.08316831683168316,0.12670172889541695,1.0,-0.0,0,0
44,0.0,0.057425742574257435,0.10656335878870264,1.0,-0.0,0,0
45,0.6,0.15247524752475247,0.16685445095398732,0.0036577890307437537,2.4367813468164194,0,0
46,0.6,0.10099009900990098,0.1396566153069739,0.00017637623475792296,3.753559932859564,0,0
47,0.6,0.10099009900990098,0.1396566153069739,0.00017637623475792296,3.753559932859564,0,0
48,0.6,0.10099009900990098,0.1396566153069739,0.00017637623475792296,3.753559932859564,0,0
49,0.6,0.10099009900990098,0.1396566153069739,0.00017637623475792296,3.753559932859564,0,0
50,0.0,0.0,0.0,1.0,-0.0,0,0
51,0.0,0.0,0.0,1.0,-0.0,0,0
52,0.0,0.0,0.0,1.0,-0.0,0,0
53,0.0,0.0,0.0,1.0,-0.0,0,0
54,0.0,0.0,0.0,1.0,-0.0,0,0
55,0.0,0.0039603960396039604,0.027863855998951064,1.0,-0.0,0,0
56,0.0,0.07920792079207921,0.1261123431927973,1.0,-0.0,0,0
57,0.0,0.0891089108910891,0.13342479626077636,1.0,-0.0,0,0
58,0.0,0.14455445544554452,0.1518696989212991,1.0,-0.0,0,0
59,0.2,0.3603960396039604,0.23550207916544172,1.0,-0.0,0,0
60,0.2,0.3564356435643564,0.23310892434809194,1.0,-0.0,0,0
61,0.2,0.2792079207920792,0.21814557392349168,1.0,-0.0,0,0
62,0.2,0.27524752475247527,0.2159051591356675,1.0,-0.0,0,0
63,0.2,0.3247524752475248,0.23011230172410221,1.0,-0.0,0,0
64,0.0,0.10891089108910891,0.1335716590419014,1.0,-0.0,0,0
65,0.0,0.10891089108910891,0.1335716590419014,1.0,-0.0,0,0
66,0.0,0.13267326732673265,0.14698885988036148,1.0,-0.0,0,0
67,0.0,0.2415841584158416,0.18945849187904937,1.0,-0.0,0,0
68,0.0,0.15049504950495046,0.16746435256923542,1.0,-0.0,0,0
69,0.0,0.2198019801980198,0.198019801980198,1.0,-0.0,0,0
70,0.2,0.26534653465346536,0.2145387147154419,1.0,-0.0,0,0
71,0.2,0.24356435643564353,0.20217424187089458,1.0,-0.0,0,0
72,0.2,0.1287128712871287,0.14510947295494064,0.3116197020280007,0.5063750920407206,0,0
73,0.2,0.11485148514851483,0.1416914361980065,0.2739388863041897,0.5623463141913831,0,0
74,0.2,0.09900990099009901,0.14246420394934614,0.239199312215381,0.6212400734356929,0,0
75,0.0,0.057425742574257435,0.10656335878870264,1.0,-0.0,0,0
76,0.0,0.1801980198019802,0.18348647776016433,1.0,-0.0,0,0
77,0.0,0.2356435643564356,0.22408633344052936,1.0,-0.0,0,0
78,0.0,0.2871287128712871,0.2444081014750946,1.0,-0.0,0,0
79,0.0,0.23366336633663365,0.1971465895390676,1.0,-0.0,0,0
80,0.0,0.27326732673267323,0.21008771817623514,1.0,-0.0,0,0
81,0.0,0.15247524752475247,0.1644637607354148,1.0,-0.0,0,0
82,3.4,0.4811881188118812,0.30465460764256835,1.0000481832456137e-17,16.999979074786427,0,0
83,3.4,0.4435643564356436,0.29598496134668345,1.0000008560557404e-17,16.999999628219875,0,0
84,3.4,0.4435643564356436,0.29598496134668345,1.0000008560557404e-17,16.999999628219875,0,0
85,3.4,0.4000000000000001,0.2714099599068422,1.0000000000105546e-17,16.999999999995417,0,0
86,3.6,0.4376237623762377,0.28936649314691143,1.0000000000420593e-17,16.999999999981735,0,0
87,0.2,0.051485148514851496,0.10773441987117183,0.08402025455510521,1.0756160070195209,0,0
88,0.2,0.03762376237623763,0.08307396817189319,0.025315250600093635,1.5966177690988212,0,0
89,0.2,0.049504950495049514,0.09078727434730813,0.04869237040212954,1.3125390829709087,0,0
90,0.2,0.06732673267326733,0.09861306612268303,0.0892492780205021,1.049395288414427,0,0
91,0.0,0.02970297029702971,0.07112192077650681,1.0,-0.0,0,0
92,0.0,0.07722772277227724,0.122580495370631,1.0,-0.0,0,0
93,0.0,0.14455445544554454,0.17376167103746779,1.0,-0.0,0,0
94,0.0,0.13069306930693067,0.16988206407546305,1.0,-0.0,0,0
95,0.0,0.11287128712871286,0.15521519162190436,1.0,-0.0,0,0
96,0.0,0.1861386138613861,0.187230838076401,1.0,-0.0,0,0
97,0.0,0.1386138613861386,0.15348770198080078,1.0,-0.0,0,0
98,0.0,0.0712871287128713,0.10372911567294095,1.0,-0.0,0,0
99,0.0,0.08316831683168316,0.10996786833199856,1.0,-0.0,0,0
100,0.0,0.16435643564356434,0.17439238698062573,1.0,-0.0,0,0
101,0.0,0.09108910891089109,0.14218869759220787,1.0,-0.0,0,0
102,0.0,0.10297029702970295,0.15054715096038188,1.0,-0.0,0,0
103,0.0,0.10297029702970295,0.15054715096038188,1.0,-0.0,0,0
104,0.0,0.11881188118811879,0.164535271903691,1.0,-0.0,0,0
105,0.0,0.03960396039603961,0.07970143286137865,1.0,-0.0,0,0
106,0.0,0.03960396039603961,0.07970143286137865,1.0,-0.0,0,0
107,0.0,0.02772277227722773,0.06910862719451545,1.0,-0.0,0,0
108,0.0,0.02772277227722773,0.06910862719451545,1.0,-0.0,0,0
109,0.0,0.0,0.0,1.0,-0.0,0,0
110,0.2,0.33267326732673275,0.25372820528402296,1.0,-0.0,0,0
111,0.2,0.33267326732673275,0.25372820528402296,1.0,-0.0,0,0
112,0.2,0.42772277227722777,0.3005337864669396,1.0,-0.0,0,0
113,0.2,0.491089108910891,0.31782023996418024,1.0,-0.0,0,0
114,0.2,0.491089108910891,0.31782023996418024,1.0,-0.0,0,0
115,0.0,0.1584158415841584,0.17192407185067915,1.0,-0.0,0,0
116,0.0,0.1584158415841584,0.17192407185067915,1.0,-0.0,0,0
117,0.0,0.1504950495049505,0.16746435256923545,1.0,-0.0,0,0
118,0.0,0.08514851485148514,0.13304219431477884,1.0,-0.0,0,0
119,0.0,0.08514851485148514,0.13304219431477884,1.0,-0.0,0,0
120,0.0,0.12079207920792079,0.16429678029854689,1.0,-0.0,0,0
121,0.0,0.1287128712871287,0.1725387794914215,1.0,-0.0,0,0
122,0.0,0.04356435643564357,0.09164702150816742,1.0,-0.0,0,0
123,0.0,0.04356435643564357,0.09164702150816742,1.0,-0.0,0,0
124,0.0,0.04356435643564357,0.09164702150816742,1.0,-0.0,0,0
125,0.0,0.007920792079207921,0.03900537743285587,1.0,-0.0,0,0
126,0.0,0.0,0.0,1.0,-0.0,0,0
127,0.0,0.031683168316831684,0.08316831683168317,1.0,-0.0,0,0
128,0.0,0.031683168316831684,0.08316831683168317,1.0,-0.0,0,0
129,0.0,0.031683168316831684,0.08316831683168317,1.0,-0.0,0,0
130,0.0,0.07326732673267328,0.12811743461086583,1.0,-0.0,0,0
131,0.0,0.07326732673267328,0.12811743461086583,1.0,-0.0,0,0
132,0.0,0.07326732673267328,0.11159606181073561,1.0,-0.0,0,0
133,0.0,0.07326732673267328,0.11159606181073561,1.0,-0.0,0,0
134,0.0,0.07326732673267328,0.11159606181073561,1.0,-0.0,0,0
135,0.0,0.039603960396039604,0.07970143286137865,1.0,-0.0,0,0
136,0.0,0.039603960396039604,0.07970143286137865,1.0,-0.0,0,0
137,0.0,0.007920792079207921,0.03900537743285587,1.0,-0.0,0,0
138,0.0,0.04950495049504951,0.09504950495049506,1.0,-0.0,0,0
139,0.0,0.0613861386138614,0.10046456153636296,1.0,-0.0,0,0
140,0.0,0.10495049504950493,0.12457948087149173,1.0,-0.0,0,0
141,0.0,0.10495049504950493,0.12457948087149173,1.0,-0.0,0,0
142,0.0,0.18217821782178212,0.17371653227296086,1.0,-0.0,0,0
143,0.0,0.1386138613861386,0.1658881270584217,1.0,-0.0,0,0
144,0.0,0.2910891089108911,0.24132432057951883,1.0,-0.0,0,0
145,0.0,0.28910891089108914,0.22066550561005355,1.0,-0.0,0,0
146,0.0,0.34653465346534645,0.24678701942677855,1.0,-0.0,0,0
147,0.0,0.2693069306930693,0.20954574833442652,1.0,-0.0,0,0
148,0.0,0.3148514851485149,0.23772275165875512,1.0,-0.0,0,0
149,0.0,0.15247524752475244,0.1644637607354148,1.0,-0.0,0,0
150,0.0,0.10099009900990098,0.13386490123687583,1.0,-0.0,0,0
151,0.0,0.04554455445544555,0.09700949476369022,1.0,-0.0,0,0
152,0.0,0.04554455445544555,0.09700949476369022,1.0,-0.0,0,0
153,0.0,0.011881188118811883,0.047276579747775535,1.0,-0.0,0,0
154,0.0,0.031683168316831684,0.07826167463512675,1.0,-0.0,0,0
155,0.0,0.09504950495049502,0.1337769960717191,1.0,-0.0,0,0
156,0.0,0.09504950495049502,0.1337769960717191,1.0,-0.0,0,0
157,0.0,0.09504950495049502,0.1337769960717191,1.0,-0.0,0,0
158,0.0,0.08316831683168316,0.12353642740976016,1.0,-0.0,0,0
159,0.0,0.06336633663366338,0.10874875419996816,1.0,-0.0,0,0
160,0.0,0.05940594059405942,0.11096178792967841,1.0,-0.0,0,0
161,0.0,0.05940594059405942,0.11096178792967841,1.0,-0.0,0,0
162,0.0,0.05940594059405942,0.11096178792967841,1.0,-0.0,0,0
163,0.0,0.06930693069306931,0.11751770396006173,1.0,-0.0,0,0
164,0.0,0.06930693069306931,0.11751770396006173,1.0,-0.0,0,0
165,0.0,0.009900990099009901,0.04338396495090425,1.0,-0.0,0,0
166,0.0,0.009900990099009901,0.04338396495090425,1.0,-0.0,0,0
167,0.0,0.023762376237623763,0.06471340450838889,1.0,-0.0,0,0
168,0.2,0.021782178217821784,0.06836703565002801,0.0045699030283054085,2.3400930154046975,0,0
169,0.2,0.021782178217821784,0.06836703565002801,0.0045699030283054085,2.3400930154046975,0,0
170,0.2,0.021782178217821784,0.06836703565002801,0.0045699030283054085,2.3400930154046975,0,0
171,0.2,0.039603960396039604,0.09757374253271224,0.050104184963067636,1.300125998075642,0,0
172,0.2,0.025742574257425745,0.07264925278354116,0.008228653963589683,2.084671200510097,0,0
173,0.0,0.017821782178217824,0.05698017651460657,1.0,-0.0,0,0
174,0.0,0.017821782178217824,0.05698017651460657,1.0,-0.0,0,0
175,0.0,0.017821782178217824,0.05698017651460657,1.0,-0.0,0,0
176,0.0,0.015841584158415842,0.05401260078014202,1.0,-0.0,0,0
177,0.0,0.015841584158415842,0.05401260078014202,1.0,-0.0,0,0
178,0.0,0.015841584158415842,0.05401260078014202,1.0,-0.0,0,0
179,0.0,0.015841584158415842,0.05401260078014202,1.0,-0.0,0,0
180,0.0,0.015841584158415842,0.05401260078014202,1.0,-0.0,0,0
181,0.0,0.0,0.0,1.0,-0.0,0,0
182,0.0,0.07326732673267328,0.11509022642946842,1.0,-0.0,0,0
183,0.0,0.07326732673267328,0.11509022642946842,1.0,-0.0,0,0
184,0.0,0.07920792079207921,0.11631029826208643,1.0,-0.0,0,0
185,0.0,0.07920792079207921,0.11631029826208643,1.0,-0.0,0,0
186,0.0,0.07920792079207921,0.11631029826208643,1.0,-0.0,0,0
187,0.0,0.0059405940594059415,0.03395332316729158,1.0,-0.0,0,0
188,0.0,0.0059405940594059415,0.03395332316729158,1.0,-0.0,0,0
189,0.2,0.08514851485148514,0.12054836637801526,0.17036041751406306,0.7686313042414473,0,0
190,0.2,0.08514851485148514,0.12054836637801526,0.17036041751406306,0.7686313042414473,0,0
191,0.4,0.13663366336633662,0.14605218942246156,0.035675702652787473,1.4476274644579366,0,0
192,0.4,0.13663366336633662,0.14605218942246156,0.035675702652787473,1.4476274644579366,0,0
193,0.4,0.13663366336633662,0.14605218942246156,0.035675702652787473,1.4476274644579366,0,0
194,0.2,0.049504950495049514,0.08631483056516186,0.040617958542992716,1.3912819080063723,0,0
195,0.2,0.049504950495049514,0.08631483056516186,0.040617958542992716,1.3912819080063723,0,0
196,0.0,0.0,0.0,1.0,-0.0,0,0
197,0.0,0.0,0.0,1.0,-0.0,0,0
198,0.0,0.0,0.0,1.0,-0.0,0,0
199,0.0,0.0,0.0,1.0,-0.0,0,0
200,0.0,0.0,0.0,1.0,-0.0,0,0
201,0.0,0.0,0.0,1.0,-0.0,0,0
202,0.0,0.0,0.0,1.0,-0.0,0,0
203,0.0,0.0,0.0,1.0,-0.0,0,0
204,0.0,0.0,0.0,1.0,-0.0,0,0
205,0.0,0.0,0.0,1.0,-0.0,0,0
206,0.0,0.0,0.0,1.0,-0.0,0,0
207,0.0,0.0,0.0,1.0,-0.0,0,0
208,0.0,0.0,0.0,1.0,-0.0,0,0
209,0.0,0.0,0.0,1.0,-0.0,0,0
210,0.0,0.0,0.0,1.0,-0.0,0,0
211,0.0,0.0,0.0,1.0,-0.0,0,0
212,0.0,0.0,0.0,1.0,-0.0,0,0
213,0.0,0.0,0.0,1.0,-0.0,0,0
214,0.0,0.025742574257425745,0.06697637435757531,1.0,-0.0,0,0
215,0.0,0.025742574257425745,0.06697637435757531,1.0,-0.0,0,0
216,0.0,0.025742574257425745,0.06697637435757531,1.0,-0.0,0,0
217,0.0,0.025742574257425745,0.06697637435757531,1.0,-0.0,0,0
218,0.0,0.025742574257425745,0.06697637435757531,1.0,-0.0,0,0
219,0.0,0.0,0.0,1.0,-0.0,0,0
220,0.0,0.025742574257425748,0.0669763743575753,1.0,-0.0,0,0
221,0.0,0.025742574257425748,0.0669763743575753,1.0,-0.0,0,0
222,0.0,0.025742574257425748,0.0669763743575753,1.0,-0.0,0,0
223,0.0,0.025742574257425748,0.0669763743575753,1.0,-0.0,0,0
224,0.0,0.025742574257425748,0.0669763743575753,1.0,-0.0,0,0
225,0.0,0.0,0.0,1.0,-0.0,0,0
226,0.0,0.0,0.0,1.0,-0.0,0,0
227,0.0,0.0,0.0,1.0,-0.0,0,0
228,0.0,0.0,0.0,1.0,-0.0,0,0
229,0.0,0.0,0.0,1.0,-0.0,0,0
230,0.0,0.0,0.0,1.0,-0.0,0,0
231,0.0,0.0,0.0,1.0,-0.0,0,0
232,0.0,0.0,0.0,1.0,-0.0,0,0
233,0.0,0.0,0.0,1.0,-0.0,0,0
234,0.0,0.0,0.0,1.0,-0.0,0,0
235,0.0,0.0,0.0,1.0,-0.0,0,0
236,0.0,0.0,0.0,1.0,-0.0,0,0
237,0.0,0.0,0.0,1.0,-0.0,0,0
238,0.0,0.0,0.0,1.0,-0.0,0,0
239,0.0,0.0,0.0,1.0,-0.0,0,0
240,0.0,0.0,0.0,1.0,-0.0,0,0
241,0.0,0.0,0.0,1.0,-0.0,0,0
242,0.0,0.0,0.0,1.0,-0.0,0,0
243,0.0,0.0,0.0,1.0,-0.0,0,0
244,0.0,0.0,0.0,1.0,-0.0,0,0
245,0.0,0.0,0.0,1.0,-0.0,0,0
246,0.0,0.019801980198019802,0.059735061897023205,1.0,-0.0,0,0
247,0.0,0.019801980198019802,0.059735061897023205,1.0,-0.0,0,0
248,0.0,0.019801980198019802,0.059735061897023205,1.0,-0.0,0,0
249,0.0,0.019801980198019802,0.059735061897023205,1.0,-0.0,0,0
250,0.0,0.019801980198019802,0.059735061897023205,1.0,-0.0,0,0
251,0.0,0.0,0.0,1.0,-0.0,0,0
252,0.0,0.0,0.0,1.0,-0.0,0,0
253,0.0,0.011881188118811883,0.04727657974777553,1.0,-0.0,0,0
254,0.0,0.039603960396039604,0.08452453849668534,1.0,-0.0,0,0
255,0.0,0.04554455445544555,0.09283729243351321,1.0,-0.0,0,0
256,0.0,0.10495049504950493,0.1307830473343237,1.0,-0.0,0,0
257,0.0,0.10495049504950493,0.1307830473343237,1.0,-0.0,0,0
258,0.0,0.09306930693069307,0.12126186845461279,1.0,-0.0,0,0
259,0.0,0.06534653465346535,0.0938037170877387,1.0,-0.0,0,0
260,0.0,0.08316831683168316,0.10996786833199856,1.0,-0.0,0,0
261,0.0,0.023762376237623766,0.06471340450838887,1.0,-0.0,0,0
262,0.0,0.023762376237623766,0.06471340450838887,1.0,-0.0,0,0
263,0.0,0.023762376237623766,0.06471340450838887,1.0,-0.0,0,0
264,0.0,0.023762376237623766,0.06471340450838887,1.0,-0.0,0,0
265,0.0,0.0,0.0,1.0,-0.0,0,0
266,0.0,0.019801980198019802,0.059735061897023205,1.0,-0.0,0,0
267,0.0,0.019801980198019802,0.059735061897023205,1.0,-0.0,0,0
268,0.0,0.05940594059405942,0.09562531855564071,1.0,-0.0,0,0
269,0.0,0.05940594059405942,0.09562531855564071,1.0,-0.0,0,0
270,0.0,0.05940594059405942,0.09562531855564071,1.0,-0.0,0,0
271,0.0,0.05148514851485149,0.09186070102766894,1.0,-0.0,0,0
272,0.0,0.05148514851485149,0.09186070102766894,1.0,-0.0,0,0
273,0.0,0.011881188118811883,0.047276579747775535,1.0,-0.0,0,0
274,0.0,0.011881188118811883,0.047276579747775535,1.0,-0.0,0,0
275,0.0,0.011881188118811883,0.047276579747775535,1.0,-0.0,0,0
276,0.0,0.0,0.0,1.0,-0.0,0,0
277,0.0,0.0,0.0,1.0,-0.0,0,0
278,0.0,0.0,0.0,1.0,-0.0,0,0
279,0.0,0.0,0.0,1.0,-0.0,0,0
280,0.0,0.0,0.0,1.0,-0.0,0,0
281,0.0,0.0,0.0,1.0,-0.0,0,0
282,0.0,0.0,0.0,1.0,-0.0,0,0
283,0.0,0.0,0.0,1.0,-0.0,0,0
284,0.0,0.0,0.0,1.0,-0.0,0,0
285,0.0,0.0,0.0,1.0,-0.0,0,0
286,0.4,0.06930693069306931,0.11409790329416186,0.001875794216145872,2.726814807585068,0,0
287,0.4,0.06930693069306931,0.11409790329416186,0.001875794216145872,2.726814807585068,0,0
288,0.6,0.08712871287128712,0.13324834725751067,5.93034129848122e-05,4.226920311731563,0,0
289,0.6,0.08712871287128712,0.13324834725751067,5.93034129848122e-05,4.226920311731563,0,0
290,0.6,0.08712871287128712,0.13324834725751067,5.93034129848122e-05,4.226920311731563,0,0
291,0.2,0.02772277227722773,0.07975061610139512,0.015378620884094632,1.8130826092213645,0,0
292,0.2,0.05346534653465347,0.09704990696905227,0.06553578757099196,1.183521477104809,0,0
293,0.0,0.27128712871287125,0.24142179254064428,1.0,-0.0,0,0
294,0.4,0.39207920792079204,0.28551956057103967,0.4889340906104575,0.31074968078106674,0,0
295,0.4,0.39207920792079204,0.28551956057103967,0.4889340906104575,0.31074968078106674,0,0
296,0.4,0.38217821782178213,0.28016828026761165,0.4746399896402365,0.32363567414976185,0,0
297,0.4,0.35643564356435636,0.26191066483306613,0.4339474940912604,0.3625628152015785,0,0
298,0.4,0.13663366336633662,0.14605218942246156,0.035675702652787473,1.4476274644579366,0,0
299,0.0,0.015841584158415842,0.054012600780142014,1.0,-0.0,0,0
300,0.0,0.015841584158415842,0.054012600780142014,1.0,-0.0,0,0
301,0.0,0.04950495049504951,0.09504950495049506,1.0,-0.0,0,0
302,0.0,0.04950495049504951,0.09504950495049506,1.0,-0.0,0,0
303,0.0,0.033663366336633666,0.07482947971362845,1.0,-0.0,0,0
304,0.0,0.033663366336633666,0.07482947971362845,1.0,-0.0,0,0
305,0.0,0.033663366336633666,0.07482947971362845,1.0,-0.0,0,0
306,0.0,0.0,0.0,1.0,-0.0,0,0
307,0.0,0.0,0.0,1.0,-0.0,0,0
308,0.0,0.0,0.0,1.0,-0.0,0,0
309,0.0,0.0,0.0,1.0,-0.0,0,0
310,0.0,0.0,0.0,1.0,-0.0,0,0
311,0.0,0.0,0.0,1.0,-0.0,0,0
312,0.0,0.0,0.0,1.0,-0.0,0,0
313,0.0,0.0,0.0,1.0,-0.0,0,0
314,0.0,0.0,0.0,1.0,-0.0,0,0
315,0.0,0.0,0.0,1.0,-0.0,0,0
316,0.0,0.0,0.0,1.0,-0.0,0,0
317,0.0,0.0,0.0,1.0,-0.0,0,0
318,0.0,0.0,0.0,1.0,-0.0,0,0
319,0.0,0.0,0.0,1.0,-0.0,0,0
320,0.0,0.0,0.0,1.0,-0.0,0,0
321,0.0,0.0,0.0,1.0,-0.0,0,0
322,0.0,0.0,0.0,1.0,-0.0,0,0
323,0.0,0.0,0.0,1.0,-0.0,0,0
324,0.0,0.0,0.0,1.0,-0.0,0,0
325,0.0,0.0,0.0,1.0,-0.0,0,0
326,0.0,0.0019801980198019802,0.0198019801980198,1.0,-0.0,0,0
327,0.0,0.0019801980198019802,0.0198019801980198,1.0,-0.0,0,0
328,0.0,0.0019801980198019802,0.0198019801980198,1.0,-0.0,0,0
329,0.0,0.0019801980198019802,0.0198019801980198,1.0,-0.0,0,0
330,0.0,0.0019801980198019802,0.0198019801980198,1.0,-0.0,0,0
331,0.0,0.0,0.0,1.0,-0.0,0,0
332,0.0,0.0,0.0,1.0,-0.0,0,0
333,0.0,0.0,0.0,1.0,-0.0,0,0
334,0.0,0.0,0.0,1.0,-0.0,0,0
335,0.0,0.0,0.0,1.0,-0.0,0,0
336,0.0,0.0,0.0,1.0,-0.0,0,0
337,0.0,0.0,0.0,1.0,-0.0,0,0
338,0.0,0.0,0.0,1.0,-0.0,0,0
339,0.0,0.0,0.0,1.0,-0.0,0,0
340,0.0,0.0,0.0,1.0,-0.0,0,0
341,0.0,0.0,0.0,1.0,-0.0,0,0
342,0.0,0.0,0.0,1.0,-0.0,0,0
343,0.0,0.0,0.0,1.0,-0.0,0,0
344,0.0,0.0,0.0,1.0,-0.0,0,0
345,0.0,0.0,0.0,1.0,-0.0,0,0
346,0.0,0.0,0.0,1.0,-0.0,0,0
347,0.0,0.0,0.0,1.0,-0.0,0,0
348,0.0,0.0,0.0,1.0,-0.0,0,0
349,0.0,0.0,0.0,1.0,-0.0,0,0
350,0.0,0.0,0.0,1.0,-0.0,0,0
351,0.0,0.0,0.0,1.0,-0.0,0,0
352,0.0,0.0,0.0,1.0,-0.0,0,0
353,0.0,0.0,0.0,1.0,-0.0,0,0
354,0.0,0.0,0.0,1.0,-0.0,0,0
355,0.0,0.0,0.0,1.0,-0.0,0,0
356,0.0,0.023762376237623766,0.06471340450838889,1.0,-0.0,0,0
357,0.0,0.023762376237623766,0.06471340450838889,1.0,-0.0,0,0
358,0.0,0.08712871287128714,0.13324834725751067,1.0,-0.0,0,0
359,0.0,0.08712871287128714,0.13324834725751067,1.0,-0.0,0,0
360,0.0,0.08712871287128714,0.13324834725751067,1.0,-0.0,0,0
361,0.0,0.09900990099009901,0.14246420394934614,1.0,-0.0,0,0
362,0.0,0.09900990099009901,0.14246420394934614,1.0,-0.0,0,0
363,0.0,0.03564356435643565,0.08154954567118416,1.0,-0.0,0,0
364,0.0,0.03564356435643565,0.08154954567118416,1.0,-0.0,0,0
365,0.0,0.04356435643564357,0.09587103712404123,1.0,-0.0,0,0
366,0.0,0.031683168316831684,0.0730260947112308,1.0,-0.0,0,0
367,0.0,0.031683168316831684,0.0730260947112308,1.0,-0.0,0,0
368,0.0,0.06336633663366337,0.10874875419996817,1.0,-0.0,0,0
369,0.0,0.06336633663366337,0.10874875419996817,1.0,-0.0,0,0
370,0.0,0.05544554455445545,0.09797478714338996,1.0,-0.0,0,0
371,0.0,0.031683168316831684,0.0730260947112308,1.0,-0.0,0,0
372,0.0,0.031683168316831684,0.0730260947112308,1.0,-0.0,0,0
373,0.0,0.0,0.0,1.0,-0.0,0,0
374,0.0,0.0,0.0,1.0,-0.0,0,0
375,0.0,0.0,0.0,1.0,-0.0,0,0
376,0.0,0.0,0.0,1.0,-0.0,0,0
377,0.0,0.0,0.0,1.0,-0.0,0,0
378,0.0,0.0,0.0,1.0,-0.0,0,0
379,0.0,0.0,0.0,1.0,-0.0,0,0
380,0.0,0.0,0.0,1.0,-0.0,0,0
381,0.0,0.021782178217821784,0.062305476128919915,1.0,-0.0,0,0
382,0.0,0.021782178217821784,0.062305476128919915,1.0,-0.0,0,0
383,0.0,0.021782178217821784,0.062305476128919915,1.0,-0.0,0,0
384,0.0,0.021782178217821784,0.062305476128919915,1.0,-0.0,0,0
385,0.0,0.021782178217821784,0.062305476128919915,1.0,-0.0,0,0
386,0.0,0.0,0.0,1.0,-0.0,0,0
387,0.0,0.0,0.0,1.0,-0.0,0,0
388,0.0,0.0,0.0,1.0,-0.0,0,0
389,0.0,0.0,0.0,1.0,-0.0,0,0
390,0.0,0.0,0.0,1.0,-0.0,0,0
391,0.0,0.017821782178217824,0.05698017651460655,1.0,-0.0,0,0
392,0.0,0.017821782178217824,0.05698017651460655,1.0,-0.0,0,0
393,0.0,0.04950495049504951,0.09504950495049506,1.0,-0.0,0,0
394,0.0,0.04950495049504951,0.09504950495049506,1.0,-0.0,0,0
395,0.4,0.1455445544554455,0.17773311423617327,0.07611891914417464,1.118507387135587,0,0
396,0.4,0.1564356435643564,0.1815313526553004,0.08984330163416439,1.0465142966491832,0,0
397,0.4,0.1564356435643564,0.1815313526553004,0.08984330163416439,1.0465142966491832,0,0
398,0.4,0.1584158415841584,0.18090385101871284,0.0908680710560761,1.04158869103622,0,0
399,0.4,0.23960396039603957,0.2029872004552792,0.21471188306549793,0.6681439192015607,0,0
400,0.0,0.16435643564356434,0.15769638607575875,1.0,-0.0,0,0
401,0.0,0.13663366336633662,0.14052431682542707,1.0,-0.0,0,0
402,0.0,0.13663366336633662,0.14052431682542707,1.0,-0.0,0,0
403,0.0,0.13861386138613863,0.1534877019808008,1.0,-0.0,0,0
404,0.0,0.09108910891089109,0.13650445892763632,1.0,-0.0,0,0
405,0.0,0.0712871287128713,0.11461224656227946,1.0,-0.0,0,0
406,0.0,0.10495049504950495,0.1423816080178024,1.0,-0.0,0,0
407,0.0,0.11287128712871286,0.14736186103080443,1.0,-0.0,0,0
408,0.0,0.1504950495049505,0.15261662469701143,1.0,-0.0,0,0
409,0.0,0.31683168316831684,0.24416732897898383,1.0,-0.0,0,0
410,0.0,0.31683168316831684,0.24416732897898383,1.0,-0.0,0,0
411,0.0,0.5089108910891089,0.31782023996418024,1.0,-0.0,0,0
412,0.0,0.5227722772277228,0.3171285737689917,1.0,-0.0,0,0
413,0.0,0.45148514851485155,0.29738592500872457,1.0,-0.0,0,0
414,0.0,0.24752475247524752,0.2254122996485762,1.0,-0.0,0,0
415,0.0,0.24752475247524752,0.2254122996485762,1.0,-0.0,0,0
416,0.0,0.021782178217821784,0.06836703565002801,1.0,-0.0,0,0
417,0.0,0.0,0.0,1.0,-0.0,0,0
418,0.0,0.0,0.0,1.0,-0.0,0,0
419,0.0,0.0019801980198019802,0.0198019801980198,1.0,-0.0,0,0
420,0.0,0.0019801980198019802,0.0198019801980198,1.0,-0.0,0,0
421,0.0,0.011881188118811883,0.047276579747775535,1.0,-0.0,0,0
422,0.0,0.011881188118811883,0.047276579747775535,1.0,-0.0,0,0
423,0.0,0.011881188118811883,0.047276579747775535,1.0,-0.0,0,0
424,0.0,0.23366336633663365,0.19914531622613268,1.0,-0.0,0,0
425,0.0,0.23366336633663365,0.19914531622613268,1.0,-0.0,0,0
426,0.0,0.3722772277227723,0.25019549262712215,1.0,-0.0,0,0
427,0.0,0.3920792079207921,0.2593530291438781,1.0,-0.0,0,0
428,0.0,0.3920792079207921,0.2593530291438781,1.0,-0.0,0,0
429,0.0,0.16831683168316833,0.18181194346357274,1.0,-0.0,0,0
430,0.0,0.16831683168316833,0.18181194346357274,1.0,-0.0,0,0
431,0.0,0.019801980198019802,0.0597350618970232,1.0,-0.0,0,0
432,0.0,0.031683168316831684,0.07826167463512675,1.0,-0.0,0,0
433,0.0,0.041584158415841586,0.08590499787518362,1.0,-0.0,0,0
434,0.0,0.05346534653465347,0.10104832334394512,1.0,-0.0,0,0
435,0.0,0.05346534653465347,0.10104832334394512,1.0,-0.0,0,0
436,0.0,0.05346534653465347,0.10104832334394512,1.0,-0.0,0,0
437,0.2,0.08316831683168317,0.12028786177019754,0.16570755996746267,0.7806576775960137,0,0
438,0.2,0.07326732673267328,0.11509022642946842,0.13541366575877595,0.8683375050442039,0,0
439,0.2,0.061386138613861385,0.10433219700847123,0.09199298471617674,1.0362452902111776,0,0
440,0.2,0.061386138613861385,0.10433219700847123,0.09199298471617674,1.0362452902111776,0,0
441,0.2,0.061386138613861385,0.10433219700847123,0.09199298471617674,1.0362452902111776,0,0
442,0.0,0.0,0.0,1.0,-0.0,0,0
443,0.0,0.0,0.0,1.0,-0.0,0,0
444,0.0,0.0,0.0,1.0,-0.0,0,0
445,0.0,0.0,0.0,1.0,-0.0,0,0
446,0.0,0.03564356435643565,0.08626938974571076,1.0,-0.0,0,0
447,0.0,0.03564356435643565,0.08626938974571076,1.0,-0.0,0,0
448,0.0,0.04554455445544555,0.09700949476369022,1.0,-0.0,0,0
449,0.0,0.04554455445544555,0.09700949476369022,1.0,-0.0,0,0
450,0.0,0.04554455445544555,0.09700949476369022,1.0,-0.0,0,0
451,0.0,0.04554455445544554,0.08387254884969257,1.0,-0.0,0,0
452,0.0,0.12673267326732673,0.15599637537608815,1.0,-0.0,0,0
453,0.0,0.18811881188118812,0.18200594523684843,1.0,-0.0,0,0
454,0.0,0.20396039603960398,0.19896802672602726,1.0,-0.0,0,0
455,0.0,0.20396039603960398,0.19896802672602726,1.0,-0.0,0,0
456,0.0,0.1782178217821782,0.18858722298311487,1.0,-0.0,0,0
457,0.0,0.09504950495049502,0.13957235791450373,1.0,-0.0,0,0
458,0.0,0.05742574257425742,0.11718356139020587,1.0,-0.0,0,0
459,0.2,0.05940594059405942,0.1144753143191654,0.1096933614963745,0.9598196545832709,0,0
460,0.2,0.0910891089108911,0.13650445892763632,0.21247705206165507,0.6726879677367636,0,0
461,0.2,0.0811881188118812,0.11999411807954945,0.1610510040644479,0.7930365632485749,0,0
462,0.2,0.10099009900990098,0.12781100644043505,0.2192706971082659,0.6590194026794771,0,0
463,0.2,0.20198019801980197,0.179095747399525,1.0,-0.0,0,0
464,0.0,0.18415841584158413,0.1704581324091671,1.0,-0.0,0,0
465,0.0,0.15247524752475247,0.15453158823862712,1.0,-0.0,0,0
466,0.0,0.18217821782178212,0.17598156946925847,1.0,-0.0,0,0
467,0.0,0.16237623762376235,0.16096951630021047,1.0,-0.0,0,0
468,0.0,0.06138613861386138,0.10433219700847123,1.0,-0.0,0,0
469,0.0,0.06138613861386138,0.10433219700847123,1.0,-0.0,0,0
470,0.0,0.06138613861386138,0.10433219700847123,1.0,-0.0,0,0
471,0.0,0.04356435643564357,0.08721867542790195,1.0,-0.0,0,0
472,0.0,0.07326732673267328,0.12177815335858849,1.0,-0.0,0,0
473,0.0,0.04158415841584159,0.0946774898050053,1.0,-0.0,0,0
474,0.0,0.04158415841584159,0.0946774898050053,1.0,-0.0,0,0
475,0.0,0.04752475247524753,0.10205226714237721,1.0,-0.0,0,0
476,0.0,0.03564356435643565,0.08154954567118416,1.0,-0.0,0,0
477,0.0,0.0059405940594059415,0.03395332316729158,1.0,-0.0,0,0
478,0.0,0.0059405940594059415,0.03395332316729158,1.0,-0.0,0,0
479,0.0,0.0059405940594059415,0.03395332316729158,1.0,-0.0,0,0
480,0.0,0.0,0.0,1.0,-0.0,0,0
481,0.0,0.0,0.0,1.0,-0.0,0,0
482,0.0,0.0,0.0,1.0,-0.0,0,0
483,0.0,0.023762376237623766,0.06471340450838887,1.0,-0.0,0,0
484,0.0,0.05544554455445545,0.08952597667688965,1.0,-0.0,0,0
485,0.0,0.06534653465346535,0.10939585993610407,1.0,-0.0,0,0
486,0.0,0.12970297029702968,0.15256522997432254,1.0,-0.0,0,0
487,0.0,0.12970297029702968,0.15256522997432254,1.0,-0.0,0,0
488,0.0,0.16237623762376235,0.1902845629074887,1.0,-0.0,0,0
489,0.0,0.13465346534653463,0.17823982262440538,1.0,-0.0,0,0
490,0.0,0.14455445544554454,0.1848066945793283,1.0,-0.0,0,0
491,0.0,0.0811881188118812,0.12642288870900886,1.0,-0.0,0,0
492,0.0,0.0811881188118812,0.12642288870900886,1.0,-0.0,0,0
493,0.0,0.025742574257425745,0.07264925278354116,1.0,-0.0,0,0
494,0.0,0.10297029702970295,0.13084299831035082,1.0,-0.0,0,0
495,0.0,0.2851485148514851,0.23772275165875512,1.0,-0.0,0,0
496,0.0,0.291089108910891,0.23634971986318065,1.0,-0.0,0,0
497,0.0,0.291089108910891,0.23634971986318065,1.0,-0.0,0,0
498,0.0,0.291089108910891,0.23634971986318065,1.0,-0.0,0,0
499,0.0,0.22178217821782176,0.19274153441415962,1.0,-0.0,0,0
500,0.0,0.0594059405940594,0.0956253185556407,1.0,-0.0,0,0
501,0.0,0.0594059405940594,0.0996808946427978,1.0,-0.0,0,0
