,foreground,bg_means,bg_stdev,pvals,minus_logs,regs,active
2,0.0,0.03762376237623763,0.08307396817189318,1.0,-0.0,0,0
3,0.0,0.03762376237623763,0.08307396817189318,1.0,-0.0,0,0
4,0.0,0.03762376237623763,0.08307396817189318,1.0,-0.0,0,0
5,0.0,0.03762376237623763,0.08307396817189318,1.0,-0.0,0,0
6,0.0,0.03762376237623763,0.08307396817189318,1.0,-0.0,0,0
7,0.0,0.0,0.0,1.0,-0.0,0,0
8,0.0,0.0,0.0,1.0,-0.0,0,0
9,0.0,0.0,0.0,1.0,-0.0,0,0
10,0.0,0.0,0.0,1.0,-0.0,0,0
11,0.0,0.01782178217821782,0.05698017651460657,1.0,-0.0,0,0
12,0.0,0.01782178217821782,0.05698017651460657,1.0,-0.0,0,0
13,0.0,0.01782178217821782,0.05698017651460657,1.0,-0.0,0,0
14,0.0,0.01782178217821782,0.05698017651460657,1.0,-0.0,0,0
15,0.0,0.01782178217821782,0.05698017651460657,1.0,-0.0,0,0
16,0.0,0.0,0.0,1.0,-0.0,0,0
17,0.0,0.0,0.0,1.0,-0.0,0,0
18,0.2,0.039603960396039604,0.08908690597387718,0.0358952311958159,1.4449632450960652,0,0
19,0.2,0.08118811881188118,0.12951766673875514,0.17948195868240235,0.7459791996676151,0,0
20,0.2,0.08712871287128714,0.13024224675172555,0.19307354504257346,0.7142772292196833,0,0
21,0.2,0.08712871287128714,0.13024224675172555,0.19307354504257346,0.7142772292196833,0,0
22,0.2,0.08712871287128714,0.13024224675172555,0.19307354504257346,0.7142772292196833,0,0
23,0.0,0.047524752475247525,0.0939707763778588,1.0,-0.0,0,0
24,0.2,0.097029702970297,0.11811677855054842,0.19166777960950077,0.7174508882377109,0,0
25,0.2,0.09900990099009899,0.12467387119760154,0.20896026115900324,0.679936297622463,0,0
26,0.4,0.19009900990099005,0.18535753542711383,0.12873075272089401,0.8903176913118315,0,0
27,0.4,0.37821782178217817,0.2515708905054613,0.46550083267238673,0.33207953783043803,0,0
28,0.4,0.37821782178217817,0.2515708905054613,0.46550083267238673,0.33207953783043803,0,0
29,0.2,0.3702970297029704,0.26459180384971237,1.0,-0.0,0,0
30,0.2,0.3623762376237625,0.26207529911391214,1.0,-0.0,0,0
31,0.0,0.27128712871287125,0.2261764113302949,1.0,-0.0,0,0
32,0.0,0.08316831683168317,0.12670172889541695,1.0,-0.0,0,0
33,0.0,0.09702970297029703,0.13383560593042218,1.0,-0.0,0,0
34,0.0,0.013861386138613863,0.05079507064705211,1.0,-0.0,0,0
35,0.0,0.013861386138613863,0.05079507064705211,1.0,-0.0,0,0
36,0.0,0.013861386138613863,0.05079507064705211,1.0,-0.0,0,0
37,0.0,0.04356435643564357,0.09164702150816742,1.0,-0.0,0,0
38,0.0,0.11881188118811879,0.12325042629382524,1.0,-0.0,0,0
39,0.0,0.13069306930693067,0.13330718954223236,1.0,-0.0,0,0
40,0.0,0.14059405940594058,0.14224384155301362,1.0,-0.0,0,0
41,0.0,0.14059405940594058,0.14224384155301362,1.0,-0.0,0,0
42,0.0,0.1089108910891089,0.12750384183766533,1.0,-0.0,0,0
43,0.0,0.021782178217821784,0.06230547612891991,1.0,-0.0,0,0
44,0.0,0.009900990099009901,0.04338396495090424,1.0,-0.0,0,0
45,0.2,0.05148514851485149,0.09186070102766894,0.0529672293593788,1.275992743798466,0,0
46,0.2,0.05148514851485149,0.09186070102766894,0.0529672293593788,1.275992743798466,0,0
47,0.2,0.05148514851485149,0.09186070102766894,0.0529672293593788,1.275992743798466,0,0
48,0.2,0.05148514851485149,0.09186070102766894,0.0529672293593788,1.275992743798466,0,0
49,0.2,0.06534653465346535,0.10571364605971598,0.10137482685028305,0.9940698745616096,0,0
50,0.0,0.013861386138613863,0.05079507064705211,1.0,-0.0,0,0
51,0.2,0.18811881188118812,0.19257871154715578,0.4754027688734887,0.32293829315269473,0,0
52,0.2,0.19801980198019797,0.19598959258073065,0.49596932029466567,0.304545187297754,0,0
53,0.2,0.21188118811881188,0.21214936299779588,1.0,-0.0,0,0
54,0.2,0.22772277227722768,0.19906654038593571,1.0,-0.0,0,0
55,0.2,0.22772277227722768,0.19906654038593571,1.0,-0.0,0,0
56,0.0,0.05346534653465347,0.10104832334394513,1.0,-0.0,0,0
57,0.0,0.04356435643564357,0.09164702150816742,1.0,-0.0,0,0
58,0.0,0.029702970297029712,0.07648795214189293,1.0,-0.0,0,0
59,0.0,0.0,0.0,1.0,-0.0,0,0
60,0.0,0.0,0.0,1.0,-0.0,0,0
61,0.0,0.0,0.0,1.0,-0.0,0,0
62,0.0,0.0,0.0,1.0,-0.0,0,0
63,0.0,0.007920792079207921,0.03900537743285587,1.0,-0.0,0,0
64,0.0,0.007920792079207921,0.03900537743285587,1.0,-0.0,0,0
65,0.0,0.007920792079207921,0.03900537743285587,1.0,-0.0,0,0
66,0.0,0.007920792079207921,0.03900537743285587,1.0,-0.0,0,0
67,0.0,0.007920792079207921,0.03900537743285587,1.0,-0.0,0,0
68,0.0,0.027722772277227727,0.06910862719451544,1.0,-0.0,0,0
69,0.0,0.027722772277227727,0.06910862719451544,1.0,-0.0,0,0
70,0.0,0.027722772277227727,0.06910862719451544,1.0,-0.0,0,0
71,0.0,0.0712871287128713,0.11110305060677654,1.0,-0.0,0,0
72,0.0,0.22574257425742572,0.19632941873972973,1.0,-0.0,0,0
73,0.0,0.3148514851485148,0.24751683155643153,1.0,-0.0,0,0
74,0.0,0.3148514851485148,0.24751683155643153,1.0,-0.0,0,0
75,0.0,0.3148514851485148,0.24751683155643153,1.0,-0.0,0,0
76,0.0,0.27128712871287125,0.23307527941404238,1.0,-0.0,0,0
77,0.0,0.11683168316831682,0.14146987009498416,1.0,-0.0,0,0
78,0.0,0.057425742574257435,0.09476028605152792,1.0,-0.0,0,0
79,0.0,0.057425742574257435,0.09476028605152792,1.0,-0.0,0,0
80,0.0,0.0712871287128713,0.10372911567294095,1.0,-0.0,0,0
81,0.0,0.0712871287128713,0.10372911567294095,1.0,-0.0,0,0
82,0.0,0.0712871287128713,0.10372911567294095,1.0,-0.0,0,0
83,0.0,0.04950495049504951,0.09078727434730813,1.0,-0.0,0,0
84,0.6,0.4079207920792079,0.27707209210087325,0.2440774923923843,0.612472267204983,0,0
85,0.6,0.5702970297029704,0.3370062003881949,0.46488359404858504,0.33265577999435086,0,0
86,0.8,0.5881188118811882,0.3375177673982208,0.26507958262109355,0.5766237218952552,0,0
87,0.8,0.7049504950495051,0.3854728965633037,0.40261704565897605,0.3951078422667284,0,0
88,0.8,0.6693069306930693,0.3769976689944024,0.364420335431793,0.4383973964646812,0,0
89,0.2,0.3108910891089109,0.22946385642567882,1.0,-0.0,0,0
90,0.2,0.4534653465346534,0.31827640905589216,1.0,-0.0,0,0
91,0.0,0.4495049504950495,0.32262038581253544,1.0,-0.0,0,0
92,0.0,0.44554455445544555,0.2909611087873802,1.0,-0.0,0,0
93,0.0,0.47920792079207924,0.30191364304723484,1.0,-0.0,0,0
94,0.0,0.5564356435643565,0.3360857509577921,1.0,-0.0,1,0
95,0.0,0.25346534653465347,0.2419247720548493,1.0,-0.0,0,0
96,0.0,0.24950495049504945,0.24112925845368352,1.0,-0.0,0,0
97,0.0,0.13465346534653466,0.16911864928947468,1.0,-0.0,0,0
98,0.0,0.10099009900990098,0.14521752172118102,1.0,-0.0,0,0
99,0.0,0.025742574257425748,0.06697637435757531,1.0,-0.0,0,0
100,0.0,0.009900990099009901,0.04338396495090425,1.0,-0.0,0,0
101,0.0,0.0,0.0,1.0,-0.0,0,0
102,0.0,0.0,0.0,1.0,-0.0,0,0
103,0.0,0.0,0.0,1.0,-0.0,0,0
104,0.0,0.0,0.0,1.0,-0.0,0,0
105,0.0,0.0,0.0,1.0,-0.0,0,0
106,0.0,0.0,0.0,1.0,-0.0,0,0
107,0.0,0.0,0.0,1.0,-0.0,0,0
108,0.2,0.025742574257425745,0.0669763743575753,0.0046371400013480064,2.3337497919853587,0,0
109,0.2,0.025742574257425745,0.0669763743575753,0.0046371400013480064,2.3337497919853587,0,0
110,0.4,0.11089108910891088,0.15018206119491914,0.0271111626775014,1.566851857056345,0,0
111,0.4,0.11089108910891088,0.15018206119491914,0.0271111626775014,1.566851857056345,0,0
112,0.4,0.11089108910891088,0.15018206119491914,0.0271111626775014,1.566851857056345,0,0
113,0.2,0.09900990099009901,0.13386490123687583,0.22529911544679287,0.6472405133686278,0,0
114,0.2,0.11485148514851484,0.1416914361980065,0.2739388863041897,0.5623463141913831,0,0
115,0.0,0.0297029702970297,0.07648795214189293,1.0,-0.0,0,0
116,0.0,0.07920792079207921,0.11966689053257921,1.0,-0.0,0,0
117,0.0,0.07920792079207921,0.11966689053257921,1.0,-0.0,0,0
118,0.0,0.06534653465346535,0.1164113937164283,1.0,-0.0,0,0
119,0.0,0.04950495049504951,0.10304643034659554,1.0,-0.0,0,0
120,0.0,0.04950495049504951,0.10304643034659554,1.0,-0.0,0,0
121,0.0,0.0,0.0,1.0,-0.0,0,0
122,0.0,0.0,0.0,1.0,-0.0,0,0
123,0.0,0.0,0.0,1.0,-0.0,0,0
124,0.2,0.05544554455445545,0.10575073206193022,0.08582272375636786,1.066397706377696,0,0
125,0.4,0.11287128712871286,0.14464936528910635,0.02357234236501054,1.6275972598323143,0,0
126,0.4,0.11287128712871286,0.14464936528910635,0.02357234236501054,1.6275972598323143,0,0
127,0.4,0.16831683168316827,0.1728793392928091,0.09009930530165995,1.0452785575760846,0,0
128,0.6,0.22772277227722765,0.19706701472672838,0.02943991877972521,1.5310633924855515,0,0
129,0.6,0.23564356435643558,0.19780186026407595,0.03273557500230346,1.484980026266827,0,0
130,0.6,0.23960396039603957,0.21064690925896556,0.04354968101523472,1.3610150216857262,0,0
131,0.6,0.2633663366336633,0.2196859920532065,0.06271926059292993,1.2025990702583003,0,0
132,0.6,0.2099009900990099,0.19574936009912708,0.02313896603323068,1.6356560514385072,0,0
133,0.4,0.15049504950495046,0.1526166246970114,0.051040480566242226,1.2920852452139189,0,0
134,0.2,0.12574257425742574,0.15067732578017268,0.31106842085900455,0.5071440754962401,0,0
135,0.0,0.08316831683168317,0.12670172889541695,1.0,-0.0,0,0
136,0.0,0.0594059405940594,0.10357779667819421,1.0,-0.0,0,0
137,0.0,0.0594059405940594,0.10357779667819421,1.0,-0.0,0,0
138,0.2,0.07722772277227723,0.11593886073904514,0.14481359215141565,0.8391906735026717,0,0
139,0.6,0.1108910891089109,0.15536669501729133,0.000821695081609112,3.0852893125595577,0,0
140,0.6,0.13861386138613863,0.17517758855125917,0.0042215186451406515,2.3745312882422787,0,0
141,0.8,0.1485148514851485,0.1749760161138576,9.832461537487678e-05,4.0073377437831565,0,0
142,0.8,0.17227722772277224,0.17806373977319878,0.00021152562693051746,3.6746370090913447,0,0
143,0.6,0.15445544554455443,0.17091758912506996,0.004569903028305403,2.340093015404698,0,0
144,0.2,0.09702970297029703,0.14243667729389659,0.2348645731342126,0.6291824870650918,0,0
145,0.2,0.04950495049504951,0.09912864166957489,0.06448460512601864,1.190543955238279,0,0
146,0.0,0.041584158415841586,0.09039772047931348,1.0,-0.0,0,0
147,0.2,0.06732673267326733,0.1135467024699521,0.12131331785204298,0.9160915193958917,0,0
148,0.2,0.06732673267326733,0.1135467024699521,0.12131331785204298,0.9160915193958917,0,0
149,0.2,0.04950495049504951,0.09912864166957489,0.06448460512601864,1.190543955238279,0,0
150,0.4,0.11485148514851484,0.13598641357140118,0.01800166867147252,1.744687235939824,0,0
151,0.4,0.11485148514851484,0.13598641357140118,0.01800166867147252,1.744687235939824,0,0
152,0.2,0.06534653465346535,0.10571364605971598,0.10137482685028305,0.9940698745616096,0,0
153,0.2,0.06534653465346535,0.10571364605971598,0.10137482685028305,0.9940698745616096,0,0
154,0.2,0.06534653465346535,0.10571364605971598,0.10137482685028305,0.9940698745616096,0,0
155,0.2,0.07524752475247526,0.1189108498693262,0.1470600443380226,0.8325053074261874,0,0
156,0.4,0.13465346534653463,0.15443005630372467,0.0428772301104973,1.3677732780396605,0,0
157,0.4,0.13465346534653463,0.15443005630372467,0.0428772301104973,1.3677732780396605,0,0
158,0.4,0.13465346534653463,0.15443005630372467,0.0428772301104973,1.3677732780396605,0,0
159,0.4,0.13465346534653463,0.15443005630372467,0.0428772301104973,1.3677732780396605,0,0
160,0.2,0.057425742574257435,0.10656335878870263,0.09045971579075375,1.0435447810683365,0,0
161,0.0,0.0,0.0,1.0,-0.0,0,0
162,0.0,0.0,0.0,1.0,-0.0,0,0
163,0.0,0.0,0.0,1.0,-0.0,0,0
164,0.0,0.0,0.0,1.0,-0.0,0,0
165,0.0,0.0,0.0,1.0,-0.0,0,0
166,0.0,0.04158415841584159,0.08590499787518362,1.0,-0.0,0,0
167,0.0,0.04158415841584159,0.08590499787518362,1.0,-0.0,0,0
168,0.0,0.1108910891089109,0.13342479626077636,1.0,-0.0,0,0
169,0.0,0.17623762376237626,0.17640441545600072,1.0,-0.0,0,0
170,0.0,0.17623762376237626,0.17640441545600072,1.0,-0.0,0,0
171,0.0,0.13267326732673268,0.16715967992400224,1.0,-0.0,0,0
172,0.0,0.13267326732673268,0.16715967992400224,1.0,-0.0,0,0
173,0.2,0.08514851485148513,0.12694907267187808,0.1828107949282391,0.7379981628727221,0,0
174,0.2,0.021782178217821784,0.06230547612891991,0.002115616449879084,2.6745630648030154,0,0
175,0.2,0.021782178217821784,0.06230547612891991,0.002115616449879084,2.6745630648030154,0,0
176,0.2,0.04950495049504951,0.09504950495049506,0.056672754609762926,1.2466256777282645,0,0
177,0.2,0.10495049504950495,0.1367053908443026,0.2434376750920733,0.6136122082817695,0,0
178,0.0,0.08316831683168317,0.12978985828256587,1.0,-0.0,0,0
179,0.0,0.08316831683168317,0.12978985828256587,1.0,-0.0,0,0
180,0.0,0.10297029702970298,0.14243667729389656,1.0,-0.0,0,0
181,0.0,0.07524752475247526,0.1189108498693262,1.0,-0.0,0,0
182,0.0,0.019801980198019802,0.059735061897023205,1.0,-0.0,0,0
183,0.0,0.019801980198019802,0.059735061897023205,1.0,-0.0,0,0
184,0.0,0.019801980198019802,0.059735061897023205,1.0,-0.0,0,0
185,0.0,0.0,0.0,1.0,-0.0,0,0
186,0.0,0.0,0.0,1.0,-0.0,0,0
187,0.0,0.0,0.0,1.0,-0.0,0,0
188,0.0,0.0,0.0,1.0,-0.0,0,0
189,0.0,0.0,0.0,1.0,-0.0,0,0
190,0.0,0.04356435643564357,0.08255312311158745,1.0,-0.0,0,0
191,0.0,0.04356435643564357,0.08255312311158745,1.0,-0.0,0,0
192,0.0,0.04356435643564357,0.08255312311158745,1.0,-0.0,0,0
193,0.0,0.04356435643564357,0.08255312311158745,1.0,-0.0,0,0
194,0.0,0.04356435643564357,0.08255312311158745,1.0,-0.0,0,0
195,0.0,0.013861386138613863,0.05079507064705211,1.0,-0.0,0,0
196,0.0,0.039603960396039604,0.08452453849668534,1.0,-0.0,0,0
197,0.0,0.0594059405940594,0.1073333087751893,1.0,-0.0,0,0
198,0.0,0.1603960396039604,0.16890984643276136,1.0,-0.0,0,0
199,0.0,0.22772277227722768,0.2010461805385672,1.0,-0.0,0,0
200,0.2,0.2594059405940594,0.20975148795034237,1.0,-0.0,0,0
201,0.2,0.23366336633663368,0.19914531622613268,1.0,-0.0,0,0
202,0.2,0.21386138613861383,0.18933427036517264,1.0,-0.0,0,0
203,0.2,0.3227722772277228,0.23875966130213722,1.0,-0.0,0,0
204,0.2,0.30891089108910896,0.23466808660634533,1.0,-0.0,0,0
205,0.0,0.3524752475247525,0.25817104599717483,1.0,-0.0,0,0
206,0.0,0.4514851485148515,0.29336351301675606,1.0,-0.0,0,0
207,0.0,0.4514851485148515,0.29336351301675606,1.0,-0.0,0,0
208,0.0,0.3009900990099009,0.22271726493469288,1.0,-0.0,0,0
209,0.0,0.293069306930693,0.20404689120496478,1.0,-0.0,0,0
210,0.0,0.2059405940594059,0.17224308299392188,1.0,-0.0,0,0
211,0.0,0.11485148514851487,0.14169143619800648,1.0,-0.0,0,0
212,0.0,0.11485148514851487,0.14169143619800648,1.0,-0.0,0,0
213,0.0,0.05544554455445545,0.09797478714338996,1.0,-0.0,0,0
214,0.0,0.009900990099009901,0.04338396495090424,1.0,-0.0,0,0
215,0.0,0.009900990099009901,0.04338396495090424,1.0,-0.0,0,0
216,0.0,0.0,0.0,1.0,-0.0,0,0
217,0.0,0.0594059405940594,0.10357779667819421,1.0,-0.0,0,0
218,0.0,0.0594059405940594,0.10357779667819421,1.0,-0.0,0,0
219,0.0,0.0613861386138614,0.10433219700847123,1.0,-0.0,0,0
220,0.0,0.0613861386138614,0.10433219700847123,1.0,-0.0,0,0
221,0.0,0.0613861386138614,0.10433219700847123,1.0,-0.0,0,0
222,0.0,0.0019801980198019802,0.0198019801980198,1.0,-0.0,0,0
223,0.0,0.0019801980198019802,0.0198019801980198,1.0,-0.0,0,0
224,0.0,0.0,0.0,1.0,-0.0,0,0
225,0.0,0.0,0.0,1.0,-0.0,0,0
226,0.0,0.0,0.0,1.0,-0.0,0,0
227,0.0,0.0,0.0,1.0,-0.0,0,0
228,0.0,0.0,0.0,1.0,-0.0,0,0
229,0.0,0.0,0.0,1.0,-0.0,0,0
230,0.0,0.009900990099009901,0.04338396495090424,1.0,-0.0,0,0
231,0.0,0.009900990099009901,0.04338396495090424,1.0,-0.0,0,0
232,0.0,0.009900990099009901,0.04338396495090424,1.0,-0.0,0,0
233,0.0,0.009900990099009901,0.04338396495090424,1.0,-0.0,0,0
234,0.0,0.009900990099009901,0.04338396495090424,1.0,-0.0,0,0
235,0.0,0.011881188118811883,0.047276579747775535,1.0,-0.0,0,0
236,0.0,0.011881188118811883,0.047276579747775535,1.0,-0.0,0,0
237,0.0,0.011881188118811883,0.047276579747775535,1.0,-0.0,0,0
238,0.0,0.011881188118811883,0.047276579747775535,1.0,-0.0,0,0
239,0.0,0.06930693069306931,0.12084076279122662,1.0,-0.0,0,0
240,0.0,0.05742574257425742,0.10656335878870264,1.0,-0.0,0,0
241,0.0,0.05742574257425742,0.10656335878870264,1.0,-0.0,0,0
242,0.0,0.07524752475247524,0.11891084986932621,1.0,-0.0,0,0
243,0.0,0.09108910891089109,0.12750384183766536,1.0,-0.0,0,0
244,0.0,0.033663366336633666,0.07482947971362845,1.0,-0.0,0,0
245,0.0,0.033663366336633666,0.07482947971362845,1.0,-0.0,0,0
246,0.0,0.033663366336633666,0.07482947971362845,1.0,-0.0,0,0
247,0.0,0.025742574257425748,0.06697637435757531,1.0,-0.0,0,0
248,0.0,0.009900990099009901,0.04338396495090425,1.0,-0.0,0,0
249,0.0,0.009900990099009901,0.04338396495090425,1.0,-0.0,0,0
250,0.0,0.009900990099009901,0.04338396495090425,1.0,-0.0,0,0
251,0.0,0.009900990099009901,0.04338396495090425,1.0,-0.0,0,0
252,0.0,0.0,0.0,1.0,-0.0,0,0
253,0.0,0.0,0.0,1.0,-0.0,0,0
254,0.0,0.0,0.0,1.0,-0.0,0,0
255,0.0,0.0,0.0,1.0,-0.0,0,0
256,0.0,0.0,0.0,1.0,-0.0,0,0
257,0.0,0.0,0.0,1.0,-0.0,0,0
258,0.0,0.0,0.0,1.0,-0.0,0,0
259,0.0,0.0,0.0,1.0,-0.0,0,0
260,0.0,0.0,0.0,1.0,-0.0,0,0
261,0.0,0.0,0.0,1.0,-0.0,0,0
262,0.2,0.007920792079207921,0.03900537743285587,4.2303541670263104e-07,6.3736232717865695,0,0
263,0.2,0.007920792079207921,0.03900537743285587,4.2303541670263104e-07,6.3736232717865695,0,0
264,0.2,0.007920792079207921,0.03900537743285587,4.2303541670263104e-07,6.3736232717865695,0,0
265,0.2,0.007920792079207921,0.03900537743285587,4.2303541670263104e-07,6.3736232717865695,0,0
266,0.2,0.03762376237623763,0.07816140339006158,0.01888012292982573,1.723995182306426,0,0
267,0.0,0.02970297029702971,0.07112192077650681,1.0,-0.0,0,0
268,0.0,0.02970297029702971,0.07112192077650681,1.0,-0.0,0,0
269,0.0,0.02970297029702971,0.07112192077650681,1.0,-0.0,0,0
270,0.0,0.02970297029702971,0.07112192077650681,1.0,-0.0,0,0
271,0.0,0.0,0.0,1.0,-0.0,0,0
272,0.0,0.0,0.0,1.0,-0.0,0,0
273,0.0,0.0,0.0,1.0,-0.0,0,0
274,0.0,0.0,0.0,1.0,-0.0,0,0
275,0.0,0.0,0.0,1.0,-0.0,0,0
276,0.0,0.0,0.0,1.0,-0.0,0,0
277,0.0,0.0,0.0,1.0,-0.0,0,0
278,0.0,0.0,0.0,1.0,-0.0,0,0
279,0.0,0.0,0.0,1.0,-0.0,0,0
280,0.0,0.04950495049504951,0.09912864166957489,1.0,-0.0,0,0
281,0.0,0.04950495049504951,0.09912864166957489,1.0,-0.0,0,0
282,0.0,0.04950495049504951,0.09912864166957489,1.0,-0.0,0,0
283,0.0,0.13069306930693067,0.13912212332871524,1.0,-0.0,0,0
284,0.0,0.13069306930693067,0.13912212332871524,1.0,-0.0,0,0
285,0.0,0.13861386138613863,0.1634833064598043,1.0,-0.0,0,0
286,0.0,0.13861386138613863,0.1634833064598043,1.0,-0.0,0,0
287,0.0,0.16831683168316827,0.17515520306927512,1.0,-0.0,0,0
288,0.0,0.08712871287128714,0.1207758469859557,1.0,-0.0,0,0
289,0.0,0.08712871287128714,0.1207758469859557,1.0,-0.0,0,0
290,0.0,0.0297029702970297,0.07112192077650681,1.0,-0.0,0,0
291,0.0,0.05940594059405942,0.10733330877518932,1.0,-0.0,0,0
292,0.0,0.047524752475247525,0.10205226714237722,1.0,-0.0,0,0
293,0.0,0.1762376237623762,0.20544494810840294,1.0,-0.0,0,0
294,0.0,0.1762376237623762,0.20544494810840294,1.0,-0.0,0,0
295,0.0,0.1762376237623762,0.20544494810840294,1.0,-0.0,0,0
296,0.0,0.27722772277227725,0.257897511349297,1.0,-0.0,0,0
297,0.0,0.5346534653465347,0.3436656340580853,1.0,-0.0,0,0
298,0.0,0.42772277227722777,0.29921309730731255,1.0,-0.0,0,0
299,0.2,0.45544554455445546,0.3097348746575996,1.0,-0.0,0,0
300,0.2,0.45544554455445546,0.3097348746575996,1.0,-0.0,0,0
301,0.2,0.3227722772277228,0.2469140982299618,1.0,-0.0,0,0
302,0.2,0.06732673267326733,0.12356816445008077,0.14148197467648932,0.8492988873283202,0,0
303,0.2,0.057425742574257435,0.11021718851545144,0.09790604061927334,1.009190512214366,0,0
304,0.2,0.05346534653465348,0.10104832334394513,0.07350913727109526,1.1336586742521855,0,0
305,0.2,0.12079207920792076,0.14645435316515326,0.29430999753229947,0.5311949849293932,0,0
306,0.2,0.12079207920792076,0.14645435316515326,0.29430999753229947,0.5311949849293932,0,0
307,0.2,0.10297029702970295,0.13383560593042218,0.23422856230353267,0.6303601472889672,0,0
308,0.2,0.09108910891089109,0.12750384183766536,0.19650337127395107,0.7066299943312295,0,0
309,0.0,0.06732673267326733,0.11000352009767247,1.0,-0.0,0,0
310,0.0,0.0,0.0,1.0,-0.0,0,0
311,0.0,0.0,0.0,1.0,-0.0,0,0
312,0.0,0.0,0.0,1.0,-0.0,0,0
313,0.0,0.0,0.0,1.0,-0.0,0,0
314,0.0,0.0,0.0,1.0,-0.0,0,0
315,0.0,0.0,0.0,1.0,-0.0,0,0
316,0.0,0.0,0.0,1.0,-0.0,0,0
317,0.0,0.0,0.0,1.0,-0.0,0,0
318,0.2,0.041584158415841586,0.09467748980500532,0.04714244196908596,1.326587924861529,0,0
319,1.4,0.19405940594059404,0.21701018919283135,1.371711696305517e-08,7.862737158207085,0,0
320,1.4,0.23960396039603957,0.2371777993387382,4.977765767724732e-07,6.302965543279451,0,0
321,1.6,0.28118811881188116,0.26277757461439416,2.6005971584570346e-07,6.584926916319628,0,0
322,1.6,0.28118811881188116,0.26277757461439416,2.6005971584570346e-07,6.584926916319628,0,0
323,1.4,0.2851485148514852,0.2630311274030943,1.1252042321086815e-05,4.948768643039017,0,0
324,0.2,0.13267326732673265,0.18081712817047954,0.35481721871101923,0.44999531271367443,0,0
325,0.2,0.10297029702970295,0.16317120058972406,0.2760388306586746,0.5590298209978195,0,0
326,0.0,0.0613861386138614,0.1185475607690754,1.0,-0.0,0,0
327,0.0,0.0613861386138614,0.1185475607690754,1.0,-0.0,0,0
328,0.0,0.015841584158415842,0.054012600780142014,1.0,-0.0,0,0
329,0.0,0.015841584158415842,0.054012600780142014,1.0,-0.0,0,0
330,0.0,0.0,0.0,1.0,-0.0,0,0
331,0.0,0.0,0.0,1.0,-0.0,0,0
332,0.0,0.0,0.0,1.0,-0.0,0,0
333,0.0,0.0,0.0,1.0,-0.0,0,0
334,0.2,0.11485148514851484,0.14984225277142668,0.28493112915219765,0.5452601008465132,0,0
335,0.2,0.11485148514851484,0.14984225277142668,0.28493112915219765,0.5452601008465132,0,0
336,0.2,0.1386138613861386,0.15348770198080078,0.3445997140219068,0.4626850873022659,0,0
337,0.2,0.1762376237623762,0.18516704518908453,0.4489441488937678,0.34780768424380604,0,0
338,0.2,0.1762376237623762,0.18516704518908453,0.4489441488937678,0.34780768424380604,0,0
339,0.0,0.08910891089108909,0.12734998170941406,1.0,-0.0,0,0
340,0.0,0.08910891089108909,0.12734998170941406,1.0,-0.0,0,0
341,0.0,0.0712871287128713,0.11461224656227947,1.0,-0.0,0,0
342,0.0,0.033663366336633666,0.07994704648786674,1.0,-0.0,0,0
343,0.0,0.033663366336633666,0.07994704648786674,1.0,-0.0,0,0
344,0.0,0.011881188118811881,0.047276579747775535,1.0,-0.0,0,0
345,0.0,0.031683168316831684,0.0730260947112308,1.0,-0.0,0,0
346,0.0,0.03564356435643565,0.07653920035678292,1.0,-0.0,0,0
347,0.0,0.03564356435643565,0.07653920035678292,1.0,-0.0,0,0
348,0.0,0.2712871287128713,0.2226468293652734,1.0,-0.0,0,0
349,0.0,0.2633663366336634,0.21235258009432886,1.0,-0.0,0,0
350,0.0,0.24356435643564353,0.20796793430679011,1.0,-0.0,0,0
351,0.0,0.2772277227722772,0.22509896090774148,1.0,-0.0,0,0
352,0.0,0.2851485148514851,0.22222374712195594,1.0,-0.0,0,0
353,0.0,0.06930693069306931,0.11409790329416186,1.0,-0.0,0,0
354,0.0,0.06930693069306931,0.11409790329416186,1.0,-0.0,0,0
355,0.0,0.06930693069306931,0.11409790329416186,1.0,-0.0,0,0
356,0.0,0.02772277227722772,0.07975061610139514,1.0,-0.0,0,0
357,0.0,0.1485148514851485,0.16082329112274815,1.0,-0.0,0,0
358,0.0,0.15049504950495046,0.15772124951873168,1.0,-0.0,0,0
359,0.0,0.1584158415841584,0.16244866773856387,1.0,-0.0,0,0
360,0.0,0.1584158415841584,0.16244866773856387,1.0,-0.0,0,0
361,0.0,0.1584158415841584,0.16244866773856387,1.0,-0.0,0,0
362,0.0,0.1465346534653465,0.15387043310940524,1.0,-0.0,0,0
363,0.0,0.12475247524752472,0.1345369326848557,1.0,-0.0,0,0
364,0.0,0.11485148514851483,0.1330421943147788,1.0,-0.0,0,0
365,0.0,0.12277227722772277,0.14615954128511635,1.0,-0.0,0,0
366,0.0,0.12277227722772277,0.14615954128511635,1.0,-0.0,0,0
367,0.0,0.007920792079207921,0.03900537743285587,1.0,-0.0,0,0
368,0.0,0.007920792079207921,0.03900537743285587,1.0,-0.0,0,0
369,0.0,0.007920792079207921,0.03900537743285587,1.0,-0.0,0,0
370,0.0,0.021782178217821784,0.06230547612891991,1.0,-0.0,0,0
371,0.0,0.06732673267326733,0.1135467024699521,1.0,-0.0,0,0
372,0.0,0.07326732673267328,0.11848138852793338,1.0,-0.0,0,0
373,0.0,0.07326732673267328,0.11848138852793338,1.0,-0.0,0,0
374,0.0,0.0891089108910891,0.13042276277287215,1.0,-0.0,0,0
375,0.0,0.09306930693069305,0.1306930693069307,1.0,-0.0,0,0
376,0.0,0.047524752475247525,0.09397077637785882,1.0,-0.0,0,0
377,0.0,0.041584158415841586,0.08116396646304633,1.0,-0.0,0,0
378,0.0,0.041584158415841586,0.08116396646304633,1.0,-0.0,0,0
379,0.0,0.025742574257425748,0.06697637435757531,1.0,-0.0,0,0
380,0.0,0.025742574257425748,0.07264925278354116,1.0,-0.0,0,0
381,0.0,0.025742574257425748,0.07264925278354116,1.0,-0.0,0,0
382,0.0,0.025742574257425748,0.07264925278354116,1.0,-0.0,0,0
383,0.0,0.025742574257425748,0.07264925278354116,1.0,-0.0,0,0
384,0.0,0.025742574257425748,0.07264925278354116,1.0,-0.0,0,0
385,0.0,0.0,0.0,1.0,-0.0,0,0
386,0.0,0.0,0.0,1.0,-0.0,0,0
387,0.0,0.017821782178217824,0.05698017651460656,1.0,-0.0,0,0
388,0.0,0.017821782178217824,0.05698017651460656,1.0,-0.0,0,0
389,0.0,0.017821782178217824,0.05698017651460656,1.0,-0.0,0,0
390,0.2,0.10099009900990098,0.14521752172118102,0.2476814172531363,0.6061065759218802,0,0
391,0.4,0.12475247524752472,0.15632280678012314,0.0391392024871771,1.4073880279101825,0,0
392,0.4,0.10693069306930691,0.13948804962658473,0.01781893673344482,1.749118214136097,0,0
393,0.4,0.10693069306930691,0.13948804962658473,0.01781893673344482,1.749118214136097,0,0
394,0.6,0.19207920792079206,0.16867754011126218,0.0077956043271675745,2.108150211997797,0,0
395,0.4,0.1069306930693069,0.13368903310588712,0.014183557714894442,1.8482148197771036,0,0
396,0.2,0.08316831683168316,0.12670172889541695,0.1782381694772629,0.7489992867285711,0,0
397,0.2,0.08316831683168316,0.12670172889541695,0.1782381694772629,0.7489992867285711,0,0
398,0.2,0.08316831683168316,0.12670172889541695,0.1782381694772629,0.7489992867285711,0,0
399,0.0,0.0,0.0,1.0,-0.0,0,0
400,0.0,0.0,0.0,1.0,-0.0,0,0
401,0.0,0.0,0.0,1.0,-0.0,0,0
402,0.0,0.0,0.0,1.0,-0.0,0,0
403,0.0,0.0,0.0,1.0,-0.0,0,0
404,0.0,0.0,0.0,1.0,-0.0,0,0
405,0.0,0.0,0.0,1.0,-0.0,0,0
406,0.0,0.0,0.0,1.0,-0.0,0,0
407,0.0,0.017821782178217824,0.056980176514606566,1.0,-0.0,0,0
408,0.0,0.03564356435643565,0.07653920035678292,1.0,-0.0,0,0
409,0.0,0.03564356435643565,0.07653920035678292,1.0,-0.0,0,0
410,0.0,0.03564356435643565,0.07653920035678292,1.0,-0.0,0,0
411,0.0,0.03564356435643565,0.07653920035678292,1.0,-0.0,0,0
412,0.0,0.017821782178217824,0.05698017651460656,1.0,-0.0,0,0
413,0.0,0.021782178217821784,0.06230547612891991,1.0,-0.0,0,0
414,0.0,0.021782178217821784,0.06230547612891991,1.0,-0.0,0,0
415,0.0,0.023762376237623766,0.06471340450838887,1.0,-0.0,0,0
416,0.2,0.2396039603960396,0.1990468415545198,1.0,-0.0,0,0
417,0.4,0.2495049504950495,0.19981365694127387,0.2256717810492006,0.6465227435399371,0,0
418,0.4,0.2396039603960396,0.19298551113766993,0.2029501089879262,0.6926107111225409,0,0
419,0.4,0.2514851485148515,0.20421977163332655,0.23354237526642796,0.6316343070692877,0,0
420,0.4,0.24950495049504953,0.20373918601017008,0.230055156771459,0.638168027418578,0,0
421,0.2,0.033663366336633666,0.07482947971362845,0.01311209067436901,1.882328056139666,0,0
422,0.0,0.023762376237623766,0.06471340450838887,1.0,-0.0,0,0
423,0.0,0.011881188118811883,0.047276579747775535,1.0,-0.0,0,0
424,0.0,0.10495049504950493,0.1337769960717191,1.0,-0.0,0,0
425,0.0,0.10495049504950493,0.1337769960717191,1.0,-0.0,0,0
426,0.0,0.14851485148514848,0.16082329112274815,1.0,-0.0,0,0
427,0.0,0.1900990099009901,0.17206086333646306,1.0,-0.0,0,0
428,0.0,0.24554455445544554,0.2084951990212257,1.0,-0.0,0,0
429,0.0,0.14059405940594058,0.1630028960574786,1.0,-0.0,0,0
430,0.0,0.14059405940594058,0.1630028960574786,1.0,-0.0,0,0
431,0.2,0.12574257425742574,0.1425742574257426,0.3012414400664398,0.5210852849472924,0,0
432,0.2,0.08316831683168317,0.11694909354640316,0.15889830100735314,0.798880746386554,0,0
433,0.2,0.027722772277227727,0.06910862719451544,0.0063361735559086295,2.1981729353735644,0,0
434,0.2,0.027722772277227727,0.06910862719451544,0.0063361735559086295,2.1981729353735644,0,0
435,0.2,0.027722772277227727,0.06910862719451544,0.0063361735559086295,2.1981729353735644,0,0
436,0.0,0.0,0.0,1.0,-0.0,0,0
437,0.0,0.0,0.0,1.0,-0.0,0,0
438,0.0,0.0,0.0,1.0,-0.0,0,0
439,0.0,0.0,0.0,1.0,-0.0,0,0
440,0.0,0.013861386138613863,0.05079507064705211,1.0,-0.0,0,0
441,0.0,0.09900990099009901,0.15057319492752777,1.0,-0.0,0,0
442,0.0,0.14653465346534655,0.1821566926586159,1.0,-0.0,0,0
443,0.0,0.14653465346534655,0.1821566926586159,1.0,-0.0,0,0
444,0.0,0.14653465346534655,0.1821566926586159,1.0,-0.0,0,0
445,0.0,0.13267326732673268,0.17183281702904266,1.0,-0.0,0,0
446,0.0,0.047524752475247525,0.09809478080396704,1.0,-0.0,0,0
447,0.0,0.0,0.0,1.0,-0.0,0,0
448,0.0,0.0,0.0,1.0,-0.0,0,0
449,0.0,0.0,0.0,1.0,-0.0,0,0
450,0.0,0.0,0.0,1.0,-0.0,0,0
451,0.0,0.0,0.0,1.0,-0.0,0,0
452,0.0,0.0,0.0,1.0,-0.0,0,0
453,0.2,0.019801980198019802,0.06603299802191315,0.003177215148072976,2.4979533755231182,0,0
454,0.2,0.021782178217821784,0.06836703565002801,0.0045699030283054085,2.3400930154046975,0,0
455,0.2,0.021782178217821784,0.06836703565002801,0.0045699030283054085,2.3400930154046975,0,0
456,0.2,0.12277227722772277,0.16160162980675777,0.31636442600450354,0.49981235721777156,0,0
457,0.2,0.15445544554455445,0.1885456335630517,0.404561646497331,0.3930152918669836,0,0
458,0.0,0.26534653465346536,0.23055492400519423,1.0,-0.0,0,0
459,0.0,0.2633663366336634,0.2250292708252949,1.0,-0.0,0,0
460,0.0,0.299009900990099,0.2297200403353468,1.0,-0.0,0,0
461,0.0,0.19801980198019803,0.19190560696373418,1.0,-0.0,0,0
462,0.0,0.25346534653465347,0.20851400524496133,1.0,-0.0,0,0
463,0.0,0.1861386138613861,0.17856950998171084,1.0,-0.0,0,0
464,0.0,0.20198019801980197,0.1877327983285756,1.0,-0.0,0,0
465,0.0,0.16633663366336632,0.16902587986434298,1.0,-0.0,0,0
466,0.0,0.16633663366336632,0.16902587986434298,1.0,-0.0,0,0
467,0.0,0.10495049504950495,0.1367053908443026,1.0,-0.0,0,0
468,0.0,0.04554455445544555,0.08846854615322249,1.0,-0.0,0,0
469,0.0,0.0297029702970297,0.07648795214189293,1.0,-0.0,0,0
