,foreground,bg_means,bg_stdev,pvals,minus_logs,regs,active
2,0.2,0.3405940594059405,0.20205783792196594,1.0,-0.0,0,0
3,1.2,1.2475247524752475,0.39915605509375407,1.0,-0.0,0,0
4,1.2,1.2475247524752475,0.39915605509375407,1.0,-0.0,0,0
5,2.0,1.5247524752475248,0.42482516860470004,0.13163627829160585,0.8806244048664776,0,0
6,1.8,1.2792079207920795,0.42035271179510514,0.10768373148892503,0.9678499035568466,0,0
7,1.8,1.1841584158415843,0.3967024156563575,0.060283044454987354,1.2198048227705813,0,0
8,0.8,0.3118811881188119,0.18524114800292038,0.004206303050716372,2.3760994409905,0,0
9,0.8,0.3702970297029704,0.19977440467551033,0.01574042595386408,1.8029835193143315,0,0
10,0.0,0.1465346534653465,0.1686077858012515,1.0,-0.0,0,0
11,0.0,0.19603960396039602,0.1823503276549915,1.0,-0.0,0,0
12,0.0,0.19603960396039602,0.1823503276549915,1.0,-0.0,0,0
13,0.0,0.1603960396039604,0.15925520208224236,1.0,-0.0,0,0
14,0.0,0.10099009900990097,0.12145573247679728,1.0,-0.0,0,0
15,0.0,0.06336633663366337,0.09721138779115705,1.0,-0.0,0,0
16,0.0,0.07326732673267328,0.10038647014365605,1.0,-0.0,0,0
17,0.0,0.07326732673267328,0.10038647014365605,1.0,-0.0,0,0
18,0.0,0.1801980198019802,0.13644699546100766,1.0,-0.0,0,0
19,0.0,0.20594059405940596,0.14746825950028414,1.0,-0.0,0,0
20,0.2,0.2514851485148515,0.16082329112274815,1.0,-0.0,0,0
21,0.2,0.19207920792079206,0.14328754467426172,0.47795809636237646,0.32061017727139646,0,0
22,0.2,0.19207920792079206,0.14328754467426172,0.47795809636237646,0.32061017727139646,0,0
23,0.2,0.08514851485148514,0.1172170185104851,0.16358768676286217,0.786249388758791,0,0
24,0.2,0.0594059405940594,0.09138994660763824,0.061975734571012124,1.2077783170289345,0,0
25,0.0,0.0,0.0,1.0,-0.0,0,0
26,0.0,0.0,0.0,1.0,-0.0,0,0
27,0.0,0.04554455445544555,0.08387254884969257,1.0,-0.0,0,0
28,0.0,0.15247524752475247,0.13540848314676243,1.0,-0.0,0,0
29,0.4,0.6277227722772277,0.26255364822126287,1.0,-0.0,0,0
30,0.4,0.6277227722772277,0.26255364822126287,1.0,-0.0,0,0
31,0.4,0.7782178217821781,0.2712654468462231,1.0,-0.0,0,0
32,0.4,0.7594059405940593,0.27724893836784203,1.0,-0.0,0,0
33,0.6,0.7999999999999998,0.30442284297787625,1.0,-0.0,0,0
34,0.2,0.3227722772277228,0.20675770873787758,1.0,-0.0,0,0
35,0.2,0.3227722772277228,0.20675770873787758,1.0,-0.0,0,0
36,0.2,0.1881188118811881,0.16123725137284975,0.47062947784473114,0.3273208743032858,0,0
37,0.2,0.1603960396039604,0.14356094226052957,0.3913244846382683,0.40746297803690934,0,0
38,0.0,0.013861386138613863,0.05079507064705211,1.0,-0.0,0,0
39,0.0,0.013861386138613863,0.05079507064705211,1.0,-0.0,0,0
40,0.0,0.05544554455445545,0.08952597667688965,1.0,-0.0,0,0
41,0.0,0.041584158415841586,0.08116396646304633,1.0,-0.0,0,0
42,0.0,0.041584158415841586,0.08116396646304633,1.0,-0.0,0,0
43,0.0,0.041584158415841586,0.08116396646304633,1.0,-0.0,0,0
44,0.2,0.08316831683168316,0.11351216354824961,0.15168257774907978,0.8190642993843817,0,0
45,0.6,0.3148514851485148,0.24751683155643156,0.12465296228280699,0.9042973963596429,0,0
46,0.6,0.3148514851485148,0.24751683155643156,0.12465296228280699,0.9042973963596429,0,0
47,1.8,1.198019801980198,0.35654563759368796,0.04567031727925243,1.340365971266879,0,0
48,2.2,1.3029702970297032,0.36218682492249293,0.006630083679707076,2.1784809902369022,0,0
49,2.0,1.4316831683168318,0.35680948491957953,0.05560546213252169,1.2548825455132613,0,0
50,1.6,1.1584158415841583,0.30870772704800115,0.07629711682412964,1.1174918731988432,0,0
51,1.6,1.1584158415841583,0.30870772704800115,0.07629711682412964,1.1174918731988432,0,0
52,0.4,0.3227722772277227,0.21975737661790232,0.3626356408766048,0.4405295144286727,0,0
53,0.0,0.2178217821782178,0.17142156917092394,1.0,-0.0,0,0
54,0.0,0.24158415841584158,0.17192407185067912,1.0,-0.0,0,0
55,0.0,0.24158415841584158,0.17192407185067912,1.0,-0.0,0,0
56,0.0,0.29504950495049503,0.19416041016642027,1.0,-0.0,0,0
57,0.0,0.24950495049504945,0.1810988255869097,1.0,-0.0,0,0
58,0.0,0.24950495049504945,0.1810988255869097,1.0,-0.0,0,0
59,0.0,0.0712871287128713,0.10372911567294095,1.0,-0.0,0,0
60,0.0,0.0712871287128713,0.10372911567294095,1.0,-0.0,0,0
61,0.0,0.017821782178217824,0.05698017651460656,1.0,-0.0,0,0
62,0.0,0.017821782178217824,0.05698017651460656,1.0,-0.0,0,0
63,0.0,0.017821782178217824,0.05698017651460656,1.0,-0.0,0,0
64,0.0,0.0,0.0,1.0,-0.0,0,0
65,0.6,0.7049504950495047,0.2588536180335555,1.0,-0.0,0,0
66,0.8,1.0138613861386139,0.3309242092554517,1.0,-0.0,0,0
67,0.8,1.0138613861386139,0.3309242092554517,1.0,-0.0,0,0
68,0.8,1.0138613861386139,0.3309242092554517,1.0,-0.0,0,0
69,0.8,1.0138613861386139,0.3309242092554517,1.0,-0.0,0,0
70,0.2,0.3504950495049505,0.20178596757001185,1.0,-0.0,0,0
71,0.0,0.039603960396039604,0.07970143286137867,1.0,-0.0,0,0
72,0.2,0.36831683168316837,0.20821290183120655,1.0,-0.0,0,0
73,0.4,0.40396039603960393,0.22156991256553443,1.0,-0.0,0,0
