,foreground,bg_means,bg_stdev,pvals,minus_logs,regs,active
2,1.0,0.6435643564356435,0.29464388358741966,0.11319379864540298,0.9461773654432837,0,0
3,0.8,0.5465346534653466,0.2727071313556113,0.17633014434159888,0.7536734369795813,0,0
4,1.2,0.6653465346534653,0.25346534653465347,0.017456112828374917,1.7580524596646319,0,0
5,1.2,0.6653465346534653,0.25346534653465347,0.017456112828374917,1.7580524596646319,0,0
6,1.2,0.6376237623762376,0.30534884615991437,0.032755863354418845,1.4847109492737554,0,0
7,1.2,0.6811881188118811,0.32356702254194436,0.054421645410797505,1.264228331684761,0,0
8,1.2,0.6970297029702971,0.32774520577700716,0.06243636779874112,1.204562369716707,0,0
9,1.0,0.5346534653465347,0.296659835723604,0.05836826132348313,1.233823243281641,0,0
10,1.0,0.5346534653465347,0.296659835723604,0.05836826132348313,1.233823243281641,0,0
11,1.0,0.7207920792079208,0.3482109385976311,0.21132403636911384,0.6750511027168239,0,0
12,0.8,0.5584158415841584,0.3200455805200727,0.22517160216494897,0.6474863820299556,0,0
13,1.0,0.7029702970297027,0.3676135092553598,0.2095468668292496,0.6787188284065651,0,0
14,0.6,0.5643564356435644,0.3553227952091115,0.4600478416631506,0.33719700247076184,0,0
15,1.0,0.6871287128712871,0.37907217796385967,0.2045834131985902,0.6891295800487586,0,0
16,0.8,0.46138613861386135,0.28665717511600114,0.1187516610955437,0.9253603067592387,0,0
17,0.8,0.46138613861386135,0.28665717511600114,0.1187516610955437,0.9253603067592387,0,0
18,0.8,0.45148514851485155,0.2781173843584821,0.10508076096973347,0.9784767908178336,0,0
19,0.8,0.45148514851485155,0.2781173843584821,0.10508076096973347,0.9784767908178336,0,0
20,0.4,0.3267326732673268,0.2512901715519256,0.38530975975274107,0.41418999033016396,0,0
21,0.4,0.3445544554455446,0.1972460129099239,0.38931745265698847,0.4096961269195728,0,0
22,0.4,0.6415841584158414,0.26147613212267823,1.0,-0.0,0,0
23,0.2,0.4891089108910892,0.224226278080831,1.0,-0.0,0,0
24,0.4,0.6336633663366337,0.2700484839940407,1.0,-0.0,0,0
25,0.6,0.7643564356435644,0.29030000133553935,1.0,-0.0,0,0
26,0.4,0.5722772277227723,0.2655533404236073,1.0,-0.0,0,0
27,0.4,0.297029702970297,0.22622841587085504,0.32449679526893294,0.4887895879356954,0,0
28,0.4,0.35643564356435653,0.24792838377646795,0.4302595265140825,0.36626950504062367,0,0
29,0.2,0.21188118811881188,0.19865245471658538,1.0,-0.0,0,0
30,0.0,0.1722772277227723,0.1665722047113908,1.0,-0.0,0,0
31,0.0,0.1722772277227723,0.1665722047113908,1.0,-0.0,0,0
32,0.2,0.4752475247524752,0.2711931614379405,1.0,-0.0,0,0
33,0.2,0.5702970297029704,0.2833828723960129,1.0,-0.0,0,0
34,0.2,0.5702970297029704,0.2833828723960129,1.0,-0.0,0,0
35,0.2,0.5841584158415842,0.3040103806419848,1.0,-0.0,0,0
36,0.2,0.5841584158415842,0.3040103806419848,1.0,-0.0,0,0
37,0.2,0.5445544554455446,0.28019627050498275,1.0,-0.0,0,0
38,0.2,0.500990099009901,0.2619406060352026,1.0,-0.0,0,0
39,0.2,0.5623762376237624,0.28103468132708603,1.0,-0.0,0,0
40,0.2,0.4871287128712872,0.30754967926365157,1.0,-0.0,0,0
41,0.2,0.4871287128712872,0.30754967926365157,1.0,-0.0,0,0
42,0.2,0.3465346534653465,0.21780377963410028,1.0,-0.0,0,0
43,0.4,0.4811881188118813,0.2940710735425722,1.0,-0.0,0,0
44,0.4,0.4217821782178219,0.2712654468462231,1.0,-0.0,0,0
45,0.6,0.5168316831683168,0.31624946505044355,0.39628173897225827,0.4019959398946911,0,0
46,0.6,0.6396039603960395,0.31342224955954984,1.0,-0.0,0,0
47,0.4,0.5257425742574257,0.28516226589505644,1.0,-0.0,0,0
48,0.2,0.44356435643564346,0.26936516551496165,1.0,-0.0,0,0
49,0.8,0.6792079207920793,0.35047826776404384,0.36517903017688047,0.4374941690893871,0,0
50,0.6,0.5544554455445545,0.32685866157800364,0.44459065850965274,0.3520396666940042,0,0
51,0.6,0.7386138613861386,0.3218050258453823,1.0,-0.0,0,0
52,0.6,0.807920792079208,0.3399718009030655,1.0,-0.0,0,0
53,0.6,0.6435643564356436,0.3026012118002862,1.0,-0.0,0,0
54,0.0,0.45346534653465354,0.25623486922173166,1.0,-0.0,0,0
55,0.0,0.45346534653465354,0.25623486922173166,1.0,-0.0,0,0
56,0.2,0.4574257425742575,0.2847081307819632,1.0,-0.0,0,0
57,0.2,0.41386138613861384,0.2658927435700853,1.0,-0.0,0,0
58,0.2,0.41386138613861384,0.2658927435700853,1.0,-0.0,0,0
59,0.2,0.36831683168316837,0.2528767919262506,1.0,-0.0,0,0
60,0.2,0.36831683168316837,0.2528767919262506,1.0,-0.0,0,0
