,foreground,bg_means,bg_stdev,pvals,minus_logs,regs,active
2,0.0,0.025742574257425748,0.06697637435757531,1.0,-0.0,0,0
3,0.0,0.0,0.0,1.0,-0.0,0,0
4,0.0,0.0,0.0,1.0,-0.0,0,0
5,0.0,0.039603960396039604,0.07970143286137865,1.0,-0.0,0,0
6,0.0,0.039603960396039604,0.07970143286137865,1.0,-0.0,0,0
7,0.0,0.039603960396039604,0.07970143286137865,1.0,-0.0,0,0
8,0.0,0.039603960396039604,0.07970143286137865,1.0,-0.0,0,0
9,0.0,0.039603960396039604,0.07970143286137865,1.0,-0.0,0,0
10,0.0,0.015841584158415842,0.05401260078014202,1.0,-0.0,0,0
11,0.0,0.015841584158415842,0.05401260078014202,1.0,-0.0,0,0
12,0.0,0.015841584158415842,0.05401260078014202,1.0,-0.0,0,0
13,0.0,0.4574257425742574,0.24750098895830633,1.0,-0.0,0,0
14,0.0,0.4574257425742574,0.24750098895830633,1.0,-0.0,0,0
15,0.0,0.4415841584158416,0.237673262171041,1.0,-0.0,0,0
16,0.0,0.4554455445544555,0.24065720558288065,1.0,-0.0,0,0
17,0.0,0.4554455445544555,0.24065720558288065,1.0,-0.0,0,0
18,0.0,0.033663366336633666,0.07482947971362847,1.0,-0.0,0,0
19,0.0,0.033663366336633666,0.07482947971362847,1.0,-0.0,0,0
20,0.0,0.09306930693069307,0.13948804962658476,1.0,-0.0,0,0
21,0.0,0.07920792079207921,0.1352056238820718,1.0,-0.0,0,0
22,0.0,0.07920792079207921,0.1352056238820718,1.0,-0.0,0,0
23,0.0,0.0594059405940594,0.1178841668604928,1.0,-0.0,0,0
24,0.0,0.0594059405940594,0.1178841668604928,1.0,-0.0,0,0
25,0.0,0.0,0.0,1.0,-0.0,0,0
26,0.0,0.0,0.0,1.0,-0.0,0,0
27,0.0,0.0,0.0,1.0,-0.0,0,0
28,0.0,0.0,0.0,1.0,-0.0,0,0
29,0.0,0.06534653465346535,0.10939585993610405,1.0,-0.0,0,0
30,0.0,0.06534653465346535,0.10939585993610405,1.0,-0.0,0,0
31,0.0,0.06534653465346535,0.10939585993610405,1.0,-0.0,0,0
32,0.0,0.19009900990099005,0.16259343117237499,1.0,-0.0,0,0
33,0.0,0.42772277227722777,0.28148081266271946,1.0,-0.0,0,0
34,0.0,0.36237623762376237,0.2528457774180177,1.0,-0.0,0,0
35,0.0,0.6059405940594059,0.2930960651418359,1.0,-0.0,0,0
36,0.0,0.6059405940594059,0.2930960651418359,1.0,-0.0,0,0
37,0.0,0.4811881188118811,0.2967523457536983,1.0,-0.0,0,0
38,0.0,0.2435643564356435,0.2041237450273529,1.0,-0.0,0,0
39,0.0,0.2435643564356435,0.2041237450273529,1.0,-0.0,0,0
40,0.0,0.0,0.0,1.0,-0.0,0,0
41,0.0,0.0,0.0,1.0,-0.0,0,0
42,2.0,0.3326732673267327,0.253728205284023,2.4937233288882795e-11,10.60315173185282,0,0
43,2.0,0.3326732673267327,0.253728205284023,2.4937233288882795e-11,10.60315173185282,0,0
44,2.0,0.3326732673267327,0.253728205284023,2.4937233288882795e-11,10.60315173185282,0,0
45,2.2,0.3841584158415841,0.27957983796316616,4.154578743939608e-11,10.381473005202928,0,0
46,2.2,0.3841584158415841,0.27957983796316616,4.154578743939608e-11,10.381473005202928,0,0
47,0.2,0.05148514851485149,0.09186070102766894,0.0529672293593788,1.275992743798466,0,0
48,0.2,0.05148514851485149,0.09186070102766894,0.0529672293593788,1.275992743798466,0,0
49,0.2,0.05148514851485149,0.09186070102766894,0.0529672293593788,1.275992743798466,0,0
50,0.4,0.46732673267326735,0.31248252573435936,1.0,-0.0,0,0
51,0.4,0.46732673267326735,0.31248252573435936,1.0,-0.0,0,0
52,0.4,0.510891089108911,0.32757766522197324,1.0,-0.0,0,0
53,0.4,0.5168316831683168,0.32973716113265183,1.0,-0.0,0,0
54,0.4,0.5168316831683168,0.32973716113265183,1.0,-0.0,0,0
55,0.0,0.06930693069306931,0.12407485305204392,1.0,-0.0,0,0
56,0.0,0.09900990099009901,0.13965661530697393,1.0,-0.0,0,0
57,0.0,0.05544554455445545,0.09797478714338996,1.0,-0.0,0,0
58,0.0,0.10099009900990098,0.1308729634998678,1.0,-0.0,0,0
59,0.4,0.40396039603960393,0.26247896363769496,1.0,-0.0,0,0
60,0.4,0.3841584158415842,0.25436104116168573,0.47516996125294225,0.323151021887205,0,0
61,0.6,0.36039603960396044,0.2404942138909133,0.15955263099233674,0.7970960299785692,0,0
62,0.6,0.3821782178217822,0.24551261370025934,0.18748233698518307,0.7270396415960155,0,0
63,0.6,0.33069306930693065,0.22939549239722112,0.12020046144243675,0.9200938650993414,0,0
64,0.2,0.027722772277227727,0.06910862719451544,0.0063361735559086295,2.1981729353735644,0,0
65,0.2,0.027722772277227727,0.06910862719451544,0.0063361735559086295,2.1981729353735644,0,0
66,0.0,0.021782178217821784,0.06230547612891991,1.0,-0.0,0,0
67,0.0,0.0,0.0,1.0,-0.0,0,0
68,0.0,0.0,0.0,1.0,-0.0,0,34
69,0.0,0.0,0.0,1.0,-0.0,0,0
70,0.0,0.0,0.0,1.0,-0.0,0,0
71,0.0,0.0,0.0,1.0,-0.0,0,0
72,0.0,0.0,0.0,1.0,-0.0,0,0
73,0.0,0.0,0.0,1.0,-0.0,0,0
74,0.0,0.04554455445544555,0.08387254884969257,1.0,-0.0,0,0
75,0.6,0.18415841584158413,0.16089642032294557,0.004875594655076357,2.3119724077257495,0,0
76,0.6,0.18415841584158413,0.16089642032294557,0.004875594655076357,2.3119724077257495,0,0
77,0.6,0.18415841584158413,0.16089642032294557,0.004875594655076357,2.3119724077257495,0,0
78,0.6,0.18415841584158413,0.16089642032294557,0.004875594655076357,2.3119724077257495,0,0
79,0.6,0.13861386138613857,0.14823736453237937,0.0009276064270782367,3.0326362509407523,0,0
80,0.0,0.0,0.0,1.0,-0.0,0,0
81,0.0,0.0,0.0,1.0,-0.0,0,0
82,0.0,0.0,0.0,1.0,-0.0,0,0
83,0.0,0.0,0.0,1.0,-0.0,0,0
84,0.0,0.015841584158415842,0.05401260078014202,1.0,-0.0,0,0
85,0.0,0.015841584158415842,0.05401260078014202,1.0,-0.0,0,0
86,0.0,0.08712871287128712,0.11402914890208293,1.0,-0.0,0,0
87,0.0,0.08712871287128712,0.11402914890208293,1.0,-0.0,0,0
88,0.0,0.08712871287128712,0.11402914890208293,1.0,-0.0,0,0
89,0.0,0.09306930693069307,0.12762679639066948,1.0,-0.0,0,0
90,0.0,0.10891089108910891,0.1335716590419014,1.0,-0.0,0,0
91,0.0,0.03762376237623763,0.07816140339006158,1.0,-0.0,0,0
92,0.0,0.07722772277227724,0.122580495370631,1.0,-0.0,0,0
93,0.0,0.11683168316831682,0.14146987009498416,1.0,-0.0,0,0
94,0.0,0.09504950495049505,0.13078304733432375,1.0,-0.0,0,0
95,0.0,0.07920792079207921,0.11631029826208643,1.0,-0.0,0,0
96,0.0,0.07920792079207921,0.11631029826208643,1.0,-0.0,0,0
97,0.0,0.03960396039603961,0.08452453849668534,1.0,-0.0,0,0
98,0.0,0.0,0.0,1.0,-0.0,0,0
99,0.0,0.0,0.0,1.0,-0.0,0,0
100,0.0,0.049504950495049514,0.09078727434730813,1.0,-0.0,0,0
101,0.0,0.049504950495049514,0.09078727434730813,1.0,-0.0,0,0
102,0.0,0.049504950495049514,0.09078727434730813,1.0,-0.0,0,0
103,0.0,0.049504950495049514,0.09078727434730813,1.0,-0.0,0,0
104,0.0,0.049504950495049514,0.09078727434730813,1.0,-0.0,0,0
105,0.0,0.019801980198019802,0.0597350618970232,1.0,-0.0,0,0
106,0.0,0.019801980198019802,0.0597350618970232,1.0,-0.0,0,0
107,0.2,0.3742574257425743,0.2558826561765902,1.0,-0.0,0,0
108,0.4,0.903960396039604,0.37599262476419787,1.0,-0.0,0,0
109,0.4,0.903960396039604,0.37599262476419787,1.0,-0.0,0,0
110,0.4,0.8831683168316831,0.3596118113157033,1.0,-0.0,0,0
111,0.4,0.9089108910891087,0.36318148912052217,1.0,-0.0,0,0
112,0.2,0.5643564356435643,0.29436427840207885,1.0,-0.0,0,0
113,0.0,0.05346534653465347,0.10489443673781407,1.0,-0.0,0,0
114,0.0,0.05346534653465347,0.10489443673781407,1.0,-0.0,0,0
115,0.0,0.05346534653465347,0.10489443673781407,1.0,-0.0,0,0
116,0.0,0.0297029702970297,0.07112192077650681,1.0,-0.0,0,0
117,0.0,0.019801980198019802,0.059735061897023205,1.0,-0.0,0,0
118,0.2,0.07524752475247526,0.10845991237726064,0.1250271767086552,0.9029955756978827,0,0
119,0.2,0.07524752475247526,0.10845991237726064,0.1250271767086552,0.9029955756978827,0,0
120,0.2,0.07524752475247526,0.10845991237726064,0.1250271767086552,0.9029955756978827,0,0
121,0.2,0.07524752475247526,0.10845991237726064,0.1250271767086552,0.9029955756978827,0,0
122,0.2,0.07524752475247526,0.10845991237726064,0.1250271767086552,0.9029955756978827,0,0
123,0.0,0.0,0.0,1.0,-0.0,0,0
124,0.2,0.011881188118811883,0.047276579747775535,3.4586556520905853e-05,4.461092674713385,0,0
125,0.2,0.019801980198019802,0.06603299802191316,0.0031772151480729785,2.497953375523118,0,0
126,0.2,0.019801980198019802,0.06603299802191316,0.0031772151480729785,2.497953375523118,0,0
127,0.2,0.3722772277227724,0.25644902293167643,1.0,-0.0,0,0
128,0.4,0.39207920792079215,0.26835884366577156,0.4882266592689776,0.31137850993050714,0,0
129,0.2,0.3920792079207921,0.27991624218147176,1.0,-0.0,0,0
130,0.6,0.7801980198019802,0.3653344600757655,1.0,-0.0,0,0
131,0.6,0.7801980198019802,0.3653344600757655,1.0,-0.0,0,0
132,0.6,0.42772277227722766,0.26851952447816124,0.260572391263151,0.5840716015062271,0,0
133,0.4,0.4079207920792079,0.2562807743672234,1.0,-0.0,0,0
134,0.8,0.6376237623762375,0.3217684688625679,0.30690694929643303,0.5129932777235213,0,0
135,0.4,0.24158415841584152,0.17870121461668878,0.1876782745299792,0.726585998011759,0,0
136,0.4,0.2554455445544554,0.18693740548445065,0.21967913836205977,0.6582111835183575,0,0
137,0.4,0.26534653465346536,0.19110706323080853,0.24053052987746004,0.618829791989455,0,0
138,0.4,0.26534653465346536,0.19110706323080853,0.24053052987746004,0.618829791989455,0,0
139,0.0,0.023762376237623766,0.06471340450838887,1.0,-0.0,0,0
140,0.0,0.04950495049504951,0.09504950495049506,1.0,-0.0,0,0
141,0.0,0.03564356435643565,0.07653920035678292,1.0,-0.0,0,0
142,0.0,0.09306930693069305,0.13368903310588712,1.0,-0.0,0,0
143,0.0,0.09306930693069305,0.13368903310588712,1.0,-0.0,0,0
144,0.2,0.3148514851485148,0.24103166819331384,1.0,-0.0,0,0
145,0.2,0.2891089108910891,0.224226278080831,1.0,-0.0,0,0
146,0.2,0.30693069306930687,0.22788629514163644,1.0,-0.0,1,0
147,0.2,0.33861386138613864,0.251321378030972,1.0,-0.0,0,0
148,0.2,0.33861386138613864,0.251321378030972,1.0,-0.0,0,0
149,0.0,0.15643564356435644,0.16314716771521565,1.0,-0.0,0,0
150,0.0,0.15643564356435644,0.16314716771521565,1.0,-0.0,0,0
151,0.0,0.1386138613861386,0.14823736453237937,1.0,-0.0,0,0
152,0.0,0.03762376237623763,0.07816140339006158,1.0,-0.0,0,0
153,0.0,0.5504950495049505,0.32990360499599575,1.0,-0.0,0,0
154,0.0,0.5118811881188119,0.3345714352566242,1.0,-0.0,0,0
155,0.0,0.5118811881188119,0.3345714352566242,1.0,-0.0,0,0
156,0.0,0.5118811881188119,0.3345714352566242,1.0,-0.0,0,0
157,0.0,0.5118811881188119,0.3345714352566242,1.0,-0.0,0,0
158,0.0,0.0,0.0,1.0,-0.0,0,0
159,0.0,0.0,0.0,1.0,-0.0,0,0
160,0.0,0.0,0.0,1.0,-0.0,0,0
161,0.0,0.0,0.0,1.0,-0.0,0,0
162,0.0,0.0,0.0,1.0,-0.0,0,0
163,0.0,0.0,0.0,1.0,-0.0,0,0
164,0.0,0.009900990099009901,0.04338396495090425,1.0,-0.0,0,0
165,0.0,0.03564356435643565,0.07653920035678292,1.0,-0.0,0,0
166,0.0,0.03564356435643565,0.07653920035678292,1.0,-0.0,0,0
167,0.0,0.31683168316831684,0.22029202352749913,1.0,-0.0,0,0
168,0.0,0.31683168316831684,0.22029202352749913,1.0,-0.0,0,0
169,0.0,0.30495049504950494,0.21543243990430327,1.0,-0.0,0,0
170,0.0,0.29900990099009905,0.22798951231087924,1.0,-0.0,0,0
171,0.0,0.3188118811881188,0.22370103426252747,1.0,-0.0,0,0
172,0.2,0.10099009900990098,0.12781100644043505,0.2192706971082659,0.6590194026794771,0,0
173,0.2,0.1089108910891089,0.12750384183766533,0.23748905286652,0.6243564045201098,0,0
174,0.2,0.12475247524752472,0.1345369326848557,0.287975915318405,0.5406438326633528,0,0
175,0.2,0.10297029702970295,0.127780323207142,0.2238222754810133,0.6500966933346087,0,0
176,0.2,0.08316831683168317,0.11351216354824961,0.15168257774907984,0.8190642993843816,0,0
177,0.0,0.021782178217821784,0.06230547612891991,1.0,-0.0,0,0
178,0.0,0.01386138613861386,0.05079507064705211,1.0,-0.0,0,0
179,0.0,0.0,0.0,1.0,-0.0,0,0
180,0.0,0.0,0.0,1.0,-0.0,0,0
181,0.0,0.0,0.0,1.0,-0.0,0,0
182,0.0,0.0,0.0,1.0,-0.0,0,0
183,0.0,0.0,0.0,1.0,-0.0,0,0
184,0.0,0.0,0.0,1.0,-0.0,0,0
185,0.2,0.06732673267326733,0.11000352009767247,0.11389293410569636,0.9435032186258506,0,0
186,0.2,0.06732673267326733,0.11000352009767247,0.11389293410569636,0.9435032186258506,0,0
187,0.2,0.14257425742574256,0.1444323368618651,0.3454639456244574,0.46159727110715976,0,0
188,0.2,0.14257425742574256,0.1444323368618651,0.3454639456244574,0.46159727110715976,0,0
189,0.2,0.1584158415841584,0.1497637259500122,0.3906347307237308,0.40822914688756573,0,0
190,0.0,0.08910891089108909,0.12420120222231065,1.0,-0.0,0,0
191,0.0,0.08910891089108909,0.12420120222231065,1.0,-0.0,0,0
192,0.0,0.015841584158415842,0.054012600780142014,1.0,-0.0,0,0
193,0.0,0.015841584158415842,0.054012600780142014,1.0,-0.0,0,0
194,0.0,0.047524752475247525,0.08512548617902845,1.0,-0.0,0,0
195,0.0,0.047524752475247525,0.08512548617902845,1.0,-0.0,0,0
196,0.0,0.047524752475247525,0.08512548617902845,1.0,-0.0,0,0
197,0.0,0.047524752475247525,0.08512548617902845,1.0,-0.0,0,0
198,0.0,0.047524752475247525,0.08512548617902845,1.0,-0.0,0,0
199,0.0,0.007920792079207921,0.03900537743285587,1.0,-0.0,0,0
200,0.0,0.039603960396039604,0.08452453849668534,1.0,-0.0,0,0
201,0.0,0.039603960396039604,0.08452453849668534,1.0,-0.0,0,0
202,0.0,0.039603960396039604,0.08452453849668534,1.0,-0.0,0,0
203,0.0,0.039603960396039604,0.08452453849668534,1.0,-0.0,0,0
204,0.0,0.031683168316831684,0.0730260947112308,1.0,-0.0,0,0
205,0.0,0.0,0.0,1.0,-0.0,0,0
206,0.0,0.0,0.0,1.0,-0.0,0,0
207,0.0,0.0,0.0,1.0,-0.0,0,0
208,0.0,0.0,0.0,1.0,-0.0,0,0
209,0.0,0.0,0.0,1.0,-0.0,0,34
210,0.0,0.0,0.0,1.0,-0.0,0,0
211,0.0,0.0,0.0,1.0,-0.0,0,0
212,0.0,0.0,0.0,1.0,-0.0,0,0
213,0.0,0.25148514851485143,0.22277007699683535,1.0,-0.0,0,0
214,0.0,0.25148514851485143,0.22277007699683535,1.0,-0.0,0,0
215,0.0,0.5198019801980198,0.31213725147514043,1.0,-0.0,0,0
216,0.0,0.5198019801980198,0.31213725147514043,1.0,-0.0,0,0
217,0.0,0.9445544554455443,0.4079592407142035,1.0,-0.0,0,0
218,0.0,0.6910891089108909,0.3383416194699413,1.0,-0.0,0,0
219,0.0,0.6910891089108909,0.3383416194699413,1.0,-0.0,0,0
220,0.0,0.42376237623762375,0.2790182629501159,1.0,-0.0,0,0
221,0.0,0.42376237623762375,0.2790182629501159,1.0,-0.0,0,0
222,0.0,0.009900990099009901,0.04338396495090424,1.0,-0.0,0,0
223,0.0,0.009900990099009901,0.04338396495090424,1.0,-0.0,0,0
224,0.0,0.401980198019802,0.26772980247375167,1.0,-0.0,0,0
225,0.0,0.401980198019802,0.26772980247375167,1.0,-0.0,0,0
226,0.0,0.401980198019802,0.26772980247375167,1.0,-0.0,0,0
227,0.0,0.3920792079207921,0.2668789796250526,1.0,-0.0,0,0
228,0.0,0.3920792079207921,0.2668789796250526,1.0,-0.0,0,0
229,0.0,0.0,0.0,1.0,-0.0,0,0
230,0.0,0.0,0.0,1.0,-0.0,0,0
231,0.0,0.007920792079207921,0.03900537743285587,1.0,-0.0,0,0
232,0.0,0.007920792079207921,0.03900537743285587,1.0,-0.0,0,0
233,0.0,0.007920792079207921,0.03900537743285587,1.0,-0.0,0,0
234,0.2,0.491089108910891,0.2945373986242067,1.0,-0.0,0,0
235,0.2,0.491089108910891,0.2945373986242067,1.0,-0.0,0,0
236,0.2,0.48316831683168315,0.29687124486194316,1.0,-0.0,0,0
237,0.2,1.003960396039604,0.39499863192624546,1.0,-0.0,0,0
238,0.2,1.003960396039604,0.39499863192624546,1.0,-0.0,0,0
239,0.0,0.5207920792079208,0.2898674438200433,1.0,-0.0,0,0
240,0.0,0.5801980198019802,0.2945107713675756,1.0,-0.0,0,0
241,0.0,0.5801980198019802,0.2945107713675756,1.0,-0.0,0,0
242,0.0,0.05940594059405942,0.11447531431916541,1.0,-0.0,0,0
243,0.2,0.1762376237623762,0.15488642587743504,0.4390342986246754,0.3575015500959866,0,0
244,0.4,0.19999999999999996,0.16410573746614388,0.1114740209914248,0.9528263331060877,0,0
245,0.4,0.14059405940594055,0.13656189821438944,0.028746202065382906,1.5414195259657408,0,0
246,0.4,0.15049504950495046,0.14185738367185993,0.03930203901380757,1.4055849175768946,0,0
247,0.4,0.15049504950495046,0.14185738367185993,0.03930203901380757,1.4055849175768946,0,0
248,0.2,0.033663366336633666,0.07482947971362845,0.01311209067436901,1.882328056139666,0,0
249,0.0,0.06732673267326733,0.102550553475042,1.0,-0.0,0,0
250,0.0,0.06732673267326733,0.102550553475042,1.0,-0.0,0,0
251,0.0,0.057425742574257435,0.09885135821266286,1.0,-0.0,0,0
252,0.0,0.057425742574257435,0.09885135821266286,1.0,-0.0,0,0
253,0.0,0.09108910891089109,0.13057300215314485,1.0,-0.0,0,0
254,0.0,0.15049504950495046,0.1650824950547828,1.0,-0.0,0,0
255,0.0,0.15049504950495046,0.1650824950547828,1.0,-0.0,0,0
256,0.0,0.15049504950495046,0.1650824950547828,1.0,-0.0,0,0
257,0.0,0.15049504950495046,0.1650824950547828,1.0,-0.0,0,0
258,0.0,0.11485148514851483,0.1416914361980065,1.0,-0.0,0,0
259,0.0,0.08712871287128712,0.13024224675172555,1.0,-0.0,0,0
260,0.0,0.08712871287128712,0.13024224675172555,1.0,-0.0,0,0
261,0.0,0.08712871287128712,0.13024224675172555,1.0,-0.0,0,0
262,0.0,0.08712871287128712,0.13024224675172555,1.0,-0.0,0,0
263,0.0,0.08712871287128712,0.13024224675172555,1.0,-0.0,0,0
264,0.0,0.0,0.0,1.0,-0.0,0,0
265,2.2,0.4693069306930694,0.28898681810953664,1.0567764714797473e-09,8.976016864602713,0,0
266,2.2,0.4693069306930694,0.28898681810953664,1.0567764714797473e-09,8.976016864602713,0,0
267,2.2,0.4693069306930694,0.28898681810953664,1.0567764714797473e-09,8.976016864602713,0,0
268,2.2,0.4693069306930694,0.28898681810953664,1.0567764714797473e-09,8.976016864602713,0,0
269,2.2,0.4693069306930694,0.28898681810953664,1.0567764714797473e-09,8.976016864602713,0,0
270,0.0,0.0,0.0,1.0,-0.0,0,0
271,0.0,0.03564356435643565,0.07653920035678292,1.0,-0.0,0,0
272,0.0,0.03564356435643565,0.07653920035678292,1.0,-0.0,0,0
273,0.0,0.03564356435643565,0.07653920035678292,1.0,-0.0,0,0
274,0.0,0.03564356435643565,0.07653920035678292,1.0,-0.0,0,0
275,0.0,0.03564356435643565,0.07653920035678292,1.0,-0.0,0,0
276,0.0,0.0,0.0,1.0,-0.0,0,0
277,0.0,0.0,0.0,1.0,-0.0,0,0
278,0.0,0.0,0.0,1.0,-0.0,0,0
279,0.0,0.0,0.0,1.0,-0.0,0,0
280,0.0,0.06336633663366337,0.10504385908811757,1.0,-0.0,0,0
281,0.0,0.06336633663366337,0.10504385908811757,1.0,-0.0,0,0
282,0.0,0.06336633663366337,0.10504385908811757,1.0,-0.0,0,0
283,1.2,0.24158415841584158,0.20932107448675993,2.339510234335364e-06,5.6308750506189895,0,0
284,1.2,0.24158415841584158,0.20932107448675993,2.339510234335364e-06,5.6308750506189895,0,0
285,1.2,0.1782178217821782,0.1732644978552662,1.848169872121761e-09,8.733258113670804,0,0
286,1.4,0.2059405940594059,0.18764923153239027,9.876291736470427e-11,10.005406089895638,0,0
287,1.4,0.24158415841584158,0.19359410776396424,1.0903899866746865e-09,8.962418145390457,0,0
288,0.2,0.06336633663366337,0.10504385908811757,0.09667550266855758,1.014683561115634,0,0
289,0.2,0.06336633663366337,0.10504385908811757,0.09667550266855758,1.014683561115634,0,0
290,0.2,0.06336633663366337,0.10504385908811757,0.09667550266855758,1.014683561115634,0,0
291,0.2,0.057425742574257435,0.10656335878870264,0.0904597157907538,1.0435447810683363,0,0
292,0.2,0.021782178217821784,0.06230547612891991,0.002115616449879084,2.6745630648030154,0,0
293,0.2,0.021782178217821784,0.06230547612891991,0.002115616449879084,2.6745630648030154,0,0
294,0.2,0.021782178217821784,0.06230547612891991,0.002115616449879084,2.6745630648030154,0,0
295,0.2,0.05346534653465347,0.09704990696905226,0.0655357875709919,1.1835214771048093,0,0
296,0.0,0.06732673267326733,0.1135467024699521,1.0,-0.0,0,0
