,foreground,bg_means,bg_stdev,pvals,minus_logs,regs,active
2,0.0,0.0,0.0,1.0,-0.0,0,0
3,0.0,0.0,0.0,1.0,-0.0,0,0
4,0.0,0.0,0.0,1.0,-0.0,0,0
5,0.0,0.0,0.0,1.0,-0.0,0,0
6,0.0,0.0,0.0,1.0,-0.0,0,0
7,0.0,0.0,0.0,1.0,-0.0,0,0
8,0.0,0.0,0.0,1.0,-0.0,0,0
9,0.2,0.02970297029702971,0.07112192077650682,0.008322928729312128,2.0797238242903955,0,0
10,0.2,0.02970297029702971,0.07112192077650682,0.008322928729312128,2.0797238242903955,0,0
11,0.2,0.06534653465346535,0.0938037170877387,0.07557502157304526,1.121621720179875,0,0
12,0.4,0.08316831683168316,0.10996786833199856,0.0019812632013890058,2.7030578266734806,0,0
13,0.4,0.08316831683168316,0.10996786833199856,0.0019812632013890058,2.7030578266734806,1,0
14,0.2,0.05346534653465347,0.09704990696905226,0.0655357875709919,1.1835214771048093,0,0
15,0.2,0.08910891089108908,0.12734998170941406,0.19194299301932338,0.716827737407409,0,0
16,0.2,0.05346534653465348,0.09287951999650357,0.05731896239780441,1.2417016799108864,0,0
17,0.0,0.03564356435643565,0.07653920035678292,1.0,-0.0,0,0
18,0.0,0.03564356435643565,0.07653920035678292,1.0,-0.0,0,0
19,0.0,0.03564356435643565,0.07653920035678292,1.0,-0.0,1,0
20,0.0,0.0,0.0,1.0,-0.0,0,0
21,0.0,0.0,0.0,1.0,-0.0,0,0
22,0.0,0.0,0.0,1.0,-0.0,0,0
23,0.0,0.0,0.0,1.0,-0.0,0,0
24,0.0,0.0,0.0,1.0,-0.0,0,0
25,0.0,0.0,0.0,1.0,-0.0,0,0
26,0.0,0.0,0.0,1.0,-0.0,0,0
27,0.0,0.0,0.0,1.0,-0.0,0,0
28,0.0,0.0,0.0,1.0,-0.0,0,0
29,0.0,0.0,0.0,1.0,-0.0,0,0
30,0.0,0.0,0.0,1.0,-0.0,0,0
31,0.0,0.0,0.0,1.0,-0.0,0,0
32,0.0,0.0,0.0,1.0,-0.0,0,0
33,0.0,0.0,0.0,1.0,-0.0,0,0
34,0.0,0.0,0.0,1.0,-0.0,0,0
35,0.0,0.0,0.0,1.0,-0.0,0,0
36,0.0,0.0,0.0,1.0,-0.0,0,0
37,0.0,0.0,0.0,1.0,-0.0,0,0
38,0.0,0.0,0.0,1.0,-0.0,0,0
39,0.0,0.0,0.0,1.0,-0.0,0,0
40,0.0,0.0,0.0,1.0,-0.0,0,0
41,0.0,0.0,0.0,1.0,-0.0,0,0
42,0.0,0.0,0.0,1.0,-0.0,0,0
43,0.0,0.0,0.0,1.0,-0.0,0,0
44,0.0,0.0,0.0,1.0,-0.0,0,0
45,0.0,0.0,0.0,1.0,-0.0,0,0
46,0.2,0.08514851485148513,0.10660014917778038,0.14064978742126838,0.8518609198929493,0,0
47,0.2,0.08514851485148513,0.10660014917778038,0.14064978742126838,0.8518609198929493,0,0
48,0.2,0.12079207920792076,0.12293186689242579,0.2596827607285954,0.5855568804398174,0,0
49,0.2,0.19603960396039596,0.164057941997687,0.49037037788707866,0.30947577239816476,0,0
50,0.2,0.22772277227722773,0.17126137275595765,1.0,-0.0,0,0
51,0.0,0.18019801980198016,0.15287333913361412,1.0,-0.0,0,0
52,0.0,0.18019801980198016,0.15287333913361412,1.0,-0.0,0,0
53,0.0,0.16435643564356434,0.14997303943573456,1.0,-0.0,0,0
54,0.0,0.08712871287128714,0.1240116301928806,1.0,-0.0,0,0
55,0.0,0.05544554455445544,0.09384550979067553,1.0,-0.0,0,0
56,0.0,0.017821782178217824,0.056980176514606566,1.0,-0.0,0,0
57,0.0,0.017821782178217824,0.056980176514606566,1.0,-0.0,0,0
58,0.0,0.0,0.0,1.0,-0.0,0,0
59,0.0,0.0,0.0,1.0,-0.0,0,0
60,0.0,0.0,0.0,1.0,-0.0,0,0
61,0.2,0.017821782178217824,0.056980176514606566,0.0006937928196726553,3.15877019915046,0,0
62,0.2,0.017821782178217824,0.056980176514606566,0.0006937928196726553,3.15877019915046,0,0
63,0.2,0.05544554455445544,0.09384550979067553,0.0617381483506657,1.2094464000101817,0,0
64,0.2,0.07524752475247526,0.10089298378500594,0.10813951107118154,0.9660155983221467,0,0
65,0.2,0.16633663366336635,0.14091443069035403,0.40559456503951835,0.39190787317462417,0,0
66,0.0,0.16435643564356434,0.1390093368299742,1.0,-0.0,0,0
67,0.0,0.1762376237623762,0.13869870105217788,1.0,-0.0,0,0
68,0.0,0.13861386138613857,0.12184253515180327,1.0,-0.0,0,0
69,0.0,0.13663366336633662,0.1256450857759628,1.0,-0.0,0,0
70,0.0,0.04554455445544555,0.08387254884969257,1.0,-0.0,0,0
71,0.0,0.02970297029702971,0.07112192077650681,1.0,-0.0,0,0
72,0.0,0.017821782178217824,0.056980176514606566,1.0,-0.0,0,0
73,0.0,0.017821782178217824,0.056980176514606566,1.0,-0.0,0,0
74,0.0,0.0,0.0,1.0,-0.0,0,0
75,0.0,0.0,0.0,1.0,-0.0,0,0
76,0.0,0.0,0.0,1.0,-0.0,0,0
77,0.0,0.0,0.0,1.0,-0.0,0,0
78,0.0,0.0,0.0,1.0,-0.0,0,0
79,0.0,0.0,0.0,1.0,-0.0,0,0
80,0.0,0.0,0.0,1.0,-0.0,0,0
81,0.0,0.0,0.0,1.0,-0.0,0,0
82,0.0,0.0,0.0,1.0,-0.0,0,0
83,0.0,0.0,0.0,1.0,-0.0,0,0
84,0.0,0.0,0.0,1.0,-0.0,0,0
85,0.0,0.06732673267326733,0.09451167971312258,1.0,-0.0,0,0
86,0.0,0.06732673267326733,0.09451167971312258,1.0,-0.0,0,0
87,0.0,0.09900990099009897,0.11814997140733703,1.0,-0.0,0,0
88,0.0,0.09900990099009897,0.11814997140733703,1.0,-0.0,0,0
89,0.0,0.09900990099009897,0.11814997140733703,1.0,-0.0,0,0
90,0.0,0.031683168316831684,0.0730260947112308,1.0,-0.0,0,0
91,0.0,0.031683168316831684,0.0730260947112308,1.0,-0.0,0,0
92,0.0,0.0,0.0,1.0,-0.0,0,0
93,0.0,0.0,0.0,1.0,-0.0,0,0
94,0.0,0.0,0.0,1.0,-0.0,0,0
95,0.0,0.0,0.0,1.0,-0.0,0,0
96,0.0,0.0,0.0,1.0,-0.0,0,0
97,0.0,0.0,0.0,1.0,-0.0,0,0
98,0.0,0.0,0.0,1.0,-0.0,0,0
99,0.0,0.0,0.0,1.0,-0.0,0,0
100,0.0,0.0,0.0,1.0,-0.0,0,0
101,0.0,0.0,0.0,1.0,-0.0,0,0
102,0.0,0.0,0.0,1.0,-0.0,0,0
103,0.0,0.04554455445544555,0.08387254884969257,1.0,-0.0,0,0
104,0.0,0.04554455445544555,0.08387254884969257,1.0,-0.0,0,0
105,0.0,0.04554455445544555,0.08387254884969257,1.0,-0.0,0,0
106,0.0,0.04554455445544555,0.08387254884969257,1.0,-0.0,0,0
107,0.0,0.04554455445544555,0.08387254884969257,1.0,-0.0,0,0
108,0.0,0.0,0.0,1.0,-0.0,0,0
109,0.0,0.02772277227722772,0.06910862719451544,1.0,-0.0,0,0
110,0.0,0.02772277227722772,0.06910862719451544,1.0,-0.0,0,0
111,0.0,0.02772277227722772,0.06910862719451544,1.0,-0.0,0,0
112,0.0,0.02772277227722772,0.06910862719451544,1.0,-0.0,0,0
113,0.0,0.02772277227722772,0.06910862719451544,1.0,-0.0,0,0
114,0.0,0.0,0.0,1.0,-0.0,0,0
115,0.0,0.0,0.0,1.0,-0.0,0,0
116,0.0,0.0,0.0,1.0,-0.0,0,0
117,0.0,0.0,0.0,1.0,-0.0,0,0
118,0.0,0.0,0.0,1.0,-0.0,0,0
119,0.0,0.0,0.0,1.0,-0.0,0,0
120,0.0,0.0,0.0,1.0,-0.0,0,0
121,0.0,0.0,0.0,1.0,-0.0,0,0
122,0.0,0.0,0.0,1.0,-0.0,0,0
123,0.0,0.01386138613861386,0.05079507064705211,1.0,-0.0,0,0
124,0.0,0.01386138613861386,0.05079507064705211,1.0,-0.0,0,0
125,0.0,0.01386138613861386,0.05079507064705211,1.0,-0.0,0,0
126,0.0,0.01386138613861386,0.05079507064705211,1.0,-0.0,0,0
127,0.0,0.01386138613861386,0.05079507064705211,1.0,-0.0,0,0
128,0.0,0.0,0.0,1.0,-0.0,0,0
129,0.0,0.0,0.0,1.0,-0.0,0,0
130,0.0,0.0,0.0,1.0,-0.0,0,0
131,0.0,0.0,0.0,1.0,-0.0,0,0
132,0.0,0.0,0.0,1.0,-0.0,0,0
133,0.0,0.0,0.0,1.0,-0.0,0,0
134,0.0,0.0,0.0,1.0,-0.0,0,0
135,0.0,0.0,0.0,1.0,-0.0,0,0
136,0.0,0.0,0.0,1.0,-0.0,0,0
137,0.0,0.0,0.0,1.0,-0.0,0,0
138,0.0,0.0,0.0,1.0,-0.0,0,0
139,0.0,0.009900990099009901,0.04338396495090425,1.0,-0.0,0,0
140,0.0,0.009900990099009901,0.04338396495090425,1.0,-0.0,0,0
141,0.0,0.009900990099009901,0.04338396495090425,1.0,-0.0,0,0
142,0.0,0.009900990099009901,0.04338396495090425,1.0,-0.0,0,0
143,0.2,0.027722772277227727,0.06910862719451544,0.0063361735559086295,2.1981729353735644,0,0
144,0.2,0.04554455445544555,0.09283729243351321,0.04808399917069303,1.3179994190099724,0,0
145,0.2,0.04554455445544555,0.09283729243351321,0.04808399917069303,1.3179994190099724,0,0
146,0.2,0.04554455445544555,0.09283729243351321,0.04808399917069303,1.3179994190099724,0,0
147,0.2,0.14257425742574256,0.1416637593862964,0.342604065160234,0.46520748822928376,0,0
148,0.0,0.12475247524752472,0.12851469892742934,1.0,-0.0,0,0
149,0.0,0.09504950495049505,0.11464645406835748,1.0,-0.0,0,0
150,0.0,0.1425742574257426,0.13883998529075725,1.0,-0.0,0,0
151,0.0,0.1425742574257426,0.13883998529075725,1.0,-0.0,0,0
152,0.0,0.07326732673267328,0.10038647014365605,1.0,-0.0,0,0
153,0.0,0.10891089108910891,0.12113245340338318,1.0,-0.0,0,0
154,0.0,0.10891089108910891,0.12113245340338318,1.0,-0.0,0,0
155,0.0,0.06336633663366337,0.10874875419996817,1.0,-0.0,0,0
156,0.0,0.06336633663366337,0.10874875419996817,1.0,-0.0,0,0
157,0.0,0.06732673267326733,0.102550553475042,1.0,-0.0,0,0
158,0.0,0.031683168316831684,0.0730260947112308,1.0,-0.0,1,0
159,0.0,0.031683168316831684,0.0730260947112308,1.0,-0.0,0,0
160,0.0,0.031683168316831684,0.0730260947112308,1.0,-0.0,0,0
161,0.0,0.05544554455445545,0.09384550979067555,1.0,-0.0,0,0
162,0.0,0.023762376237623766,0.06471340450838887,1.0,-0.0,0,0
163,0.0,0.023762376237623766,0.06471340450838887,1.0,-0.0,0,0
164,0.0,0.023762376237623766,0.06471340450838887,1.0,-0.0,0,0
165,0.2,0.061386138613861385,0.10433219700847123,0.09199298471617674,1.0362452902111776,0,0
166,0.2,0.03762376237623762,0.07816140339006158,0.01888012292982573,1.723995182306426,0,0
167,0.2,0.03762376237623762,0.07816140339006158,0.01888012292982573,1.723995182306426,0,0
168,0.2,0.03762376237623762,0.07816140339006158,0.01888012292982573,1.723995182306426,0,0
169,0.2,0.03762376237623762,0.07816140339006158,0.01888012292982573,1.723995182306426,0,0
170,0.0,0.0,0.0,1.0,-0.0,0,0
171,0.0,0.04356435643564357,0.08255312311158745,1.0,-0.0,0,0
172,0.0,0.1564356435643564,0.15312962320143525,1.0,-0.0,0,0
173,0.0,0.1564356435643564,0.15312962320143525,1.0,-0.0,0,0
174,0.2,0.23960396039603957,0.19092230959515163,1.0,-0.0,0,0
175,0.2,0.23960396039603957,0.19092230959515163,1.0,-0.0,0,0
176,0.2,0.19603960396039602,0.18875348902641548,0.491630069906994,0.3083615619220838,0,0
177,0.2,0.08316831683168316,0.11351216354824961,0.15168257774907978,0.8190642993843817,0,0
178,0.2,0.08316831683168316,0.11351216354824961,0.15168257774907978,0.8190642993843817,0,0
179,0.0,0.0,0.0,1.0,-0.0,0,0
180,0.0,0.0,0.0,1.0,-0.0,0,0
