,foreground,bg_means,bg_stdev,pvals,minus_logs,regs,active
2,0.6,2.592079207920792,0.6841462365123601,1.0,-0.0,1,0
3,0.6,2.706930693069307,0.6856748393338924,1.0,-0.0,0,0
4,0.8,2.988118811881188,0.6581232134650461,1.0,-0.0,0,0
5,1.0,3.378217821782178,0.7046667578950948,1.0,-0.0,0,0
6,1.0,3.156435643564357,0.6687384075551794,1.0,-0.0,0,0
7,0.8,2.665346534653465,0.6443103064539965,1.0,-0.0,0,0
8,0.8,2.59009900990099,0.6401585432485215,1.0,-0.0,0,0
9,0.8,1.904950495049505,0.49519997713170394,1.0,-0.0,0,0
10,0.2,0.24158415841584158,0.17421241542909124,1.0,-0.0,0,0
11,0.2,0.24158415841584158,0.17421241542909124,1.0,-0.0,0,0
12,0.4,2.1306930693069304,0.5575303702170329,1.0,-0.0,0,0
13,0.8,2.7643564356435646,0.6257801718244845,1.0,-0.0,0,0
14,0.6,2.651485148514852,0.6202225505055995,1.0,-0.0,0,0
15,1.4,3.6376237623762386,0.6477457460412668,1.0,-0.0,0,0
16,1.4,3.8396039603960403,0.6818842862145272,1.0,-0.0,0,0
17,1.8,2.655445544554455,0.5836849902359009,1.0,-0.0,1,0
18,1.4,1.984158415841584,0.500046071791712,1.0,-0.0,0,0
19,8.2,4.548514851485149,0.7233877753610505,2.2351451060436782e-07,6.650694277136778,0,0
20,7.4,3.502970297029703,0.6452346945096192,7.719627373407049e-10,9.112403662563075,0,0
21,7.4,3.300990099009901,0.6334715056076492,4.8772009490057997e-11,10.311829350365686,12,0
22,6.8,2.5980198019801986,0.5283975772161352,9.253432664235064e-16,15.033697130981048,0,0
23,6.8,2.5980198019801986,0.5283975772161352,9.253432664235064e-16,15.033697130981048,0,0
24,0.0,0.07722772277227724,0.11593886073904515,1.0,-0.0,0,0
25,0.2,0.14455445544554454,0.16196518848854283,0.3660512769211982,0.4364580738293654,0,0
26,0.2,0.21980198019801975,0.18775368421597716,1.0,-0.0,0,0
27,0.4,0.27524752475247516,0.19670852971386363,0.26297527701941004,0.5800850787297843,0,0
28,0.4,0.27524752475247516,0.19670852971386363,0.26297527701941004,0.5800850787297843,0,0
29,0.6,0.5663366336633664,0.30710311349991404,0.4563570231755705,0.3406952614416602,0,0
30,0.4,0.5504950495049507,0.2861917111309254,1.0,-0.0,0,0
31,0.4,0.47326732673267335,0.25905047067743414,1.0,-0.0,1,0
32,0.2,0.4178217821782179,0.2455126137002593,1.0,-0.0,0,0
33,0.2,0.4178217821782179,0.2455126137002593,1.0,-0.0,0,0
34,0.0,0.07920792079207921,0.10178294871997146,1.0,-0.0,0,0
35,0.2,0.13663366336633662,0.1565233492702535,0.34279891491999714,0.4649605614425486,0,0
36,0.2,0.13663366336633662,0.1565233492702535,0.34279891491999714,0.4649605614425486,0,0
37,0.2,0.13663366336633662,0.1565233492702535,0.34279891491999714,0.4649605614425486,0,0
38,0.2,0.13663366336633662,0.1565233492702535,0.34279891491999714,0.4649605614425486,0,0
39,0.2,0.10495049504950495,0.13377699607171908,0.2386948661603236,0.6221569216812192,0,0
40,0.0,0.0,0.0,1.0,-0.0,0,0
41,0.0,0.0,0.0,1.0,-0.0,0,0
42,0.0,0.0,0.0,1.0,-0.0,0,0
43,0.4,0.1881188118811881,0.18630706513012396,0.1277129939356101,0.8937649139547097,0,0
44,1.4,0.4673267326732673,0.29554745674147537,0.0008004357962637999,3.096673497531807,0,0
45,1.4,0.4673267326732673,0.29554745674147537,0.0008004357962637999,3.096673497531807,0,0
46,1.4,0.4673267326732673,0.29554745674147537,0.0008004357962637999,3.096673497531807,0,0
47,4.4,2.524752475247525,0.6435369377251359,0.0017843192686346025,2.748527434600824,0,0
48,4.2,2.7653465346534647,0.607614332404558,0.00910979108909838,2.040491582400448,0,0
49,4.8,3.695049504950495,0.6124736789856768,0.03560951376289961,1.4484339564445703,0,0
50,4.8,3.695049504950495,0.6124736789856768,0.03560951376289961,1.4484339564445703,0,0
51,4.8,3.695049504950495,0.6124736789856768,0.03560951376289961,1.4484339564445703,0,0
52,1.8,1.6356435643564355,0.39138853057355055,0.3372676889823422,0.4720252632247466,0,0
53,1.8,1.2534653465346535,0.36139563258924823,0.06523017428286501,1.185551461122071,0,0
54,0.2,0.04554455445544555,0.08387254884969257,0.03277054107653563,1.4845163878939818,0,0
55,0.2,0.04554455445544555,0.08387254884969257,0.03277054107653563,1.4845163878939818,0,0
56,0.2,0.04554455445544555,0.08387254884969257,0.03277054107653563,1.4845163878939818,0,0
57,0.2,0.19603960396039605,0.14618636693300396,0.48919340966384145,0.31051940234283854,0,0
58,0.0,0.15049504950495046,0.13615931435779074,1.0,-0.0,0,0
59,0.0,0.15049504950495046,0.13615931435779074,1.0,-0.0,0,0
60,0.0,0.20396039603960398,0.16881696226492765,1.0,-0.0,0,0
61,0.0,0.20396039603960398,0.16881696226492765,1.0,-0.0,0,0
62,0.0,0.05346534653465347,0.08851285797476045,1.0,-0.0,0,0
63,2.0,1.7702970297029708,0.41875453110134825,0.2916611104372956,0.5351214750553165,0,0
64,2.0,1.7702970297029708,0.41875453110134825,0.2916611104372956,0.5351214750553165,0,0
