,foreground,bg_means,bg_stdev,pvals,minus_logs,regs,active
2,0.0,0.11683168316831682,0.15483578457286823,1.0,-0.0,0,0
3,0.0,0.11683168316831682,0.15483578457286823,1.0,-0.0,0,0
4,0.0,0.049504950495049514,0.09078727434730813,1.0,-0.0,0,0
5,0.0,0.049504950495049514,0.09078727434730813,1.0,-0.0,0,0
6,0.0,0.049504950495049514,0.09078727434730813,1.0,-0.0,0,0
7,0.0,0.049504950495049514,0.09078727434730813,1.0,-0.0,0,0
8,0.0,0.049504950495049514,0.09078727434730813,1.0,-0.0,0,0
9,0.0,0.0,0.0,1.0,-0.0,0,0
10,0.0,0.05148514851485149,0.1001126705723924,1.0,-0.0,0,0
11,0.0,0.06930693069306931,0.11409790329416186,1.0,-0.0,0,0
12,0.0,0.06930693069306931,0.11409790329416186,1.0,-0.0,0,0
13,0.0,0.06930693069306931,0.11409790329416186,1.0,-0.0,0,0
14,0.0,0.06930693069306931,0.11409790329416186,1.0,-0.0,0,0
15,0.0,0.017821782178217824,0.056980176514606566,1.0,-0.0,0,0
16,0.0,0.0,0.0,1.0,-0.0,0,0
17,0.0,0.0,0.0,1.0,-0.0,0,0
18,0.0,0.0,0.0,1.0,-0.0,0,0
19,0.0,0.06732673267326733,0.11698261772468857,1.0,-0.0,0,0
20,0.0,0.06732673267326733,0.11698261772468857,1.0,-0.0,0,0
21,0.0,0.07722772277227723,0.12888031758632065,1.0,-0.0,0,0
22,0.0,0.10297029702970295,0.14519051706790778,1.0,-0.0,0,0
23,0.0,0.10297029702970295,0.14519051706790778,1.0,-0.0,0,0
24,0.0,0.03564356435643565,0.07653920035678292,1.0,-0.0,0,0
25,0.0,0.03564356435643565,0.07653920035678292,1.0,-0.0,0,0
26,0.0,0.025742574257425748,0.0669763743575753,1.0,-0.0,0,0
27,0.0,0.0,0.0,1.0,-0.0,0,0
28,0.0,0.04554455445544554,0.08846854615322249,1.0,-0.0,0,0
29,0.0,0.04554455445544554,0.08846854615322249,1.0,-0.0,0,0
30,0.0,0.04554455445544554,0.08846854615322249,1.0,-0.0,0,0
31,0.2,0.057425742574257435,0.09476028605152792,0.06621628156331662,1.1790352111084907,0,0
32,0.2,0.057425742574257435,0.09476028605152792,0.06621628156331662,1.1790352111084907,0,0
33,0.2,0.03564356435643565,0.07653920035678292,0.015882722457572503,1.7990750531077893,0,0
34,0.2,0.03564356435643565,0.07653920035678292,0.015882722457572503,1.7990750531077893,0,0
35,0.2,0.03564356435643565,0.07653920035678292,0.015882722457572503,1.7990750531077893,0,0
36,0.0,0.023762376237623763,0.06471340450838889,1.0,-0.0,0,0
37,0.0,0.023762376237623763,0.06471340450838889,1.0,-0.0,0,0
38,0.0,0.0,0.0,1.0,-0.0,0,0
39,0.0,0.0,0.0,1.0,-0.0,0,0
40,0.0,0.0,0.0,1.0,-0.0,0,0
41,0.0,0.0,0.0,1.0,-0.0,0,0
42,0.0,0.0,0.0,1.0,-0.0,0,0
43,0.0,0.0,0.0,1.0,-0.0,0,0
44,0.0,0.009900990099009901,0.04338396495090424,1.0,-0.0,0,0
45,0.0,0.0297029702970297,0.08150144802873932,1.0,-0.0,0,0
46,0.0,0.03762376237623763,0.08771182015980238,1.0,-0.0,0,0
47,0.0,0.03762376237623763,0.08771182015980238,1.0,-0.0,0,0
48,0.0,0.03762376237623763,0.08771182015980238,1.0,-0.0,0,0
49,0.0,0.027722772277227727,0.07461957893630407,1.0,-0.0,0,0
50,0.0,0.007920792079207921,0.03900537743285587,1.0,-0.0,0,0
51,0.0,0.0,0.0,1.0,-0.0,0,0
52,0.0,0.07326732673267326,0.1115960618107356,1.0,-0.0,0,0
53,0.0,0.07326732673267326,0.1115960618107356,1.0,-0.0,0,0
54,0.0,0.07326732673267326,0.1115960618107356,1.0,-0.0,0,0
55,0.0,0.07326732673267326,0.1115960618107356,1.0,-0.0,0,0
56,0.0,0.1207920792079208,0.1568986755607153,1.0,-0.0,0,0
57,0.0,0.04752475247524753,0.09809478080396702,1.0,-0.0,0,0
58,0.0,0.051485148514851496,0.1001126705723924,1.0,-0.0,0,0
59,0.0,0.051485148514851496,0.1001126705723924,1.0,-0.0,0,0
60,0.0,0.051485148514851496,0.1001126705723924,1.0,-0.0,0,0
61,0.0,0.0039603960396039604,0.027863855998951064,1.0,-0.0,0,0
62,0.0,0.0039603960396039604,0.027863855998951064,1.0,-0.0,0,0
63,0.0,0.0,0.0,1.0,-0.0,0,0
64,0.0,0.0,0.0,1.0,-0.0,0,0
65,0.0,0.015841584158415842,0.05401260078014202,1.0,-0.0,0,0
66,0.0,0.015841584158415842,0.05401260078014202,1.0,-0.0,0,0
67,0.0,0.015841584158415842,0.05401260078014202,1.0,-0.0,0,0
68,0.0,0.0297029702970297,0.07112192077650681,1.0,-0.0,0,0
69,0.0,0.05346534653465347,0.09704990696905226,1.0,-0.0,0,0
70,0.0,0.03762376237623763,0.08307396817189318,1.0,-0.0,0,0
71,0.0,0.03762376237623763,0.08307396817189318,1.0,-0.0,0,0
72,0.0,0.09108910891089109,0.13357165904190144,1.0,-0.0,0,0
73,0.0,0.07722772277227724,0.1193059036149867,1.0,-0.0,0,0
74,0.0,0.05346534653465347,0.10489443673781407,1.0,-0.0,0,0
75,0.0,0.061386138613861385,0.11515834731523734,1.0,-0.0,0,0
76,0.0,0.061386138613861385,0.11515834731523734,1.0,-0.0,0,0
77,0.0,0.007920792079207921,0.03900537743285587,1.0,-0.0,0,0
78,0.0,0.007920792079207921,0.03900537743285587,1.0,-0.0,0,0
79,0.0,0.007920792079207921,0.03900537743285587,1.0,-0.0,0,0
80,0.0,0.0059405940594059415,0.03395332316729158,1.0,-0.0,0,0
81,0.0,0.0059405940594059415,0.03395332316729158,1.0,-0.0,0,0
82,0.0,0.0059405940594059415,0.03395332316729158,1.0,-0.0,0,0
83,0.0,0.0059405940594059415,0.03395332316729158,1.0,-0.0,0,0
84,0.0,0.0059405940594059415,0.03395332316729158,1.0,-0.0,0,0
85,0.0,0.0,0.0,1.0,-0.0,0,0
86,0.0,0.007920792079207921,0.03900537743285587,1.0,-0.0,0,0
87,0.0,0.007920792079207921,0.03900537743285587,1.0,-0.0,0,0
88,0.0,0.007920792079207921,0.03900537743285587,1.0,-0.0,0,0
89,0.0,0.007920792079207921,0.03900537743285587,1.0,-0.0,0,0
90,0.0,0.007920792079207921,0.03900537743285587,1.0,-0.0,0,0
91,0.0,0.0,0.0,1.0,-0.0,0,0
92,0.0,0.0,0.0,1.0,-0.0,0,0
93,0.0,0.009900990099009901,0.04338396495090424,1.0,-0.0,0,0
94,0.0,0.009900990099009901,0.04338396495090424,1.0,-0.0,0,0
95,0.0,0.009900990099009901,0.04338396495090424,1.0,-0.0,0,0
96,0.0,0.009900990099009901,0.04338396495090424,1.0,-0.0,0,0
97,0.0,0.009900990099009901,0.04338396495090424,1.0,-0.0,0,0
98,0.0,0.04950495049504951,0.09504950495049506,1.0,-0.0,0,0
99,0.0,0.04950495049504951,0.09504950495049506,1.0,-0.0,0,0
100,0.0,0.04950495049504951,0.09504950495049506,1.0,-0.0,0,0
101,0.0,0.04950495049504951,0.09504950495049506,1.0,-0.0,0,0
102,0.0,0.04950495049504951,0.09504950495049506,1.0,-0.0,0,0
103,0.0,0.013861386138613863,0.05079507064705211,1.0,-0.0,0,0
104,0.0,0.013861386138613863,0.05079507064705211,1.0,-0.0,0,0
105,0.0,0.06534653465346535,0.11295810453031022,1.0,-0.0,0,0
106,0.0,0.22970297029702968,0.18960331411621106,1.0,-0.0,0,0
107,0.2,0.297029702970297,0.20607383351679515,1.0,-0.0,0,0
108,0.2,0.28316831683168314,0.197543982785583,1.0,-0.0,0,0
109,0.2,0.3079207920792079,0.2057024518001677,1.0,-0.0,0,0
110,0.2,0.2554455445544554,0.19318858970710537,1.0,-0.0,0,0
111,0.2,0.09108910891089109,0.12113245340338318,0.1842981552477096,0.7344790118766933,0,0
112,0.0,0.023762376237623766,0.06471340450838887,1.0,-0.0,0,0
113,0.0,0.16237623762376235,0.183934709223495,1.0,-0.0,0,0
114,0.0,0.1376237623762376,0.16581719933036296,1.0,-0.0,0,0
115,0.0,0.1376237623762376,0.16581719933036296,1.0,-0.0,0,0
116,0.0,0.1376237623762376,0.16581719933036296,1.0,-0.0,0,0
117,0.0,0.1376237623762376,0.16581719933036296,1.0,-0.0,0,0
118,0.0,0.0,0.0,1.0,-0.0,0,0
119,0.0,0.0,0.0,1.0,-0.0,0,0
120,0.0,0.02772277227722772,0.06910862719451544,1.0,-0.0,0,0
121,0.0,0.02772277227722772,0.06910862719451544,1.0,-0.0,0,0
122,0.0,0.02772277227722772,0.06910862719451544,1.0,-0.0,0,0
123,0.0,0.039603960396039604,0.08452453849668534,1.0,-0.0,0,0
124,0.0,0.039603960396039604,0.08452453849668534,1.0,-0.0,0,0
125,0.0,0.04356435643564357,0.08255312311158745,1.0,-0.0,0,0
126,0.0,0.07920792079207921,0.12293186689242579,1.0,-0.0,0,0
127,0.0,0.11683168316831682,0.14696218071508493,1.0,-0.0,0,0
128,0.0,0.10495049504950493,0.1367053908443026,1.0,-0.0,0,0
129,0.0,0.10495049504950493,0.1367053908443026,1.0,-0.0,0,0
130,0.0,0.11683168316831684,0.1357555366416048,1.0,-0.0,0,0
131,0.0,0.09900990099009901,0.13965661530697393,1.0,-0.0,0,0
132,0.0,0.061386138613861385,0.11166631429601336,1.0,-0.0,0,0
133,0.0,0.061386138613861385,0.11166631429601336,1.0,-0.0,0,0
134,0.0,0.061386138613861385,0.11166631429601336,1.0,-0.0,0,0
135,0.0,0.017821782178217824,0.05698017651460656,1.0,-0.0,0,0
136,0.0,0.0,0.0,1.0,-0.0,0,0
137,0.0,0.03168316831683169,0.07826167463512676,1.0,-0.0,0,0
138,0.0,0.03168316831683169,0.07826167463512676,1.0,-0.0,0,0
139,0.0,0.13663366336633662,0.15652334927025352,1.0,-0.0,0,0
140,0.0,0.13663366336633662,0.15652334927025352,1.0,-0.0,0,0
141,0.0,0.13663366336633662,0.15652334927025352,1.0,-0.0,0,0
142,0.0,0.10297029702970298,0.1396285351588451,1.0,-0.0,0,0
143,0.0,0.10297029702970298,0.1396285351588451,1.0,-0.0,0,0
144,0.0,0.007920792079207921,0.03900537743285587,1.0,-0.0,0,0
145,0.0,0.007920792079207921,0.03900537743285587,1.0,-0.0,0,0
146,0.0,0.007920792079207921,0.03900537743285587,1.0,-0.0,0,0
147,0.0,0.007920792079207921,0.03900537743285587,1.0,-0.0,0,0
148,0.0,0.007920792079207921,0.03900537743285587,1.0,-0.0,0,0
149,0.2,0.09306930693069305,0.11795067415315191,0.18231677881311903,0.7391733609082306,0,0
150,0.2,0.09306930693069305,0.11795067415315191,0.18231677881311903,0.7391733609082306,0,0
151,0.2,0.09306930693069305,0.11795067415315191,0.18231677881311903,0.7391733609082306,0,0
152,0.2,0.09306930693069305,0.11795067415315191,0.18231677881311903,0.7391733609082306,0,0
153,0.2,0.09306930693069305,0.11795067415315191,0.18231677881311903,0.7391733609082306,0,0
154,0.0,0.0,0.0,1.0,-0.0,0,0
155,0.0,0.0,0.0,1.0,-0.0,0,0
156,0.0,0.03564356435643565,0.07653920035678292,1.0,-0.0,0,0
157,0.0,0.03564356435643565,0.07653920035678292,1.0,-0.0,0,0
158,0.0,0.04554455445544555,0.09283729243351323,1.0,-0.0,0,0
159,0.0,0.04554455445544555,0.09283729243351323,1.0,-0.0,0,0
160,0.0,0.07920792079207921,0.1261123431927973,1.0,-0.0,0,0
161,0.2,0.06732673267326733,0.11698261772468856,0.12837042097948387,0.8915350345635852,0,0
162,0.2,0.06732673267326733,0.11698261772468856,0.12837042097948387,0.8915350345635852,0,0
163,0.2,0.05742574257425742,0.10277971700879983,0.08269301175340939,1.0825311903890302,0,0
164,0.2,0.06732673267326733,0.11000352009767247,0.11389293410569636,0.9435032186258506,0,0
165,0.2,0.033663366336633666,0.07994704648786674,0.018735949469970602,1.7273242935431963,0,0
166,0.0,0.009900990099009901,0.04338396495090425,1.0,-0.0,0,0
167,0.0,0.013861386138613863,0.05807080514303042,1.0,-0.0,0,0
168,0.0,0.013861386138613863,0.05807080514303042,1.0,-0.0,0,0
169,0.0,0.0039603960396039604,0.027863855998951068,1.0,-0.0,0,0
170,0.0,0.0039603960396039604,0.027863855998951068,1.0,-0.0,0,0
171,0.0,0.0039603960396039604,0.027863855998951068,1.0,-0.0,0,0
172,0.0,0.0,0.0,1.0,-0.0,0,0
173,0.0,0.0,0.0,1.0,-0.0,0,0
174,0.0,0.0,0.0,1.0,-0.0,0,0
175,0.6,0.15247524752475247,0.14113686876202344,0.0007599511250770043,3.1192143377085584,0,0
176,0.6,0.15247524752475247,0.14113686876202344,0.0007599511250770043,3.1192143377085584,0,0
177,0.6,0.15247524752475247,0.14113686876202344,0.0007599511250770043,3.1192143377085584,0,0
178,0.6,0.15247524752475247,0.14113686876202344,0.0007599511250770043,3.1192143377085584,0,0
179,0.6,0.15247524752475247,0.14113686876202344,0.0007599511250770043,3.1192143377085584,0,0
180,0.0,0.0,0.0,1.0,-0.0,0,0
181,0.0,0.0,0.0,1.0,-0.0,0,0
182,0.0,0.0,0.0,1.0,-0.0,0,0
183,0.0,0.0,0.0,1.0,-0.0,0,0
184,0.0,0.0,0.0,1.0,-0.0,0,0
185,0.0,0.0,0.0,1.0,-0.0,0,0
186,0.0,0.047524752475247525,0.0939707763778588,1.0,-0.0,0,0
187,0.0,0.047524752475247525,0.0939707763778588,1.0,-0.0,0,0
188,0.0,0.0891089108910891,0.11071414454252959,1.0,-0.0,0,0
189,0.0,0.0891089108910891,0.11071414454252959,1.0,-0.0,0,0
190,0.0,0.0891089108910891,0.11071414454252959,1.0,-0.0,0,0
191,0.0,0.04158415841584159,0.08116396646304633,1.0,-0.0,0,0
192,0.0,0.04158415841584159,0.08116396646304633,1.0,-0.0,0,0
193,0.0,0.0,0.0,1.0,-0.0,0,0
194,0.0,0.11485148514851484,0.15246238855382305,1.0,-0.0,0,0
195,0.0,0.11485148514851484,0.15246238855382305,1.0,-0.0,0,0
196,0.2,0.12277227722772276,0.15407416763506465,0.30810205630421117,0.5113054031481944,0,0
197,0.2,0.13267326732673265,0.15989409297573348,0.3368516938088894,0.47256126452028424,0,0
198,0.2,0.13267326732673265,0.15989409297573348,0.3368516938088894,0.47256126452028424,0,0
199,0.2,0.017821782178217824,0.0635517090529949,0.0020744436267099344,2.6830983626867595,0,0
200,0.4,0.10693069306930691,0.1306930693069307,0.012466983232904145,1.9042386246134682,0,0
201,0.2,0.09900990099009899,0.12145573247679727,0.20284641041846624,0.692832673191333,0,0
202,0.4,0.13267326732673265,0.13283572143563108,0.02208567245422131,1.6558893730090944,0,0
203,0.4,0.13267326732673265,0.13283572143563108,0.02208567245422131,1.6558893730090944,0,0
204,0.4,0.13267326732673265,0.13283572143563108,0.02208567245422131,1.6558893730090944,0,0
205,0.2,0.041584158415841586,0.08590499787518362,0.03258561123651815,1.4869741281544258,0,0
206,0.2,0.08316831683168317,0.11694909354640316,0.15889830100735314,0.798880746386554,0,0
207,0.0,0.041584158415841586,0.08590499787518362,1.0,-0.0,0,0
208,0.0,0.11683168316831682,0.149632756335149,1.0,-0.0,0,0
209,0.0,0.11683168316831682,0.149632756335149,1.0,-0.0,0,0
210,0.0,0.13267326732673265,0.14698885988036148,1.0,-0.0,0,0
211,0.0,0.0891089108910891,0.11765109526742928,1.0,-0.0,0,0
212,0.0,0.0891089108910891,0.11765109526742928,1.0,-0.0,0,0
213,0.0,0.013861386138613863,0.05079507064705211,1.0,-0.0,0,0
214,0.0,0.013861386138613863,0.05079507064705211,1.0,-0.0,0,0
215,0.0,0.0,0.0,1.0,-0.0,0,0
216,0.0,0.009900990099009901,0.04338396495090424,1.0,-0.0,0,0
217,0.0,0.009900990099009901,0.04338396495090424,1.0,-0.0,0,0
218,0.0,0.009900990099009901,0.04338396495090424,1.0,-0.0,0,0
219,0.0,0.009900990099009901,0.04338396495090424,1.0,-0.0,0,0
220,0.0,0.009900990099009901,0.04338396495090424,1.0,-0.0,0,0
221,0.0,0.0,0.0,1.0,-0.0,0,0
222,0.0,0.0,0.0,1.0,-0.0,0,0
223,0.2,0.0039603960396039604,0.027863855998951068,9.91868616164111e-13,12.003545851085573,0,0
224,0.2,0.0039603960396039604,0.027863855998951068,9.91868616164111e-13,12.003545851085573,0,0
225,0.2,0.08316831683168316,0.12978985828256584,0.1840174638895371,0.7351409589961647,0,0
226,1.4,0.19207920792079206,0.2027939344870037,1.2893127052607153e-09,8.889641737651337,0,0
227,1.6,0.2613861386138614,0.2138613861386139,1.9340518686131955e-10,9.71353188291567,0,0
228,1.4,0.2574257425742574,0.21124174816783503,3.17159268442924e-08,7.498722592559749,0,0
229,1.6,0.31683168316831684,0.23591796985631966,2.6783550287881285e-08,7.572131855694423,0,0
230,1.6,0.2376237623762376,0.2023874752261582,8.394740688455324e-12,11.075992714572067,0,0
231,0.4,0.1297029702970297,0.16016362577339555,0.04574108440537936,1.339693543583887,0,0
232,0.2,0.09504950495049502,0.1307830473343237,0.21113830602558947,0.6754329671360486,0,0
233,0.2,0.09504950495049502,0.1307830473343237,0.21113830602558947,0.6754329671360486,0,0
234,0.0,0.03564356435643565,0.07653920035678292,1.0,-0.0,0,0
235,0.0,0.03564356435643565,0.07653920035678292,1.0,-0.0,0,0
236,0.0,0.08316831683168316,0.12670172889541698,1.0,-0.0,0,0
237,0.0,0.04752475247524753,0.09397077637785879,1.0,-0.0,0,0
238,0.0,0.07326732673267328,0.11509022642946842,1.0,-0.0,0,0
239,0.0,0.07326732673267328,0.11509022642946842,1.0,-0.0,0,0
240,0.0,0.07326732673267328,0.11509022642946842,1.0,-0.0,0,0
241,0.0,0.025742574257425745,0.0669763743575753,1.0,-0.0,0,0
242,0.0,0.025742574257425745,0.0669763743575753,1.0,-0.0,0,0
243,0.0,0.019801980198019802,0.0597350618970232,1.0,-0.0,0,0
244,0.0,0.019801980198019802,0.0597350618970232,1.0,-0.0,0,0
245,0.0,0.047524752475247525,0.08512548617902845,1.0,-0.0,0,0
246,0.0,0.047524752475247525,0.08512548617902845,1.0,-0.0,0,0
247,0.0,0.047524752475247525,0.08512548617902845,1.0,-0.0,0,0
248,0.0,0.027722772277227727,0.06910862719451544,1.0,-0.0,0,0
249,0.0,0.061386138613861385,0.10806149425459212,1.0,-0.0,0,0
250,0.0,0.1425742574257426,0.15243666735776418,1.0,-0.0,0,0
251,0.0,0.15445544554455443,0.16381875548472422,1.0,-0.0,0,0
252,0.2,0.19009900990099005,0.17660435755646178,0.4776457645290032,0.3208940689594445,0,0
253,0.2,0.19009900990099005,0.17660435755646178,0.4776457645290032,0.3208940689594445,0,0
254,0.2,0.1564356435643564,0.15312962320143528,0.38801617240230685,0.41115017275963694,0,0
255,0.4,0.10495049504950495,0.1307830473343237,0.012034609223915521,1.9195680071465315,0,0
256,0.4,0.09306930693069305,0.12762679639066946,0.00808827064841771,2.0921443248814775,0,0
257,0.2,0.07722772277227724,0.11930590361498669,0.15172703225002876,0.8189370368062708,0,0
258,0.2,0.0891089108910891,0.12734998170941406,0.19194299301932338,0.716827737407409,0,0
259,0.2,0.0891089108910891,0.12734998170941406,0.19194299301932338,0.716827737407409,0,0
260,0.0,0.07722772277227723,0.11593886073904515,1.0,-0.0,0,0
261,0.0,0.16237623762376235,0.1584900816139702,1.0,-0.0,0,0
262,0.0,0.14257425742574253,0.15501295675866084,1.0,-0.0,0,0
263,0.0,0.13069306930693064,0.1447035715361989,1.0,-0.0,0,0
264,0.0,0.13069306930693064,0.1447035715361989,1.0,-0.0,0,0
265,0.0,0.10297029702970295,0.14243667729389659,1.0,-0.0,0,0
266,0.0,0.05544554455445545,0.09797478714338996,1.0,-0.0,0,0
267,0.0,0.05544554455445545,0.09797478714338996,1.0,-0.0,0,0
268,0.0,0.05544554455445545,0.09797478714338996,1.0,-0.0,0,0
269,0.0,0.05544554455445545,0.09797478714338996,1.0,-0.0,0,0
270,0.0,0.03564356435643565,0.07653920035678292,1.0,-0.0,0,0
271,0.0,0.0,0.0,1.0,-0.0,0,0
272,0.0,0.0,0.0,1.0,-0.0,0,0
273,0.0,0.0,0.0,1.0,-0.0,0,0
274,0.0,0.0,0.0,1.0,-0.0,0,0
275,0.0,0.07920792079207921,0.12293186689242579,1.0,-0.0,0,0
276,0.0,0.07920792079207921,0.12293186689242579,1.0,-0.0,0,0
277,0.0,0.07920792079207921,0.12293186689242579,1.0,-0.0,0,0
278,0.0,0.07920792079207921,0.12293186689242579,1.0,-0.0,0,0
279,0.0,0.07920792079207921,0.12293186689242579,1.0,-0.0,0,0
280,0.0,0.0,0.0,1.0,-0.0,0,0
281,0.0,0.0,0.0,1.0,-0.0,0,0
282,0.0,0.0,0.0,1.0,-0.0,0,0
283,0.0,0.0,0.0,1.0,-0.0,0,0
284,0.0,0.0,0.0,1.0,-0.0,0,0
285,0.0,0.0,0.0,1.0,-0.0,0,0
286,0.0,0.039603960396039604,0.08908690597387718,1.0,-0.0,0,0
287,0.0,0.039603960396039604,0.08908690597387718,1.0,-0.0,0,0
288,0.0,0.039603960396039604,0.08908690597387718,1.0,-0.0,0,0
289,0.0,0.039603960396039604,0.08908690597387718,1.0,-0.0,0,0
290,0.0,0.08118811881188118,0.11664694237642095,1.0,-0.0,0,0
291,0.0,0.04158415841584159,0.08116396646304633,1.0,-0.0,0,0
292,0.0,0.04158415841584159,0.08116396646304633,1.0,-0.0,0,0
293,0.0,0.04158415841584159,0.08116396646304633,1.0,-0.0,0,0
294,0.0,0.08910891089108909,0.12420120222231065,1.0,-0.0,0,0
295,0.0,0.04752475247524753,0.09397077637785879,1.0,-0.0,0,0
296,0.0,0.25346534653465347,0.21040477559032864,1.0,-0.0,0,0
297,0.0,0.26732673267326734,0.2129978900518789,1.0,-0.0,0,0
298,0.0,0.26732673267326734,0.2129978900518789,1.0,-0.0,0,0
299,0.0,0.21980198019801975,0.19397856469320326,1.0,-0.0,0,0
300,0.0,0.21980198019801975,0.19397856469320326,1.0,-0.0,0,0
301,0.0,0.13861386138613857,0.1482373645323794,1.0,-0.0,0,0
302,0.0,0.1465346534653465,0.1662423117767553,1.0,-0.0,0,0
303,0.0,0.1465346534653465,0.1662423117767553,1.0,-0.0,0,0
304,0.0,0.1465346534653465,0.1662423117767553,1.0,-0.0,0,0
305,0.0,0.2099009900990099,0.199754775650194,1.0,-0.0,0,0
306,0.0,0.08514851485148514,0.1269490726718781,1.0,-0.0,0,0
307,0.0,0.07326732673267326,0.1115960618107356,1.0,-0.0,0,0
308,0.0,0.07326732673267326,0.1115960618107356,1.0,-0.0,0,0
309,0.0,0.07326732673267326,0.1115960618107356,1.0,-0.0,0,0
310,0.0,0.009900990099009901,0.04338396495090425,1.0,-0.0,0,0
311,0.0,0.03762376237623763,0.09211646217515253,1.0,-0.0,0,0
312,0.0,0.057425742574257435,0.10656335878870264,1.0,-0.0,0,0
313,0.0,0.06732673267326733,0.11698261772468857,1.0,-0.0,0,0
314,0.0,0.06732673267326733,0.11698261772468857,1.0,-0.0,0,0
315,0.0,0.15247524752475244,0.17153590358580373,1.0,-0.0,0,0
316,0.0,0.12277227722772276,0.14884451859775158,1.0,-0.0,0,0
