,foreground,bg_means,bg_stdev,pvals,minus_logs,regs,active
2,0.0,0.0,0.0,1.0,-0.0,0,0
3,0.0,0.0,0.0,1.0,-0.0,0,0
4,0.0,0.0,0.0,1.0,-0.0,0,0
5,0.0,0.0,0.0,1.0,-0.0,0,0
6,0.0,0.0,0.0,1.0,-0.0,0,0
7,0.0,0.0,0.0,1.0,-0.0,0,0
8,0.0,0.0,0.0,1.0,-0.0,0,0
9,0.0,0.02970297029702971,0.07112192077650681,1.0,-0.0,0,0
10,0.0,0.02970297029702971,0.07112192077650681,1.0,-0.0,0,0
11,0.0,0.02970297029702971,0.07112192077650681,1.0,-0.0,0,0
12,0.0,0.02970297029702971,0.07112192077650681,1.0,-0.0,0,0
13,0.0,0.057425742574257435,0.09885135821266286,1.0,-0.0,0,0
14,0.0,0.061386138613861385,0.10046456153636296,1.0,-0.0,0,0
15,0.0,0.061386138613861385,0.10046456153636296,1.0,-0.0,0,0
16,0.0,0.061386138613861385,0.10046456153636296,1.0,-0.0,0,0
17,0.0,0.061386138613861385,0.10046456153636296,1.0,-0.0,0,0
18,0.0,0.03366336633663367,0.07994704648786674,1.0,-0.0,0,0
19,0.0,0.0,0.0,1.0,-0.0,0,0
20,0.0,0.017821782178217824,0.0635517090529949,1.0,-0.0,0,0
21,0.0,0.017821782178217824,0.0635517090529949,1.0,-0.0,0,0
22,0.0,0.017821782178217824,0.0635517090529949,1.0,-0.0,0,0
23,0.2,0.06930693069306931,0.10316052497133552,0.10259725727169978,0.9888642490457182,0,0
24,0.2,0.09306930693069305,0.12126186845461277,0.18893807577263794,0.7236805120007753,0,0
25,0.2,0.07524752475247526,0.11205191564986228,0.13278007588509982,0.8768670874855233,0,0
26,0.2,0.07524752475247526,0.11205191564986228,0.13278007588509982,0.8768670874855233,0,0
27,0.2,0.12079207920792079,0.14372473118118065,0.2907796499938946,0.5364359905386117,0,0
28,0.0,0.06930693069306931,0.11057238501634628,1.0,-0.0,0,0
29,0.0,0.04554455445544555,0.09283729243351321,1.0,-0.0,0,0
30,0.0,0.04554455445544555,0.09283729243351321,1.0,-0.0,0,0
31,0.0,0.07326732673267328,0.11509022642946842,1.0,-0.0,0,0
32,0.0,0.027722772277227727,0.06910862719451544,1.0,-0.0,0,0
33,0.0,0.027722772277227727,0.06910862719451544,1.0,-0.0,0,0
34,0.0,0.027722772277227727,0.06910862719451544,1.0,-0.0,0,0
35,0.0,0.027722772277227727,0.06910862719451544,1.0,-0.0,0,0
36,0.0,0.0,0.0,1.0,-0.0,0,0
37,0.0,0.0,0.0,1.0,-0.0,0,0
38,0.0,0.0,0.0,1.0,-0.0,0,0
39,0.0,0.017821782178217824,0.056980176514606566,1.0,-0.0,0,0
40,0.0,0.017821782178217824,0.056980176514606566,1.0,-0.0,0,0
41,0.0,0.017821782178217824,0.056980176514606566,1.0,-0.0,0,0
42,0.0,0.017821782178217824,0.056980176514606566,1.0,-0.0,0,0
43,0.0,0.017821782178217824,0.056980176514606566,1.0,-0.0,0,0
44,0.0,0.0,0.0,1.0,-0.0,0,0
45,0.0,0.0,0.0,1.0,-0.0,0,0
46,0.0,0.023762376237623766,0.07056843438101174,1.0,-0.0,0,0
47,0.0,0.023762376237623766,0.07056843438101174,1.0,-0.0,0,0
48,0.0,0.023762376237623766,0.07056843438101174,1.0,-0.0,0,0
49,0.0,0.0712871287128713,0.11110305060677654,1.0,-0.0,0,0
50,0.0,0.0712871287128713,0.11110305060677654,1.0,-0.0,0,0
51,0.0,0.04752475247524753,0.09397077637785879,1.0,-0.0,0,0
52,0.0,0.15247524752475247,0.15957496727054085,1.0,-0.0,0,0
53,0.0,0.15247524752475247,0.15957496727054085,1.0,-0.0,0,0
54,0.0,0.10297029702970295,0.13676274574124359,1.0,-0.0,0,0
55,0.0,0.10297029702970295,0.13676274574124359,1.0,-0.0,0,0
56,0.2,0.20198019801980197,0.179095747399525,1.0,-0.0,0,0
57,0.2,0.09702970297029702,0.124642415697871,0.20436640857029564,0.6895904870669047,0,0
58,0.2,0.20198019801980197,0.165296132710568,1.0,-0.0,0,0
59,0.2,0.2435643564356436,0.18153135265530043,1.0,-0.0,0,0
60,0.2,0.2435643564356436,0.18153135265530043,1.0,-0.0,0,0
61,0.0,0.14653465346534653,0.14863361587956597,1.0,-0.0,0,0
62,0.0,0.2455445544554455,0.2141179246085271,1.0,-0.0,0,0
63,0.2,0.2396039603960396,0.18672752846140644,1.0,-0.0,0,0
64,0.2,0.2871287128712871,0.18756562750439,1.0,-0.0,0,0
65,0.2,0.2871287128712871,0.18756562750439,1.0,-0.0,0,0
66,0.2,0.2871287128712871,0.18756562750439,1.0,-0.0,0,0
67,0.2,0.19999999999999993,0.16650156839269628,0.4999999999999998,0.30102999566398136,0,0
68,0.2,0.1277227722772277,0.1422024855871583,0.30563207600720477,0.5148010686110489,0,0
69,0.4,0.0594059405940594,0.0956253185556407,0.00018419128125608784,3.734730931098922,0,0
70,0.6,0.07524752475247526,0.10845991237726064,6.550488652518828e-07,6.183726301355278,0,0
71,0.8,0.09702970297029702,0.11471483847889298,4.4500737018331854e-10,9.35163279620235,0,0
72,0.8,0.08514851485148513,0.09889101773610912,2.438662209745098e-13,12.612848351635163,0,0
73,0.6,0.05940594059405942,0.09138994660763826,1.6568948782387715e-09,8.780705044537243,0,0
74,0.6,0.0891089108910891,0.13042276277287215,4.4793075220213884e-05,4.348789120513047,0,0
75,0.8,0.1603960396039604,0.18459439503241848,0.00026519916019270955,3.5764278555472404,0,0
76,1.2,0.24950495049504945,0.2293442060026321,1.703493064137455e-05,4.768659630345568,0,0
77,1.6,0.37227722772277216,0.2772277227722772,4.742965196144334e-06,5.323950062187244,0,0
78,1.8,0.4178217821782178,0.2787511184913707,3.5525805092509867e-07,6.449456071225333,0,0
79,1.6,0.3841584158415842,0.2694815974052119,3.214297875718782e-06,5.492913878728095,0,0
80,1.2,0.297029702970297,0.22797231269467202,3.7337491799785194e-05,4.4278548597693606,0,0
81,0.6,0.18613861386138614,0.1740773146600864,0.0087162300942858,2.059671313607098,0,0
82,0.4,0.06930693069306931,0.12084076279122662,0.0031038676436218036,2.508096806379782,0,0
83,0.2,0.023762376237623766,0.06471340450838887,0.003231121245907738,2.4906467450338194,0,0
84,0.2,0.0059405940594059415,0.03395332316729158,5.469865928325192e-09,8.262023318511567,0,0
85,0.2,0.0059405940594059415,0.03395332316729158,5.469865928325192e-09,8.262023318511567,0,0
86,0.2,0.0059405940594059415,0.03395332316729158,5.469865928325192e-09,8.262023318511567,0,0
87,0.0,0.0,0.0,1.0,-0.0,0,0
88,0.0,0.0,0.0,1.0,-0.0,0,0
89,0.0,0.0,0.0,1.0,-0.0,0,0
90,0.0,0.0,0.0,1.0,-0.0,0,0
91,0.0,0.0,0.0,1.0,-0.0,0,0
92,0.0,0.0,0.0,1.0,-0.0,0,0
93,0.0,0.033663366336633666,0.07994704648786674,1.0,-0.0,0,0
94,0.0,0.033663366336633666,0.07994704648786674,1.0,-0.0,0,0
95,0.0,0.033663366336633666,0.07994704648786674,1.0,-0.0,0,0
96,0.0,0.033663366336633666,0.07994704648786674,1.0,-0.0,0,0
97,0.0,0.03762376237623763,0.08771182015980239,1.0,-0.0,0,0
98,0.0,0.015841584158415842,0.06090517425437506,1.0,-0.0,0,0
99,0.2,0.06930693069306931,0.11057238501634631,0.11860911207080795,0.925881945288305,0,0
100,0.2,0.06930693069306931,0.11057238501634631,0.11860911207080795,0.925881945288305,0,0
101,0.4,0.17425742574257425,0.18808754299792682,0.1150309355716322,0.9391853479827571,0,0
102,0.6,0.29702970297029707,0.21176086154922535,0.07625537673655863,1.117729528968808,0,0
103,0.6,0.2851485148514852,0.20747713156287056,0.0645672445770147,1.1899877468221525,0,0
104,0.4,0.2316831683168317,0.19847472496357746,0.1982045841488233,0.7028863052114135,0,0
105,1.0,0.4316831683168317,0.25906560699289166,0.01412785192701494,1.8499238655514252,0,0
106,1.0,0.3762376237623762,0.24742176075148156,0.005850278297794591,2.2328234740337614,0,0
107,0.8,0.2930693069306931,0.20978887347562813,0.00783773788375787,2.1058092646574886,0,0
108,1.2,0.37425742574257426,0.24480886274099947,0.0003717571871668795,3.42974062652694,0,0
109,1.2,0.37425742574257426,0.24480886274099947,0.0003717571871668795,3.42974062652694,0,0
110,0.6,0.17425742574257425,0.16084767121704766,0.004062051360563609,2.391254589678542,0,0
111,0.4,0.12673267326732673,0.1454872925680942,0.030170751918039567,1.520413866166205,0,0
112,0.4,0.07920792079207922,0.11631029826208643,0.0029071769637802735,2.5365285313344548,0,0
113,0.0,0.0,0.0,1.0,-0.0,0,0
114,0.0,0.0,0.0,1.0,-0.0,0,0
115,0.2,0.22970297029702968,0.20945216351964124,1.0,-0.0,0,0
116,0.2,0.22970297029702968,0.20945216351964124,1.0,-0.0,0,0
117,0.2,0.22970297029702968,0.20945216351964124,1.0,-0.0,0,0
118,0.2,0.22970297029702968,0.20945216351964124,1.0,-0.0,0,0
119,0.2,0.4000000000000001,0.29112278380010853,1.0,-0.0,0,0
120,0.0,0.30495049504950494,0.231386795289637,1.0,-0.0,0,0
121,0.0,0.30495049504950494,0.231386795289637,1.0,-0.0,0,0
122,0.0,0.3326732673267327,0.23926823710088263,1.0,-0.0,0,0
123,0.0,0.3722772277227723,0.25798872178940746,1.0,-0.0,0,0
124,0.0,0.2633663366336633,0.18653843724484256,1.0,-0.0,0,0
125,0.0,0.15445544554455443,0.15384494732320814,1.0,-0.0,0,0
126,0.0,0.2455445544554455,0.2065869521702175,1.0,-0.0,0,0
127,0.0,0.2198019801980198,0.20777930122098492,1.0,-0.0,0,0
128,0.0,0.7089108910891088,0.34757975362340787,1.0,-0.0,0,0
129,0.0,0.6475247524752474,0.34371127055441,1.0,-0.0,0,0
130,0.0,0.6950495049504949,0.35105956664281074,1.0,-0.0,0,0
131,0.0,0.603960396039604,0.31083432665898747,1.0,-0.0,0,0
132,0.0,0.6851485148514852,0.31509424603431424,1.0,-0.0,0,0
133,0.0,0.22574257425742572,0.2173893096493221,1.0,-0.0,0,0
134,0.0,0.2554455445544554,0.23228322057212164,1.0,-0.0,0,0
135,0.0,0.18217821782178217,0.18042635951740818,1.0,-0.0,0,0
136,0.0,0.18217821782178217,0.18042635951740818,1.0,-0.0,0,0
137,0.0,0.09900990099009901,0.1367914141716479,1.0,-0.0,0,0
138,0.0,0.0297029702970297,0.07112192077650681,1.0,-0.0,0,0
139,0.0,0.0,0.0,1.0,-0.0,0,0
140,0.0,0.04356435643564357,0.08721867542790195,1.0,-0.0,0,0
141,0.0,0.0594059405940594,0.11447531431916541,1.0,-0.0,0,0
142,0.0,0.0594059405940594,0.11447531431916541,1.0,-0.0,0,0
143,0.0,0.19207920792079206,0.18651741527630283,1.0,-0.0,0,0
144,0.0,0.2376237623762376,0.20433494399230787,1.0,-0.0,0,0
145,0.0,0.19405940594059404,0.17900814859389344,1.0,-0.0,0,0
146,0.2,0.3207920792079208,0.2518512965637172,1.0,-0.0,0,0
147,0.2,0.3207920792079208,0.2518512965637172,1.0,-0.0,0,0
148,0.2,0.23168316831683167,0.20630204381210301,1.0,-0.0,0,0
149,0.2,0.18613861386138614,0.19347254159325522,0.47144211922708107,0.32657161966753434,0,0
150,0.2,0.22574257425742575,0.2173893096493221,1.0,-0.0,0,0
151,0.0,0.1465346534653465,0.15642311016341784,1.0,-0.0,0,0
152,0.0,0.1465346534653465,0.15642311016341784,1.0,-0.0,0,0
153,0.0,0.10297029702970295,0.1367627457412436,1.0,-0.0,0,0
154,0.0,0.10297029702970295,0.1367627457412436,1.0,-0.0,0,0
155,0.0,0.06336633663366337,0.10120342446875752,1.0,-0.0,0,0
156,0.0,0.0,0.0,1.0,-0.0,0,0
157,0.0,0.0,0.0,1.0,-0.0,0,0
158,0.0,0.0,0.0,1.0,-0.0,0,0
159,0.0,0.0,0.0,1.0,-0.0,0,0
160,0.0,0.0059405940594059415,0.033953323167291584,1.0,-0.0,0,0
161,0.0,0.11485148514851484,0.14169143619800648,1.0,-0.0,0,0
162,0.0,0.3683168316831684,0.26210522150929577,1.0,-0.0,0,0
163,0.0,0.3683168316831684,0.26210522150929577,1.0,-0.0,0,0
164,0.0,0.4811881188118813,0.2980839377058806,1.0,-0.0,0,0
165,0.0,0.47524752475247534,0.2976495183285198,1.0,-0.0,0,0
166,0.0,0.46930693069306945,0.3114140773563839,1.0,-0.0,0,0
167,0.0,0.2178217821782178,0.19108654387033375,1.0,-0.0,0,0
168,0.0,0.22970297029702968,0.19778203547221818,1.0,-0.0,0,0
169,0.0,0.11485148514851484,0.14717547862227365,1.0,-0.0,0,0
170,0.0,0.18811881188118812,0.19664871867623296,1.0,-0.0,0,0
171,0.0,0.21584158415841584,0.2003623812378767,1.0,-0.0,0,0
172,0.0,0.2415841584158416,0.220381005242776,1.0,-0.0,0,0
173,0.0,0.22970297029702974,0.2113345405062299,1.0,-0.0,0,0
174,0.0,0.22970297029702974,0.2113345405062299,1.0,-0.0,0,0
175,0.0,0.15841584158415842,0.1672534844655737,1.0,-0.0,0,0
176,0.0,0.025742574257425745,0.07264925278354115,1.0,-0.0,0,0
177,0.0,0.0,0.0,1.0,-0.0,0,0
178,0.0,0.3524752475247525,0.2373926268617142,1.0,-0.0,0,0
179,0.0,0.3524752475247525,0.2373926268617142,1.0,-0.0,0,0
180,0.0,0.5663366336633664,0.2979392016265995,1.0,-0.0,0,0
181,0.0,0.6415841584158414,0.3150569103808821,1.0,-0.0,0,0
182,0.0,0.6415841584158414,0.3150569103808821,1.0,-0.0,0,0
183,0.0,0.5247524752475248,0.26825654212873035,1.0,-0.0,0,0
184,0.0,0.5247524752475248,0.26825654212873035,1.0,-0.0,0,0
185,0.0,0.3544554455445545,0.23357944457034657,1.0,-0.0,0,0
186,0.0,0.27722772277227725,0.2233326285920267,1.0,-0.0,0,0
187,0.4,0.34257425742574266,0.23094576734837932,0.4018139595311608,0.3959749793796026,0,0
188,0.4,0.10693069306930694,0.13368903310588715,0.014183557714894471,1.8482148197771027,0,0
189,0.6,0.13069306930693067,0.1419402846531281,0.00047256797629538917,3.3255357117967987,0,0
190,0.8,0.4118811881188119,0.26223983003730444,0.06943465753050386,1.1584237022077266,0,0
191,0.8,0.4118811881188119,0.26223983003730444,0.06943465753050386,1.1584237022077266,0,0
192,0.4,0.3485148514851485,0.2447928448875626,0.4167084573934955,0.38016768513894694,0,0
193,0.4,0.3485148514851485,0.2447928448875626,0.4167084573934955,0.38016768513894694,0,0
194,0.2,0.32574257425742575,0.22805829780416584,1.0,-0.0,0,0
195,0.0,0.0,0.0,1.0,-0.0,0,0
196,0.0,0.0,0.0,1.0,-0.0,0,0
197,0.0,0.041584158415841586,0.08116396646304633,1.0,-0.0,0,0
198,0.0,0.041584158415841586,0.08116396646304633,1.0,-0.0,0,0
199,0.0,0.041584158415841586,0.08116396646304633,1.0,-0.0,0,0
200,0.0,0.041584158415841586,0.08116396646304633,1.0,-0.0,0,0
201,0.2,0.07722772277227724,0.105193069190443,0.12158221832020351,0.9151299369884706,0,0
202,0.2,0.03564356435643565,0.08154954567118415,0.0219304263845019,1.6589529244266186,0,0
203,0.4,0.1396039603960396,0.16773340936730116,0.06027849964731643,1.2198375659625904,0,0
204,0.6,0.2079207920792079,0.208570413741934,0.030064877766734086,1.5219405575041898,0,0
205,0.6,0.22574257425742572,0.21920353819619254,0.0438783967261817,1.3577492495041872,0,0
206,0.4,0.1900990099009901,0.20172766196776315,0.14904996741285853,0.826668114582154,0,0
207,0.8,0.4752475247524752,0.30161477646985774,0.1408043073808079,0.8513840593764141,0,0
208,0.6,0.38811881188118813,0.2740553997303477,0.2197219284641579,0.6581265979008748,0,0
209,0.4,0.31881188118811876,0.2642804058725207,0.3793438763000781,0.4209669223038831,0,0
210,0.4,0.300990099009901,0.26494723909852463,0.35431500152616613,0.45061045945878025,0,0
211,0.4,0.300990099009901,0.26494723909852463,0.35431500152616613,0.45061045945878025,0,0
212,0.0,0.015841584158415842,0.05401260078014202,1.0,-0.0,0,0
213,0.0,0.0,0.0,1.0,-0.0,0,0
214,0.0,0.0,0.0,1.0,-0.0,0,0
215,0.0,0.11287128712871286,0.13024224675172555,1.0,-0.0,0,0
216,0.0,0.11287128712871286,0.13024224675172555,1.0,-0.0,0,0
217,0.0,0.11287128712871286,0.13024224675172555,1.0,-0.0,0,0
218,0.0,0.11287128712871286,0.13024224675172555,1.0,-0.0,0,0
219,0.0,0.11287128712871286,0.13024224675172555,1.0,-0.0,0,0
220,0.0,0.0,0.0,1.0,-0.0,0,0
221,0.0,0.04356435643564357,0.09164702150816742,1.0,-0.0,0,0
222,0.0,0.15247524752475247,0.15707352091130253,1.0,-0.0,0,0
223,0.2,0.2891089108910891,0.20962058610407475,1.0,-0.0,0,0
224,0.2,0.41584158415841593,0.2543610411616858,1.0,-0.0,0,0
225,0.2,0.41584158415841593,0.2543610411616858,1.0,-0.0,0,0
226,0.2,0.40198019801980206,0.24453641653917763,1.0,-0.0,0,0
227,0.2,0.2930693069306931,0.23974302485959123,1.0,-0.0,0,0
228,0.0,0.16435643564356434,0.1896239939782038,1.0,-0.0,0,0
229,0.0,0.03762376237623763,0.08771182015980238,1.0,-0.0,0,0
230,0.0,0.03762376237623763,0.08771182015980238,1.0,-0.0,0,0
231,0.0,0.007920792079207921,0.03900537743285587,1.0,-0.0,0,0
232,0.0,0.09702970297029702,0.12464241569787102,1.0,-0.0,0,0
233,0.0,0.08910891089108909,0.11765109526742928,1.0,-0.0,0,0
234,0.0,0.08910891089108909,0.11765109526742928,1.0,-0.0,0,0
235,0.0,0.25544554455445545,0.20318028258820847,1.0,-0.0,0,0
236,0.0,0.25544554455445545,0.20318028258820847,1.0,-0.0,0,0
237,0.0,0.3009900990099009,0.22972004033534674,1.0,-0.0,0,0
238,0.4,0.4198019801980198,0.27359716068101375,1.0,-0.0,0,0
239,0.8,0.5287128712871287,0.3203762125331752,0.19855978431031784,0.7021087076064737,0,0
240,0.8,0.36237623762376225,0.2709906597157386,0.05316579808617811,1.2743676624260476,0,0
241,1.0,0.42772277227722766,0.2884299636599307,0.023621701859747834,1.6266888162198896,0,0
242,1.0,0.29108910891089107,0.2243136991446542,0.0007878854359371981,3.1035369273803095,0,0
243,0.8,0.20792079207920788,0.1564982955127068,7.738292199601498e-05,4.111354875250776,0,0
244,0.4,0.13465346534653463,0.1352926008121879,0.02492324374771106,1.6033954351246615,0,0
245,0.4,0.13465346534653463,0.1352926008121879,0.02492324374771106,1.6033954351246615,0,0
246,0.2,0.06732673267326733,0.10255055347504201,0.09787844017657184,1.0093129603266378,0,0
247,0.2,0.10693069306930691,0.1306930693069307,0.23819485997038664,0.6230676144341947,0,0
248,0.0,0.19603960396039602,0.16881696226492768,1.0,-0.0,0,0
249,0.0,0.16237623762376235,0.16341133493685353,1.0,-0.0,0,0
250,0.0,0.16237623762376235,0.16341133493685353,1.0,-0.0,0,0
251,0.0,0.17425742574257425,0.17041211860554586,1.0,-0.0,0,0
252,0.0,0.13465346534653466,0.14921288105967928,1.0,-0.0,0,0
253,0.0,0.09702970297029702,0.13383560593042218,1.0,-0.0,0,0
254,0.0,0.09702970297029702,0.13383560593042218,1.0,-0.0,0,0
255,0.0,0.12574257425742572,0.14802559676063964,1.0,-0.0,0,0
256,0.0,0.11287128712871286,0.14464936528910635,1.0,-0.0,0,0
257,0.0,0.16831683168316827,0.17515520306927515,1.0,-0.0,0,0
258,0.2,0.20990099009900987,0.17883282225545563,1.0,-0.0,0,0
259,0.2,0.2415841584158415,0.18090385101871284,1.0,-0.0,0,0
260,0.2,0.297029702970297,0.21911407831482066,1.0,-0.0,0,0
261,0.2,0.297029702970297,0.21911407831482066,1.0,-0.0,0,0
262,0.2,0.9267326732673267,0.4393719841064131,1.0,-0.0,0,0
263,0.0,0.7999999999999999,0.3838316462633941,1.0,-0.0,0,0
264,0.0,0.7683168316831684,0.3907167045085748,1.0,-0.0,0,0
265,0.0,0.6831683168316832,0.363990345571753,1.0,-0.0,0,0
266,0.0,0.6831683168316832,0.363990345571753,1.0,-0.0,0,0
267,0.0,0.0,0.0,1.0,-0.0,0,0
268,0.0,0.2613861386138614,0.1839986531535419,1.0,-0.0,0,0
269,0.0,0.2613861386138614,0.1839986531535419,1.0,-0.0,0,0
270,0.0,0.2891089108910891,0.20580726834291893,1.0,-0.0,0,0
271,0.0,0.2891089108910891,0.20580726834291893,1.0,-0.0,0,0
272,0.0,0.2891089108910891,0.20580726834291893,1.0,-0.0,0,0
273,0.0,0.027722772277227727,0.06910862719451544,1.0,-0.0,0,0
274,0.0,0.027722772277227727,0.06910862719451544,1.0,-0.0,0,0
275,0.0,0.13861386138613857,0.16825858048513267,1.0,-0.0,0,0
276,0.0,0.13861386138613857,0.16825858048513267,1.0,-0.0,0,0
277,0.0,0.13861386138613857,0.16825858048513267,1.0,-0.0,0,0
278,0.0,0.13861386138613857,0.16825858048513267,1.0,-0.0,0,0
279,0.0,0.21782178217821782,0.2235607608301655,1.0,-0.0,0,0
280,0.4,0.3108910891089109,0.2586717749355712,0.3652402576199007,0.4374213595643615,0,0
281,0.8,0.4000000000000001,0.2814390178921167,0.07761957076738284,1.1100287632176544,0,0
282,0.8,0.4000000000000001,0.2814390178921167,0.07761957076738284,1.1100287632176544,0,0
283,0.8,0.4000000000000001,0.2814390178921167,0.07761957076738284,1.1100287632176544,0,0
284,1.0,0.3366336633663367,0.24685056700589972,0.003601401227095143,2.44352849178991,0,0
285,0.6,0.10297029702970298,0.13383560593042218,0.0001021121403539588,3.990922620544912,0,0
286,0.6,0.08712871287128714,0.13024224675172555,4.111161508553373e-05,4.386035461459565,0,0
287,0.6,0.08712871287128714,0.13024224675172555,4.111161508553373e-05,4.386035461459565,0,0
288,0.8,0.09900990099009901,0.14521752172118105,6.924240982044799e-07,6.159627825927912,0,0
289,0.8,0.1603960396039604,0.18883656715060818,0.00035320801635976644,3.4519694482957606,0,0
290,0.8,0.1603960396039604,0.18883656715060818,0.00035320801635976644,3.4519694482957606,0,0
291,0.4,0.08712871287128712,0.127165103825761,0.0069399841190152176,2.1586415233537832,0,0
292,0.4,0.08712871287128712,0.127165103825761,0.0069399841190152176,2.1586415233537832,0,0
293,0.2,0.07524752475247526,0.11205191564986228,0.13278007588509982,0.8768670874855233,0,0
294,0.0,0.0,0.0,1.0,-0.0,0,0
295,0.0,0.0,0.0,1.0,-0.0,0,0
296,0.0,0.0,0.0,1.0,-0.0,0,0
297,0.2,0.0039603960396039604,0.027863855998951064,9.918686161641043e-13,12.003545851085576,0,0
298,0.2,0.0039603960396039604,0.027863855998951064,9.918686161641043e-13,12.003545851085576,0,0
299,0.2,0.0039603960396039604,0.027863855998951064,9.918686161641043e-13,12.003545851085576,0,0
300,0.4,0.04950495049504951,0.09912864166957489,0.00020330223811297488,3.691857840276056,0,0
301,0.4,0.04950495049504951,0.09912864166957489,0.00020330223811297488,3.691857840276056,0,0
302,0.2,0.04554455445544554,0.09700949476369024,0.05567344326657021,1.2543519178087963,0,0
303,0.2,0.04554455445544554,0.09700949476369024,0.05567344326657021,1.2543519178087963,0,0
304,0.2,0.04554455445544554,0.09700949476369024,0.05567344326657021,1.2543519178087963,0,0
305,0.2,0.03762376237623763,0.08771182015980238,0.03206701867154286,1.4939414153345645,0,0
306,0.4,0.10693069306930691,0.14229896414433021,0.019721639053748276,1.705056993937524,0,0
307,0.4,0.10693069306930691,0.14229896414433021,0.019721639053748276,1.705056993937524,0,0
308,0.4,0.12079207920792079,0.16429678029854689,0.04462079080797462,1.350462737044198,0,0
309,0.4,0.13762376237623758,0.16581719933036293,0.05678801627879927,1.2457433018433632,0,0
310,0.2,0.11089108910891088,0.14481192315867106,0.26916432342576346,0.5699825045005109,0,0
311,0.2,0.10297029702970298,0.14243667729389656,0.24786839117861242,0.6057788520621764,0,0
312,0.2,0.10297029702970298,0.14243667729389656,0.24786839117861242,0.6057788520621764,0,0
313,0.2,0.25940594059405936,0.20400845343666582,1.0,-0.0,0,0
314,0.2,0.24356435643564353,0.2002057563312059,1.0,-0.0,0,0
315,0.2,0.2653465346534653,0.20316098263256407,1.0,-0.0,0,0
316,0.0,0.20396039603960395,0.1845094068165728,1.0,-0.0,0,0
317,0.0,0.20396039603960395,0.1845094068165728,1.0,-0.0,0,0
318,0.0,0.05346534653465348,0.10104832334394512,1.0,-0.0,0,0
319,0.0,0.05346534653465348,0.10104832334394512,1.0,-0.0,0,0
320,0.0,0.10099009900990097,0.13679141417164786,1.0,-0.0,0,0
321,0.0,0.10099009900990097,0.13679141417164786,1.0,-0.0,0,0
322,0.0,0.10099009900990097,0.13679141417164786,1.0,-0.0,0,0
323,0.0,0.1465346534653465,0.1638426898490107,1.0,-0.0,0,0
324,0.0,0.1465346534653465,0.1638426898490107,1.0,-0.0,0,0
325,0.0,0.06336633663366337,0.11233152161332938,1.0,-0.0,0,0
326,0.0,0.15445544554455443,0.16858452795083376,1.0,-0.0,0,0
327,0.0,0.19801980198019803,0.2019607833806434,1.0,-0.0,0,0
328,0.0,0.13267326732673265,0.16235208707144264,1.0,-0.0,0,0
329,0.0,0.13267326732673265,0.16235208707144264,1.0,-0.0,0,0
330,0.0,0.13267326732673265,0.16235208707144264,1.0,-0.0,0,0
331,0.0,0.04356435643564357,0.08721867542790195,1.0,-0.0,0,0
332,0.0,0.0,0.0,1.0,-0.0,0,0
333,0.0,0.0,0.0,1.0,-0.0,0,0
334,0.0,0.02772277227722772,0.06910862719451544,1.0,-0.0,0,0
335,0.0,0.02772277227722772,0.06910862719451544,1.0,-0.0,0,0
336,0.0,0.02772277227722772,0.06910862719451544,1.0,-0.0,0,0
337,0.0,0.02772277227722772,0.06910862719451544,1.0,-0.0,0,0
338,0.0,0.18415841584158413,0.1704581324091671,1.0,-0.0,0,0
339,0.0,0.1564356435643564,0.17027400258776756,1.0,-0.0,0,0
340,0.0,0.1564356435643564,0.17027400258776756,1.0,-0.0,0,0
341,0.0,0.1564356435643564,0.17027400258776756,1.0,-0.0,0,0
342,0.0,0.1564356435643564,0.17027400258776756,1.0,-0.0,0,0
343,0.0,0.0,0.0,1.0,-0.0,0,0
344,0.0,0.0,0.0,1.0,-0.0,0,0
345,0.0,0.0,0.0,1.0,-0.0,0,0
346,0.0,0.0,0.0,1.0,-0.0,0,0
347,0.0,0.0,0.0,1.0,-0.0,0,0
348,0.0,0.0,0.0,1.0,-0.0,0,0
349,0.0,0.0,0.0,1.0,-0.0,0,0
350,0.0,0.0,0.0,1.0,-0.0,0,0
351,0.0,0.0,0.0,1.0,-0.0,0,0
352,0.0,0.0,0.0,1.0,-0.0,0,0
353,0.0,0.0,0.0,1.0,-0.0,0,0
354,0.0,0.0,0.0,1.0,-0.0,0,0
355,0.0,0.0,0.0,1.0,-0.0,0,0
356,0.0,0.0,0.0,1.0,-0.0,0,0
357,0.0,0.0,0.0,1.0,-0.0,0,0
358,0.0,0.0,0.0,1.0,-0.0,0,0
359,0.0,0.0,0.0,1.0,-0.0,0,0
360,0.0,0.0,0.0,1.0,-0.0,0,0
361,0.0,0.0,0.0,1.0,-0.0,0,0
362,0.0,0.0,0.0,1.0,-0.0,0,0
363,0.0,0.0,0.0,1.0,-0.0,0,0
364,0.0,0.0,0.0,1.0,-0.0,0,0
365,0.0,0.0,0.0,1.0,-0.0,0,0
366,0.0,0.0,0.0,1.0,-0.0,0,0
367,0.0,0.0,0.0,1.0,-0.0,0,0
368,0.0,0.0,0.0,1.0,-0.0,0,0
369,0.0,0.0,0.0,1.0,-0.0,0,0
370,0.0,0.0,0.0,1.0,-0.0,0,0
371,0.0,0.0,0.0,1.0,-0.0,0,0
372,0.0,0.0,0.0,1.0,-0.0,0,0
373,0.0,0.0,0.0,1.0,-0.0,0,0
374,0.0,0.0,0.0,1.0,-0.0,0,0
375,0.0,0.0,0.0,1.0,-0.0,0,0
376,0.0,0.0,0.0,1.0,-0.0,0,0
377,0.0,0.0,0.0,1.0,-0.0,0,0
378,0.0,0.0,0.0,1.0,-0.0,0,0
379,0.0,0.0,0.0,1.0,-0.0,0,0
380,0.0,0.0,0.0,1.0,-0.0,0,0
381,0.0,0.0,0.0,1.0,-0.0,0,0
382,0.0,0.0,0.0,1.0,-0.0,0,0
383,0.0,0.0,0.0,1.0,-0.0,0,0
384,0.0,0.0,0.0,1.0,-0.0,0,0
385,0.0,0.19405940594059407,0.20576915941409615,1.0,-0.0,0,0
386,0.0,0.19405940594059407,0.20576915941409615,1.0,-0.0,0,0
387,0.0,0.19405940594059407,0.20576915941409615,1.0,-0.0,0,0
