,foreground,bg_means,bg_stdev,pvals,minus_logs,regs,active
2,0.0,0.0,0.0,1.0,-0.0,0,0
3,0.0,0.0,0.0,1.0,-0.0,0,0
4,0.0,0.0,0.0,1.0,-0.0,0,0
5,0.0,0.0,0.0,1.0,-0.0,0,0
6,0.0,0.0,0.0,1.0,-0.0,0,0
7,0.0,0.0,0.0,1.0,-0.0,0,0
8,0.0,0.0,0.0,1.0,-0.0,0,0
9,0.0,0.039603960396039604,0.0890869059738772,1.0,-0.0,0,0
10,0.0,0.039603960396039604,0.0890869059738772,1.0,-0.0,0,0
11,0.0,0.039603960396039604,0.0890869059738772,1.0,-0.0,0,0
12,0.0,0.039603960396039604,0.0890869059738772,1.0,-0.0,0,0
13,0.0,0.039603960396039604,0.0890869059738772,1.0,-0.0,0,0
14,0.0,0.0059405940594059415,0.03395332316729158,1.0,-0.0,0,0
15,0.0,0.0059405940594059415,0.03395332316729158,1.0,-0.0,0,0
16,0.0,0.0059405940594059415,0.03395332316729158,1.0,-0.0,0,0
17,0.0,0.025742574257425748,0.06697637435757531,1.0,-0.0,0,0
18,0.0,0.025742574257425748,0.06697637435757531,1.0,-0.0,0,0
19,0.0,0.02970297029702971,0.07112192077650681,1.0,-0.0,0,0
20,0.0,0.02970297029702971,0.07112192077650681,1.0,-0.0,0,0
21,0.0,0.04356435643564357,0.08255312311158747,1.0,-0.0,0,0
22,0.0,0.023762376237623766,0.06471340450838889,1.0,-0.0,0,0
23,0.0,0.023762376237623766,0.06471340450838889,1.0,-0.0,0,0
24,0.0,0.013861386138613863,0.05079507064705212,1.0,-0.0,0,0
25,0.0,0.019801980198019802,0.0597350618970232,1.0,-0.0,0,0
26,0.0,0.0059405940594059415,0.033953323167291584,1.0,-0.0,0,0
27,0.0,0.0059405940594059415,0.033953323167291584,1.0,-0.0,0,0
28,0.0,0.0059405940594059415,0.033953323167291584,1.0,-0.0,0,0
29,0.0,0.0059405940594059415,0.033953323167291584,1.0,-0.0,0,0
30,0.0,0.0,0.0,1.0,-0.0,0,0
31,0.0,0.0,0.0,1.0,-0.0,0,0
32,0.0,0.0059405940594059415,0.03395332316729158,1.0,-0.0,0,0
33,0.0,0.0059405940594059415,0.03395332316729158,1.0,-0.0,0,0
34,0.0,0.013861386138613863,0.05079507064705212,1.0,-0.0,0,0
35,0.0,0.013861386138613863,0.05079507064705212,1.0,-0.0,0,0
36,0.0,0.013861386138613863,0.05079507064705212,1.0,-0.0,0,0
37,0.0,0.007920792079207921,0.03900537743285587,1.0,-0.0,0,0
38,0.0,0.007920792079207921,0.03900537743285587,1.0,-0.0,0,0
39,0.0,0.0059405940594059415,0.033953323167291584,1.0,-0.0,0,0
40,0.0,0.03564356435643565,0.08154954567118415,1.0,-0.0,0,0
41,0.0,0.03564356435643565,0.08154954567118415,1.0,-0.0,0,0
42,0.0,0.07326732673267328,0.1115960618107356,1.0,-0.0,0,0
43,0.0,0.07326732673267328,0.1115960618107356,1.0,-0.0,0,0
44,0.0,0.0712871287128713,0.11110305060677653,1.0,-0.0,0,0
45,0.0,0.041584158415841586,0.09039772047931348,1.0,-0.0,0,0
46,0.0,0.041584158415841586,0.09039772047931348,1.0,-0.0,0,0
47,0.0,0.027722772277227727,0.06910862719451544,1.0,-0.0,0,0
48,0.0,0.027722772277227727,0.06910862719451544,1.0,-0.0,0,0
49,0.0,0.023762376237623766,0.06471340450838889,1.0,-0.0,0,0
50,0.0,0.023762376237623766,0.06471340450838889,1.0,-0.0,0,0
51,0.0,0.033663366336633666,0.08475617647141662,1.0,-0.0,0,0
52,0.0,0.009900990099009901,0.04338396495090424,1.0,-0.0,0,0
53,0.0,0.009900990099009901,0.04338396495090424,1.0,-0.0,0,0
54,0.0,0.009900990099009901,0.04338396495090424,1.0,-0.0,0,0
55,0.0,0.009900990099009901,0.04338396495090424,1.0,-0.0,0,0
56,0.0,0.0,0.0,1.0,-0.0,0,0
57,0.0,0.0,0.0,1.0,-0.0,0,0
58,0.0,0.0,0.0,1.0,-0.0,0,0
59,0.0,0.0,0.0,1.0,-0.0,0,0
60,0.0,0.017821782178217824,0.05698017651460656,1.0,-0.0,0,0
61,0.0,0.017821782178217824,0.05698017651460656,1.0,-0.0,0,0
62,0.0,0.023762376237623766,0.06471340450838887,1.0,-0.0,0,0
63,0.0,0.023762376237623766,0.06471340450838887,1.0,-0.0,0,0
64,0.0,0.023762376237623766,0.06471340450838887,1.0,-0.0,0,0
65,0.0,0.0059405940594059415,0.033953323167291584,1.0,-0.0,0,0
66,0.0,0.0059405940594059415,0.033953323167291584,1.0,-0.0,0,0
67,0.0,0.0,0.0,1.0,-0.0,0,0
68,0.0,0.0,0.0,1.0,-0.0,0,0
69,0.0,0.0,0.0,1.0,-0.0,0,0
70,0.0,0.017821782178217824,0.05698017651460657,1.0,-0.0,0,0
71,0.0,0.023762376237623766,0.07056843438101174,1.0,-0.0,0,0
72,0.2,0.033663366336633666,0.07994704648786674,0.018735949469970602,1.7273242935431963,0,0
73,0.2,0.033663366336633666,0.07994704648786674,0.018735949469970602,1.7273242935431963,0,0
74,0.2,0.049504950495049514,0.09078727434730813,0.04869237040212954,1.3125390829709087,0,0
75,0.2,0.04554455445544555,0.09283729243351321,0.04808399917069303,1.3179994190099724,0,0
76,0.2,0.039603960396039604,0.0890869059738772,0.03589523119581593,1.4449632450960648,0,0
77,0.0,0.0297029702970297,0.08150144802873932,1.0,-0.0,0,0
78,0.0,0.0297029702970297,0.08150144802873932,1.0,-0.0,0,0
79,0.0,0.015841584158415842,0.05401260078014202,1.0,-0.0,0,0
80,0.0,0.0019801980198019802,0.019801980198019802,1.0,-0.0,0,0
81,0.0,0.0019801980198019802,0.019801980198019802,1.0,-0.0,0,0
82,0.0,0.0019801980198019802,0.019801980198019802,1.0,-0.0,0,0
83,0.0,0.0019801980198019802,0.019801980198019802,1.0,-0.0,0,0
84,0.0,0.049504950495049514,0.1104659459879711,1.0,-0.0,0,0
85,0.0,0.049504950495049514,0.1104659459879711,1.0,-0.0,0,0
86,0.0,0.049504950495049514,0.1104659459879711,1.0,-0.0,0,0
87,0.0,0.049504950495049514,0.1104659459879711,1.0,-0.0,0,0
88,0.2,0.06930693069306931,0.12084076279122662,0.13973041895704236,0.8547090387884151,0,0
89,0.2,0.019801980198019806,0.06603299802191315,0.0031772151480729785,2.497953375523118,0,0
90,0.2,0.019801980198019806,0.06603299802191315,0.0031772151480729785,2.497953375523118,0,0
91,0.2,0.019801980198019806,0.06603299802191315,0.0031772151480729785,2.497953375523118,0,0
92,0.2,0.027722772277227727,0.07975061610139512,0.015378620884094632,1.8130826092213645,0,0
93,0.0,0.007920792079207921,0.03900537743285587,1.0,-0.0,0,0
94,0.0,0.015841584158415842,0.05401260078014202,1.0,-0.0,0,0
95,0.0,0.015841584158415842,0.05401260078014202,1.0,-0.0,0,0
96,0.0,0.015841584158415842,0.05401260078014202,1.0,-0.0,0,0
97,0.0,0.007920792079207921,0.03900537743285587,1.0,-0.0,0,0
98,0.0,0.007920792079207921,0.03900537743285587,1.0,-0.0,0,0
99,0.0,0.007920792079207921,0.03900537743285587,1.0,-0.0,0,0
100,0.0,0.007920792079207921,0.03900537743285587,1.0,-0.0,0,0
101,0.0,0.017821782178217824,0.056980176514606566,1.0,-0.0,0,0
102,0.0,0.017821782178217824,0.056980176514606566,1.0,-0.0,0,0
103,0.0,0.017821782178217824,0.056980176514606566,1.0,-0.0,0,0
104,0.2,0.019801980198019802,0.0597350618970232,0.0012780474741147156,2.893453013655617,0,0
105,0.2,0.033663366336633666,0.07482947971362845,0.01311209067436901,1.882328056139666,0,0
106,0.2,0.04950495049504951,0.08631483056516186,0.040617958542992695,1.3912819080063725,0,0
107,0.2,0.04950495049504951,0.08631483056516186,0.040617958542992695,1.3912819080063725,0,0
108,0.2,0.04950495049504951,0.08631483056516186,0.040617958542992695,1.3912819080063725,0,0
109,0.0,0.039603960396039604,0.07970143286137865,1.0,-0.0,0,0
110,0.0,0.0811881188118812,0.1325402022232199,1.0,-0.0,0,0
111,0.0,0.05544554455445545,0.10575073206193022,1.0,-0.0,0,0
112,0.0,0.05544554455445545,0.10575073206193022,1.0,-0.0,0,0
113,0.0,0.097029702970297,0.1451905170679078,1.0,-0.0,0,0
114,0.0,0.097029702970297,0.1451905170679078,1.0,-0.0,0,0
115,0.0,0.041584158415841586,0.09877199139279148,1.0,-0.0,0,0
116,0.0,0.041584158415841586,0.09877199139279148,1.0,-0.0,0,0
117,0.2,0.04356435643564357,0.09991664009142864,0.05871393383087656,1.231258820937131,0,0
118,0.2,0.0019801980198019802,0.019801980198019802,1.0000007619853025e-17,16.999999669074114,0,0
119,0.2,0.0019801980198019802,0.019801980198019802,1.0000007619853025e-17,16.999999669074114,0,0
120,0.2,0.017821782178217824,0.056980176514606566,0.0006937928196726553,3.15877019915046,0,0
121,0.2,0.017821782178217824,0.056980176514606566,0.0006937928196726553,3.15877019915046,0,0
122,0.0,0.031683168316831684,0.0730260947112308,1.0,-0.0,0,0
123,0.0,0.031683168316831684,0.0730260947112308,1.0,-0.0,0,0
124,0.0,0.05544554455445545,0.08952597667688963,1.0,-0.0,0,0
125,0.0,0.039603960396039604,0.07970143286137865,1.0,-0.0,0,0
126,0.0,0.039603960396039604,0.07970143286137865,1.0,-0.0,0,0
127,0.0,0.023762376237623766,0.06471340450838889,1.0,-0.0,0,0
128,0.0,0.023762376237623766,0.06471340450838889,1.0,-0.0,0,0
129,0.0,0.0059405940594059415,0.03395332316729158,1.0,-0.0,0,0
130,0.0,0.0059405940594059415,0.03395332316729158,1.0,-0.0,0,0
131,0.0,0.0059405940594059415,0.03395332316729158,1.0,-0.0,0,0
132,0.0,0.013861386138613863,0.05079507064705211,1.0,-0.0,0,0
133,0.0,0.013861386138613863,0.05079507064705211,1.0,-0.0,0,0
134,0.0,0.007920792079207921,0.03900537743285587,1.0,-0.0,0,0
135,0.0,0.021782178217821784,0.06230547612891991,1.0,-0.0,0,0
136,0.0,0.021782178217821784,0.06230547612891991,1.0,-0.0,0,0
137,0.0,0.013861386138613863,0.05079507064705211,1.0,-0.0,0,0
138,0.0,0.013861386138613863,0.05079507064705211,1.0,-0.0,0,0
139,0.0,0.05940594059405942,0.11447531431916541,1.0,-0.0,0,0
140,0.0,0.04554455445544554,0.09700949476369024,1.0,-0.0,0,0
141,0.0,0.05742574257425742,0.10656335878870264,1.0,-0.0,0,0
142,0.0,0.05742574257425742,0.10656335878870264,1.0,-0.0,0,0
143,0.0,0.05742574257425742,0.10656335878870264,1.0,-0.0,0,0
144,0.0,0.011881188118811883,0.047276579747775535,1.0,-0.0,0,0
145,0.0,0.011881188118811883,0.047276579747775535,1.0,-0.0,0,0
146,0.0,0.015841584158415842,0.054012600780142014,1.0,-0.0,0,0
147,0.0,0.015841584158415842,0.054012600780142014,1.0,-0.0,0,0
148,0.0,0.031683168316831684,0.07826167463512675,1.0,-0.0,0,0
149,0.0,0.031683168316831684,0.07826167463512675,1.0,-0.0,0,0
150,0.0,0.03564356435643565,0.08154954567118415,1.0,-0.0,0,0
151,0.0,0.019801980198019802,0.06603299802191315,1.0,-0.0,0,0
152,0.0,0.019801980198019802,0.06603299802191315,1.0,-0.0,0,0
153,0.0,0.0039603960396039604,0.027863855998951068,1.0,-0.0,0,0
154,0.0,0.0039603960396039604,0.027863855998951068,1.0,-0.0,0,0
155,0.0,0.0,0.0,1.0,-0.0,0,0
156,0.0,0.0,0.0,1.0,-0.0,0,0
157,0.0,0.0,0.0,1.0,-0.0,0,0
158,0.0,0.0,0.0,1.0,-0.0,0,0
159,0.0,0.0,0.0,1.0,-0.0,0,0
160,0.0,0.0,0.0,1.0,-0.0,0,0
161,0.0,0.0,0.0,1.0,-0.0,0,0
162,0.0,0.0,0.0,1.0,-0.0,0,0
163,0.0,0.0,0.0,1.0,-0.0,0,0
164,0.0,0.0,0.0,1.0,-0.0,0,0
165,0.0,0.0,0.0,1.0,-0.0,0,0
166,0.0,0.0,0.0,1.0,-0.0,0,0
167,0.0,0.0,0.0,1.0,-0.0,0,0
168,0.0,0.0,0.0,1.0,-0.0,0,0
169,0.0,0.0,0.0,1.0,-0.0,0,0
170,0.0,0.0,0.0,1.0,-0.0,0,0
171,0.0,0.0,0.0,1.0,-0.0,0,0
172,0.0,0.0,0.0,1.0,-0.0,0,0
173,0.0,0.0,0.0,1.0,-0.0,0,0
174,0.0,0.0,0.0,1.0,-0.0,0,0
175,0.0,0.0,0.0,1.0,-0.0,0,0
176,0.0,0.023762376237623766,0.06471340450838889,1.0,-0.0,0,0
177,0.0,0.05544554455445545,0.10943169805661862,1.0,-0.0,0,0
178,0.0,0.05544554455445545,0.10943169805661862,1.0,-0.0,0,0
179,0.0,0.05544554455445545,0.10943169805661862,1.0,-0.0,0,0
180,0.0,0.0712871287128713,0.11801714396634724,1.0,-0.0,0,0
181,0.0,0.04752475247524753,0.10205226714237722,1.0,-0.0,0,0
182,0.0,0.015841584158415842,0.05401260078014202,1.0,-0.0,0,0
183,0.0,0.015841584158415842,0.05401260078014202,1.0,-0.0,0,0
184,0.0,0.05544554455445545,0.10575073206193021,1.0,-0.0,0,0
185,0.0,0.039603960396039604,0.08452453849668534,1.0,-0.0,0,0
186,0.0,0.04950495049504951,0.09078727434730813,1.0,-0.0,0,0
187,0.2,0.07920792079207921,0.11631029826208643,0.1495109975624142,0.8253268608177716,0,0
188,0.4,0.09702970297029702,0.13383560593042218,0.01179476052120518,1.928310872529548,0,0
189,0.4,0.06336633663366337,0.11233152161332939,0.001364205599377552,2.86512017224089,0,0
190,0.4,0.07920792079207921,0.1261123431927973,0.005484248282112376,2.2608828921191138,0,0
191,0.4,0.06930693069306931,0.11751770396006173,0.002446574726960859,2.6114415148269434,0,0
192,0.2,0.039603960396039604,0.08452453849668534,0.028872622852877186,1.5395137620565469,0,0
193,0.0,0.021782178217821784,0.062305476128919915,1.0,-0.0,0,0
194,0.0,0.015841584158415842,0.054012600780142014,1.0,-0.0,0,0
195,0.0,0.0,0.0,1.0,-0.0,0,0
196,0.0,0.0,0.0,1.0,-0.0,0,0
197,0.0,0.0,0.0,1.0,-0.0,0,0
198,0.0,0.0,0.0,1.0,-0.0,0,0
199,0.0,0.011881188118811881,0.047276579747775535,1.0,-0.0,0,0
200,0.0,0.021782178217821784,0.06230547612891991,1.0,-0.0,0,0
201,0.0,0.021782178217821784,0.06230547612891991,1.0,-0.0,0,0
202,0.0,0.06930693069306931,0.11409790329416186,1.0,-0.0,0,0
203,0.0,0.08514851485148514,0.1269490726718781,1.0,-0.0,0,0
204,0.0,0.08910891089108913,0.13923481846532235,1.0,-0.0,0,0
205,0.0,0.07920792079207921,0.1261123431927973,1.0,-0.0,0,0
206,0.0,0.09900990099009901,0.13386490123687583,1.0,-0.0,0,0
207,0.0,0.05148514851485149,0.096075322540263,1.0,-0.0,0,0
208,0.0,0.03564356435643565,0.08154954567118416,1.0,-0.0,0,0
209,0.0,0.033663366336633666,0.08475617647141663,1.0,-0.0,0,0
210,0.0,0.033663366336633666,0.08475617647141663,1.0,-0.0,0,0
211,0.0,0.013861386138613863,0.05079507064705211,1.0,-0.0,0,0
212,0.0,0.013861386138613863,0.05079507064705211,1.0,-0.0,0,0
213,0.0,0.013861386138613863,0.05079507064705211,1.0,-0.0,0,0
214,0.0,0.0059405940594059415,0.033953323167291584,1.0,-0.0,0,0
215,0.0,0.0059405940594059415,0.033953323167291584,1.0,-0.0,0,0
216,0.0,0.009900990099009901,0.04338396495090425,1.0,-0.0,0,0
217,0.0,0.009900990099009901,0.04338396495090425,1.0,-0.0,0,0
218,0.0,0.025742574257425748,0.06697637435757531,1.0,-0.0,0,0
219,0.0,0.019801980198019802,0.0597350618970232,1.0,-0.0,0,0
220,0.0,0.019801980198019802,0.0597350618970232,1.0,-0.0,0,0
221,0.0,0.015841584158415842,0.054012600780142014,1.0,-0.0,0,0
222,0.0,0.015841584158415842,0.054012600780142014,1.0,-0.0,0,0
223,0.0,0.0,0.0,1.0,-0.0,0,0
224,0.0,0.0,0.0,1.0,-0.0,0,0
225,0.0,0.0,0.0,1.0,-0.0,0,0
226,0.0,0.0,0.0,1.0,-0.0,0,0
227,0.0,0.0,0.0,1.0,-0.0,0,0
228,0.0,0.0,0.0,1.0,-0.0,0,0
229,0.0,0.0,0.0,1.0,-0.0,0,0
230,0.0,0.0,0.0,1.0,-0.0,0,0
231,0.0,0.0,0.0,1.0,-0.0,0,0
232,0.0,0.03564356435643565,0.07653920035678292,1.0,-0.0,0,0
233,0.0,0.03564356435643565,0.07653920035678292,1.0,-0.0,0,0
234,0.0,0.03564356435643565,0.07653920035678292,1.0,-0.0,0,0
235,0.0,0.03564356435643565,0.07653920035678292,1.0,-0.0,0,0
236,0.0,0.03564356435643565,0.07653920035678292,1.0,-0.0,0,0
237,0.0,0.0,0.0,1.0,-0.0,0,0
238,0.0,0.0,0.0,1.0,-0.0,0,0
239,0.0,0.0,0.0,1.0,-0.0,0,0
240,0.0,0.0039603960396039604,0.027863855998951064,1.0,-0.0,0,0
241,0.0,0.007920792079207921,0.03900537743285587,1.0,-0.0,0,0
242,0.0,0.07128712871287128,0.11110305060677654,1.0,-0.0,0,0
243,0.0,0.07128712871287128,0.11110305060677654,1.0,-0.0,0,0
244,0.0,0.07128712871287128,0.11110305060677654,1.0,-0.0,0,0
245,0.0,0.06732673267326733,0.11000352009767247,1.0,-0.0,0,0
246,0.0,0.06336633663366337,0.10874875419996817,1.0,-0.0,0,0
247,0.0,0.0,0.0,1.0,-0.0,0,0
248,0.0,0.0,0.0,1.0,-0.0,0,0
249,0.0,0.013861386138613863,0.050795070647052104,1.0,-0.0,0,0
250,0.0,0.02772277227722772,0.07461957893630407,1.0,-0.0,0,0
251,0.0,0.02772277227722772,0.07461957893630407,1.0,-0.0,0,0
252,0.0,0.02772277227722772,0.07461957893630407,1.0,-0.0,0,0
253,0.0,0.02772277227722772,0.07461957893630407,1.0,-0.0,0,0
254,0.0,0.013861386138613863,0.05079507064705211,1.0,-0.0,0,0
255,0.0,0.0,0.0,1.0,-0.0,0,0
256,0.0,0.0,0.0,1.0,-0.0,0,0
257,0.0,0.0059405940594059415,0.03395332316729158,1.0,-0.0,0,0
258,0.0,0.0059405940594059415,0.03395332316729158,1.0,-0.0,0,0
259,0.0,0.0059405940594059415,0.03395332316729158,1.0,-0.0,0,0
260,0.0,0.0059405940594059415,0.03395332316729158,1.0,-0.0,0,0
261,0.0,0.0059405940594059415,0.03395332316729158,1.0,-0.0,0,0
262,0.0,0.0,0.0,1.0,-0.0,0,0
263,0.0,0.0,0.0,1.0,-0.0,0,0
264,0.0,0.0,0.0,1.0,-0.0,0,0
265,0.0,0.0,0.0,1.0,-0.0,0,0
266,0.0,0.013861386138613863,0.05079507064705211,1.0,-0.0,0,0
267,0.0,0.013861386138613863,0.05079507064705211,1.0,-0.0,0,0
268,0.0,0.013861386138613863,0.05079507064705211,1.0,-0.0,0,0
269,0.0,0.013861386138613863,0.05079507064705211,1.0,-0.0,0,0
270,0.0,0.013861386138613863,0.05079507064705211,1.0,-0.0,0,0
271,0.0,0.0,0.0,1.0,-0.0,0,0
272,0.0,0.013861386138613863,0.05079507064705211,1.0,-0.0,0,0
273,0.0,0.027722772277227727,0.06910862719451545,1.0,-0.0,0,0
274,0.0,0.027722772277227727,0.06910862719451545,1.0,-0.0,0,0
275,0.0,0.027722772277227727,0.06910862719451545,1.0,-0.0,0,0
276,0.0,0.027722772277227727,0.06910862719451545,1.0,-0.0,0,0
277,0.0,0.013861386138613863,0.05079507064705211,1.0,-0.0,0,0
278,0.0,0.0,0.0,1.0,-0.0,0,0
279,0.0,0.031683168316831684,0.0730260947112308,1.0,-0.0,0,0
280,0.0,0.031683168316831684,0.0730260947112308,1.0,-0.0,0,0
281,0.0,0.031683168316831684,0.0730260947112308,1.0,-0.0,0,0
282,0.0,0.031683168316831684,0.0730260947112308,1.0,-0.0,0,0
283,0.0,0.031683168316831684,0.0730260947112308,1.0,-0.0,0,0
284,0.0,0.0,0.0,1.0,-0.0,0,0
285,0.0,0.0,0.0,1.0,-0.0,0,0
286,0.0,0.0,0.0,1.0,-0.0,0,0
287,0.0,0.0,0.0,1.0,-0.0,0,0
288,0.0,0.0039603960396039604,0.02786385599895106,1.0,-0.0,0,0
289,0.0,0.0039603960396039604,0.02786385599895106,1.0,-0.0,0,0
290,0.0,0.019801980198019802,0.059735061897023205,1.0,-0.0,0,0
291,0.0,0.019801980198019802,0.059735061897023205,1.0,-0.0,0,0
292,0.0,0.019801980198019802,0.059735061897023205,1.0,-0.0,0,0
293,0.0,0.019801980198019802,0.059735061897023205,1.0,-0.0,0,0
294,0.0,0.019801980198019802,0.059735061897023205,1.0,-0.0,0,0
295,0.0,0.01386138613861386,0.05079507064705211,1.0,-0.0,0,0
296,0.0,0.01386138613861386,0.05079507064705211,1.0,-0.0,0,0
297,0.0,0.01386138613861386,0.05079507064705211,1.0,-0.0,0,0
298,0.0,0.009900990099009901,0.04338396495090425,1.0,-0.0,0,0
299,0.0,0.015841584158415842,0.06709336374692047,1.0,-0.0,0,0
300,0.0,0.0059405940594059415,0.033953323167291584,1.0,-0.0,0,0
301,0.0,0.0059405940594059415,0.033953323167291584,1.0,-0.0,0,0
302,0.0,0.0059405940594059415,0.033953323167291584,1.0,-0.0,0,0
303,0.0,0.0059405940594059415,0.033953323167291584,1.0,-0.0,0,0
304,0.0,0.0,0.0,1.0,-0.0,0,0
305,0.0,0.031683168316831684,0.08316831683168317,1.0,-0.0,0,0
306,0.2,0.05544554455445545,0.1129928128133632,0.10039143277322994,0.998303347530301,0,0
307,0.2,0.05544554455445545,0.1129928128133632,0.10039143277322994,0.998303347530301,0,0
308,0.2,0.0613861386138614,0.11854756076907538,0.12114784922992496,0.9166842916037904,0,0
309,0.2,0.0613861386138614,0.11854756076907538,0.12114784922992496,0.9166842916037904,0,0
310,0.2,0.04554455445544555,0.09700949476369022,0.05567344326657021,1.2543519178087963,0,0
311,0.0,0.021782178217821784,0.06230547612891991,1.0,-0.0,0,0
312,0.0,0.021782178217821784,0.06230547612891991,1.0,-0.0,0,0
313,0.0,0.017821782178217824,0.056980176514606566,1.0,-0.0,0,0
314,0.0,0.017821782178217824,0.056980176514606566,1.0,-0.0,0,0
315,0.0,0.0019801980198019802,0.0198019801980198,1.0,-0.0,0,0
316,0.0,0.0019801980198019802,0.0198019801980198,1.0,-0.0,0,0
317,0.0,0.0019801980198019802,0.0198019801980198,1.0,-0.0,0,0
318,0.0,0.023762376237623766,0.07056843438101175,1.0,-0.0,0,0
319,0.0,0.025742574257425748,0.07264925278354116,1.0,-0.0,0,0
320,0.0,0.025742574257425748,0.07264925278354116,1.0,-0.0,0,0
321,0.0,0.039603960396039604,0.08908690597387718,1.0,-0.0,0,0
322,0.0,0.039603960396039604,0.08908690597387718,1.0,-0.0,0,0
323,0.2,0.025742574257425748,0.07264925278354115,0.008228653963589664,2.084671200510098,0,0
324,0.2,0.023762376237623766,0.07056843438101175,0.00625538335613176,2.203746069767374,0,0
325,0.2,0.023762376237623766,0.07056843438101175,0.00625538335613176,2.203746069767374,0,0
326,0.2,0.013861386138613863,0.05079507064705211,0.00012391038159364294,3.90689230556944,0,0
327,0.2,0.013861386138613863,0.05079507064705211,0.00012391038159364294,3.90689230556944,0,0
328,0.0,0.0039603960396039604,0.027863855998951064,1.0,-0.0,0,0
329,0.0,0.007920792079207921,0.03900537743285587,1.0,-0.0,0,0
330,0.0,0.007920792079207921,0.03900537743285587,1.0,-0.0,0,0
331,0.2,0.009900990099009901,0.04338396495090424,5.885669548817485e-06,5.230204125035219,0,0
332,0.2,0.009900990099009901,0.04338396495090424,5.885669548817485e-06,5.230204125035219,0,0
333,0.2,0.009900990099009901,0.04338396495090424,5.885669548817485e-06,5.230204125035219,0,0
334,0.2,0.0059405940594059415,0.03395332316729158,5.469865928325192e-09,8.262023318511567,0,0
335,0.2,0.0059405940594059415,0.03395332316729158,5.469865928325192e-09,8.262023318511567,0,0
336,0.0,0.0039603960396039604,0.027863855998951064,1.0,-0.0,0,0
337,0.0,0.0039603960396039604,0.027863855998951064,1.0,-0.0,0,0
338,0.0,0.0039603960396039604,0.027863855998951064,1.0,-0.0,0,0
339,0.0,0.0039603960396039604,0.027863855998951064,1.0,-0.0,0,0
340,0.0,0.021782178217821784,0.06230547612891991,1.0,-0.0,0,0
341,0.0,0.017821782178217824,0.05698017651460657,1.0,-0.0,0,0
342,0.0,0.021782178217821784,0.06230547612891991,1.0,-0.0,0,0
343,0.0,0.021782178217821784,0.06230547612891991,1.0,-0.0,0,0
344,0.0,0.021782178217821784,0.06230547612891991,1.0,-0.0,0,0
345,0.0,0.0039603960396039604,0.027863855998951064,1.0,-0.0,0,0
346,0.0,0.0039603960396039604,0.027863855998951064,1.0,-0.0,0,0
347,0.0,0.0,0.0,1.0,-0.0,0,0
348,0.0,0.0,0.0,1.0,-0.0,0,0
349,0.0,0.0,0.0,1.0,-0.0,0,0
350,0.0,0.0,0.0,1.0,-0.0,0,0
351,0.0,0.023762376237623766,0.06471340450838887,1.0,-0.0,0,0
352,0.0,0.023762376237623766,0.06471340450838887,1.0,-0.0,0,0
353,0.0,0.023762376237623766,0.06471340450838887,1.0,-0.0,0,0
354,0.0,0.023762376237623766,0.06471340450838887,1.0,-0.0,0,0
355,0.0,0.023762376237623766,0.06471340450838887,1.0,-0.0,0,0
356,0.0,0.0,0.0,1.0,-0.0,0,0
357,0.0,0.009900990099009901,0.04338396495090424,1.0,-0.0,0,0
358,0.0,0.031683168316831684,0.07826167463512675,1.0,-0.0,0,0
359,0.0,0.041584158415841586,0.08590499787518362,1.0,-0.0,0,0
360,0.0,0.04554455445544554,0.09283729243351323,1.0,-0.0,0,0
361,0.0,0.04554455445544554,0.09283729243351323,1.0,-0.0,0,0
362,0.0,0.03564356435643565,0.08626938974571075,1.0,-0.0,0,0
363,0.0,0.023762376237623766,0.06471340450838887,1.0,-0.0,0,0
364,0.0,0.039603960396039604,0.07970143286137865,1.0,-0.0,0,0
365,0.0,0.03564356435643565,0.07653920035678292,1.0,-0.0,0,0
366,0.0,0.04356435643564357,0.08255312311158745,1.0,-0.0,0,0
367,0.0,0.05346534653465347,0.10104832334394513,1.0,-0.0,0,0
368,0.0,0.04356435643564357,0.09587103712404124,1.0,-0.0,0,0
369,0.0,0.017821782178217824,0.0635517090529949,1.0,-0.0,0,0
370,0.0,0.017821782178217824,0.0635517090529949,1.0,-0.0,0,0
371,0.0,0.015841584158415842,0.05401260078014202,1.0,-0.0,0,0
372,0.0,0.01782178217821782,0.0635517090529949,1.0,-0.0,0,0
373,0.0,0.019801980198019802,0.06603299802191316,1.0,-0.0,0,0
374,0.0,0.03564356435643565,0.08154954567118416,1.0,-0.0,0,0
375,0.0,0.047524752475247525,0.08965727859542,1.0,-0.0,0,0
376,0.0,0.041584158415841586,0.08116396646304633,1.0,-0.0,0,0
377,0.0,0.02970297029702971,0.07112192077650681,1.0,-0.0,0,0
378,0.0,0.027722772277227727,0.06910862719451544,1.0,-0.0,0,0
379,0.0,0.011881188118811881,0.047276579747775535,1.0,-0.0,0,0
380,0.0,0.0,0.0,1.0,-0.0,0,0
381,0.0,0.011881188118811881,0.055019580156236855,1.0,-0.0,0,0
382,0.0,0.013861386138613863,0.058070805143030424,1.0,-0.0,0,0
383,0.0,0.013861386138613863,0.058070805143030424,1.0,-0.0,0,0
384,0.0,0.019801980198019806,0.06603299802191315,1.0,-0.0,0,0
385,0.0,0.019801980198019806,0.06603299802191315,1.0,-0.0,0,0
386,0.0,0.007920792079207921,0.03900537743285587,1.0,-0.0,0,0
387,0.0,0.0059405940594059415,0.033953323167291584,1.0,-0.0,0,0
388,0.0,0.015841584158415842,0.05401260078014202,1.0,-0.0,0,0
389,0.0,0.019801980198019802,0.059735061897023205,1.0,-0.0,0,0
390,0.0,0.019801980198019802,0.059735061897023205,1.0,-0.0,0,0
391,0.0,0.019801980198019802,0.059735061897023205,1.0,-0.0,0,0
392,0.0,0.019801980198019802,0.059735061897023205,1.0,-0.0,0,0
393,0.0,0.009900990099009901,0.04338396495090425,1.0,-0.0,0,0
394,0.0,0.0,0.0,1.0,-0.0,0,0
395,0.0,0.0,0.0,1.0,-0.0,0,0
396,0.0,0.041584158415841586,0.08590499787518362,1.0,-0.0,0,0
397,0.0,0.04356435643564357,0.08721867542790195,1.0,-0.0,0,0
398,0.0,0.04554455445544555,0.08846854615322249,1.0,-0.0,0,0
399,0.0,0.057425742574257435,0.10656335878870264,1.0,-0.0,0,0
400,0.0,0.057425742574257435,0.10656335878870264,1.0,-0.0,0,0
401,0.0,0.015841584158415842,0.05401260078014202,1.0,-0.0,0,0
402,0.0,0.013861386138613863,0.05079507064705211,1.0,-0.0,0,0
403,0.0,0.011881188118811883,0.04727657974777554,1.0,-0.0,0,0
404,0.0,0.0,0.0,1.0,-0.0,0,0
405,0.0,0.0,0.0,1.0,-0.0,0,0
406,0.0,0.0019801980198019802,0.0198019801980198,1.0,-0.0,0,0
407,0.0,0.009900990099009901,0.043383964950904234,1.0,-0.0,0,0
408,0.0,0.009900990099009901,0.043383964950904234,1.0,-0.0,0,0
409,0.0,0.009900990099009901,0.043383964950904234,1.0,-0.0,0,0
410,0.0,0.009900990099009901,0.043383964950904234,1.0,-0.0,0,0
411,0.0,0.007920792079207921,0.03900537743285587,1.0,-0.0,0,0
412,0.0,0.025742574257425748,0.07264925278354116,1.0,-0.0,0,0
413,0.0,0.0712871287128713,0.11461224656227946,1.0,-0.0,0,0
414,0.0,0.08316831683168316,0.12028786177019754,1.0,-0.0,0,0
415,0.0,0.08316831683168316,0.12028786177019754,1.0,-0.0,0,0
416,0.0,0.08712871287128712,0.12401163019288063,1.0,-0.0,0,0
417,0.0,0.1306930693069307,0.1447035715361989,1.0,-0.0,0,0
418,0.0,0.08316831683168317,0.12353642740976017,1.0,-0.0,0,0
419,0.0,0.0712871287128713,0.11110305060677654,1.0,-0.0,0,0
420,0.0,0.0712871287128713,0.11110305060677654,1.0,-0.0,0,0
421,0.0,0.06732673267326733,0.11000352009767247,1.0,-0.0,0,0
422,0.0,0.031683168316831684,0.08316831683168317,1.0,-0.0,0,0
423,0.0,0.031683168316831684,0.08316831683168317,1.0,-0.0,0,0
424,0.0,0.031683168316831684,0.08316831683168317,1.0,-0.0,0,0
425,0.0,0.047524752475247525,0.09397077637785882,1.0,-0.0,0,0
426,0.0,0.047524752475247525,0.09397077637785882,1.0,-0.0,0,0
427,0.0,0.015841584158415842,0.05401260078014202,1.0,-0.0,0,0
428,0.0,0.025742574257425745,0.0669763743575753,1.0,-0.0,0,0
429,0.0,0.041584158415841586,0.08590499787518362,1.0,-0.0,0,0
430,0.0,0.025742574257425745,0.07264925278354116,1.0,-0.0,0,0
431,0.0,0.025742574257425745,0.07264925278354116,1.0,-0.0,0,0
432,0.0,0.025742574257425745,0.07264925278354116,1.0,-0.0,0,0
433,0.0,0.015841584158415842,0.06090517425437506,1.0,-0.0,0,0
434,0.0,0.015841584158415842,0.05401260078014202,1.0,-0.0,0,0
435,0.0,0.023762376237623766,0.06471340450838889,1.0,-0.0,0,0
436,0.0,0.023762376237623766,0.06471340450838889,1.0,-0.0,0,0
437,0.0,0.023762376237623766,0.06471340450838889,1.0,-0.0,0,0
438,0.0,0.023762376237623766,0.06471340450838889,1.0,-0.0,0,0
439,0.0,0.007920792079207921,0.03900537743285587,1.0,-0.0,0,0
440,0.0,0.017821782178217824,0.05698017651460657,1.0,-0.0,0,0
441,0.0,0.017821782178217824,0.05698017651460657,1.0,-0.0,0,0
442,0.0,0.025742574257425748,0.07264925278354116,1.0,-0.0,0,0
443,0.0,0.0712871287128713,0.12768822926854262,1.0,-0.0,0,0
444,0.0,0.07920792079207921,0.14094225464771679,1.0,-0.0,0,0
445,0.0,0.061386138613861385,0.12817863233807733,1.0,-0.0,0,0
446,0.0,0.061386138613861385,0.12817863233807733,1.0,-0.0,0,0
447,0.0,0.05346534653465347,0.11904268012030997,1.0,-0.0,0,0
448,0.0,0.04356435643564357,0.09164702150816742,1.0,-0.0,0,0
449,0.0,0.05346534653465347,0.09704990696905226,1.0,-0.0,0,0
450,0.0,0.05346534653465347,0.09704990696905226,1.0,-0.0,0,0
451,0.0,0.05346534653465347,0.09704990696905226,1.0,-0.0,0,0
452,0.0,0.06732673267326733,0.11000352009767247,1.0,-0.0,0,0
453,0.0,0.04554455445544555,0.08846854615322249,1.0,-0.0,0,0
454,0.0,0.027722772277227727,0.06910862719451544,1.0,-0.0,0,0
455,0.0,0.05346534653465347,0.10104832334394513,1.0,-0.0,0,0
456,0.0,0.05940594059405942,0.10733330877518932,1.0,-0.0,0,0
457,0.0,0.04554455445544554,0.09700949476369024,1.0,-0.0,0,0
458,0.0,0.031683168316831684,0.07826167463512675,1.0,-0.0,0,0
459,0.0,0.031683168316831684,0.07826167463512675,1.0,-0.0,0,0
460,0.0,0.023762376237623766,0.06471340450838887,1.0,-0.0,0,0
461,0.0,0.033663366336633666,0.08475617647141663,1.0,-0.0,0,0
462,0.0,0.057425742574257435,0.09885135821266286,1.0,-0.0,0,0
463,0.2,0.06732673267326733,0.10634234916512914,0.10608783743468066,0.9743344034481476,0,0
464,0.2,0.06930693069306931,0.10693069306930696,0.11081180122969687,0.9554139856724337,0,0
465,0.2,0.05742574257425742,0.09885135821266286,0.07460753442729876,1.127217312004932,0,0
466,0.2,0.08712871287128714,0.12077584698595571,0.17500966031852921,0.7569379781294916,0,0
467,0.2,0.11287128712871286,0.1390657415135005,0.26548402751583455,0.5759616025312939,0,0
468,0.0,0.10297029702970295,0.13084299831035082,1.0,-0.0,0,0
469,0.0,0.10099009900990098,0.1308729634998678,1.0,-0.0,0,0
470,0.0,0.09504950495049505,0.12457948087149176,1.0,-0.0,0,0
471,0.2,0.04950495049504951,0.08631483056516186,0.040617958542992695,1.3912819080063725,0,0
472,0.2,0.0,0.0,0.5,0.3010299956639812,0,0
473,0.2,0.0,0.0,0.5,0.3010299956639812,0,0
474,0.2,0.0,0.0,0.5,0.3010299956639812,0,0
475,0.2,0.0,0.0,0.5,0.3010299956639812,0,0
476,0.0,0.0,0.0,1.0,-0.0,0,0
477,0.0,0.0039603960396039604,0.027863855998951068,1.0,-0.0,0,0
478,0.0,0.0039603960396039604,0.027863855998951068,1.0,-0.0,0,0
479,0.0,0.0039603960396039604,0.027863855998951068,1.0,-0.0,0,0
480,0.0,0.0039603960396039604,0.027863855998951068,1.0,-0.0,0,0
481,0.0,0.057425742574257435,0.10656335878870264,1.0,-0.0,0,0
482,0.0,0.07920792079207921,0.1322440226302099,1.0,-0.0,0,0
483,0.0,0.08514851485148514,0.13598641357140115,1.0,-0.0,0,0
484,0.0,0.09900990099009899,0.13679141417164786,1.0,-0.0,0,0
485,0.0,0.09900990099009899,0.13679141417164786,1.0,-0.0,0,0
486,0.0,0.04554455445544554,0.10100951085035129,1.0,-0.0,0,0
487,0.0,0.019801980198019802,0.059735061897023205,1.0,-0.0,0,0
488,0.0,0.013861386138613863,0.05079507064705211,1.0,-0.0,0,0
489,0.0,0.0,0.0,1.0,-0.0,0,0
490,0.0,0.0,0.0,1.0,-0.0,0,0
491,0.0,0.019801980198019802,0.059735061897023205,1.0,-0.0,0,0
492,0.0,0.019801980198019802,0.059735061897023205,1.0,-0.0,0,0
493,0.0,0.019801980198019802,0.059735061897023205,1.0,-0.0,0,0
494,0.0,0.051485148514851496,0.096075322540263,1.0,-0.0,0,0
495,0.0,0.051485148514851496,0.096075322540263,1.0,-0.0,0,0
496,0.0,0.031683168316831684,0.0730260947112308,1.0,-0.0,0,0
497,0.2,0.03762376237623763,0.08307396817189319,0.025315250600093635,1.5966177690988212,0,0
498,0.2,0.03762376237623763,0.08307396817189319,0.025315250600093635,1.5966177690988212,0,0
499,0.2,0.0059405940594059415,0.03395332316729158,5.469865928325192e-09,8.262023318511567,0,0
500,0.2,0.0059405940594059415,0.03395332316729158,5.469865928325192e-09,8.262023318511567,0,0
501,0.2,0.0059405940594059415,0.03395332316729158,5.469865928325192e-09,8.262023318511567,0,0
502,0.0,0.0059405940594059415,0.03395332316729158,1.0,-0.0,0,0
503,0.0,0.0059405940594059415,0.03395332316729158,1.0,-0.0,0,0
504,0.2,0.013861386138613863,0.05079507064705211,0.00012391038159364294,3.90689230556944,0,0
505,0.2,0.013861386138613863,0.05079507064705211,0.00012391038159364294,3.90689230556944,0,0
