,foreground,bg_means,bg_stdev,pvals,minus_logs,regs,active
2,0.0,0.20198019801980197,0.20584537021649227,1.0,-0.0,0,0
3,0.0,0.20198019801980197,0.20584537021649227,1.0,-0.0,0,0
4,0.0,0.24752475247524752,0.205177565892889,1.0,-0.0,0,0
5,0.0,0.20198019801980197,0.17461709057464242,1.0,-0.0,0,0
6,0.0,0.06336633663366337,0.10120342446875752,1.0,-0.0,0,0
7,0.0,0.06336633663366337,0.10120342446875752,1.0,-0.0,0,0
8,0.0,0.1188118811881188,0.13838736799727644,1.0,-0.0,0,0
9,0.0,0.05544554455445544,0.09797478714338995,1.0,-0.0,0,0
10,0.0,0.05544554455445544,0.09797478714338995,1.0,-0.0,0,0
11,0.0,0.05544554455445544,0.09797478714338995,1.0,-0.0,0,0
12,0.0,0.05544554455445544,0.09797478714338995,1.0,-0.0,0,0
13,0.0,0.0,0.0,1.0,-0.0,0,0
14,0.0,0.0,0.0,1.0,-0.0,0,0
15,0.0,0.0,0.0,1.0,-0.0,0,0
16,0.0,0.0,0.0,1.0,-0.0,0,0
17,0.0,0.0,0.0,1.0,-0.0,0,0
18,0.0,0.0,0.0,1.0,-0.0,0,0
19,0.0,0.0,0.0,1.0,-0.0,0,0
20,0.0,0.0,0.0,1.0,-0.0,0,0
21,0.0,0.015841584158415842,0.054012600780142014,1.0,-0.0,0,0
22,0.0,0.015841584158415842,0.054012600780142014,1.0,-0.0,0,0
23,0.0,0.015841584158415842,0.054012600780142014,1.0,-0.0,0,0
24,0.0,0.02970297029702971,0.07648795214189293,1.0,-0.0,0,0
25,0.0,0.13663366336633664,0.16870078513860487,1.0,-0.0,0,0
26,0.0,0.12079207920792079,0.1594028657227573,1.0,-0.0,0,0
27,0.0,0.12079207920792079,0.1594028657227573,1.0,-0.0,0,0
28,0.0,0.1396039603960396,0.16294274516570856,1.0,-0.0,0,0
29,0.0,0.12475247524752475,0.15632280678012317,1.0,-0.0,0,0
30,0.0,0.017821782178217824,0.05698017651460656,1.0,-0.0,0,0
31,0.0,0.017821782178217824,0.05698017651460656,1.0,-0.0,0,0
32,0.0,0.017821782178217824,0.05698017651460656,1.0,-0.0,0,0
33,0.0,0.0,0.0,1.0,-0.0,0,0
34,0.0,0.0594059405940594,0.12119717820276715,1.0,-0.0,0,0
35,0.0,0.0594059405940594,0.12119717820276715,1.0,-0.0,0,0
36,0.0,0.0594059405940594,0.12119717820276715,1.0,-0.0,0,0
37,0.0,0.0594059405940594,0.12119717820276715,1.0,-0.0,0,0
38,0.0,0.0594059405940594,0.12119717820276715,1.0,-0.0,0,0
39,0.0,0.0,0.0,1.0,-0.0,0,0
40,0.0,0.0,0.0,1.0,-0.0,0,0
41,0.0,0.0,0.0,1.0,-0.0,0,0
42,0.0,0.0,0.0,1.0,-0.0,0,0
43,0.0,0.06732673267326733,0.12673267326732673,1.0,-0.0,0,0
44,0.0,0.06732673267326733,0.12673267326732673,1.0,-0.0,0,0
45,0.0,0.07326732673267328,0.13117223890438964,1.0,-0.0,0,0
46,0.0,0.07326732673267328,0.13117223890438964,1.0,-0.0,0,0
47,0.0,0.14059405940594058,0.17698140967528184,1.0,-0.0,0,0
48,0.0,0.07326732673267328,0.12811743461086583,1.0,-0.0,0,0
49,0.0,0.07326732673267328,0.12811743461086583,1.0,-0.0,0,0
50,0.0,0.16435643564356434,0.18325125229717665,1.0,-0.0,0,0
51,0.0,0.16435643564356434,0.18325125229717665,1.0,-0.0,0,0
52,0.0,0.09504950495049502,0.1245794808714917,1.0,-0.0,0,0
53,0.0,0.09504950495049502,0.1245794808714917,1.0,-0.0,0,0
54,0.0,0.10099009900990098,0.12467387119760154,1.0,-0.0,0,0
55,0.0,0.025742574257425748,0.07791016068477626,1.0,-0.0,0,0
56,0.0,0.12475247524752472,0.15376846462033406,1.0,-0.0,0,0
57,0.0,0.12475247524752472,0.15376846462033406,1.0,-0.0,0,0
58,0.0,0.1287128712871287,0.15564406822280066,1.0,-0.0,0,0
59,0.0,0.12277227722772276,0.15148191286261606,1.0,-0.0,0,0
60,0.0,0.13267326732673265,0.1671596799240022,1.0,-0.0,0,0
61,0.0,0.08514851485148514,0.14717547862227368,1.0,-0.0,0,0
62,0.0,0.08514851485148514,0.14717547862227368,1.0,-0.0,0,0
63,0.0,0.1504950495049505,0.16508249505478284,1.0,-0.0,0,0
64,0.0,0.1504950495049505,0.16508249505478284,1.0,-0.0,0,0
65,0.0,0.1198019801980198,0.1407334408810409,1.0,-0.0,0,0
66,0.0,0.06732673267326733,0.09861306612268303,1.0,-0.0,0,0
67,0.0,0.06732673267326733,0.09861306612268303,1.0,-0.0,0,0
68,0.0,0.04950495049504951,0.09504950495049506,1.0,-0.0,0,0
69,0.0,0.04950495049504951,0.09504950495049506,1.0,-0.0,0,0
70,0.0,0.04950495049504951,0.09504950495049506,1.0,-0.0,0,0
71,0.0,0.04950495049504951,0.09504950495049506,1.0,-0.0,0,0
72,0.0,0.04950495049504951,0.09504950495049506,1.0,-0.0,0,0
73,0.0,0.0,0.0,1.0,-0.0,0,0
74,0.0,0.0039603960396039604,0.027863855998951064,1.0,-0.0,0,0
75,0.0,0.041584158415841586,0.0946774898050053,1.0,-0.0,0,0
76,0.0,0.09306930693069305,0.1450554183905936,1.0,-0.0,0,0
77,0.0,0.09306930693069305,0.1450554183905936,1.0,-0.0,0,0
78,0.0,0.09306930693069305,0.1450554183905936,1.0,-0.0,0,0
79,0.0,0.1504950495049505,0.16266576457752752,1.0,-0.0,0,0
80,0.0,0.11089108910891088,0.14752142995793407,1.0,-0.0,0,0
81,0.0,0.0594059405940594,0.10733330877518932,1.0,-0.0,0,0
82,0.0,0.11485148514851483,0.15503825054307632,1.0,-0.0,0,0
83,0.0,0.11485148514851483,0.15503825054307632,1.0,-0.0,0,0
84,0.0,0.05544554455445544,0.09797478714338995,1.0,-0.0,0,0
85,0.0,0.05544554455445544,0.09797478714338995,1.0,-0.0,0,0
86,0.0,0.05544554455445544,0.09797478714338995,1.0,-0.0,0,0
87,0.0,0.0,0.0,1.0,-0.0,0,0
88,0.0,0.05544554455445545,0.10575073206193021,1.0,-0.0,0,0
89,0.0,0.05544554455445545,0.10575073206193021,1.0,-0.0,0,0
90,0.0,0.1504950495049505,0.15772124951873168,1.0,-0.0,0,0
91,0.0,0.1504950495049505,0.15772124951873168,1.0,-0.0,0,0
92,0.0,0.1504950495049505,0.15772124951873168,1.0,-0.0,0,0
93,0.0,0.09306930693069305,0.12448501897427097,1.0,-0.0,0,0
94,0.0,0.12475247524752472,0.15632280678012314,1.0,-0.0,0,0
95,0.0,0.031683168316831684,0.07826167463512676,1.0,-0.0,0,0
96,0.0,0.031683168316831684,0.07826167463512676,1.0,-0.0,0,0
97,0.0,0.031683168316831684,0.07826167463512676,1.0,-0.0,0,0
98,0.0,0.031683168316831684,0.07826167463512676,1.0,-0.0,0,0
99,0.0,0.04752475247524753,0.08965727859541997,1.0,-0.0,0,0
100,0.0,0.06732673267326733,0.11000352009767247,1.0,-0.0,0,0
101,0.0,0.06732673267326733,0.11000352009767247,1.0,-0.0,0,0
102,0.0,0.08514851485148514,0.13598641357140118,1.0,-0.0,0,0
103,0.0,0.08514851485148514,0.13598641357140118,1.0,-0.0,0,0
104,0.0,0.03762376237623763,0.09211646217515253,1.0,-0.0,0,0
105,0.0,0.017821782178217824,0.056980176514606566,1.0,-0.0,0,0
106,0.0,0.017821782178217824,0.056980176514606566,1.0,-0.0,0,0
107,0.0,0.0,0.0,1.0,-0.0,0,0
108,0.0,0.0,0.0,1.0,-0.0,0,0
109,0.0,0.0594059405940594,0.10733330877518932,1.0,-0.0,0,0
110,0.0,0.0594059405940594,0.10733330877518932,1.0,-0.0,0,0
111,0.0,0.06534653465346535,0.11295810453031019,1.0,-0.0,0,0
112,0.0,0.06534653465346535,0.11295810453031019,1.0,-0.0,0,0
113,0.0,0.06534653465346535,0.11295810453031019,1.0,-0.0,0,0
114,0.0,0.06534653465346535,0.1164113937164283,1.0,-0.0,0,0
115,0.0,0.06534653465346535,0.1164113937164283,1.0,-0.0,0,0
116,0.0,0.0594059405940594,0.11447531431916541,1.0,-0.0,0,0
117,0.0,0.0594059405940594,0.11447531431916541,1.0,-0.0,0,0
118,0.0,0.08514851485148514,0.14169143619800648,1.0,-0.0,0,0
119,0.0,0.03564356435643565,0.09500824186847646,1.0,-0.0,0,0
120,0.0,0.03564356435643565,0.09500824186847646,1.0,-0.0,0,0
121,0.0,0.06732673267326733,0.11698261772468857,1.0,-0.0,0,0
122,0.0,0.06732673267326733,0.11698261772468857,1.0,-0.0,0,0
123,0.0,0.041584158415841586,0.08116396646304633,1.0,-0.0,0,0
124,0.0,0.031683168316831684,0.0730260947112308,1.0,-0.0,0,0
125,0.0,0.031683168316831684,0.0730260947112308,1.0,-0.0,0,0
126,0.0,0.0,0.0,1.0,-0.0,0,0
127,0.0,0.0,0.0,1.0,-0.0,0,0
128,0.0,0.0,0.0,1.0,-0.0,0,0
129,0.0,0.0,0.0,1.0,-0.0,0,0
130,0.0,0.0,0.0,1.0,-0.0,0,0
131,0.0,0.0,0.0,1.0,-0.0,0,0
132,0.0,0.0,0.0,1.0,-0.0,0,0
133,0.0,0.033663366336633666,0.08930671115865095,1.0,-0.0,0,0
134,0.0,0.033663366336633666,0.08930671115865095,1.0,-0.0,0,0
135,0.0,0.10099009900990098,0.14246420394934614,1.0,-0.0,0,0
136,0.0,0.10099009900990098,0.14246420394934614,1.0,-0.0,0,0
137,0.0,0.10099009900990098,0.14246420394934614,1.0,-0.0,0,0
138,0.0,0.07326732673267328,0.11509022642946842,1.0,-0.0,0,0
139,0.0,0.07326732673267328,0.11509022642946842,1.0,-0.0,0,0
140,0.0,0.0059405940594059415,0.03395332316729158,1.0,-0.0,0,0
141,0.0,0.0059405940594059415,0.03395332316729158,1.0,-0.0,0,0
142,0.0,0.013861386138613863,0.05079507064705211,1.0,-0.0,0,0
143,0.0,0.007920792079207921,0.03900537743285587,1.0,-0.0,0,0
144,0.0,0.05346534653465347,0.10489443673781407,1.0,-0.0,0,0
145,0.0,0.05346534653465347,0.10489443673781407,1.0,-0.0,0,0
146,0.0,0.05346534653465347,0.10489443673781407,1.0,-0.0,0,0
147,0.0,0.07524752475247526,0.11891084986932621,1.0,-0.0,0,0
148,0.0,0.07524752475247526,0.11891084986932621,1.0,-0.0,0,0
149,0.0,0.0297029702970297,0.07112192077650681,1.0,-0.0,0,0
150,0.0,0.0297029702970297,0.07112192077650681,1.0,-0.0,0,0
151,0.0,0.0297029702970297,0.07112192077650681,1.0,-0.0,0,0
152,0.0,0.0,0.0,1.0,-0.0,0,0
153,0.0,0.0,0.0,1.0,-0.0,0,0
154,0.0,0.0,0.0,1.0,-0.0,0,0
155,0.0,0.0,0.0,1.0,-0.0,0,0
156,0.0,0.0,0.0,1.0,-0.0,0,0
157,0.0,0.0,0.0,1.0,-0.0,0,0
158,0.0,0.0,0.0,1.0,-0.0,0,0
159,0.0,0.017821782178217824,0.056980176514606566,1.0,-0.0,0,0
160,0.0,0.041584158415841586,0.0987719913927915,1.0,-0.0,0,0
161,0.0,0.14653465346534653,0.1662423117767553,1.0,-0.0,0,0
162,0.0,0.14653465346534653,0.1662423117767553,1.0,-0.0,0,0
163,0.0,0.22772277227722773,0.20877711450451014,1.0,-0.0,0,0
164,0.0,0.2099009900990099,0.19574936009912708,1.0,-0.0,0,0
165,0.2,0.2653465346534653,0.22179985785260758,1.0,-0.0,0,0
166,0.4,0.22376237623762374,0.2035081017928858,0.19324560957807513,0.7138903642022635,0,0
167,0.4,0.23168316831683167,0.2004602096608913,0.2005517451731248,0.697773554496294,0,0
168,0.4,0.15049504950495046,0.1551899266764091,0.05394613921542792,1.2680396311929925,0,0
169,0.4,0.15049504950495046,0.1551899266764091,0.05394613921542792,1.2680396311929925,0,0
170,0.2,0.06930693069306931,0.10693069306930694,0.11081180122969682,0.955413985672434,0,0
171,0.0,0.007920792079207921,0.03900537743285587,1.0,-0.0,0,0
172,0.0,0.0,0.0,1.0,-0.0,0,0
173,0.0,0.0,0.0,1.0,-0.0,0,0
174,0.0,0.0,0.0,1.0,-0.0,0,0
175,0.0,0.0,0.0,1.0,-0.0,0,0
176,0.0,0.0,0.0,1.0,-0.0,0,0
177,0.0,0.0,0.0,1.0,-0.0,0,0
178,0.2,0.031683168316831684,0.07826167463512675,0.015750221703151112,1.8027133286186672,0,0
179,0.2,0.031683168316831684,0.07826167463512675,0.015750221703151112,1.8027133286186672,0,0
180,0.4,0.10891089108910891,0.13937555924568534,0.018375325996014606,1.735764947372236,0,0
181,1.0,0.28118811881188116,0.24402275144988836,0.001611250519113718,2.7928369297172453,0,0
182,1.0,0.28118811881188116,0.24402275144988836,0.001611250519113718,2.7928369297172453,0,0
183,1.2,0.35841584158415846,0.26894267736720445,0.0008763179445733916,3.0573382950631367,0,0
184,1.2,0.35841584158415846,0.26894267736720445,0.0008763179445733916,3.0573382950631367,0,0
185,1.0,0.3009900990099009,0.23483512206532423,0.0014573266006457917,2.8364431078297843,0,0
186,0.6,0.24356435643564353,0.23815122975640254,0.06723856595766955,1.1723815576256702,0,0
187,0.8,0.2752475247524752,0.2483234638367727,0.01729263089464259,1.7621389282931537,0,0
188,0.4,0.16831683168316824,0.16823527435849067,0.0842348122830577,1.0745083876228696,0,0
189,0.8,0.25346534653465347,0.21780377963410028,0.006048564019014038,2.2183477183460507,0,0
190,0.8,0.23168316831683167,0.20630204381210301,0.0029365768074081046,2.532158635516658,0,0
191,0.6,0.11683168316831684,0.14146987009498416,0.000318507161663915,3.4968807980659875,0,0
192,0.4,0.1089108910891089,0.1335716590419014,0.014655697207166979,1.8339935162891456,0,0
193,0.4,0.1089108910891089,0.1335716590419014,0.014655697207166979,1.8339935162891456,0,0
194,0.0,0.023762376237623766,0.06471340450838889,1.0,-0.0,0,0
195,0.0,0.023762376237623766,0.06471340450838889,1.0,-0.0,0,0
196,0.0,0.023762376237623766,0.06471340450838889,1.0,-0.0,0,0
197,0.2,0.03564356435643565,0.07653920035678292,0.015882722457572503,1.7990750531077893,0,0
198,0.2,0.03564356435643565,0.07653920035678292,0.015882722457572503,1.7990750531077893,0,0
199,0.2,0.03564356435643565,0.07653920035678292,0.015882722457572503,1.7990750531077893,0,0
200,0.2,0.03564356435643565,0.07653920035678292,0.015882722457572503,1.7990750531077893,0,0
201,0.2,0.03564356435643565,0.07653920035678292,0.015882722457572503,1.7990750531077893,0,0
202,0.0,0.0,0.0,1.0,-0.0,0,0
203,0.0,0.0,0.0,1.0,-0.0,0,0
204,0.0,0.0,0.0,1.0,-0.0,0,0
205,0.0,0.0,0.0,1.0,-0.0,0,0
206,0.0,0.0,0.0,1.0,-0.0,0,0
207,0.2,0.03564356435643565,0.08626938974571076,0.028380055950301422,1.5469867526811094,0,0
208,0.4,0.07722772277227724,0.11593886073904515,0.002684759588187431,2.5710945979339663,0,0
209,0.6,0.11683168316831682,0.13864214704328154,0.0002460656394719385,3.608949026807464,0,0
210,0.6,0.11683168316831682,0.13864214704328154,0.0002460656394719385,3.608949026807464,0,0
211,0.6,0.11683168316831682,0.13864214704328154,0.0002460656394719385,3.608949026807464,0,0
212,0.4,0.08118811881188118,0.1264228887090089,0.005837981963134029,2.2337372511300297,0,0
213,0.2,0.039603960396039604,0.0890869059738772,0.03589523119581593,1.4449632450960648,0,0
214,0.0,0.0,0.0,1.0,-0.0,0,0
215,0.0,0.019801980198019802,0.059735061897023205,1.0,-0.0,0,0
216,0.0,0.019801980198019802,0.059735061897023205,1.0,-0.0,0,0
217,0.0,0.019801980198019802,0.059735061897023205,1.0,-0.0,0,0
218,0.0,0.019801980198019802,0.059735061897023205,1.0,-0.0,0,0
219,0.0,0.019801980198019802,0.059735061897023205,1.0,-0.0,0,0
220,0.0,0.025742574257425748,0.07264925278354116,1.0,-0.0,0,0
221,0.0,0.025742574257425748,0.07264925278354116,1.0,-0.0,0,0
222,0.0,0.025742574257425748,0.07264925278354116,1.0,-0.0,0,0
223,0.0,0.025742574257425748,0.07264925278354116,1.0,-0.0,0,0
224,0.0,0.025742574257425748,0.07264925278354116,1.0,-0.0,0,0
225,0.0,0.0,0.0,1.0,-0.0,0,0
226,0.0,0.0,0.0,1.0,-0.0,0,0
227,0.0,0.039603960396039604,0.10155153588085614,1.0,-0.0,0,0
228,0.0,0.039603960396039604,0.10155153588085614,1.0,-0.0,0,0
229,0.0,0.039603960396039604,0.10155153588085614,1.0,-0.0,0,0
230,0.0,0.039603960396039604,0.10155153588085614,1.0,-0.0,0,0
231,0.0,0.039603960396039604,0.10155153588085614,1.0,-0.0,0,0
232,0.0,0.0,0.0,1.0,-0.0,0,0
233,0.0,0.007920792079207921,0.03900537743285587,1.0,-0.0,0,0
234,0.0,0.007920792079207921,0.03900537743285587,1.0,-0.0,0,0
235,0.0,0.007920792079207921,0.03900537743285587,1.0,-0.0,0,0
236,0.0,0.033663366336633666,0.07994704648786673,1.0,-0.0,0,0
237,0.0,0.033663366336633666,0.07994704648786673,1.0,-0.0,0,0
238,0.0,0.041584158415841586,0.09039772047931348,1.0,-0.0,0,0
239,0.0,0.041584158415841586,0.09039772047931348,1.0,-0.0,0,0
240,0.0,0.041584158415841586,0.09039772047931348,1.0,-0.0,0,0
241,0.0,0.04950495049504951,0.09504950495049506,1.0,-0.0,0,0
242,0.0,0.04950495049504951,0.09504950495049506,1.0,-0.0,0,0
243,0.0,0.09108910891089106,0.12113245340338318,1.0,-0.0,0,0
244,0.0,0.09108910891089106,0.12113245340338318,1.0,-0.0,0,0
245,0.0,0.1306930693069307,0.1577958163416755,1.0,-0.0,0,0
246,0.0,0.09702970297029702,0.14243667729389659,1.0,-0.0,0,0
247,0.0,0.09702970297029702,0.14243667729389659,1.0,-0.0,0,0
248,0.0,0.039603960396039604,0.09342674148186496,1.0,-0.0,0,0
249,0.0,0.0712871287128713,0.12768822926854265,1.0,-0.0,0,0
250,0.0,0.031683168316831684,0.07826167463512675,1.0,-0.0,0,0
251,0.0,0.0712871287128713,0.12768822926854262,1.0,-0.0,0,0
252,0.0,0.0712871287128713,0.12768822926854262,1.0,-0.0,0,0
253,0.0,0.0712871287128713,0.12768822926854262,1.0,-0.0,0,0
254,0.0,0.039603960396039604,0.08908690597387718,1.0,-0.0,0,0
255,0.0,0.09900990099009901,0.1367914141716479,1.0,-0.0,0,0
256,0.0,0.0594059405940594,0.1144753143191654,1.0,-0.0,0,0
257,0.0,0.10099009900990098,0.14246420394934614,1.0,-0.0,0,0
258,0.0,0.10099009900990098,0.14246420394934614,1.0,-0.0,0,0
259,0.0,0.15247524752475247,0.16921136785416444,1.0,-0.0,0,0
260,0.0,0.09108910891089109,0.13057300215314485,1.0,-0.0,0,0
261,0.2,0.15445544554455443,0.17321922953369534,0.3963022165573314,0.4019734986072038,0,0
262,0.2,0.11287128712871286,0.15774610904280742,0.2903593934305263,0.5370641195219787,0,0
263,0.2,0.11287128712871286,0.15774610904280742,0.2903593934305263,0.5370641195219787,0,0
264,0.4,0.09108910891089109,0.14218869759220787,0.014907409616207914,1.8265978151065667,0,0
265,0.4,0.09108910891089109,0.14218869759220787,0.014907409616207914,1.8265978151065667,0,0
266,0.2,0.06732673267326733,0.1135467024699521,0.12131331785204298,0.9160915193958917,0,0
267,0.2,0.1089108910891089,0.14494724878689189,0.26486134954069185,0.5769814124309087,0,0
268,0.2,0.12079207920792076,0.15435386352400063,0.3039203993074953,0.5172401488527574,0,0
269,0.0,0.09306930693069305,0.13368903310588712,1.0,-0.0,0,0
270,0.0,0.15049504950495046,0.15772124951873168,1.0,-0.0,0,0
271,0.0,0.1306930693069307,0.15779581634167553,1.0,-0.0,0,0
272,0.0,0.08712871287128712,0.12401163019288061,1.0,-0.0,0,0
273,0.0,0.1306930693069307,0.16988206407546308,1.0,-0.0,0,0
274,0.0,0.1881188118811881,0.20063618061766877,1.0,-0.0,0,0
275,0.0,0.19801980198019797,0.18346510608951241,1.0,-0.0,0,0
276,0.0,0.2891089108910891,0.2461187792204253,1.0,-0.0,0,0
277,0.0,0.2891089108910891,0.2461187792204253,1.0,-0.0,0,0
278,0.0,0.26732673267326734,0.22563832923951074,1.0,-0.0,0,0
279,0.0,0.21188118811881188,0.19664871867623296,1.0,-0.0,0,0
280,0.0,0.2099009900990099,0.2150316350177937,1.0,-0.0,0,0
281,0.0,0.09702970297029702,0.14243667729389659,1.0,-0.0,0,0
282,0.0,0.11683168316831682,0.149632756335149,1.0,-0.0,0,0
283,0.0,0.08316831683168316,0.12670172889541695,1.0,-0.0,0,0
284,0.0,0.1603960396039604,0.18883656715060818,1.0,-0.0,0,0
285,0.0,0.09504950495049505,0.15049504950495052,1.0,-0.0,0,0
286,0.0,0.09504950495049505,0.15049504950495052,1.0,-0.0,0,0
287,0.0,0.07524752475247526,0.11891084986932618,1.0,-0.0,0,0
288,0.0,0.07524752475247526,0.11891084986932618,1.0,-0.0,0,0
289,0.0,0.0,0.0,1.0,-0.0,0,0
290,0.0,0.0,0.0,1.0,-0.0,0,0
291,0.0,0.0,0.0,1.0,-0.0,0,0
292,0.0,0.07920792079207921,0.1261123431927973,1.0,-0.0,0,0
293,0.0,0.07920792079207921,0.1261123431927973,1.0,-0.0,0,0
294,0.0,0.07920792079207921,0.1261123431927973,1.0,-0.0,0,0
295,0.0,0.07920792079207921,0.1261123431927973,1.0,-0.0,0,0
296,0.0,0.07920792079207921,0.1261123431927973,1.0,-0.0,0,0
297,0.0,0.0,0.0,1.0,-0.0,0,0
298,0.0,0.0,0.0,1.0,-0.0,0,0
299,0.0,0.0,0.0,1.0,-0.0,0,0
300,0.0,0.0,0.0,1.0,-0.0,0,0
301,0.0,0.0,0.0,1.0,-0.0,0,0
302,0.0,0.05346534653465347,0.10860442931328386,1.0,-0.0,0,0
303,0.0,0.05346534653465347,0.10860442931328386,1.0,-0.0,0,0
304,0.0,0.11683168316831682,0.1598695674609062,1.0,-0.0,0,0
305,0.0,0.1900990099009901,0.19166025556535224,1.0,-0.0,0,0
306,0.0,0.1900990099009901,0.19166025556535224,1.0,-0.0,0,0
307,0.0,0.13564356435643563,0.15388317441966676,1.0,-0.0,0,0
308,0.0,0.13564356435643563,0.15388317441966676,1.0,-0.0,0,0
309,0.0,0.0712871287128713,0.11801714396634724,1.0,-0.0,0,0
310,0.0,0.0,0.0,1.0,-0.0,0,0
311,0.0,0.0,0.0,1.0,-0.0,0,0
312,0.0,0.0,0.0,1.0,-0.0,0,0
313,0.0,0.013861386138613863,0.05079507064705211,1.0,-0.0,0,0
314,0.0,0.013861386138613863,0.05079507064705211,1.0,-0.0,0,0
315,0.0,0.013861386138613863,0.05079507064705211,1.0,-0.0,0,0
316,0.0,0.013861386138613863,0.05079507064705211,1.0,-0.0,0,0
317,0.0,0.013861386138613863,0.05079507064705211,1.0,-0.0,0,0
318,0.0,0.0,0.0,1.0,-0.0,0,0
319,0.0,0.031683168316831684,0.07826167463512676,1.0,-0.0,0,0
320,0.0,0.031683168316831684,0.07826167463512676,1.0,-0.0,0,0
321,0.0,0.03762376237623763,0.08307396817189319,1.0,-0.0,0,0
322,0.0,0.03762376237623763,0.08307396817189319,1.0,-0.0,0,0
323,0.0,0.03762376237623763,0.08307396817189319,1.0,-0.0,0,0
324,0.0,0.0059405940594059415,0.03395332316729158,1.0,-0.0,0,0
325,0.0,0.0059405940594059415,0.03395332316729158,1.0,-0.0,0,0
326,0.0,0.0,0.0,1.0,-0.0,0,0
327,0.0,0.0,0.0,1.0,-0.0,0,0
328,0.0,0.0,0.0,1.0,-0.0,0,0
329,0.0,0.0,0.0,1.0,-0.0,0,0
330,0.0,0.04752475247524753,0.08965727859541997,1.0,-0.0,0,0
331,0.0,0.04752475247524753,0.08965727859541997,1.0,-0.0,0,0
332,0.0,0.04752475247524753,0.08965727859541997,1.0,-0.0,0,0
333,0.0,0.04752475247524753,0.08965727859541997,1.0,-0.0,0,0
334,0.0,0.04752475247524753,0.08965727859541997,1.0,-0.0,0,0
335,0.0,0.013861386138613863,0.05079507064705211,1.0,-0.0,0,0
336,0.0,0.06336633663366337,0.10504385908811757,1.0,-0.0,0,0
337,0.0,0.10495049504950495,0.1395723579145037,1.0,-0.0,0,0
338,0.0,0.10495049504950495,0.1395723579145037,1.0,-0.0,0,0
339,0.0,0.10495049504950495,0.1395723579145037,1.0,-0.0,0,0
340,0.0,0.09108910891089109,0.13650445892763632,1.0,-0.0,0,0
341,0.0,0.041584158415841586,0.0987719913927915,1.0,-0.0,0,0
342,0.0,0.0,0.0,1.0,-0.0,0,0
343,0.0,0.0,0.0,1.0,-0.0,0,0
344,0.0,0.0,0.0,1.0,-0.0,0,0
345,0.0,0.0,0.0,1.0,-0.0,0,0
346,0.0,0.0,0.0,1.0,-0.0,0,0
347,0.0,0.0,0.0,1.0,-0.0,0,0
348,0.0,0.0,0.0,1.0,-0.0,0,0
349,0.0,0.05148514851485149,0.10773441987117183,1.0,-0.0,0,0
350,0.0,0.05346534653465347,0.10860442931328386,1.0,-0.0,0,0
351,0.0,0.05346534653465347,0.10860442931328386,1.0,-0.0,0,0
352,0.0,0.05346534653465347,0.10860442931328386,1.0,-0.0,0,0
353,0.0,0.05346534653465347,0.10860442931328386,1.0,-0.0,0,0
354,0.0,0.0019801980198019802,0.0198019801980198,1.0,-0.0,0,0
355,0.0,0.0,0.0,1.0,-0.0,0,0
356,0.0,0.0,0.0,1.0,-0.0,0,0
357,0.0,0.0,0.0,1.0,-0.0,0,0
358,0.0,0.0,0.0,1.0,-0.0,0,0
359,0.0,0.0,0.0,1.0,-0.0,0,0
360,0.0,0.0,0.0,1.0,-0.0,0,0
361,0.0,0.06732673267326733,0.11698261772468857,1.0,-0.0,0,0
362,0.0,0.06732673267326733,0.11698261772468857,1.0,-0.0,0,0
363,0.0,0.06732673267326733,0.11698261772468857,1.0,-0.0,0,0
364,0.0,0.06732673267326733,0.11698261772468857,1.0,-0.0,0,0
365,0.0,0.06732673267326733,0.11698261772468857,1.0,-0.0,0,0
366,0.2,0.041584158415841586,0.08590499787518362,0.03258561123651815,1.4869741281544258,0,0
367,0.2,0.0613861386138614,0.10433219700847123,0.09199298471617674,1.0362452902111776,0,0
368,0.2,0.0613861386138614,0.10433219700847123,0.09199298471617674,1.0362452902111776,0,0
369,0.2,0.0613861386138614,0.10433219700847123,0.09199298471617674,1.0362452902111776,0,0
370,0.2,0.0613861386138614,0.10433219700847123,0.09199298471617674,1.0362452902111776,0,0
371,0.0,0.019801980198019802,0.0597350618970232,1.0,-0.0,0,0
372,0.0,0.0,0.0,1.0,-0.0,0,0
373,0.0,0.0,0.0,1.0,-0.0,0,0
374,0.0,0.0019801980198019802,0.0198019801980198,1.0,-0.0,0,0
375,0.0,0.0019801980198019802,0.0198019801980198,1.0,-0.0,0,0
376,0.0,0.0019801980198019802,0.0198019801980198,1.0,-0.0,0,0
377,0.0,0.023762376237623766,0.0759735686861421,1.0,-0.0,0,0
378,0.0,0.023762376237623766,0.0759735686861421,1.0,-0.0,0,0
379,0.0,0.021782178217821784,0.07393328595086918,1.0,-0.0,0,0
380,0.0,0.033663366336633666,0.08475617647141663,1.0,-0.0,0,0
381,0.0,0.033663366336633666,0.08475617647141663,1.0,-0.0,0,0
382,0.0,0.08118811881188118,0.13838736799727647,1.0,-0.0,0,0
383,0.0,0.08118811881188118,0.13838736799727647,1.0,-0.0,0,0
384,0.0,0.08118811881188118,0.13838736799727647,1.0,-0.0,0,0
385,0.0,0.06930693069306931,0.1303024465454424,1.0,-0.0,0,0
386,0.0,0.06930693069306931,0.1303024465454424,1.0,-0.0,0,0
387,0.0,0.05940594059405942,0.11096178792967841,1.0,-0.0,0,0
388,0.0,0.05940594059405942,0.11096178792967841,1.0,-0.0,0,0
389,0.0,0.05940594059405942,0.11096178792967841,1.0,-0.0,0,0
390,0.0,0.06930693069306931,0.11409790329416186,1.0,-0.0,0,0
391,0.0,0.06930693069306931,0.11409790329416186,1.0,-0.0,0,0
392,0.0,0.009900990099009901,0.04338396495090425,1.0,-0.0,0,0
393,0.0,0.009900990099009901,0.04338396495090425,1.0,-0.0,0,0
394,0.0,0.009900990099009901,0.04338396495090425,1.0,-0.0,0,0
395,0.0,0.0,0.0,1.0,-0.0,0,0
396,0.0,0.06930693069306931,0.12084076279122662,1.0,-0.0,0,0
397,0.0,0.06930693069306931,0.12084076279122662,1.0,-0.0,0,0
398,0.0,0.06930693069306931,0.12084076279122662,1.0,-0.0,0,0
399,0.0,0.06930693069306931,0.12084076279122662,1.0,-0.0,0,0
400,0.0,0.06930693069306931,0.12084076279122662,1.0,-0.0,0,0
401,0.0,0.0,0.0,1.0,-0.0,0,0
402,0.0,0.04752475247524753,0.09397077637785879,1.0,-0.0,0,0
403,0.0,0.04752475247524753,0.09397077637785879,1.0,-0.0,0,0
404,0.0,0.04752475247524753,0.09397077637785879,1.0,-0.0,0,0
405,0.0,0.04752475247524753,0.09397077637785879,1.0,-0.0,0,0
406,0.0,0.04752475247524753,0.09397077637785879,1.0,-0.0,0,0
407,0.0,0.0,0.0,1.0,-0.0,0,0
408,0.0,0.0,0.0,1.0,-0.0,0,0
409,0.0,0.0,0.0,1.0,-0.0,0,0
410,0.0,0.021782178217821784,0.06230547612891991,1.0,-0.0,0,0
411,0.0,0.021782178217821784,0.06230547612891991,1.0,-0.0,0,0
412,0.0,0.021782178217821784,0.06230547612891991,1.0,-0.0,0,0
413,0.0,0.025742574257425748,0.07264925278354116,1.0,-0.0,0,0
414,0.0,0.025742574257425748,0.07264925278354116,1.0,-0.0,0,0
415,0.0,0.0039603960396039604,0.027863855998951064,1.0,-0.0,0,0
416,0.0,0.007920792079207921,0.03900537743285587,1.0,-0.0,0,0
417,0.2,0.04752475247524753,0.09397077637785879,0.05233944412570533,1.2811708941229774,0,0
418,0.2,0.04356435643564357,0.08721867542790195,0.036438310127516485,1.438441772185106,0,0
419,0.2,0.04356435643564357,0.08721867542790195,0.036438310127516485,1.438441772185106,0,0
420,0.2,0.04356435643564357,0.08721867542790195,0.036438310127516485,1.438441772185106,0,0
421,0.2,0.03960396039603961,0.08452453849668534,0.028872622852877186,1.5395137620565469,0,0
422,0.0,0.09900990099009901,0.14791959918402456,1.0,-0.0,0,0
423,0.0,0.09900990099009901,0.14791959918402456,1.0,-0.0,0,0
424,0.0,0.09900990099009901,0.14791959918402456,1.0,-0.0,0,0
425,0.0,0.1504950495049505,0.1744148703671667,1.0,-0.0,0,0
426,0.0,0.1504950495049505,0.1744148703671667,1.0,-0.0,0,0
427,0.0,0.04950495049504951,0.09078727434730813,1.0,-0.0,0,0
428,0.0,0.04950495049504951,0.09078727434730813,1.0,-0.0,0,0
429,0.0,0.04950495049504951,0.09078727434730813,1.0,-0.0,0,0
430,0.0,0.0,0.0,1.0,-0.0,0,0
431,0.0,0.0,0.0,1.0,-0.0,0,0
432,0.0,0.0,0.0,1.0,-0.0,0,0
433,0.0,0.0,0.0,1.0,-0.0,0,0
434,0.0,0.0,0.0,1.0,-0.0,0,0
435,0.0,0.04752475247524753,0.08512548617902843,1.0,-0.0,0,0
436,0.2,0.11485148514851483,0.1416914361980065,0.2739388863041897,0.5623463141913831,0,0
437,0.2,0.11485148514851483,0.1416914361980065,0.2739388863041897,0.5623463141913831,0,0
438,0.2,0.1861386138613861,0.18077375114498542,0.46943981703783805,0.3284200771011962,0,0
439,0.2,0.25742574257425743,0.21679325126203863,1.0,-0.0,0,0
440,0.2,0.20990099009900987,0.20561665306784296,1.0,-0.0,0,0
441,0.0,0.14257425742574256,0.16730036701294593,1.0,-0.0,0,0
442,0.0,0.14257425742574256,0.16730036701294593,1.0,-0.0,0,0
443,0.0,0.0712871287128713,0.12454800153280307,1.0,-0.0,0,0
444,0.0,0.0,0.0,1.0,-0.0,0,0
445,0.0,0.019801980198019806,0.05973506189702319,1.0,-0.0,0,0
446,0.2,0.09504950495049502,0.12771893462651168,0.20561525732768127,0.686944662403549,0,0
447,0.2,0.09504950495049502,0.12771893462651168,0.20561525732768127,0.686944662403549,0,0
448,0.2,0.09504950495049502,0.12771893462651168,0.20561525732768127,0.686944662403549,0,0
449,0.2,0.09504950495049502,0.12771893462651168,0.20561525732768127,0.686944662403549,0,0
450,0.2,0.07524752475247524,0.11553229422427584,0.140114268670204,0.8535176356692988,0,0
451,0.0,0.0,0.0,1.0,-0.0,0,0
452,0.0,0.0,0.0,1.0,-0.0,0,0
453,0.0,0.025742574257425748,0.07791016068477626,1.0,-0.0,0,0
454,0.0,0.025742574257425748,0.07791016068477626,1.0,-0.0,0,0
455,0.0,0.025742574257425748,0.07791016068477626,1.0,-0.0,0,0
456,0.0,0.051485148514851496,0.096075322540263,1.0,-0.0,0,0
457,0.0,0.051485148514851496,0.096075322540263,1.0,-0.0,0,0
458,0.0,0.025742574257425748,0.0669763743575753,1.0,-0.0,0,0
459,0.0,0.025742574257425748,0.0669763743575753,1.0,-0.0,0,0
460,0.0,0.07326732673267328,0.1115960618107356,1.0,-0.0,0,0
461,0.0,0.04752475247524753,0.09809478080396702,1.0,-0.0,0,0
462,0.0,0.04752475247524753,0.09809478080396702,1.0,-0.0,0,0
463,0.0,0.04752475247524753,0.09809478080396702,1.0,-0.0,0,0
464,0.0,0.10297029702970295,0.13962853515884507,1.0,-0.0,0,0
465,0.0,0.05544554455445544,0.10575073206193021,1.0,-0.0,0,0
466,0.0,0.05544554455445544,0.10575073206193021,1.0,-0.0,0,0
467,0.0,0.05544554455445544,0.10575073206193021,1.0,-0.0,0,0
468,0.2,0.09900990099009901,0.1308729634998678,0.2201564018743143,0.6572686812775224,0,0
469,0.4,0.06336633663366337,0.10504385908811757,0.0006760253672663784,3.1700370072283235,0,0
470,0.4,0.06336633663366337,0.10504385908811757,0.0006760253672663784,3.1700370072283235,0,0
471,0.4,0.06336633663366337,0.10504385908811757,0.0006760253672663784,3.1700370072283235,0,0
472,0.4,0.06336633663366337,0.10504385908811757,0.0006760253672663784,3.1700370072283235,0,0
473,0.2,0.019801980198019802,0.0597350618970232,0.0012780474741147156,2.893453013655617,0,0
474,0.0,0.0,0.0,1.0,-0.0,0,0
475,0.0,0.0,0.0,1.0,-0.0,0,0
476,0.0,0.0,0.0,1.0,-0.0,0,0
477,0.0,0.0,0.0,1.0,-0.0,0,0
478,0.0,0.0,0.0,1.0,-0.0,0,0
479,0.0,0.0,0.0,1.0,-0.0,0,0
480,0.0,0.0,0.0,1.0,-0.0,0,0
481,0.0,0.0,0.0,1.0,-0.0,0,0
482,0.0,0.0,0.0,1.0,-0.0,0,0
483,0.4,0.05544554455445545,0.09797478714338996,0.00021841889085960997,3.660709802591431,0,0
484,0.4,0.05544554455445545,0.09797478714338996,0.00021841889085960997,3.660709802591431,0,0
485,0.8,0.1267326732673267,0.16099387425091363,1.445137405322852e-05,4.840090857726496,0,0
486,0.8,0.1267326732673267,0.16099387425091363,1.445137405322852e-05,4.840090857726496,0,0
487,0.8,0.1267326732673267,0.16099387425091363,1.445137405322852e-05,4.840090857726496,0,0
488,0.4,0.0712871287128713,0.11801714396634726,0.002673930524756041,2.5728498809584988,0,0
489,0.4,0.0712871287128713,0.11801714396634726,0.002673930524756041,2.5728498809584988,0,0
490,0.0,0.0,0.0,1.0,-0.0,0,0
491,0.0,0.0,0.0,1.0,-0.0,0,0
492,0.0,0.0,0.0,1.0,-0.0,0,0
493,0.0,0.0,0.0,1.0,-0.0,0,0
494,0.0,0.0,0.0,1.0,-0.0,0,0
495,0.0,0.07326732673267328,0.1115960618107356,1.0,-0.0,0,0
496,0.0,0.11980198019801978,0.13202145188739237,1.0,-0.0,0,0
497,0.0,0.13267326732673265,0.1414975848312859,1.0,-0.0,0,0
498,0.0,0.1603960396039604,0.16654866260050913,1.0,-0.0,0,0
499,0.0,0.1603960396039604,0.16654866260050913,1.0,-0.0,0,0
500,0.0,0.10495049504950493,0.1395723579145037,1.0,-0.0,0,0
501,0.0,0.10891089108910891,0.15801930568918815,1.0,-0.0,0,0
502,0.0,0.10495049504950495,0.15310401409962543,1.0,-0.0,0,0
503,0.0,0.07722772277227724,0.12576985749069639,1.0,-0.0,0,0
504,0.0,0.13267326732673265,0.16951235294283323,1.0,-0.0,0,0
505,0.0,0.23168316831683167,0.19847472496357746,1.0,-0.0,0,0
506,0.0,0.18217821782178217,0.17371653227296086,1.0,-0.0,0,0
507,0.0,0.3425742574257426,0.25537645853708524,1.0,-0.0,0,0
508,0.0,0.3425742574257426,0.25537645853708524,1.0,-0.0,0,0
509,0.0,0.2851485148514852,0.23772275165875512,1.0,-0.0,0,0
510,0.0,0.16831683168316833,0.18823342001292903,1.0,-0.0,0,0
511,0.0,0.18811881188118815,0.19865245471658538,1.0,-0.0,0,0
512,0.0,0.019801980198019806,0.06603299802191313,1.0,-0.0,0,0
513,0.0,0.05940594059405942,0.0996808946427978,1.0,-0.0,0,0
514,0.0,0.05940594059405942,0.0996808946427978,1.0,-0.0,0,0
515,0.0,0.05940594059405942,0.0996808946427978,1.0,-0.0,0,0
516,0.0,0.03960396039603961,0.08452453849668534,1.0,-0.0,0,0
517,0.0,0.03960396039603961,0.08452453849668534,1.0,-0.0,0,0
518,0.0,0.0,0.0,1.0,-0.0,0,0
519,0.0,0.0,0.0,1.0,-0.0,0,0
520,0.0,0.0,0.0,1.0,-0.0,0,0
521,0.0,0.0059405940594059415,0.033953323167291584,1.0,-0.0,0,0
522,0.0,0.0059405940594059415,0.033953323167291584,1.0,-0.0,0,0
523,0.0,0.033663366336633666,0.07994704648786674,1.0,-0.0,0,0
524,0.0,0.033663366336633666,0.07994704648786674,1.0,-0.0,0,0
525,0.0,0.033663366336633666,0.07994704648786674,1.0,-0.0,0,0
526,0.0,0.027722772277227727,0.07461957893630407,1.0,-0.0,0,0
527,0.0,0.027722772277227727,0.07461957893630407,1.0,-0.0,0,0
528,0.0,0.0,0.0,1.0,-0.0,0,0
529,0.0,0.0,0.0,1.0,-0.0,0,0
530,0.0,0.0,0.0,1.0,-0.0,0,0
531,0.0,0.0,0.0,1.0,-0.0,0,0
532,0.0,0.0,0.0,1.0,-0.0,0,0
533,0.0,0.0,0.0,1.0,-0.0,0,0
534,0.0,0.0,0.0,1.0,-0.0,0,0
535,0.0,0.0,0.0,1.0,-0.0,0,0
536,0.0,0.0,0.0,1.0,-0.0,0,0
537,0.0,0.0,0.0,1.0,-0.0,0,0
538,0.0,0.0,0.0,1.0,-0.0,0,0
539,0.0,0.011881188118811883,0.04727657974777554,1.0,-0.0,0,0
540,0.0,0.011881188118811883,0.04727657974777554,1.0,-0.0,0,0
541,0.0,0.011881188118811883,0.04727657974777554,1.0,-0.0,0,0
542,0.0,0.011881188118811883,0.04727657974777554,1.0,-0.0,0,0
543,0.0,0.011881188118811883,0.04727657974777554,1.0,-0.0,0,0
544,0.0,0.0,0.0,1.0,-0.0,0,0
545,0.0,0.0,0.0,1.0,-0.0,0,0
546,0.0,0.0,0.0,1.0,-0.0,0,0
547,0.0,0.0,0.0,1.0,-0.0,0,0
548,0.0,0.011881188118811883,0.047276579747775535,1.0,-0.0,0,0
549,0.0,0.011881188118811883,0.047276579747775535,1.0,-0.0,0,0
550,0.0,0.011881188118811883,0.047276579747775535,1.0,-0.0,0,0
551,0.0,0.05148514851485149,0.10011267057239238,1.0,-0.0,0,0
552,0.0,0.05148514851485149,0.10011267057239238,1.0,-0.0,0,0
553,0.0,0.039603960396039604,0.08908690597387718,1.0,-0.0,0,0
554,0.0,0.039603960396039604,0.08908690597387718,1.0,-0.0,0,0
555,0.0,0.039603960396039604,0.08908690597387718,1.0,-0.0,0,0
556,0.0,0.0,0.0,1.0,-0.0,0,0
557,0.0,0.0,0.0,1.0,-0.0,0,0
558,0.0,0.0,0.0,1.0,-0.0,0,0
559,0.0,0.0,0.0,1.0,-0.0,0,0
560,0.0,0.0,0.0,1.0,-0.0,0,0
561,0.0,0.0,0.0,1.0,-0.0,0,0
562,0.0,0.0,0.0,1.0,-0.0,0,0
563,0.0,0.0,0.0,1.0,-0.0,0,0
564,0.0,0.0,0.0,1.0,-0.0,0,0
565,0.0,0.0,0.0,1.0,-0.0,0,0
566,0.0,0.0,0.0,1.0,-0.0,0,0
567,0.0,0.0,0.0,1.0,-0.0,0,0
568,0.0,0.0,0.0,1.0,-0.0,0,0
569,0.0,0.0,0.0,1.0,-0.0,0,0
570,0.0,0.01386138613861386,0.05079507064705211,1.0,-0.0,0,0
571,0.0,0.01386138613861386,0.05079507064705211,1.0,-0.0,0,0
572,0.0,0.01386138613861386,0.05079507064705211,1.0,-0.0,0,0
573,0.0,0.01386138613861386,0.05079507064705211,1.0,-0.0,0,0
574,0.0,0.01386138613861386,0.05079507064705211,1.0,-0.0,0,0
575,0.0,0.0,0.0,1.0,-0.0,0,0
576,0.0,0.0,0.0,1.0,-0.0,0,0
577,0.0,0.05940594059405942,0.10733330877518932,1.0,-0.0,0,0
578,0.0,0.05940594059405942,0.10733330877518932,1.0,-0.0,0,0
579,0.2,0.10891089108910891,0.16295477712032463,0.2880863287455219,0.5404773508527283,0,0
580,0.2,0.10891089108910891,0.16295477712032463,0.2880863287455219,0.5404773508527283,0,0
581,0.2,0.10891089108910891,0.16295477712032463,0.2880863287455219,0.5404773508527283,0,0
582,0.2,0.1168316831683168,0.1469621807150849,0.2857252863524995,0.5440513233645135,0,0
583,0.2,0.1168316831683168,0.1469621807150849,0.2857252863524995,0.5440513233645135,0,0
584,0.0,0.12079207920792079,0.13810372890425895,1.0,-0.0,0,0
585,0.0,0.12079207920792079,0.13810372890425895,1.0,-0.0,0,0
586,0.0,0.12079207920792079,0.13810372890425895,1.0,-0.0,0,0
587,0.0,0.05346534653465347,0.10104832334394513,1.0,-0.0,0,0
588,0.0,0.05346534653465347,0.10104832334394513,1.0,-0.0,0,0
589,0.0,0.0,0.0,1.0,-0.0,0,0
590,0.0,0.019801980198019802,0.0597350618970232,1.0,-0.0,0,0
591,0.0,0.019801980198019802,0.0597350618970232,1.0,-0.0,0,0
592,0.0,0.019801980198019802,0.0597350618970232,1.0,-0.0,0,0
593,0.0,0.019801980198019802,0.0597350618970232,1.0,-0.0,0,0
594,0.0,0.019801980198019802,0.0597350618970232,1.0,-0.0,0,0
595,0.0,0.033663366336633666,0.07482947971362847,1.0,-0.0,0,0
596,0.0,0.033663366336633666,0.07482947971362847,1.0,-0.0,0,0
597,0.0,0.033663366336633666,0.07482947971362847,1.0,-0.0,0,0
598,0.0,0.033663366336633666,0.07482947971362847,1.0,-0.0,0,0
599,0.0,0.033663366336633666,0.07482947971362847,1.0,-0.0,0,0
600,0.0,0.0,0.0,1.0,-0.0,0,0
601,0.0,0.0,0.0,1.0,-0.0,0,0
602,0.0,0.0,0.0,1.0,-0.0,0,0
603,0.0,0.0,0.0,1.0,-0.0,0,0
604,0.0,0.0,0.0,1.0,-0.0,0,0
605,0.0,0.0,0.0,1.0,-0.0,0,0
606,0.0,0.0,0.0,1.0,-0.0,0,0
607,0.0,0.0,0.0,1.0,-0.0,0,0
608,0.0,0.0,0.0,1.0,-0.0,0,0
609,0.0,0.009900990099009901,0.0517131281473291,1.0,-0.0,0,0
610,0.0,0.05346534653465347,0.10489443673781407,1.0,-0.0,0,0
611,0.0,0.05346534653465347,0.10489443673781407,1.0,-0.0,0,0
612,0.0,0.05346534653465347,0.10489443673781407,1.0,-0.0,0,0
613,0.2,0.11683168316831682,0.14696218071508493,0.2857252863524996,0.5440513233645132,0,0
614,0.2,0.1069306930693069,0.13661931335176508,0.24786267822600483,0.6057888619402982,0,0
615,0.2,0.06336633663366337,0.10120342446875752,0.08849366552547523,1.0530878154692966,0,0
616,0.2,0.06336633663366337,0.10120342446875752,0.08849366552547523,1.0530878154692966,0,0
617,0.2,0.06336633663366337,0.10120342446875752,0.08849366552547523,1.0530878154692966,0,0
618,0.0,0.0,0.0,1.0,-0.0,0,0
619,0.0,0.0,0.0,1.0,-0.0,0,0
620,0.0,0.0,0.0,1.0,-0.0,0,0
621,0.0,0.0,0.0,1.0,-0.0,0,0
622,0.0,0.09108910891089109,0.1243589581632284,1.0,-0.0,0,0
623,0.0,0.09108910891089109,0.1243589581632284,1.0,-0.0,0,0
624,0.0,0.09108910891089109,0.1243589581632284,1.0,-0.0,0,0
625,0.0,0.09108910891089109,0.1243589581632284,1.0,-0.0,0,0
626,0.0,0.09108910891089109,0.1243589581632284,1.0,-0.0,0,0
627,0.0,0.0,0.0,1.0,-0.0,0,0
628,0.0,0.0,0.0,1.0,-0.0,0,0
629,0.2,0.061386138613861385,0.11515834731523733,0.11435653877291625,0.9417389978975692,0,0
630,0.2,0.061386138613861385,0.11515834731523733,0.11435653877291625,0.9417389978975692,0,0
631,0.2,0.061386138613861385,0.11515834731523733,0.11435653877291625,0.9417389978975692,0,0
632,0.2,0.061386138613861385,0.11515834731523733,0.11435653877291625,0.9417389978975692,0,0
633,0.2,0.11485148514851483,0.15757201001249713,0.29446804123631243,0.5309618325164926,0,0
634,0.0,0.08316831683168316,0.13575553664160483,1.0,-0.0,0,0
635,0.0,0.19801980198019803,0.2207010423693805,1.0,-0.0,0,0
636,0.0,0.19801980198019803,0.2207010423693805,1.0,-0.0,0,0
637,0.0,0.19801980198019803,0.2207010423693805,1.0,-0.0,0,0
638,0.0,0.1425742574257426,0.1936346128607071,1.0,-0.0,0,0
639,0.0,0.11287128712871287,0.17443735085580392,1.0,-0.0,0,0
640,0.0,0.031683168316831684,0.08780118525701133,1.0,-0.0,0,0
641,0.0,0.06930693069306931,0.12722675963729912,1.0,-0.0,0,0
642,0.0,0.07722772277227723,0.12888031758632065,1.0,-0.0,0,0
643,0.0,0.07722772277227723,0.12888031758632065,1.0,-0.0,0,0
644,0.0,0.13267326732673265,0.15989409297573345,1.0,-0.0,0,0
645,0.0,0.14257425742574253,0.1696510890344863,1.0,-0.0,0,0
646,0.0,0.15643564356435644,0.1771142952475081,1.0,-0.0,0,0
647,0.0,0.18217821782178212,0.19108654387033375,1.0,-0.0,0,0
648,0.0,0.18217821782178212,0.19108654387033375,1.0,-0.0,0,0
649,0.0,0.20198019801980197,0.19598959258073068,1.0,-0.0,0,0
650,0.0,0.1603960396039604,0.18459439503241848,1.0,-0.0,0,0
651,0.0,0.1069306930693069,0.15041686348382532,1.0,-0.0,0,0
652,0.0,0.07326732673267328,0.12498799079651088,1.0,-0.0,0,0
653,0.0,0.07920792079207922,0.1292145592164392,1.0,-0.0,0,0
654,0.0,0.0059405940594059415,0.03395332316729158,1.0,-0.0,0,0
655,0.0,0.0059405940594059415,0.03395332316729158,1.0,-0.0,0,0
656,0.0,0.0059405940594059415,0.03395332316729158,1.0,-0.0,0,0
657,0.0,0.04950495049504951,0.09912864166957489,1.0,-0.0,0,0
658,0.0,0.04356435643564357,0.09164702150816742,1.0,-0.0,0,0
659,0.0,0.04356435643564357,0.09164702150816742,1.0,-0.0,0,0
660,0.0,0.07326732673267326,0.1115960618107356,1.0,-0.0,0,0
661,0.0,0.07326732673267326,0.1115960618107356,1.0,-0.0,0,0
662,0.0,0.02970297029702971,0.07112192077650681,1.0,-0.0,0,0
663,0.0,0.051485148514851496,0.09186070102766894,1.0,-0.0,0,0
664,0.0,0.051485148514851496,0.09186070102766894,1.0,-0.0,0,0
665,0.0,0.021782178217821784,0.062305476128919915,1.0,-0.0,0,0
666,0.0,0.021782178217821784,0.062305476128919915,1.0,-0.0,0,0
667,0.0,0.05544554455445545,0.09384550979067553,1.0,-0.0,0,0
668,0.0,0.033663366336633666,0.07482947971362845,1.0,-0.0,0,0
669,0.0,0.033663366336633666,0.07482947971362845,1.0,-0.0,0,0
670,0.0,0.033663366336633666,0.07482947971362845,1.0,-0.0,0,0
671,0.0,0.03762376237623763,0.07816140339006158,1.0,-0.0,0,0
672,0.0,0.0039603960396039604,0.027863855998951068,1.0,-0.0,0,0
673,0.0,0.0039603960396039604,0.027863855998951068,1.0,-0.0,0,0
674,0.0,0.0039603960396039604,0.027863855998951068,1.0,-0.0,0,0
675,0.0,0.0039603960396039604,0.027863855998951068,1.0,-0.0,0,0
676,0.0,0.0,0.0,1.0,-0.0,0,0
677,0.0,0.0,0.0,1.0,-0.0,0,0
678,0.0,0.0,0.0,1.0,-0.0,0,0
679,0.0,0.0,0.0,1.0,-0.0,0,0
680,0.0,0.0,0.0,1.0,-0.0,0,0
681,0.0,0.0,0.0,1.0,-0.0,0,0
682,0.0,0.0,0.0,1.0,-0.0,0,0
683,0.0,0.0,0.0,1.0,-0.0,0,0
684,0.0,0.0,0.0,1.0,-0.0,0,0
685,0.0,0.0,0.0,1.0,-0.0,0,0
686,0.0,0.100990099009901,0.14521752172118105,1.0,-0.0,0,0
687,0.0,0.100990099009901,0.14521752172118105,1.0,-0.0,0,0
688,0.0,0.100990099009901,0.14521752172118105,1.0,-0.0,0,0
689,0.0,0.11683168316831682,0.14696218071508493,1.0,-0.0,0,0
690,0.0,0.11683168316831682,0.14696218071508493,1.0,-0.0,0,0
691,0.0,0.015841584158415842,0.054012600780142014,1.0,-0.0,0,0
692,0.0,0.015841584158415842,0.054012600780142014,1.0,-0.0,0,0
693,0.0,0.12475247524752475,0.16374693140141006,1.0,-0.0,0,0
694,0.0,0.10891089108910891,0.15292463030738873,1.0,-0.0,0,0
695,0.0,0.10891089108910891,0.15292463030738873,1.0,-0.0,0,0
696,0.0,0.10891089108910891,0.15292463030738873,1.0,-0.0,0,0
697,0.0,0.10891089108910891,0.15292463030738873,1.0,-0.0,0,0
698,0.2,0.05346534653465347,0.10860442931328386,0.08862815178171936,1.0524283072157032,0,0
699,0.2,0.05346534653465347,0.10860442931328386,0.08862815178171936,1.0524283072157032,0,0
700,0.2,0.05346534653465347,0.10860442931328386,0.08862815178171936,1.0524283072157032,0,0
701,0.2,0.05346534653465347,0.10860442931328386,0.08862815178171936,1.0524283072157032,0,0
702,0.2,0.05346534653465347,0.10860442931328386,0.08862815178171936,1.0524283072157032,0,0
703,0.0,0.007920792079207921,0.03900537743285587,1.0,-0.0,0,0
704,0.0,0.007920792079207921,0.03900537743285587,1.0,-0.0,0,0
705,0.0,0.007920792079207921,0.03900537743285587,1.0,-0.0,0,0
706,0.0,0.007920792079207921,0.03900537743285587,1.0,-0.0,0,0
707,0.0,0.007920792079207921,0.03900537743285587,1.0,-0.0,0,0
708,0.0,0.0,0.0,1.0,-0.0,0,0
709,0.6,0.14059405940594058,0.16300289605747864,0.0024132476748056713,2.6173981035858214,0,0
710,0.6,0.14059405940594058,0.16300289605747864,0.0024132476748056713,2.6173981035858214,0,0
711,0.6,0.14059405940594058,0.16300289605747864,0.0024132476748056713,2.6173981035858214,0,0
712,0.6,0.14059405940594058,0.16300289605747864,0.0024132476748056713,2.6173981035858214,0,0
713,0.6,0.14059405940594058,0.16300289605747864,0.0024132476748056713,2.6173981035858214,0,0
714,0.8,0.05148514851485149,0.096075322540263,3.3362335976403793e-15,14.476743548377694,0,0
715,0.8,0.09108910891089106,0.1243589581632284,5.972080004958898e-09,8.223874382882807,0,0
716,0.8,0.09108910891089106,0.1243589581632284,5.972080004958898e-09,8.223874382882807,0,0
717,0.8,0.11287128712871286,0.127165103825761,3.268783910512242e-08,7.4856137883746685,0,0
718,0.8,0.11287128712871286,0.127165103825761,3.268783910512242e-08,7.4856137883746685,0,0
719,0.0,0.061386138613861385,0.10806149425459212,1.0,-0.0,0,0
720,0.0,0.021782178217821784,0.062305476128919915,1.0,-0.0,0,0
721,0.0,0.021782178217821784,0.062305476128919915,1.0,-0.0,0,0
722,0.0,0.0,0.0,1.0,-0.0,0,0
723,0.0,0.0,0.0,1.0,-0.0,0,0
724,0.0,0.019801980198019802,0.0597350618970232,1.0,-0.0,0,0
725,0.0,0.019801980198019802,0.0597350618970232,1.0,-0.0,0,0
726,0.0,0.019801980198019802,0.0597350618970232,1.0,-0.0,0,0
727,0.0,0.019801980198019802,0.0597350618970232,1.0,-0.0,0,0
728,0.0,0.05742574257425742,0.11375371577303027,1.0,-0.0,0,0
729,0.0,0.11485148514851484,0.16252106557372825,1.0,-0.0,0,0
730,0.0,0.11485148514851484,0.16252106557372825,1.0,-0.0,0,0
731,0.0,0.11485148514851484,0.16252106557372825,1.0,-0.0,0,0
732,0.0,0.11485148514851484,0.16252106557372825,1.0,-0.0,0,0
733,0.0,0.07722772277227723,0.1257698574906964,1.0,-0.0,0,0
734,0.0,0.0,0.0,1.0,-0.0,0,0
735,0.0,0.0,0.0,1.0,-0.0,0,0
736,0.0,0.0,0.0,1.0,-0.0,0,0
737,0.0,0.08316831683168317,0.13575553664160483,1.0,-0.0,0,0
738,0.0,0.19999999999999998,0.1929448697744442,1.0,-0.0,0,0
739,0.0,0.19999999999999998,0.1929448697744442,1.0,-0.0,0,0
740,0.0,0.19999999999999998,0.1929448697744442,1.0,-0.0,0,0
741,0.0,0.19999999999999998,0.1929448697744442,1.0,-0.0,0,0
742,0.0,0.11485148514851483,0.13886822488939993,1.0,-0.0,0,0
743,0.0,0.0,0.0,1.0,-0.0,0,0
744,0.0,0.0,0.0,1.0,-0.0,0,0
745,0.0,0.0,0.0,1.0,-0.0,0,0
746,1.2,0.05544554455445545,0.10575073206193021,1.0000000001337343e-17,16.99999999994192,0,0
747,1.2,0.05544554455445545,0.10575073206193021,1.0000000001337343e-17,16.99999999994192,0,0
748,1.2,0.05544554455445545,0.10575073206193021,1.0000000001337343e-17,16.99999999994192,0,0
749,1.2,0.05544554455445545,0.10575073206193021,1.0000000001337343e-17,16.99999999994192,0,0
750,1.2,0.05544554455445545,0.10575073206193021,1.0000000001337343e-17,16.99999999994192,0,0
751,0.0,0.0,0.0,1.0,-0.0,0,0
752,0.0,0.0,0.0,1.0,-0.0,0,0
753,0.0,0.0,0.0,1.0,-0.0,0,0
754,0.0,0.07920792079207921,0.11631029826208643,1.0,-0.0,0,0
755,0.0,0.07920792079207921,0.11631029826208643,1.0,-0.0,0,0
756,0.0,0.07920792079207921,0.11631029826208643,1.0,-0.0,0,0
757,0.0,0.07920792079207921,0.11631029826208643,1.0,-0.0,0,0
758,0.0,0.07920792079207921,0.11631029826208643,1.0,-0.0,0,0
759,0.0,0.0,0.0,1.0,-0.0,0,0
760,0.0,0.0,0.0,1.0,-0.0,0,0
761,0.0,0.0,0.0,1.0,-0.0,0,0
762,0.0,0.0,0.0,1.0,-0.0,0,0
763,0.0,0.0,0.0,1.0,-0.0,0,0
764,0.0,0.0,0.0,1.0,-0.0,0,0
765,0.0,0.0,0.0,1.0,-0.0,0,0
766,0.0,0.0,0.0,1.0,-0.0,0,0
767,0.0,0.0,0.0,1.0,-0.0,0,0
768,0.0,0.0,0.0,1.0,-0.0,0,0
769,0.0,0.0,0.0,1.0,-0.0,0,0
770,0.0,0.0,0.0,1.0,-0.0,0,0
771,0.0,0.08118811881188118,0.13549532985786936,1.0,-0.0,0,0
772,0.0,0.08118811881188118,0.13549532985786936,1.0,-0.0,0,0
773,0.0,0.08118811881188118,0.13549532985786936,1.0,-0.0,0,0
774,0.0,0.08316831683168316,0.13864214704328154,1.0,-0.0,0,0
775,0.0,0.08316831683168316,0.13864214704328154,1.0,-0.0,0,0
776,0.0,0.0019801980198019802,0.019801980198019802,1.0,-0.0,0,0
777,0.0,0.0019801980198019802,0.019801980198019802,1.0,-0.0,0,0
778,0.0,0.0019801980198019802,0.019801980198019802,1.0,-0.0,0,0
779,0.0,0.0,0.0,1.0,-0.0,0,0
780,0.0,0.0,0.0,1.0,-0.0,0,0
781,0.0,0.0,0.0,1.0,-0.0,0,0
782,0.0,0.0,0.0,1.0,-0.0,0,0
783,0.0,0.08118811881188118,0.13838736799727644,1.0,-0.0,0,0
784,0.0,0.1574257425742574,0.1936346128607071,1.0,-0.0,0,0
785,0.2,0.19207920792079206,0.2027939344870037,0.4844219423815431,0.31477619327589373,0,0
786,0.2,0.22376237623762374,0.213016298754221,1.0,-0.0,0,0
787,0.2,0.22376237623762374,0.213016298754221,1.0,-0.0,0,0
788,0.6,0.23366336633663365,0.21812759810261126,0.04653118834158644,1.3322558560503681,0,0
789,0.6,0.15841584158415842,0.19764320624996698,0.012733343244013281,1.8950575537855503,0,0
790,0.4,0.20396039603960395,0.19290421984883258,0.15475432384726479,0.8103572079183505,0,0
791,0.4,0.17227722772277224,0.18245781385805057,0.10600005405618125,0.9746939132607463,0,0
792,0.4,0.17227722772277224,0.18245781385805057,0.10600005405618125,0.9746939132607463,0,0
793,0.0,0.07920792079207921,0.11285391563386142,1.0,-0.0,0,0
794,0.0,0.07920792079207921,0.11285391563386142,1.0,-0.0,0,0
795,0.0,0.0,0.0,1.0,-0.0,0,0
796,0.0,0.03762376237623763,0.09211646217515253,1.0,-0.0,0,0
797,0.0,0.03762376237623763,0.09211646217515253,1.0,-0.0,0,0
798,0.0,0.03762376237623763,0.09211646217515253,1.0,-0.0,0,0
799,0.0,0.03762376237623763,0.09211646217515253,1.0,-0.0,0,0
