,foreground,bg_means,bg_stdev,pvals,minus_logs,regs,active
2,0.0,0.09900990099009901,0.1367914141716479,1.0,-0.0,0,0
3,0.0,0.09900990099009901,0.1367914141716479,1.0,-0.0,0,0
4,0.0,0.13069306930693067,0.16028599085028164,1.0,-0.0,0,0
5,0.0,0.19603960396039602,0.19696750100290228,1.0,-0.0,0,0
6,0.4,0.23762376237623759,0.2246455889250183,0.23489809325674854,0.6291205085158528,0,0
7,0.4,0.22376237623762374,0.2238937667342981,0.21559749504430942,0.6663562893793329,0,0
8,0.4,0.28118811881188116,0.2472473693308294,0.3154222652738361,0.5011076536061286,0,0
9,0.4,0.24554455445544554,0.2046609137062056,0.22521764978918873,0.6473975778273908,0,0
10,0.4,0.18217821782178217,0.17142156917092394,0.10192144084382883,0.9917344454276704,0,0
11,0.0,0.18217821782178217,0.16191676116245252,1.0,-0.0,0,0
12,0.0,0.14059405940594058,0.15297590428378585,1.0,-0.0,0,0
13,0.0,0.08118811881188118,0.11999411807954947,1.0,-0.0,0,0
14,0.0,0.041584158415841586,0.08116396646304633,1.0,-0.0,0,0
15,0.0,0.041584158415841586,0.08116396646304633,1.0,-0.0,0,0
16,0.2,0.07920792079207921,0.12293186689242579,0.16290372061051445,0.7880689965867439,0,0
17,0.2,0.07920792079207921,0.12293186689242579,0.16290372061051445,0.7880689965867439,0,0
18,0.2,0.07920792079207921,0.12293186689242579,0.16290372061051445,0.7880689965867439,0,0
19,0.2,0.07920792079207921,0.12293186689242579,0.16290372061051445,0.7880689965867439,0,0
20,0.4,0.09108910891089109,0.13057300215314485,0.008995341606131295,2.0459823392844374,0,0
21,0.2,0.17623762376237626,0.1808388127814792,0.4477291026228591,0.34898467533347827,0,0
22,0.2,0.17623762376237626,0.1808388127814792,0.4477291026228591,0.34898467533347827,0,0
23,0.2,0.17623762376237626,0.1808388127814792,0.4477291026228591,0.34898467533347827,0,0
24,0.2,0.18811881188118812,0.18200594523684843,0.4739758829612071,0.32424375571691005,0,0
25,0.2,0.2138613861386139,0.17633771771004506,1.0,-0.0,0,0
26,0.2,0.049504950495049514,0.09078727434730813,0.04869237040212954,1.3125390829709087,0,0
27,0.4,0.11287128712871286,0.13618810981425267,0.017501470035157667,1.7569254712369022,0,0
28,0.6,0.2732673267326733,0.21566892903767937,0.06488958049892496,1.187825033478647,0,0
29,0.8,0.3445544554455446,0.27303764202999103,0.04765104489237708,1.3219275717094292,0,0
30,0.6,0.3069306930693069,0.26485842500392404,0.13425225671029095,0.8720784053037194,0,0
31,0.6,0.3544554455445545,0.2726927522392398,0.1839420052888957,0.7353190832575311,0,0
32,0.4,0.39801980198019804,0.2617459269997356,0.49698189313940844,0.30365943390829675,0,0
33,0.2,0.2376237623762376,0.2100690528376371,1.0,-0.0,0,0
34,0.0,0.19405940594059404,0.18764923153239027,1.0,-0.0,0,0
35,0.0,0.22772277227722768,0.19906654038593571,1.0,-0.0,0,0
36,0.0,0.18217821782178212,0.19108654387033375,1.0,-0.0,0,0
37,0.0,0.07326732673267328,0.11848138852793338,1.0,-0.0,0,0
38,0.0,0.15445544554455443,0.17321922953369534,1.0,-0.0,0,0
39,0.0,0.11287128712871287,0.14188502271424047,1.0,-0.0,0,0
40,0.0,0.07920792079207921,0.12293186689242579,1.0,-0.0,0,0
41,0.0,0.11485148514851484,0.15757201001249715,1.0,-0.0,0,0
42,0.0,0.11485148514851484,0.15757201001249715,1.0,-0.0,0,0
43,0.0,0.03564356435643565,0.08626938974571076,1.0,-0.0,0,0
44,0.0,0.03564356435643565,0.08626938974571076,1.0,-0.0,0,0
45,0.0,0.03564356435643565,0.08626938974571076,1.0,-0.0,0,0
46,0.0,0.0,0.0,1.0,-0.0,0,0
47,0.0,0.0,0.0,1.0,-0.0,0,0
48,0.0,0.0,0.0,1.0,-0.0,0,0
49,0.0,0.0,0.0,1.0,-0.0,0,0
50,0.0,0.0,0.0,1.0,-0.0,0,0
51,0.0,0.0,0.0,1.0,-0.0,0,0
52,0.2,0.031683168316831684,0.07826167463512675,0.015750221703151112,1.8027133286186672,0,0
53,0.2,0.031683168316831684,0.07826167463512675,0.015750221703151112,1.8027133286186672,0,0
54,0.2,0.031683168316831684,0.07826167463512675,0.015750221703151112,1.8027133286186672,0,0
55,0.2,0.031683168316831684,0.07826167463512675,0.015750221703151112,1.8027133286186672,0,0
56,0.2,0.031683168316831684,0.07826167463512675,0.015750221703151112,1.8027133286186672,0,0
57,0.0,0.0,0.0,1.0,-0.0,0,0
58,0.0,0.0,0.0,1.0,-0.0,0,0
59,0.0,0.0,0.0,1.0,-0.0,0,0
60,0.0,0.0,0.0,1.0,-0.0,0,0
61,0.0,0.0,0.0,1.0,-0.0,0,0
62,0.2,0.0297029702970297,0.07112192077650681,0.008322928729312118,2.079723824290396,0,0
63,0.4,0.061386138613861385,0.11515834731523734,0.0016388402660386626,2.7854633740430548,0,0
64,0.4,0.09108910891089109,0.13357165904190144,0.010369628165199637,1.9842368162915016,0,0
65,0.4,0.11881188118811879,0.1467218499235066,0.027652607908948273,1.5582639042487492,0,0
66,0.4,0.11881188118811879,0.1467218499235066,0.027652607908948273,1.5582639042487492,0,0
67,0.2,0.0891089108910891,0.12420120222231065,0.18597296685049775,0.7305501805181491,0,0
68,0.0,0.09504950495049505,0.12135883917659063,1.0,-0.0,0,0
69,0.0,0.06534653465346535,0.10571364605971598,1.0,-0.0,0,0
70,0.0,0.03762376237623762,0.07816140339006158,1.0,-0.0,0,0
71,0.0,0.03762376237623762,0.07816140339006158,1.0,-0.0,0,0
72,0.0,0.03762376237623762,0.07816140339006158,1.0,-0.0,0,0
73,0.4,0.05544554455445545,0.09384550979067553,0.00012056218946056165,3.918788873649578,0,0
74,0.8,0.10099009900990098,0.13679141417164786,1.6104341845720933e-07,6.793057019283426,0,0
75,1.2,0.17029702970297025,0.1674175159433525,3.861729260561513e-10,9.413218177155734,0,0
76,1.2,0.17029702970297025,0.1674175159433525,3.861729260561513e-10,9.413218177155734,0,0
77,1.2,0.17029702970297025,0.1674175159433525,3.861729260561513e-10,9.413218177155734,0,0
78,0.8,0.11287128712871286,0.15002532217723416,2.323936086644587e-06,5.633775820171236,0,0
79,0.4,0.06732673267326733,0.10255055347504201,0.0005893334218240312,3.229638928831603,0,0
80,0.0,0.0,0.0,1.0,-0.0,0,0
81,0.0,0.0,0.0,1.0,-0.0,0,0
82,0.0,0.0,0.0,1.0,-0.0,0,0
83,0.0,0.041584158415841586,0.08116396646304633,1.0,-0.0,0,0
84,0.0,0.041584158415841586,0.08116396646304633,1.0,-0.0,0,0
85,0.0,0.05544554455445546,0.09384550979067553,1.0,-0.0,0,0
86,0.0,0.05544554455445546,0.09384550979067553,1.0,-0.0,0,0
87,0.0,0.05544554455445546,0.09384550979067553,1.0,-0.0,0,0
88,0.0,0.013861386138613863,0.05079507064705211,1.0,-0.0,0,0
89,0.0,0.013861386138613863,0.05079507064705211,1.0,-0.0,0,0
90,0.0,0.0,0.0,1.0,-0.0,0,0
91,0.0,0.0,0.0,1.0,-0.0,0,0
92,0.0,0.0,0.0,1.0,-0.0,0,0
93,0.0,0.09108910891089109,0.14218869759220787,1.0,-0.0,0,0
94,0.0,0.09108910891089109,0.14218869759220787,1.0,-0.0,0,0
95,0.0,0.09108910891089109,0.14218869759220787,1.0,-0.0,0,0
96,0.0,0.1425742574257426,0.18527289727867036,1.0,-0.0,0,0
97,0.0,0.1425742574257426,0.18527289727867036,1.0,-0.0,0,0
98,0.0,0.05148514851485149,0.10011267057239238,1.0,-0.0,0,0
99,0.0,0.05148514851485149,0.10011267057239238,1.0,-0.0,0,0
100,0.0,0.05148514851485149,0.10011267057239238,1.0,-0.0,0,0
101,0.0,0.0,0.0,1.0,-0.0,0,0
102,0.0,0.0,0.0,1.0,-0.0,0,0
103,0.0,0.2594059405940594,0.22958344449134685,1.0,-0.0,0,0
104,0.0,0.2594059405940594,0.22958344449134685,1.0,-0.0,0,0
105,0.0,0.29504950495049503,0.23979208717973227,1.0,-0.0,0,0
106,0.0,0.29504950495049503,0.23979208717973227,1.0,-0.0,0,0
107,0.0,0.29504950495049503,0.23979208717973227,1.0,-0.0,0,0
108,0.0,0.3188118811881188,0.21832525073010245,1.0,-0.0,0,0
109,0.0,0.3188118811881188,0.21832525073010245,1.0,-0.0,0,0
110,0.0,0.3366336633663367,0.20858921318437532,1.0,-0.0,0,0
111,0.0,0.3366336633663367,0.20858921318437532,1.0,-0.0,0,0
112,0.0,0.3366336633663367,0.20858921318437532,1.0,-0.0,0,0
113,0.0,0.05148514851485149,0.1001126705723924,1.0,-0.0,0,0
114,0.0,0.05148514851485149,0.1001126705723924,1.0,-0.0,0,0
115,0.0,0.0,0.0,1.0,-0.0,0,0
116,0.0,0.1881188118811881,0.17535656953133033,1.0,-0.0,0,0
117,0.0,0.26930693069306927,0.19788113956997022,1.0,-0.0,0,0
118,0.0,0.3207920792079208,0.21814557392349168,1.0,-0.0,0,0
119,0.0,0.3801980198019802,0.27214578285321944,1.0,-0.0,0,0
120,0.0,0.3801980198019802,0.27214578285321944,1.0,-0.0,0,0
121,0.0,0.19207920792079206,0.1886288032334235,1.0,-0.0,0,0
122,0.0,0.12277227722772276,0.16160162980675777,1.0,-0.0,0,0
123,0.0,0.07326732673267328,0.11848138852793338,1.0,-0.0,0,0
124,0.0,0.013861386138613863,0.05079507064705211,1.0,-0.0,0,0
125,0.0,0.013861386138613863,0.05079507064705211,1.0,-0.0,0,0
126,0.0,0.013861386138613863,0.05079507064705211,1.0,-0.0,0,0
127,0.0,0.027722772277227727,0.06910862719451544,1.0,-0.0,0,0
128,0.0,0.027722772277227727,0.06910862719451544,1.0,-0.0,0,0
129,0.0,0.027722772277227727,0.06910862719451544,1.0,-0.0,0,0
130,0.0,0.027722772277227727,0.06910862719451544,1.0,-0.0,0,0
131,0.0,0.027722772277227727,0.06910862719451544,1.0,-0.0,0,0
132,0.0,0.0,0.0,1.0,-0.0,0,0
133,0.0,0.0,0.0,1.0,-0.0,0,0
134,0.0,0.0,0.0,1.0,-0.0,0,0
135,0.0,0.0,0.0,1.0,-0.0,0,0
136,0.0,0.0,0.0,1.0,-0.0,0,0
137,0.0,0.009900990099009901,0.04338396495090424,1.0,-0.0,0,0
138,0.0,0.0594059405940594,0.09562531855564069,1.0,-0.0,0,0
139,0.0,0.0594059405940594,0.09562531855564069,1.0,-0.0,0,0
140,0.0,0.0594059405940594,0.09562531855564069,1.0,-0.0,0,0
141,0.0,0.0594059405940594,0.09562531855564069,1.0,-0.0,0,0
142,0.0,0.04950495049504951,0.08631483056516186,1.0,-0.0,0,0
143,0.0,0.0,0.0,1.0,-0.0,0,0
144,0.0,0.06336633663366337,0.10120342446875752,1.0,-0.0,0,0
145,0.0,0.06336633663366337,0.10120342446875752,1.0,-0.0,0,17
146,0.0,0.06336633663366337,0.10120342446875752,1.0,-0.0,0,0
147,0.0,0.06336633663366337,0.10120342446875752,1.0,-0.0,0,0
148,0.0,0.06336633663366337,0.10120342446875752,1.0,-0.0,0,0
149,0.0,0.0,0.0,1.0,-0.0,0,0
150,0.0,0.0,0.0,1.0,-0.0,0,0
151,0.0,0.06930693069306931,0.11409790329416186,1.0,-0.0,0,0
152,0.0,0.08910891089108909,0.13923481846532232,1.0,-0.0,0,0
153,0.0,0.08910891089108909,0.13923481846532232,1.0,-0.0,0,0
154,0.0,0.08910891089108909,0.13923481846532232,1.0,-0.0,0,0
155,0.0,0.08910891089108909,0.13923481846532232,1.0,-0.0,0,0
156,0.0,0.019801980198019802,0.059735061897023205,1.0,-0.0,0,0
157,0.0,0.015841584158415842,0.05401260078014202,1.0,-0.0,0,0
158,0.0,0.015841584158415842,0.05401260078014202,1.0,-0.0,0,0
159,0.0,0.05346534653465347,0.09704990696905227,1.0,-0.0,0,0
160,0.2,0.06930693069306931,0.11057238501634628,0.11860911207080789,0.9258819452883051,0,0
161,0.2,0.06930693069306931,0.11057238501634628,0.11860911207080789,0.9258819452883051,0,0
162,0.2,0.05346534653465347,0.10104832334394513,0.0735091372710952,1.1336586742521857,0,0
163,0.2,0.07920792079207921,0.11285391563386142,0.1422331097238646,0.8469992946288156,0,0
164,0.2,0.041584158415841586,0.08116396646304633,0.025480968483881664,1.5937840693032386,0,0
165,0.0,0.025742574257425748,0.06697637435757531,1.0,-0.0,0,0
166,0.0,0.025742574257425748,0.06697637435757531,1.0,-0.0,0,0
167,0.2,0.05742574257425744,0.10277971700879983,0.08269301175340933,1.0825311903890305,0,0
168,0.2,0.05544554455445545,0.09384550979067553,0.0617381483506657,1.2094464000101817,0,0
169,0.2,0.16435643564356434,0.1697897117641665,0.41686204965167273,0.3800076404387553,0,0
170,0.4,0.2138613861386138,0.19951907671778216,0.17542639744126554,0.7559050552089339,0,0
171,0.4,0.2138613861386138,0.19951907671778216,0.17542639744126554,0.7559050552089339,0,0
172,0.2,0.18217821782178217,0.1972062495766079,0.4639960872886449,0.33348568167812653,0,0
173,0.2,0.15841584158415842,0.18307998940714804,0.4101587792982695,0.38704798809938745,0,0
174,0.2,0.09108910891089109,0.13057300215314485,0.20211242547219427,0.6944069860981138,0,0
175,0.0,0.12277227722772277,0.14342430861173722,1.0,-0.0,0,0
176,0.0,0.12277227722772277,0.14342430861173722,1.0,-0.0,0,0
177,0.0,0.12277227722772277,0.14342430861173722,1.0,-0.0,0,0
178,0.0,0.12277227722772277,0.14342430861173722,1.0,-0.0,0,0
179,0.0,0.08118811881188118,0.10964648079134362,1.0,-0.0,0,0
180,0.0,0.021782178217821784,0.06230547612891991,1.0,-0.0,0,0
181,0.0,0.021782178217821784,0.06230547612891991,1.0,-0.0,0,0
182,0.2,0.049504950495049514,0.09504950495049505,0.056672754609762926,1.2466256777282645,0,0
183,0.2,0.049504950495049514,0.09504950495049505,0.056672754609762926,1.2466256777282645,0,0
184,0.2,0.07722772277227724,0.12888031758632065,0.17039464501736856,0.7685440579023645,0,0
185,0.2,0.05544554455445544,0.11644507269694382,0.10722973538703191,0.9696847657272933,0,0
186,0.2,0.05544554455445544,0.11644507269694382,0.10722973538703191,0.9696847657272933,0,0
187,0.0,0.027722772277227727,0.06910862719451544,1.0,-0.0,0,0
188,0.0,0.027722772277227727,0.06910862719451544,1.0,-0.0,0,0
189,0.0,0.031683168316831684,0.0730260947112308,1.0,-0.0,0,0
190,0.0,0.10495049504950493,0.1307830473343237,1.0,-0.0,0,0
191,0.0,0.10495049504950493,0.1307830473343237,1.0,-0.0,0,0
192,0.0,0.10495049504950493,0.1307830473343237,1.0,-0.0,0,0
193,0.0,0.1287128712871287,0.13954426081146826,1.0,-0.0,0,0
194,0.0,0.09504950495049505,0.13078304733432375,1.0,-0.0,0,0
195,0.0,0.021782178217821784,0.06230547612891991,1.0,-0.0,0,0
196,0.0,0.021782178217821784,0.06230547612891991,1.0,-0.0,0,0
197,0.0,0.021782178217821784,0.06230547612891991,1.0,-0.0,0,0
198,0.0,0.031683168316831684,0.07826167463512675,1.0,-0.0,0,0
199,0.0,0.031683168316831684,0.07826167463512675,1.0,-0.0,0,0
200,0.0,0.031683168316831684,0.07826167463512675,1.0,-0.0,0,0
201,0.0,0.031683168316831684,0.07826167463512675,1.0,-0.0,0,0
202,0.0,0.06930693069306931,0.10693069306930696,1.0,-0.0,0,0
203,0.0,0.03762376237623763,0.07816140339006158,1.0,-0.0,0,0
204,0.0,0.03762376237623763,0.07816140339006158,1.0,-0.0,0,0
205,0.0,0.09306930693069307,0.13069306930693073,1.0,-0.0,0,0
206,0.0,0.21584158415841584,0.18170407519927861,1.0,-0.0,0,0
207,0.0,0.2396039603960396,0.19502688716427927,1.0,-0.0,0,0
208,0.0,0.2396039603960396,0.19502688716427927,1.0,-0.0,0,0
209,0.0,0.2396039603960396,0.19502688716427927,1.0,-0.0,0,0
210,0.0,0.18415841584158413,0.17276589394999795,1.0,-0.0,0,0
211,0.0,0.0613861386138614,0.10806149425459212,1.0,-0.0,0,0
212,0.0,0.0,0.0,1.0,-0.0,0,0
213,0.2,0.015841584158415842,0.054012600780142014,0.00032535620257014524,3.4876409094885674,0,0
214,0.2,0.015841584158415842,0.054012600780142014,0.00032535620257014524,3.4876409094885674,0,0
215,0.2,0.0297029702970297,0.07112192077650681,0.008322928729312118,2.079723824290396,0,0
216,0.2,0.0297029702970297,0.07112192077650681,0.008322928729312118,2.079723824290396,0,0
217,0.4,0.12277227722772276,0.1406358883529878,0.02434795753131606,1.6135374644322202,0,0
218,0.2,0.10693069306930694,0.13368903310588715,0.24316349850456437,0.6141016168491316,0,0
219,0.2,0.10693069306930694,0.13368903310588715,0.24316349850456437,0.6141016168491316,0,0
220,0.2,0.09306930693069305,0.12448501897427097,0.19517455309290543,0.7095768064016368,0,0
221,0.2,0.10495049504950493,0.13078304733432372,0.2336827065616655,0.6313734259164431,0,0
222,0.0,0.011881188118811883,0.047276579747775535,1.0,-0.0,0,0
223,0.0,0.011881188118811883,0.047276579747775535,1.0,-0.0,0,0
224,0.0,0.011881188118811883,0.047276579747775535,1.0,-0.0,0,0
225,0.0,0.011881188118811883,0.047276579747775535,1.0,-0.0,0,0
226,0.0,0.0,0.0,1.0,-0.0,0,0
227,0.0,0.017821782178217824,0.056980176514606566,1.0,-0.0,0,0
228,0.0,0.017821782178217824,0.056980176514606566,1.0,-0.0,0,0
229,0.0,0.017821782178217824,0.056980176514606566,1.0,-0.0,0,0
230,0.0,0.017821782178217824,0.056980176514606566,1.0,-0.0,0,0
231,0.0,0.017821782178217824,0.056980176514606566,1.0,-0.0,0,0
232,0.0,0.0,0.0,1.0,-0.0,0,0
233,0.0,0.0,0.0,1.0,-0.0,0,0
234,0.0,0.0,0.0,1.0,-0.0,0,0
235,0.0,0.04554455445544555,0.09700949476369022,1.0,-0.0,0,0
236,0.0,0.04554455445544555,0.09700949476369022,1.0,-0.0,0,0
237,0.0,0.04554455445544555,0.09700949476369022,1.0,-0.0,0,0
238,0.0,0.04554455445544555,0.09700949476369022,1.0,-0.0,0,0
239,0.0,0.04554455445544555,0.09700949476369022,1.0,-0.0,0,0
240,0.0,0.0,0.0,1.0,-0.0,0,0
241,0.0,0.0,0.0,1.0,-0.0,0,0
242,0.0,0.0,0.0,1.0,-0.0,0,0
243,0.0,0.1306930693069307,0.1474150698648297,1.0,-0.0,0,0
244,0.0,0.16435643564356436,0.16744093589393827,1.0,-0.0,0,0
245,0.0,0.16435643564356436,0.16744093589393827,1.0,-0.0,0,0
246,0.0,0.2613861386138614,0.21012504387932376,1.0,-0.0,0,0
247,0.0,0.2613861386138614,0.21012504387932376,1.0,-0.0,0,0
248,0.0,0.1504950495049505,0.16746435256923542,1.0,-0.0,0,0
249,0.0,0.16435643564356434,0.17887666995067275,1.0,-0.0,0,0
250,0.6,0.3544554455445545,0.24677112997503972,0.15986095807764328,0.7962575885475076,0,0
251,0.6,0.291089108910891,0.21713663622768792,0.07741784879610808,1.1111589005572295,0,0
252,0.6,0.3029702970297029,0.21176086154922535,0.08035827090727767,1.0949694166662847,1,0
253,0.6,0.28316831683168314,0.20922738917817496,0.06497570353210551,1.1872490094266863,0,0
254,0.8,0.32673267326732675,0.22289325647929042,0.016864721932828675,1.773020815105297,0,0
255,0.2,0.13465346534653463,0.1594766462708981,0.34099242240730443,0.4672552718674996,0,0
256,0.2,0.09900990099009901,0.1367914141716479,0.23017274996365789,0.6379460935686512,0,0
257,0.2,0.0891089108910891,0.13042276277287215,0.19759489744115794,0.7042242745346299,0,0
258,0.2,0.0891089108910891,0.13042276277287215,0.19759489744115794,0.7042242745346299,0,0
259,0.0,0.0,0.0,1.0,-0.0,0,0
260,0.0,0.0,0.0,1.0,-0.0,0,0
261,0.0,0.025742574257425745,0.07264925278354115,1.0,-0.0,0,0
262,0.8,0.12178217821782177,0.13759170507754623,4.128229647693298e-07,6.384236151508782,0,0
263,0.8,0.12178217821782177,0.13759170507754623,4.128229647693298e-07,6.384236151508782,0,0
264,0.8,0.12178217821782177,0.13759170507754623,4.128229647693298e-07,6.384236151508782,1,0
265,0.8,0.12178217821782177,0.13759170507754623,4.128229647693298e-07,6.384236151508782,0,0
266,0.8,0.09504950495049502,0.12457948087149173,7.628839329593985e-09,8.117541531651428,0,0
267,0.0,0.0,0.0,1.0,-0.0,0,0
268,0.0,0.0,0.0,1.0,-0.0,0,0
269,0.0,0.0,0.0,1.0,-0.0,0,0
270,0.0,0.0,0.0,1.0,-0.0,0,0
271,0.0,0.09306930693069305,0.12448501897427097,1.0,-0.0,0,0
272,0.0,0.09306930693069305,0.12448501897427097,1.0,-0.0,0,0
273,0.0,0.11881188118811879,0.1467218499235066,1.0,-0.0,0,0
274,0.2,0.1504950495049505,0.16266576457752754,0.3804361891312648,0.4197181773485586,0,0
275,0.2,0.1504950495049505,0.16266576457752754,0.3804361891312648,0.4197181773485586,0,0
276,0.2,0.07722772277227724,0.122580495370631,0.15827697765574333,0.80058225130445,0,0
277,0.2,0.07722772277227724,0.122580495370631,0.15827697765574333,0.80058225130445,0,0
278,0.2,0.06732673267326733,0.1135467024699521,0.12131331785204298,0.9160915193958917,0,0
279,0.0,0.03762376237623763,0.07816140339006158,1.0,-0.0,0,0
280,0.0,0.09900990099009899,0.13679141417164786,1.0,-0.0,0,0
281,0.0,0.13267326732673265,0.15486110729518537,1.0,-0.0,0,0
282,0.0,0.20792079207920788,0.1927822186435128,1.0,-0.0,0,0
283,0.0,0.40594059405940597,0.25400622982077803,1.0,-0.0,0,0
284,0.0,0.42376237623762375,0.2674220585447911,1.0,-0.0,0,0
285,0.0,0.36237623762376225,0.2528457774180177,1.0,-0.0,0,0
286,0.0,0.30693069306930687,0.2330416296225707,1.0,-0.0,0,0
287,0.0,0.25940594059405936,0.19405940594059407,1.0,-0.0,0,0
288,0.0,0.04554455445544556,0.08846854615322249,1.0,-0.0,0,0
289,0.0,0.02772277227722773,0.06910862719451544,1.0,-0.0,0,0
290,0.0,0.04356435643564357,0.0916470215081674,1.0,-0.0,0,0
291,0.0,0.04356435643564357,0.0916470215081674,1.0,-0.0,0,0
292,0.0,0.015841584158415842,0.054012600780142014,1.0,-0.0,0,0
293,0.0,0.05544554455445546,0.10943169805661863,1.0,-0.0,0,0
294,0.0,0.08514851485148513,0.12379009590564582,1.0,-0.0,0,0
295,0.0,0.07722772277227723,0.1124710639300034,1.0,-0.0,0,0
296,0.0,0.10495049504950493,0.1307830473343237,1.0,-0.0,0,0
297,0.0,0.10495049504950493,0.1307830473343237,1.0,-0.0,0,0
298,0.0,0.06534653465346535,0.09793475658517417,1.0,-0.0,0,0
299,0.0,0.03564356435643565,0.07653920035678292,1.0,-0.0,0,0
300,0.0,0.06930693069306931,0.11409790329416186,1.0,-0.0,0,0
301,0.0,0.06732673267326733,0.1135467024699521,1.0,-0.0,0,0
302,0.0,0.06732673267326733,0.1135467024699521,1.0,-0.0,0,0
303,0.0,0.06732673267326733,0.1135467024699521,1.0,-0.0,0,0
304,0.0,0.1306930693069307,0.15269368434579803,1.0,-0.0,0,0
305,0.0,0.0891089108910891,0.12420120222231065,1.0,-0.0,0,0
306,0.0,0.06336633663366337,0.10504385908811757,1.0,-0.0,0,0
307,0.0,0.09900990099009899,0.12145573247679727,1.0,-0.0,0,0
308,0.0,0.10891089108910887,0.12750384183766536,1.0,-0.0,0,0
309,0.0,0.0712871287128713,0.09983812012638045,1.0,-0.0,0,0
310,0.0,0.1089108910891089,0.12435895816322837,1.0,-0.0,0,0
311,0.0,0.1089108910891089,0.12435895816322837,1.0,-0.0,0,0
312,0.0,0.07326732673267328,0.10798889666879986,1.0,-0.0,0,0
313,0.0,0.10495049504950495,0.1307830473343237,1.0,-0.0,0,0
314,0.0,0.07920792079207921,0.11631029826208643,1.0,-0.0,0,0
315,0.0,0.04158415841584159,0.09039772047931348,1.0,-0.0,0,0
316,0.0,0.10297029702970298,0.14789308791950764,1.0,-0.0,0,0
317,0.0,0.10297029702970298,0.14789308791950764,1.0,-0.0,0,0
318,0.2,0.10693069306930691,0.15041686348382532,0.26804300189924807,0.5717955269061783,0,0
319,0.2,0.1386138613861386,0.18183350943760784,0.3678340913327437,0.43434802226606106,0,0
320,0.4,0.16435643564356434,0.1896239939782038,0.10699131414633208,0.9706514781225853,0,0
321,0.4,0.10099009900990098,0.15057319492752777,0.023527159087828237,1.6284305108591335,0,0
322,0.4,0.11881188118811879,0.15964866828313962,0.03909439256061733,1.407885530446162,0,0
323,0.2,0.07326732673267328,0.11509022642946844,0.13541366575877595,0.8683375050442039,0,0
324,0.2,0.041584158415841586,0.08590499787518362,0.03258561123651815,1.4869741281544258,0,0
325,0.0,0.017821782178217824,0.05698017651460656,1.0,-0.0,0,0
326,0.0,0.017821782178217824,0.05698017651460656,1.0,-0.0,0,0
327,0.0,0.0,0.0,1.0,-0.0,0,0
328,0.0,0.0,0.0,1.0,-0.0,0,0
329,0.0,0.0,0.0,1.0,-0.0,0,0
330,0.0,0.0,0.0,1.0,-0.0,0,0
331,0.0,0.0,0.0,1.0,-0.0,0,14
332,0.0,0.0,0.0,1.0,-0.0,0,0
333,0.0,0.08118811881188118,0.11999411807954947,1.0,-0.0,0,14
334,0.0,0.08118811881188118,0.11999411807954947,1.0,-0.0,0,0
335,0.0,0.1603960396039604,0.17353585980361697,1.0,-0.0,0,0
336,0.0,0.1603960396039604,0.17353585980361697,1.0,-0.0,0,0
337,0.0,0.1603960396039604,0.17353585980361697,1.0,-0.0,0,0
338,0.0,0.07722772277227723,0.12888031758632065,1.0,-0.0,0,0
339,0.0,0.07722772277227723,0.12888031758632065,1.0,-0.0,0,0
340,0.0,0.0,0.0,1.0,-0.0,0,0
341,0.0,0.0,0.0,1.0,-0.0,0,0
342,0.0,0.0,0.0,1.0,-0.0,0,0
343,0.0,0.0,0.0,1.0,-0.0,0,0
344,0.0,0.0,0.0,1.0,-0.0,0,0
345,0.0,0.0,0.0,1.0,-0.0,0,0
346,0.0,0.017821782178217824,0.05698017651460656,1.0,-0.0,0,0
347,0.0,0.017821782178217824,0.05698017651460656,1.0,-0.0,0,0
348,0.0,0.04554455445544555,0.08846854615322249,1.0,-0.0,0,0
349,0.0,0.04554455445544555,0.08846854615322249,1.0,-0.0,0,0
350,0.0,0.1584158415841584,0.15496235680407014,1.0,-0.0,0,0
351,0.0,0.14059405940594058,0.14224384155301362,1.0,-0.0,0,0
352,0.0,0.1485148514851485,0.14799910448360235,1.0,-0.0,0,0
353,0.0,0.1188118811881188,0.13549532985786933,1.0,-0.0,0,0
354,0.0,0.16633663366336632,0.17591471140208167,1.0,-0.0,0,0
355,0.0,0.05346534653465347,0.09704990696905226,1.0,-0.0,0,0
356,0.0,0.07722772277227724,0.11593886073904515,1.0,-0.0,0,0
