,foreground,bg_means,bg_stdev,pvals,minus_logs,regs,active
2,0.0,0.15643564356435644,0.15569444662458046,1.0,-0.0,0,0
3,0.0,0.04554455445544555,0.08387254884969257,1.0,-0.0,0,0
4,0.0,0.04554455445544555,0.08387254884969257,1.0,-0.0,0,0
5,0.0,0.04554455445544555,0.08387254884969257,1.0,-0.0,0,0
6,0.0,0.0,0.0,1.0,-0.0,0,0
7,0.0,0.0,0.0,1.0,-0.0,0,0
8,0.0,0.0,0.0,1.0,-0.0,0,0
9,0.0,0.0,0.0,1.0,-0.0,0,0
10,0.0,0.03564356435643565,0.07653920035678292,1.0,-0.0,0,0
11,0.0,0.03564356435643565,0.07653920035678292,1.0,-0.0,0,0
12,0.0,0.03564356435643565,0.07653920035678292,1.0,-0.0,0,0
13,0.0,0.03564356435643565,0.07653920035678292,1.0,-0.0,0,0
14,0.0,0.03564356435643565,0.07653920035678292,1.0,-0.0,0,35
15,0.0,0.0,0.0,1.0,-0.0,0,0
16,0.0,0.6930693069306929,0.32035173297535274,1.0,-0.0,0,0
17,0.0,0.6930693069306929,0.32035173297535274,1.0,-0.0,0,0
18,0.0,0.6930693069306929,0.32035173297535274,1.0,-0.0,0,0
19,0.0,0.7742574257425743,0.3431518052622765,1.0,-0.0,0,0
20,0.0,0.7742574257425743,0.3431518052622765,1.0,-0.0,0,0
21,0.2,0.1564356435643564,0.13960044936249164,0.37749571988487546,0.4230879681166958,0,0
22,0.4,0.18019801980198016,0.15544239134091375,0.07867487027874039,1.1041639644906707,0,0
23,0.4,0.18019801980198016,0.15544239134091375,0.07867487027874039,1.1041639644906707,0,0
24,0.6,0.10495049504950493,0.13078304733432372,7.677004369830197e-05,4.114808212188176,0,0
25,0.6,0.10495049504950493,0.13078304733432372,7.677004369830197e-05,4.114808212188176,0,0
26,0.4,0.02970297029702971,0.07112192077650681,9.621238793919095e-08,7.016769006265068,0,0
27,0.2,0.0059405940594059415,0.03395332316729158,5.469865928325192e-09,8.262023318511567,0,0
28,0.2,0.0059405940594059415,0.03395332316729158,5.469865928325192e-09,8.262023318511567,0,0
29,0.0,0.0,0.0,1.0,-0.0,0,0
30,0.0,0.0297029702970297,0.07112192077650681,1.0,-0.0,0,0
31,0.0,0.07920792079207921,0.10560230990870005,1.0,-0.0,0,0
32,0.0,0.07920792079207921,0.10560230990870005,1.0,-0.0,1,0
33,0.0,0.1425742574257426,0.15243666735776418,1.0,-0.0,0,0
34,0.0,0.1425742574257426,0.15243666735776418,1.0,-0.0,0,0
35,0.0,0.13861386138613863,0.16588812705842176,1.0,-0.0,0,0
36,0.0,0.10495049504950496,0.1277189346265117,1.0,-0.0,0,0
37,0.0,0.10495049504950496,0.1277189346265117,1.0,-0.0,0,0
38,0.4,0.8693069306930692,0.40240430244373976,1.0,-0.0,0,0
39,0.4,0.8693069306930692,0.40240430244373976,1.0,-0.0,0,0
40,0.4,0.8415841584158416,0.4003135718266971,1.0,-0.0,0,0
41,0.4,0.8257425742574257,0.39568300777627297,1.0,-0.0,0,0
42,0.4,0.8257425742574257,0.39568300777627297,1.0,-0.0,0,0
43,0.0,0.0,0.0,1.0,-0.0,0,0
44,0.0,0.015841584158415842,0.05401260078014202,1.0,-0.0,0,0
45,0.0,0.015841584158415842,0.05401260078014202,1.0,-0.0,0,0
46,0.0,0.015841584158415842,0.05401260078014202,1.0,-0.0,0,0
47,0.0,0.049504950495049514,0.09504950495049506,1.0,-0.0,0,0
48,0.0,0.049504950495049514,0.09504950495049506,1.0,-0.0,0,0
49,0.0,0.033663366336633666,0.07482947971362847,1.0,-0.0,0,0
50,0.0,0.033663366336633666,0.07482947971362847,1.0,-0.0,0,0
51,0.0,0.06534653465346536,0.10189845806153355,1.0,-0.0,0,0
52,0.0,0.031683168316831684,0.0730260947112308,1.0,-0.0,0,0
53,0.0,0.031683168316831684,0.0730260947112308,1.0,-0.0,0,0
54,0.0,0.031683168316831684,0.0730260947112308,1.0,-0.0,0,0
55,0.0,0.031683168316831684,0.0730260947112308,1.0,-0.0,0,0
56,0.0,0.025742574257425748,0.0669763743575753,1.0,-0.0,0,0
57,0.0,0.025742574257425748,0.0669763743575753,1.0,-0.0,0,0
58,0.0,0.025742574257425748,0.0669763743575753,1.0,-0.0,0,0
59,0.0,0.025742574257425748,0.0669763743575753,1.0,-0.0,0,0
60,0.0,0.025742574257425748,0.0669763743575753,1.0,-0.0,0,0
61,0.0,0.0,0.0,1.0,-0.0,0,0
62,0.0,0.0,0.0,1.0,-0.0,0,0
63,0.0,0.019801980198019802,0.059735061897023205,1.0,-0.0,0,0
64,0.0,0.019801980198019802,0.059735061897023205,1.0,-0.0,0,0
65,0.0,0.019801980198019802,0.059735061897023205,1.0,-0.0,0,0
66,0.0,0.019801980198019802,0.059735061897023205,1.0,-0.0,0,0
67,0.0,0.019801980198019802,0.059735061897023205,1.0,-0.0,0,0
68,0.0,0.0,0.0,1.0,-0.0,0,0
69,0.0,0.0910891089108911,0.12750384183766536,1.0,-0.0,0,0
70,0.0,0.10495049504950495,0.1395723579145037,1.0,-0.0,0,0
71,0.0,0.10495049504950495,0.1395723579145037,1.0,-0.0,0,0
72,0.0,0.13267326732673268,0.16477341831853246,1.0,-0.0,0,0
73,0.0,0.16831683168316833,0.17962044309621494,1.0,-0.0,0,0
74,0.0,0.07524752475247524,0.12219602867755656,1.0,-0.0,0,0
75,0.0,0.061386138613861385,0.10046456153636296,1.0,-0.0,0,0
76,0.0,0.061386138613861385,0.10046456153636296,1.0,-0.0,0,0
77,0.0,0.033663366336633666,0.07482947971362845,1.0,-0.0,0,0
78,0.0,0.0,0.0,1.0,-0.0,0,0
79,0.0,0.14455445544554454,0.12305938961021266,1.0,-0.0,0,0
80,0.0,0.20198019801980197,0.15023427119517357,1.0,-0.0,0,0
81,0.4,1.1326732673267326,0.396296946093941,1.0,-0.0,0,0
82,0.4,1.1326732673267326,0.396296946093941,1.0,-0.0,0,0
83,0.4,1.1326732673267326,0.396296946093941,1.0,-0.0,0,0
84,0.4,1.3089108910891092,0.4346613590027265,1.0,-0.0,0,0
85,0.4,1.2495049504950497,0.4244096102849526,1.0,-0.0,0,0
86,0.0,0.3188118811881188,0.2535736154900559,1.0,-0.0,0,0
87,0.0,0.3188118811881188,0.2535736154900559,1.0,-0.0,0,0
88,0.0,0.3188118811881188,0.2535736154900559,1.0,-0.0,0,0
89,0.0,0.07524752475247526,0.10845991237726066,1.0,-0.0,0,0
90,0.0,0.09900990099009901,0.1308729634998678,1.0,-0.0,0,0
91,0.0,0.09900990099009901,0.1308729634998678,1.0,-0.0,0,0
92,0.2,0.24554455445544554,0.2065869521702175,1.0,-0.0,0,0
93,0.2,0.24554455445544554,0.2065869521702175,1.0,-0.0,0,0
94,0.2,0.17029702970297028,0.17436990069505995,0.43236957057761016,0.3641448785375444,0,0
95,0.4,0.27920792079207923,0.2235256787176184,0.29446245092959566,0.5309700774261776,0,0
96,0.4,0.3504950495049505,0.2554839176028707,0.42317824694224326,0.373476664875888,0,0
97,0.4,0.36435643564356446,0.2690592920837381,0.4473043939878624,0.34939683561829005,0,0
98,0.6,0.4217821782178219,0.2756105590800967,0.25893599340701345,0.5868075762489621,0,0
99,0.6,0.4217821782178219,0.2756105590800967,0.25893599340701345,0.5868075762489621,0,0
100,0.4,0.2871287128712871,0.19983328018285723,0.2860956265974818,0.5434887809892075,0,0
101,0.4,0.2178217821782178,0.17142156917092394,0.14394774232768826,0.8417951421948323,0,0
102,0.2,0.05544554455445545,0.09797478714338996,0.07004915208881982,1.1545971172715026,0,0
103,0.0,0.0,0.0,1.0,-0.0,0,0
104,0.0,0.011881188118811881,0.047276579747775535,1.0,-0.0,0,0
105,0.2,0.11881188118811883,0.1439972987144384,0.28643935507266016,0.5429673127723915,0,0
106,0.2,0.11881188118811883,0.1439972987144384,0.28643935507266016,0.5429673127723915,0,0
107,0.4,0.2514851485148515,0.17944571499737333,0.2039397296928399,0.6904981606584112,0,0
108,0.4,0.2514851485148515,0.17944571499737333,0.2039397296928399,0.6904981606584112,0,0
109,0.4,0.2396039603960396,0.18025241263723205,0.18677555577134508,0.7286799626255848,0,0
110,0.2,0.13267326732673265,0.12673267326732673,0.2976227743664078,0.5263338392443568,0,0
111,0.2,0.13267326732673265,0.12673267326732673,0.2976227743664078,0.5263338392443568,0,0
112,0.0,0.0,0.0,1.0,-0.0,0,0
113,0.0,0.0,0.0,1.0,-0.0,0,0
114,0.0,0.0,0.0,1.0,-0.0,0,0
115,0.0,0.0,0.0,1.0,-0.0,0,0
116,0.0,0.0,0.0,1.0,-0.0,0,0
117,0.0,0.0,0.0,1.0,-0.0,0,0
118,0.0,0.0,0.0,1.0,-0.0,0,0
119,0.0,0.0,0.0,1.0,-0.0,0,0
120,0.0,0.0,0.0,1.0,-0.0,0,0
121,0.0,0.0,0.0,1.0,-0.0,0,0
122,0.0,0.0,0.0,1.0,-0.0,0,0
123,0.0,0.0,0.0,1.0,-0.0,0,0
124,0.0,0.0,0.0,1.0,-0.0,0,0
125,0.0,0.0,0.0,1.0,-0.0,0,1
126,0.0,0.0,0.0,1.0,-0.0,0,0
127,0.0,0.0,0.0,1.0,-0.0,0,0
128,0.0,0.0,0.0,1.0,-0.0,0,0
129,0.2,0.4910891089108911,0.31025349262073487,1.0,-0.0,0,0
130,0.2,0.4910891089108911,0.31025349262073487,1.0,-0.0,0,0
131,0.2,0.4910891089108911,0.31025349262073487,1.0,-0.0,0,0
132,0.2,0.4910891089108911,0.31025349262073487,1.0,-0.0,0,0
133,0.2,0.4910891089108911,0.31025349262073487,1.0,-0.0,0,0
134,0.0,0.0,0.0,1.0,-0.0,0,0
135,0.0,0.0,0.0,1.0,-0.0,0,0
136,0.0,0.023762376237623766,0.06471340450838887,1.0,-0.0,0,34
137,0.4,0.20396039603960395,0.16162589249435141,0.11257981799535906,0.9485394577869832,0,0
138,0.4,0.20396039603960395,0.16162589249435141,0.11257981799535906,0.9485394577869832,0,0
139,0.8,0.2891089108910891,0.1918647368521081,0.0038750529137425043,2.4117223628378026,1,0
140,0.8,0.2891089108910891,0.1918647368521081,0.0038750529137425043,2.4117223628378026,0,0
141,0.8,0.297029702970297,0.20798678820595456,0.007797035355243784,2.108070496489538,0,0
142,0.4,0.11683168316831682,0.14696218071508493,0.027001606595058104,1.5686103945591476,0,0
143,0.4,0.11683168316831682,0.14696218071508493,0.027001606595058104,1.5686103945591476,0,0
144,0.2,0.11485148514851483,0.13304219431477882,0.26108260912291403,0.5832220558426834,0,0
145,0.2,0.14257425742574253,0.13883998529075728,0.33957951482085613,0.46905851650995145,0,0
146,0.2,0.19207920792079206,0.17782134115361303,0.4822355731220383,0.3167407561303413,0,0
147,0.2,0.19207920792079206,0.17782134115361303,0.4822355731220383,0.3167407561303413,0,0
148,0.2,0.25544554455445545,0.20512022435768015,1.0,-0.0,0,0
149,0.0,0.1861386138613861,0.16711275790766053,1.0,-0.0,0,0
150,0.0,0.1603960396039604,0.14897618117864575,1.0,-0.0,0,0
151,0.0,0.07722772277227723,0.11930590361498669,1.0,-0.0,0,0
152,0.0,0.12079207920792079,0.14094225464771679,1.0,-0.0,0,0
153,0.0,0.09306930693069307,0.12762679639066948,1.0,-0.0,0,0
154,0.0,0.10891089108910891,0.12750384183766533,1.0,-0.0,0,0
155,0.0,0.10891089108910891,0.12750384183766533,1.0,-0.0,0,0
156,0.0,0.10891089108910891,0.12750384183766533,1.0,-0.0,0,0
157,0.0,0.06534653465346535,0.10189845806153354,1.0,-0.0,0,0
158,0.0,0.06732673267326733,0.10634234916512914,1.0,-0.0,0,0
159,0.0,0.0712871287128713,0.09983812012638045,1.0,-0.0,0,0
160,0.0,0.11881188118811879,0.12642288870900886,1.0,-0.0,0,0
161,0.0,0.13861386138613857,0.15088537189345533,1.0,-0.0,0,0
162,0.0,0.1762376237623762,0.15230799622201516,1.0,-0.0,0,0
163,3.2,0.8217821782178217,0.37957870350907674,1.8591778637384629e-10,9.730679060176955,0,0
164,3.4,0.8316831683168316,0.36988911720085127,1.9128253014550193e-12,11.718324692324305,0,0
165,3.4,0.8118811881188119,0.3667591889992943,8.523713428120183e-13,12.069371159929,1,0
166,3.6,0.8297029702970296,0.38422985964222284,2.797707662589518e-13,12.553197667670196,0,0
167,3.6,0.7920792079207919,0.35479269314945583,1.2536634414159863e-15,14.901819038588176,0,0
168,0.4,0.13861386138613863,0.14554118673277588,0.03625044550105118,1.4406866517837649,0,0
169,0.4,0.1089108910891089,0.13650445892763632,0.016484882575862243,1.7829141420505037,0,0
170,0.6,0.10891089108910891,0.1335716590419014,0.0001181831816458244,3.927444322423494,0,0
171,0.4,0.0712871287128713,0.11801714396634724,0.0026739305247560365,2.572849880958499,0,0
172,0.4,0.0712871287128713,0.11801714396634724,0.0026739305247560365,2.572849880958499,0,0
173,0.4,0.2574257425742575,0.21310831841325162,0.25174056643316267,0.5990467949462782,0,0
174,0.4,0.5782178217821784,0.3016797726512975,1.0,-0.0,0,0
175,2.2,1.1386138613861385,0.4171972245405015,0.005478185708832062,2.261363249381447,0,0
176,2.2,1.1386138613861385,0.4171972245405015,0.005478185708832062,2.261363249381447,0,0
177,3.0,1.3544554455445543,0.4554455445544555,0.0001513119679415658,3.8201267203216567,0,0
178,4.0,1.7940594059405939,0.5085062150341527,7.1866450480488635e-06,5.143473804632681,0,0
179,3.8,1.4574257425742578,0.4363091225569651,3.95718307839051e-08,7.402613856710098,0,0
180,1.8,0.9227722772277228,0.3733395418233563,0.009394827872784258,2.0271111724112236,0,0
181,1.8,0.9227722772277228,0.3733395418233563,0.009394827872784258,2.0271111724112236,0,0
182,1.0,0.7039603960396039,0.32393642943132295,0.18038948160015023,0.7437887895002393,0,0
183,0.0,0.04950495049504951,0.09912864166957489,1.0,-0.0,0,0
184,0.0,0.04950495049504951,0.09912864166957489,1.0,-0.0,0,0
185,0.0,0.025742574257425745,0.0669763743575753,1.0,-0.0,0,0
186,0.2,0.12277227722772274,0.13191745702927898,0.2791311303144557,0.5541917257834535,0,0
187,0.2,0.12277227722772274,0.13191745702927898,0.2791311303144557,0.5541917257834535,0,0
188,0.2,0.12277227722772274,0.13191745702927898,0.2791311303144557,0.5541917257834535,0,0
189,0.2,0.12277227722772274,0.13191745702927898,0.2791311303144557,0.5541917257834535,0,0
190,0.2,0.09504950495049502,0.1213588391765906,0.19357570836574056,0.7131491428159775,0,0
191,0.2,0.08118811881188118,0.10964648079134362,0.13927321001496756,0.8561324145279547,0,0
192,0.2,0.08118811881188118,0.10964648079134362,0.13927321001496756,0.8561324145279547,0,0
193,0.2,0.08118811881188118,0.10964648079134362,0.13927321001496756,0.8561324145279547,0,0
194,0.2,0.08118811881188118,0.10964648079134362,0.13927321001496756,0.8561324145279547,0,0
195,0.2,0.08118811881188118,0.10964648079134362,0.13927321001496756,0.8561324145279547,0,0
196,0.0,0.0,0.0,1.0,-0.0,0,0
197,0.0,0.0,0.0,1.0,-0.0,0,0
198,0.0,0.2554455445544554,0.19924374222741015,1.0,-0.0,0,0
199,0.0,0.2554455445544554,0.19924374222741015,1.0,-0.0,0,0
200,0.0,0.2554455445544554,0.19924374222741015,1.0,-0.0,0,0
201,0.0,0.2554455445544554,0.19924374222741015,1.0,-0.0,0,0
202,0.0,0.2554455445544554,0.19924374222741015,1.0,-0.0,0,0
203,0.0,0.0,0.0,1.0,-0.0,0,0
204,0.0,0.015841584158415842,0.05401260078014202,1.0,-0.0,0,0
205,0.0,0.015841584158415842,0.05401260078014202,1.0,-0.0,0,0
206,0.0,0.015841584158415842,0.05401260078014202,1.0,-0.0,0,0
207,0.0,0.015841584158415842,0.05401260078014202,1.0,-0.0,0,0
208,0.0,0.015841584158415842,0.05401260078014202,1.0,-0.0,0,0
209,0.0,0.05346534653465347,0.08851285797476045,1.0,-0.0,0,0
210,0.0,0.1297029702970297,0.14456801780945724,1.0,-0.0,0,0
211,0.0,0.1297029702970297,0.14456801780945724,1.0,-0.0,0,0
212,0.2,0.2118811881188119,0.20838232603685222,1.0,-0.0,0,0
213,0.2,0.2118811881188119,0.20838232603685222,1.0,-0.0,0,0
214,0.2,0.15841584158415842,0.17647108799335676,0.40685489180701007,0.3905604579109161,0,0
215,0.2,0.14455445544554454,0.1826511296253498,0.380731632315135,0.41938103921082054,0,0
216,0.2,0.14455445544554454,0.1826511296253498,0.380731632315135,0.41938103921082054,0,0
217,0.0,0.06336633663366337,0.1158034971660471,1.0,-0.0,0,0
218,0.0,0.06336633663366337,0.1158034971660471,1.0,-0.0,0,0
219,0.0,0.08118811881188118,0.12325042629382527,1.0,-0.0,0,0
220,0.0,0.16435643564356434,0.1766487584013007,1.0,-0.0,0,0
221,0.0,0.16435643564356434,0.1766487584013007,1.0,-0.0,0,0
222,0.0,0.16435643564356434,0.1766487584013007,1.0,-0.0,0,0
223,0.0,0.16435643564356434,0.1766487584013007,1.0,-0.0,0,0
224,0.0,0.19009900990099005,0.18958263199843847,1.0,-0.0,0,0
225,0.0,0.04356435643564357,0.08721867542790195,1.0,-0.0,0,0
226,0.0,0.04356435643564357,0.08721867542790195,1.0,-0.0,0,0
227,0.0,0.04356435643564357,0.08721867542790195,1.0,-0.0,0,0
228,0.0,0.04356435643564357,0.08721867542790195,1.0,-0.0,0,0
229,0.0,0.0,0.0,1.0,-0.0,0,0
230,0.0,0.0,0.0,1.0,-0.0,0,0
231,0.0,0.0,0.0,1.0,-0.0,0,0
232,0.0,0.0,0.0,1.0,-0.0,0,0
233,0.0,0.0,0.0,1.0,-0.0,0,10
234,0.0,0.0,0.0,1.0,-0.0,0,0
235,0.0,0.0,0.0,1.0,-0.0,0,0
236,0.0,0.0,0.0,1.0,-0.0,0,0
237,0.0,0.31287128712871287,0.2427822910731739,1.0,-0.0,0,0
238,0.0,0.31287128712871287,0.2427822910731739,1.0,-0.0,0,0
239,0.0,0.31287128712871287,0.2427822910731739,1.0,-0.0,0,0
240,0.0,0.3257425742574258,0.2527682244985423,1.0,-0.0,0,0
241,0.0,0.3257425742574258,0.2527682244985423,1.0,-0.0,0,0
242,0.0,0.041584158415841586,0.08590499787518362,1.0,-0.0,0,0
243,0.0,0.041584158415841586,0.08590499787518362,1.0,-0.0,0,0
244,0.0,0.057425742574257435,0.09885135821266286,1.0,-0.0,0,0
245,0.0,0.04554455445544555,0.08387254884969257,1.0,-0.0,0,0
246,0.0,0.04554455445544555,0.08387254884969257,1.0,-0.0,0,0
247,0.0,0.03564356435643565,0.07653920035678292,1.0,-0.0,0,0
248,0.0,0.03564356435643565,0.07653920035678292,1.0,-0.0,0,0
249,0.0,0.21782178217821782,0.1972062495766079,1.0,-0.0,0,0
250,0.0,0.21782178217821782,0.1972062495766079,1.0,-0.0,0,0
251,0.0,0.23960396039603957,0.1950268871642793,1.0,-0.0,0,0
252,0.0,0.21980198019801975,0.18348647776016433,1.0,-0.0,0,0
253,0.0,0.22772277227722773,0.1846156359731749,1.0,-0.0,0,0
254,0.0,0.05346534653465347,0.10489443673781407,1.0,-0.0,0,0
255,0.0,0.05346534653465347,0.10489443673781407,1.0,-0.0,0,0
256,0.0,0.031683168316831684,0.0730260947112308,1.0,-0.0,0,0
257,0.0,0.06534653465346535,0.10189845806153354,1.0,-0.0,0,0
258,0.0,0.057425742574257435,0.09885135821266286,1.0,-0.0,0,0
259,0.0,0.033663366336633666,0.07994704648786674,1.0,-0.0,0,0
260,0.0,0.033663366336633666,0.07994704648786674,1.0,-0.0,0,0
261,0.0,0.033663366336633666,0.07994704648786674,1.0,-0.0,0,0
262,0.0,0.0,0.0,1.0,-0.0,0,0
263,0.0,0.0,0.0,1.0,-0.0,0,0
264,0.0,0.0,0.0,1.0,-0.0,0,0
265,0.0,0.0,0.0,1.0,-0.0,0,0
266,0.0,0.0,0.0,1.0,-0.0,0,0
267,0.0,0.0,0.0,1.0,-0.0,0,0
268,0.0,0.0,0.0,1.0,-0.0,0,0
269,0.0,0.0,0.0,1.0,-0.0,0,0
270,0.0,0.0,0.0,1.0,-0.0,0,0
271,0.0,0.0,0.0,1.0,-0.0,0,0
272,0.0,0.0,0.0,1.0,-0.0,0,0
273,0.0,0.031683168316831684,0.0730260947112308,1.0,-0.0,0,0
274,0.0,0.031683168316831684,0.0730260947112308,1.0,-0.0,0,0
275,0.0,0.03960396039603961,0.07970143286137865,1.0,-0.0,0,0
276,0.0,0.049504950495049514,0.08631483056516186,1.0,-0.0,0,0
277,0.0,0.049504950495049514,0.08631483056516186,1.0,-0.0,0,0
278,0.0,0.13663366336633662,0.1405243168254271,1.0,-0.0,0,0
279,0.0,0.16237623762376235,0.1584900816139702,1.0,-0.0,0,0
280,0.0,0.15445544554455443,0.15891011998209012,1.0,-0.0,0,0
281,0.2,0.16039603960396043,0.1665486626005091,0.4060211634222929,0.39145132869380056,0,0
282,0.2,0.16039603960396043,0.1665486626005091,0.4060211634222929,0.39145132869380056,0,0
283,0.2,0.05544554455445544,0.10575073206193021,0.0858227237563678,1.0663977063776964,0,0
284,0.2,0.0297029702970297,0.07112192077650681,0.008322928729312118,2.079723824290396,0,0
285,0.2,0.0297029702970297,0.07112192077650681,0.008322928729312118,2.079723824290396,0,0
286,0.0,0.039603960396039604,0.08452453849668534,1.0,-0.0,0,0
287,0.0,0.039603960396039604,0.08452453849668534,1.0,-0.0,0,0
288,0.0,0.09108910891089109,0.12113245340338318,1.0,-0.0,0,0
289,0.0,0.09108910891089109,0.12113245340338318,1.0,-0.0,0,0
290,0.0,0.09108910891089109,0.12113245340338318,1.0,-0.0,0,0
291,0.0,0.06534653465346535,0.10571364605971598,1.0,-0.0,0,0
